   5.9990000e+06   0.0000000e+00
   2.0239000e+04   3.0639648e+01
   2.0440000e+04   3.3752441e+01
   6.4047000e+04   2.8564453e+01
   6.9558000e+04   3.2165527e+01
   8.2340000e+04   3.2104492e+01
   9.4592000e+04   2.9541016e+01
   9.4906000e+04   3.0090332e+01
   9.5055000e+04   2.8930664e+01
   1.0775700e+05   3.0029297e+01
   1.1226200e+05   3.1188965e+01
   1.1251600e+05   2.7099609e+01
   1.1274400e+05   2.7648926e+01
   1.4338300e+05   3.5583496e+01
   1.4358300e+05   3.3569336e+01
   1.4382600e+05   2.9724121e+01
   1.6310500e+05   2.9174805e+01
   1.6414600e+05   2.6916504e+01
   1.6428600e+05   3.2348633e+01
   1.6448800e+05   3.0639648e+01
   1.6503000e+05   2.8381348e+01
   1.7934500e+05   2.8564453e+01
   1.7947100e+05   3.5095215e+01
   1.8053100e+05   2.9296875e+01
   2.1617500e+05   3.8513184e+01
   2.1649300e+05   2.9113770e+01
   2.1664600e+05   3.1860352e+01
   2.4538300e+05   3.4301758e+01
   2.4555500e+05   3.2958984e+01
   2.6113100e+05   3.7414551e+01
   2.7748500e+05   2.9907227e+01
   2.8029000e+05   3.2470703e+01
   2.9829900e+05   2.9479980e+01
   3.2465200e+05   3.0700684e+01
   3.2486300e+05   3.3630371e+01
   3.2734100e+05   3.0883789e+01
   3.3404200e+05   3.3508301e+01
   3.3439300e+05   3.5278320e+01
   3.3460400e+05   3.0212402e+01
   3.3504100e+05   1.5563965e+01
   3.3507500e+05   2.4780273e+01
   3.3510400e+05   2.4963379e+01
   3.3514900e+05   1.5258789e+01
   3.3516800e+05   2.7893066e+01
   3.3519500e+05   2.1240234e+01
   3.3521000e+05   1.4892578e+01
   3.3526900e+05   2.0629883e+01
   3.3531700e+05   1.5869141e+01
   3.3536800e+05   1.8554688e+01
   3.4815900e+05   1.5747070e+01
   4.2418100e+05   1.6235352e+01
   4.2705000e+05   1.6357422e+01
   4.2707800e+05   3.0822754e+01
   4.2710300e+05   3.8146973e+01
   4.2712900e+05   2.1118164e+01
   4.2714200e+05   1.5502930e+01
   4.2717800e+05   2.7343750e+01
   4.2722600e+05   1.6418457e+01
   4.2725100e+05   2.7648926e+01
   4.2732400e+05   2.5878906e+01
   4.2740100e+05   2.4230957e+01
   5.3268700e+05   3.2409668e+01
   5.3298800e+05   3.0273438e+01
   5.3310000e+05   2.8137207e+01
   5.4469200e+05   3.9489746e+01
   5.4493700e+05   3.3142090e+01
   5.7187000e+05   3.3569336e+01
   5.7201700e+05   3.2043457e+01
   5.7217300e+05   3.1005859e+01
   5.8242000e+05   3.6499023e+01
   5.8923200e+05   3.2958984e+01
   5.8934300e+05   2.9968262e+01
   6.0412800e+05   3.2653809e+01
   6.3945500e+05   3.6804199e+01
   6.3957600e+05   3.6621094e+01
   6.4030400e+05   3.6621094e+01
   6.7189300e+05   3.3569336e+01
   6.7196200e+05   2.5817871e+01
   6.7672500e+05   2.6306152e+01
   6.7680500e+05   3.2531738e+01
   6.7690200e+05   4.4433594e+01
   6.7707900e+05   1.8005371e+01
   7.3801900e+05   3.4118652e+01
   7.3831100e+05   3.4057617e+01
   7.3841000e+05   2.6977539e+01
   7.3855500e+05   2.8930664e+01
   7.6755500e+05   3.3935547e+01
   7.6771300e+05   3.4545898e+01
   7.8678200e+05   3.6254883e+01
   8.0319700e+05   3.4301758e+01
   8.0331900e+05   3.5583496e+01
   8.0349100e+05   2.7160645e+01
   8.0604000e+05   2.4658203e+01
   8.3114100e+05   3.2592773e+01
   8.4790000e+05   2.9052734e+01
   8.4806800e+05   3.3142090e+01
   8.4820900e+05   3.0639648e+01
   8.8655500e+05   3.6560059e+01
   8.8684800e+05   3.5949707e+01
   8.9038900e+05   3.2348633e+01
   9.1609000e+05   3.1616211e+01
   9.2059800e+05   3.5949707e+01
   9.3494000e+05   3.3874512e+01
   9.3536800e+05   3.3813477e+01
   9.3559400e+05   3.1066895e+01
   9.6897200e+05   3.6499023e+01
   9.6958800e+05   3.0578613e+01
   9.6970100e+05   3.0395508e+01
   9.7174600e+05   3.4057617e+01
   9.9726500e+05   1.5625000e+01
   9.9760400e+05   2.4353027e+01
   9.9762000e+05   3.7597656e+01
   9.9814900e+05   3.4545898e+01
   1.0334950e+06   2.7282715e+01
   1.0340990e+06   3.1433105e+01
   1.0342330e+06   3.2348633e+01
   1.0635330e+06   2.9663086e+01
   1.0691400e+06   3.3691406e+01
   1.0936270e+06   3.5949707e+01
   1.1116540e+06   3.6254883e+01
   1.1127360e+06   3.3752441e+01
   1.1128950e+06   3.0944824e+01
   1.1129920e+06   2.5939941e+01
   1.1570970e+06   2.0263672e+01
   1.1571350e+06   3.2836914e+01
   1.1572680e+06   1.7333984e+01
   1.1574780e+06   3.1738281e+01
   1.2101450e+06   3.7170410e+01
   1.2102120e+06   2.7709961e+01
   1.2416330e+06   2.9113770e+01
   1.2417330e+06   3.0761719e+01
   1.2439800e+06   3.2409668e+01
   1.2443030e+06   3.3020020e+01
   1.3356090e+06   3.2348633e+01
   1.3357080e+06   3.2714844e+01
   1.3358840e+06   3.3081055e+01
   1.3586990e+06   3.8574219e+01
   1.3726990e+06   3.2897949e+01
   1.3727870e+06   3.3264160e+01
   1.4178030e+06   3.7780762e+01
   1.4178840e+06   2.6428223e+01
   1.4213770e+06   3.1005859e+01
   1.4450550e+06   3.4851074e+01
   1.4451960e+06   2.8930664e+01
   1.5697760e+06   3.2592773e+01
   1.5699300e+06   1.4770508e+01
   1.5699490e+06   2.7526855e+01
   1.5699760e+06   5.7556152e+01
   1.5699970e+06   2.3620605e+01
   1.5700120e+06   2.0446777e+01
   1.5700480e+06   3.3996582e+01
   1.5700880e+06   2.3010254e+01
   1.5701050e+06   1.5991211e+01
   1.5701240e+06   3.5583496e+01
   1.5701340e+06   1.5869141e+01
   1.5701790e+06   1.8859863e+01
   1.5701960e+06   2.9541016e+01
   1.5703470e+06   1.5686035e+01
   1.5704850e+06   1.5136719e+01
   1.5707940e+06   1.6723633e+01
   1.5830880e+06   4.0649414e+01
   1.5833120e+06   1.9836426e+01
   1.5833410e+06   1.6235352e+01
   1.5833800e+06   2.9968262e+01
   1.5833940e+06   2.5268555e+01
   1.5834190e+06   2.3132324e+01
   1.5834330e+06   1.6906738e+01
   1.5834640e+06   1.6967773e+01
   1.5834880e+06   3.0151367e+01
   1.5835070e+06   1.6174316e+01
   1.5835290e+06   1.8005371e+01
   1.5835540e+06   1.9470215e+01
   1.5836030e+06   1.5014648e+01
   1.5836900e+06   2.0080566e+01
   1.5837700e+06   1.8310547e+01
   1.5838490e+06   1.7578125e+01
   1.5839650e+06   1.9042969e+01
   1.5841000e+06   2.4719238e+01
   1.5842530e+06   1.8005371e+01
   1.5843630e+06   2.1972656e+01
   1.5846050e+06   1.5563965e+01
   1.5847260e+06   1.5136719e+01
   1.5848550e+06   1.4892578e+01
   1.5849920e+06   1.8493652e+01
   1.5851620e+06   1.8188477e+01
   1.5995490e+06   1.8005371e+01
   1.5995900e+06   1.6418457e+01
   1.5996080e+06   1.6357422e+01
   1.5996220e+06   4.0893555e+01
   1.5996760e+06   1.7822266e+01
   1.5997030e+06   3.5156250e+01
   1.5997200e+06   1.5991211e+01
   1.5997600e+06   2.8015137e+01
   1.5997700e+06   2.0202637e+01
   1.5998230e+06   2.7832031e+01
   1.6000770e+06   1.4892578e+01
   1.6001620e+06   1.8371582e+01
   1.6002940e+06   1.8981934e+01
   1.6004680e+06   1.9104004e+01
   1.6006170e+06   2.2033691e+01
   1.6006500e+06   1.5563965e+01
   1.6007540e+06   1.7395020e+01
   1.6008620e+06   2.1850586e+01
   1.6009010e+06   1.7822266e+01
   1.6009870e+06   1.5930176e+01
   1.6010430e+06   1.7944336e+01
   1.6011080e+06   1.5441895e+01
   1.6013170e+06   1.8798828e+01
   1.6014310e+06   1.6479492e+01
   1.6018710e+06   1.5563965e+01
   1.6020320e+06   2.3010254e+01
   1.6022850e+06   1.9836426e+01
   1.6026560e+06   2.1850586e+01
   1.6028630e+06   1.5441895e+01
   1.6030790e+06   2.1850586e+01
   1.6032860e+06   1.6723633e+01
   1.6035160e+06   1.9409180e+01
   1.6038030e+06   2.0812988e+01
   1.6041660e+06   1.7150879e+01
   1.7166230e+06   4.1809082e+01
   1.7166550e+06   2.6733398e+01
   1.7166670e+06   2.5024414e+01
   1.7167060e+06   3.0578613e+01
   1.7167600e+06   1.7700195e+01
   1.7167770e+06   2.4047852e+01
   1.7168020e+06   1.7517090e+01
   1.7168450e+06   1.7089844e+01
   1.7169140e+06   2.3010254e+01
   1.7170090e+06   2.8808594e+01
   1.7176380e+06   1.5991211e+01
   1.8091680e+06   3.1250000e+01
   1.8523270e+06   3.2531738e+01
   1.8524500e+06   2.9663086e+01
   1.8525430e+06   3.3752441e+01
   1.8544310e+06   1.4953613e+01
   1.8544630e+06   2.4475098e+01
   1.8544910e+06   2.5878906e+01
   1.8545050e+06   1.6723633e+01
   1.8545540e+06   1.8432617e+01
   1.8545700e+06   3.7475586e+01
   1.8546490e+06   2.8930664e+01
   1.8547240e+06   2.4963379e+01
   1.8548010e+06   2.7709961e+01
   1.8548810e+06   2.5573730e+01
   1.8550860e+06   1.6113281e+01
   1.8552580e+06   1.5991211e+01
   1.9263210e+06   3.5217285e+01
   1.9264640e+06   3.4057617e+01
   1.9265780e+06   2.7770996e+01
   1.9266820e+06   2.6000977e+01
   1.9271650e+06   1.7211914e+01
   1.9272130e+06   1.7333984e+01
   1.9272230e+06   1.5258789e+01
   1.9272610e+06   2.2033691e+01
   1.9272730e+06   1.8432617e+01
   1.9273170e+06   2.8564453e+01
   1.9273380e+06   3.2287598e+01
   1.9273630e+06   2.1606445e+01
   1.9273900e+06   1.5747070e+01
   1.9274310e+06   2.7954102e+01
   1.9275050e+06   2.8015137e+01
   1.9277100e+06   3.3569336e+01
   1.9282060e+06   1.5930176e+01
   2.0197950e+06   3.5949707e+01
   2.0200420e+06   3.2897949e+01
   2.0201260e+06   2.6916504e+01
   2.0219270e+06   1.5441895e+01
   2.0219590e+06   2.6245117e+01
   2.0220020e+06   2.5268555e+01
   2.0220330e+06   3.6865234e+01
   2.0220530e+06   2.4353027e+01
   2.0220750e+06   1.5197754e+01
   2.0221330e+06   2.3132324e+01
   2.0222120e+06   3.1127930e+01
   2.0222970e+06   3.6437988e+01
   2.0223810e+06   2.2949219e+01
   2.0224860e+06   2.9235840e+01
   2.0226320e+06   1.5625000e+01
   2.0230000e+06   1.6967773e+01
   2.0231260e+06   1.5441895e+01
   2.1105450e+06   3.9001465e+01
   2.1106140e+06   3.5827637e+01
   2.1107830e+06   2.6184082e+01
   2.1110880e+06   1.8249512e+01
   2.1111650e+06   2.2644043e+01
   2.1111820e+06   2.2155762e+01
   2.1112230e+06   3.2531738e+01
   2.1112750e+06   1.7639160e+01
   2.1113200e+06   1.6723633e+01
   2.1114180e+06   3.8879395e+01
   2.1118510e+06   1.8249512e+01
   2.1120970e+06   2.1301270e+01
   2.1579020e+06   3.6254883e+01
   2.1894970e+06   3.1494141e+01
   2.1897230e+06   3.0700684e+01
   2.1898600e+06   3.3386230e+01
   2.1912680e+06   3.6499023e+01
   2.1913420e+06   2.8503418e+01
   2.1915130e+06   2.7404785e+01
   2.2282800e+06   3.1188965e+01
   2.2288640e+06   3.3020020e+01
   2.2295960e+06   3.0151367e+01
   2.2945940e+06   2.9724121e+01
   2.2948370e+06   3.0944824e+01
   2.2950540e+06   2.6550293e+01
   2.2955960e+06   3.0334473e+01
   2.3317960e+06   3.1188965e+01
   2.3655170e+06   3.4179688e+01
   2.3656300e+06   2.7465820e+01
   2.3657540e+06   3.2287598e+01
   2.3831310e+06   2.2949219e+01
   2.3831470e+06   2.9785156e+01
   2.3832350e+06   2.2338867e+01
   2.3834600e+06   2.2521973e+01
   2.4675580e+06   3.3142090e+01
   2.4677020e+06   2.8747559e+01
   2.4678720e+06   3.0151367e+01
   2.4777870e+06   2.9357910e+01
   2.4778500e+06   2.9663086e+01
   2.4779340e+06   2.9052734e+01
   2.5152020e+06   1.9775391e+01
   2.5155150e+06   3.4484863e+01
   2.5481620e+06   3.5827637e+01
   2.5616720e+06   3.3996582e+01
   2.5618500e+06   3.0395508e+01
   2.5620790e+06   3.0029297e+01
   2.5622210e+06   2.6367188e+01
   2.6129890e+06   3.2958984e+01
   2.6133270e+06   3.2592773e+01
   2.6569770e+06   3.2836914e+01
   2.6571210e+06   3.0456543e+01
   2.6572230e+06   3.4118652e+01
   2.6622100e+06   3.2470703e+01
   2.7110490e+06   3.4667969e+01
   2.7112350e+06   3.2348633e+01
   2.7223410e+06   3.5644531e+01
   2.7298990e+06   2.8442383e+01
   2.7325200e+06   4.1198730e+01
   2.7325970e+06   2.3132324e+01
   2.7327510e+06   3.5644531e+01
   2.7844910e+06   3.0334473e+01
   2.8152520e+06   3.2348633e+01
   2.8153420e+06   2.6306152e+01
   2.8313780e+06   3.7475586e+01
   2.8679130e+06   3.3874512e+01
   2.8681400e+06   3.1066895e+01
   2.8682580e+06   3.0029297e+01
   2.9099220e+06   3.6499023e+01
   2.9100780e+06   3.7597656e+01
   2.9102600e+06   3.2165527e+01
   2.9390160e+06   3.2348633e+01
   2.9391210e+06   3.0700684e+01
   2.9795280e+06   3.1494141e+01
   2.9796260e+06   3.2348633e+01
   3.0188000e+06   3.5339355e+01
   3.0188960e+06   3.2714844e+01
   3.0190550e+06   3.2226562e+01
   3.0990520e+06   3.5583496e+01
   3.0992960e+06   3.4973145e+01
   3.0993630e+06   2.9296875e+01
   3.1030510e+06   2.9785156e+01
   3.1138160e+06   2.5451660e+01
   3.1138440e+06   3.7841797e+01
   3.1138770e+06   2.2827148e+01
   3.1139220e+06   2.2399902e+01
   3.1139370e+06   1.5869141e+01
   3.1139860e+06   1.8859863e+01
   3.1140110e+06   3.5583496e+01
   3.1140480e+06   2.1728516e+01
   3.1140850e+06   3.2104492e+01
   3.1141180e+06   1.7333984e+01
   3.1141640e+06   3.3996582e+01
   3.1142160e+06   1.7272949e+01
   3.1142460e+06   2.8015137e+01
   3.1146450e+06   1.7089844e+01
   3.2011610e+06   3.2836914e+01
   3.2012560e+06   3.0273438e+01
   3.2013250e+06   2.4719238e+01
   3.2037080e+06   3.5827637e+01
   3.2425890e+06   3.4851074e+01
   3.2769500e+06   3.7841797e+01
   3.2771210e+06   3.2104492e+01
   3.2772670e+06   3.2653809e+01
   3.2782550e+06   1.5014648e+01
   3.2783130e+06   2.5817871e+01
   3.2783390e+06   2.0507812e+01
   3.2783860e+06   1.7944336e+01
   3.2784210e+06   1.6784668e+01
   3.2784520e+06   2.1545410e+01
   3.2784770e+06   3.5400391e+01
   3.2785130e+06   1.6967773e+01
   3.2785940e+06   1.7883301e+01
   3.3385990e+06   3.6193848e+01
   3.3389850e+06   3.0517578e+01
   3.3391360e+06   3.1250000e+01
   3.3392340e+06   2.4047852e+01
   3.3510140e+06   1.5991211e+01
   3.3511670e+06   2.3376465e+01
   3.3512090e+06   3.4240723e+01
   3.3512540e+06   1.9409180e+01
   3.3513990e+06   2.7648926e+01
   3.3514240e+06   2.0263672e+01
   3.4085060e+06   3.2836914e+01
   3.4085600e+06   2.1179199e+01
   3.4086830e+06   2.9052734e+01
   3.4879020e+06   2.9724121e+01
   3.4969810e+06   3.6376953e+01
   3.4971310e+06   3.8024902e+01
   3.4973270e+06   3.1494141e+01
   3.5071150e+06   3.3508301e+01
   3.5072270e+06   3.0395508e+01
   3.5262020e+06   1.7150879e+01
   3.5262790e+06   2.1179199e+01
   3.5263050e+06   1.5014648e+01
   3.5263200e+06   3.2470703e+01
   3.5263410e+06   2.0690918e+01
   3.5264270e+06   2.8259277e+01
   3.5265000e+06   1.6540527e+01
   3.5265980e+06   1.6662598e+01
   3.5267800e+06   1.6845703e+01
   3.5449340e+06   3.9001465e+01
   3.5455280e+06   3.4423828e+01
   3.6190340e+06   3.3203125e+01
   3.6191760e+06   3.6987305e+01
   3.6193130e+06   2.9174805e+01
   3.6194050e+06   2.8076172e+01
   3.6405330e+06   3.4973145e+01
   3.6405980e+06   2.9113770e+01
   3.6407850e+06   3.3813477e+01
   3.6421900e+06   3.4545898e+01
   3.6422130e+06   2.5695801e+01
   3.6424720e+06   3.6132813e+01
   3.6751690e+06   2.9724121e+01
   3.6752310e+06   3.1372070e+01
   3.6753100e+06   2.3071289e+01
   3.7100240e+06   3.4423828e+01
   3.7558350e+06   3.5644531e+01
   3.7559160e+06   3.1555176e+01
   3.7796620e+06   3.4057617e+01
   3.8137340e+06   3.4118652e+01
   3.8138850e+06   3.9916992e+01
   3.8139860e+06   3.0395508e+01
   3.8455180e+06   3.3325195e+01
   3.8457040e+06   3.2592773e+01
   3.8458240e+06   2.8320312e+01
   3.8942520e+06   1.7333984e+01
   3.8967230e+06   2.9541016e+01
   3.8968800e+06   3.6682129e+01
   3.8970250e+06   3.5461426e+01
   3.9009310e+06   3.5400391e+01
   3.9220200e+06   3.5583496e+01
   3.9220690e+06   2.6672363e+01
   3.9646030e+06   3.5705566e+01
   3.9649220e+06   3.0822754e+01
   4.0004230e+06   3.2226562e+01
   4.0005210e+06   2.9724121e+01
   4.0006590e+06   2.9235840e+01
   4.0395720e+06   3.6376953e+01
   4.0396270e+06   3.0883789e+01
   4.1052230e+06   3.3203125e+01
   4.1052990e+06   3.3630371e+01
   4.1070640e+06   2.3803711e+01
   4.1071000e+06   2.6916504e+01
   4.1071230e+06   2.0263672e+01
   4.1071460e+06   4.1625977e+01
   4.1071780e+06   2.1606445e+01
   4.1072240e+06   3.7353516e+01
   4.1072340e+06   1.6052246e+01
   4.1072990e+06   2.9479980e+01
   4.1073750e+06   1.5563965e+01
   4.1074330e+06   3.1311035e+01
   4.1075450e+06   1.5808105e+01
   4.1076830e+06   1.6784668e+01
   4.1077900e+06   1.6723633e+01
   4.2207650e+06   3.0761719e+01
   4.2208210e+06   3.1738281e+01
   4.2210470e+06   1.6052246e+01
   4.2210660e+06   1.7395020e+01
   4.2210880e+06   2.2949219e+01
   4.2211010e+06   3.0639648e+01
   4.2211470e+06   2.2338867e+01
   4.2211590e+06   3.9978027e+01
   4.2211960e+06   1.8798828e+01
   4.2212350e+06   4.3395996e+01
   4.2213050e+06   2.7954102e+01
   4.2213710e+06   2.8381348e+01
   4.2217860e+06   1.6357422e+01
   4.3138920e+06   3.9001465e+01
   4.3140250e+06   2.9663086e+01
   4.3141710e+06   3.4606934e+01
   4.3144790e+06   1.6296387e+01
   4.3144960e+06   2.2216797e+01
   4.3145270e+06   2.6062012e+01
   4.3145560e+06   4.0893555e+01
   4.3145750e+06   2.5695801e+01
   4.3146080e+06   1.8188477e+01
   4.3146380e+06   3.4240723e+01
   4.3146780e+06   1.5014648e+01
   4.3147090e+06   3.0639648e+01
   4.3147760e+06   2.6916504e+01
   4.3154980e+06   1.7578125e+01
   4.3158880e+06   1.6540527e+01
   4.3514410e+06   3.7597656e+01
   4.3515170e+06   3.7963867e+01
   4.3517470e+06   1.6601562e+01
   4.3517900e+06   2.7099609e+01
   4.3518030e+06   1.5014648e+01
   4.3518150e+06   2.9724121e+01
   4.3518410e+06   2.0996094e+01
   4.3518760e+06   1.9531250e+01
   4.3518910e+06   3.4790039e+01
   4.3519380e+06   1.6235352e+01
   4.3519600e+06   2.4047852e+01
   4.3520230e+06   1.8188477e+01
   4.3520930e+06   1.8249512e+01
   4.3521730e+06   1.8798828e+01
   4.3522930e+06   2.2705078e+01
   4.3524930e+06   1.7517090e+01
   4.3528450e+06   1.5563965e+01
   4.3529370e+06   1.5075684e+01
   4.3530220e+06   1.5380859e+01
   4.3532770e+06   1.5930176e+01
   4.3534220e+06   1.6601562e+01
   4.3535690e+06   1.5930176e+01
   4.3537690e+06   1.4953613e+01
   4.3539700e+06   1.6723633e+01
   4.3542100e+06   2.1972656e+01
   4.4466300e+06   3.2897949e+01
   4.4467910e+06   3.2409668e+01
   4.4469290e+06   2.9663086e+01
   4.4471320e+06   2.9541016e+01
   4.4473130e+06   1.5075684e+01
   4.4473410e+06   3.7536621e+01
   4.4473930e+06   1.8249512e+01
   4.4474150e+06   3.1066895e+01
   4.4474300e+06   1.9165039e+01
   4.4474980e+06   2.7282715e+01
   4.4475630e+06   1.5258789e+01
   4.4475780e+06   2.1545410e+01
   4.4476650e+06   2.0507812e+01
   4.4480960e+06   1.6540527e+01
   4.4482160e+06   1.5319824e+01
   4.4483050e+06   1.6174316e+01
   4.4495470e+06   2.0324707e+01
   4.4631630e+06   3.5278320e+01
   4.4633380e+06   3.1860352e+01
   4.4633920e+06   1.6479492e+01
   4.4634080e+06   1.5563965e+01
   4.4635010e+06   2.8747559e+01
   4.4635230e+06   2.6733398e+01
   4.4635660e+06   1.8615723e+01
   4.4635940e+06   2.3071289e+01
   4.4636340e+06   1.6296387e+01
   4.4636490e+06   1.4953613e+01
   4.4636970e+06   1.5625000e+01
   4.4637130e+06   1.5258789e+01
   4.4637330e+06   1.8249512e+01
   4.4638180e+06   2.0446777e+01
   4.4639100e+06   1.4953613e+01
   4.4644810e+06   1.4953613e+01
   4.4646820e+06   1.7028809e+01
   4.4650600e+06   1.8554688e+01
   4.4652330e+06   1.5563965e+01
   4.4654800e+06   1.5258789e+01
   4.5383180e+06   3.4240723e+01
   4.5386260e+06   1.6662598e+01
   4.5386710e+06   2.1545410e+01
   4.5386890e+06   2.0629883e+01
   4.5387100e+06   2.7282715e+01
   4.5387560e+06   2.8503418e+01
   4.5388010e+06   1.8554688e+01
   4.5388190e+06   2.4291992e+01
   4.5388810e+06   3.2958984e+01
   4.5389740e+06   2.2277832e+01
   4.5390650e+06   2.2949219e+01
   4.5397040e+06   1.5197754e+01
   4.5398320e+06   1.6662598e+01
   4.5399800e+06   1.5930176e+01
   4.5401150e+06   1.5808105e+01
   4.5402740e+06   1.8493652e+01
   4.5405300e+06   1.7150879e+01
   4.6326860e+06   3.2775879e+01
   4.6329810e+06   3.3508301e+01
   4.6332140e+06   3.6193848e+01
   4.6335410e+06   3.7048340e+01
   4.6339490e+06   1.6235352e+01
   4.6339900e+06   1.5258789e+01
   4.6340140e+06   1.6479492e+01
   4.6340390e+06   2.0446777e+01
   4.6340920e+06   2.1362305e+01
   4.6341020e+06   3.5400391e+01
   4.6341340e+06   1.6540527e+01
   4.6341660e+06   1.5014648e+01
   4.6341860e+06   2.6794434e+01
   4.6342840e+06   2.7343750e+01
   4.7573820e+06   3.6437988e+01
   4.7574990e+06   3.2348633e+01
   4.7589210e+06   1.9958496e+01
   4.7589550e+06   1.8920898e+01
   4.7589700e+06   3.7963867e+01
   4.7590020e+06   1.7272949e+01
   4.7590120e+06   1.6235352e+01
   4.7590570e+06   3.8391113e+01
   4.7590950e+06   1.8066406e+01
   4.7591350e+06   3.2165527e+01
   4.7592110e+06   2.4475098e+01
   4.7592890e+06   2.3925781e+01
   4.7596120e+06   1.4953613e+01
   4.7597750e+06   1.5686035e+01
   4.8588570e+06   3.3081055e+01
   4.8591000e+06   3.5400391e+01
   4.8593110e+06   3.3874512e+01
   4.8603320e+06   1.4953613e+01
   4.8608430e+06   3.5156250e+01
   4.8608750e+06   2.4658203e+01
   4.8609280e+06   1.8554688e+01
   4.8609490e+06   1.5991211e+01
   4.8609600e+06   3.0639648e+01
   4.8610490e+06   3.0517578e+01
   4.8610610e+06   1.6540527e+01
   4.8611030e+06   1.5319824e+01
   4.8611390e+06   2.8503418e+01
   4.8612220e+06   2.5024414e+01
   4.8613000e+06   1.5197754e+01
   4.8616430e+06   1.7211914e+01
   4.9940270e+06   3.7170410e+01
   4.9957260e+06   3.3691406e+01
   4.9965850e+06   3.1921387e+01
   4.9966820e+06   2.9052734e+01
   5.0137050e+06   3.0578613e+01
   5.0139240e+06   3.2592773e+01
   5.0462920e+06   4.3212891e+01
   5.0496000e+06   3.4667969e+01
   5.0496790e+06   3.1799316e+01
   5.0939640e+06   3.4362793e+01
   5.0942010e+06   3.5034180e+01
   5.1171820e+06   3.3813477e+01
   5.1560410e+06   3.3203125e+01
   5.1563150e+06   3.2104492e+01
   5.1564060e+06   2.9113770e+01
   5.1569140e+06   1.5319824e+01
   5.1695770e+06   4.3151855e+01
   5.1696800e+06   3.4545898e+01
   5.1727660e+06   3.0395508e+01
   5.2328280e+06   3.4057617e+01
   5.2330880e+06   3.1921387e+01
   5.2333160e+06   3.1494141e+01
   5.2429380e+06   3.0883789e+01
   5.2433660e+06   2.6184082e+01
   5.2434910e+06   2.7282715e+01
   5.2436800e+06   2.9846191e+01
   5.3403950e+06   3.7353516e+01
   5.3519170e+06   3.7902832e+01
   5.3519730e+06   3.3569336e+01
   5.3520480e+06   2.8564453e+01
   5.3874580e+06   2.8442383e+01
   5.3877000e+06   3.0761719e+01
   5.3878580e+06   3.3935547e+01
   5.3880560e+06   3.3813477e+01
   5.3900100e+06   1.5625000e+01
   5.3901490e+06   1.5197754e+01
   5.3902180e+06   1.9287109e+01
   5.3902400e+06   2.6855469e+01
   5.3902660e+06   1.9409180e+01
   5.3902800e+06   3.4729004e+01
   5.3903130e+06   1.6235352e+01
   5.3903350e+06   2.1972656e+01
   5.3903600e+06   3.4729004e+01
   5.3903820e+06   1.8005371e+01
   5.3904280e+06   3.8940430e+01
   5.3904810e+06   2.2277832e+01
   5.3905010e+06   3.6621094e+01
   5.3905360e+06   1.4953613e+01
   5.3905750e+06   2.6245117e+01
   5.3905980e+06   1.7150879e+01
   5.3906590e+06   1.8798828e+01
   5.3907470e+06   1.5563965e+01
   5.3908410e+06   1.8798828e+01
   5.4098470e+06   3.0700684e+01
   5.4099840e+06   3.0944824e+01
   5.4100910e+06   2.8381348e+01
   5.4101180e+06   1.7272949e+01
   5.4101750e+06   2.1545410e+01
   5.4102260e+06   3.1616211e+01
   5.4102510e+06   1.8615723e+01
   5.4103290e+06   1.8249512e+01
   5.4103720e+06   1.4953613e+01
   5.4104020e+06   1.5747070e+01
   5.4104320e+06   3.0883789e+01
   5.4105470e+06   1.6906738e+01
   5.4105880e+06   2.5878906e+01
   5.4106220e+06   1.5258789e+01
   5.4107010e+06   2.0202637e+01
   5.4109400e+06   1.4953613e+01
   5.4111250e+06   1.5258789e+01
   5.4883280e+06   1.5258789e+01
   5.5222520e+06   3.5217285e+01
   5.5225260e+06   3.5217285e+01
   5.5226230e+06   3.5034180e+01
   5.5227710e+06   3.2653809e+01
   5.5246810e+06   1.6723633e+01
   5.5247040e+06   1.9714355e+01
   5.5247340e+06   2.1667480e+01
   5.5247620e+06   2.2644043e+01
   5.5247870e+06   3.1494141e+01
   5.5248130e+06   1.6784668e+01
   5.5248580e+06   2.0751953e+01
   5.5248880e+06   3.0761719e+01
   5.5249730e+06   3.3691406e+01
   5.5250630e+06   2.5573730e+01
   5.5252250e+06   1.6052246e+01
   5.5253240e+06   1.8005371e+01
   5.5739820e+06   2.9479980e+01
   5.5741320e+06   3.6437988e+01
   5.5742750e+06   3.3996582e+01
   5.6021670e+06   3.0944824e+01
   5.6022190e+06   2.7648926e+01
   5.6023600e+06   3.5583496e+01
   5.6035550e+06   3.2470703e+01
   5.6035730e+06   1.5197754e+01
   5.6036400e+06   2.3620605e+01
   5.6037280e+06   2.0263672e+01
   5.6037670e+06   3.0151367e+01
   5.6038520e+06   2.5512695e+01
   5.6039810e+06   2.0202637e+01
   5.6356270e+06   3.2226562e+01
   5.6705200e+06   3.0700684e+01
   5.6705620e+06   2.0690918e+01
   5.6706620e+06   1.8310547e+01
   5.6707160e+06   2.7648926e+01
   5.6709160e+06   3.6254883e+01
   5.7254830e+06   3.8513184e+01
   5.7256780e+06   2.9724121e+01
   5.7257850e+06   3.0761719e+01
   5.7479230e+06   2.9113770e+01
   5.7514510e+06   3.6560059e+01
   5.7515330e+06   2.7404785e+01
   5.8132290e+06   2.8625488e+01
   5.8133100e+06   3.0883789e+01
   5.8134510e+06   3.3508301e+01
   5.8407810e+06   3.4179688e+01
   5.8410460e+06   3.3691406e+01
   5.8411670e+06   3.0944824e+01
   5.8999180e+06   3.2592773e+01
   5.9001530e+06   2.9602051e+01
   5.9002220e+06   2.4353027e+01
   5.9023080e+06   3.8574219e+01
   5.9023360e+06   2.6000977e+01
   5.9024060e+06   2.0874023e+01
   5.9024650e+06   1.7395020e+01
   5.9025450e+06   2.0446777e+01
   5.9769850e+06   3.4851074e+01
   5.9773240e+06   3.4667969e+01
   5.9968590e+06   3.1005859e+01
   5.9970250e+06   3.8513184e+01
