   5.9990000e+06   0.0000000e+00
   1.6635300e+05   1.5563965e+01
   1.6703600e+05   1.5197754e+01
   1.8052400e+05   1.6479492e+01
   2.3415800e+05   3.4179688e+01
   3.1170400e+05   1.8981934e+01
   3.3491100e+05   1.5686035e+01
   3.3496000e+05   2.3986816e+01
   3.3497600e+05   1.8310547e+01
   3.3499500e+05   2.3864746e+01
   3.3500700e+05   2.2338867e+01
   3.3502800e+05   1.9348145e+01
   3.3504100e+05   2.0141602e+01
   3.3509100e+05   3.2653809e+01
   3.3511500e+05   1.5808105e+01
   3.3514100e+05   2.8076172e+01
   3.3516700e+05   1.6601563e+01
   3.3517800e+05   2.0141602e+01
   3.3521700e+05   1.7456055e+01
   3.3524400e+05   2.2155762e+01
   3.3527300e+05   2.0690918e+01
   3.3530700e+05   2.0568848e+01
   3.3546800e+05   1.5747070e+01
   3.3574000e+05   1.5502930e+01
   4.2649200e+05   1.7395020e+01
   4.2655200e+05   1.7883301e+01
   4.2666700e+05   2.1545410e+01
   4.2668600e+05   1.8005371e+01
   4.2674700e+05   1.6296387e+01
   4.2678500e+05   1.7944336e+01
   4.2679500e+05   1.5930176e+01
   4.2682300e+05   1.9836426e+01
   4.2683600e+05   2.2888184e+01
   4.2687700e+05   1.9287109e+01
   4.2689400e+05   2.4963379e+01
   4.2693500e+05   3.9123535e+01
   4.2696600e+05   2.8076172e+01
   4.2698500e+05   2.1972656e+01
   4.2700700e+05   2.6062012e+01
   4.2703200e+05   2.3559570e+01
   4.2704600e+05   2.1484375e+01
   4.2706000e+05   1.8066406e+01
   4.2711200e+05   1.5075684e+01
   4.2713100e+05   1.5380859e+01
   4.2716400e+05   2.0751953e+01
   4.2720000e+05   2.4719238e+01
   4.2723700e+05   1.5258789e+01
   4.2726100e+05   1.5808105e+01
   4.2733900e+05   1.5563965e+01
   5.1004000e+05   3.5034180e+01
   5.1605500e+05   3.8146973e+01
   5.7573700e+05   3.3447266e+01
   6.1548100e+05   3.5095215e+01
   6.1931200e+05   3.6804199e+01
   6.5266300e+05   3.1921387e+01
   6.7615900e+05   1.8737793e+01
   6.7619800e+05   1.9531250e+01
   6.7622600e+05   2.1850586e+01
   6.7625200e+05   1.6113281e+01
   6.7628600e+05   1.5686035e+01
   6.7632800e+05   1.8737793e+01
   6.7634100e+05   1.8371582e+01
   6.7635400e+05   1.5258789e+01
   6.7639200e+05   2.0629883e+01
   6.7640400e+05   1.8310547e+01
   6.7642800e+05   1.5197754e+01
   6.7646500e+05   1.5625000e+01
   6.7648900e+05   2.3376465e+01
   6.7656400e+05   1.5502930e+01
   6.7657800e+05   1.7944336e+01
   6.7660300e+05   1.6723633e+01
   6.7663000e+05   2.0019531e+01
   6.7666400e+05   2.7832031e+01
   6.7669900e+05   1.8981934e+01
   6.7672500e+05   1.5502930e+01
   6.7677500e+05   2.8747559e+01
   6.7685500e+05   1.6845703e+01
   6.7738000e+05   2.1057129e+01
   7.0424300e+05   3.6560059e+01
   7.0811000e+05   3.0822754e+01
   8.0510800e+05   1.5380859e+01
   8.0516000e+05   1.6723633e+01
   8.0519900e+05   1.7578125e+01
   8.0521300e+05   1.7700195e+01
   8.0524300e+05   1.5869141e+01
   8.0526500e+05   1.6784668e+01
   8.0529100e+05   1.6540527e+01
   8.0531600e+05   2.1240234e+01
   8.0535600e+05   2.1423340e+01
   8.0539000e+05   1.8493652e+01
   8.0543400e+05   1.9653320e+01
   8.0548600e+05   1.5686035e+01
   8.0552600e+05   2.1484375e+01
   8.0554300e+05   1.9897461e+01
   8.0563300e+05   1.9165039e+01
   8.0568500e+05   1.8127441e+01
   8.0569800e+05   1.6540527e+01
   8.0575500e+05   1.5869141e+01
   8.0601300e+05   1.7517090e+01
   8.0624400e+05   1.8737793e+01
   8.1950200e+05   2.9968262e+01
   8.6490600e+05   1.7089844e+01
   9.9679800e+05   1.7150879e+01
   9.9681500e+05   1.6418457e+01
   9.9688000e+05   1.7517090e+01
   9.9691500e+05   1.5380859e+01
   9.9694000e+05   3.0456543e+01
   9.9697300e+05   1.6967773e+01
   9.9701100e+05   1.9409180e+01
   9.9703000e+05   1.5563965e+01
   9.9706700e+05   1.9287109e+01
   9.9714100e+05   1.7150879e+01
   9.9718100e+05   2.4963379e+01
   9.9726700e+05   2.1911621e+01
   9.9746900e+05   1.5136719e+01
   1.1564760e+06   1.8066406e+01
   1.1565710e+06   1.9775391e+01
   1.1566090e+06   1.5441895e+01
   1.1566700e+06   1.5258789e+01
   1.1567000e+06   1.5747070e+01
   1.1567480e+06   2.0507812e+01
   1.1567580e+06   2.0141602e+01
   1.1567860e+06   2.2888184e+01
   1.1568950e+06   1.7089844e+01
   1.1571560e+06   1.5808105e+01
   1.2431800e+06   2.0874023e+01
   1.2436150e+06   2.3864746e+01
   1.2436530e+06   1.5258789e+01
   1.3322430e+06   1.9836426e+01
   1.4895010e+06   3.6804199e+01
   1.5698270e+06   2.0690918e+01
   1.5698600e+06   4.1015625e+01
   1.5698920e+06   1.5808105e+01
   1.5699120e+06   5.1635742e+01
   1.5699380e+06   1.9409180e+01
   1.5699540e+06   3.9062500e+01
   1.5699940e+06   1.6235352e+01
   1.5700150e+06   1.5563965e+01
   1.5700330e+06   1.9653320e+01
   1.5700480e+06   1.7028809e+01
   1.5700750e+06   1.5563965e+01
   1.5700920e+06   2.1179199e+01
   1.5701170e+06   1.7150879e+01
   1.5701430e+06   2.2583008e+01
   1.5701580e+06   1.8554688e+01
   1.5701790e+06   1.8005371e+01
   1.5702640e+06   1.9653320e+01
   1.5827790e+06   1.5197754e+01
   1.5829420e+06   1.6357422e+01
   1.5829830e+06   1.6845703e+01
   1.5830880e+06   1.5991211e+01
   1.5831690e+06   2.1057129e+01
   1.5832020e+06   1.8737793e+01
   1.5832220e+06   2.5024414e+01
   1.5832490e+06   2.4047852e+01
   1.5832630e+06   3.6071777e+01
   1.5832830e+06   1.9592285e+01
   1.5833080e+06   3.9978027e+01
   1.5833300e+06   2.2827148e+01
   1.5833580e+06   2.6367187e+01
   1.5833690e+06   2.2460937e+01
   1.5834010e+06   1.5441895e+01
   1.5834620e+06   1.5625000e+01
   1.5835010e+06   1.8676758e+01
   1.5835160e+06   1.5930176e+01
   1.5835490e+06   1.9836426e+01
   1.5836040e+06   1.5441895e+01
   1.5837130e+06   1.6784668e+01
   1.5837330e+06   1.6845703e+01
   1.5844290e+06   1.6601562e+01
   1.5990110e+06   1.6540527e+01
   1.5991860e+06   1.5930176e+01
   1.5992420e+06   1.7272949e+01
   1.5993120e+06   2.0935059e+01
   1.5993360e+06   1.5441895e+01
   1.5993550e+06   1.5441895e+01
   1.5993790e+06   2.2094727e+01
   1.5993900e+06   3.2897949e+01
   1.5994230e+06   2.1484375e+01
   1.5994500e+06   1.6052246e+01
   1.5994650e+06   2.0263672e+01
   1.5994780e+06   2.2644043e+01
   1.5995060e+06   2.2705078e+01
   1.5995210e+06   1.5869141e+01
   1.5995360e+06   1.8859863e+01
   1.5995540e+06   2.4108887e+01
   1.5995680e+06   1.9897461e+01
   1.5995860e+06   1.8127441e+01
   1.5996050e+06   2.2888184e+01
   1.5996460e+06   2.0568848e+01
   1.5997280e+06   1.9958496e+01
   1.5997670e+06   1.6662598e+01
   1.5997850e+06   1.6723633e+01
   1.5998220e+06   1.5014648e+01
   1.5998540e+06   1.7150879e+01
   1.5998740e+06   1.8249512e+01
   1.5999790e+06   1.7333984e+01
   1.6000840e+06   1.6052246e+01
   1.7163270e+06   2.1606445e+01
   1.7163730e+06   1.6723633e+01
   1.7164060e+06   1.8676758e+01
   1.7164210e+06   1.8676758e+01
   1.7164460e+06   1.5930176e+01
   1.7164700e+06   1.7150879e+01
   1.7164940e+06   2.0385742e+01
   1.7165100e+06   2.0568848e+01
   1.7165250e+06   3.0822754e+01
   1.7165400e+06   2.2949219e+01
   1.7165580e+06   3.2226562e+01
   1.7165760e+06   2.2949219e+01
   1.7166060e+06   3.2348633e+01
   1.7166200e+06   1.5319824e+01
   1.7166480e+06   1.8676758e+01
   1.7166690e+06   2.5207520e+01
   1.7167560e+06   1.5197754e+01
   1.7167740e+06   2.1667480e+01
   1.7167880e+06   3.0151367e+01
   1.7168180e+06   1.7456055e+01
   1.7168430e+06   2.1606445e+01
   1.8017370e+06   2.2094727e+01
   1.8537570e+06   1.5319824e+01
   1.8539510e+06   2.1362305e+01
   1.8539680e+06   1.9104004e+01
   1.8540080e+06   1.6052246e+01
   1.8540370e+06   1.8920898e+01
   1.8540730e+06   2.1179199e+01
   1.8541150e+06   2.1057129e+01
   1.8541580e+06   2.5207520e+01
   1.8541870e+06   1.8981934e+01
   1.8542030e+06   2.8259277e+01
   1.8542270e+06   1.7333984e+01
   1.8542560e+06   1.6967773e+01
   1.8543010e+06   3.7780762e+01
   1.8543110e+06   2.7648926e+01
   1.8543300e+06   1.5686035e+01
   1.8543480e+06   2.3742676e+01
   1.8543620e+06   1.6296387e+01
   1.8543770e+06   2.9357910e+01
   1.8544010e+06   2.3132324e+01
   1.8544470e+06   2.5939941e+01
   1.8544640e+06   2.6977539e+01
   1.8544960e+06   2.0080566e+01
   1.8545270e+06   1.5686035e+01
   1.8545540e+06   2.3620605e+01
   1.8545840e+06   2.2888184e+01
   1.8546210e+06   2.0385742e+01
   1.8546510e+06   1.5930176e+01
   1.8546730e+06   1.5502930e+01
   1.8834690e+06   3.4423828e+01
   1.9067790e+06   1.6601562e+01
   1.9271160e+06   1.6174316e+01
   1.9271440e+06   2.5817871e+01
   1.9271630e+06   1.7883301e+01
   1.9271830e+06   1.8676758e+01
   1.9271980e+06   3.1372070e+01
   1.9272280e+06   2.7832031e+01
   1.9272460e+06   3.6376953e+01
   1.9272700e+06   3.5583496e+01
   1.9272980e+06   2.1728516e+01
   1.9273180e+06   1.9287109e+01
   1.9273370e+06   2.3681641e+01
   1.9273590e+06   1.5136719e+01
   1.9273700e+06   1.8005371e+01
   1.9274210e+06   1.5258789e+01
   1.9274310e+06   1.5930176e+01
   1.9274580e+06   1.7089844e+01
   1.9274730e+06   1.8737793e+01
   1.9275170e+06   1.6845703e+01
   2.0214590e+06   1.9897461e+01
   2.0215510e+06   1.5502930e+01
   2.0215630e+06   1.8066406e+01
   2.0216020e+06   1.5686035e+01
   2.0216240e+06   2.0446777e+01
   2.0216370e+06   1.5197754e+01
   2.0216470e+06   1.5991211e+01
   2.0216740e+06   1.8371582e+01
   2.0216860e+06   1.7272949e+01
   2.0217090e+06   2.1911621e+01
   2.0217350e+06   1.8432617e+01
   2.0217480e+06   1.8798828e+01
   2.0217630e+06   3.2043457e+01
   2.0218000e+06   1.5991211e+01
   2.0218100e+06   1.9714355e+01
   2.0218320e+06   2.2216797e+01
   2.0218540e+06   2.4658203e+01
   2.0218750e+06   1.7578125e+01
   2.0218880e+06   1.6052246e+01
   2.0218990e+06   3.1494141e+01
   2.0219260e+06   1.6906738e+01
   2.0219460e+06   2.8564453e+01
   2.0219780e+06   1.6784668e+01
   2.0219960e+06   2.1484375e+01
   2.0220190e+06   1.6784668e+01
   2.0220590e+06   1.5136719e+01
   2.0220920e+06   1.7761230e+01
   2.0221030e+06   3.6071777e+01
   2.0224070e+06   1.5686035e+01
   2.0228110e+06   2.9052734e+01
   2.0635790e+06   1.5380859e+01
   2.1107360e+06   1.5319824e+01
   2.1108480e+06   3.1433105e+01
   2.1108910e+06   1.7517090e+01
   2.1109330e+06   2.3010254e+01
   2.1109560e+06   3.8269043e+01
   2.1109710e+06   2.2949219e+01
   2.1110070e+06   3.2470703e+01
   2.1110280e+06   3.8269043e+01
   2.1110560e+06   1.9958496e+01
   2.1110790e+06   2.0202637e+01
   2.1110950e+06   2.4414063e+01
   2.1111080e+06   1.5197754e+01
   2.1111390e+06   1.7944336e+01
   2.1111540e+06   1.8798828e+01
   2.1111710e+06   1.7883301e+01
   2.1112100e+06   1.6174316e+01
   2.1112420e+06   1.7883301e+01
   2.1113030e+06   1.7272949e+01
   2.1113340e+06   2.0996094e+01
   2.1113680e+06   1.7395020e+01
   2.2347540e+06   1.9531250e+01
   2.2523200e+06   3.1005859e+01
   2.3826400e+06   1.6662598e+01
   2.3826630e+06   1.9104004e+01
   2.3827390e+06   1.6418457e+01
   2.3827780e+06   3.5583496e+01
   2.3827980e+06   1.8493652e+01
   2.3828130e+06   1.5441895e+01
   2.3828460e+06   2.2033691e+01
   2.3828740e+06   1.9348145e+01
   2.3829140e+06   1.5380859e+01
   2.3829800e+06   3.5217285e+01
   2.3830400e+06   1.5563965e+01
   2.3830790e+06   2.0690918e+01
   2.3831780e+06   2.1240234e+01
   2.3832690e+06   1.8615723e+01
   2.3833800e+06   1.8981934e+01
   2.3834930e+06   1.5319824e+01
   2.3837310e+06   1.5075684e+01
   2.4786920e+06   1.6479492e+01
   2.5144710e+06   1.5869141e+01
   2.5144820e+06   1.8249512e+01
   2.5145230e+06   1.8676758e+01
   2.5145360e+06   1.5930176e+01
   2.5146360e+06   2.2766113e+01
   2.5146570e+06   1.8310547e+01
   2.5147020e+06   1.6113281e+01
   2.5147450e+06   1.6174316e+01
   2.5147710e+06   1.7578125e+01
   2.5148060e+06   2.3315430e+01
   2.5148200e+06   1.7150879e+01
   2.5148620e+06   1.8310547e+01
   2.5149100e+06   2.7648926e+01
   2.5149200e+06   1.5075684e+01
   2.5150980e+06   1.8798828e+01
   2.5151140e+06   1.5808105e+01
   2.5151880e+06   1.5136719e+01
   2.5152240e+06   1.7272949e+01
   2.5152780e+06   1.9104004e+01
   2.6124280e+06   2.2888184e+01
   2.6124920e+06   1.6113281e+01
   2.6125280e+06   2.2827148e+01
   2.6125870e+06   2.5390625e+01
   2.6126100e+06   2.0141602e+01
   2.6126630e+06   1.5075684e+01
   2.6126750e+06   1.5747070e+01
   2.6126990e+06   1.9531250e+01
   2.6127240e+06   1.6418457e+01
   2.6127600e+06   1.5991211e+01
   2.6127900e+06   1.5808105e+01
   2.6128080e+06   1.8127441e+01
   2.6128800e+06   1.5075684e+01
   2.6130350e+06   1.6235352e+01
   2.6611020e+06   1.9104004e+01
   2.6611510e+06   1.8981934e+01
   2.6612510e+06   1.6784668e+01
   2.6612700e+06   1.8737793e+01
   2.6613070e+06   1.5563965e+01
   2.6613400e+06   1.7883301e+01
   2.6613600e+06   1.9226074e+01
   2.6613750e+06   2.0629883e+01
   2.6613910e+06   1.6662598e+01
   2.6614210e+06   1.9409180e+01
   2.6614480e+06   1.6967773e+01
   2.6614680e+06   1.5869141e+01
   2.6614920e+06   1.9714355e+01
   2.6615680e+06   1.8798828e+01
   2.6617190e+06   1.5380859e+01
   2.7319310e+06   1.6296387e+01
   2.7319680e+06   1.9714355e+01
   2.7320300e+06   1.6601562e+01
   2.7320650e+06   1.5258789e+01
   2.7320760e+06   1.8920898e+01
   2.7321140e+06   1.8066406e+01
   2.7321800e+06   1.6906738e+01
   2.7322140e+06   2.3498535e+01
   2.7322470e+06   1.5869141e+01
   2.7323020e+06   1.5930176e+01
   2.7323150e+06   1.6052246e+01
   2.7323870e+06   1.5014648e+01
   2.7324100e+06   1.7089844e+01
   2.9403370e+06   1.6235352e+01
   2.9404440e+06   1.7272949e+01
   2.9407040e+06   1.5502930e+01
   3.0212330e+06   1.5136719e+01
   3.0216580e+06   1.5502930e+01
   3.0218190e+06   1.5136719e+01
   3.0224890e+06   1.5136719e+01
   3.1013380e+06   1.6418457e+01
   3.1016020e+06   2.3986816e+01
   3.1020550e+06   1.7272949e+01
   3.1126320e+06   1.5258789e+01
   3.1132110e+06   2.1606445e+01
   3.1132990e+06   1.7700195e+01
   3.1133410e+06   1.5441895e+01
   3.1134220e+06   1.9592285e+01
   3.1134700e+06   2.1972656e+01
   3.1134830e+06   1.7517090e+01
   3.1135000e+06   1.8249512e+01
   3.1135220e+06   1.8066406e+01
   3.1135710e+06   2.3254395e+01
   3.1136070e+06   1.9470215e+01
   3.1136750e+06   1.5380859e+01
   3.1137580e+06   2.2460938e+01
   3.1137940e+06   3.2287598e+01
   3.1138470e+06   3.1127930e+01
   3.1138620e+06   5.1696777e+01
   3.1138830e+06   2.7221680e+01
   3.1139420e+06   2.7587891e+01
   3.1139550e+06   1.8127441e+01
   3.1139720e+06   2.1423340e+01
   3.1140060e+06   1.9287109e+01
   3.1140220e+06   2.5451660e+01
   3.1140590e+06   2.9541016e+01
   3.1141760e+06   2.6855469e+01
   3.1144010e+06   1.5136719e+01
   3.1145110e+06   1.5563965e+01
   3.2777410e+06   2.2216797e+01
   3.2777830e+06   1.4953613e+01
   3.2778330e+06   2.0446777e+01
   3.2778580e+06   2.2644043e+01
   3.2778900e+06   1.6906738e+01
   3.2779150e+06   1.6784668e+01
   3.2779370e+06   1.8188477e+01
   3.2779550e+06   2.1240234e+01
   3.2779700e+06   1.5563965e+01
   3.2779950e+06   1.6906738e+01
   3.2780080e+06   2.2888184e+01
   3.2780630e+06   3.0761719e+01
   3.2780750e+06   1.9165039e+01
   3.2780890e+06   1.4953613e+01
   3.2781140e+06   1.5014648e+01
   3.2781310e+06   2.1545410e+01
   3.2781610e+06   2.4841309e+01
   3.2782070e+06   2.2644043e+01
   3.2782290e+06   1.9409180e+01
   3.2782610e+06   2.5146484e+01
   3.2783660e+06   2.0385742e+01
   3.2783800e+06   1.5502930e+01
   3.2784690e+06   2.7343750e+01
   3.2785060e+06   1.6235352e+01
   3.2785730e+06   1.6967773e+01
   3.2787150e+06   1.7456055e+01
   3.2788600e+06   1.9348145e+01
   3.2897690e+06   1.5625000e+01
   3.3505950e+06   1.5197754e+01
   3.3506250e+06   1.5930176e+01
   3.3506690e+06   1.6845703e+01
   3.3507020e+06   1.8432617e+01
   3.3507220e+06   1.9897461e+01
   3.3507470e+06   2.4719238e+01
   3.3507680e+06   2.2705078e+01
   3.3507820e+06   1.8737793e+01
   3.3507940e+06   1.7028809e+01
   3.3508160e+06   1.7700195e+01
   3.3508290e+06   1.5563965e+01
   3.3508710e+06   1.5808105e+01
   3.3508870e+06   1.5808105e+01
   3.3509140e+06   1.7211914e+01
   3.3509390e+06   1.6784668e+01
   3.3509590e+06   2.3498535e+01
   3.3509970e+06   2.0874023e+01
   3.3510110e+06   1.6967773e+01
   3.3510670e+06   1.6479492e+01
   3.3511430e+06   2.0629883e+01
   3.3511600e+06   2.1972656e+01
   3.3512040e+06   1.7089844e+01
   3.3512510e+06   1.6113281e+01
   3.3512850e+06   1.7822266e+01
   3.3513290e+06   2.2460938e+01
   3.3515050e+06   2.3132324e+01
   3.4086670e+06   1.5441895e+01
   3.4087030e+06   1.5991211e+01
   3.4104560e+06   1.7089844e+01
   3.5256940e+06   1.6723633e+01
   3.5257140e+06   1.8249512e+01
   3.5257430e+06   1.5258789e+01
   3.5257630e+06   1.9958496e+01
   3.5258200e+06   1.5930176e+01
   3.5258300e+06   1.6235352e+01
   3.5258490e+06   1.5075684e+01
   3.5258780e+06   2.0690918e+01
   3.5258940e+06   1.5869141e+01
   3.5259540e+06   1.7333984e+01
   3.5260460e+06   1.5747070e+01
   3.5260830e+06   2.0324707e+01
   3.5261210e+06   3.3325195e+01
   3.5261470e+06   1.6967773e+01
   3.5261670e+06   1.5136719e+01
   3.5261890e+06   2.4963379e+01
   3.5262000e+06   2.8198242e+01
   3.5262180e+06   2.6672363e+01
   3.5262650e+06   1.5686035e+01
   3.5262840e+06   3.4423828e+01
   3.5263040e+06   1.6479492e+01
   3.5263630e+06   2.6184082e+01
   3.5263760e+06   1.5991211e+01
   3.5264260e+06   1.8859863e+01
   3.5265160e+06   1.6967773e+01
   3.5267260e+06   1.6113281e+01
   3.5436760e+06   1.7272949e+01
   3.5438490e+06   1.5869141e+01
   3.5439950e+06   1.5319824e+01
   3.5440180e+06   1.5869141e+01
   3.5441770e+06   1.9042969e+01
   3.5442300e+06   1.6418457e+01
   3.5442660e+06   1.5869141e+01
   3.5442770e+06   1.4953613e+01
   3.5444330e+06   1.9287109e+01
   3.5445020e+06   1.4953613e+01
   3.5446220e+06   1.6479492e+01
   3.5448570e+06   1.5625000e+01
   3.6414230e+06   1.6479492e+01
   3.6414460e+06   1.6235352e+01
   3.6416610e+06   2.3193359e+01
   3.6416860e+06   1.6723633e+01
   3.6417050e+06   1.5991211e+01
   3.6417670e+06   1.6662598e+01
   3.6417990e+06   1.6418457e+01
   3.6418170e+06   2.1972656e+01
   3.6418360e+06   2.4536133e+01
   3.6418560e+06   1.5563965e+01
   3.6418840e+06   2.1362305e+01
   3.6419330e+06   1.6662598e+01
   3.6419860e+06   1.9287109e+01
   3.6420860e+06   1.7150879e+01
   3.6421270e+06   1.9226074e+01
   4.0398210e+06   1.7639160e+01
   4.0804190e+06   3.9489746e+01
   4.1066620e+06   1.7333984e+01
   4.1066790e+06   1.8310547e+01
   4.1067170e+06   1.9042969e+01
   4.1067420e+06   1.5014648e+01
   4.1067820e+06   1.7211914e+01
   4.1068150e+06   1.6845703e+01
   4.1068260e+06   1.8493652e+01
   4.1068500e+06   1.5869141e+01
   4.1068720e+06   1.7639160e+01
   4.1068830e+06   1.6174316e+01
   4.1068990e+06   1.8554688e+01
   4.1069360e+06   2.4353027e+01
   4.1069590e+06   2.7526855e+01
   4.1070170e+06   2.9846191e+01
   4.1070450e+06   2.0263672e+01
   4.1070580e+06   2.3803711e+01
   4.1070830e+06   2.6672363e+01
   4.1071300e+06   2.3742676e+01
   4.1071770e+06   2.4414063e+01
   4.1071910e+06   1.6540527e+01
   4.1072170e+06   1.7944336e+01
   4.1072290e+06   1.5075684e+01
   4.1072530e+06   1.7700195e+01
   4.1072630e+06   2.2888184e+01
   4.1074220e+06   1.6113281e+01
   4.2101450e+06   3.1250000e+01
   4.2156280e+06   1.6235352e+01
   4.2209770e+06   1.7089844e+01
   4.2209930e+06   1.6906738e+01
   4.2210150e+06   2.8991699e+01
   4.2210320e+06   1.5319824e+01
   4.2210450e+06   3.1127930e+01
   4.2210710e+06   3.3996582e+01
   4.2210840e+06   5.0537109e+01
   4.2210950e+06   2.3681641e+01
   4.2211280e+06   3.4423828e+01
   4.2211610e+06   1.5625000e+01
   4.2211710e+06   2.2521973e+01
   4.2212110e+06   1.7944336e+01
   4.2212280e+06   1.7578125e+01
   4.2212520e+06   1.5014648e+01
   4.2212880e+06   1.5380859e+01
   4.2213010e+06   2.1423340e+01
   4.2213220e+06   1.9165039e+01
   4.2213400e+06   1.8432617e+01
   4.2213600e+06   2.1301270e+01
   4.2214180e+06   1.8188477e+01
   4.3142780e+06   1.6174316e+01
   4.3143480e+06   1.5319824e+01
   4.3143750e+06   2.0629883e+01
   4.3143990e+06   1.9287109e+01
   4.3144310e+06   1.7761230e+01
   4.3144590e+06   4.2663574e+01
   4.3144740e+06   2.1057129e+01
   4.3145010e+06   3.6682129e+01
   4.3145190e+06   2.5695801e+01
   4.3145460e+06   2.6977539e+01
   4.3145640e+06   2.1118164e+01
   4.3146000e+06   2.0568848e+01
   4.3146360e+06   1.9592285e+01
   4.3146760e+06   1.7333984e+01
   4.3146910e+06   1.9226074e+01
   4.3147250e+06   2.0202637e+01
   4.3147600e+06   1.7761230e+01
   4.3149540e+06   1.9836426e+01
   4.3150220e+06   1.5441895e+01
   4.3489350e+06   1.5380859e+01
   4.3517010e+06   2.0812988e+01
   4.3517170e+06   2.6794434e+01
   4.3517460e+06   3.9306641e+01
   4.3517600e+06   2.7526855e+01
   4.3517720e+06   1.8249512e+01
   4.3517930e+06   2.6550293e+01
   4.3518070e+06   5.1940918e+01
   4.3518250e+06   1.5686035e+01
   4.3518560e+06   2.5268555e+01
   4.3518980e+06   1.5747070e+01
   4.3519490e+06   2.2094727e+01
   4.3519780e+06   2.1423340e+01
   4.3520070e+06   2.1545410e+01
   4.3520420e+06   1.5075684e+01
   4.3520960e+06   1.8005371e+01
   4.3523040e+06   1.5075684e+01
   4.4472290e+06   1.5319824e+01
   4.4472580e+06   1.7456055e+01
   4.4472920e+06   1.5747070e+01
   4.4473040e+06   1.7272949e+01
   4.4473190e+06   3.1250000e+01
   4.4473340e+06   1.8798828e+01
   4.4473490e+06   3.1311035e+01
   4.4473610e+06   2.0690918e+01
   4.4473860e+06   2.6428223e+01
   4.4474150e+06   1.8371582e+01
   4.4474410e+06   1.7700195e+01
   4.4474610e+06   1.8615723e+01
   4.4474810e+06   1.9226074e+01
   4.4475210e+06   1.8005371e+01
   4.4475340e+06   1.8737793e+01
   4.4475540e+06   1.5258789e+01
   4.4475850e+06   2.0751953e+01
   4.4476040e+06   2.4963379e+01
   4.4476270e+06   1.6967773e+01
   4.4476910e+06   2.1850586e+01
   4.4636140e+06   1.9531250e+01
   4.4636380e+06   1.9531250e+01
   4.4636660e+06   3.5278320e+01
   4.4636810e+06   2.1850586e+01
   4.4636980e+06   1.6479492e+01
   4.4637100e+06   2.2705078e+01
   4.4637260e+06   4.1625977e+01
   4.4637630e+06   2.7038574e+01
   4.4637850e+06   1.6540527e+01
   4.4638080e+06   2.0629883e+01
   4.4638440e+06   1.7150879e+01
   4.4638770e+06   1.5686035e+01
   4.4638950e+06   1.5625000e+01
   4.4639260e+06   1.8249512e+01
   4.4639810e+06   1.6540527e+01
   4.4640700e+06   1.8066406e+01
   4.4641480e+06   1.6479492e+01
   4.4642740e+06   1.5747070e+01
   4.4643680e+06   1.5502930e+01
   4.5383020e+06   1.5258789e+01
   4.5383820e+06   1.5502930e+01
   4.5384250e+06   1.6113281e+01
   4.5384560e+06   2.3498535e+01
   4.5385260e+06   1.5563965e+01
   4.5385480e+06   1.5197754e+01
   4.5385920e+06   2.9846191e+01
   4.5386220e+06   4.9255371e+01
   4.5386460e+06   1.8127441e+01
   4.5386750e+06   3.5949707e+01
   4.5386910e+06   2.4841309e+01
   4.5387090e+06   1.5808105e+01
   4.5387390e+06   1.9836426e+01
   4.5387810e+06   1.5380859e+01
   4.5388010e+06   2.1850586e+01
   4.5388540e+06   2.2094727e+01
   4.5388980e+06   1.6357422e+01
   4.5389130e+06   2.4780273e+01
   4.6234710e+06   3.3386230e+01
   4.6338640e+06   1.7883301e+01
   4.6339120e+06   2.2766113e+01
   4.6339390e+06   3.5888672e+01
   4.6339510e+06   2.2155762e+01
   4.6339640e+06   1.9958496e+01
   4.6339890e+06   1.5930176e+01
   4.6340110e+06   4.3823242e+01
   4.6340270e+06   1.6235352e+01
   4.6340500e+06   2.1301270e+01
   4.6340680e+06   2.7343750e+01
   4.6340880e+06   2.0019531e+01
   4.6341260e+06   1.8249512e+01
   4.6341510e+06   1.9042969e+01
   4.6341680e+06   1.6235352e+01
   4.6342170e+06   2.1667480e+01
   4.6342310e+06   1.8737793e+01
   4.6342750e+06   1.8615723e+01
   4.6343130e+06   1.5625000e+01
   4.6347230e+06   1.6540527e+01
   4.6517570e+06   1.8737793e+01
   4.7314560e+06   1.5319824e+01
   4.7585080e+06   2.1362305e+01
   4.7585590e+06   1.9653320e+01
   4.7585970e+06   1.5686035e+01
   4.7586310e+06   1.6845703e+01
   4.7586450e+06   1.8981934e+01
   4.7586630e+06   2.2705078e+01
   4.7587030e+06   1.9042969e+01
   4.7587230e+06   2.0690918e+01
   4.7587670e+06   4.2297363e+01
   4.7587780e+06   1.8066406e+01
   4.7587960e+06   3.4729004e+01
   4.7588100e+06   3.0883789e+01
   4.7588330e+06   2.0141602e+01
   4.7588560e+06   2.8259277e+01
   4.7588780e+06   2.9418945e+01
   4.7588910e+06   1.7639160e+01
   4.7589120e+06   2.6489258e+01
   4.7589380e+06   2.8259277e+01
   4.7589650e+06   1.9714355e+01
   4.7589920e+06   1.7944336e+01
   4.7590370e+06   1.8127441e+01
   4.7590760e+06   1.8249512e+01
   4.7590940e+06   1.8005371e+01
   4.7591150e+06   1.7272949e+01
   4.7593800e+06   1.6052246e+01
   4.7596920e+06   1.5686035e+01
   4.8599360e+06   1.7517090e+01
   4.8602420e+06   1.6052246e+01
   4.8603010e+06   2.2033691e+01
   4.8603770e+06   1.5258789e+01
   4.8604320e+06   1.8554688e+01
   4.8604670e+06   2.1179199e+01
   4.8604770e+06   1.9409180e+01
   4.8605160e+06   1.6357422e+01
   4.8605530e+06   1.7333984e+01
   4.8605670e+06   1.5991211e+01
   4.8605960e+06   1.8371582e+01
   4.8606250e+06   2.3742676e+01
   4.8606490e+06   2.2216797e+01
   4.8606970e+06   2.2399902e+01
   4.8607230e+06   3.5278320e+01
   4.8607330e+06   2.8137207e+01
   4.8607620e+06   2.5024414e+01
   4.8607770e+06   1.9409180e+01
   4.8607970e+06   1.5869141e+01
   4.8608170e+06   1.8798828e+01
   4.8608480e+06   2.1850586e+01
   4.8608740e+06   1.8981934e+01
   4.8608880e+06   1.5014648e+01
   4.8609100e+06   2.0446777e+01
   4.8609290e+06   2.8686523e+01
   4.8609490e+06   2.1972656e+01
   4.8610060e+06   1.6235352e+01
   4.8610190e+06   1.9958496e+01
   4.8610590e+06   1.5869141e+01
   4.8611150e+06   1.5136719e+01
   4.9972890e+06   1.5991211e+01
   4.9976240e+06   1.6235352e+01
   4.9978070e+06   1.6601562e+01
   4.9978440e+06   1.6296387e+01
   5.0499810e+06   1.5380859e+01
   5.0505980e+06   1.4953613e+01
   5.3527590e+06   2.1667480e+01
   5.3532420e+06   1.5319824e+01
   5.3627490e+06   1.8371582e+01
   5.3896720e+06   1.6235352e+01
   5.3897340e+06   1.4953613e+01
   5.3897460e+06   1.8615723e+01
   5.3897600e+06   1.8249512e+01
   5.3897940e+06   1.5014648e+01
   5.3898140e+06   1.8066406e+01
   5.3898790e+06   2.2338867e+01
   5.3899160e+06   1.5258789e+01
   5.3899490e+06   2.5268555e+01
   5.3899760e+06   1.8371582e+01
   5.3900100e+06   1.8554688e+01
   5.3900220e+06   1.7028809e+01
   5.3900580e+06   1.8432617e+01
   5.3900820e+06   3.3386230e+01
   5.3901240e+06   1.5686035e+01
   5.3901390e+06   3.3508301e+01
   5.3901680e+06   1.5747070e+01
   5.3901990e+06   4.2358398e+01
   5.3902110e+06   1.8920898e+01
   5.3902510e+06   3.4240723e+01
   5.3902910e+06   2.2338867e+01
   5.3903030e+06   1.5075684e+01
   5.3903210e+06   2.9785156e+01
   5.3903430e+06   1.5991211e+01
   5.3903640e+06   2.3803711e+01
   5.3904160e+06   2.0690918e+01
   5.3904940e+06   1.7150879e+01
   5.4092600e+06   1.6662598e+01
   5.4092860e+06   1.6113281e+01
   5.4093560e+06   1.5197754e+01
   5.4093860e+06   1.5136719e+01
   5.4094080e+06   1.5502930e+01
   5.4095240e+06   1.6967773e+01
   5.4095490e+06   1.5258789e+01
   5.4095620e+06   1.6418457e+01
   5.4095850e+06   1.6418457e+01
   5.4096310e+06   1.7517090e+01
   5.4096880e+06   1.6662598e+01
   5.4097060e+06   1.8615723e+01
   5.4097160e+06   2.1911621e+01
   5.4097340e+06   1.5441895e+01
   5.4097600e+06   1.9775391e+01
   5.4098040e+06   1.8310547e+01
   5.4098440e+06   1.7028809e+01
   5.4099480e+06   1.5319824e+01
   5.4099700e+06   1.8371582e+01
   5.4100320e+06   1.6967773e+01
   5.4101190e+06   1.5136719e+01
   5.4101620e+06   1.5869141e+01
   5.4102590e+06   2.0019531e+01
   5.4103080e+06   1.5625000e+01
   5.4104100e+06   1.7639160e+01
   5.4104480e+06   1.5625000e+01
   5.4105390e+06   1.5319824e+01
   5.4108710e+06   1.8310547e+01
   5.5061360e+06   3.3813477e+01
   5.5241490e+06   1.9470215e+01
   5.5242090e+06   1.7028809e+01
   5.5242550e+06   1.6174316e+01
   5.5242830e+06   2.1240234e+01
   5.5243200e+06   3.5888672e+01
   5.5243600e+06   1.5502930e+01
   5.5243790e+06   2.4780273e+01
   5.5244490e+06   2.1057129e+01
   5.5244720e+06   1.5380859e+01
   5.5244960e+06   1.7700195e+01
   5.5245280e+06   1.7272949e+01
   5.5245490e+06   2.4291992e+01
   5.5245710e+06   1.6662598e+01
   5.5246240e+06   1.6662598e+01
   5.5246840e+06   4.1564941e+01
   5.5247120e+06   1.6235352e+01
   5.5247730e+06   3.6315918e+01
   5.5247910e+06   1.8981934e+01
   5.5248100e+06   1.6296387e+01
   5.5248360e+06   1.6296387e+01
   5.5248690e+06   1.5747070e+01
   5.5249160e+06   2.2766113e+01
   5.5249900e+06   1.9653320e+01
   5.5251900e+06   1.8310547e+01
   5.5254770e+06   1.6235352e+01
   5.6027430e+06   1.5075684e+01
   5.6027830e+06   1.6357422e+01
   5.6029670e+06   1.6906738e+01
   5.6029920e+06   1.8859863e+01
   5.6030280e+06   1.7639160e+01
   5.6031120e+06   1.6052246e+01
   5.6031800e+06   1.6784668e+01
   5.6032000e+06   1.9897461e+01
   5.6032220e+06   1.8554688e+01
   5.6032570e+06   1.6174316e+01
   5.6032810e+06   1.6540527e+01
   5.6033330e+06   1.6113281e+01
   5.6033500e+06   1.9287109e+01
   5.6033900e+06   1.5991211e+01
   5.6034860e+06   2.5024414e+01
   5.6035150e+06   1.7639160e+01
   5.6036010e+06   1.6662598e+01
   5.6036740e+06   1.6052246e+01
   5.6037180e+06   1.5930176e+01
   5.6266880e+06   1.5258789e+01
   5.6698440e+06   1.6662598e+01
   5.6699210e+06   1.5075684e+01
   5.6699590e+06   1.6540527e+01
   5.6700210e+06   1.8615723e+01
   5.6700930e+06   1.9653320e+01
   5.6701280e+06   2.0446777e+01
   5.6701520e+06   1.7211914e+01
   5.6701850e+06   1.7211914e+01
   5.6702100e+06   2.5573730e+01
   5.6702500e+06   1.6662598e+01
   5.6702960e+06   1.5136719e+01
   5.6703540e+06   1.5441895e+01
   5.6703650e+06   1.5502930e+01
   5.6703820e+06   1.6845703e+01
   5.6704760e+06   1.6174316e+01
   5.6705010e+06   1.8737793e+01
   5.6705260e+06   1.5441895e+01
   5.6706740e+06   1.9226074e+01
   5.7256540e+06   3.2714844e+01
   5.8071700e+06   1.5991211e+01
   5.9017120e+06   1.8310547e+01
   5.9017470e+06   2.2827148e+01
   5.9017730e+06   1.6906738e+01
   5.9018100e+06   1.7211914e+01
   5.9018650e+06   1.5258789e+01
   5.9018970e+06   2.3864746e+01
   5.9019190e+06   1.6723633e+01
   5.9019390e+06   1.6174316e+01
   5.9019680e+06   1.5136719e+01
   5.9020100e+06   1.6357422e+01
   5.9020440e+06   2.0202637e+01
   5.9020550e+06   2.1362305e+01
   5.9021490e+06   1.5319824e+01
   5.9021690e+06   1.7944336e+01
   5.9022450e+06   1.5197754e+01
   5.9023180e+06   2.2521973e+01
   5.9023340e+06   1.8554688e+01
   5.9023930e+06   1.8432617e+01
   5.9024370e+06   1.5869141e+01
   5.9025400e+06   2.2460938e+01
   5.9026810e+06   1.6540527e+01
