   5.9990000e+06   0.0000000e+00
   3.3482700e+05   3.0639648e+01
   3.3490800e+05   1.9897461e+01
   3.3492600e+05   1.9165039e+01
   3.3495600e+05   2.5512695e+01
   3.3497700e+05   1.5686035e+01
   3.3502800e+05   1.6723633e+01
   3.3506400e+05   1.5686035e+01
   4.2692200e+05   1.9592285e+01
   4.2695900e+05   1.7883301e+01
   4.2699200e+05   1.6235352e+01
   4.2713900e+05   1.5747070e+01
   6.7635900e+05   1.6601562e+01
   8.0537400e+05   1.5319824e+01
   9.9723200e+05   1.6540527e+01
   1.5695520e+06   2.1240234e+01
   1.5697510e+06   1.5686035e+01
   1.5697700e+06   2.6672363e+01
   1.5698220e+06   1.8981934e+01
   1.5699060e+06   1.5319824e+01
   1.5700440e+06   1.6906738e+01
   1.5828780e+06   1.5625000e+01
   1.5831190e+06   1.9470215e+01
   1.5831860e+06   1.9165039e+01
   1.5832040e+06   1.8554688e+01
   1.5832220e+06   2.8503418e+01
   1.5832860e+06   1.7883301e+01
   1.5833040e+06   1.5686035e+01
   1.5833450e+06   1.5686035e+01
   1.5833800e+06   1.9042969e+01
   1.5994500e+06   1.7517090e+01
   1.5994870e+06   1.7944336e+01
   1.5995020e+06   2.1301270e+01
   1.5995330e+06   1.7578125e+01
   1.5995440e+06   1.6235352e+01
   1.6001400e+06   1.6540527e+01
   1.7163930e+06   1.5441895e+01
   1.7164680e+06   1.6662598e+01
   1.7164820e+06   1.9165039e+01
   1.7165130e+06   1.9653320e+01
   1.7165310e+06   2.0019531e+01
   1.7165440e+06   1.5502930e+01
   1.7165660e+06   1.7028809e+01
   1.8541310e+06   1.6235352e+01
   1.8542880e+06   1.6235352e+01
   1.8543210e+06   1.9714355e+01
   1.8543650e+06   1.7333984e+01
   1.8543760e+06   2.5939941e+01
   1.8544360e+06   1.8737793e+01
   1.8545240e+06   1.5563965e+01
   1.8546110e+06   1.6418457e+01
   1.9270100e+06   1.9592285e+01
   1.9270310e+06   2.1301270e+01
   1.9270880e+06   1.9287109e+01
   1.9271000e+06   2.5085449e+01
   1.9271530e+06   1.7822266e+01
   1.9271870e+06   1.8737793e+01
   1.9272120e+06   1.8737793e+01
   1.9272360e+06   1.9531250e+01
   1.9272560e+06   1.6662598e+01
   1.9272820e+06   1.5991211e+01
   2.0217850e+06   1.6784668e+01
   2.0218170e+06   1.7517090e+01
   2.0218360e+06   1.8493652e+01
   2.0218830e+06   1.7883301e+01
   2.0219300e+06   1.5441895e+01
   2.0219590e+06   1.5747070e+01
   2.0219900e+06   1.9897461e+01
   2.0220730e+06   1.5991211e+01
   2.1107110e+06   2.0996094e+01
   2.1108530e+06   1.7822266e+01
   2.1109900e+06   1.8981934e+01
   2.1110940e+06   2.0996094e+01
   2.3827820e+06   1.5258789e+01
   2.6124490e+06   1.5625000e+01
   2.6127870e+06   1.6357422e+01
   2.7322050e+06   1.5625000e+01
   3.1136370e+06   2.0874023e+01
   3.1137290e+06   2.2949219e+01
   3.1137800e+06   1.9775391e+01
   3.1138780e+06   1.7395020e+01
   3.5260750e+06   1.6113281e+01
   3.5261600e+06   2.2766113e+01
   3.5439320e+06   1.6174316e+01
   3.6755750e+06   1.5625000e+01
   4.1068130e+06   1.5747070e+01
   4.1069440e+06   1.8981934e+01
   4.1070170e+06   1.6357422e+01
   4.1070390e+06   1.8310547e+01
   4.1070640e+06   1.9165039e+01
   4.1070840e+06   1.7150879e+01
   4.1071380e+06   1.6845703e+01
   4.1071840e+06   1.7028809e+01
   4.2209070e+06   1.8920898e+01
   4.2209940e+06   1.9226074e+01
   4.2210450e+06   1.7395020e+01
   4.2210790e+06   1.6845703e+01
   4.2212140e+06   1.7028809e+01
   4.2677020e+06   1.5441895e+01
   4.3142530e+06   2.1789551e+01
   4.3143170e+06   1.9958496e+01
   4.3143970e+06   2.3803711e+01
   4.3144170e+06   1.8066406e+01
   4.3145200e+06   1.9226074e+01
   4.3316690e+06   1.8127441e+01
   4.3515650e+06   1.6784668e+01
   4.3516260e+06   1.9470215e+01
   4.3516650e+06   1.7089844e+01
   4.3516810e+06   2.1057129e+01
   4.3517150e+06   1.5930176e+01
   4.3517350e+06   1.5686035e+01
   4.3517640e+06   1.6906738e+01
   4.3519130e+06   1.5686035e+01
   4.4471230e+06   2.0385742e+01
   4.4471680e+06   1.5686035e+01
   4.4472320e+06   2.2888184e+01
   4.4472590e+06   1.8310547e+01
   4.4472910e+06   1.5441895e+01
   4.4473250e+06   1.8676758e+01
   4.4473600e+06   1.8066406e+01
   4.4474540e+06   1.5930176e+01
   4.4631540e+06   1.9836426e+01
   4.4634030e+06   1.5808105e+01
   4.4635600e+06   1.5686035e+01
   4.4636240e+06   2.4475098e+01
   4.4636450e+06   1.7456055e+01
   4.4636610e+06   2.0996094e+01
   4.4637220e+06   1.5869141e+01
   4.4762940e+06   1.6540527e+01
   4.4806300e+06   1.7700195e+01
   4.5385000e+06   2.6062012e+01
   4.5385710e+06   1.7272949e+01
   4.5385900e+06   1.6906738e+01
   4.5386170e+06   2.2644043e+01
   4.5386330e+06   1.7272949e+01
   4.5387170e+06   1.5502930e+01
   4.6336970e+06   1.8615723e+01
   4.6338130e+06   1.6479492e+01
   4.6338890e+06   1.9836426e+01
   4.6339030e+06   2.1423340e+01
   4.6339260e+06   2.3498535e+01
   4.6339470e+06   1.7639160e+01
   4.6339800e+06   1.6052246e+01
   4.6339980e+06   1.5625000e+01
   4.6340530e+06   1.9531250e+01
   4.7576360e+06   1.8615723e+01
   4.7588140e+06   1.8188477e+01
   4.7588560e+06   2.5817871e+01
   4.7588940e+06   1.5991211e+01
   4.7589160e+06   1.5625000e+01
   4.8606010e+06   1.6174316e+01
   4.8607710e+06   2.0568848e+01
   4.8608160e+06   1.5441895e+01
   4.8608370e+06   1.6357422e+01
   4.8608500e+06   1.9775391e+01
   4.8608730e+06   1.6357422e+01
   4.8609080e+06   1.5625000e+01
   5.3253940e+06   2.2644043e+01
   5.3898560e+06   1.6052246e+01
   5.3900570e+06   1.8127441e+01
   5.3900990e+06   1.8676758e+01
   5.3901390e+06   2.1484375e+01
   5.4094560e+06   1.5869141e+01
   5.4097890e+06   1.8310547e+01
   5.4098590e+06   1.7639160e+01
   5.4099290e+06   1.7028809e+01
   5.4100680e+06   1.7944336e+01
   5.4101890e+06   2.1423340e+01
   5.5245280e+06   1.9042969e+01
   5.5245820e+06   1.5441895e+01
   5.5246860e+06   1.5930176e+01
   5.5247030e+06   1.6540527e+01
   5.6701000e+06   1.6601562e+01
   5.6702180e+06   1.8066406e+01
   5.6704940e+06   1.6113281e+01
   5.9020830e+06   1.6113281e+01
   5.9021010e+06   1.7150879e+01
   5.9021220e+06   2.0141602e+01
   5.9022040e+06   1.8554688e+01
