   5.9990000e+06   0.0000000e+00
   1.1868000e+04   1.6357422e+01
   1.4999000e+04   1.7089844e+01
   1.1317500e+05   1.6601562e+01
   1.6512800e+05   2.1667480e+01
   1.6538300e+05   1.7395020e+01
   1.6571400e+05   1.5747070e+01
   1.6582500e+05   1.7150879e+01
   1.6583800e+05   1.6296387e+01
   1.6597100e+05   2.2277832e+01
   1.6601900e+05   2.1118164e+01
   1.6663400e+05   2.0141602e+01
   1.6701900e+05   1.9836426e+01
   1.6705400e+05   1.7089844e+01
   1.7945200e+05   1.6296387e+01
   1.8053800e+05   1.6479492e+01
   1.8057100e+05   1.8005371e+01
   2.8016000e+05   2.0202637e+01
   3.3496400e+05   2.2705078e+01
   3.3498000e+05   2.6855469e+01
   3.3500300e+05   5.2673340e+01
   3.3502200e+05   3.9001465e+01
   3.3505000e+05   3.6071777e+01
   3.3506300e+05   7.0861816e+01
   3.3508200e+05   3.7963867e+01
   3.3511100e+05   4.1381836e+01
   3.3512500e+05   2.4475098e+01
   3.3516200e+05   2.3071289e+01
   3.3518500e+05   2.2583008e+01
   3.3520600e+05   1.6357422e+01
   3.3523000e+05   2.4902344e+01
   3.3524200e+05   1.8615723e+01
   3.3528600e+05   1.7883301e+01
   3.3531100e+05   2.2827148e+01
   3.3534800e+05   1.7517090e+01
   3.3541100e+05   2.4963379e+01
   3.3542200e+05   1.8554688e+01
   3.3545500e+05   1.6174316e+01
   3.3551700e+05   1.9470215e+01
   3.3555400e+05   1.6601562e+01
   3.3570200e+05   1.6357422e+01
   3.3588800e+05   1.6662598e+01
   3.3675000e+05   1.6418457e+01
   3.3705800e+05   1.7028809e+01
   3.3741900e+05   1.6601562e+01
   3.3763400e+05   1.5625000e+01
   3.3813500e+05   1.6479492e+01
   3.3828400e+05   1.5747070e+01
   3.3859400e+05   1.6174316e+01
   3.3870000e+05   1.8371582e+01
   3.3885900e+05   1.7089844e+01
   3.3890800e+05   1.5930176e+01
   3.3926300e+05   1.6723633e+01
   3.3944000e+05   1.5686035e+01
   3.3973100e+05   1.8920898e+01
   3.3991800e+05   1.5808105e+01
   3.4030600e+05   1.6113281e+01
   3.4123900e+05   1.5869141e+01
   3.4216400e+05   1.8066406e+01
   3.4297200e+05   1.5869141e+01
   3.4310000e+05   1.6540527e+01
   4.2652800e+05   1.5563965e+01
   4.2658600e+05   1.6418457e+01
   4.2661000e+05   1.7639160e+01
   4.2667400e+05   1.7456055e+01
   4.2669100e+05   1.6540527e+01
   4.2672300e+05   2.9663086e+01
   4.2673600e+05   1.5563965e+01
   4.2676700e+05   1.6723633e+01
   4.2680100e+05   2.0568848e+01
   4.2682900e+05   1.9714355e+01
   4.2684800e+05   2.0690918e+01
   4.2687800e+05   2.5268555e+01
   4.2688800e+05   2.5207520e+01
   4.2692100e+05   2.9357910e+01
   4.2693400e+05   2.3742676e+01
   4.2695800e+05   1.7883301e+01
   4.2697900e+05   2.0446777e+01
   4.2699400e+05   1.8249512e+01
   4.2700500e+05   1.8066406e+01
   4.2702100e+05   3.8879395e+01
   4.2703700e+05   3.1921387e+01
   4.2705500e+05   1.8676758e+01
   4.2706600e+05   5.3955078e+01
   4.2708500e+05   2.5573730e+01
   4.2709700e+05   1.7150879e+01
   4.2711700e+05   2.3925781e+01
   4.2714000e+05   3.9794922e+01
   4.2716500e+05   2.1057129e+01
   4.2717600e+05   2.4475098e+01
   4.2718600e+05   1.6174316e+01
   4.2720800e+05   2.0996094e+01
   4.2722200e+05   2.1789551e+01
   4.2726600e+05   3.3142090e+01
   4.2730000e+05   2.1667480e+01
   4.2731900e+05   1.5869141e+01
   4.2734500e+05   2.1667480e+01
   4.2737800e+05   1.8676758e+01
   4.2744300e+05   2.1423340e+01
   4.2762300e+05   1.9775391e+01
   4.2782500e+05   1.6357422e+01
   4.2802600e+05   2.2827148e+01
   4.2821100e+05   2.2094727e+01
   4.2852300e+05   1.6052246e+01
   4.2857200e+05   1.5869141e+01
   4.2872600e+05   1.5686035e+01
   4.2881600e+05   1.7639160e+01
   4.2907900e+05   1.7150879e+01
   4.2925100e+05   1.7761230e+01
   4.2931600e+05   1.7517090e+01
   4.2953900e+05   1.5991211e+01
   6.7211300e+05   1.9836426e+01
   6.7622800e+05   1.7639160e+01
   6.7625200e+05   1.5991211e+01
   6.7629100e+05   2.5451660e+01
   6.7630900e+05   2.1667480e+01
   6.7634500e+05   1.7333984e+01
   6.7637700e+05   1.8859863e+01
   6.7639600e+05   1.6845703e+01
   6.7643500e+05   1.6723633e+01
   6.7644500e+05   2.2338867e+01
   6.7647100e+05   1.9958496e+01
   6.7648200e+05   1.8310547e+01
   6.7651200e+05   1.9958496e+01
   6.7653700e+05   2.7648926e+01
   6.7657000e+05   3.1311035e+01
   6.7660800e+05   2.5573730e+01
   6.7664100e+05   2.3376465e+01
   6.7666800e+05   2.5451660e+01
   6.7672300e+05   2.3681641e+01
   6.7681000e+05   1.5808105e+01
   6.7684700e+05   1.7456055e+01
   6.7686400e+05   2.8686523e+01
   6.7688400e+05   1.7639160e+01
   6.7692200e+05   2.5817871e+01
   6.7697700e+05   1.7700195e+01
   7.3890500e+05   1.8676758e+01
   8.0518600e+05   1.8005371e+01
   8.0528900e+05   2.1484375e+01
   8.0530800e+05   1.9531250e+01
   8.0540500e+05   2.6000977e+01
   8.0543700e+05   2.1484375e+01
   8.0544900e+05   1.5625000e+01
   8.0551300e+05   2.4475098e+01
   8.0556600e+05   1.9592285e+01
   8.0558700e+05   2.6428223e+01
   8.0563100e+05   4.7851562e+01
   8.0564900e+05   2.0812988e+01
   8.0573200e+05   1.8127441e+01
   8.0575200e+05   1.8920898e+01
   8.0578500e+05   2.4780273e+01
   8.0583200e+05   1.5747070e+01
   8.0585700e+05   2.1789551e+01
   8.0587000e+05   2.5024414e+01
   8.0595000e+05   1.5808105e+01
   8.0601800e+05   1.7761230e+01
   8.0609700e+05   1.9287109e+01
   8.0612700e+05   1.6052246e+01
   8.0630100e+05   1.6540527e+01
   8.0637000e+05   1.5625000e+01
   8.0654800e+05   1.5625000e+01
   8.0672000e+05   1.8737793e+01
   8.0677800e+05   1.5869141e+01
   8.0709200e+05   1.6784668e+01
   9.3735100e+05   2.0080566e+01
   9.3749400e+05   1.9775391e+01
   9.3755000e+05   1.5869141e+01
   9.3775900e+05   1.5991211e+01
   9.3787600e+05   2.2033691e+01
   9.3801900e+05   1.6113281e+01
   9.3806300e+05   1.7089844e+01
   9.3817200e+05   1.6113281e+01
   9.3849200e+05   2.7221680e+01
   9.3862500e+05   2.0202637e+01
   9.3878400e+05   1.8432617e+01
   9.3901100e+05   1.8188477e+01
   9.3910300e+05   1.7700195e+01
   9.3960300e+05   1.5563965e+01
   9.6963700e+05   1.8493652e+01
   9.6983700e+05   1.9348145e+01
   9.7008800e+05   1.6784668e+01
   9.7027900e+05   1.5563965e+01
   9.7049800e+05   1.8127441e+01
   9.7068000e+05   2.1789551e+01
   9.7072400e+05   1.9287109e+01
   9.7086800e+05   1.5563965e+01
   9.7095200e+05   1.6845703e+01
   9.7102700e+05   1.6906738e+01
   9.7111800e+05   1.5686035e+01
   9.7118600e+05   1.5930176e+01
   9.7130800e+05   1.6967773e+01
   9.7133500e+05   1.9226074e+01
   9.7142400e+05   1.7150879e+01
   9.7152500e+05   1.6174316e+01
   9.7157000e+05   2.1789551e+01
   9.7176500e+05   1.6662598e+01
   9.7185300e+05   1.6418457e+01
   9.7187500e+05   1.6235352e+01
   9.7198100e+05   1.5625000e+01
   9.7257500e+05   1.7211914e+01
   9.9687600e+05   1.5869141e+01
   9.9690500e+05   1.6418457e+01
   9.9696300e+05   1.5625000e+01
   9.9701400e+05   1.6357422e+01
   9.9703200e+05   2.1423340e+01
   9.9711200e+05   1.9958496e+01
   9.9713600e+05   1.9042969e+01
   9.9724300e+05   1.5808105e+01
   9.9725600e+05   2.0996094e+01
   9.9727600e+05   2.0935059e+01
   9.9730700e+05   1.5869141e+01
   9.9732100e+05   1.9104004e+01
   9.9736200e+05   2.9968262e+01
   9.9746300e+05   1.8371582e+01
   9.9750400e+05   1.7883301e+01
   9.9755300e+05   1.8981934e+01
   9.9762500e+05   1.7028809e+01
   9.9763600e+05   1.9042969e+01
   9.9772900e+05   1.8066406e+01
   9.9780900e+05   2.4658203e+01
   9.9787800e+05   1.7395020e+01
   9.9790500e+05   1.7395020e+01
   9.9802900e+05   1.9348145e+01
   9.9810600e+05   1.6601562e+01
   9.9833400e+05   1.5991211e+01
   1.0082720e+06   1.5563965e+01
   1.1561800e+06   1.6906738e+01
   1.1564890e+06   1.8676758e+01
   1.1565000e+06   2.3864746e+01
   1.1565410e+06   1.7883301e+01
   1.1565640e+06   1.9653320e+01
   1.1565770e+06   1.6662598e+01
   1.1566040e+06   1.6967773e+01
   1.1566200e+06   1.6723633e+01
   1.1566620e+06   1.6601562e+01
   1.1567300e+06   1.6723633e+01
   1.1567640e+06   2.0751953e+01
   1.1567750e+06   2.0019531e+01
   1.1568330e+06   1.7211914e+01
   1.1568540e+06   1.6906738e+01
   1.1568830e+06   2.0263672e+01
   1.1569320e+06   2.1362305e+01
   1.1569640e+06   1.8310547e+01
   1.1569790e+06   2.1301270e+01
   1.1569990e+06   3.0456543e+01
   1.1570270e+06   2.8808594e+01
   1.1572090e+06   1.7333984e+01
   1.1580240e+06   1.6723633e+01
   1.1583040e+06   1.6418457e+01
   1.2414200e+06   1.6540527e+01
   1.2418260e+06   1.9165039e+01
   1.2419320e+06   1.6540527e+01
   1.2425110e+06   1.6845703e+01
   1.2425830e+06   1.7883301e+01
   1.2427090e+06   2.0263672e+01
   1.2427440e+06   1.6967773e+01
   1.2428530e+06   1.9653320e+01
   1.2429210e+06   2.3010254e+01
   1.2430620e+06   1.5563965e+01
   1.2430900e+06   1.9897461e+01
   1.2431480e+06   2.0263672e+01
   1.2432750e+06   1.5869141e+01
   1.2435030e+06   1.6662598e+01
   1.2435350e+06   1.6235352e+01
   1.2436670e+06   1.6357422e+01
   1.2437700e+06   1.6967773e+01
   1.2439110e+06   1.8737793e+01
   1.2443920e+06   1.5747070e+01
   1.2444120e+06   1.5686035e+01
   1.4170640e+06   1.5686035e+01
   1.4174160e+06   1.5625000e+01
   1.4182560e+06   1.7211914e+01
   1.4995840e+06   1.7883301e+01
   1.5165580e+06   1.5625000e+01
   1.5695730e+06   1.6174316e+01
   1.5698390e+06   2.0996094e+01
   1.5698570e+06   2.4353027e+01
   1.5698740e+06   4.3762207e+01
   1.5699070e+06   5.8715820e+01
   1.5699270e+06   2.7587891e+01
   1.5699420e+06   3.3813477e+01
   1.5699550e+06   5.1452637e+01
   1.5699760e+06   1.9714355e+01
   1.5699960e+06   2.4841309e+01
   1.5700170e+06   2.6977539e+01
   1.5700310e+06   2.4291992e+01
   1.5700740e+06   2.6367188e+01
   1.5700990e+06   1.5930176e+01
   1.5701100e+06   2.5268555e+01
   1.5701240e+06   1.8066406e+01
   1.5701400e+06   3.2104492e+01
   1.5701830e+06   1.5563965e+01
   1.5702200e+06   1.7578125e+01
   1.5702440e+06   2.4597168e+01
   1.5702720e+06   1.8920898e+01
   1.5702850e+06   1.9104004e+01
   1.5703410e+06   1.6662598e+01
   1.5703780e+06   1.9165039e+01
   1.5704150e+06   1.7211914e+01
   1.5704880e+06   1.7944336e+01
   1.5706210e+06   2.4719238e+01
   1.5706750e+06   1.6540527e+01
   1.5707680e+06   1.6784668e+01
   1.5710110e+06   1.8554688e+01
   1.5710980e+06   1.6357422e+01
   1.5712260e+06   1.6357422e+01
   1.5716140e+06   1.7089844e+01
   1.5724220e+06   1.6723633e+01
   1.5725280e+06   1.5991211e+01
   1.5726330e+06   1.7211914e+01
   1.5729070e+06   1.5563965e+01
   1.5730360e+06   1.7578125e+01
   1.5738470e+06   1.5625000e+01
   1.5739990e+06   1.5747070e+01
   1.5740990e+06   1.5625000e+01
   1.5742930e+06   2.0629883e+01
   1.5743440e+06   1.5563965e+01
   1.5744090e+06   1.6235352e+01
   1.5744730e+06   1.6357422e+01
   1.5746420e+06   1.6357422e+01
   1.5751600e+06   1.8554688e+01
   1.5825020e+06   1.8005371e+01
   1.5829910e+06   1.6174316e+01
   1.5830740e+06   2.1118164e+01
   1.5830980e+06   1.6296387e+01
   1.5831270e+06   2.4230957e+01
   1.5831540e+06   2.5207520e+01
   1.5831810e+06   2.4597168e+01
   1.5832010e+06   2.8076172e+01
   1.5832110e+06   2.6977539e+01
   1.5832400e+06   3.2470703e+01
   1.5832580e+06   3.0944824e+01
   1.5832740e+06   6.0485840e+01
   1.5832960e+06   2.4353027e+01
   1.5833070e+06   2.3681641e+01
   1.5833250e+06   2.7709961e+01
   1.5833520e+06   3.7536621e+01
   1.5833630e+06   2.9663086e+01
   1.5833890e+06   3.0639648e+01
   1.5834170e+06   3.3569336e+01
   1.5834320e+06   2.5268555e+01
   1.5834450e+06   2.2094727e+01
   1.5834860e+06   2.9235840e+01
   1.5835130e+06   2.6062012e+01
   1.5835360e+06   2.2583008e+01
   1.5835590e+06   1.6174316e+01
   1.5835920e+06   2.1728516e+01
   1.5836040e+06   1.8920898e+01
   1.5836390e+06   1.8432617e+01
   1.5837070e+06   1.8920898e+01
   1.5837180e+06   1.8432617e+01
   1.5838630e+06   1.5563965e+01
   1.5839050e+06   1.6296387e+01
   1.5840440e+06   1.5686035e+01
   1.5840830e+06   1.8920898e+01
   1.5841010e+06   1.7395020e+01
   1.5841600e+06   1.5625000e+01
   1.5841820e+06   1.8676758e+01
   1.5842280e+06   1.6662598e+01
   1.5842580e+06   1.6296387e+01
   1.5843360e+06   1.8249512e+01
   1.5844870e+06   1.7822266e+01
   1.5845860e+06   1.6113281e+01
   1.5846160e+06   2.0263672e+01
   1.5846530e+06   1.6113281e+01
   1.5846750e+06   2.2949219e+01
   1.5847490e+06   1.6418457e+01
   1.5847900e+06   1.7211914e+01
   1.5848450e+06   1.7456055e+01
   1.5849080e+06   1.8249512e+01
   1.5849610e+06   1.6967773e+01
   1.5850210e+06   1.6113281e+01
   1.5855400e+06   1.8981934e+01
   1.5855920e+06   1.7333984e+01
   1.5857030e+06   1.9042969e+01
   1.5858060e+06   1.5625000e+01
   1.5859540e+06   1.6479492e+01
   1.5860170e+06   1.5686035e+01
   1.5860760e+06   1.8310547e+01
   1.5868920e+06   1.5930176e+01
   1.5869740e+06   1.6235352e+01
   1.5982870e+06   1.6967773e+01
   1.5986970e+06   1.7639160e+01
   1.5990940e+06   1.8127441e+01
   1.5991710e+06   1.7333984e+01
   1.5992000e+06   2.4841309e+01
   1.5992210e+06   1.6601562e+01
   1.5992510e+06   1.8005371e+01
   1.5992650e+06   1.6540527e+01
   1.5992880e+06   1.6235352e+01
   1.5993020e+06   1.7456055e+01
   1.5993120e+06   2.6977539e+01
   1.5993420e+06   2.3681641e+01
   1.5993590e+06   2.7648926e+01
   1.5993840e+06   1.7028809e+01
   1.5994030e+06   4.1992188e+01
   1.5994320e+06   3.4729004e+01
   1.5994480e+06   2.8198242e+01
   1.5994600e+06   4.7180176e+01
   1.5994720e+06   2.9418945e+01
   1.5995000e+06   3.5888672e+01
   1.5995310e+06   4.7485352e+01
   1.5995500e+06   2.5878906e+01
   1.5995650e+06   2.1423340e+01
   1.5995750e+06   1.6113281e+01
   1.5995910e+06   2.6367188e+01
   1.5996170e+06   2.4353027e+01
   1.5996410e+06   2.0996094e+01
   1.5996520e+06   1.8249512e+01
   1.5996790e+06   2.1972656e+01
   1.5996970e+06   1.8310547e+01
   1.5997730e+06   1.7211914e+01
   1.5997970e+06   2.6184082e+01
   1.5998460e+06   1.7822266e+01
   1.5998800e+06   1.6174316e+01
   1.5999170e+06   2.3498535e+01
   1.5999980e+06   1.8005371e+01
   1.6000170e+06   1.7089844e+01
   1.6001090e+06   1.6418457e+01
   1.6001500e+06   1.8249512e+01
   1.6002390e+06   1.6418457e+01
   1.6002740e+06   1.6906738e+01
   1.6003080e+06   1.7578125e+01
   1.6003370e+06   1.5869141e+01
   1.6004020e+06   1.5686035e+01
   1.6004290e+06   1.6967773e+01
   1.6004650e+06   1.8066406e+01
   1.6004880e+06   1.6662598e+01
   1.6005250e+06   1.6601562e+01
   1.6005740e+06   1.6662598e+01
   1.6006010e+06   2.0446777e+01
   1.6006350e+06   1.6906738e+01
   1.6006550e+06   1.5869141e+01
   1.6007780e+06   1.6235352e+01
   1.6008840e+06   1.7517090e+01
   1.6009580e+06   1.5625000e+01
   1.6010850e+06   1.7578125e+01
   1.6011200e+06   1.9531250e+01
   1.6011710e+06   1.5869141e+01
   1.6012470e+06   1.6113281e+01
   1.6016450e+06   1.7272949e+01
   1.6019410e+06   1.5991211e+01
   1.6021930e+06   1.7028809e+01
   1.6024140e+06   1.6235352e+01
   1.6025090e+06   1.6845703e+01
   1.6026060e+06   1.8188477e+01
   1.6027060e+06   1.8554688e+01
   1.6028110e+06   1.6052246e+01
   1.6029040e+06   1.5930176e+01
   1.6216270e+06   1.5869141e+01
   1.6247300e+06   1.7761230e+01
   1.6535080e+06   1.5930176e+01
   1.7163310e+06   1.7333984e+01
   1.7164030e+06   1.8310547e+01
   1.7164410e+06   3.2409668e+01
   1.7164660e+06   1.5869141e+01
   1.7164800e+06   2.3681641e+01
   1.7165050e+06   2.1362305e+01
   1.7165290e+06   4.5410156e+01
   1.7165460e+06   4.7973633e+01
   1.7165570e+06   2.9357910e+01
   1.7165790e+06   2.3498535e+01
   1.7166010e+06   4.1076660e+01
   1.7166140e+06   3.1066895e+01
   1.7166420e+06   3.9550781e+01
   1.7166570e+06   2.3559570e+01
   1.7166720e+06   3.1921387e+01
   1.7166990e+06   3.0822754e+01
   1.7167160e+06   2.2277832e+01
   1.7167300e+06   3.2775879e+01
   1.7167480e+06   2.4719238e+01
   1.7167750e+06   2.4597168e+01
   1.7168090e+06   2.0996094e+01
   1.7168260e+06   1.9165039e+01
   1.7168940e+06   2.6306152e+01
   1.7169910e+06   2.3681641e+01
   1.7170340e+06   1.5686035e+01
   1.7171080e+06   1.5808105e+01
   1.7171360e+06   1.7822266e+01
   1.7171990e+06   1.5747070e+01
   1.7172390e+06   1.7089844e+01
   1.7173480e+06   1.7456055e+01
   1.7174000e+06   1.7211914e+01
   1.7174900e+06   1.6967773e+01
   1.7180890e+06   1.9287109e+01
   1.7184310e+06   1.5686035e+01
   1.7186670e+06   1.8981934e+01
   1.7189300e+06   1.5869141e+01
   1.7190610e+06   1.5869141e+01
   1.7193020e+06   1.5869141e+01
   1.7199020e+06   1.5563965e+01
   1.7200440e+06   1.7272949e+01
   1.7203510e+06   1.6174316e+01
   1.7205210e+06   1.8188477e+01
   1.7205760e+06   1.5563965e+01
   1.7207600e+06   1.6540527e+01
   1.7210460e+06   1.6235352e+01
   1.7212720e+06   1.6357422e+01
   1.7215530e+06   1.5747070e+01
   1.7218870e+06   1.9287109e+01
   1.8526260e+06   1.5869141e+01
   1.8539730e+06   2.1362305e+01
   1.8540180e+06   2.0996094e+01
   1.8540540e+06   1.6418457e+01
   1.8540890e+06   2.2033691e+01
   1.8541210e+06   1.8371582e+01
   1.8541360e+06   1.5869141e+01
   1.8541500e+06   1.6174316e+01
   1.8541860e+06   2.3681641e+01
   1.8542020e+06   2.7893066e+01
   1.8542140e+06   1.6113281e+01
   1.8542420e+06   2.7648926e+01
   1.8542550e+06   1.6113281e+01
   1.8542670e+06   2.3498535e+01
   1.8542960e+06   3.2714844e+01
   1.8543210e+06   3.6987305e+01
   1.8543410e+06   3.0212402e+01
   1.8543600e+06   3.0822754e+01
   1.8543770e+06   3.6987305e+01
   1.8544010e+06   2.8625488e+01
   1.8544140e+06   1.8920898e+01
   1.8544430e+06   3.1677246e+01
   1.8544530e+06   2.3925781e+01
   1.8544860e+06   3.3569336e+01
   1.8545000e+06   3.1860352e+01
   1.8545210e+06   2.6184082e+01
   1.8545370e+06   3.1311035e+01
   1.8545780e+06   2.2399902e+01
   1.8546400e+06   2.3254395e+01
   1.8546650e+06   1.8005371e+01
   1.8546860e+06   2.3132324e+01
   1.8547410e+06   2.4047852e+01
   1.8548680e+06   1.6296387e+01
   1.8549260e+06   1.9531250e+01
   1.8551700e+06   1.6296387e+01
   1.8553270e+06   1.6906738e+01
   1.8578790e+06   1.5991211e+01
   1.9271110e+06   2.0690918e+01
   1.9271330e+06   1.8676758e+01
   1.9271730e+06   2.7038574e+01
   1.9271900e+06   5.1757812e+01
   1.9272230e+06   3.3752441e+01
   1.9272480e+06   5.4992676e+01
   1.9272590e+06   3.0090332e+01
   1.9272710e+06   3.2165527e+01
   1.9272890e+06   2.4414062e+01
   1.9273030e+06   2.8808594e+01
   1.9273280e+06   2.3742676e+01
   1.9273510e+06   2.9663086e+01
   1.9273870e+06   3.3325195e+01
   1.9274340e+06   2.0690918e+01
   1.9274710e+06   1.9470215e+01
   1.9275200e+06   1.9714355e+01
   1.9275590e+06   1.9042969e+01
   1.9276090e+06   2.2888184e+01
   1.9276340e+06   1.6052246e+01
   1.9276470e+06   1.8981934e+01
   1.9277010e+06   1.6418457e+01
   1.9277370e+06   1.8859863e+01
   1.9278580e+06   1.5930176e+01
   1.9279090e+06   1.6479492e+01
   1.9280010e+06   1.9531250e+01
   1.9286400e+06   1.7272949e+01
   1.9287880e+06   1.6662598e+01
   1.9292000e+06   1.6174316e+01
   1.9294040e+06   1.6906738e+01
   1.9298750e+06   1.6601562e+01
   1.9299620e+06   1.5930176e+01
   1.9301190e+06   1.7089844e+01
   1.9304420e+06   1.5563965e+01
   1.9307630e+06   1.6662598e+01
   2.0215360e+06   2.4841309e+01
   2.0215830e+06   1.9409180e+01
   2.0215950e+06   3.2775879e+01
   2.0216500e+06   3.0029297e+01
   2.0216650e+06   1.6967773e+01
   2.0216970e+06   4.8950195e+01
   2.0217200e+06   1.9470215e+01
   2.0217480e+06   3.1066895e+01
   2.0217750e+06   3.4667969e+01
   2.0217890e+06   2.0629883e+01
   2.0218160e+06   4.7912598e+01
   2.0218340e+06   2.2583008e+01
   2.0218480e+06   3.0517578e+01
   2.0218770e+06   2.7648926e+01
   2.0219070e+06   1.9409180e+01
   2.0219230e+06   2.2460938e+01
   2.0219520e+06   3.8452148e+01
   2.0219810e+06   2.1728516e+01
   2.0219970e+06   1.5869141e+01
   2.0220310e+06   3.1494141e+01
   2.0220440e+06   3.3630371e+01
   2.0221030e+06   2.4536133e+01
   2.0221170e+06   1.6540527e+01
   2.0221540e+06   1.6113281e+01
   2.0221840e+06   1.9287109e+01
   2.0222380e+06   1.7028809e+01
   2.0223040e+06   1.7089844e+01
   2.0223190e+06   1.7517090e+01
   2.0224290e+06   1.8371582e+01
   2.0224440e+06   1.5930176e+01
   2.0224910e+06   1.6601563e+01
   2.0225620e+06   1.6418457e+01
   2.0227040e+06   1.5747070e+01
   2.0227840e+06   1.6967773e+01
   2.0229810e+06   1.5747070e+01
   2.0231870e+06   1.5930176e+01
   2.0235010e+06   1.5869141e+01
   2.0243990e+06   1.7517090e+01
   2.0249530e+06   1.5869141e+01
   2.0255530e+06   1.6357422e+01
   2.0366370e+06   1.5625000e+01
   2.1107660e+06   1.6723633e+01
   2.1107790e+06   1.7028809e+01
   2.1107940e+06   1.8310547e+01
   2.1108150e+06   1.8188477e+01
   2.1108360e+06   2.0874023e+01
   2.1108520e+06   2.6000977e+01
   2.1108850e+06   2.0141602e+01
   2.1108990e+06   1.7150879e+01
   2.1109270e+06   4.4738770e+01
   2.1109540e+06   5.5541992e+01
   2.1109660e+06   2.7893066e+01
   2.1109960e+06   2.4353027e+01
   2.1110210e+06   2.9418945e+01
   2.1110330e+06   3.4667969e+01
   2.1110480e+06   2.4291992e+01
   2.1110730e+06   3.1677246e+01
   2.1110870e+06   4.9987793e+01
   2.1111220e+06   1.7395020e+01
   2.1111520e+06   3.7048340e+01
   2.1111830e+06   3.3386230e+01
   2.1112060e+06   1.8066406e+01
   2.1112290e+06   2.1606445e+01
   2.1112440e+06   1.8676758e+01
   2.1112900e+06   2.4047852e+01
   2.1113380e+06   2.7587891e+01
   2.1113790e+06   2.0385742e+01
   2.1114020e+06   2.8137207e+01
   2.1114550e+06   1.5930176e+01
   2.1114970e+06   1.9409180e+01
   2.1116110e+06   1.6174316e+01
   2.1119990e+06   1.7578125e+01
   2.2657660e+06   1.6174316e+01
   2.2953500e+06   1.5991211e+01
   2.3010420e+06   1.5808105e+01
   2.3652730e+06   1.8066406e+01
   2.3826740e+06   1.5808105e+01
   2.3826950e+06   1.8127441e+01
   2.3827470e+06   2.9418945e+01
   2.3827580e+06   1.6052246e+01
   2.3827710e+06   1.5625000e+01
   2.3827920e+06   2.3071289e+01
   2.3828020e+06   2.2399902e+01
   2.3828240e+06   1.6479492e+01
   2.3828470e+06   1.7517090e+01
   2.3828990e+06   3.3996582e+01
   2.3829240e+06   1.5747070e+01
   2.3829420e+06   2.5085449e+01
   2.3829530e+06   1.8249512e+01
   2.3829700e+06   2.2460938e+01
   2.3829840e+06   1.8676758e+01
   2.3830210e+06   2.3376465e+01
   2.3830440e+06   1.8432617e+01
   2.3830740e+06   4.0222168e+01
   2.3831090e+06   1.7639160e+01
   2.3831240e+06   2.4902344e+01
   2.3831670e+06   2.1423340e+01
   2.3832140e+06   1.5747070e+01
   2.3832590e+06   1.5747070e+01
   2.3833890e+06   1.9348145e+01
   2.4778930e+06   1.7578125e+01
   2.4780930e+06   1.6113281e+01
   2.4781330e+06   1.6967773e+01
   2.4783910e+06   1.6845703e+01
   2.4784580e+06   1.6723633e+01
   2.4785370e+06   1.6662598e+01
   2.4785780e+06   1.6418457e+01
   2.4786170e+06   1.7272949e+01
   2.4787500e+06   1.7028809e+01
   2.4787920e+06   1.5991211e+01
   2.4788980e+06   1.7578125e+01
   2.4789580e+06   1.7822266e+01
   2.4789780e+06   2.1057129e+01
   2.4791180e+06   1.7456055e+01
   2.4791840e+06   1.7150879e+01
   2.4793440e+06   1.6967773e+01
   2.4795270e+06   1.5563965e+01
   2.4795530e+06   1.8920898e+01
   2.4798520e+06   1.6662598e+01
   2.5145430e+06   1.8737793e+01
   2.5145860e+06   1.8005371e+01
   2.5146190e+06   1.5869141e+01
   2.5146500e+06   1.7395020e+01
   2.5146730e+06   1.7150879e+01
   2.5146950e+06   1.7089844e+01
   2.5147360e+06   1.6174316e+01
   2.5147970e+06   1.9836426e+01
   2.5148200e+06   1.6357422e+01
   2.5148490e+06   1.7700195e+01
   2.5149140e+06   1.6052246e+01
   2.5149340e+06   2.0141602e+01
   2.5149610e+06   1.6174316e+01
   2.5149930e+06   1.8249512e+01
   2.5150190e+06   1.7150879e+01
   2.5150780e+06   3.1555176e+01
   2.5150990e+06   1.6052246e+01
   2.5152010e+06   1.7639160e+01
   2.5152490e+06   1.9104004e+01
   2.5153840e+06   1.6296387e+01
   2.5154200e+06   1.6418457e+01
   2.5155810e+06   1.8737793e+01
   2.5160490e+06   1.5563965e+01
   2.5624580e+06   1.5563965e+01
   2.6124400e+06   1.8005371e+01
   2.6125300e+06   1.6540527e+01
   2.6125810e+06   2.0935059e+01
   2.6125990e+06   1.6845703e+01
   2.6126320e+06   1.5808105e+01
   2.6127010e+06   1.7700195e+01
   2.6127960e+06   1.8005371e+01
   2.6128740e+06   1.8981934e+01
   2.6129170e+06   2.4108887e+01
   2.6129430e+06   1.5808105e+01
   2.6129730e+06   1.5747070e+01
   2.6130360e+06   1.5747070e+01
   2.6130840e+06   1.7333984e+01
   2.6131120e+06   1.6235352e+01
   2.6131680e+06   1.6296387e+01
   2.6132630e+06   2.4169922e+01
   2.6134330e+06   1.8432617e+01
   2.6134900e+06   2.1057129e+01
   2.6135950e+06   1.6784668e+01
   2.6139360e+06   1.5686035e+01
   2.6141730e+06   1.6357422e+01
   2.6144530e+06   1.5686035e+01
   2.6611470e+06   2.0385742e+01
   2.6611780e+06   1.7150879e+01
   2.6611950e+06   1.6723633e+01
   2.6612690e+06   1.9714355e+01
   2.6613140e+06   1.7333984e+01
   2.6613900e+06   2.3193359e+01
   2.6614250e+06   1.8920898e+01
   2.6614680e+06   1.5869141e+01
   2.6615320e+06   2.3132324e+01
   2.6616180e+06   2.3254395e+01
   2.6616540e+06   1.9958496e+01
   2.6617670e+06   1.6845703e+01
   2.6618190e+06   1.7150879e+01
   2.6618750e+06   1.8432617e+01
   2.6619800e+06   1.6967773e+01
   2.6622540e+06   1.8615723e+01
   2.6626020e+06   1.6906738e+01
   2.6628740e+06   1.7211914e+01
   2.6631150e+06   1.5869141e+01
   2.6631810e+06   1.6845703e+01
   2.6923600e+06   1.7578125e+01
   2.7320110e+06   1.5991211e+01
   2.7320510e+06   2.2216797e+01
   2.7320760e+06   2.3559570e+01
   2.7321240e+06   2.5207520e+01
   2.7321490e+06   1.5625000e+01
   2.7321970e+06   1.7761230e+01
   2.7322220e+06   1.6845703e+01
   2.7322550e+06   2.1057129e+01
   2.7322850e+06   1.5930176e+01
   2.7323130e+06   1.8859863e+01
   2.7323450e+06   2.3559570e+01
   2.7323560e+06   1.9409180e+01
   2.7323780e+06   1.6052246e+01
   2.7323880e+06   2.7954102e+01
   2.7324580e+06   2.2827148e+01
   2.7325190e+06   1.7272949e+01
   2.7325530e+06   1.7883301e+01
   2.7326060e+06   1.6906738e+01
   2.7326510e+06   2.3986816e+01
   2.7327140e+06   1.6723633e+01
   2.7328070e+06   1.9836426e+01
   2.7331580e+06   1.7639160e+01
   2.7332740e+06   1.5991211e+01
   2.7337570e+06   1.5869141e+01
   2.7338240e+06   1.6662598e+01
   2.9392630e+06   1.8371582e+01
   2.9393570e+06   1.8066406e+01
   2.9397680e+06   1.7150879e+01
   2.9397930e+06   1.6052246e+01
   2.9398310e+06   2.0019531e+01
   2.9399240e+06   1.6784668e+01
   2.9400120e+06   1.7395020e+01
   2.9401270e+06   2.0324707e+01
   2.9404510e+06   1.5563965e+01
   2.9405050e+06   1.6052246e+01
   2.9405420e+06   1.6296387e+01
   2.9406380e+06   1.7211914e+01
   2.9407050e+06   2.0629883e+01
   2.9407860e+06   1.5686035e+01
   2.9409020e+06   1.6540527e+01
   2.9412250e+06   1.6174316e+01
   2.9413630e+06   1.6357422e+01
   3.0195200e+06   1.8432617e+01
   3.0210770e+06   1.7944336e+01
   3.0211050e+06   1.8066406e+01
   3.0211240e+06   1.5502930e+01
   3.0211630e+06   1.6296387e+01
   3.0211910e+06   1.6723633e+01
   3.0212530e+06   1.6418457e+01
   3.0212740e+06   2.1362305e+01
   3.0214180e+06   2.5451660e+01
   3.0216400e+06   1.8920898e+01
   3.0216940e+06   2.1850586e+01
   3.0217380e+06   1.5441895e+01
   3.0217870e+06   1.9592285e+01
   3.0218120e+06   1.5991211e+01
   3.0223190e+06   2.2521973e+01
   3.0223450e+06   2.3498535e+01
   3.0224190e+06   1.6418457e+01
   3.0415040e+06   1.5747070e+01
   3.1008670e+06   1.5808105e+01
   3.1010140e+06   1.8493652e+01
   3.1011100e+06   1.6601562e+01
   3.1011680e+06   2.0385742e+01
   3.1011940e+06   1.9592285e+01
   3.1012280e+06   1.6052246e+01
   3.1013420e+06   2.3193359e+01
   3.1013620e+06   1.7883301e+01
   3.1014440e+06   2.2216797e+01
   3.1014640e+06   1.8127441e+01
   3.1014770e+06   1.9165039e+01
   3.1015540e+06   1.7517090e+01
   3.1017910e+06   1.5930176e+01
   3.1018210e+06   1.8432617e+01
   3.1018440e+06   1.6052246e+01
   3.1026610e+06   1.6296387e+01
   3.1132380e+06   1.5625000e+01
   3.1133040e+06   1.7578125e+01
   3.1133370e+06   2.0568848e+01
   3.1133740e+06   1.8310547e+01
   3.1133920e+06   1.7395020e+01
   3.1134550e+06   1.6662598e+01
   3.1134900e+06   1.7700195e+01
   3.1135110e+06   1.5625000e+01
   3.1135320e+06   1.5930176e+01
   3.1135790e+06   1.8554688e+01
   3.1135990e+06   1.7211914e+01
   3.1136190e+06   1.8981934e+01
   3.1136480e+06   2.0751953e+01
   3.1136710e+06   1.9348145e+01
   3.1136850e+06   1.5869141e+01
   3.1136960e+06   1.7211914e+01
   3.1137380e+06   2.3254395e+01
   3.1137490e+06   4.2724609e+01
   3.1137620e+06   3.6437988e+01
   3.1137820e+06   1.9165039e+01
   3.1137960e+06   2.4780273e+01
   3.1138460e+06   3.5339355e+01
   3.1138600e+06   3.7597656e+01
   3.1138850e+06   2.0751953e+01
   3.1138970e+06   1.6296387e+01
   3.1139150e+06   2.4597168e+01
   3.1139560e+06   2.2888184e+01
   3.1139730e+06   2.8808594e+01
   3.1139850e+06   1.8310547e+01
   3.1140240e+06   2.6550293e+01
   3.1140410e+06   1.8371582e+01
   3.1140680e+06   4.4921875e+01
   3.1140990e+06   2.0629883e+01
   3.1141310e+06   1.7089844e+01
   3.1141670e+06   2.1606445e+01
   3.1142240e+06   2.2583008e+01
   3.1142960e+06   1.7700195e+01
   3.1143850e+06   1.8188477e+01
   3.1144760e+06   1.8371582e+01
   3.1145880e+06   1.6052246e+01
   3.1146330e+06   1.6906738e+01
   3.1148280e+06   2.2521973e+01
   3.1165240e+06   1.7639160e+01
   3.1253240e+06   1.5625000e+01
   3.1658850e+06   1.6540527e+01
   3.2013130e+06   1.5502930e+01
   3.2013460e+06   1.6235352e+01
   3.2013640e+06   2.0202637e+01
   3.2014680e+06   1.5930176e+01
   3.2014990e+06   2.6367188e+01
   3.2015090e+06   2.1057129e+01
   3.2016070e+06   1.8127441e+01
   3.2019760e+06   1.5930176e+01
   3.2020720e+06   2.3742676e+01
   3.2023940e+06   1.8798828e+01
   3.2024100e+06   1.7761230e+01
   3.2025440e+06   1.5869141e+01
   3.2025930e+06   1.6723633e+01
   3.2026620e+06   1.8737793e+01
   3.2026800e+06   2.5878906e+01
   3.2028260e+06   1.6967773e+01
   3.2028560e+06   1.6784668e+01
   3.2028950e+06   1.6906738e+01
   3.2029810e+06   1.5563965e+01
   3.2030930e+06   1.5502930e+01
   3.2031120e+06   2.3498535e+01
   3.2033890e+06   1.5441895e+01
   3.2034410e+06   1.5563965e+01
   3.2034600e+06   1.7150879e+01
   3.2035320e+06   1.5808105e+01
   3.2036350e+06   1.6784668e+01
   3.2778440e+06   2.0019531e+01
   3.2778790e+06   1.5625000e+01
   3.2778980e+06   1.5502930e+01
   3.2779350e+06   1.6601562e+01
   3.2779850e+06   1.9348145e+01
   3.2780170e+06   2.5390625e+01
   3.2780400e+06   1.6845703e+01
   3.2780740e+06   1.7028809e+01
   3.2780980e+06   1.8005371e+01
   3.2781180e+06   2.9907227e+01
   3.2781330e+06   1.6662598e+01
   3.2781500e+06   2.5634766e+01
   3.2781680e+06   1.9836426e+01
   3.2781980e+06   1.7150879e+01
   3.2782100e+06   2.3925781e+01
   3.2782320e+06   1.9653320e+01
   3.2782470e+06   1.5686035e+01
   3.2782860e+06   2.2338867e+01
   3.2782970e+06   1.9042969e+01
   3.2783210e+06   1.7944336e+01
   3.2783600e+06   1.6784668e+01
   3.2783930e+06   1.8371582e+01
   3.2784430e+06   1.5991211e+01
   3.2784810e+06   1.6052246e+01
   3.2785000e+06   2.1179199e+01
   3.2785670e+06   2.1911621e+01
   3.2787850e+06   1.5747070e+01
   3.3394040e+06   1.5441895e+01
   3.3394490e+06   1.7517090e+01
   3.3506030e+06   1.6113281e+01
   3.3506160e+06   1.8981934e+01
   3.3507180e+06   1.6540527e+01
   3.3507410e+06   1.5991211e+01
   3.3507820e+06   2.0751953e+01
   3.3508150e+06   1.7456055e+01
   3.3508460e+06   2.0751953e+01
   3.3509050e+06   2.1240234e+01
   3.3509290e+06   2.4841309e+01
   3.3509400e+06   2.7221680e+01
   3.3509630e+06   2.3315430e+01
   3.3509930e+06   2.6672363e+01
   3.3510160e+06   1.8981934e+01
   3.3510910e+06   1.9165039e+01
   3.3511220e+06   2.0324707e+01
   3.3511560e+06   1.5563965e+01
   3.3511790e+06   2.1240234e+01
   3.3512280e+06   1.6784668e+01
   3.3512860e+06   2.3559570e+01
   3.3513670e+06   1.5747070e+01
   3.3516500e+06   1.5869141e+01
   3.4086340e+06   1.8310547e+01
   3.4086840e+06   1.8432617e+01
   3.4087110e+06   1.6296387e+01
   3.4087900e+06   2.0690918e+01
   3.4088890e+06   1.8615723e+01
   3.4090460e+06   1.5747070e+01
   3.4090810e+06   1.8005371e+01
   3.4096690e+06   1.5686035e+01
   3.4097520e+06   1.6113281e+01
   3.4099620e+06   1.5930176e+01
   3.4099970e+06   1.8798828e+01
   3.4100910e+06   1.5869141e+01
   3.4101290e+06   1.6052246e+01
   3.4102110e+06   1.8432617e+01
   3.4102940e+06   1.6113281e+01
   3.4103640e+06   1.5441895e+01
   3.4103990e+06   1.8493652e+01
   3.4104410e+06   1.6723633e+01
   3.4105130e+06   2.7099609e+01
   3.4105630e+06   1.5502930e+01
   3.4106720e+06   1.7761230e+01
   3.4107650e+06   1.7456055e+01
   3.4108290e+06   1.8310547e+01
   3.4108800e+06   1.5563965e+01
   3.4112200e+06   1.6784668e+01
   3.5074670e+06   1.9958496e+01
   3.5257580e+06   2.1911621e+01
   3.5257860e+06   1.6784668e+01
   3.5258030e+06   1.5686035e+01
   3.5258180e+06   1.9287109e+01
   3.5258430e+06   1.9165039e+01
   3.5259030e+06   1.9042969e+01
   3.5259510e+06   2.1911621e+01
   3.5259830e+06   2.1240234e+01
   3.5260120e+06   1.7211914e+01
   3.5260230e+06   2.8503418e+01
   3.5260480e+06   3.1127930e+01
   3.5260930e+06   2.7832031e+01
   3.5261230e+06   3.2592773e+01
   3.5261500e+06   2.9907227e+01
   3.5261660e+06   1.9836426e+01
   3.5261970e+06   2.9296875e+01
   3.5262170e+06   2.0874023e+01
   3.5262350e+06   2.3254395e+01
   3.5262660e+06   1.6601562e+01
   3.5263160e+06   1.8981934e+01
   3.5263320e+06   2.9357910e+01
   3.5263600e+06   2.0690918e+01
   3.5264320e+06   1.9531250e+01
   3.5264460e+06   1.7211914e+01
   3.5264910e+06   1.6479492e+01
   3.5265640e+06   1.5869141e+01
   3.5265960e+06   1.5808105e+01
   3.5266700e+06   1.7089844e+01
   3.5437720e+06   1.7822266e+01
   3.5438300e+06   1.7272949e+01
   3.5438570e+06   2.2583008e+01
   3.5439970e+06   1.5930176e+01
   3.5440220e+06   1.5991211e+01
   3.5440570e+06   1.6357422e+01
   3.5441300e+06   1.6906738e+01
   3.5441750e+06   1.6540527e+01
   3.5441990e+06   1.6540527e+01
   3.5442410e+06   1.7333984e+01
   3.5442930e+06   1.9592285e+01
   3.5443110e+06   1.7395020e+01
   3.5443810e+06   1.9775391e+01
   3.5444380e+06   1.8737793e+01
   3.5444530e+06   1.6052246e+01
   3.5444840e+06   1.7883301e+01
   3.5445500e+06   1.6113281e+01
   3.5448180e+06   1.7089844e+01
   3.5448660e+06   2.0812988e+01
   3.5449270e+06   1.6174316e+01
   3.5450330e+06   1.6967773e+01
   3.5451290e+06   1.5441895e+01
   3.5451970e+06   3.2226562e+01
   3.5454740e+06   1.7150879e+01
   3.5455000e+06   1.6784668e+01
   3.5456950e+06   1.5625000e+01
   3.5457830e+06   1.6967773e+01
   3.5458400e+06   2.0019531e+01
   3.5463060e+06   1.6784668e+01
   3.5503170e+06   1.5930176e+01
   3.6402430e+06   1.6845703e+01
   3.6405040e+06   1.7944336e+01
   3.6413540e+06   1.6723633e+01
   3.6414290e+06   1.9714355e+01
   3.6414900e+06   1.9409180e+01
   3.6415120e+06   2.0141602e+01
   3.6415770e+06   2.0385742e+01
   3.6416440e+06   1.7578125e+01
   3.6416600e+06   2.4414062e+01
   3.6417140e+06   1.7456055e+01
   3.6417300e+06   1.8676758e+01
   3.6417680e+06   1.6235352e+01
   3.6418020e+06   1.8127441e+01
   3.6418210e+06   1.6723633e+01
   3.6419260e+06   1.7578125e+01
   3.6419400e+06   2.0446777e+01
   3.6419650e+06   1.6113281e+01
   3.6420360e+06   1.7150879e+01
   3.6420630e+06   1.9042969e+01
   3.6421200e+06   2.5329590e+01
   3.6421910e+06   2.6000977e+01
   3.6422760e+06   1.6540527e+01
   3.6423890e+06   2.4902344e+01
   3.6424020e+06   2.5573730e+01
   3.6424610e+06   1.5441895e+01
   3.6425570e+06   1.6113281e+01
   3.6426250e+06   1.6906738e+01
   3.6753540e+06   1.7456055e+01
   3.6754330e+06   1.6052246e+01
   3.6756360e+06   1.6601562e+01
   3.7001010e+06   1.8127441e+01
   3.8967080e+06   1.7150879e+01
   3.9214710e+06   1.6723633e+01
   3.9222380e+06   1.9409180e+01
   4.0396530e+06   1.8371582e+01
   4.0398380e+06   2.1362305e+01
   4.0398570e+06   1.5625000e+01
   4.0398960e+06   2.3193359e+01
   4.0399420e+06   3.3203125e+01
   4.0400730e+06   1.6479492e+01
   4.0403410e+06   1.5808105e+01
   4.0405090e+06   1.6113281e+01
   4.0405690e+06   1.6662598e+01
   4.0405870e+06   1.9042969e+01
   4.0406840e+06   1.8493652e+01
   4.0406960e+06   3.1250000e+01
   4.0407480e+06   1.5563965e+01
   4.0409180e+06   1.5747070e+01
   4.0409500e+06   1.7883301e+01
   4.0411880e+06   1.5686035e+01
   4.0412190e+06   1.7333984e+01
   4.0412300e+06   2.5573730e+01
   4.0413660e+06   1.7028809e+01
   4.0414660e+06   1.5502930e+01
   4.0415230e+06   1.9226074e+01
   4.0415660e+06   1.9531250e+01
   4.0417180e+06   1.5502930e+01
   4.0421190e+06   1.5747070e+01
   4.1057330e+06   1.8188477e+01
   4.1067070e+06   1.6296387e+01
   4.1067680e+06   1.5869141e+01
   4.1068470e+06   1.5563965e+01
   4.1068680e+06   2.0874023e+01
   4.1068960e+06   1.7211914e+01
   4.1069120e+06   3.3020020e+01
   4.1069290e+06   1.8676758e+01
   4.1069520e+06   3.3630371e+01
   4.1069700e+06   2.0019531e+01
   4.1069820e+06   2.1545410e+01
   4.1070010e+06   2.1728516e+01
   4.1070240e+06   2.0690918e+01
   4.1070430e+06   3.6743164e+01
   4.1070640e+06   5.8654785e+01
   4.1070810e+06   1.7333984e+01
   4.1071020e+06   3.7597656e+01
   4.1071260e+06   2.7526855e+01
   4.1071370e+06   2.2583008e+01
   4.1071530e+06   2.1057129e+01
   4.1071660e+06   1.8249512e+01
   4.1071860e+06   1.8554688e+01
   4.1072110e+06   2.4169922e+01
   4.1072810e+06   3.0517578e+01
   4.1073000e+06   1.6723633e+01
   4.1073320e+06   2.1240234e+01
   4.1073530e+06   2.2705078e+01
   4.1073830e+06   1.5686035e+01
   4.1074830e+06   1.5869141e+01
   4.1075260e+06   1.6113281e+01
   4.1075360e+06   1.9226074e+01
   4.1075550e+06   1.5869141e+01
   4.1076090e+06   1.6784668e+01
   4.1077090e+06   1.7272949e+01
   4.1077770e+06   1.6479492e+01
   4.1081770e+06   1.7395020e+01
   4.1082990e+06   1.9470215e+01
   4.1084290e+06   1.5686035e+01
   4.1087590e+06   1.8493652e+01
   4.1095810e+06   2.1362305e+01
   4.1101890e+06   1.5930176e+01
   4.1106200e+06   1.5930176e+01
   4.1108760e+06   1.5502930e+01
   4.1113530e+06   1.5502930e+01
   4.1114880e+06   1.6662598e+01
   4.1118270e+06   1.6601562e+01
   4.1120730e+06   1.9165039e+01
   4.1191370e+06   1.5563965e+01
   4.1231460e+06   1.5991211e+01
   4.1345570e+06   1.8920898e+01
   4.2209560e+06   1.7517090e+01
   4.2209840e+06   3.0578613e+01
   4.2209940e+06   1.9775391e+01
   4.2210280e+06   3.3386230e+01
   4.2210410e+06   2.1423340e+01
   4.2210640e+06   2.9602051e+01
   4.2210950e+06   4.1076660e+01
   4.2211110e+06   3.6071777e+01
   4.2211340e+06   1.5869141e+01
   4.2211560e+06   3.0273438e+01
   4.2211750e+06   4.7363281e+01
   4.2211960e+06   2.8076172e+01
   4.2212260e+06   2.7343750e+01
   4.2212380e+06   2.0324707e+01
   4.2212660e+06   2.1301270e+01
   4.2213010e+06   2.0324707e+01
   4.2213320e+06   1.5747070e+01
   4.2213620e+06   1.9592285e+01
   4.2213780e+06   2.1484375e+01
   4.2214090e+06   2.1301270e+01
   4.2214470e+06   1.6113281e+01
   4.2214780e+06   1.5502930e+01
   4.2215470e+06   1.7822266e+01
   4.2217440e+06   1.5930176e+01
   4.2218250e+06   1.6601562e+01
   4.2219710e+06   1.6479492e+01
   4.2222250e+06   1.8127441e+01
   4.2225670e+06   1.6967773e+01
   4.2228770e+06   1.6174316e+01
   4.2230230e+06   1.8371582e+01
   4.2231000e+06   1.7211914e+01
   4.2235650e+06   1.6418457e+01
   4.2237350e+06   1.6113281e+01
   4.2245970e+06   1.8676758e+01
   4.2248620e+06   1.6235352e+01
   4.2251860e+06   1.7883301e+01
   4.2364770e+06   1.5869141e+01
   4.2431300e+06   1.5686035e+01
   4.3138640e+06   1.8188477e+01
   4.3138740e+06   1.7944336e+01
   4.3139940e+06   2.0202637e+01
   4.3140660e+06   1.8066406e+01
   4.3141520e+06   1.6357422e+01
   4.3142580e+06   1.9714355e+01
   4.3142990e+06   1.5869141e+01
   4.3143520e+06   1.6906738e+01
   4.3143840e+06   2.2277832e+01
   4.3144090e+06   2.3132324e+01
   4.3144250e+06   2.7526855e+01
   4.3144390e+06   1.8127441e+01
   4.3144700e+06   4.0527344e+01
   4.3144840e+06   3.9428711e+01
   4.3145000e+06   3.9428711e+01
   4.3145160e+06   2.9785156e+01
   4.3145530e+06   4.6081543e+01
   4.3145680e+06   2.8259277e+01
   4.3145830e+06   2.6489258e+01
   4.3146130e+06   2.3254395e+01
   4.3146280e+06   2.3925781e+01
   4.3146420e+06   2.2094727e+01
   4.3146660e+06   2.0751953e+01
   4.3146980e+06   2.3193359e+01
   4.3147220e+06   1.6113281e+01
   4.3147430e+06   1.8005371e+01
   4.3147640e+06   1.8005371e+01
   4.3148030e+06   2.0629883e+01
   4.3148360e+06   1.8188477e+01
   4.3148710e+06   1.9165039e+01
   4.3149020e+06   1.6113281e+01
   4.3149690e+06   1.5686035e+01
   4.3150320e+06   1.6113281e+01
   4.3150520e+06   1.9958496e+01
   4.3151210e+06   2.3681641e+01
   4.3151690e+06   1.9714355e+01
   4.3152550e+06   1.6418457e+01
   4.3156150e+06   1.6479492e+01
   4.3161670e+06   1.6662598e+01
   4.3165820e+06   1.8676758e+01
   4.3374870e+06   1.6723633e+01
   4.3515770e+06   1.8676758e+01
   4.3516230e+06   1.7517090e+01
   4.3516450e+06   1.6662598e+01
   4.3516770e+06   3.6071777e+01
   4.3517000e+06   1.9897461e+01
   4.3517330e+06   2.9907227e+01
   4.3517440e+06   4.5715332e+01
   4.3517860e+06   3.9245605e+01
   4.3518040e+06   3.9489746e+01
   4.3518190e+06   2.4963379e+01
   4.3518540e+06   2.5634766e+01
   4.3518700e+06   2.8564453e+01
   4.3518960e+06   2.0019531e+01
   4.3519160e+06   2.0080566e+01
   4.3519390e+06   1.8737793e+01
   4.3519610e+06   2.1057129e+01
   4.3519800e+06   1.8981934e+01
   4.3520130e+06   1.8188477e+01
   4.3520540e+06   1.5441895e+01
   4.3520670e+06   2.6855469e+01
   4.3520930e+06   1.8493652e+01
   4.3521270e+06   2.0080566e+01
   4.3522020e+06   1.5625000e+01
   4.3522310e+06   1.5991211e+01
   4.3523600e+06   1.5808105e+01
   4.3524040e+06   1.8188477e+01
   4.3524380e+06   1.6906738e+01
   4.3525130e+06   2.7832031e+01
   4.3526180e+06   1.5563965e+01
   4.3527050e+06   2.1179199e+01
   4.3527790e+06   1.7456055e+01
   4.3529180e+06   1.7211914e+01
   4.3533260e+06   1.6967773e+01
   4.3534760e+06   1.5808105e+01
   4.3537100e+06   1.6784668e+01
   4.3538540e+06   1.6967773e+01
   4.3540180e+06   1.8920898e+01
   4.3541190e+06   1.8554688e+01
   4.3544010e+06   1.8066406e+01
   4.3546200e+06   1.6601562e+01
   4.3548700e+06   1.7272949e+01
   4.4471950e+06   1.8066406e+01
   4.4472580e+06   2.5695801e+01
   4.4472750e+06   2.0385742e+01
   4.4472900e+06   3.1066895e+01
   4.4473140e+06   4.4982910e+01
   4.4473300e+06   4.6325684e+01
   4.4473650e+06   7.5439453e+01
   4.4473830e+06   2.9418945e+01
   4.4474050e+06   3.6376953e+01
   4.4474190e+06   1.9226074e+01
   4.4474380e+06   2.4230957e+01
   4.4474660e+06   2.1484375e+01
   4.4474930e+06   2.4475098e+01
   4.4475100e+06   1.6540527e+01
   4.4475270e+06   2.0202637e+01
   4.4475790e+06   1.9104004e+01
   4.4476100e+06   1.6540527e+01
   4.4476270e+06   1.6540527e+01
   4.4476450e+06   1.6601562e+01
   4.4478030e+06   1.6784668e+01
   4.4478930e+06   1.9165039e+01
   4.4479390e+06   1.6357422e+01
   4.4480270e+06   2.3315430e+01
   4.4480620e+06   1.5869141e+01
   4.4483080e+06   1.8005371e+01
   4.4497850e+06   1.5869141e+01
   4.4498630e+06   1.8371582e+01
   4.4500150e+06   1.5563965e+01
   4.4506950e+06   1.6845703e+01
   4.4634670e+06   1.6540527e+01
   4.4634940e+06   1.5991211e+01
   4.4635900e+06   1.7639160e+01
   4.4636050e+06   2.3132324e+01
   4.4636230e+06   3.1066895e+01
   4.4636480e+06   3.4545898e+01
   4.4636580e+06   4.7729492e+01
   4.4636790e+06   3.7170410e+01
   4.4636990e+06   2.1972656e+01
   4.4637300e+06   4.6386719e+01
   4.4637410e+06   4.1503906e+01
   4.4637700e+06   1.9409180e+01
   4.4637880e+06   2.8869629e+01
   4.4638150e+06   2.6306152e+01
   4.4638600e+06   1.7333984e+01
   4.4638700e+06   1.6784668e+01
   4.4638820e+06   2.2766113e+01
   4.4639120e+06   2.2827148e+01
   4.4639330e+06   1.6418457e+01
   4.4639560e+06   1.6235352e+01
   4.4639670e+06   2.0324707e+01
   4.4640460e+06   1.9042969e+01
   4.4641010e+06   1.6296387e+01
   4.4641150e+06   1.7211914e+01
   4.4642060e+06   1.9287109e+01
   4.4642270e+06   1.8249512e+01
   4.4642420e+06   2.0690918e+01
   4.4642710e+06   1.9592285e+01
   4.4643150e+06   1.5502930e+01
   4.4644250e+06   1.5808105e+01
   4.4644570e+06   2.1301270e+01
   4.4644860e+06   1.6418457e+01
   4.4645200e+06   1.8310547e+01
   4.4646240e+06   1.7639160e+01
   4.4646980e+06   1.9897461e+01
   4.4647610e+06   1.7761230e+01
   4.4648390e+06   1.5563965e+01
   4.4648820e+06   1.5563965e+01
   4.4649570e+06   1.5563965e+01
   4.4651500e+06   1.7761230e+01
   4.4653120e+06   1.8066406e+01
   4.4656710e+06   1.6235352e+01
   4.4657910e+06   1.5502930e+01
   4.4659220e+06   1.7456055e+01
   4.4660430e+06   1.6357422e+01
   4.4661130e+06   1.7761230e+01
   4.4664470e+06   1.8920898e+01
   4.4666240e+06   1.5563965e+01
   4.4667330e+06   1.6174316e+01
   4.4668560e+06   1.5686035e+01
   4.4773700e+06   1.5441895e+01
   4.4826440e+06   1.6113281e+01
   4.5379430e+06   1.7333984e+01
   4.5379960e+06   1.7395020e+01
   4.5382060e+06   1.5625000e+01
   4.5382420e+06   1.5747070e+01
   4.5382640e+06   1.5808105e+01
   4.5383610e+06   1.5502930e+01
   4.5383740e+06   1.7272949e+01
   4.5383980e+06   1.5625000e+01
   4.5384080e+06   1.6418457e+01
   4.5384330e+06   3.3630371e+01
   4.5384890e+06   1.6784668e+01
   4.5385220e+06   3.1005859e+01
   4.5385330e+06   2.0874023e+01
   4.5385760e+06   1.7761230e+01
   4.5385930e+06   2.1240234e+01
   4.5386240e+06   3.6437988e+01
   4.5386510e+06   2.8015137e+01
   4.5386690e+06   5.4931641e+01
   4.5386810e+06   1.8615723e+01
   4.5387070e+06   3.5888672e+01
   4.5387390e+06   4.5654297e+01
   4.5387530e+06   2.3742676e+01
   4.5387710e+06   2.6245117e+01
   4.5387900e+06   1.7639160e+01
   4.5388020e+06   2.4169922e+01
   4.5388130e+06   2.0874023e+01
   4.5388350e+06   2.1240234e+01
   4.5388590e+06   1.5625000e+01
   4.5388850e+06   1.9714355e+01
   4.5389360e+06   2.1362305e+01
   4.5390150e+06   1.5686035e+01
   4.5391730e+06   1.6357422e+01
   4.5393250e+06   1.6723633e+01
   4.5394590e+06   1.5869141e+01
   4.5396480e+06   1.9287109e+01
   4.5398620e+06   1.6723633e+01
   4.5405130e+06   1.9287109e+01
   4.5406790e+06   1.5686035e+01
   4.5412460e+06   1.5686035e+01
   4.6337450e+06   1.8310547e+01
   4.6337910e+06   1.5625000e+01
   4.6338370e+06   2.5329590e+01
   4.6339000e+06   1.9470215e+01
   4.6339110e+06   4.0466309e+01
   4.6339380e+06   3.9978027e+01
   4.6339570e+06   3.3264160e+01
   4.6339750e+06   4.6142578e+01
   4.6339940e+06   2.8869629e+01
   4.6340050e+06   3.4545898e+01
   4.6340220e+06   2.5085449e+01
   4.6340350e+06   2.9174805e+01
   4.6340460e+06   1.8737793e+01
   4.6340730e+06   2.1850586e+01
   4.6340980e+06   2.0446777e+01
   4.6341190e+06   2.0751953e+01
   4.6341290e+06   1.9042969e+01
   4.6341670e+06   2.5146484e+01
   4.6341950e+06   2.3986816e+01
   4.6342060e+06   1.7456055e+01
   4.6342510e+06   1.5563965e+01
   4.6342740e+06   1.8371582e+01
   4.6343390e+06   1.8554688e+01
   4.6343910e+06   2.2888184e+01
   4.6344410e+06   2.4047852e+01
   4.6345080e+06   1.6174316e+01
   4.6346700e+06   1.6845703e+01
   4.6347840e+06   1.6479492e+01
   4.6349020e+06   1.7883301e+01
   4.6352130e+06   1.5563965e+01
   4.6353260e+06   1.5686035e+01
   4.6355520e+06   1.5991211e+01
   4.6362040e+06   1.5686035e+01
   4.6368030e+06   1.8005371e+01
   4.6369920e+06   1.5930176e+01
   4.6371090e+06   1.5441895e+01
   4.6373280e+06   1.7761230e+01
   4.7084660e+06   2.5085449e+01
   4.7090880e+06   2.3742676e+01
   4.7585410e+06   1.5563965e+01
   4.7586160e+06   2.2705078e+01
   4.7586330e+06   1.6418457e+01
   4.7586580e+06   2.3620605e+01
   4.7587170e+06   2.3559570e+01
   4.7587360e+06   2.8381348e+01
   4.7587470e+06   1.9470215e+01
   4.7587810e+06   4.4006348e+01
   4.7587940e+06   2.3986816e+01
   4.7588100e+06   2.5695801e+01
   4.7588230e+06   2.2949219e+01
   4.7588480e+06   2.9602051e+01
   4.7588630e+06   2.9541016e+01
   4.7588790e+06   4.0649414e+01
   4.7588960e+06   3.7658691e+01
   4.7589370e+06   3.3935547e+01
   4.7589590e+06   2.2583008e+01
   4.7589700e+06   3.1921387e+01
   4.7589860e+06   2.2460938e+01
   4.7590050e+06   1.5502930e+01
   4.7590370e+06   1.9409180e+01
   4.7590520e+06   1.6845703e+01
   4.7590780e+06   2.2705078e+01
   4.7591120e+06   2.5390625e+01
   4.7591590e+06   2.4108887e+01
   4.7592100e+06   2.4536133e+01
   4.7592710e+06   1.5869141e+01
   4.7593420e+06   1.8920898e+01
   4.7594370e+06   1.7822266e+01
   4.7595300e+06   1.8859863e+01
   4.7597090e+06   1.7639160e+01
   4.7603420e+06   1.5502930e+01
   4.7606660e+06   1.5502930e+01
   4.7608160e+06   1.6174316e+01
   4.7617340e+06   1.6845703e+01
   4.7619680e+06   1.9714355e+01
   4.7620440e+06   1.6418457e+01
   4.7623480e+06   1.5441895e+01
   4.7627970e+06   1.6784668e+01
   4.7628630e+06   1.6235352e+01
   4.7629600e+06   1.7883301e+01
   4.7630870e+06   1.5686035e+01
   4.7631560e+06   1.6235352e+01
   4.7631900e+06   1.6357422e+01
   4.7634530e+06   1.5869141e+01
   4.7635720e+06   1.5502930e+01
   4.7637810e+06   1.5686035e+01
   4.7644490e+06   1.5991211e+01
   4.7646040e+06   1.5441895e+01
   4.7779540e+06   1.7333984e+01
   4.8600580e+06   1.5991211e+01
   4.8604440e+06   1.5686035e+01
   4.8604730e+06   1.8188477e+01
   4.8605320e+06   1.7944336e+01
   4.8605570e+06   1.5686035e+01
   4.8605820e+06   1.5686035e+01
   4.8606110e+06   2.2644043e+01
   4.8606250e+06   1.8066406e+01
   4.8606560e+06   2.3803711e+01
   4.8606830e+06   2.8076172e+01
   4.8607130e+06   3.9550781e+01
   4.8607430e+06   2.1728516e+01
   4.8607620e+06   1.6540527e+01
   4.8607780e+06   2.3864746e+01
   4.8608020e+06   5.1635742e+01
   4.8608210e+06   3.2348633e+01
   4.8608490e+06   2.3254395e+01
   4.8608660e+06   2.2033691e+01
   4.8608920e+06   3.5339355e+01
   4.8609020e+06   3.0212402e+01
   4.8609270e+06   2.0385742e+01
   4.8609380e+06   3.3081055e+01
   4.8609630e+06   2.5451660e+01
   4.8609810e+06   3.1127930e+01
   4.8610220e+06   1.5502930e+01
   4.8610470e+06   2.8381348e+01
   4.8610840e+06   2.3315430e+01
   4.8610990e+06   1.5625000e+01
   4.8611600e+06   2.0202637e+01
   4.8612150e+06   2.1179199e+01
   4.8612820e+06   2.0446777e+01
   4.8613420e+06   1.6540527e+01
   4.8613870e+06   1.8432617e+01
   4.8614370e+06   1.9348145e+01
   4.8615520e+06   1.5441895e+01
   4.8619320e+06   1.5441895e+01
   4.8620340e+06   1.6601562e+01
   4.8631960e+06   1.5808105e+01
   4.9303590e+06   1.6601562e+01
   4.9968590e+06   1.6235352e+01
   4.9968750e+06   1.7150879e+01
   4.9969750e+06   1.6601562e+01
   4.9972400e+06   1.7456055e+01
   4.9973240e+06   1.5930176e+01
   4.9973840e+06   1.6540527e+01
   4.9973960e+06   1.5502930e+01
   4.9974360e+06   1.9775391e+01
   4.9974640e+06   1.6784668e+01
   4.9975080e+06   1.6418457e+01
   4.9975820e+06   1.8310547e+01
   4.9975980e+06   1.6113281e+01
   4.9976260e+06   1.8615723e+01
   4.9976460e+06   1.6662598e+01
   4.9976700e+06   2.2277832e+01
   4.9976940e+06   2.7954102e+01
   4.9978940e+06   1.6052246e+01
   4.9980180e+06   1.8798828e+01
   4.9980340e+06   1.7700195e+01
   4.9980510e+06   2.0690918e+01
   4.9981930e+06   1.9775391e+01
   4.9982530e+06   1.6479492e+01
   4.9983000e+06   1.9287109e+01
   4.9983530e+06   1.7761230e+01
   4.9984570e+06   1.6845703e+01
   4.9985060e+06   1.5502930e+01
   4.9986680e+06   1.6601562e+01
   5.0496510e+06   1.6601562e+01
   5.0496810e+06   2.1911621e+01
   5.0497710e+06   1.5502930e+01
   5.0498950e+06   1.7761230e+01
   5.0499600e+06   2.4475098e+01
   5.0505310e+06   1.6479492e+01
   5.0506230e+06   1.5991211e+01
   5.0507430e+06   1.5563965e+01
   5.0507810e+06   1.6052246e+01
   5.0508130e+06   1.7272949e+01
   5.0509090e+06   1.5502930e+01
   5.0509560e+06   1.8066406e+01
   5.0509730e+06   1.9409180e+01
   5.0510630e+06   1.5747070e+01
   5.0510940e+06   2.4047852e+01
   5.0511870e+06   2.0568848e+01
   5.0512350e+06   1.8859863e+01
   5.0513070e+06   1.7211914e+01
   5.0513390e+06   1.6113281e+01
   5.0515380e+06   2.2277832e+01
   5.0517470e+06   1.7211914e+01
   5.0518610e+06   1.5869141e+01
   5.0519320e+06   1.9409180e+01
   5.0520550e+06   1.8737793e+01
   5.1696540e+06   1.6357422e+01
   5.1698480e+06   1.8371582e+01
   5.1706220e+06   1.7517090e+01
   5.1708240e+06   1.9104004e+01
   5.1709250e+06   2.4963379e+01
   5.1710730e+06   1.9958496e+01
   5.1711700e+06   1.6845703e+01
   5.1712530e+06   1.8249512e+01
   5.1713860e+06   1.6479492e+01
   5.1713990e+06   1.8798828e+01
   5.1714860e+06   2.4230957e+01
   5.1715440e+06   1.6296387e+01
   5.1716150e+06   1.5991211e+01
   5.1716770e+06   1.5869141e+01
   5.1717600e+06   1.6357422e+01
   5.1718340e+06   1.5625000e+01
   5.1720630e+06   1.8371582e+01
   5.1721550e+06   1.7944336e+01
   5.1721870e+06   1.9592285e+01
   5.2421930e+06   1.5869141e+01
   5.2654790e+06   1.6296387e+01
   5.3519790e+06   1.6784668e+01
   5.3520440e+06   1.5441895e+01
   5.3521310e+06   1.5502930e+01
   5.3522220e+06   1.8493652e+01
   5.3527010e+06   1.6296387e+01
   5.3527220e+06   1.5441895e+01
   5.3528620e+06   1.7211914e+01
   5.3529600e+06   1.5869141e+01
   5.3531090e+06   1.7883301e+01
   5.3531930e+06   2.3986816e+01
   5.3534540e+06   1.6174316e+01
   5.3540290e+06   1.6601562e+01
   5.3880860e+06   1.6174316e+01
   5.3898270e+06   1.8249512e+01
   5.3898440e+06   1.9531250e+01
   5.3899200e+06   1.8066406e+01
   5.3899460e+06   2.4291992e+01
   5.3899700e+06   1.6540527e+01
   5.3900050e+06   3.0273438e+01
   5.3900220e+06   2.6977539e+01
   5.3900480e+06   1.9409180e+01
   5.3900590e+06   3.8330078e+01
   5.3900940e+06   2.2033691e+01
   5.3901130e+06   2.8442383e+01
   5.3901440e+06   3.6682129e+01
   5.3901550e+06   1.9958496e+01
   5.3901770e+06   2.5024414e+01
   5.3901970e+06   3.4057617e+01
   5.3902210e+06   3.3508301e+01
   5.3902340e+06   1.7395020e+01
   5.3902470e+06   1.8920898e+01
   5.3902760e+06   4.0100098e+01
   5.3902930e+06   2.2094727e+01
   5.3903170e+06   2.8747559e+01
   5.3903280e+06   2.8747559e+01
   5.3903530e+06   2.4169922e+01
   5.3903840e+06   2.2155762e+01
   5.3904050e+06   2.0202637e+01
   5.3904190e+06   1.7639160e+01
   5.3904470e+06   1.7700195e+01
   5.3904860e+06   1.6906738e+01
   5.3905050e+06   2.3437500e+01
   5.3905640e+06   1.6052246e+01
   5.3905860e+06   1.5563965e+01
   5.3906090e+06   1.9287109e+01
   5.3906230e+06   1.8920898e+01
   5.3907200e+06   1.5441895e+01
   5.3907850e+06   1.7028809e+01
   5.3908430e+06   1.8859863e+01
   5.3909540e+06   1.5686035e+01
   5.3911020e+06   1.6052246e+01
   5.3912740e+06   1.5625000e+01
   5.3914920e+06   1.6845703e+01
   5.3921170e+06   1.6235352e+01
   5.3926240e+06   1.6662598e+01
   5.3930940e+06   1.5441895e+01
   5.3931870e+06   1.7272949e+01
   5.3933720e+06   1.7333984e+01
   5.3934840e+06   1.5747070e+01
   5.3938860e+06   1.7150879e+01
   5.3942550e+06   1.5808105e+01
   5.4083940e+06   1.6113281e+01
   5.4091830e+06   2.3803711e+01
   5.4092520e+06   1.6235352e+01
   5.4092670e+06   1.5502930e+01
   5.4093180e+06   2.2216797e+01
   5.4093450e+06   1.7700195e+01
   5.4094260e+06   2.0202637e+01
   5.4094510e+06   1.9775391e+01
   5.4094730e+06   1.6479492e+01
   5.4095140e+06   1.6662598e+01
   5.4095360e+06   1.6784668e+01
   5.4095900e+06   1.5686035e+01
   5.4096120e+06   2.5939941e+01
   5.4096290e+06   1.7333984e+01
   5.4096660e+06   2.4963379e+01
   5.4096910e+06   2.4169922e+01
   5.4097270e+06   2.8564453e+01
   5.4097510e+06   2.6245117e+01
   5.4097760e+06   1.5991211e+01
   5.4098160e+06   2.4536133e+01
   5.4098340e+06   2.0080566e+01
   5.4098470e+06   1.8920898e+01
   5.4098760e+06   1.6601562e+01
   5.4098920e+06   2.0446777e+01
   5.4099220e+06   1.7395020e+01
   5.4099410e+06   1.9226074e+01
   5.4099920e+06   3.3569336e+01
   5.4100110e+06   2.0812988e+01
   5.4100380e+06   2.2705078e+01
   5.4100730e+06   1.6296387e+01
   5.4100850e+06   1.8981934e+01
   5.4100970e+06   1.8798828e+01
   5.4101430e+06   1.6601562e+01
   5.4101530e+06   1.5441895e+01
   5.4101940e+06   1.7883301e+01
   5.4102080e+06   1.5930176e+01
   5.4102200e+06   2.3742676e+01
   5.4102340e+06   1.8432617e+01
   5.4103020e+06   1.9531250e+01
   5.4103220e+06   1.8554688e+01
   5.4103350e+06   1.9897461e+01
   5.4103560e+06   2.9602051e+01
   5.4103770e+06   1.8676758e+01
   5.4103900e+06   1.6967773e+01
   5.4104220e+06   2.0446777e+01
   5.4104590e+06   1.6479492e+01
   5.4104710e+06   2.0568848e+01
   5.4105190e+06   2.3376465e+01
   5.4105920e+06   1.9836426e+01
   5.4106990e+06   2.2827148e+01
   5.4107380e+06   2.0080566e+01
   5.4108500e+06   1.7211914e+01
   5.4109380e+06   1.7822266e+01
   5.4310290e+06   1.6052246e+01
   5.4378400e+06   1.5625000e+01
   5.5241980e+06   1.8249512e+01
   5.5242410e+06   1.6296387e+01
   5.5242680e+06   1.8249512e+01
   5.5243600e+06   1.7578125e+01
   5.5244080e+06   2.1118164e+01
   5.5244240e+06   1.6723633e+01
   5.5244570e+06   1.6601562e+01
   5.5244760e+06   1.8554688e+01
   5.5245040e+06   1.6845703e+01
   5.5245140e+06   2.3132324e+01
   5.5245500e+06   3.2104492e+01
   5.5245740e+06   2.3254395e+01
   5.5246140e+06   2.7343750e+01
   5.5246400e+06   2.6916504e+01
   5.5246640e+06   2.1972656e+01
   5.5246810e+06   1.8127441e+01
   5.5247140e+06   2.1850586e+01
   5.5247410e+06   1.7639160e+01
   5.5247540e+06   1.7333984e+01
   5.5247840e+06   1.7089844e+01
   5.5248080e+06   2.0751953e+01
   5.5248180e+06   2.3681641e+01
   5.5248410e+06   1.5869141e+01
   5.5248510e+06   1.6845703e+01
   5.5248810e+06   1.6540527e+01
   5.5248930e+06   2.3681641e+01
   5.5249130e+06   1.7089844e+01
   5.5249440e+06   2.8747559e+01
   5.5249650e+06   1.5441895e+01
   5.5250480e+06   1.6906738e+01
   5.5250660e+06   1.7761230e+01
   5.5251480e+06   1.6662598e+01
   5.5251870e+06   1.7883301e+01
   5.5252080e+06   1.6418457e+01
   5.5253130e+06   1.8493652e+01
   5.5253590e+06   1.5869141e+01
   5.5412180e+06   1.5441895e+01
   5.5739300e+06   1.6967773e+01
   5.5744140e+06   1.6540527e+01
   5.5746330e+06   1.5869141e+01
   5.6024920e+06   1.7883301e+01
   5.6029670e+06   1.8188477e+01
   5.6030180e+06   1.7089844e+01
   5.6030640e+06   2.1911621e+01
   5.6030860e+06   1.6418457e+01
   5.6031040e+06   1.7944336e+01
   5.6031250e+06   1.8432617e+01
   5.6031400e+06   1.6479492e+01
   5.6031660e+06   1.9470215e+01
   5.6031830e+06   1.6357422e+01
   5.6032260e+06   1.7456055e+01
   5.6032780e+06   1.9775391e+01
   5.6033020e+06   1.8005371e+01
   5.6033430e+06   2.4658203e+01
   5.6034210e+06   1.5502930e+01
   5.6034750e+06   2.0263672e+01
   5.6034910e+06   2.2277832e+01
   5.6035730e+06   1.5991211e+01
   5.6036140e+06   1.7150879e+01
   5.6036780e+06   1.9592285e+01
   5.6037020e+06   1.6296387e+01
   5.6037350e+06   2.2216797e+01
   5.6038040e+06   1.7517090e+01
   5.6038170e+06   1.7272949e+01
   5.6038610e+06   1.7089844e+01
   5.6039390e+06   1.5563965e+01
   5.6040650e+06   1.5930176e+01
   5.6041920e+06   1.5747070e+01
   5.6042620e+06   1.5747070e+01
   5.6699090e+06   1.6723633e+01
   5.6699600e+06   1.7028809e+01
   5.6699710e+06   2.3254395e+01
   5.6700070e+06   1.8981934e+01
   5.6700250e+06   1.6784668e+01
   5.6700720e+06   1.6052246e+01
   5.6700990e+06   2.1484375e+01
   5.6701370e+06   1.8066406e+01
   5.6701680e+06   1.9836426e+01
   5.6701970e+06   2.1301270e+01
   5.6702150e+06   2.0507812e+01
   5.6702630e+06   2.0629883e+01
   5.6702990e+06   1.7700195e+01
   5.6703190e+06   1.6540527e+01
   5.6703580e+06   1.8371582e+01
   5.6703800e+06   1.8127441e+01
   5.6704220e+06   2.3681641e+01
   5.6704500e+06   2.2277832e+01
   5.6704760e+06   2.9235840e+01
   5.6705310e+06   1.8310547e+01
   5.6705940e+06   1.8554688e+01
   5.6706300e+06   1.7028809e+01
   5.6708420e+06   1.6540527e+01
   5.6708960e+06   1.9226074e+01
   5.6709090e+06   1.9104004e+01
   5.6709550e+06   1.6174316e+01
   5.6710340e+06   1.5869141e+01
   5.6715370e+06   1.6845703e+01
   5.7362800e+06   1.5808105e+01
   5.7517040e+06   1.5563965e+01
   5.7525560e+06   1.5808105e+01
   5.7529830e+06   1.9653320e+01
   5.7530150e+06   1.6113281e+01
   5.7531910e+06   1.8798828e+01
   5.7534610e+06   1.6479492e+01
   5.7535210e+06   1.6540527e+01
   5.7535690e+06   1.5563965e+01
   5.7537360e+06   1.6601562e+01
   5.7537630e+06   1.5686035e+01
   5.7538940e+06   1.8615723e+01
   5.7539190e+06   1.9409180e+01
   5.7539800e+06   1.6418457e+01
   5.7540950e+06   1.8737793e+01
   5.7543890e+06   1.5502930e+01
   5.7545990e+06   1.6357422e+01
   5.7567430e+06   2.4414062e+01
   5.9017810e+06   1.7822266e+01
   5.9018160e+06   1.5625000e+01
   5.9018300e+06   1.9958496e+01
   5.9019090e+06   2.1118164e+01
   5.9019190e+06   1.6479492e+01
   5.9019620e+06   1.6601562e+01
   5.9020070e+06   1.7150879e+01
   5.9020630e+06   2.2521973e+01
   5.9021040e+06   1.8676758e+01
   5.9021180e+06   1.8432617e+01
   5.9021480e+06   2.5939941e+01
   5.9021660e+06   2.3132324e+01
   5.9021960e+06   1.5747070e+01
   5.9022440e+06   2.1301270e+01
   5.9022620e+06   1.8615723e+01
   5.9023080e+06   4.3579102e+01
   5.9023210e+06   2.1606445e+01
   5.9023630e+06   1.8676758e+01
   5.9024570e+06   2.0080566e+01
   5.9025050e+06   1.6540527e+01
   5.9025730e+06   1.8859863e+01
   5.9026240e+06   1.7822266e+01
   5.9026890e+06   1.5869141e+01
   5.9027770e+06   2.3437500e+01
   5.9028600e+06   1.7578125e+01
   5.9395950e+06   1.9470215e+01
