   5.9990000e+06   0.0000000e+00
   3.3490100e+05   1.7089844e+01
   3.3493200e+05   2.1850586e+01
   3.3494500e+05   1.8371582e+01
   3.3497600e+05   1.8676758e+01
   3.3499300e+05   2.7404785e+01
   3.3504300e+05   1.9775391e+01
   3.3506500e+05   1.5502930e+01
   3.3511000e+05   1.7089844e+01
   3.3514300e+05   2.2827148e+01
   3.3520700e+05   1.8127441e+01
   3.3524100e+05   2.1667480e+01
   4.0992500e+05   1.5014648e+01
   4.2677900e+05   1.6296387e+01
   4.2679400e+05   1.5502930e+01
   4.2682500e+05   2.3071289e+01
   4.2685800e+05   1.5197754e+01
   4.2690100e+05   1.4648438e+01
   4.2693000e+05   1.9592285e+01
   4.2696100e+05   3.2348633e+01
   4.2698200e+05   3.0334473e+01
   4.2702100e+05   2.4841309e+01
   4.2705500e+05   1.8981934e+01
   4.2752700e+05   1.5197754e+01
   6.7620500e+05   1.5014648e+01
   6.7632100e+05   1.6235352e+01
   6.7634900e+05   1.7883301e+01
   6.7641700e+05   1.5625000e+01
   6.7647800e+05   1.5014648e+01
   6.7649800e+05   1.6784668e+01
   8.0549600e+05   1.5258789e+01
   8.0567000e+05   1.6662598e+01
   8.0581000e+05   1.5441895e+01
   8.0607300e+05   1.5747070e+01
   9.9709600e+05   1.5747070e+01
   9.9711200e+05   1.5686035e+01
   9.9721800e+05   1.6540527e+01
   9.9731500e+05   1.6113281e+01
   9.9754900e+05   1.5319824e+01
   1.1568520e+06   1.5136719e+01
   1.4069970e+06   1.5869141e+01
   1.4084080e+06   1.9348145e+01
   1.4350240e+06   1.7822266e+01
   1.5697860e+06   1.6723633e+01
   1.5698040e+06   2.0324707e+01
   1.5698540e+06   1.9958496e+01
   1.5698690e+06   2.0385742e+01
   1.5699170e+06   1.5747070e+01
   1.5699280e+06   2.0019531e+01
   1.5699700e+06   1.6906738e+01
   1.5700130e+06   1.6052246e+01
   1.5700600e+06   1.4953613e+01
   1.5701000e+06   1.7944336e+01
   1.5701340e+06   1.4892578e+01
   1.5701700e+06   1.6601563e+01
   1.5828890e+06   1.5319824e+01
   1.5829780e+06   1.5319824e+01
   1.5830970e+06   1.6113281e+01
   1.5831520e+06   2.1789551e+01
   1.5831750e+06   1.9226074e+01
   1.5832090e+06   2.9418945e+01
   1.5832310e+06   2.1911621e+01
   1.5832500e+06   1.7211914e+01
   1.5832670e+06   1.6784668e+01
   1.5832980e+06   2.5451660e+01
   1.5833750e+06   1.7089844e+01
   1.5834000e+06   1.4770508e+01
   1.5834430e+06   1.8432617e+01
   1.5834790e+06   1.7578125e+01
   1.5848230e+06   1.6357422e+01
   1.5993660e+06   1.4831543e+01
   1.5994170e+06   2.2705078e+01
   1.5994290e+06   1.5502930e+01
   1.5994500e+06   1.8493652e+01
   1.5994880e+06   3.2165527e+01
   1.5995050e+06   1.8737793e+01
   1.5995270e+06   2.3559570e+01
   1.5995800e+06   1.6235352e+01
   1.5995940e+06   1.7028809e+01
   1.5996810e+06   1.6601562e+01
   1.5997610e+06   1.5319824e+01
   1.7164490e+06   1.9287109e+01
   1.7164770e+06   1.6784668e+01
   1.7164950e+06   1.5808105e+01
   1.7165310e+06   2.7038574e+01
   1.7165470e+06   1.8920898e+01
   1.7165730e+06   2.2766113e+01
   1.7166110e+06   1.5991211e+01
   1.7166280e+06   1.6540527e+01
   1.7166420e+06   1.6357422e+01
   1.7166850e+06   1.7333984e+01
   1.7167740e+06   1.6235352e+01
   1.7168230e+06   1.7028809e+01
   1.7169450e+06   1.5930176e+01
   1.8541320e+06   1.5808105e+01
   1.8541800e+06   1.4892578e+01
   1.8542000e+06   1.6235352e+01
   1.8542320e+06   1.6296387e+01
   1.8542860e+06   1.6235352e+01
   1.8543020e+06   1.8615723e+01
   1.8543330e+06   2.2216797e+01
   1.8543620e+06   2.2827148e+01
   1.8543960e+06   3.3508301e+01
   1.8544190e+06   2.3193359e+01
   1.8544340e+06   1.5014648e+01
   1.8544600e+06   2.3376465e+01
   1.8544950e+06   1.4892578e+01
   1.8545150e+06   1.8188477e+01
   1.8545750e+06   1.5075684e+01
   1.8546140e+06   1.4648438e+01
   1.8547280e+06   1.5869141e+01
   1.9269880e+06   1.4648438e+01
   1.9270190e+06   2.0446777e+01
   1.9270470e+06   1.5319824e+01
   1.9270740e+06   1.6784668e+01
   1.9271280e+06   2.1545410e+01
   1.9271440e+06   2.9541016e+01
   1.9271950e+06   1.6052246e+01
   1.9272610e+06   1.8249512e+01
   1.9272780e+06   1.6662598e+01
   1.9272990e+06   1.9714355e+01
   1.9273950e+06   1.5441895e+01
   1.9274270e+06   1.4770508e+01
   1.9275120e+06   1.5136719e+01
   2.0082030e+06   1.5014648e+01
   2.0214500e+06   1.8005371e+01
   2.0215580e+06   1.9287109e+01
   2.0215880e+06   1.6418457e+01
   2.0216240e+06   1.9958496e+01
   2.0216660e+06   1.6784668e+01
   2.0217300e+06   1.5075684e+01
   2.0217440e+06   1.5869141e+01
   2.0217700e+06   1.5625000e+01
   2.0217900e+06   1.7578125e+01
   2.0218230e+06   1.5930176e+01
   2.0218370e+06   3.3447266e+01
   2.0218750e+06   1.6052246e+01
   2.0218960e+06   2.2521973e+01
   2.0219100e+06   2.5512695e+01
   2.0219470e+06   1.5563965e+01
   2.0219670e+06   1.6113281e+01
   2.0219830e+06   1.7089844e+01
   2.0219950e+06   2.3254395e+01
   2.0220360e+06   1.5197754e+01
   2.0220860e+06   1.6967773e+01
   2.1107590e+06   1.8432617e+01
   2.1108130e+06   1.8554688e+01
   2.1108470e+06   1.5319824e+01
   2.1109270e+06   1.8188477e+01
   2.1109470e+06   1.6113281e+01
   2.1110240e+06   1.7395020e+01
   2.1110370e+06   1.7578125e+01
   2.1110560e+06   1.6723633e+01
   2.1111500e+06   1.5747070e+01
   2.1111620e+06   1.6601562e+01
   2.1112280e+06   1.5197754e+01
   2.3827030e+06   1.5258789e+01
   2.3829770e+06   1.5563965e+01
   2.4701090e+06   2.0019531e+01
   2.4739570e+06   1.8066406e+01
   2.5147630e+06   1.8432617e+01
   2.5148210e+06   1.5563965e+01
   2.5148750e+06   1.5930176e+01
   2.5155680e+06   1.4953613e+01
   2.6125380e+06   1.7028809e+01
   2.6127880e+06   1.5563965e+01
   2.6610870e+06   1.6235352e+01
   2.7322740e+06   1.6784668e+01
   2.7323310e+06   1.4831543e+01
   2.9801180e+06   2.4475098e+01
   3.1135490e+06   1.8493652e+01
   3.1135790e+06   1.5197754e+01
   3.1136370e+06   1.5075684e+01
   3.1136880e+06   1.6601562e+01
   3.1137470e+06   2.4230957e+01
   3.1137590e+06   2.5756836e+01
   3.1137950e+06   1.7578125e+01
   3.1138200e+06   1.8737793e+01
   3.1138570e+06   1.5319824e+01
   3.1138680e+06   1.5502930e+01
   3.1139120e+06   1.6357422e+01
   3.1139360e+06   1.7333984e+01
   3.1139800e+06   1.6967773e+01
   3.2015490e+06   1.5686035e+01
   3.2780300e+06   1.6845703e+01
   3.2782190e+06   1.6235352e+01
   3.2782520e+06   2.1606445e+01
   3.2783110e+06   1.7028809e+01
   3.2784660e+06   1.5319824e+01
   3.2785270e+06   1.6967773e+01
   3.3200950e+06   1.9714355e+01
   3.3508630e+06   1.5136719e+01
   3.3509560e+06   1.6540527e+01
   3.3511020e+06   1.5686035e+01
   3.4162180e+06   1.7150879e+01
   3.5258710e+06   1.5502930e+01
   3.5259520e+06   1.6601563e+01
   3.5259720e+06   1.7028809e+01
   3.5260500e+06   1.6113281e+01
   3.5261040e+06   1.5075684e+01
   3.5261540e+06   1.9470215e+01
   3.5261820e+06   1.5930176e+01
   3.5262660e+06   1.5747070e+01
   3.5263750e+06   1.8310547e+01
   3.5444390e+06   1.5625000e+01
   3.5446860e+06   1.6418457e+01
   3.6417320e+06   1.5563965e+01
   3.6418780e+06   1.6174316e+01
   3.6419880e+06   1.7211914e+01
   3.6421000e+06   1.5869141e+01
   3.8981510e+06   1.5625000e+01
   4.0397140e+06   1.5075684e+01
   4.0397820e+06   1.5258789e+01
   4.1067890e+06   1.5014648e+01
   4.1068260e+06   1.5930176e+01
   4.1068810e+06   1.6906738e+01
   4.1069130e+06   1.9226074e+01
   4.1069430e+06   1.8005371e+01
   4.1069600e+06   2.1911621e+01
   4.1070110e+06   2.0263672e+01
   4.1070380e+06   2.1057129e+01
   4.1070820e+06   1.5625000e+01
   4.1071120e+06   2.2338867e+01
   4.1071220e+06   2.1728516e+01
   4.1071470e+06   1.5625000e+01
   4.1071580e+06   1.7395020e+01
   4.1071890e+06   1.9348145e+01
   4.2208740e+06   2.0141602e+01
   4.2209200e+06   1.7395020e+01
   4.2209460e+06   2.0935059e+01
   4.2209690e+06   1.5563965e+01
   4.2210000e+06   2.2644043e+01
   4.2210120e+06   2.7404785e+01
   4.2210480e+06   1.5747070e+01
   4.2210700e+06   1.7150879e+01
   4.2210900e+06   1.5930176e+01
   4.2211140e+06   1.7211914e+01
   4.2211270e+06   2.2827148e+01
   4.2211720e+06   1.5197754e+01
   4.2212920e+06   1.7272949e+01
   4.2213350e+06   1.5502930e+01
   4.2214040e+06   1.6174316e+01
   4.3143090e+06   1.6845703e+01
   4.3143650e+06   1.6479492e+01
   4.3144160e+06   2.3742676e+01
   4.3144510e+06   1.5869141e+01
   4.3144630e+06   1.9409180e+01
   4.3144980e+06   2.8991699e+01
   4.3145190e+06   1.6418457e+01
   4.3145470e+06   2.0935059e+01
   4.3145760e+06   1.8737793e+01
   4.3516190e+06   1.6540527e+01
   4.3516590e+06   2.1118164e+01
   4.3516720e+06   2.0751953e+01
   4.3516960e+06   1.9165039e+01
   4.3517080e+06   2.6855469e+01
   4.3517430e+06   2.3071289e+01
   4.3517770e+06   1.5075684e+01
   4.3518000e+06   1.8188477e+01
   4.3518250e+06   1.6784668e+01
   4.3519730e+06   1.5258789e+01
   4.4471610e+06   1.7517090e+01
   4.4472250e+06   3.5339355e+01
   4.4472540e+06   2.0751953e+01
   4.4472660e+06   2.3132324e+01
   4.4472770e+06   2.5451660e+01
   4.4473290e+06   2.3315430e+01
   4.4473590e+06   1.5686035e+01
   4.4474020e+06   2.0935059e+01
   4.4474760e+06   1.5075684e+01
   4.4476490e+06   1.6113281e+01
   4.4635470e+06   2.0141602e+01
   4.4635770e+06   1.5258789e+01
   4.4636100e+06   2.5878906e+01
   4.4636310e+06   2.5756836e+01
   4.4636520e+06   1.7150879e+01
   4.4636720e+06   1.7944336e+01
   4.4636820e+06   1.6479492e+01
   4.4636930e+06   1.6174316e+01
   4.4637510e+06   1.5075684e+01
   4.4645360e+06   1.5747070e+01
   4.5385000e+06   1.6601562e+01
   4.5385150e+06   1.5808105e+01
   4.5385590e+06   1.5869141e+01
   4.5385870e+06   2.9663086e+01
   4.5386100e+06   2.2460938e+01
   4.5386250e+06   2.8442383e+01
   4.5386630e+06   3.2165527e+01
   4.5386850e+06   1.5930176e+01
   4.5387150e+06   1.6418457e+01
   4.6336250e+06   1.5197754e+01
   4.6337560e+06   1.5502930e+01
   4.6338240e+06   1.5075684e+01
   4.6338670e+06   2.0568848e+01
   4.6339100e+06   1.7761230e+01
   4.6339310e+06   1.6967773e+01
   4.6339520e+06   2.4902344e+01
   4.6339790e+06   2.0385742e+01
   4.6340140e+06   1.6662598e+01
   4.6340650e+06   1.9897461e+01
   4.6341060e+06   1.5869141e+01
   4.6341490e+06   1.5441895e+01
   4.6343130e+06   1.5258789e+01
   4.7587770e+06   1.4953613e+01
   4.7588030e+06   2.0141602e+01
   4.7588230e+06   3.2897949e+01
   4.7588530e+06   2.2155762e+01
   4.7588690e+06   2.8198242e+01
   4.7589070e+06   1.9531250e+01
   4.7589620e+06   1.5319824e+01
   4.7590860e+06   1.5075684e+01
   4.7592450e+06   1.5747070e+01
   4.8605720e+06   1.6296387e+01
   4.8606170e+06   1.6235352e+01
   4.8606370e+06   1.6235352e+01
   4.8607350e+06   1.5441895e+01
   4.8607790e+06   1.5625000e+01
   4.8607920e+06   2.3986816e+01
   4.8608240e+06   2.0996094e+01
   4.8608570e+06   1.5991211e+01
   4.8608700e+06   2.2399902e+01
   4.8608890e+06   1.9653320e+01
   4.8609130e+06   1.6662598e+01
   4.8609600e+06   2.0202637e+01
   4.8609830e+06   1.7150879e+01
   4.9286000e+06   1.5441895e+01
   4.9286970e+06   1.5258789e+01
   4.9301490e+06   1.5502930e+01
   5.0498640e+06   1.5258789e+01
   5.1709070e+06   1.7639160e+01
   5.3900390e+06   1.6967773e+01
   5.3900760e+06   2.0996094e+01
   5.3900880e+06   1.8920898e+01
   5.3901120e+06   1.9470215e+01
   5.3901270e+06   1.6845703e+01
   5.3901600e+06   1.5258789e+01
   5.3901820e+06   2.0690918e+01
   5.3901970e+06   1.6296387e+01
   5.3902170e+06   1.5747070e+01
   5.3902790e+06   1.6723633e+01
   5.3903270e+06   1.8920898e+01
   5.4095830e+06   1.6723633e+01
   5.4096560e+06   1.5563965e+01
   5.4096830e+06   1.6113281e+01
   5.4097820e+06   1.8676758e+01
   5.4098270e+06   2.1850586e+01
   5.4098540e+06   1.7089844e+01
   5.4098790e+06   2.0263672e+01
   5.4098940e+06   1.6174316e+01
   5.4099370e+06   1.8981934e+01
   5.4099730e+06   1.5625000e+01
   5.4100040e+06   1.8615723e+01
   5.4100350e+06   1.8127441e+01
   5.4100870e+06   1.5258789e+01
   5.4101610e+06   1.5136719e+01
   5.4101780e+06   1.5380859e+01
   5.4102000e+06   2.0324707e+01
   5.5244200e+06   1.5319824e+01
   5.5244970e+06   1.9653320e+01
   5.5245460e+06   1.4953613e+01
   5.5246040e+06   1.5930176e+01
   5.5246290e+06   3.2592773e+01
   5.5246640e+06   2.6489258e+01
   5.5246840e+06   1.9042969e+01
   5.5247830e+06   2.3376465e+01
   5.5248330e+06   1.5075684e+01
   5.5250280e+06   1.6296387e+01
   5.6032810e+06   1.5258789e+01
   5.6036840e+06   1.7883301e+01
   5.6701300e+06   1.7211914e+01
   5.6702170e+06   1.5380859e+01
   5.6703750e+06   1.6174316e+01
   5.6704480e+06   1.5319824e+01
   5.6706070e+06   1.5808105e+01
   5.7063590e+06   1.7517090e+01
   5.9019440e+06   1.5075684e+01
   5.9019540e+06   1.5197754e+01
   5.9019800e+06   1.6479492e+01
   5.9020690e+06   1.5747070e+01
   5.9021480e+06   1.6662598e+01
   5.9021610e+06   1.8127441e+01
   5.9022080e+06   1.5075684e+01
   5.9022920e+06   1.8615723e+01
   5.9024500e+06   1.5075684e+01
