   5.9990000e+06   0.0000000e+00
   5.6490000e+03   1.5380859e+01
   6.9980000e+03   1.5930176e+01
   9.2570000e+03   1.5136719e+01
   1.1373000e+04   1.5319824e+01
   1.8531000e+04   1.7517090e+01
   2.0680000e+04   1.5991211e+01
   2.0789000e+04   1.5441895e+01
   2.9751000e+04   1.5197754e+01
   3.4565000e+04   1.6296387e+01
   3.7162000e+04   1.7944336e+01
   3.8367000e+04   1.5136719e+01
   4.0841000e+04   1.5563965e+01
   4.2693000e+04   1.6235352e+01
   5.4326000e+04   1.9348145e+01
   6.4137000e+04   1.8493652e+01
   6.6421000e+04   1.6113281e+01
   6.9020000e+04   1.7700195e+01
   7.4107000e+04   1.6662598e+01
   7.8661000e+04   1.6479492e+01
   8.1110000e+04   1.5686035e+01
   8.8003000e+04   1.5441895e+01
   9.3346000e+04   1.5380859e+01
   9.7295000e+04   1.5319824e+01
   1.0522300e+05   1.6235352e+01
   1.0553200e+05   1.5258789e+01
   1.0767600e+05   1.6052246e+01
   1.2542000e+05   1.9042969e+01
   1.2997000e+05   1.8981934e+01
   1.3220000e+05   1.7150879e+01
   1.3427900e+05   1.8554688e+01
   1.3855000e+05   1.6662598e+01
   1.4721000e+05   1.6601562e+01
   1.5089500e+05   1.5808105e+01
   1.5103200e+05   1.5747070e+01
   1.5542400e+05   1.7944336e+01
   1.5794300e+05   1.6113281e+01
   1.6005300e+05   1.5563965e+01
   1.7316800e+05   1.7578125e+01
   1.7481600e+05   1.6235352e+01
   1.8438200e+05   1.5563965e+01
   1.8668600e+05   1.6662598e+01
   1.9396300e+05   1.5686035e+01
   1.9495600e+05   1.5563965e+01
   1.9740700e+05   1.6906738e+01
   2.0720700e+05   1.5686035e+01
   2.1225400e+05   1.7272949e+01
   2.1973000e+05   1.6723633e+01
   2.2470600e+05   1.6845703e+01
   2.2752800e+05   1.6845703e+01
   2.4509800e+05   2.0446777e+01
   2.4955500e+05   1.6235352e+01
   2.5353300e+05   1.7456055e+01
   2.5358500e+05   1.6906738e+01
   2.6110100e+05   1.8249512e+01
   2.6349800e+05   1.7089844e+01
   2.6511500e+05   1.6113281e+01
   2.7170200e+05   1.5380859e+01
   2.7580300e+05   1.5136719e+01
   2.8220600e+05   1.6540527e+01
   2.8968500e+05   1.6357422e+01
   2.9188800e+05   1.5563965e+01
   2.9896100e+05   1.5136719e+01
   3.0870000e+05   1.6418457e+01
   3.1123200e+05   1.7150879e+01
   3.1597600e+05   1.5625000e+01
   3.2945600e+05   1.6052246e+01
   3.3181500e+05   1.7883301e+01
   3.3500400e+05   1.8920898e+01
   3.3507000e+05   1.8005371e+01
   3.3510600e+05   1.6784668e+01
   3.3515300e+05   1.6296387e+01
   3.3518800e+05   1.7211914e+01
   3.3527500e+05   1.8127441e+01
   3.3533800e+05   1.5319824e+01
   3.3549000e+05   1.9531250e+01
   3.3556900e+05   1.5502930e+01
   3.4914600e+05   1.8737793e+01
   3.4978000e+05   1.5625000e+01
   3.5271100e+05   1.5502930e+01
   3.5895500e+05   1.6296387e+01
   3.5927700e+05   1.7883301e+01
   3.6073800e+05   1.5136719e+01
   3.6259200e+05   1.5319824e+01
   3.6460500e+05   1.5869141e+01
   3.6608500e+05   1.5380859e+01
   3.6753600e+05   1.5747070e+01
   3.7036900e+05   1.5991211e+01
   3.7141600e+05   1.6418457e+01
   3.7493600e+05   1.6052246e+01
   3.7918000e+05   1.5380859e+01
   3.8062400e+05   1.5319824e+01
   3.8469900e+05   1.5625000e+01
   3.8673300e+05   1.5258789e+01
   3.8683100e+05   1.5197754e+01
   3.8904000e+05   1.5563965e+01
   3.9514100e+05   1.5136719e+01
   3.9732500e+05   1.5136719e+01
   4.0137400e+05   1.5380859e+01
   4.0344700e+05   1.7211914e+01
   4.0779300e+05   1.5258789e+01
   4.0962900e+05   1.6845703e+01
   4.1190300e+05   1.5197754e+01
   4.1376000e+05   1.9226074e+01
   4.1509600e+05   1.5441895e+01
   4.1747500e+05   1.5930176e+01
   4.1831400e+05   1.6418457e+01
   4.2351000e+05   1.6052246e+01
   4.2688300e+05   1.6845703e+01
   4.2694400e+05   2.0935059e+01
   4.2702600e+05   2.1911621e+01
   4.2704700e+05   1.6479492e+01
   4.2709100e+05   2.1545410e+01
   4.2720800e+05   1.7211914e+01
   4.2739300e+05   1.7211914e+01
   4.4159200e+05   1.6357422e+01
   4.4434000e+05   1.5686035e+01
   4.4685200e+05   1.5136719e+01
   4.4840600e+05   1.8859863e+01
   4.4847100e+05   1.6113281e+01
   4.5030600e+05   1.5747070e+01
   4.5121100e+05   1.7333984e+01
   4.5253200e+05   1.5869141e+01
   4.5731500e+05   1.6540527e+01
   4.5832200e+05   1.6845703e+01
   4.6013900e+05   1.7211914e+01
   4.6304400e+05   1.7333984e+01
   4.6501100e+05   1.5502930e+01
   4.6628600e+05   1.5197754e+01
   4.7178100e+05   1.5686035e+01
   4.7387700e+05   1.6784668e+01
   4.7669900e+05   1.7761230e+01
   4.7951800e+05   1.5319824e+01
   4.8026600e+05   1.7333984e+01
   4.8439600e+05   1.6662598e+01
   4.8724300e+05   1.5991211e+01
   4.9011100e+05   1.5441895e+01
   4.9902500e+05   1.8371582e+01
   5.0436900e+05   1.5869141e+01
   5.0993900e+05   1.5197754e+01
   5.1504800e+05   1.6174316e+01
   5.2140000e+05   1.5197754e+01
   5.2368000e+05   1.8554688e+01
   5.2561700e+05   1.5747070e+01
   5.2794800e+05   1.6784668e+01
   5.3619500e+05   1.5136719e+01
   5.3857400e+05   1.7456055e+01
   5.4362900e+05   1.5380859e+01
   5.5587400e+05   1.5563965e+01
   5.6639900e+05   1.5563965e+01
   5.6740600e+05   1.7211914e+01
   5.6838900e+05   1.5441895e+01
   5.7657500e+05   1.6296387e+01
   5.7814800e+05   1.6418457e+01
   5.8007700e+05   1.6174316e+01
   5.8417900e+05   1.7700195e+01
   5.8894100e+05   1.6052246e+01
   5.9463500e+05   1.7272949e+01
   5.9633300e+05   1.5380859e+01
   6.0148300e+05   1.5563965e+01
   6.0605400e+05   1.7700195e+01
   6.1686400e+05   1.5136719e+01
   6.2463800e+05   1.6540527e+01
   6.2753600e+05   1.8066406e+01
   6.2993300e+05   1.5380859e+01
   6.3307000e+05   1.7761230e+01
   6.4328800e+05   1.7517090e+01
   6.4641800e+05   1.5625000e+01
   6.4867300e+05   1.7089844e+01
   6.5861100e+05   1.5441895e+01
   6.6178000e+05   1.5502930e+01
   6.6491300e+05   1.5563965e+01
   6.6736700e+05   1.7883301e+01
   6.7632600e+05   1.5930176e+01
   6.7647500e+05   1.7456055e+01
   6.7652000e+05   1.5258789e+01
   6.7657400e+05   1.6418457e+01
   6.7661300e+05   1.8066406e+01
   6.7668500e+05   1.9714355e+01
   6.7669900e+05   1.9165039e+01
   6.7675400e+05   1.5197754e+01
   6.7678500e+05   1.7272949e+01
   6.8639100e+05   1.6601562e+01
   6.8647600e+05   1.7944336e+01
   6.8768700e+05   1.6113281e+01
   6.9564200e+05   2.2094727e+01
   6.9815800e+05   1.6723633e+01
   7.0368400e+05   1.5991211e+01
   7.0626800e+05   1.5319824e+01
   7.0828000e+05   1.5502930e+01
   7.1625200e+05   1.6174316e+01
   7.2009900e+05   1.7333984e+01
   7.2105100e+05   1.5747070e+01
   7.2132700e+05   1.5991211e+01
   7.2673000e+05   1.8798828e+01
   7.3855900e+05   1.9714355e+01
   7.5179200e+05   1.6723633e+01
   7.5412900e+05   1.6113281e+01
   7.5665400e+05   1.6906738e+01
   7.6162300e+05   1.5441895e+01
   7.6416500e+05   1.5197754e+01
   7.6650600e+05   1.7089844e+01
   7.7210000e+05   1.5258789e+01
   7.8056500e+05   1.5380859e+01
   7.8864200e+05   1.6540527e+01
   7.9571900e+05   1.5136719e+01
   7.9619000e+05   1.6174316e+01
   8.0229200e+05   2.0507812e+01
   8.0547700e+05   1.5747070e+01
   8.0554200e+05   1.5808105e+01
   8.0557000e+05   1.7395020e+01
   8.0564600e+05   1.5869141e+01
   8.0576000e+05   1.5136719e+01
   8.0581500e+05   1.7639160e+01
   8.0604600e+05   1.6113281e+01
   8.1523200e+05   1.8737793e+01
   8.1979700e+05   1.6845703e+01
   8.2294800e+05   1.5991211e+01
   8.2876600e+05   1.6052246e+01
   8.3098100e+05   1.6296387e+01
   8.3557800e+05   1.6662598e+01
   8.4371700e+05   1.6296387e+01
   8.4619700e+05   1.8066406e+01
   8.5549100e+05   1.6174316e+01
   8.5800200e+05   1.6296387e+01
   8.6002800e+05   2.0263672e+01
   8.6931500e+05   1.5441895e+01
   8.7118000e+05   1.5380859e+01
   8.7296000e+05   1.9409180e+01
   8.7478000e+05   1.5625000e+01
   8.7716300e+05   1.5747070e+01
   8.8046600e+05   1.6601562e+01
   8.8200700e+05   1.5319824e+01
   8.8324800e+05   1.5808105e+01
   8.8667000e+05   1.7089844e+01
   8.9036400e+05   1.5441895e+01
   8.9374100e+05   1.7395020e+01
   8.9697800e+05   1.6906738e+01
   9.0217700e+05   1.5930176e+01
   9.0468500e+05   1.6723633e+01
   9.0976300e+05   1.5502930e+01
   9.1213700e+05   1.6052246e+01
   9.1851900e+05   1.6906738e+01
   9.2315500e+05   1.5136719e+01
   9.2537400e+05   1.5625000e+01
   9.2552900e+05   1.5441895e+01
   9.2866900e+05   1.6052246e+01
   9.3401000e+05   1.5136719e+01
   9.3848000e+05   1.6845703e+01
   9.3878200e+05   1.6052246e+01
   9.4506100e+05   1.5319824e+01
   9.4900000e+05   1.5136719e+01
   9.5310700e+05   1.8310547e+01
   9.5607700e+05   1.5502930e+01
   9.6038200e+05   1.5502930e+01
   9.6798300e+05   1.5563965e+01
   9.6967600e+05   1.8798828e+01
   9.8004600e+05   1.5441895e+01
   9.8203000e+05   1.6845703e+01
   9.8404500e+05   1.8554687e+01
   9.8655800e+05   1.5380859e+01
   9.8919000e+05   1.7150879e+01
   9.9107100e+05   1.5625000e+01
   9.9340800e+05   1.5686035e+01
   9.9711800e+05   1.7639160e+01
   9.9739600e+05   2.1850586e+01
   1.0066760e+06   1.7272949e+01
   1.0088390e+06   1.5380859e+01
   1.0105760e+06   1.7517090e+01
   1.0156140e+06   1.5930176e+01
   1.0182480e+06   1.5686035e+01
   1.0229450e+06   1.8188477e+01
   1.0255620e+06   1.6235352e+01
   1.0282130e+06   2.1057129e+01
   1.0307380e+06   1.7395020e+01
   1.0368700e+06   1.8920898e+01
   1.0392790e+06   1.5197754e+01
   1.0456160e+06   1.6601562e+01
   1.0483560e+06   1.5563965e+01
   1.0537590e+06   1.8127441e+01
   1.0655040e+06   1.5563965e+01
   1.0682470e+06   1.5136719e+01
   1.0735260e+06   1.7456055e+01
   1.0763610e+06   1.5197754e+01
   1.0833890e+06   1.7761230e+01
   1.0861900e+06   1.5625000e+01
   1.0883880e+06   1.5808105e+01
   1.0941640e+06   1.7028809e+01
   1.0953470e+06   1.5625000e+01
   1.1061380e+06   1.5625000e+01
   1.1085240e+06   1.5380859e+01
   1.1178230e+06   1.5258789e+01
   1.1197650e+06   1.6906738e+01
   1.1248460e+06   1.7150879e+01
   1.1270960e+06   1.5563965e+01
   1.1331040e+06   1.5319824e+01
   1.1381710e+06   1.7700195e+01
   1.1473720e+06   1.6845703e+01
   1.1489720e+06   1.6967773e+01
   1.1513860e+06   1.7761230e+01
   1.1552800e+06   1.8615723e+01
   1.1566760e+06   1.5441895e+01
   1.1567590e+06   1.5625000e+01
   1.1568320e+06   1.7578125e+01
   1.1568570e+06   1.6174316e+01
   1.1569990e+06   1.6784668e+01
   1.1570280e+06   1.6296387e+01
   1.1735580e+06   1.6418457e+01
   1.1763700e+06   1.7639160e+01
   1.1786360e+06   1.5991211e+01
   1.1815150e+06   1.6357422e+01
   1.1840440e+06   1.7395020e+01
   1.1888090e+06   1.6296387e+01
   1.1908340e+06   2.1911621e+01
   1.1933010e+06   1.6418457e+01
   1.2058810e+06   1.5197754e+01
   1.2133380e+06   1.6479492e+01
   1.2154360e+06   1.7333984e+01
   1.2181650e+06   1.5686035e+01
   1.2206950e+06   1.5319824e+01
   1.2234820e+06   1.7700195e+01
   1.2287710e+06   1.6174316e+01
   1.2372560e+06   1.5991211e+01
   1.2412440e+06   1.5319824e+01
   1.2418830e+06   1.8554688e+01
   1.2431530e+06   1.7089844e+01
   1.2503540e+06   1.7578125e+01
   1.2546230e+06   1.7822266e+01
   1.2569540e+06   1.7211914e+01
   1.2608810e+06   1.5930176e+01
   1.2638980e+06   1.5441895e+01
   1.2741170e+06   1.6479492e+01
   1.2766820e+06   1.6113281e+01
   1.2788330e+06   1.6174316e+01
   1.2821720e+06   1.7700195e+01
   1.2843680e+06   1.5319824e+01
   1.2856580e+06   1.6601562e+01
   1.2888460e+06   1.7211914e+01
   1.2937130e+06   1.8859863e+01
   1.2968630e+06   1.5869141e+01
   1.3096110e+06   1.7944336e+01
   1.3325640e+06   2.0019531e+01
   1.3407270e+06   1.5502930e+01
   1.3427880e+06   1.5625000e+01
   1.3495350e+06   1.5197754e+01
   1.3540530e+06   1.9287109e+01
   1.3567080e+06   1.6357422e+01
   1.3658090e+06   1.6235352e+01
   1.3773180e+06   1.5563965e+01
   1.3799170e+06   1.5930176e+01
   1.3824320e+06   1.8188477e+01
   1.3869580e+06   1.5319824e+01
   1.3887520e+06   1.5747070e+01
   1.3942700e+06   1.7089844e+01
   1.3968600e+06   1.5197754e+01
   1.3995160e+06   1.6235352e+01
   1.4013890e+06   1.6906738e+01
   1.4052630e+06   1.7150879e+01
   1.4079400e+06   1.6174316e+01
   1.4135020e+06   1.6174316e+01
   1.4312260e+06   1.5136719e+01
   1.4358620e+06   1.5441895e+01
   1.4441140e+06   1.5625000e+01
   1.4504590e+06   1.6052246e+01
   1.4531640e+06   1.5747070e+01
   1.4552950e+06   1.6052246e+01
   1.4584020e+06   1.8066406e+01
   1.4639160e+06   1.7944336e+01
   1.4665110e+06   1.5869141e+01
   1.4730530e+06   1.8066406e+01
   1.4761820e+06   1.7028809e+01
   1.4792680e+06   1.9104004e+01
   1.4817350e+06   1.9287109e+01
   1.4926960e+06   1.5686035e+01
   1.4954020e+06   1.6174316e+01
   1.5013850e+06   1.5441895e+01
   1.5027830e+06   1.8127441e+01
   1.5093340e+06   1.5258789e+01
   1.5122710e+06   1.8188477e+01
   1.5154320e+06   1.6418457e+01
   1.5220830e+06   1.7150879e+01
   1.5261530e+06   1.7822266e+01
   1.5290600e+06   1.5991211e+01
   1.5391800e+06   1.7822266e+01
   1.5435910e+06   1.6845703e+01
   1.5493640e+06   1.8188477e+01
   1.5594490e+06   1.7822266e+01
   1.5690410e+06   1.6845703e+01
   1.5698770e+06   2.1301270e+01
   1.5699230e+06   2.2277832e+01
   1.5700000e+06   1.5686035e+01
   1.5700290e+06   2.2338867e+01
   1.5700540e+06   1.5441895e+01
   1.5703890e+06   1.7028809e+01
   1.5704650e+06   1.7517090e+01
   1.5822770e+06   1.5563965e+01
   1.5831940e+06   1.6174316e+01
   1.5833000e+06   2.2583008e+01
   1.5833190e+06   1.5930176e+01
   1.5833850e+06   1.5502930e+01
   1.5834090e+06   1.6357422e+01
   1.5834450e+06   1.7089844e+01
   1.5835240e+06   1.8066406e+01
   1.5835950e+06   1.6235352e+01
   1.5925040e+06   1.5380859e+01
   1.5943730e+06   1.6113281e+01
   1.5944250e+06   1.5991211e+01
   1.5978410e+06   1.6357422e+01
   1.5994780e+06   1.5563965e+01
   1.5995610e+06   1.6418457e+01
   1.5995950e+06   1.8737793e+01
   1.5996530e+06   1.8127441e+01
   1.5997180e+06   1.5258789e+01
   1.5998030e+06   1.7578125e+01
   1.6114190e+06   1.5319824e+01
   1.6114750e+06   1.7272949e+01
   1.6143650e+06   1.5808105e+01
   1.6191300e+06   1.8066406e+01
   1.6212930e+06   1.6052246e+01
   1.6220110e+06   1.5502930e+01
   1.6334280e+06   1.6845703e+01
   1.6355160e+06   1.5991211e+01
   1.6399800e+06   1.5380859e+01
   1.6428000e+06   1.6845703e+01
   1.6439260e+06   1.5625000e+01
   1.6499080e+06   1.5563965e+01
   1.6517350e+06   1.7395020e+01
   1.6568980e+06   1.7639160e+01
   1.6609590e+06   1.5197754e+01
   1.6645740e+06   1.5136719e+01
   1.6685770e+06   1.5686035e+01
   1.6695440e+06   1.9348145e+01
   1.6722020e+06   1.5197754e+01
   1.6766030e+06   1.5869141e+01
   1.6782860e+06   1.5319824e+01
   1.6805160e+06   1.5319824e+01
   1.6894680e+06   1.6723633e+01
   1.6922500e+06   1.5136719e+01
   1.6940620e+06   1.7700195e+01
   1.7019610e+06   1.5319824e+01
   1.7026110e+06   1.6784668e+01
   1.7078920e+06   1.5502930e+01
   1.7094310e+06   1.5869141e+01
   1.7165330e+06   1.5808105e+01
   1.7166240e+06   2.1362305e+01
   1.7166500e+06   1.7578125e+01
   1.7166660e+06   1.9714355e+01
   1.7166840e+06   1.6662598e+01
   1.7167410e+06   1.5197754e+01
   1.7167620e+06   1.5258789e+01
   1.7168120e+06   1.9897461e+01
   1.7169550e+06   1.5502930e+01
   1.7170450e+06   1.6052246e+01
   1.7300190e+06   1.5136719e+01
   1.7321190e+06   1.7822266e+01
   1.7330720e+06   1.6540527e+01
   1.7350140e+06   1.7883301e+01
   1.7359400e+06   1.5991211e+01
   1.7395870e+06   1.5441895e+01
   1.7397850e+06   1.7089844e+01
   1.7419380e+06   1.5686035e+01
   1.7421800e+06   1.5258789e+01
   1.7453430e+06   1.7456055e+01
   1.7475070e+06   1.6296387e+01
   1.7477370e+06   1.9165039e+01
   1.7506230e+06   1.6418457e+01
   1.7604190e+06   1.8615723e+01
   1.7639980e+06   1.6906738e+01
   1.7696720e+06   1.7089844e+01
   1.7701400e+06   1.5869141e+01
   1.7727150e+06   1.5380859e+01
   1.7752360e+06   1.7883301e+01
   1.7797110e+06   1.7028809e+01
   1.7845210e+06   1.7639160e+01
   1.7864190e+06   1.6235352e+01
   1.7892520e+06   2.0446777e+01
   1.7909040e+06   1.9042969e+01
   1.7941220e+06   1.8432617e+01
   1.7961410e+06   1.5625000e+01
   1.7973090e+06   1.6113281e+01
   1.7986540e+06   1.7517090e+01
   1.8006920e+06   1.5625000e+01
   1.8038850e+06   1.5686035e+01
   1.8178520e+06   1.7395020e+01
   1.8196400e+06   1.6845703e+01
   1.8206180e+06   1.5747070e+01
   1.8238320e+06   1.6540527e+01
   1.8267910e+06   1.6235352e+01
   1.8307850e+06   1.5380859e+01
   1.8367590e+06   1.5441895e+01
   1.8392240e+06   1.6357422e+01
   1.8461250e+06   1.5747070e+01
   1.8483540e+06   1.5625000e+01
   1.8506910e+06   1.9348145e+01
   1.8543200e+06   1.5991211e+01
   1.8543750e+06   2.0263672e+01
   1.8544030e+06   1.9226074e+01
   1.8544420e+06   1.7150879e+01
   1.8544530e+06   1.8005371e+01
   1.8545370e+06   1.5380859e+01
   1.8546220e+06   1.9470215e+01
   1.8547430e+06   1.5258789e+01
   1.8661350e+06   1.6845703e+01
   1.8702440e+06   1.6235352e+01
   1.8710620e+06   1.6235352e+01
   1.8716200e+06   1.6113281e+01
   1.8723680e+06   1.8737793e+01
   1.8726500e+06   1.5136719e+01
   1.8741110e+06   2.1301270e+01
   1.8763160e+06   1.5930176e+01
   1.8765230e+06   1.7639160e+01
   1.8776020e+06   1.6540527e+01
   1.8821230e+06   1.9104004e+01
   1.8835910e+06   1.5380859e+01
   1.8886840e+06   1.5991211e+01
   1.8929050e+06   1.5319824e+01
   1.8951100e+06   1.5258789e+01
   1.8991730e+06   1.5869141e+01
   1.9003190e+06   1.5808105e+01
   1.9024090e+06   1.7150879e+01
   1.9057970e+06   1.7028809e+01
   1.9078870e+06   1.8920898e+01
   1.9103550e+06   1.5136719e+01
   1.9119420e+06   1.6479492e+01
   1.9134820e+06   1.5869141e+01
   1.9157320e+06   1.5502930e+01
   1.9188330e+06   1.5563965e+01
   1.9204910e+06   1.5197754e+01
   1.9229380e+06   1.6418457e+01
   1.9251850e+06   1.6784668e+01
   1.9271520e+06   1.5808105e+01
   1.9271730e+06   1.5441895e+01
   1.9272060e+06   2.1118164e+01
   1.9272570e+06   1.6784668e+01
   1.9272670e+06   1.5319824e+01
   1.9273090e+06   1.7028809e+01
   1.9273450e+06   2.1972656e+01
   1.9273630e+06   1.5808105e+01
   1.9274410e+06   1.7700195e+01
   1.9277080e+06   1.5380859e+01
   1.9381130e+06   1.5808105e+01
   1.9421170e+06   1.5625000e+01
   1.9421800e+06   1.6479492e+01
   1.9436270e+06   1.5563965e+01
   1.9446340e+06   1.7639160e+01
   1.9459410e+06   1.5502930e+01
   1.9534660e+06   1.5136719e+01
   1.9549600e+06   1.5136719e+01
   1.9566360e+06   1.6235352e+01
   1.9635040e+06   1.6601562e+01
   1.9688310e+06   1.5380859e+01
   1.9723430e+06   1.7456055e+01
   1.9845170e+06   1.6235352e+01
   1.9856520e+06   1.5808105e+01
   1.9933180e+06   1.6662598e+01
   1.9951840e+06   1.5930176e+01
   1.9997890e+06   1.5747070e+01
   2.0016660e+06   1.5441895e+01
   2.0041290e+06   1.6723633e+01
   2.0100870e+06   1.6540527e+01
   2.0145320e+06   1.5136719e+01
   2.0184690e+06   1.5869141e+01
   2.0210260e+06   1.6662598e+01
   2.0217360e+06   1.7089844e+01
   2.0218060e+06   1.5441895e+01
   2.0218750e+06   1.6418457e+01
   2.0219070e+06   2.1728516e+01
   2.0219530e+06   1.8310547e+01
   2.0219700e+06   1.5441895e+01
   2.0220070e+06   1.7883301e+01
   2.0220920e+06   1.6174316e+01
   2.0222040e+06   1.6357422e+01
   2.0334370e+06   1.6967773e+01
   2.0384100e+06   1.5258789e+01
   2.0396370e+06   1.6113281e+01
   2.0412440e+06   1.6235352e+01
   2.0430430e+06   1.6174316e+01
   2.0445570e+06   1.6052246e+01
   2.0459170e+06   1.6784668e+01
   2.0488230e+06   1.9592285e+01
   2.0514030e+06   2.1362305e+01
   2.0584290e+06   1.5380859e+01
   2.0603760e+06   1.5136719e+01
   2.0625180e+06   1.8188477e+01
   2.0642230e+06   1.5747070e+01
   2.0661600e+06   1.5808105e+01
   2.0664970e+06   1.6235352e+01
   2.0669610e+06   1.6479492e+01
   2.0756320e+06   1.5869141e+01
   2.0772660e+06   1.5380859e+01
   2.0796100e+06   1.5136719e+01
   2.0812020e+06   1.7333984e+01
   2.0854290e+06   1.5563965e+01
   2.0868680e+06   1.5380859e+01
   2.0884250e+06   1.5319824e+01
   2.0904290e+06   1.9165039e+01
   2.0923970e+06   1.5502930e+01
   2.0938790e+06   1.6540527e+01
   2.0965380e+06   1.5563965e+01
   2.0984630e+06   1.5808105e+01
   2.1042040e+06   1.5808105e+01
   2.1095700e+06   1.7700195e+01
   2.1106950e+06   2.4414062e+01
   2.1110880e+06   2.1179199e+01
   2.1111480e+06   1.8920898e+01
   2.1111600e+06   2.4291992e+01
   2.1112010e+06   1.8615723e+01
   2.1112450e+06   1.8554688e+01
   2.1112800e+06   1.7456055e+01
   2.1113210e+06   1.7639160e+01
   2.1113520e+06   1.8310547e+01
   2.1113960e+06   1.5258789e+01
   2.1255110e+06   1.5258789e+01
   2.1269530e+06   1.5869141e+01
   2.1284280e+06   1.5136719e+01
   2.1311330e+06   1.9348145e+01
   2.1325180e+06   1.6113281e+01
   2.1348480e+06   1.5319824e+01
   2.1366660e+06   1.8554688e+01
   2.1387240e+06   1.5625000e+01
   2.1400860e+06   1.5319824e+01
   2.1457330e+06   1.5869141e+01
   2.1483680e+06   1.5625000e+01
   2.1496380e+06   1.6052246e+01
   2.1525200e+06   1.5319824e+01
   2.1548790e+06   1.7395020e+01
   2.1568490e+06   1.6723633e+01
   2.1639180e+06   1.7761230e+01
   2.1652880e+06   1.6052246e+01
   2.1684680e+06   1.5319824e+01
   2.1718340e+06   1.7272949e+01
   2.1747500e+06   1.6235352e+01
   2.1771410e+06   1.7944336e+01
   2.1802060e+06   1.6906738e+01
   2.1818370e+06   1.5991211e+01
   2.1834800e+06   1.6296387e+01
   2.1854620e+06   1.6845703e+01
   2.1949160e+06   1.6540527e+01
   2.1978640e+06   1.5136719e+01
   2.2030900e+06   1.5930176e+01
   2.2035870e+06   1.7578125e+01
   2.2049500e+06   1.6357422e+01
   2.2089970e+06   1.5502930e+01
   2.2130410e+06   1.5625000e+01
   2.2132350e+06   1.6723633e+01
   2.2211040e+06   1.5380859e+01
   2.2252410e+06   1.8798828e+01
   2.2269620e+06   1.5625000e+01
   2.2308980e+06   1.5441895e+01
   2.2327440e+06   1.8066406e+01
   2.2341770e+06   1.5991211e+01
   2.2359980e+06   1.6662598e+01
   2.2382570e+06   1.5136719e+01
   2.2465410e+06   1.5441895e+01
   2.2538470e+06   1.6479492e+01
   2.2539390e+06   1.5258789e+01
   2.2603820e+06   1.6174316e+01
   2.2622940e+06   1.7639160e+01
   2.2708890e+06   1.6418457e+01
   2.2725120e+06   1.5869141e+01
   2.2741420e+06   1.5380859e+01
   2.2755390e+06   1.7272949e+01
   2.2771790e+06   1.6906738e+01
   2.2792660e+06   1.8493652e+01
   2.2843660e+06   1.6174316e+01
   2.2854040e+06   1.7028809e+01
   2.2867740e+06   1.5502930e+01
   2.2937780e+06   1.5563965e+01
   2.2976030e+06   1.6906738e+01
   2.2993530e+06   1.7395020e+01
   2.3026260e+06   1.6235352e+01
   2.3044060e+06   1.7272949e+01
   2.3087550e+06   1.5258789e+01
   2.3103500e+06   1.8920898e+01
   2.3160410e+06   1.5625000e+01
   2.3179130e+06   1.6296387e+01
   2.3203670e+06   1.5258789e+01
   2.3271360e+06   1.7822266e+01
   2.3332420e+06   1.6906738e+01
   2.3411460e+06   1.7761230e+01
   2.3443490e+06   1.7028809e+01
   2.3458780e+06   1.7089844e+01
   2.3499410e+06   1.6418457e+01
   2.3532760e+06   1.9226074e+01
   2.3548650e+06   1.7944336e+01
   2.3580930e+06   1.5197754e+01
   2.3684290e+06   1.5441895e+01
   2.3783920e+06   1.5563965e+01
   2.3820900e+06   1.6662598e+01
   2.3827790e+06   1.5319824e+01
   2.3830270e+06   1.6113281e+01
   2.3831140e+06   1.8920898e+01
   2.3833680e+06   1.7456055e+01
   2.3834840e+06   1.6235352e+01
   2.3911340e+06   1.5747070e+01
   2.3929190e+06   1.5380859e+01
   2.3939370e+06   1.5258789e+01
   2.3956700e+06   1.7028809e+01
   2.3979840e+06   1.5563965e+01
   2.3995540e+06   2.1118164e+01
   2.4030910e+06   1.7150879e+01
   2.4048130e+06   1.5930176e+01
   2.4078070e+06   1.5380859e+01
   2.4098070e+06   1.5136719e+01
   2.4120240e+06   1.5930176e+01
   2.4138400e+06   1.7517090e+01
   2.4157850e+06   1.6601562e+01
   2.4174040e+06   1.5502930e+01
   2.4175700e+06   1.6479492e+01
   2.4192520e+06   1.5747070e+01
   2.4341890e+06   1.5319824e+01
   2.4363260e+06   1.5625000e+01
   2.4377860e+06   1.5380859e+01
   2.4450910e+06   1.5319824e+01
   2.4476710e+06   1.5502930e+01
   2.4501960e+06   1.5502930e+01
   2.4517860e+06   1.6479492e+01
   2.4631670e+06   1.8798828e+01
   2.4711920e+06   1.5258789e+01
   2.4750690e+06   1.5380859e+01
   2.4765090e+06   1.6662598e+01
   2.4778830e+06   1.8188477e+01
   2.4779380e+06   1.5563965e+01
   2.4791380e+06   1.5991211e+01
   2.4872480e+06   1.6967773e+01
   2.4945590e+06   1.6296387e+01
   2.4966400e+06   1.6479492e+01
   2.4993190e+06   1.6723633e+01
   2.5032800e+06   1.5197754e+01
   2.5049640e+06   1.5747070e+01
   2.5092210e+06   1.6174316e+01
   2.5125770e+06   1.6235352e+01
   2.5148550e+06   1.5747070e+01
   2.5148730e+06   1.5930176e+01
   2.5149310e+06   1.7822266e+01
   2.5150720e+06   1.9897461e+01
   2.5151230e+06   1.5441895e+01
   2.5249090e+06   1.5380859e+01
   2.5265970e+06   1.8737793e+01
   2.5302350e+06   1.7761230e+01
   2.5362310e+06   1.5930176e+01
   2.5379150e+06   1.6235352e+01
   2.5403160e+06   1.5625000e+01
   2.5478600e+06   1.5625000e+01
   2.5547910e+06   1.5502930e+01
   2.5563830e+06   1.5747070e+01
   2.5584270e+06   1.8127441e+01
   2.5601810e+06   1.5258789e+01
   2.5709180e+06   1.8493652e+01
   2.5725600e+06   1.8432617e+01
   2.5744270e+06   1.5258789e+01
   2.5759900e+06   1.6784668e+01
   2.5796810e+06   1.5319824e+01
   2.5818150e+06   1.6174316e+01
   2.5857880e+06   1.5258789e+01
   2.5894090e+06   1.5747070e+01
   2.5931790e+06   1.6418457e+01
   2.5933980e+06   1.6601562e+01
   2.5952060e+06   1.5563965e+01
   2.5969160e+06   1.9226074e+01
   2.5986010e+06   1.5136719e+01
   2.6005560e+06   1.6052246e+01
   2.6008990e+06   1.5502930e+01
   2.6084030e+06   1.6723633e+01
   2.6105720e+06   1.9653320e+01
   2.6123170e+06   1.6967773e+01
   2.6125480e+06   1.9348145e+01
   2.6127840e+06   1.5380859e+01
   2.6128850e+06   1.8737793e+01
   2.6134170e+06   1.6113281e+01
   2.6214830e+06   1.6357422e+01
   2.6260760e+06   1.5197754e+01
   2.6277840e+06   1.5563965e+01
   2.6297240e+06   1.5380859e+01
   2.6312360e+06   1.5686035e+01
   2.6350010e+06   1.8310547e+01
   2.6414430e+06   1.6113281e+01
   2.6430840e+06   1.6052246e+01
   2.6447990e+06   1.6052246e+01
   2.6464030e+06   1.5502930e+01
   2.6483460e+06   1.5869141e+01
   2.6499620e+06   1.6357422e+01
   2.6611540e+06   1.5625000e+01
   2.6615940e+06   1.6906738e+01
   2.6616550e+06   2.1850586e+01
   2.6729570e+06   1.8188477e+01
   2.6731860e+06   1.6296387e+01
   2.6776560e+06   1.8066406e+01
   2.6804710e+06   1.5502930e+01
   2.6873130e+06   1.6235352e+01
   2.6905320e+06   1.5991211e+01
   2.6930890e+06   1.6113281e+01
   2.6953430e+06   1.7089844e+01
   2.7041890e+06   1.5991211e+01
   2.7085170e+06   1.8310547e+01
   2.7101350e+06   1.7150879e+01
   2.7130190e+06   1.6479492e+01
   2.7147460e+06   1.5930176e+01
   2.7208220e+06   1.5441895e+01
   2.7237760e+06   2.2277832e+01
   2.7320120e+06   1.5258789e+01
   2.7322360e+06   2.1606445e+01
   2.7323280e+06   1.5197754e+01
   2.7325110e+06   1.6174316e+01
   2.7328230e+06   1.6784668e+01
   2.7405890e+06   1.7211914e+01
   2.7407040e+06   1.5625000e+01
   2.7432320e+06   1.6601562e+01
   2.7458060e+06   1.6601562e+01
   2.7473140e+06   1.6113281e+01
   2.7514290e+06   1.5747070e+01
   2.7524450e+06   1.6113281e+01
   2.7548470e+06   1.8737793e+01
   2.7566290e+06   1.6052246e+01
   2.7587460e+06   1.6052246e+01
   2.7607580e+06   1.5625000e+01
   2.7629900e+06   1.5991211e+01
   2.7695670e+06   1.5563965e+01
   2.7712550e+06   1.6235352e+01
   2.7733670e+06   1.5869141e+01
   2.7794860e+06   1.5747070e+01
   2.7821090e+06   1.5869141e+01
   2.7842290e+06   1.6418457e+01
   2.7855910e+06   1.5136719e+01
   2.7885360e+06   1.6418457e+01
   2.7905840e+06   1.5380859e+01
   2.7926200e+06   1.5380859e+01
   2.7932610e+06   1.5258789e+01
   2.7989760e+06   1.6174316e+01
   2.8008920e+06   1.6418457e+01
   2.8029400e+06   1.6906738e+01
   2.8089110e+06   1.7883301e+01
   2.8120390e+06   1.5502930e+01
   2.8207940e+06   1.6479492e+01
   2.8252150e+06   1.7578125e+01
   2.8312370e+06   1.6540527e+01
   2.8346440e+06   1.5686035e+01
   2.8366240e+06   1.5563965e+01
   2.8393160e+06   1.6174316e+01
   2.8413230e+06   1.5136719e+01
   2.8456790e+06   1.5808105e+01
   2.8480860e+06   1.6967773e+01
   2.8586720e+06   1.6784668e+01
   2.8626910e+06   1.7395020e+01
   2.8646880e+06   1.5991211e+01
   2.8647690e+06   1.8432617e+01
   2.8674090e+06   1.7272949e+01
   2.8740760e+06   1.6174316e+01
   2.8759340e+06   1.5686035e+01
   2.8783870e+06   1.6723633e+01
   2.8831930e+06   1.7211914e+01
   2.8846170e+06   1.5258789e+01
   2.8873630e+06   1.7211914e+01
   2.8908050e+06   1.6357422e+01
   2.8948440e+06   1.8798828e+01
   2.8985980e+06   1.5869141e+01
   2.9005480e+06   1.5258789e+01
   2.9054150e+06   1.5380859e+01
   2.9078690e+06   1.6967773e+01
   2.9094600e+06   1.5258789e+01
   2.9137140e+06   1.5625000e+01
   2.9152090e+06   1.6723633e+01
   2.9200360e+06   1.7456055e+01
   2.9220940e+06   1.6784668e+01
   2.9240360e+06   1.5930176e+01
   2.9275310e+06   1.9531250e+01
   2.9292880e+06   1.5869141e+01
   2.9316740e+06   1.6235352e+01
   2.9335170e+06   1.6174316e+01
   2.9353640e+06   1.5625000e+01
   2.9376370e+06   1.5747070e+01
   2.9391310e+06   2.0202637e+01
   2.9403440e+06   1.6418457e+01
   2.9478740e+06   1.6784668e+01
   2.9500140e+06   1.7150879e+01
   2.9519750e+06   1.5625000e+01
   2.9523360e+06   1.6052246e+01
   2.9544630e+06   1.5808105e+01
   2.9583280e+06   1.6906738e+01
   2.9681060e+06   1.9531250e+01
   2.9705640e+06   1.6540527e+01
   2.9731200e+06   1.5808105e+01
   2.9770560e+06   1.5808105e+01
   2.9823370e+06   1.8310547e+01
   2.9843280e+06   1.7883301e+01
   2.9864400e+06   1.5563965e+01
   2.9915540e+06   1.6784668e+01
   2.9935290e+06   1.6113281e+01
   2.9951940e+06   1.5441895e+01
   3.0010600e+06   1.6235352e+01
   3.0033730e+06   1.8432617e+01
   3.0051610e+06   1.5441895e+01
   3.0109920e+06   1.7089844e+01
   3.0133520e+06   1.5258789e+01
   3.0175970e+06   1.5930176e+01
   3.0188720e+06   1.5197754e+01
   3.0300480e+06   1.5258789e+01
   3.0360520e+06   1.5808105e+01
   3.0379810e+06   1.5319824e+01
   3.0401490e+06   1.6174316e+01
   3.0440100e+06   1.5197754e+01
   3.0597560e+06   1.7456055e+01
   3.0647370e+06   1.5625000e+01
   3.0691990e+06   1.5625000e+01
   3.0770600e+06   1.5441895e+01
   3.0975370e+06   1.5441895e+01
   3.0980240e+06   1.5930176e+01
   3.1080380e+06   1.6540527e+01
   3.1112680e+06   1.9165039e+01
   3.1124500e+06   1.6174316e+01
   3.1136130e+06   1.6357422e+01
   3.1136990e+06   1.7822266e+01
   3.1137550e+06   1.6174316e+01
   3.1137890e+06   2.0385742e+01
   3.1138460e+06   1.8066406e+01
   3.1139020e+06   1.5747070e+01
   3.1139140e+06   1.5197754e+01
   3.1139340e+06   1.8310547e+01
   3.1140540e+06   1.8066406e+01
   3.1230460e+06   1.5258789e+01
   3.1261500e+06   1.6723633e+01
   3.1300250e+06   1.7578125e+01
   3.1316790e+06   1.6052246e+01
   3.1342870e+06   1.6540527e+01
   3.1345180e+06   1.5747070e+01
   3.1360600e+06   1.6357422e+01
   3.1369960e+06   1.6357422e+01
   3.1424150e+06   1.5991211e+01
   3.1455440e+06   1.9042969e+01
   3.1489010e+06   1.6723633e+01
   3.1507690e+06   1.6540527e+01
   3.1543910e+06   1.6174316e+01
   3.1561710e+06   1.5808105e+01
   3.1610300e+06   1.5869141e+01
   3.1636340e+06   1.6235352e+01
   3.1651020e+06   1.8920898e+01
   3.1672800e+06   1.8981934e+01
   3.1688660e+06   1.7944336e+01
   3.1709720e+06   1.6906738e+01
   3.1754520e+06   1.6235352e+01
   3.1794520e+06   1.8188477e+01
   3.1831870e+06   1.6723633e+01
   3.1856380e+06   2.1423340e+01
   3.1925180e+06   1.6601562e+01
   3.1947200e+06   1.6540527e+01
   3.1963500e+06   1.5380859e+01
   3.1967050e+06   1.5258789e+01
   3.2123500e+06   1.5625000e+01
   3.2159200e+06   1.6845703e+01
   3.2202010e+06   1.5441895e+01
   3.2224780e+06   1.7272949e+01
   3.2248340e+06   1.5747070e+01
   3.2266810e+06   1.6540527e+01
   3.2329190e+06   1.8127441e+01
   3.2399780e+06   1.6113281e+01
   3.2426490e+06   1.5258789e+01
   3.2454720e+06   1.6784668e+01
   3.2474540e+06   1.6845703e+01
   3.2490520e+06   1.9348145e+01
   3.2571820e+06   1.5258789e+01
   3.2654340e+06   1.5625000e+01
   3.2676880e+06   1.5197754e+01
   3.2699510e+06   1.6845703e+01
   3.2752930e+06   1.6601562e+01
   3.2780870e+06   1.5808105e+01
   3.2781670e+06   1.5808105e+01
   3.2782660e+06   1.7517090e+01
   3.2782960e+06   1.6723633e+01
   3.2783390e+06   1.9226074e+01
   3.2784330e+06   2.1606445e+01
   3.2784940e+06   2.0568848e+01
   3.2878080e+06   1.6235352e+01
   3.2921770e+06   1.6296387e+01
   3.2926890e+06   1.8127441e+01
   3.2943760e+06   1.5563965e+01
   3.3034090e+06   1.6601563e+01
   3.3066210e+06   1.7028809e+01
   3.3112920e+06   1.5380859e+01
   3.3130500e+06   1.7578125e+01
   3.3145320e+06   1.6113281e+01
   3.3184980e+06   1.5686035e+01
   3.3204010e+06   1.7089844e+01
   3.3238620e+06   1.5747070e+01
   3.3264020e+06   1.6723633e+01
   3.3285130e+06   1.5258789e+01
   3.3305980e+06   1.5319824e+01
   3.3322990e+06   1.5441895e+01
   3.3340580e+06   1.8066406e+01
   3.3380510e+06   1.6540527e+01
   3.3452450e+06   1.6052246e+01
   3.3472170e+06   1.6357422e+01
   3.3489640e+06   1.9409180e+01
   3.3505340e+06   1.6052246e+01
   3.3509410e+06   1.5808105e+01
   3.3509940e+06   2.1423340e+01
   3.3596520e+06   1.5380859e+01
   3.3612500e+06   1.6357422e+01
   3.3614330e+06   1.6723633e+01
   3.3643080e+06   1.8127441e+01
   3.3643250e+06   1.5380859e+01
   3.3673450e+06   1.5686035e+01
   3.3719170e+06   1.5380859e+01
   3.3719410e+06   1.7883301e+01
   3.3736320e+06   1.6418457e+01
   3.3759030e+06   1.7456055e+01
   3.3782260e+06   1.5808105e+01
   3.3800620e+06   1.7333984e+01
   3.3820880e+06   1.8066406e+01
   3.3887250e+06   1.6418457e+01
   3.3933350e+06   1.6235352e+01
   3.4020730e+06   1.5441895e+01
   3.4072280e+06   1.7761230e+01
   3.4106100e+06   1.5502930e+01
   3.4167710e+06   1.7761230e+01
   3.4186520e+06   1.5991211e+01
   3.4258970e+06   1.5441895e+01
   3.4278700e+06   1.5747070e+01
   3.4320130e+06   1.6662598e+01
   3.4341250e+06   1.6479492e+01
   3.4358320e+06   1.7272949e+01
   3.4404380e+06   1.5808105e+01
   3.4427850e+06   1.5258789e+01
   3.4524870e+06   1.7028809e+01
   3.4540680e+06   1.6357422e+01
   3.4560400e+06   1.6357422e+01
   3.4608080e+06   1.6479492e+01
   3.4667820e+06   1.5869141e+01
   3.4736830e+06   1.6967773e+01
   3.4809140e+06   1.6357422e+01
   3.4863790e+06   1.7822266e+01
   3.4925520e+06   1.9653320e+01
   3.4966900e+06   1.7761230e+01
   3.5009200e+06   1.7333984e+01
   3.5024390e+06   1.6967773e+01
   3.5046370e+06   1.7883301e+01
   3.5062850e+06   1.8615723e+01
   3.5101500e+06   1.5502930e+01
   3.5125340e+06   1.8310547e+01
   3.5141970e+06   1.5625000e+01
   3.5181080e+06   1.7395020e+01
   3.5204940e+06   1.5686035e+01
   3.5231450e+06   1.5197754e+01
   3.5259630e+06   1.9165039e+01
   3.5262060e+06   1.9165039e+01
   3.5262320e+06   1.5930176e+01
   3.5262860e+06   1.5502930e+01
   3.5264260e+06   1.6235352e+01
   3.5353330e+06   1.6845703e+01
   3.5359990e+06   1.9897461e+01
   3.5362360e+06   1.5930176e+01
   3.5410810e+06   1.8188477e+01
   3.5432690e+06   1.5441895e+01
   3.5440790e+06   1.8676758e+01
   3.5444440e+06   2.0751953e+01
   3.5444890e+06   1.6296387e+01
   3.5533330e+06   1.6601562e+01
   3.5553860e+06   1.8066406e+01
   3.5573640e+06   1.6967773e+01
   3.5591020e+06   1.7089844e+01
   3.5629210e+06   1.8005371e+01
   3.5651200e+06   1.6906738e+01
   3.5680690e+06   1.5197754e+01
   3.5697650e+06   1.5686035e+01
   3.5700500e+06   1.6174316e+01
   3.5751930e+06   1.6174316e+01
   3.5770860e+06   1.5380859e+01
   3.5860270e+06   1.8493652e+01
   3.5887520e+06   1.8737793e+01
   3.5912850e+06   1.6113281e+01
   3.5936380e+06   1.8371582e+01
   3.5972960e+06   1.6296387e+01
   3.5973490e+06   1.5319824e+01
   3.5993470e+06   1.5258789e+01
   3.5994990e+06   1.8493652e+01
   3.6016010e+06   1.8188477e+01
   3.6049370e+06   1.6113281e+01
   3.6132710e+06   1.5625000e+01
   3.6229190e+06   1.6235352e+01
   3.6254080e+06   1.6418457e+01
   3.6310630e+06   1.5991211e+01
   3.6354560e+06   1.5380859e+01
   3.6417900e+06   1.5319824e+01
   3.6418500e+06   1.5991211e+01
   3.6418690e+06   1.6601562e+01
   3.6420300e+06   1.8127441e+01
   3.6421120e+06   1.6540527e+01
   3.6422510e+06   1.6113281e+01
   3.6519520e+06   1.5319824e+01
   3.6580470e+06   1.6906738e+01
   3.6596150e+06   1.5747070e+01
   3.6706750e+06   1.8066406e+01
   3.6730670e+06   1.7517090e+01
   3.6753990e+06   2.1057129e+01
   3.6799190e+06   1.6601562e+01
   3.6815250e+06   1.6174316e+01
   3.6835940e+06   1.5380859e+01
   3.6908190e+06   1.5441895e+01
   3.6931480e+06   1.6113281e+01
   3.6977870e+06   1.5319824e+01
   3.6997760e+06   1.7395020e+01
   3.7062240e+06   1.5380859e+01
   3.7084140e+06   1.9958496e+01
   3.7126320e+06   1.6235352e+01
   3.7126460e+06   1.6479492e+01
   3.7170970e+06   1.5747070e+01
   3.7208890e+06   1.8493652e+01
   3.7306500e+06   1.5380859e+01
   3.7352180e+06   1.5625000e+01
   3.7406380e+06   1.7395020e+01
   3.7445610e+06   1.6052246e+01
   3.7463400e+06   1.7883301e+01
   3.7465370e+06   1.6479492e+01
   3.7490810e+06   1.5625000e+01
   3.7521460e+06   1.5808105e+01
   3.7537290e+06   1.7456055e+01
   3.7588150e+06   1.5930176e+01
   3.7632560e+06   1.9104004e+01
   3.7655830e+06   1.9042969e+01
   3.7673430e+06   1.6052246e+01
   3.7693780e+06   1.6479492e+01
   3.7714560e+06   1.5808105e+01
   3.7732850e+06   1.8249512e+01
   3.7751700e+06   2.0141602e+01
   3.7774480e+06   1.7578125e+01
   3.7791210e+06   1.7761230e+01
   3.7820820e+06   1.7456055e+01
   3.7889370e+06   1.7028809e+01
   3.7945990e+06   2.1362305e+01
   3.7967020e+06   1.7517090e+01
   3.7985290e+06   1.6540527e+01
   3.8015410e+06   1.6845703e+01
   3.8076170e+06   1.6235352e+01
   3.8103730e+06   1.6174316e+01
   3.8140890e+06   2.1118164e+01
   3.8179270e+06   1.7456055e+01
   3.8198830e+06   1.6113281e+01
   3.8219900e+06   1.7272949e+01
   3.8259560e+06   1.6296387e+01
   3.8277530e+06   1.5991211e+01
   3.8330940e+06   1.7150879e+01
   3.8370780e+06   1.7639160e+01
   3.8441240e+06   2.0385742e+01
   3.8491520e+06   1.7517090e+01
   3.8500680e+06   1.5441895e+01
   3.8594060e+06   1.6296387e+01
   3.8614950e+06   1.5625000e+01
   3.8632160e+06   1.5502930e+01
   3.8654930e+06   1.5808105e+01
   3.8672970e+06   1.6906738e+01
   3.8693780e+06   1.8066406e+01
   3.8732030e+06   1.7822266e+01
   3.8803750e+06   1.6723633e+01
   3.8825410e+06   1.5197754e+01
   3.8850720e+06   1.6052246e+01
   3.8873690e+06   1.6052246e+01
   3.8898520e+06   1.5258789e+01
   3.8916800e+06   1.6113281e+01
   3.8948470e+06   1.5869141e+01
   3.8962960e+06   1.6967773e+01
   3.9009680e+06   2.1606445e+01
   3.9103680e+06   1.5808105e+01
   3.9145350e+06   1.6906738e+01
   3.9183090e+06   1.6723633e+01
   3.9218810e+06   2.6916504e+01
   3.9296650e+06   1.6845703e+01
   3.9333950e+06   1.7089844e+01
   3.9353370e+06   1.5502930e+01
   3.9374430e+06   1.5869141e+01
   3.9425430e+06   1.5441895e+01
   3.9449430e+06   1.6235352e+01
   3.9458990e+06   1.5747070e+01
   3.9471770e+06   1.8981934e+01
   3.9513070e+06   1.5319824e+01
   3.9532720e+06   1.5563965e+01
   3.9602370e+06   2.0019531e+01
   3.9667320e+06   1.8615723e+01
   3.9691490e+06   1.5563965e+01
   3.9740010e+06   1.8066406e+01
   3.9757570e+06   1.8920898e+01
   3.9796470e+06   1.5441895e+01
   3.9817460e+06   1.6052246e+01
   3.9856660e+06   1.6479492e+01
   3.9929960e+06   2.0446777e+01
   3.9955570e+06   1.5258789e+01
   4.0037910e+06   1.6357422e+01
   4.0079630e+06   2.1850586e+01
   4.0106470e+06   1.5563965e+01
   4.0153930e+06   1.7883301e+01
   4.0272130e+06   1.8188477e+01
   4.0291630e+06   1.8554688e+01
   4.0304040e+06   1.5869141e+01
   4.0317850e+06   1.5747070e+01
   4.0334190e+06   1.7639160e+01
   4.0363590e+06   1.5991211e+01
   4.0396600e+06   2.1179199e+01
   4.0397860e+06   2.1362305e+01
   4.0413490e+06   1.7700195e+01
   4.0480660e+06   1.6052246e+01
   4.0503360e+06   1.6845703e+01
   4.0519200e+06   1.5686035e+01
   4.0545060e+06   1.5197754e+01
   4.0568300e+06   1.6540527e+01
   4.0612820e+06   1.7578125e+01
   4.0635670e+06   1.8188477e+01
   4.0674900e+06   1.5625000e+01
   4.0718590e+06   1.6357422e+01
   4.0739460e+06   1.5747070e+01
   4.0757200e+06   1.7211914e+01
   4.0884990e+06   1.6540527e+01
   4.0933800e+06   1.8188477e+01
   4.0954030e+06   1.9409180e+01
   4.1012810e+06   1.7761230e+01
   4.1034110e+06   1.7822266e+01
   4.1069600e+06   1.5197754e+01
   4.1069990e+06   1.5502930e+01
   4.1070770e+06   1.8981934e+01
   4.1071190e+06   2.2277832e+01
   4.1072110e+06   1.7089844e+01
   4.1073420e+06   1.6845703e+01
   4.1076140e+06   1.6418457e+01
   4.1210490e+06   1.5258789e+01
   4.1222010e+06   1.7333984e+01
   4.1237230e+06   2.0080566e+01
   4.1250010e+06   1.6723633e+01
   4.1259040e+06   1.9653320e+01
   4.1267790e+06   1.8859863e+01
   4.1279750e+06   1.7089844e+01
   4.1296700e+06   1.5930176e+01
   4.1305100e+06   1.5563965e+01
   4.1313530e+06   1.8615723e+01
   4.1319550e+06   1.7578125e+01
   4.1331810e+06   1.7883301e+01
   4.1351070e+06   1.6113281e+01
   4.1369790e+06   1.5625000e+01
   4.1383580e+06   1.7333984e+01
   4.1422170e+06   1.5869141e+01
   4.1442000e+06   1.6296387e+01
   4.1472970e+06   1.5502930e+01
   4.1489300e+06   1.7211914e+01
   4.1550190e+06   1.6540527e+01
   4.1556380e+06   1.8798828e+01
   4.1573990e+06   1.5319824e+01
   4.1609850e+06   1.5930176e+01
   4.1649380e+06   1.5502930e+01
   4.1698590e+06   1.7639160e+01
   4.1762370e+06   1.7211914e+01
   4.1781190e+06   1.6052246e+01
   4.1825210e+06   1.5258789e+01
   4.1845750e+06   1.5991211e+01
   4.1867830e+06   1.6418457e+01
   4.1886120e+06   1.8798828e+01
   4.1946160e+06   1.7211914e+01
   4.1967420e+06   1.6174316e+01
   4.1999480e+06   1.6418457e+01
   4.2040900e+06   1.6723633e+01
   4.2069360e+06   1.5441895e+01
   4.2109650e+06   1.5747070e+01
   4.2130330e+06   1.5380859e+01
   4.2208940e+06   2.3315430e+01
   4.2209950e+06   1.9104004e+01
   4.2210070e+06   1.5808105e+01
   4.2210760e+06   2.0996094e+01
   4.2211230e+06   1.6540527e+01
   4.2211610e+06   1.8676758e+01
   4.2212090e+06   1.5808105e+01
   4.2325100e+06   1.7517090e+01
   4.2325670e+06   1.6540527e+01
   4.2326310e+06   1.5930176e+01
   4.2329870e+06   1.9836426e+01
   4.2367350e+06   1.6601562e+01
   4.2368460e+06   1.6052246e+01
   4.2386470e+06   1.8981934e+01
   4.2395360e+06   1.9165039e+01
   4.2403280e+06   1.7883301e+01
   4.2416140e+06   1.5319824e+01
   4.2437730e+06   1.6662598e+01
   4.2446730e+06   1.8493652e+01
   4.2458460e+06   1.5991211e+01
   4.2482510e+06   1.5625000e+01
   4.2568040e+06   1.5991211e+01
   4.2578320e+06   1.7150879e+01
   4.2596250e+06   1.5747070e+01
   4.2609980e+06   1.5258789e+01
   4.2629740e+06   1.7761230e+01
   4.2687000e+06   1.5563965e+01
   4.2719190e+06   1.8737793e+01
   4.2726680e+06   1.6967773e+01
   4.2771630e+06   1.7150879e+01
   4.2812350e+06   1.7028809e+01
   4.2835470e+06   1.7578125e+01
   4.2925160e+06   1.5258789e+01
   4.2925610e+06   1.5808105e+01
   4.2964720e+06   1.8493652e+01
   4.2977880e+06   1.5563965e+01
   4.3095900e+06   1.5441895e+01
   4.3136140e+06   1.5747070e+01
   4.3144570e+06   1.5625000e+01
   4.3144770e+06   2.2888184e+01
   4.3145110e+06   2.0996094e+01
   4.3145330e+06   1.7089844e+01
   4.3145600e+06   1.5380859e+01
   4.3145830e+06   1.8066406e+01
   4.3146160e+06   1.5686035e+01
   4.3255360e+06   1.6113281e+01
   4.3256040e+06   1.6479492e+01
   4.3304090e+06   1.6967773e+01
   4.3307470e+06   1.7150879e+01
   4.3356090e+06   1.5686035e+01
   4.3371520e+06   1.6357422e+01
   4.3384560e+06   1.6906738e+01
   4.3417540e+06   1.6479492e+01
   4.3424140e+06   1.5197754e+01
   4.3463290e+06   1.8493652e+01
   4.3478060e+06   1.6296387e+01
   4.3495610e+06   1.7822266e+01
   4.3517200e+06   1.6784668e+01
   4.3517350e+06   1.8188477e+01
   4.3517700e+06   1.9042969e+01
   4.3518260e+06   2.1789551e+01
   4.3521600e+06   1.6296387e+01
   4.3522830e+06   1.7883301e+01
   4.3672110e+06   1.6357422e+01
   4.3753510e+06   1.7456055e+01
   4.3768860e+06   1.9287109e+01
   4.3852860e+06   1.6662598e+01
   4.3889290e+06   1.7028809e+01
   4.3914520e+06   1.5991211e+01
   4.4038460e+06   1.5441895e+01
   4.4063780e+06   1.8432617e+01
   4.4082190e+06   1.6662598e+01
   4.4136710e+06   1.5502930e+01
   4.4154570e+06   1.5380859e+01
   4.4175850e+06   1.8371582e+01
   4.4210920e+06   1.6052246e+01
   4.4230440e+06   1.7578125e+01
   4.4246320e+06   1.6845703e+01
   4.4284020e+06   1.5258789e+01
   4.4300930e+06   1.5747070e+01
   4.4376450e+06   1.5563965e+01
   4.4377600e+06   1.5930176e+01
   4.4440690e+06   1.7089844e+01
   4.4462940e+06   1.6845703e+01
   4.4472640e+06   2.5817871e+01
   4.4473280e+06   1.9958496e+01
   4.4473480e+06   1.7944336e+01
   4.4473830e+06   1.6601562e+01
   4.4475110e+06   1.7028809e+01
   4.4475900e+06   1.6174316e+01
   4.4477820e+06   2.0935059e+01
   4.4587860e+06   1.5197754e+01
   4.4589050e+06   1.6418457e+01
   4.4594660e+06   1.5930176e+01
   4.4615170e+06   1.6052246e+01
   4.4628120e+06   1.6967773e+01
   4.4633170e+06   1.6479492e+01
   4.4634080e+06   1.8920898e+01
   4.4634230e+06   2.0751953e+01
   4.4634730e+06   1.7822266e+01
   4.4635350e+06   2.3742676e+01
   4.4636080e+06   1.6540527e+01
   4.4636260e+06   1.7028809e+01
   4.4744340e+06   1.5747070e+01
   4.4744860e+06   1.5258789e+01
   4.4775950e+06   1.6662598e+01
   4.4791150e+06   1.6662598e+01
   4.4795500e+06   1.6235352e+01
   4.4824040e+06   1.5869141e+01
   4.4853870e+06   1.6113281e+01
   4.4869300e+06   1.5808105e+01
   4.4879490e+06   1.6235352e+01
   4.4944410e+06   1.7700195e+01
   4.4979800e+06   1.6784668e+01
   4.4998150e+06   1.6906738e+01
   4.5028230e+06   1.9775391e+01
   4.5057000e+06   1.8310547e+01
   4.5079280e+06   1.5502930e+01
   4.5138810e+06   1.8127441e+01
   4.5158580e+06   1.5441895e+01
   4.5171320e+06   1.5380859e+01
   4.5188640e+06   1.5258789e+01
   4.5201400e+06   1.5319824e+01
   4.5207700e+06   1.7944336e+01
   4.5229090e+06   1.9958496e+01
   4.5248390e+06   1.8066406e+01
   4.5293400e+06   1.6418457e+01
   4.5310730e+06   1.6906738e+01
   4.5326110e+06   1.5930176e+01
   4.5361700e+06   1.5319824e+01
   4.5386370e+06   1.5502930e+01
   4.5386500e+06   1.9653320e+01
   4.5386940e+06   2.4658203e+01
   4.5387070e+06   2.1545410e+01
   4.5387900e+06   2.1545410e+01
   4.5515280e+06   1.5380859e+01
   4.5521530e+06   1.6357422e+01
   4.5525930e+06   1.7028809e+01
   4.5533070e+06   1.8005371e+01
   4.5579190e+06   1.8432617e+01
   4.5603620e+06   1.5258789e+01
   4.5665200e+06   1.6601562e+01
   4.5679030e+06   1.5258789e+01
   4.5735040e+06   1.6052246e+01
   4.5789900e+06   1.5441895e+01
   4.5832460e+06   1.6174316e+01
   4.5846960e+06   1.6784668e+01
   4.5879830e+06   1.6418457e+01
   4.5914670e+06   1.5258789e+01
   4.5932440e+06   1.5563965e+01
   4.5951680e+06   1.7150879e+01
   4.5968010e+06   1.7150879e+01
   4.5984250e+06   1.5625000e+01
   4.6016150e+06   1.7028809e+01
   4.6045640e+06   1.6174316e+01
   4.6093950e+06   1.5563965e+01
   4.6168410e+06   1.8249512e+01
   4.6182300e+06   1.5991211e+01
   4.6193640e+06   1.7639160e+01
   4.6217940e+06   1.7761230e+01
   4.6233880e+06   1.5380859e+01
   4.6248150e+06   1.5869141e+01
   4.6266920e+06   1.5686035e+01
   4.6298490e+06   1.7089844e+01
   4.6311940e+06   1.6418457e+01
   4.6339730e+06   1.7639160e+01
   4.6340340e+06   1.9714355e+01
   4.6341050e+06   1.7456055e+01
   4.6448960e+06   1.5441895e+01
   4.6452340e+06   1.6296387e+01
   4.6455850e+06   1.7150879e+01
   4.6474610e+06   1.5747070e+01
   4.6479760e+06   1.5197754e+01
   4.6489600e+06   1.5869141e+01
   4.6497310e+06   1.5747070e+01
   4.6527680e+06   1.5808105e+01
   4.6571110e+06   1.7089844e+01
   4.6577790e+06   1.9226074e+01
   4.6611440e+06   1.6418457e+01
   4.6640760e+06   1.6052246e+01
   4.6675210e+06   1.7150879e+01
   4.6713580e+06   1.7272949e+01
   4.6720960e+06   1.5197754e+01
   4.6738610e+06   1.5502930e+01
   4.6741510e+06   1.5808105e+01
   4.6808360e+06   1.6113281e+01
   4.6825440e+06   1.8005371e+01
   4.6841110e+06   1.5380859e+01
   4.6864740e+06   1.8249512e+01
   4.6899350e+06   1.6296387e+01
   4.6930480e+06   1.7578125e+01
   4.6930820e+06   1.5380859e+01
   4.6945130e+06   1.8127441e+01
   4.6988480e+06   1.5625000e+01
   4.7042870e+06   1.6479492e+01
   4.7088320e+06   2.0996094e+01
   4.7118480e+06   1.6784668e+01
   4.7148120e+06   1.7395020e+01
   4.7165140e+06   1.9287109e+01
   4.7179290e+06   1.5441895e+01
   4.7192070e+06   1.5319824e+01
   4.7208170e+06   1.5808105e+01
   4.7277330e+06   1.6418457e+01
   4.7319610e+06   1.6418457e+01
   4.7338040e+06   1.5258789e+01
   4.7354400e+06   2.0446777e+01
   4.7394480e+06   2.0568848e+01
   4.7408260e+06   1.9042969e+01
   4.7421710e+06   1.6418457e+01
   4.7477980e+06   1.5991211e+01
   4.7493560e+06   1.5625000e+01
   4.7546220e+06   1.7761230e+01
   4.7585430e+06   1.7700195e+01
   4.7586880e+06   1.6601562e+01
   4.7588570e+06   1.6784668e+01
   4.7589060e+06   1.7272949e+01
   4.7589210e+06   2.7709961e+01
   4.7589590e+06   2.1362305e+01
   4.7589850e+06   1.5625000e+01
   4.7590430e+06   2.1545410e+01
   4.7590790e+06   1.6967773e+01
   4.7591510e+06   1.9592285e+01
   4.7592440e+06   1.5930176e+01
   4.7705940e+06   1.7089844e+01
   4.7706970e+06   1.7517090e+01
   4.7728130e+06   1.5808105e+01
   4.7732300e+06   1.6174316e+01
   4.7761170e+06   1.6418457e+01
   4.7766100e+06   1.6113281e+01
   4.7777230e+06   1.8432617e+01
   4.7804170e+06   1.5502930e+01
   4.7827400e+06   1.5991211e+01
   4.7840430e+06   1.7944336e+01
   4.7870980e+06   2.1240234e+01
   4.7887070e+06   1.8127441e+01
   4.7934760e+06   1.5930176e+01
   4.7953580e+06   1.5625000e+01
   4.7990910e+06   1.8005371e+01
   4.8007400e+06   1.6479492e+01
   4.8033390e+06   1.6174316e+01
   4.8069920e+06   1.7089844e+01
   4.8082990e+06   1.6296387e+01
   4.8098530e+06   1.5747070e+01
   4.8114790e+06   1.5686035e+01
   4.8143370e+06   1.6723633e+01
   4.8145770e+06   1.6052246e+01
   4.8160620e+06   1.5625000e+01
   4.8165810e+06   1.7395020e+01
   4.8197600e+06   1.7333984e+01
   4.8240550e+06   1.5625000e+01
   4.8255340e+06   1.6601562e+01
   4.8283830e+06   1.6418457e+01
   4.8322860e+06   1.8676758e+01
   4.8338340e+06   1.7211914e+01
   4.8354310e+06   1.8432617e+01
   4.8418130e+06   1.6906738e+01
   4.8468240e+06   1.6052246e+01
   4.8515000e+06   1.5808105e+01
   4.8533400e+06   1.6723633e+01
   4.8583370e+06   1.5747070e+01
   4.8605750e+06   1.5502930e+01
   4.8608270e+06   2.3437500e+01
   4.8608540e+06   1.9592285e+01
   4.8608750e+06   1.5258789e+01
   4.8609130e+06   1.8249512e+01
   4.8610440e+06   1.9348145e+01
   4.8611420e+06   1.6723633e+01
   4.8716220e+06   1.5441895e+01
   4.8716790e+06   1.5319824e+01
   4.8720490e+06   1.5319824e+01
   4.8785520e+06   1.6723633e+01
   4.8786920e+06   1.7761230e+01
   4.8795810e+06   1.7456055e+01
   4.8809570e+06   1.6113281e+01
   4.8819270e+06   1.7333984e+01
   4.8830090e+06   1.7150879e+01
   4.8837920e+06   1.7761230e+01
   4.8863280e+06   1.5625000e+01
   4.8873840e+06   1.6052246e+01
   4.8895170e+06   1.5930176e+01
   4.8969230e+06   1.6235352e+01
   4.8998070e+06   1.5258789e+01
   4.8998770e+06   1.5502930e+01
   4.9014940e+06   1.8005371e+01
   4.9045470e+06   1.5502930e+01
   4.9062860e+06   1.5808105e+01
   4.9077800e+06   1.5319824e+01
   4.9130850e+06   1.6296387e+01
   4.9145030e+06   1.5441895e+01
   4.9160510e+06   1.7272949e+01
   4.9199440e+06   1.6845703e+01
   4.9214520e+06   1.5380859e+01
   4.9223410e+06   1.5258789e+01
   4.9225320e+06   1.6113281e+01
   4.9270560e+06   1.5747070e+01
   4.9306550e+06   1.8188477e+01
   4.9323440e+06   1.5441895e+01
   4.9336240e+06   1.5502930e+01
   4.9351100e+06   1.5197754e+01
   4.9371670e+06   1.5869141e+01
   4.9388910e+06   1.7456055e+01
   4.9419520e+06   1.6540527e+01
   4.9468570e+06   1.5502930e+01
   4.9482180e+06   1.5808105e+01
   4.9485610e+06   1.6357422e+01
   4.9502110e+06   1.7333984e+01
   4.9518840e+06   1.7883301e+01
   4.9573570e+06   1.6113281e+01
   4.9585730e+06   1.5258789e+01
   4.9601920e+06   1.7150879e+01
   4.9633190e+06   1.6357422e+01
   4.9641080e+06   1.5930176e+01
   4.9643170e+06   1.5380859e+01
   4.9663900e+06   1.5197754e+01
   4.9681250e+06   1.6784668e+01
   4.9696940e+06   1.5380859e+01
   4.9706610e+06   1.7761230e+01
   4.9725380e+06   1.9165039e+01
   4.9784240e+06   1.9653320e+01
   4.9851720e+06   1.9226074e+01
   4.9877570e+06   1.7272949e+01
   4.9899200e+06   1.8981934e+01
   4.9946990e+06   1.6723633e+01
   5.0036350e+06   1.6906738e+01
   5.0055960e+06   1.5441895e+01
   5.0070140e+06   1.5319824e+01
   5.0084910e+06   1.6235352e+01
   5.0118250e+06   1.5625000e+01
   5.0156450e+06   2.0080566e+01
   5.0169000e+06   1.5808105e+01
   5.0185480e+06   1.6296387e+01
   5.0203130e+06   2.0690918e+01
   5.0236040e+06   1.7456055e+01
   5.0324370e+06   1.8981934e+01
   5.0391060e+06   1.5563965e+01
   5.0405560e+06   1.5380859e+01
   5.0411050e+06   1.5747070e+01
   5.0459330e+06   1.6601562e+01
   5.0478870e+06   1.5502930e+01
   5.0564630e+06   1.5197754e+01
   5.0592270e+06   1.5930176e+01
   5.0607880e+06   1.6357422e+01
   5.0637730e+06   1.5747070e+01
   5.0709920e+06   1.6723633e+01
   5.0738280e+06   1.6235352e+01
   5.0771230e+06   1.5869141e+01
   5.0789680e+06   1.7700195e+01
   5.0808800e+06   1.7883301e+01
   5.0825440e+06   1.5563965e+01
   5.0842380e+06   1.5991211e+01
   5.0863020e+06   1.6052246e+01
   5.0919060e+06   1.5808105e+01
   5.0959890e+06   1.5380859e+01
   5.0979640e+06   1.6113281e+01
   5.1014170e+06   1.6906738e+01
   5.1030090e+06   1.6845703e+01
   5.1044550e+06   1.5258789e+01
   5.1065310e+06   1.6662598e+01
   5.1080160e+06   1.6174316e+01
   5.1099310e+06   1.6052246e+01
   5.1116480e+06   1.5686035e+01
   5.1142070e+06   1.6418457e+01
   5.1164210e+06   1.6479492e+01
   5.1200990e+06   1.5808105e+01
   5.1214930e+06   1.8066406e+01
   5.1233100e+06   1.5991211e+01
   5.1247900e+06   1.5319824e+01
   5.1287760e+06   1.5502930e+01
   5.1308400e+06   1.7639160e+01
   5.1363540e+06   1.6784668e+01
   5.1431960e+06   1.5319824e+01
   5.1447560e+06   1.5441895e+01
   5.1463840e+06   1.5258789e+01
   5.1482970e+06   1.5563965e+01
   5.1502780e+06   1.7028809e+01
   5.1536950e+06   1.5441895e+01
   5.1578020e+06   1.5747070e+01
   5.1593760e+06   1.7028809e+01
   5.1665640e+06   1.5380859e+01
   5.1682110e+06   1.5258789e+01
   5.1720520e+06   1.7028809e+01
   5.1808040e+06   2.0324707e+01
   5.1825430e+06   1.5380859e+01
   5.1858040e+06   1.5319824e+01
   5.1875060e+06   1.6906738e+01
   5.1894120e+06   1.6479492e+01
   5.1962070e+06   1.7944336e+01
   5.1976120e+06   1.5502930e+01
   5.2031780e+06   1.6479492e+01
   5.2048780e+06   1.6662598e+01
   5.2056460e+06   1.5197754e+01
   5.2166210e+06   2.1240234e+01
   5.2206260e+06   1.7700195e+01
   5.2221270e+06   1.8615723e+01
   5.2236740e+06   1.5319824e+01
   5.2259070e+06   1.6296387e+01
   5.2294810e+06   1.8188477e+01
   5.2361710e+06   1.6113281e+01
   5.2407360e+06   1.8371582e+01
   5.2470140e+06   1.6357422e+01
   5.2479190e+06   1.5502930e+01
   5.2483220e+06   1.5563965e+01
   5.2498980e+06   2.0996094e+01
   5.2518670e+06   1.5869141e+01
   5.2536030e+06   1.6235352e+01
   5.2552210e+06   1.6967773e+01
   5.2570670e+06   1.5747070e+01
   5.2610570e+06   1.7150879e+01
   5.2649990e+06   1.5441895e+01
   5.2748630e+06   1.6235352e+01
   5.2783880e+06   1.9104004e+01
   5.2795360e+06   1.5502930e+01
   5.2807650e+06   1.6601562e+01
   5.2849620e+06   1.6723633e+01
   5.2867650e+06   1.6723633e+01
   5.2906560e+06   1.5930176e+01
   5.2959650e+06   1.5258789e+01
   5.2977810e+06   1.5625000e+01
   5.3024940e+06   1.6845703e+01
   5.3043130e+06   1.6540527e+01
   5.3058600e+06   1.5502930e+01
   5.3073740e+06   1.6479492e+01
   5.3086940e+06   1.9470215e+01
   5.3108200e+06   1.6601562e+01
   5.3134020e+06   1.6784668e+01
   5.3152340e+06   1.6601563e+01
   5.3174660e+06   1.8005371e+01
   5.3231910e+06   1.8981934e+01
   5.3251520e+06   1.8798828e+01
   5.3295990e+06   1.5502930e+01
   5.3313300e+06   1.5869141e+01
   5.3330750e+06   1.8432617e+01
   5.3373350e+06   1.5319824e+01
   5.3393670e+06   1.6052246e+01
   5.3426140e+06   1.6662598e+01
   5.3461720e+06   1.7272949e+01
   5.3514020e+06   1.6174316e+01
   5.3520190e+06   1.9897461e+01
   5.3590520e+06   1.5441895e+01
   5.3607730e+06   1.8188477e+01
   5.3624400e+06   1.5319824e+01
   5.3643010e+06   1.9226074e+01
   5.3693890e+06   1.6418457e+01
   5.3727080e+06   1.5686035e+01
   5.3728020e+06   1.6601562e+01
   5.3764550e+06   1.7272949e+01
   5.3782200e+06   1.7456055e+01
   5.3822090e+06   1.5441895e+01
   5.3834350e+06   1.6723633e+01
   5.3835400e+06   1.5319824e+01
   5.3852290e+06   1.5625000e+01
   5.3867820e+06   1.5808105e+01
   5.3899320e+06   1.7028809e+01
   5.3899820e+06   1.5563965e+01
   5.3901530e+06   1.5441895e+01
   5.3901970e+06   2.8869629e+01
   5.3902210e+06   1.5441895e+01
   5.3902440e+06   1.7517090e+01
   5.3902550e+06   2.2277832e+01
   5.3902750e+06   1.8371582e+01
   5.3903010e+06   1.5319824e+01
   5.3903450e+06   1.7272949e+01
   5.3903600e+06   1.6113281e+01
   5.3906550e+06   1.5808105e+01
   5.3907170e+06   2.0385742e+01
   5.4021750e+06   1.8066406e+01
   5.4027220e+06   1.5625000e+01
   5.4060630e+06   1.6052246e+01
   5.4072090e+06   1.6296387e+01
   5.4096290e+06   2.1362305e+01
   5.4097190e+06   1.7517090e+01
   5.4097730e+06   1.5380859e+01
   5.4099140e+06   1.7150879e+01
   5.4099300e+06   1.5930176e+01
   5.4100140e+06   2.3986816e+01
   5.4101120e+06   1.6235352e+01
   5.4101440e+06   1.6845703e+01
   5.4105180e+06   1.7089844e+01
   5.4105980e+06   1.5686035e+01
   5.4106130e+06   1.8493652e+01
   5.4242860e+06   1.9287109e+01
   5.4255280e+06   1.5197754e+01
   5.4264390e+06   1.8005371e+01
   5.4276440e+06   1.5686035e+01
   5.4280490e+06   1.7089844e+01
   5.4298300e+06   1.9348145e+01
   5.4315950e+06   1.6174316e+01
   5.4372130e+06   1.5869141e+01
   5.4391590e+06   1.5197754e+01
   5.4407370e+06   1.9470215e+01
   5.4435860e+06   1.5930176e+01
   5.4475570e+06   1.6845703e+01
   5.4503460e+06   1.6113281e+01
   5.4557070e+06   1.6479492e+01
   5.4574020e+06   1.5319824e+01
   5.4589450e+06   1.7028809e+01
   5.4605860e+06   1.5319824e+01
   5.4623340e+06   1.8432617e+01
   5.4627490e+06   1.6784668e+01
   5.4674630e+06   1.9592285e+01
   5.4740230e+06   2.0935059e+01
   5.4777860e+06   1.5258789e+01
   5.4808350e+06   1.5747070e+01
   5.4830110e+06   1.6174316e+01
   5.4887330e+06   1.9287109e+01
   5.4921020e+06   1.6357422e+01
   5.4940300e+06   1.7700195e+01
   5.4995640e+06   1.7150879e+01
   5.5011670e+06   1.6052246e+01
   5.5035010e+06   1.6174316e+01
   5.5077020e+06   1.5625000e+01
   5.5102070e+06   1.5197754e+01
   5.5121740e+06   1.6418457e+01
   5.5134490e+06   1.6540527e+01
   5.5142540e+06   1.8066406e+01
   5.5157080e+06   1.5625000e+01
   5.5207400e+06   1.7761230e+01
   5.5244580e+06   1.5441895e+01
   5.5245690e+06   2.1667480e+01
   5.5246190e+06   1.6418457e+01
   5.5246380e+06   1.6967773e+01
   5.5246580e+06   1.5625000e+01
   5.5246970e+06   2.0385742e+01
   5.5247430e+06   1.5441895e+01
   5.5248070e+06   1.5319824e+01
   5.5248240e+06   1.6052246e+01
   5.5248490e+06   1.6113281e+01
   5.5248990e+06   1.7333984e+01
   5.5249890e+06   1.5319824e+01
   5.5250270e+06   1.5197754e+01
   5.5378420e+06   1.8127441e+01
   5.5381300e+06   1.7150879e+01
   5.5398340e+06   1.6052246e+01
   5.5421610e+06   1.5380859e+01
   5.5425610e+06   1.6235352e+01
   5.5435960e+06   1.8737793e+01
   5.5466700e+06   1.5625000e+01
   5.5485010e+06   1.5197754e+01
   5.5492750e+06   1.5380859e+01
   5.5505090e+06   1.5869141e+01
   5.5517500e+06   1.8005371e+01
   5.5532820e+06   1.8859863e+01
   5.5557580e+06   1.5258789e+01
   5.5588830e+06   1.6418457e+01
   5.5603830e+06   1.6601562e+01
   5.5624070e+06   1.5502930e+01
   5.5642030e+06   1.6357422e+01
   5.5672710e+06   1.8615723e+01
   5.5691300e+06   1.5197754e+01
   5.5705510e+06   1.6601563e+01
   5.5734200e+06   1.5930176e+01
   5.5750970e+06   1.6723633e+01
   5.5834240e+06   1.6052246e+01
   5.5849610e+06   1.5502930e+01
   5.5924610e+06   1.5197754e+01
   5.5942290e+06   1.5319824e+01
   5.5955830e+06   1.9042969e+01
   5.5970860e+06   1.7028809e+01
   5.6033740e+06   1.5625000e+01
   5.6035060e+06   2.0507812e+01
   5.6035310e+06   2.3864746e+01
   5.6035450e+06   1.8737793e+01
   5.6036160e+06   2.1728516e+01
   5.6037030e+06   1.7028809e+01
   5.6039570e+06   2.1484375e+01
   5.6155540e+06   1.6601562e+01
   5.6222230e+06   1.5869141e+01
   5.6283800e+06   1.5563965e+01
   5.6315920e+06   1.6357422e+01
   5.6377950e+06   1.8005371e+01
   5.6392640e+06   1.6540527e+01
   5.6410470e+06   1.7028809e+01
   5.6470320e+06   1.5197754e+01
   5.6506920e+06   1.6418457e+01
   5.6530660e+06   1.5747070e+01
   5.6560750e+06   1.7700195e+01
   5.6576880e+06   1.5502930e+01
   5.6596820e+06   1.8188477e+01
   5.6610480e+06   1.7089844e+01
   5.6626810e+06   1.7395020e+01
   5.6660800e+06   1.5197754e+01
   5.6679720e+06   1.5808105e+01
   5.6701680e+06   1.6418457e+01
   5.6703070e+06   1.5747070e+01
   5.6703450e+06   1.6723633e+01
   5.6704570e+06   1.7517090e+01
   5.6705780e+06   2.1484375e+01
   5.6706950e+06   1.8920898e+01
   5.6789680e+06   1.5197754e+01
   5.6826920e+06   1.5625000e+01
   5.6862730e+06   1.8005371e+01
   5.6884080e+06   1.5686035e+01
   5.6926390e+06   1.5869141e+01
   5.6960970e+06   1.9470215e+01
   5.6997610e+06   1.5930176e+01
   5.7024550e+06   1.5869141e+01
   5.7040500e+06   1.5258789e+01
   5.7074350e+06   1.6540527e+01
   5.7085900e+06   1.5197754e+01
   5.7088730e+06   1.8859863e+01
   5.7112470e+06   1.6296387e+01
   5.7140160e+06   1.8554688e+01
   5.7153390e+06   1.5197754e+01
   5.7173230e+06   1.7150879e+01
   5.7192270e+06   1.5625000e+01
   5.7207700e+06   1.6174316e+01
   5.7227260e+06   1.5869141e+01
   5.7283570e+06   1.5869141e+01
   5.7315590e+06   1.6174316e+01
   5.7330660e+06   1.5319824e+01
   5.7379870e+06   1.6174316e+01
   5.7395290e+06   1.7822266e+01
   5.7410930e+06   1.7517090e+01
   5.7429380e+06   1.6296387e+01
   5.7471560e+06   1.7578125e+01
   5.7538420e+06   1.6662598e+01
   5.7598270e+06   1.6235352e+01
   5.7624400e+06   1.5258789e+01
   5.7658520e+06   1.5319824e+01
   5.7668860e+06   1.5319824e+01
   5.7670040e+06   1.5563965e+01
   5.7686300e+06   1.6540527e+01
   5.7689220e+06   1.5258789e+01
   5.7741370e+06   1.6845703e+01
   5.7755150e+06   1.5197754e+01
   5.7771470e+06   1.5563965e+01
   5.7855170e+06   1.5747070e+01
   5.7889040e+06   1.9836426e+01
   5.7939700e+06   1.5380859e+01
   5.7941880e+06   1.5747070e+01
   5.7962780e+06   1.6906738e+01
   5.7979870e+06   1.6967773e+01
   5.8032900e+06   1.6906738e+01
   5.8050990e+06   1.6235352e+01
   5.8122240e+06   1.6540527e+01
   5.8179990e+06   1.6113281e+01
   5.8239470e+06   1.5319824e+01
   5.8256310e+06   1.5808105e+01
   5.8273860e+06   1.5380859e+01
   5.8285960e+06   1.5991211e+01
   5.8295110e+06   1.8554688e+01
   5.8311600e+06   1.5563965e+01
   5.8360840e+06   1.5319824e+01
   5.8384630e+06   1.8127441e+01
   5.8433320e+06   1.5991211e+01
   5.8516710e+06   1.9348145e+01
   5.8531490e+06   1.7211914e+01
   5.8555640e+06   1.5380859e+01
   5.8575330e+06   1.7822266e+01
   5.8594170e+06   1.5747070e+01
   5.8659510e+06   1.8310547e+01
   5.8699280e+06   1.5319824e+01
   5.8712730e+06   1.6845703e+01
   5.8727440e+06   1.7700195e+01
   5.8744890e+06   1.5747070e+01
   5.8801640e+06   1.5441895e+01
   5.8814340e+06   1.7761230e+01
   5.8832800e+06   1.5808105e+01
   5.8851360e+06   1.7578125e+01
   5.8868210e+06   1.7333984e+01
   5.8882210e+06   1.6296387e+01
   5.8917500e+06   1.5441895e+01
   5.8934500e+06   1.7395020e+01
   5.8962490e+06   1.5380859e+01
   5.9003440e+06   2.1423340e+01
   5.9020500e+06   1.5563965e+01
   5.9022440e+06   1.6174316e+01
   5.9022610e+06   2.4353027e+01
   5.9023440e+06   1.8981934e+01
   5.9024170e+06   1.5747070e+01
   5.9024350e+06   1.5930176e+01
   5.9026080e+06   1.7700195e+01
   5.9114150e+06   1.6174316e+01
   5.9121300e+06   1.6906738e+01
   5.9130140e+06   2.1911621e+01
   5.9159060e+06   1.6723633e+01
   5.9200070e+06   1.6784668e+01
   5.9212100e+06   1.5197754e+01
   5.9224190e+06   1.8615723e+01
   5.9251840e+06   1.6235352e+01
   5.9279850e+06   1.9897461e+01
   5.9337500e+06   1.7028809e+01
   5.9365410e+06   1.8798828e+01
   5.9379320e+06   1.5441895e+01
   5.9493300e+06   1.6601563e+01
   5.9549510e+06   1.7578125e+01
   5.9567150e+06   1.6662598e+01
   5.9597680e+06   1.7333984e+01
   5.9678020e+06   1.6601562e+01
   5.9711580e+06   1.5686035e+01
   5.9728880e+06   1.7395020e+01
   5.9760390e+06   1.5747070e+01
   5.9789760e+06   1.6418457e+01
   5.9805510e+06   1.7333984e+01
   5.9835200e+06   1.6662598e+01
   5.9900840e+06   1.8188477e+01
   5.9935740e+06   1.5197754e+01
   5.9985510e+06   1.5686035e+01
