   5.9990000e+06   0.0000000e+00
   1.3551700e+05   2.9846191e+01
   2.2616400e+05   1.5930176e+01
   3.8834300e+05   2.1240234e+01
   3.9299900e+05   2.6489258e+01
   4.0563000e+05   2.3681641e+01
   4.1417100e+05   1.9897461e+01
   6.2706300e+05   1.6052246e+01
   7.0611100e+05   1.8615723e+01
   7.0621500e+05   2.0568848e+01
   1.2285590e+06   1.6113281e+01
   1.2778880e+06   2.8686523e+01
   1.2779120e+06   3.4851074e+01
   1.2779410e+06   2.5695801e+01
   1.2779590e+06   2.3010254e+01
   1.2779710e+06   1.7761230e+01
   1.2779920e+06   3.0639648e+01
   1.2780290e+06   2.0568848e+01
   1.2780820e+06   1.6052246e+01
   1.2781900e+06   1.8127441e+01
   1.2782230e+06   1.6357422e+01
   1.2782720e+06   2.3315430e+01
   1.2783450e+06   1.6723633e+01
   1.2783740e+06   1.7700195e+01
   1.2789140e+06   1.6113281e+01
   1.2837990e+06   1.8188477e+01
   1.2839140e+06   2.1545410e+01
   1.2873410e+06   1.8127441e+01
   1.2917430e+06   1.6723633e+01
   1.3186340e+06   1.7028809e+01
   1.3320810e+06   1.8798828e+01
   1.3453070e+06   1.6052246e+01
   1.3460710e+06   1.6906738e+01
   1.3513170e+06   1.6235352e+01
   1.4427350e+06   1.6113281e+01
   1.4431340e+06   2.0080566e+01
   1.4937810e+06   3.4423828e+01
   1.4938010e+06   1.6662598e+01
   1.4938240e+06   1.8371582e+01
   1.4938400e+06   2.5451660e+01
   1.4938650e+06   2.6794434e+01
   1.4938940e+06   2.1484375e+01
   1.4939090e+06   4.0588379e+01
   1.4939270e+06   1.7028809e+01
   1.4939630e+06   2.1972656e+01
   1.4939940e+06   2.4963379e+01
   1.4940080e+06   1.7639160e+01
   1.4941030e+06   1.9226074e+01
   1.4942460e+06   1.6906738e+01
   1.4942680e+06   1.7883301e+01
   1.4944140e+06   1.6906738e+01
   1.4948450e+06   1.5991211e+01
   1.5040830e+06   1.6906738e+01
   1.5074940e+06   1.7395020e+01
   1.6366430e+06   4.0100098e+01
   1.6366560e+06   2.0263672e+01
   1.6366820e+06   3.0639648e+01
   1.6366970e+06   4.3151855e+01
   1.6367160e+06   4.0649414e+01
   1.6367380e+06   2.8076172e+01
   1.6367520e+06   2.4047852e+01
   1.6367830e+06   2.0446777e+01
   1.6368180e+06   1.9287109e+01
   1.6369780e+06   1.7822266e+01
   1.6371300e+06   1.8005371e+01
   1.6371600e+06   1.7578125e+01
   1.6379140e+06   1.5991211e+01
   1.6383920e+06   1.6601562e+01
   1.6507440e+06   1.6357422e+01
   1.8405840e+06   2.0019531e+01
   1.8406100e+06   3.4179688e+01
   1.8406270e+06   2.8076172e+01
   1.8406500e+06   1.7883301e+01
   1.8406640e+06   3.2043457e+01
   1.8406830e+06   3.6987305e+01
   1.8407150e+06   3.5095215e+01
   1.8407260e+06   2.9113770e+01
   1.8407450e+06   1.6845703e+01
   1.8407700e+06   1.6235352e+01
   1.8409630e+06   1.8310547e+01
   1.8412110e+06   1.7517090e+01
   1.8425050e+06   1.7211914e+01
   1.8456440e+06   1.6052246e+01
   1.8519510e+06   1.6174316e+01
   1.8787820e+06   1.6357422e+01
   2.2660710e+06   3.0151367e+01
   2.2660880e+06   2.6062012e+01
   2.2661210e+06   2.0935059e+01
   2.2661320e+06   2.1362305e+01
   2.2661680e+06   2.9785156e+01
   2.2662000e+06   2.7648926e+01
   2.2662300e+06   1.8676758e+01
   2.2662560e+06   2.6062012e+01
   2.2662710e+06   2.2399902e+01
   2.2662980e+06   1.6052246e+01
   2.2666100e+06   1.9287109e+01
   2.2666850e+06   2.1606445e+01
   2.2672250e+06   1.8249512e+01
   2.2675340e+06   1.6906738e+01
   2.2770560e+06   2.0446777e+01
   2.2775880e+06   1.6052246e+01
   2.2791890e+06   1.6906738e+01
   2.2841760e+06   1.7517090e+01
   2.2868120e+06   2.1362305e+01
   2.3276040e+06   2.2277832e+01
   2.3315810e+06   2.0935059e+01
   2.5035630e+06   2.3376465e+01
   2.5586700e+06   2.2766113e+01
   2.5920230e+06   1.9714355e+01
   2.5959480e+06   2.2277832e+01
   2.6482620e+06   2.3986816e+01
   2.6484230e+06   2.0874023e+01
   2.9794580e+06   1.6052246e+01
   2.9794800e+06   1.6235352e+01
   2.9795280e+06   2.4536133e+01
   3.0149260e+06   3.8452148e+01
   3.0149360e+06   1.6357422e+01
   3.0149720e+06   3.4057617e+01
   3.0149960e+06   2.9174805e+01
   3.0150190e+06   3.2165527e+01
   3.0150340e+06   2.2583008e+01
   3.0150610e+06   2.3620605e+01
   3.0150840e+06   2.0385742e+01
   3.0151080e+06   2.3803711e+01
   3.0151470e+06   1.8249512e+01
   3.0153020e+06   1.9348145e+01
   3.0153300e+06   1.6967773e+01
   3.0153970e+06   1.7822266e+01
   3.0154250e+06   1.8188477e+01
   3.0155480e+06   1.8920898e+01
   3.0162630e+06   1.8005371e+01
   3.0374960e+06   1.6357422e+01
   3.1018790e+06   1.6174316e+01
   3.1317600e+06   1.9958496e+01
   3.3816800e+06   1.6174316e+01
   3.4319590e+06   2.2521973e+01
   3.4397860e+06   3.1066895e+01
   3.4398330e+06   2.7954102e+01
   3.4398450e+06   2.5024414e+01
   3.4398680e+06   2.2094727e+01
   3.4398830e+06   2.4902344e+01
   3.4398960e+06   3.6071777e+01
   3.4399160e+06   2.5573730e+01
   3.4399490e+06   1.6601562e+01
   3.4399880e+06   2.0629883e+01
   3.4401680e+06   1.7272949e+01
   3.4402050e+06   1.6052246e+01
   3.4402270e+06   1.8066406e+01
   3.4402880e+06   1.7028809e+01
   3.4403330e+06   1.7333984e+01
   3.4416010e+06   1.6723633e+01
   3.4576800e+06   1.6479492e+01
   3.4625790e+06   1.6052246e+01
   3.4706050e+06   1.5869141e+01
   3.5031800e+06   2.0385742e+01
   3.5457150e+06   1.8432617e+01
   3.5877530e+06   1.9470215e+01
   3.6001960e+06   2.9113770e+01
   3.7847100e+06   2.3010254e+01
   4.1062030e+06   2.2216797e+01
   4.1062980e+06   2.0263672e+01
   4.2019770e+06   2.0996094e+01
   4.4366080e+06   1.6113281e+01
   4.4729760e+06   1.9775391e+01
   4.4730900e+06   2.1301270e+01
   4.5511400e+06   1.6906738e+01
   4.6788260e+06   1.8737793e+01
   4.7703600e+06   1.6235352e+01
   4.8090840e+06   1.6540527e+01
   5.0369090e+06   2.0446777e+01
   5.0369220e+06   2.2460938e+01
   5.0369550e+06   2.4963379e+01
   5.0369770e+06   2.3132324e+01
   5.0369930e+06   2.0507812e+01
   5.0370120e+06   2.5512695e+01
   5.0370240e+06   3.6376953e+01
   5.0370540e+06   1.7028809e+01
   5.0370750e+06   1.9592285e+01
   5.0370920e+06   1.9287109e+01
   5.0372870e+06   1.8371582e+01
   5.0372990e+06   1.6967773e+01
   5.0375540e+06   1.6845703e+01
   5.0377750e+06   1.6967773e+01
   5.0390360e+06   1.6052246e+01
   5.0391030e+06   1.6052246e+01
   5.0531740e+06   1.7028809e+01
   5.0896660e+06   1.5991211e+01
   5.1012760e+06   1.6418457e+01
   5.1287830e+06   1.5869141e+01
   5.2890010e+06   1.8493652e+01
   5.2890110e+06   2.2155762e+01
   5.2890520e+06   2.6977539e+01
   5.2890710e+06   2.0019531e+01
   5.2890840e+06   2.6123047e+01
   5.2890990e+06   3.7841797e+01
   5.2891160e+06   2.6794434e+01
   5.2891450e+06   2.1423340e+01
   5.2891950e+06   1.6967773e+01
   5.2892080e+06   1.6113281e+01
   5.2892350e+06   1.9653320e+01
   5.2894320e+06   1.6174316e+01
   5.2894650e+06   1.9348145e+01
   5.2896900e+06   1.5869141e+01
   5.2898980e+06   2.1240234e+01
   5.2901500e+06   1.6296387e+01
   5.2925690e+06   1.6357422e+01
   5.5017450e+06   2.4841309e+01
   5.5204820e+06   2.7954102e+01
   5.5205050e+06   2.0812988e+01
   5.5205350e+06   2.6794434e+01
   5.5205640e+06   2.1301270e+01
   5.5205900e+06   3.3935547e+01
   5.5206130e+06   2.3437500e+01
   5.5206330e+06   1.6723633e+01
   5.5206550e+06   1.9897461e+01
   5.5206690e+06   2.6245117e+01
   5.5207080e+06   2.3376465e+01
   5.5207530e+06   1.8737793e+01
   5.5208090e+06   1.6052246e+01
   5.5210390e+06   1.6723633e+01
   5.5216720e+06   1.5991211e+01
   5.5225860e+06   1.6845703e+01
   5.5341620e+06   1.5808105e+01
   5.6630980e+06   2.5695801e+01
   5.9257350e+06   2.3803711e+01
