   5.9990000e+06   0.0000000e+00
   1.0116600e+05   1.4160156e+01
   2.2630400e+05   2.9357910e+01
   3.2456900e+05   3.8208008e+01
   5.0973700e+05   1.3732910e+01
   7.0623000e+05   3.4790039e+01
   1.1522190e+06   1.3671875e+01
   1.2778670e+06   1.3977051e+01
   1.2779160e+06   4.2907715e+01
   1.2779280e+06   2.0202637e+01
   1.2779490e+06   3.2287598e+01
   1.2779660e+06   1.3305664e+01
   1.2780860e+06   1.4099121e+01
   1.2781070e+06   1.3366699e+01
   1.2783180e+06   1.5319824e+01
   1.2784980e+06   1.4953613e+01
   1.2809130e+06   1.4038086e+01
   1.2889630e+06   1.3427734e+01
   1.4362220e+06   1.4038086e+01
   1.4939930e+06   1.4404297e+01
   1.4940060e+06   2.9541016e+01
   1.4940160e+06   4.1809082e+01
   1.4940460e+06   2.2216797e+01
   1.4940900e+06   1.7272949e+01
   1.4941650e+06   1.3305664e+01
   1.4941880e+06   1.6967773e+01
   1.5045330e+06   1.3366699e+01
   1.6367180e+06   1.4648438e+01
   1.6367390e+06   3.8330078e+01
   1.6367520e+06   3.3508301e+01
   1.6367700e+06   2.0507812e+01
   1.6367960e+06   1.4343262e+01
   1.6368060e+06   1.3793945e+01
   1.6368340e+06   1.4526367e+01
   1.6368670e+06   1.6418457e+01
   1.8407060e+06   1.4160156e+01
   1.8407270e+06   3.1005859e+01
   1.8407520e+06   2.5390625e+01
   1.8407970e+06   1.4526367e+01
   1.8408240e+06   1.3793945e+01
   1.8408580e+06   1.4160156e+01
   1.8408680e+06   1.4770508e+01
   2.2662160e+06   1.4465332e+01
   2.2662310e+06   2.6062012e+01
   2.2662430e+06   1.6357422e+01
   2.2662640e+06   1.7761230e+01
   2.2662930e+06   2.2583008e+01
   2.2663220e+06   1.3854980e+01
   2.2663400e+06   1.3488770e+01
   2.2664050e+06   1.3977051e+01
   2.2664470e+06   1.3732910e+01
   2.2669860e+06   1.5808105e+01
   3.0150150e+06   1.5686035e+01
   3.0150510e+06   1.4831543e+01
   3.0150730e+06   3.2043457e+01
   3.0151000e+06   2.5085449e+01
   3.0151280e+06   1.3305664e+01
   3.0151890e+06   1.4282227e+01
   3.0152170e+06   1.5563965e+01
   3.0156520e+06   1.3549805e+01
   3.0175490e+06   1.3122559e+01
   3.0216530e+06   1.3610840e+01
   3.1251760e+06   1.4709473e+01
   3.4399110e+06   1.7761230e+01
   3.4399220e+06   2.7832031e+01
   3.4399390e+06   2.9541016e+01
   3.4399660e+06   1.9958496e+01
   3.4399770e+06   1.7578125e+01
   3.4399940e+06   1.3122559e+01
   3.4400240e+06   1.3549805e+01
   3.4400850e+06   1.4526367e+01
   3.4403690e+06   1.3671875e+01
   3.4411420e+06   1.3610840e+01
   3.4416700e+06   1.3366699e+01
   3.4877530e+06   3.4667969e+01
   3.8977830e+06   1.3061523e+01
   4.5471250e+06   1.8249512e+01
   4.5558160e+06   1.7395020e+01
   5.0370210e+06   1.4648438e+01
   5.0370480e+06   3.8391113e+01
   5.0370810e+06   2.2888184e+01
   5.0371450e+06   1.3854980e+01
   5.0371710e+06   1.3305664e+01
   5.0372380e+06   1.4160156e+01
   5.0373140e+06   1.6845703e+01
   5.0373630e+06   1.3366699e+01
   5.0407350e+06   1.3061523e+01
   5.0470800e+06   1.3183594e+01
   5.2891210e+06   3.4973145e+01
   5.2891330e+06   3.4790039e+01
   5.2891540e+06   1.7639160e+01
   5.2894460e+06   1.3977051e+01
   5.5207690e+06   3.2531738e+01
   5.5207880e+06   2.6489258e+01
   5.5207990e+06   1.7883301e+01
   5.5208170e+06   2.1423340e+01
   5.5208490e+06   1.5930176e+01
   5.5209090e+06   1.6174316e+01
   5.5211420e+06   1.5014648e+01
   5.5290540e+06   1.3854980e+01
