   5.9990000e+06   0.0000000e+00
   1.2778960e+06   1.4221191e+01
   1.2779240e+06   2.4658203e+01
   1.2779390e+06   2.2399902e+01
   1.2779530e+06   1.5991211e+01
   1.4940180e+06   3.2287598e+01
   1.4940290e+06   1.7883301e+01
   1.4940990e+06   1.5869141e+01
   1.6367060e+06   2.5390625e+01
   1.6367300e+06   2.1484375e+01
   1.6367440e+06   1.4343262e+01
   1.6367720e+06   1.7333984e+01
   1.6826680e+06   2.3437500e+01
   1.8406840e+06   2.3193359e+01
   1.8407110e+06   3.0273438e+01
   1.8407500e+06   2.4414062e+01
   1.8407640e+06   1.8127441e+01
   1.8407900e+06   1.4831543e+01
   1.8408160e+06   1.4526367e+01
   1.8413110e+06   1.5686035e+01
   2.2661880e+06   1.4160156e+01
   2.2662000e+06   2.3986816e+01
   2.2662230e+06   1.6845703e+01
   2.2662560e+06   2.3925781e+01
   2.2663650e+06   1.4160156e+01
   2.4506510e+06   1.4953613e+01
   3.0150360e+06   2.6550293e+01
   3.0150480e+06   2.2644043e+01
   3.0150840e+06   1.8676758e+01
   3.0150940e+06   1.8066406e+01
   3.2861440e+06   1.4465332e+01
   3.4398920e+06   2.4963379e+01
   3.4399040e+06   2.0935059e+01
   3.4399500e+06   1.9042969e+01
   3.4400020e+06   1.6601562e+01
   3.4403920e+06   1.4953613e+01
   3.4404840e+06   1.6418457e+01
   3.4410330e+06   1.4282227e+01
   4.3301330e+06   1.4282227e+01
   5.0370220e+06   4.1320801e+01
   5.0370340e+06   1.6967773e+01
   5.0370680e+06   2.1911621e+01
   5.0371080e+06   1.4770508e+01
   5.0371370e+06   1.5136719e+01
   5.0468090e+06   1.6967773e+01
   5.0726420e+06   2.0751953e+01
   5.2891060e+06   3.6560059e+01
   5.2891180e+06   2.0446777e+01
   5.2891420e+06   2.1118164e+01
   5.2892080e+06   1.7395020e+01
   5.5207840e+06   4.4311523e+01
   5.5208050e+06   1.6357422e+01
   5.5208320e+06   1.5869141e+01
   5.5215830e+06   1.5869141e+01
