   5.9990000e+06   0.0000000e+00
   2.1810700e+05   1.3916016e+01
   2.1868400e+05   1.3549805e+01
   3.1326900e+05   1.3122559e+01
   1.2779580e+06   1.3671875e+01
   1.6367650e+06   1.3061523e+01
   1.8407050e+06   1.3610840e+01
   2.2662490e+06   1.4648438e+01
   3.0150790e+06   1.3488770e+01
   3.0151150e+06   1.3061523e+01
   3.4399480e+06   1.4343262e+01
   4.4006850e+06   1.2939453e+01
   5.0370540e+06   1.3366699e+01
   5.2891330e+06   1.3061523e+01
   5.2891450e+06   1.3427734e+01
   5.5207590e+06   1.4404297e+01
