   5.9990000e+06   0.0000000e+00
   5.8029000e+05   1.7272949e+01
   9.0614200e+05   2.9113770e+01
   1.2778680e+06   2.0568848e+01
   1.2778860e+06   3.0090332e+01
   1.2778980e+06   2.6794434e+01
   1.2779250e+06   3.1921387e+01
   1.2779360e+06   1.5930176e+01
   1.2782520e+06   1.6662598e+01
   1.2782840e+06   1.9897461e+01
   1.2782950e+06   1.6906738e+01
   1.2783360e+06   1.7578125e+01
   1.2783850e+06   1.8432617e+01
   1.2784110e+06   1.6235352e+01
   1.2784430e+06   1.7089844e+01
   1.2785600e+06   1.7089844e+01
   1.2786110e+06   1.6967773e+01
   1.2786770e+06   1.6906738e+01
   1.2787130e+06   1.7700195e+01
   1.2787570e+06   1.8127441e+01
   1.2788240e+06   2.1545410e+01
   1.2789000e+06   1.7578125e+01
   1.2789660e+06   2.0446777e+01
   1.2790500e+06   1.9165039e+01
   1.2791330e+06   2.3315430e+01
   1.2791970e+06   1.9592285e+01
   1.4938060e+06   1.5380859e+01
   1.4938390e+06   1.6174316e+01
   1.4938600e+06   3.1982422e+01
   1.4938810e+06   4.9743652e+01
   1.4939100e+06   4.8706055e+01
   1.4939400e+06   2.3315430e+01
   1.4939510e+06   1.7822266e+01
   1.4941870e+06   1.7578125e+01
   1.4942500e+06   2.3925781e+01
   1.4943440e+06   1.5380859e+01
   1.4943600e+06   2.2521973e+01
   1.4944360e+06   2.0202637e+01
   1.4945060e+06   2.2338867e+01
   1.4945850e+06   1.9226074e+01
   1.4946350e+06   2.2888184e+01
   1.4947180e+06   2.3559570e+01
   1.4947960e+06   2.2949219e+01
   1.4948640e+06   2.2766113e+01
   1.4949150e+06   1.6662598e+01
   1.4949580e+06   2.1667480e+01
   1.4950380e+06   2.0446777e+01
   1.4951060e+06   2.2155762e+01
   1.4957160e+06   2.6123047e+01
   1.4958060e+06   2.4230957e+01
   1.6366700e+06   1.9836426e+01
   1.6366830e+06   3.3325195e+01
   1.6367120e+06   3.1921387e+01
   1.6367240e+06   2.6916504e+01
   1.6367490e+06   1.6662598e+01
   1.6371440e+06   1.7211914e+01
   1.6371910e+06   1.7089844e+01
   1.6373840e+06   1.7700195e+01
   1.6374110e+06   1.8615723e+01
   1.8406070e+06   1.5930176e+01
   1.8406650e+06   2.7221680e+01
   1.8406750e+06   2.5329590e+01
   1.8407040e+06   3.1860352e+01
   1.8407270e+06   2.5573730e+01
   1.8410240e+06   1.6906738e+01
   1.8410770e+06   2.8137207e+01
   1.8412040e+06   1.6784668e+01
   1.8412840e+06   2.2155762e+01
   1.8413610e+06   3.4057617e+01
   1.8413880e+06   1.6235352e+01
   1.8414250e+06   2.1972656e+01
   1.8414530e+06   1.6662598e+01
   1.8414860e+06   1.6967773e+01
   1.8415030e+06   1.7272949e+01
   1.8415650e+06   2.4902344e+01
   1.8416500e+06   2.2705078e+01
   1.8417200e+06   2.1789551e+01
   1.8418220e+06   2.2705078e+01
   1.8419120e+06   2.6123047e+01
   1.8420180e+06   2.4414062e+01
   1.8856090e+06   2.2827148e+01
   2.2661260e+06   2.0507813e+01
   2.2661390e+06   1.5869141e+01
   2.2661700e+06   1.7639160e+01
   2.2661810e+06   2.3071289e+01
   2.2662080e+06   2.5939941e+01
   2.2662200e+06   1.9042969e+01
   2.2662600e+06   2.2949219e+01
   2.2664200e+06   1.8676758e+01
   2.2664510e+06   1.7761230e+01
   2.2664810e+06   1.6906738e+01
   2.2665010e+06   1.7333984e+01
   2.2665270e+06   1.8737793e+01
   2.2665580e+06   1.9165039e+01
   2.2666040e+06   1.5686035e+01
   2.2666690e+06   2.5146484e+01
   2.2667470e+06   2.2521973e+01
   2.2668150e+06   2.0812988e+01
   2.2668880e+06   2.3071289e+01
   2.2669630e+06   2.6062012e+01
   2.2670460e+06   2.0935059e+01
   2.2670960e+06   2.5024414e+01
   2.2671880e+06   2.2644043e+01
   2.2672630e+06   2.6977539e+01
   2.2673320e+06   2.0935059e+01
   2.2674110e+06   2.3437500e+01
   2.2674880e+06   2.1057129e+01
   2.2693100e+06   2.3437500e+01
   2.6928080e+06   2.0446777e+01
   3.0149750e+06   1.6784668e+01
   3.0150060e+06   1.6540527e+01
   3.0150190e+06   3.5949707e+01
   3.0150350e+06   3.1066895e+01
   3.0150460e+06   2.5024414e+01
   3.0150560e+06   1.6967773e+01
   3.0150720e+06   1.6784668e+01
   3.0152590e+06   2.1728516e+01
   3.0152950e+06   2.2949219e+01
   3.0153220e+06   1.7272949e+01
   3.0153830e+06   2.1606445e+01
   3.0153960e+06   1.6113281e+01
   3.0154150e+06   2.2583008e+01
   3.0154540e+06   2.1240234e+01
   3.0154830e+06   1.7578125e+01
   3.0155460e+06   1.8493652e+01
   3.0155630e+06   1.6906738e+01
   3.0156280e+06   1.6601562e+01
   3.0156450e+06   1.7089844e+01
   3.0157050e+06   2.0385742e+01
   3.0157370e+06   2.2216797e+01
   3.0157910e+06   2.5207520e+01
   3.0158540e+06   1.9592285e+01
   3.0159190e+06   1.9226074e+01
   3.0160110e+06   2.0507812e+01
   3.1801430e+06   1.8493652e+01
   3.4397930e+06   1.6052246e+01
   3.4398270e+06   1.6296387e+01
   3.4398680e+06   1.8066406e+01
   3.4398800e+06   2.5207520e+01
   3.4398930e+06   2.3986816e+01
   3.4399080e+06   2.1179199e+01
   3.4399270e+06   1.8798828e+01
   3.4401710e+06   2.2399902e+01
   3.4402200e+06   1.5686035e+01
   3.4402620e+06   2.1423340e+01
   3.4403610e+06   2.3559570e+01
   3.4404250e+06   1.8615723e+01
   3.4405000e+06   1.7578125e+01
   3.4405670e+06   1.7944336e+01
   3.4406090e+06   1.6784668e+01
   3.4406460e+06   2.5390625e+01
   3.4406770e+06   1.8737793e+01
   3.4407190e+06   2.6672363e+01
   3.4407900e+06   2.3437500e+01
   3.4408570e+06   1.6784668e+01
   3.4409480e+06   2.0324707e+01
   3.4411520e+06   1.7028809e+01
   3.4412660e+06   1.6662598e+01
   4.8139040e+06   1.8188477e+01
   5.0369610e+06   2.3254395e+01
   5.0369920e+06   2.6489258e+01
   5.0370100e+06   2.0812988e+01
   5.0370240e+06   1.7456055e+01
   5.0370520e+06   2.1606445e+01
   5.0370880e+06   1.7028809e+01
   5.0373210e+06   1.6052246e+01
   5.0373600e+06   1.6418457e+01
   5.0374000e+06   1.8859863e+01
   5.0374160e+06   1.5869141e+01
   5.0374730e+06   1.5747070e+01
   5.0377240e+06   2.0629883e+01
   5.0377950e+06   1.7333984e+01
   5.0378620e+06   1.7517090e+01
   5.0379410e+06   1.5808105e+01
   5.0380160e+06   1.5869141e+01
   5.0380800e+06   2.1301270e+01
   5.0381550e+06   1.6113281e+01
   5.0723080e+06   1.6174316e+01
   5.2878750e+06   1.5747070e+01
   5.2890400e+06   1.6662598e+01
   5.2890530e+06   1.6845703e+01
   5.2890810e+06   3.2165527e+01
   5.2890960e+06   1.6052246e+01
   5.2891140e+06   2.3437500e+01
   5.2891440e+06   1.8737793e+01
   5.2891810e+06   1.6662598e+01
   5.2893910e+06   1.6784668e+01
   5.2894550e+06   2.0141602e+01
   5.2895520e+06   2.2521973e+01
   5.2896060e+06   2.0446777e+01
   5.2896290e+06   2.3071289e+01
   5.2897210e+06   2.3132324e+01
   5.2897750e+06   1.6296387e+01
   5.2898440e+06   2.0324707e+01
   5.2899310e+06   2.9174805e+01
   5.2900250e+06   1.6662598e+01
   5.2901100e+06   1.8310547e+01
   5.2945760e+06   1.8920898e+01
   5.3379020e+06   2.1240234e+01
   5.4660750e+06   1.5869141e+01
   5.5204920e+06   1.9348145e+01
   5.5205820e+06   1.9287109e+01
   5.5206190e+06   1.9287109e+01
   5.5206410e+06   2.4108887e+01
   5.5206610e+06   1.6540527e+01
   5.5206740e+06   2.7038574e+01
   5.5207110e+06   2.1362305e+01
   5.5207340e+06   1.9714355e+01
   5.5211110e+06   2.2766113e+01
   5.5211850e+06   2.0629883e+01
   5.5212960e+06   2.1972656e+01
   5.5213920e+06   2.2216797e+01
   5.5214760e+06   1.7456055e+01
   5.5215380e+06   2.1484375e+01
   5.5216170e+06   2.2338867e+01
   5.5217040e+06   2.2766113e+01
   5.5217770e+06   2.0324707e+01
   5.5218460e+06   2.6306152e+01
   5.7633520e+06   1.6601562e+01
