   5.9990000e+06   0.0000000e+00
   1.2778010e+06   1.6296387e+01
   1.2778190e+06   1.9653320e+01
   1.2778660e+06   1.6845703e+01
   1.2779110e+06   1.9409180e+01
   1.2779520e+06   1.6601563e+01
   1.2826590e+06   1.5075684e+01
   1.4938980e+06   1.5014648e+01
   1.4939280e+06   2.0629883e+01
   1.4939390e+06   1.8432617e+01
   1.4939670e+06   1.6113281e+01
   1.4939840e+06   1.5869141e+01
   1.4940260e+06   1.7944336e+01
   1.4941260e+06   1.4953613e+01
   1.6366400e+06   1.5258789e+01
   1.6366850e+06   2.1240234e+01
   1.6367340e+06   2.0080566e+01
   1.6367840e+06   1.8188477e+01
   1.6390700e+06   1.4953613e+01
   1.6405410e+06   1.5747070e+01
   1.6414680e+06   1.6723633e+01
   1.6419400e+06   1.7150879e+01
   1.6420960e+06   1.5319824e+01
   1.6427180e+06   1.5563965e+01
   1.8405990e+06   1.7517090e+01
   1.8406170e+06   1.5686035e+01
   1.8406470e+06   2.5146484e+01
   1.8406630e+06   2.3803711e+01
   1.8406880e+06   1.5747070e+01
   1.8407120e+06   1.5380859e+01
   1.8407440e+06   1.5014648e+01
   1.8408110e+06   1.4892578e+01
   1.8440800e+06   1.4953613e+01
   1.8453200e+06   1.5258789e+01
   1.8456260e+06   1.4953613e+01
   2.2660990e+06   1.6540527e+01
   2.2661620e+06   2.2888184e+01
   2.2661810e+06   1.6296387e+01
   2.2661990e+06   1.5991211e+01
   2.2662340e+06   1.8798828e+01
   2.2662620e+06   1.4892578e+01
   2.2681210e+06   1.4831543e+01
   2.2692880e+06   1.6418457e+01
   2.2700640e+06   1.5563965e+01
   2.2707800e+06   1.5869141e+01
   2.2722680e+06   1.5808105e+01
   2.2724740e+06   1.4831543e+01
   3.0149640e+06   1.7578125e+01
   3.0149950e+06   1.6113281e+01
   3.0150270e+06   1.6723633e+01
   3.0150380e+06   1.6540527e+01
   3.0172330e+06   1.5014648e+01
   3.0179200e+06   1.5869141e+01
   3.0182900e+06   1.5563965e+01
   3.0190640e+06   1.5808105e+01
   3.0193350e+06   1.5441895e+01
   3.0197760e+06   1.5747070e+01
   3.0211710e+06   1.7761230e+01
   3.0217020e+06   1.6052246e+01
   3.4132610e+06   2.2155762e+01
   3.4398390e+06   1.6784668e+01
   3.4398670e+06   1.6967773e+01
   3.4398910e+06   2.3742676e+01
   3.4400380e+06   1.6723633e+01
   3.4433270e+06   1.5625000e+01
   3.4436100e+06   1.4953613e+01
   3.4455700e+06   1.6906738e+01
   3.4465770e+06   1.5258789e+01
   3.4467480e+06   1.6174316e+01
   5.0369480e+06   1.8432617e+01
   5.0370150e+06   1.9775391e+01
   5.2890230e+06   1.6906738e+01
   5.2890860e+06   1.8066406e+01
   5.2891350e+06   1.6723633e+01
   5.2891570e+06   1.5686035e+01
   5.2891750e+06   1.6174316e+01
   5.2909200e+06   1.7944336e+01
   5.2943180e+06   1.5502930e+01
   5.2945280e+06   1.7639160e+01
   5.5207030e+06   1.6113281e+01
   5.5207190e+06   1.5808105e+01
   5.5207940e+06   1.5502930e+01
   5.5208720e+06   1.5563965e+01
   5.5258850e+06   1.5686035e+01
