   5.9990000e+06   0.0000000e+00
   1.2778540e+06   1.5197754e+01
   1.2778690e+06   2.0080566e+01
   1.2779370e+06   1.7883301e+01
   1.2779620e+06   1.4770508e+01
   1.2780760e+06   1.4953613e+01
   1.4938740e+06   2.0202637e+01
   1.4938980e+06   2.1545410e+01
   1.4939290e+06   1.4526367e+01
   1.6366840e+06   1.5808105e+01
   1.6367200e+06   1.8127441e+01
   1.6367360e+06   1.4648438e+01
   1.6367770e+06   1.4770508e+01
   1.8406450e+06   1.5686035e+01
   1.8406890e+06   1.5136719e+01
   2.2661010e+06   1.6784668e+01
   2.2661480e+06   1.6296387e+01
   2.2661750e+06   2.0080566e+01
   2.2662590e+06   1.4831543e+01
   3.0149520e+06   1.8371582e+01
   3.0149940e+06   1.9836426e+01
   3.0150180e+06   1.7700195e+01
   3.0150800e+06   1.4953613e+01
   3.4398470e+06   2.0080566e+01
   3.4398750e+06   1.5563965e+01
   3.4399210e+06   1.6662598e+01
   3.5342360e+06   1.4465332e+01
   5.0369410e+06   1.9836426e+01
   5.0369840e+06   1.9592285e+01
   5.0370070e+06   1.5808105e+01
   5.0370590e+06   1.4587402e+01
   5.2890540e+06   1.6052246e+01
   5.2890740e+06   1.6540527e+01
   5.2891290e+06   1.5930176e+01
   5.5205750e+06   1.8066406e+01
   5.5206210e+06   1.6723633e+01
   5.5206470e+06   1.6479492e+01
   5.5207270e+06   1.8310547e+01
