   5.9990000e+06   0.0000000e+00
   1.2778560e+06   1.7761230e+01
   1.2778820e+06   2.0935059e+01
   1.2779090e+06   1.7517090e+01
   1.2779390e+06   2.1667480e+01
   1.2779870e+06   1.5869141e+01
   1.2783710e+06   1.5197754e+01
   1.4938560e+06   2.5024414e+01
   1.4938690e+06   1.9042969e+01
   1.4938800e+06   1.8127441e+01
   1.4939020e+06   1.7944336e+01
   1.4939260e+06   1.6906738e+01
   1.4939370e+06   1.7211914e+01
   1.6366580e+06   1.7944336e+01
   1.6366750e+06   2.0935059e+01
   1.6367040e+06   2.2460938e+01
   1.6367690e+06   1.5441895e+01
   1.6368080e+06   1.6052246e+01
   1.8406440e+06   2.5817871e+01
   1.8406760e+06   1.9653320e+01
   1.8407230e+06   1.5380859e+01
   1.8407340e+06   1.7578125e+01
   2.2646530e+06   2.1911621e+01
   2.2661520e+06   1.5441895e+01
   2.2661690e+06   2.1789551e+01
   2.2662070e+06   1.9836426e+01
   2.2662670e+06   1.5441895e+01
   3.0149470e+06   1.9287109e+01
   3.0149770e+06   2.2216797e+01
   3.0150140e+06   1.7944336e+01
   3.0150240e+06   2.2827148e+01
   3.0150670e+06   1.8859863e+01
   3.4397770e+06   1.5319824e+01
   3.4398320e+06   3.0273438e+01
   3.4398680e+06   1.9409180e+01
   3.4398910e+06   1.8005371e+01
   3.4399200e+06   1.5625000e+01
   3.4399390e+06   1.7761230e+01
   3.4399720e+06   1.6967773e+01
   3.8779610e+06   1.5869141e+01
   4.4772890e+06   2.0507812e+01
   4.9891150e+06   2.4475098e+01
   4.9917700e+06   1.9226074e+01
   4.9921670e+06   2.0812988e+01
   5.0251500e+06   2.1057129e+01
   5.0259390e+06   2.0751953e+01
   5.0369660e+06   2.4169922e+01
   5.0369970e+06   1.6418457e+01
   5.0370150e+06   1.9836426e+01
   5.0370510e+06   1.7883301e+01
   5.0370810e+06   1.6906738e+01
   5.0371120e+06   1.5441895e+01
   5.0371420e+06   1.6418457e+01
   5.2890460e+06   2.6733398e+01
   5.2890670e+06   2.3986816e+01
   5.2890810e+06   1.9165039e+01
   5.2891650e+06   1.6174316e+01
   5.2894030e+06   1.5930176e+01
   5.5205570e+06   1.5380859e+01
   5.5206140e+06   1.5258789e+01
   5.5206350e+06   1.9226074e+01
   5.5206540e+06   1.7578125e+01
   5.5206940e+06   1.7272949e+01
   5.5207520e+06   2.0202637e+01
   5.5210160e+06   1.5258789e+01
