   5.9990000e+06   0.0000000e+00
   1.2779010e+06   1.9592285e+01
   1.2779180e+06   2.1667480e+01
   1.2779400e+06   2.1057129e+01
   1.4940060e+06   2.3986816e+01
   1.4940360e+06   1.4160156e+01
   1.4941510e+06   1.4038086e+01
   1.6278210e+06   1.4404297e+01
   1.6367210e+06   1.6662598e+01
   1.6367500e+06   1.5258789e+01
   1.8406860e+06   1.6906738e+01
   1.8407120e+06   1.6540527e+01
   1.8407370e+06   1.5808105e+01
   2.2662200e+06   1.4221191e+01
   2.2662330e+06   1.4282227e+01
   2.2663520e+06   1.3671875e+01
   3.0150190e+06   1.4160156e+01
   3.0150580e+06   1.4892578e+01
   3.0150880e+06   1.4648438e+01
   3.0151160e+06   1.4709473e+01
   3.4398850e+06   1.6174316e+01
   3.4399260e+06   2.0996094e+01
   3.4399740e+06   1.4648438e+01
   3.4400270e+06   1.5319824e+01
   3.6780820e+06   1.3427734e+01
   3.7032960e+06   1.3549805e+01
   5.0369990e+06   1.3732910e+01
   5.0370320e+06   2.7648926e+01
   5.0370630e+06   1.8981934e+01
   5.0370900e+06   1.3793945e+01
   5.2890900e+06   1.5869141e+01
   5.2891140e+06   2.1606445e+01
   5.2891240e+06   1.9409180e+01
   5.2891450e+06   1.5991211e+01
   5.2892080e+06   1.4831543e+01
   5.2900930e+06   1.3854980e+01
   5.5207670e+06   1.8798828e+01
   5.5207820e+06   1.5136719e+01
   5.5212160e+06   1.4038086e+01
   5.9913140e+06   1.3793945e+01
