   5.9990000e+06   0.0000000e+00
   1.1154760e+06   1.4770508e+01
   1.2779650e+06   1.7395020e+01
   1.3191640e+06   1.3916016e+01
   1.4939740e+06   1.4038086e+01
   1.4939910e+06   1.6235352e+01
   1.6367930e+06   1.3854980e+01
   2.2662400e+06   1.4465332e+01
   2.2662880e+06   1.4526367e+01
   3.0151020e+06   1.4038086e+01
   3.0814760e+06   1.3732910e+01
   3.4378170e+06   1.3854980e+01
   3.4399420e+06   1.4038086e+01
   3.8204390e+06   1.5258789e+01
   4.4973650e+06   1.3916016e+01
   5.0370760e+06   1.6357422e+01
   5.5207350e+06   1.5441895e+01
   5.5207580e+06   1.5075684e+01
