   5.9990000e+06   0.0000000e+00
   7.7003000e+04   1.6540527e+01
   5.2875000e+05   1.5625000e+01
   7.0603500e+05   1.7211914e+01
   1.2778410e+06   1.5625000e+01
   1.2778830e+06   1.8188477e+01
   1.2778930e+06   1.7639160e+01
   1.2779080e+06   2.2766113e+01
   1.2779450e+06   2.2216797e+01
   1.2779660e+06   1.8798828e+01
   1.2779980e+06   2.2399902e+01
   1.2780140e+06   1.6967773e+01
   1.2780430e+06   1.6418457e+01
   1.2780780e+06   1.7395020e+01
   1.2781090e+06   2.0446777e+01
   1.2781690e+06   1.8981934e+01
   1.2782930e+06   1.5747070e+01
   1.2786660e+06   1.7089844e+01
   1.4427100e+06   1.9348145e+01
   1.4938530e+06   2.3864746e+01
   1.4938740e+06   3.4179688e+01
   1.4938910e+06   1.7456055e+01
   1.4939090e+06   3.0273438e+01
   1.4939280e+06   1.6906738e+01
   1.4939520e+06   1.5380859e+01
   1.4940020e+06   1.5319824e+01
   1.4940500e+06   1.6235352e+01
   1.4940770e+06   1.9897461e+01
   1.4941040e+06   1.9775391e+01
   1.4941350e+06   1.6662598e+01
   1.4941630e+06   1.6601562e+01
   1.4941900e+06   1.7639160e+01
   1.4942590e+06   1.5441895e+01
   1.6366940e+06   3.5461426e+01
   1.6367210e+06   1.7456055e+01
   1.6367430e+06   2.4536133e+01
   1.6367680e+06   2.3010254e+01
   1.6368000e+06   1.5258789e+01
   1.6368330e+06   1.7211914e+01
   1.6368760e+06   1.6296387e+01
   1.6369000e+06   1.5991211e+01
   1.8406130e+06   1.5502930e+01
   1.8406240e+06   1.5563965e+01
   1.8406740e+06   3.0395508e+01
   1.8406910e+06   1.6662598e+01
   1.8407140e+06   1.8249512e+01
   1.8407470e+06   1.9958496e+01
   1.8407620e+06   1.6540527e+01
   1.8407950e+06   1.7700195e+01
   1.8408230e+06   1.5930176e+01
   1.8408810e+06   1.5930176e+01
   1.8409510e+06   2.0446777e+01
   1.8409700e+06   1.5441895e+01
   1.8411160e+06   1.5014648e+01
   1.8422750e+06   1.6906738e+01
   1.9573590e+06   1.6479492e+01
   2.2660990e+06   1.5258789e+01
   2.2661520e+06   3.8574219e+01
   2.2661640e+06   1.8493652e+01
   2.2661810e+06   1.8310547e+01
   2.2662000e+06   2.0751953e+01
   2.2662230e+06   1.5930176e+01
   2.2662330e+06   1.9348145e+01
   2.2662630e+06   1.6906738e+01
   2.2662880e+06   1.7333984e+01
   2.2663420e+06   1.6418457e+01
   2.2663750e+06   1.5197754e+01
   2.2664920e+06   1.8371582e+01
   2.2665340e+06   1.5625000e+01
   2.2665930e+06   1.8676758e+01
   2.2666270e+06   1.6113281e+01
   2.2669310e+06   1.5197754e+01
   2.2674570e+06   1.5136719e+01
   2.2682190e+06   1.5502930e+01
   2.3538640e+06   2.2827148e+01
   2.3633440e+06   1.5747070e+01
   2.6482620e+06   1.5258789e+01
   2.6488040e+06   1.5747070e+01
   2.9794180e+06   1.5258789e+01
   2.9796630e+06   1.8432617e+01
   3.0149920e+06   3.0151367e+01
   3.0150150e+06   2.8686523e+01
   3.0150270e+06   1.8798828e+01
   3.0150390e+06   2.4108887e+01
   3.0150550e+06   1.8737793e+01
   3.0150940e+06   2.3742676e+01
   3.0151490e+06   2.0263672e+01
   3.0152530e+06   1.5686035e+01
   3.0152930e+06   1.7272949e+01
   3.2968480e+06   1.7333984e+01
   3.2979730e+06   1.5808105e+01
   3.4398440e+06   2.8930664e+01
   3.4398590e+06   2.0507812e+01
   3.4398840e+06   3.1921387e+01
   3.4398950e+06   2.0080566e+01
   3.4399130e+06   1.6540527e+01
   3.4399540e+06   1.9287109e+01
   3.4399640e+06   3.5949707e+01
   3.4399920e+06   1.5808105e+01
   3.4400190e+06   1.8676758e+01
   3.4400750e+06   1.6113281e+01
   3.4403330e+06   1.7028809e+01
   4.1061840e+06   1.5625000e+01
   4.4728570e+06   1.7333984e+01
   5.0369810e+06   3.1372070e+01
   5.0370150e+06   2.0629883e+01
   5.0370430e+06   2.0385742e+01
   5.0370660e+06   2.3010254e+01
   5.0371010e+06   1.7883301e+01
   5.0371130e+06   2.0935059e+01
   5.0371680e+06   1.6723633e+01
   5.2890240e+06   1.6479492e+01
   5.2890690e+06   3.6010742e+01
   5.2890800e+06   1.9042969e+01
   5.2891070e+06   2.3071289e+01
   5.2891390e+06   1.6906738e+01
   5.2891610e+06   1.7761230e+01
   5.2891930e+06   1.7700195e+01
   5.2892290e+06   2.0446777e+01
   5.2892810e+06   1.7700195e+01
   5.2893320e+06   1.9348145e+01
   5.2910330e+06   1.7700195e+01
   5.5205340e+06   1.5747070e+01
   5.5206080e+06   4.2053223e+01
   5.5206410e+06   2.2155762e+01
   5.5206720e+06   1.8798828e+01
   5.5206820e+06   2.4536133e+01
   5.5207160e+06   1.6235352e+01
   5.5207530e+06   1.8676758e+01
   5.5207650e+06   1.8188477e+01
   5.5208190e+06   1.9165039e+01
   5.5208430e+06   1.8127441e+01
   5.5211920e+06   1.8554688e+01
   5.5214730e+06   1.5869141e+01
   5.5220210e+06   1.6540527e+01
   5.5223430e+06   1.6784668e+01
