   6.0000000e+06   0.0000000e+00
   1.5421300e+05   3.8208008e+01
   1.7277900e+05   3.4729004e+01
   4.2552200e+05   3.4057617e+01
   2.2572800e+06   4.0710449e+01
   2.4823690e+06   2.8137207e+01
   2.8946380e+06   2.1972656e+01
   3.0791270e+06   2.0935059e+01
   3.0791680e+06   2.0874023e+01
   3.1070070e+06   2.4108887e+01
   3.1073910e+06   2.3925781e+01
   3.1841120e+06   2.0812988e+01
   3.1841690e+06   2.4047852e+01
   3.2343860e+06   2.9418945e+01
   3.2399610e+06   2.1179199e+01
   3.2849610e+06   2.6916504e+01
   3.2850500e+06   2.2766113e+01
   3.3296810e+06   2.8869629e+01
   3.3594600e+06   2.6062012e+01
   3.3595470e+06   2.1057129e+01
   3.3750450e+06   2.5268555e+01
   3.4167430e+06   2.1728516e+01
   3.4168470e+06   2.4658203e+01
   3.4535110e+06   2.2460938e+01
   5.2103350e+06   2.3315430e+01
   5.2280280e+06   2.2094727e+01
   5.2280770e+06   2.2521973e+01
   5.9082890e+06   3.4912109e+01
   5.9083380e+06   2.6489258e+01
   5.9272590e+06   2.5756836e+01
   5.9272980e+06   2.1850586e+01
