   6.0000000e+06   0.0000000e+00
   1.5411400e+05   1.8615723e+01
   1.5414400e+05   1.8249512e+01
   1.5418000e+05   2.0874023e+01
   1.5422300e+05   2.0751953e+01
   1.5423300e+05   2.4047852e+01
   1.7259900e+05   1.8554688e+01
   1.7265000e+05   2.0446777e+01
   1.7270800e+05   1.8920898e+01
   1.7280800e+05   1.9775391e+01
   4.2555700e+05   1.8432617e+01
   4.2563800e+05   2.1118164e+01
   4.2566600e+05   1.9653320e+01
   6.3066600e+05   1.9287109e+01
   6.3068200e+05   2.1850586e+01
   6.3070900e+05   2.1972656e+01
   6.3077800e+05   1.9714355e+01
   9.6269900e+05   1.9104004e+01
   1.0117020e+06   1.8493652e+01
   1.0117690e+06   1.8310547e+01
   1.2527530e+06   2.2155762e+01
   1.4285310e+06   1.9592285e+01
   1.4285660e+06   2.1179199e+01
   1.4287760e+06   1.9104004e+01
   1.4289160e+06   1.8371582e+01
   1.8408910e+06   1.9165039e+01
   1.8412730e+06   1.8737793e+01
   2.0149380e+06   1.8798828e+01
   2.0150550e+06   2.0080566e+01
   2.1703700e+06   1.8371582e+01
   2.2331960e+06   1.9714355e+01
   2.4821340e+06   1.8676758e+01
   2.4821630e+06   1.8798828e+01
   2.4822070e+06   1.9836426e+01
   2.4822940e+06   1.8249512e+01
   2.4824270e+06   1.8432617e+01
   2.7623220e+06   2.0141602e+01
   2.8945000e+06   1.8371582e+01
   2.8945570e+06   1.8737793e+01
   2.8945720e+06   2.1728516e+01
   2.8946010e+06   1.9653320e+01
   3.0305830e+06   1.8493652e+01
   3.0790370e+06   2.0690918e+01
   3.0790740e+06   2.7099609e+01
   3.1068950e+06   1.9165039e+01
   3.1069410e+06   1.8493652e+01
   3.1069620e+06   2.5573730e+01
   3.1069900e+06   2.3437500e+01
   3.1070520e+06   2.1545410e+01
   3.1837930e+06   1.9287109e+01
   3.1838570e+06   1.9958496e+01
   3.1838910e+06   1.8432617e+01
   3.1839360e+06   1.8798828e+01
   3.1839470e+06   1.9287109e+01
   3.1839840e+06   2.5207520e+01
   3.1840200e+06   2.0263672e+01
   3.1841350e+06   2.0812988e+01
   3.1841580e+06   2.3071289e+01
   3.2342200e+06   1.9226074e+01
   3.2343360e+06   2.1362305e+01
   3.2845520e+06   1.9042969e+01
   3.2847340e+06   2.1179199e+01
   3.2848090e+06   2.1545410e+01
   3.2848340e+06   2.2644043e+01
   3.2848960e+06   2.3071289e+01
   3.2849170e+06   1.9287109e+01
   3.2849890e+06   2.0751953e+01
   3.3295640e+06   1.9531250e+01
   3.3295900e+06   2.0812988e+01
   3.3592910e+06   2.2399902e+01
   3.3593350e+06   1.9409180e+01
   3.3593870e+06   1.9775391e+01
   3.3594810e+06   1.8981934e+01
   3.3595090e+06   1.9042969e+01
   3.3749330e+06   2.2521973e+01
   3.3749670e+06   2.0507812e+01
   3.3749950e+06   1.9226074e+01
   3.3750220e+06   2.5329590e+01
   3.4167310e+06   1.9836426e+01
   3.4167830e+06   2.1667480e+01
   3.4168970e+06   1.8737793e+01
   3.4170210e+06   1.9836426e+01
   3.4533510e+06   1.8615723e+01
   3.4534380e+06   2.0141602e+01
   3.4534830e+06   2.0446777e+01
   3.4535700e+06   1.8615723e+01
   3.4951360e+06   2.1667480e+01
   3.4953260e+06   1.9042969e+01
   3.5180620e+06   2.0935059e+01
   3.5180930e+06   1.8432617e+01
   3.5181550e+06   2.6794434e+01
   3.5570540e+06   2.4291992e+01
   3.5571220e+06   1.9104004e+01
   3.5571740e+06   1.8615723e+01
   3.5574380e+06   1.8737793e+01
   3.5989440e+06   1.8554688e+01
   4.3489290e+06   1.8432617e+01
   4.3489780e+06   1.9470215e+01
   4.7404440e+06   2.1911621e+01
   4.7404810e+06   1.9531250e+01
   4.7407550e+06   1.9653320e+01
   5.2102030e+06   2.0690918e+01
   5.2102190e+06   1.9775391e+01
   5.2102980e+06   2.6855469e+01
   5.2103300e+06   1.8859863e+01
   5.2103830e+06   1.9653320e+01
   5.2104080e+06   2.0568848e+01
   5.2105990e+06   1.9287109e+01
   5.2279900e+06   1.9287109e+01
   5.2280170e+06   2.0935059e+01
   5.2280280e+06   2.0080566e+01
   5.9081910e+06   2.1362305e+01
   5.9082050e+06   1.9470215e+01
   5.9082810e+06   2.1362305e+01
   5.9083130e+06   2.0141602e+01
   5.9083440e+06   1.9592285e+01
   5.9271100e+06   1.9287109e+01
   5.9271590e+06   1.9531250e+01
   5.9271690e+06   2.1057129e+01
   5.9272120e+06   2.1545410e+01
   5.9272450e+06   1.8676758e+01
   5.9273040e+06   2.0629883e+01
