   6.0000000e+06   0.0000000e+00
   5.8690000e+03   2.1789551e+01
   7.7740000e+03   2.2155762e+01
   9.9560000e+03   2.0812988e+01
   1.8586000e+04   2.4047852e+01
   1.9245000e+04   2.5024414e+01
   2.4667000e+04   2.1240234e+01
   2.9868000e+04   2.3559570e+01
   3.2533000e+04   2.1362305e+01
   3.4868000e+04   2.3925781e+01
   3.5508000e+04   2.1179199e+01
   3.7147000e+04   2.3376465e+01
   4.3924000e+04   2.4475098e+01
   5.2689000e+04   2.4597168e+01
   5.4665000e+04   2.2216797e+01
   5.9543000e+04   2.2827148e+01
   7.6871000e+04   2.2033691e+01
   7.7504000e+04   2.2277832e+01
   8.8255000e+04   2.2521973e+01
   9.2994000e+04   2.2705078e+01
   9.8176000e+04   2.3193359e+01
   1.0327900e+05   2.1972656e+01
   1.0502000e+05   2.3315430e+01
   1.0987800e+05   2.4108887e+01
   1.1319900e+05   2.2094727e+01
   1.2144800e+05   2.5573730e+01
   1.2344400e+05   2.3071289e+01
   1.2532400e+05   2.0812988e+01
   1.3290500e+05   2.3071289e+01
   1.3357000e+05   2.1484375e+01
   1.3696200e+05   2.2094727e+01
   1.4348300e+05   2.5207520e+01
   1.4557100e+05   2.3864746e+01
   1.5081100e+05   2.2888184e+01
   1.5413800e+05   2.5268555e+01
   1.5415900e+05   2.6000977e+01
   1.5417800e+05   2.5817871e+01
   1.5420800e+05   2.7648926e+01
   1.5424200e+05   2.5207520e+01
   1.5436300e+05   2.1301270e+01
   1.5439800e+05   2.3193359e+01
   1.5443600e+05   2.1057129e+01
   1.5448400e+05   3.5888672e+01
   1.7242600e+05   2.2033691e+01
   1.7250000e+05   2.1362305e+01
   1.7259800e+05   2.8991699e+01
   1.7264100e+05   2.3315430e+01
   1.7269000e+05   2.1911621e+01
   1.7272200e+05   2.4475098e+01
   1.7276900e+05   2.4353027e+01
   1.7281100e+05   2.5268555e+01
   1.7285700e+05   2.4841309e+01
   1.7288700e+05   2.3864746e+01
   1.7324700e+05   2.2705078e+01
   1.7366100e+05   2.4047852e+01
   1.7864200e+05   2.1850586e+01
   1.7970900e+05   2.1789551e+01
   1.9249900e+05   2.3498535e+01
   1.9587200e+05   2.0446777e+01
   1.9698200e+05   2.0751953e+01
   1.9826900e+05   2.8259277e+01
   1.9945600e+05   2.1789551e+01
   2.0248400e+05   2.1057129e+01
   2.0305100e+05   2.6916504e+01
   2.0484000e+05   2.0446777e+01
   2.0647700e+05   2.0629883e+01
   2.0958700e+05   2.3071289e+01
   2.1129900e+05   2.0629883e+01
   2.1191000e+05   2.3376465e+01
   2.1343600e+05   2.2338867e+01
   2.1584700e+05   2.1240234e+01
   2.1649700e+05   2.1301270e+01
   2.1850200e+05   2.2155762e+01
   2.1910900e+05   2.1423340e+01
   2.2033100e+05   2.2521973e+01
   2.2333400e+05   2.4841309e+01
   2.2469600e+05   2.2338867e+01
   2.2530600e+05   2.1972656e+01
   2.2602100e+05   2.3803711e+01
   2.2773500e+05   2.2521973e+01
   2.2839500e+05   2.3437500e+01
   2.2965700e+05   2.3071289e+01
   2.3089900e+05   2.4108887e+01
   2.3158500e+05   2.1301270e+01
   2.3634400e+05   2.0568848e+01
   2.3698200e+05   2.0874023e+01
   2.3808100e+05   2.0385742e+01
   2.3889500e+05   2.2827148e+01
   2.3954500e+05   2.0812988e+01
   2.4187800e+05   2.2094727e+01
   2.4257500e+05   2.4780273e+01
   2.4326600e+05   2.2338867e+01
   2.4738000e+05   2.0629883e+01
   2.4848300e+05   2.4291992e+01
   2.4984100e+05   2.1545410e+01
   2.5523200e+05   2.1057129e+01
   2.5620400e+05   2.6184082e+01
   2.5724400e+05   2.2827148e+01
   2.6171800e+05   2.1118164e+01
   2.6359400e+05   2.4353027e+01
   2.6441100e+05   2.0751953e+01
   2.6732700e+05   2.1179199e+01
   2.6979400e+05   2.1484375e+01
   2.7116900e+05   2.1789551e+01
   2.7202700e+05   2.2888184e+01
   2.7401200e+05   2.1057129e+01
   2.7636400e+05   2.1728516e+01
   2.7860400e+05   2.0568848e+01
   2.7926700e+05   2.1179199e+01
   2.8319700e+05   2.0812988e+01
   2.8768700e+05   2.0935059e+01
   2.8856400e+05   2.2338867e+01
   2.9129900e+05   2.3742676e+01
   2.9470600e+05   2.0935059e+01
   2.9866400e+05   2.1362305e+01
   3.0114700e+05   2.3193359e+01
   3.0187600e+05   2.0874023e+01
   3.0245200e+05   2.6062012e+01
   3.0735300e+05   2.3193359e+01
   3.0812600e+05   2.0568848e+01
   3.1038800e+05   2.4047852e+01
   3.1096200e+05   2.1362305e+01
   3.1344400e+05   2.1911621e+01
   3.1631900e+05   2.0385742e+01
   3.1774000e+05   2.2521973e+01
   3.1972600e+05   2.0996094e+01
   3.2034700e+05   2.2216797e+01
   3.2101900e+05   2.0812988e+01
   3.2326600e+05   2.4597168e+01
   3.2525600e+05   2.0385742e+01
   3.3133900e+05   2.3620605e+01
   3.3194000e+05   2.5695801e+01
   3.3268500e+05   2.0568848e+01
   3.3745800e+05   2.1789551e+01
   3.3817000e+05   2.3010254e+01
   3.3948500e+05   2.1179199e+01
   3.4035700e+05   2.1545410e+01
   3.4110600e+05   2.1850586e+01
   3.4620800e+05   2.3986816e+01
   3.4783100e+05   2.5146484e+01
   3.5093000e+05   2.4291992e+01
   3.5430400e+05   2.3132324e+01
   3.5491100e+05   2.3437500e+01
   3.5827600e+05   2.3681641e+01
   3.6308900e+05   2.1911621e+01
   3.6504200e+05   2.3010254e+01
   3.6665600e+05   2.1118164e+01
   3.6739000e+05   2.0874023e+01
   3.7013800e+05   2.1118164e+01
   3.7485600e+05   2.1728516e+01
   3.7550200e+05   2.1179199e+01
   3.8096500e+05   2.6489258e+01
   3.8430300e+05   2.5329590e+01
   3.8888100e+05   2.1606445e+01
   3.9144200e+05   2.3681641e+01
   3.9306100e+05   2.3132324e+01
   3.9645000e+05   2.2644043e+01
   3.9705900e+05   2.3437500e+01
   3.9983900e+05   2.1057129e+01
   4.0194800e+05   2.6428223e+01
   4.0517300e+05   2.2216797e+01
   4.0571600e+05   2.3071289e+01
   4.0879300e+05   2.0690918e+01
   4.1243000e+05   2.0507812e+01
   4.1597300e+05   2.2216797e+01
   4.1663200e+05   2.0690918e+01
   4.1823000e+05   2.1667480e+01
   4.2555600e+05   2.3254395e+01
   4.2560300e+05   3.2897949e+01
   4.2563000e+05   2.1728516e+01
   4.2566400e+05   3.2287598e+01
   4.2570000e+05   2.1484375e+01
   4.2573200e+05   2.5817871e+01
   4.2577000e+05   2.1667480e+01
   4.2581100e+05   2.2094727e+01
   4.2585100e+05   2.1667480e+01
   4.2596600e+05   2.2949219e+01
   4.4437100e+05   2.2155762e+01
   4.4618500e+05   2.0812988e+01
   4.4943800e+05   2.2399902e+01
   4.5183100e+05   2.0996094e+01
   4.5301200e+05   2.0874023e+01
   4.5591500e+05   2.2399902e+01
   4.5666700e+05   2.2827148e+01
   4.5765600e+05   2.1179199e+01
   4.6075800e+05   2.2155762e+01
   4.6337700e+05   2.3132324e+01
   4.6393600e+05   2.4047852e+01
   4.6718800e+05   2.0629883e+01
   4.6873500e+05   2.1057129e+01
   4.7065700e+05   2.1240234e+01
   4.7130000e+05   2.0935059e+01
   4.7504700e+05   2.0874023e+01
   4.7561200e+05   2.1423340e+01
   4.7626700e+05   2.0629883e+01
   4.7828700e+05   2.0690918e+01
   4.8008900e+05   2.1240234e+01
   4.8076100e+05   2.0507812e+01
   4.8185700e+05   2.1240234e+01
   4.8275100e+05   2.0812988e+01
   4.8656600e+05   2.2033691e+01
   4.8886900e+05   2.4414062e+01
   4.9498500e+05   2.0874023e+01
   4.9588200e+05   2.3071289e+01
   4.9818600e+05   2.4475098e+01
   4.9878100e+05   2.2216797e+01
   5.0089200e+05   2.1301270e+01
   5.0227900e+05   2.0935059e+01
   5.0277300e+05   2.1545410e+01
   5.0450200e+05   2.0446777e+01
   5.0543000e+05   2.0935059e+01
   5.0908300e+05   2.2766113e+01
   5.1068300e+05   2.1606445e+01
   5.1334300e+05   2.0568848e+01
   5.1752400e+05   2.2583008e+01
   5.1816000e+05   2.0996094e+01
   5.2054300e+05   2.0446777e+01
   5.2143400e+05   2.6489258e+01
   5.2667100e+05   2.2277832e+01
   5.2730600e+05   2.0935059e+01
   5.2906600e+05   2.2094727e+01
   5.3688100e+05   2.0629883e+01
   5.4009600e+05   2.2644043e+01
   5.4221300e+05   2.3925781e+01
   5.4289000e+05   2.3315430e+01
   5.4603300e+05   2.4291992e+01
   5.4682200e+05   2.3803711e+01
   5.4909800e+05   2.9541016e+01
   5.5206000e+05   2.2155762e+01
   5.5381400e+05   2.3620605e+01
   5.5463000e+05   2.1789551e+01
   5.5841200e+05   2.1301270e+01
   5.6094100e+05   2.6916504e+01
   5.6412900e+05   2.2094727e+01
   5.6476700e+05   2.3864746e+01
   5.6665700e+05   2.1423340e+01
   5.6736600e+05   2.7221680e+01
   5.7156100e+05   2.3620605e+01
   5.7230800e+05   2.1484375e+01
   5.7459300e+05   2.1484375e+01
   5.7526600e+05   2.5390625e+01
   5.7972800e+05   2.3376465e+01
   5.8212500e+05   2.1484375e+01
   5.8400600e+05   2.1850586e+01
   5.8741400e+05   2.0568848e+01
   5.9617700e+05   2.2644043e+01
   5.9936600e+05   2.2155762e+01
   6.0535300e+05   2.2460938e+01
   6.0803400e+05   2.2705078e+01
   6.0861600e+05   2.2460938e+01
   6.1398100e+05   2.3132324e+01
   6.1480900e+05   2.0996094e+01
   6.1771400e+05   2.8747559e+01
   6.1835800e+05   2.5878906e+01
   6.2462400e+05   2.2460938e+01
   6.2541500e+05   2.2094727e+01
   6.3007500e+05   2.3132324e+01
   6.3012100e+05   2.0935059e+01
   6.3023600e+05   2.4108887e+01
   6.3031800e+05   2.1484375e+01
   6.3058800e+05   2.2888184e+01
   6.3065400e+05   2.4841309e+01
   6.3068700e+05   2.1789551e+01
   6.3072500e+05   3.3203125e+01
   6.3073800e+05   2.8869629e+01
   6.3077000e+05   2.2094727e+01
   6.3103100e+05   2.1545410e+01
   6.3624900e+05   2.0996094e+01
   6.4609300e+05   2.8320312e+01
   6.5056900e+05   2.1240234e+01
   6.5335500e+05   2.0507812e+01
   6.5892400e+05   2.1606445e+01
   6.5977900e+05   2.1972656e+01
   6.6367300e+05   2.2094727e+01
   6.6888200e+05   2.5451660e+01
   6.7166900e+05   2.3132324e+01
   6.7527100e+05   2.3986816e+01
   6.7947400e+05   2.1179199e+01
   6.8216800e+05   2.5024414e+01
   6.8564200e+05   2.1484375e+01
   6.8831900e+05   2.2094727e+01
   6.9072900e+05   2.2705078e+01
   6.9444500e+05   2.3559570e+01
   6.9522100e+05   2.4536133e+01
   6.9818400e+05   2.5085449e+01
   6.9883600e+05   2.2094727e+01
   7.0074800e+05   2.6672363e+01
   7.0439100e+05   2.6916504e+01
   7.1116500e+05   2.1240234e+01
   7.1605400e+05   2.1362305e+01
   7.1826500e+05   2.4658203e+01
   7.1961200e+05   2.1179199e+01
   7.2017400e+05   2.8381348e+01
   7.2708100e+05   2.0385742e+01
   7.3189700e+05   2.0996094e+01
   7.3266900e+05   2.8747559e+01
   7.3869700e+05   2.0935059e+01
   7.3930000e+05   2.2094727e+01
   7.4175500e+05   2.0812988e+01
   7.5750400e+05   2.3010254e+01
   7.5820100e+05   2.0385742e+01
   7.6088300e+05   2.2094727e+01
   7.6980600e+05   2.0507812e+01
   7.7255900e+05   2.2583008e+01
   7.7615100e+05   2.2766113e+01
   7.8202800e+05   2.1789551e+01
   7.8342800e+05   2.1667480e+01
   7.8414800e+05   2.3193359e+01
   7.8637400e+05   2.1484375e+01
   7.9006600e+05   2.1728516e+01
   7.9424500e+05   2.4169922e+01
   8.0420200e+05   2.1301270e+01
   8.0867700e+05   2.0690918e+01
   8.1100400e+05   2.0690918e+01
   8.1751900e+05   2.5695801e+01
   8.1830700e+05   2.1789551e+01
   8.2106000e+05   2.4230957e+01
   8.2469300e+05   2.0874023e+01
   8.2919700e+05   2.2766113e+01
   8.3068500e+05   2.0629883e+01
   8.3345900e+05   2.0996094e+01
   8.3882200e+05   2.4597168e+01
   8.4663100e+05   2.0935059e+01
   8.4954300e+05   2.0690918e+01
   8.5251700e+05   2.5451660e+01
   8.5412700e+05   2.1118164e+01
   8.5919800e+05   2.0935059e+01
   8.6194500e+05   2.4475098e+01
   8.6689500e+05   2.4658203e+01
   8.6751700e+05   2.1545410e+01
   8.7861800e+05   2.3559570e+01
   8.8162700e+05   2.1118164e+01
   8.8253300e+05   2.3498535e+01
   8.9034600e+05   2.1911621e+01
   8.9702400e+05   2.7282715e+01
   8.9769400e+05   2.0751953e+01
   9.0172000e+05   2.1240234e+01
   9.0727600e+05   2.2644043e+01
   9.0791100e+05   2.4536133e+01
   9.1303900e+05   2.3132324e+01
   9.2088900e+05   2.2277832e+01
   9.2394700e+05   2.1240234e+01
   9.3185000e+05   2.0568848e+01
   9.3886000e+05   2.1606445e+01
   9.3949400e+05   2.0935059e+01
   9.4152700e+05   2.1911621e+01
   9.4597400e+05   2.0629883e+01
   9.4655900e+05   2.2521973e+01
   9.5216100e+05   2.1301270e+01
   9.5990800e+05   2.4475098e+01
   9.6245700e+05   2.2033691e+01
   9.6700300e+05   2.0385742e+01
   9.6770400e+05   2.2766113e+01
   9.7633300e+05   2.1057129e+01
   9.8067600e+05   2.0935059e+01
   9.8436500e+05   2.3681641e+01
   9.8833500e+05   2.2949219e+01
   9.9452100e+05   2.0812988e+01
   1.0028370e+06   2.3986816e+01
   1.0065220e+06   2.1667480e+01
   1.0070880e+06   2.1667480e+01
   1.0113900e+06   2.1240234e+01
   1.0117760e+06   2.0507812e+01
   1.0118280e+06   3.1982422e+01
   1.0118610e+06   2.2949219e+01
   1.0118830e+06   3.2470703e+01
   1.0119670e+06   2.5878906e+01
   1.0289910e+06   2.1179199e+01
   1.0296570e+06   2.1423340e+01
   1.0369660e+06   2.6977539e+01
   1.0391430e+06   2.7709961e+01
   1.0429240e+06   2.3864746e+01
   1.0462260e+06   2.7954102e+01
   1.0542090e+06   2.1240234e+01
   1.0559920e+06   2.2949219e+01
   1.0601170e+06   2.1240234e+01
   1.0625370e+06   2.0568848e+01
   1.0643090e+06   2.1850586e+01
   1.0673740e+06   2.2583008e+01
   1.0679240e+06   2.0935059e+01
   1.0795450e+06   2.2460938e+01
   1.0824830e+06   2.0629883e+01
   1.0832210e+06   2.2338867e+01
   1.0854960e+06   2.2094727e+01
   1.0954490e+06   2.5085449e+01
   1.0988620e+06   2.0446777e+01
   1.1008490e+06   2.3376465e+01
   1.1130190e+06   2.3742676e+01
   1.1145830e+06   2.1362305e+01
   1.1177690e+06   2.5573730e+01
   1.1186240e+06   2.2949219e+01
   1.1196820e+06   2.4291992e+01
   1.1248810e+06   2.2644043e+01
   1.1311920e+06   2.3071289e+01
   1.1376860e+06   2.1301270e+01
   1.1449530e+06   2.0874023e+01
   1.1456250e+06   2.0996094e+01
   1.1511590e+06   2.8320312e+01
   1.1546140e+06   2.1301270e+01
   1.1607220e+06   2.1057129e+01
   1.1614920e+06   2.0935059e+01
   1.1642230e+06   2.3132324e+01
   1.1674450e+06   2.0751953e+01
   1.1844400e+06   2.2155762e+01
   1.1874240e+06   2.0507812e+01
   1.1880550e+06   2.3376465e+01
   1.1948780e+06   2.1606445e+01
   1.2048440e+06   2.3742676e+01
   1.2097500e+06   2.2338867e+01
   1.2124710e+06   2.1789551e+01
   1.2148290e+06   2.4414062e+01
   1.2182440e+06   2.6977539e+01
   1.2264300e+06   2.1484375e+01
   1.2311080e+06   2.1179199e+01
   1.2352410e+06   2.1484375e+01
   1.2380430e+06   2.1423340e+01
   1.2419400e+06   2.5756836e+01
   1.2472050e+06   2.2399902e+01
   1.2479730e+06   2.4230957e+01
   1.2573700e+06   2.4230957e+01
   1.2599960e+06   2.6489258e+01
   1.2606750e+06   2.5756836e+01
   1.2635570e+06   2.0751953e+01
   1.2671220e+06   2.1667480e+01
   1.2727510e+06   2.2399902e+01
   1.2735580e+06   2.3010254e+01
   1.2789300e+06   2.2583008e+01
   1.2797130e+06   2.1179199e+01
   1.2926680e+06   2.4536133e+01
   1.2961090e+06   2.3498535e+01
   1.2990400e+06   2.1057129e+01
   1.3036280e+06   2.1301270e+01
   1.3060090e+06   2.4536133e+01
   1.3088960e+06   2.3376465e+01
   1.3148740e+06   2.5024414e+01
   1.3174220e+06   2.2460938e+01
   1.3218710e+06   2.0690918e+01
   1.3285680e+06   2.0507813e+01
   1.3292180e+06   2.7770996e+01
   1.3348610e+06   2.3620605e+01
   1.3396220e+06   2.0751953e+01
   1.3471500e+06   2.3437500e+01
   1.3497520e+06   2.7282715e+01
   1.3515880e+06   2.0690918e+01
   1.3537590e+06   2.0629883e+01
   1.3583600e+06   2.1179199e+01
   1.3630320e+06   2.2094727e+01
   1.3678970e+06   2.0690918e+01
   1.3741350e+06   2.1850586e+01
   1.3747600e+06   2.2277832e+01
   1.3837950e+06   2.2460938e+01
   1.3876610e+06   2.3193359e+01
   1.3882750e+06   2.0996094e+01
   1.3913330e+06   2.0996094e+01
   1.3957360e+06   2.2644043e+01
   1.3974950e+06   2.1301270e+01
   1.4116000e+06   2.2277832e+01
   1.4154500e+06   2.0507812e+01
   1.4210160e+06   2.3498535e+01
   1.4245340e+06   2.2277832e+01
   1.4284210e+06   2.3925781e+01
   1.4285320e+06   2.2094727e+01
   1.4285710e+06   2.1240234e+01
   1.4286140e+06   2.4169922e+01
   1.4286450e+06   2.5207520e+01
   1.4287110e+06   2.2521973e+01
   1.4287720e+06   2.5329590e+01
   1.4288040e+06   2.8381348e+01
   1.4288580e+06   2.0812988e+01
   1.4289450e+06   2.1545410e+01
   1.4292140e+06   2.2277832e+01
   1.4422170e+06   2.2644043e+01
   1.4500170e+06   2.5939941e+01
   1.4523080e+06   2.3925781e+01
   1.4554260e+06   2.6489258e+01
   1.4604960e+06   2.5024414e+01
   1.4624670e+06   2.0568848e+01
   1.4698930e+06   2.1423340e+01
   1.4706440e+06   2.1545410e+01
   1.4718290e+06   2.1606445e+01
   1.4772630e+06   2.1728516e+01
   1.4815970e+06   2.5329590e+01
   1.4823780e+06   2.1423340e+01
   1.4830580e+06   2.5695801e+01
   1.4832740e+06   2.9663086e+01
   1.4833540e+06   3.1188965e+01
   1.4835530e+06   2.1240234e+01
   1.4836620e+06   2.6184082e+01
   1.4839770e+06   2.4047852e+01
   1.4891240e+06   2.0812988e+01
   1.4920860e+06   2.1972656e+01
   1.4957860e+06   2.0812988e+01
   1.4992050e+06   2.2155762e+01
   1.5008520e+06   2.1484375e+01
   1.5017900e+06   2.6367188e+01
   1.5067700e+06   2.1850586e+01
   1.5099060e+06   2.4047852e+01
   1.5134440e+06   2.4047852e+01
   1.5139120e+06   2.5817871e+01
   1.5155620e+06   2.0385742e+01
   1.5191140e+06   2.5695801e+01
   1.5227280e+06   2.5390625e+01
   1.5234090e+06   2.3864746e+01
   1.5292450e+06   2.1606445e+01
   1.5339450e+06   2.4963379e+01
   1.5353880e+06   2.1057129e+01
   1.5444640e+06   2.0935059e+01
   1.5494740e+06   2.2155762e+01
   1.5516800e+06   2.2644043e+01
   1.5518490e+06   2.3498535e+01
   1.5520690e+06   2.3315430e+01
   1.5573750e+06   2.0751953e+01
   1.5606280e+06   2.4353027e+01
   1.5634000e+06   2.1423340e+01
   1.5714960e+06   2.7832031e+01
   1.5721260e+06   2.1240234e+01
   1.5768840e+06   2.2033691e+01
   1.5775360e+06   2.0507812e+01
   1.5802160e+06   2.1423340e+01
   1.5838000e+06   2.3681641e+01
   1.5857940e+06   2.3010254e+01
   1.5921140e+06   2.2583008e+01
   1.5996400e+06   2.1789551e+01
   1.6033090e+06   2.1484375e+01
   1.6128530e+06   2.0690918e+01
   1.6136140e+06   2.0996094e+01
   1.6182890e+06   2.1606445e+01
   1.6195680e+06   2.3132324e+01
   1.6204800e+06   2.3742676e+01
   1.6274250e+06   2.1423340e+01
   1.6340960e+06   2.0385742e+01
   1.6369620e+06   2.2827148e+01
   1.6387830e+06   2.3437500e+01
   1.6398320e+06   2.0446777e+01
   1.6434520e+06   2.1728516e+01
   1.6521050e+06   2.0385742e+01
   1.6618360e+06   2.0629883e+01
   1.6624750e+06   2.1606445e+01
   1.6667360e+06   2.1301270e+01
   1.6674600e+06   2.0996094e+01
   1.6737310e+06   2.1545410e+01
   1.6745710e+06   2.5878906e+01
   1.6748170e+06   2.2155762e+01
   1.6748740e+06   2.0812988e+01
   1.6749800e+06   2.1484375e+01
   1.6750050e+06   2.2705078e+01
   1.6751490e+06   2.0874023e+01
   1.6753020e+06   2.1606445e+01
   1.6755400e+06   2.1789551e+01
   1.6900970e+06   2.3803711e+01
   1.6965170e+06   2.5817871e+01
   1.6991300e+06   2.4658203e+01
   1.6997630e+06   2.5451660e+01
   1.7044290e+06   2.0935059e+01
   1.7080040e+06   2.3559570e+01
   1.7114960e+06   2.2888184e+01
   1.7146510e+06   2.2277832e+01
   1.7188420e+06   2.1301270e+01
   1.7224740e+06   2.0385742e+01
   1.7248920e+06   2.1057129e+01
   1.7275080e+06   2.1057129e+01
   1.7410840e+06   2.2460938e+01
   1.7425570e+06   2.2338867e+01
   1.7477150e+06   2.0812988e+01
   1.7506980e+06   2.2827148e+01
   1.7575700e+06   2.2766113e+01
   1.7586940e+06   2.0629883e+01
   1.7590600e+06   2.5512695e+01
   1.7692780e+06   2.4780273e+01
   1.7712590e+06   2.0874023e+01
   1.7761120e+06   2.1423340e+01
   1.7793070e+06   2.1911621e+01
   1.7861100e+06   2.4108887e+01
   1.7886110e+06   2.0874023e+01
   1.7932030e+06   2.4658203e+01
   1.7994730e+06   2.0690918e+01
   1.8104990e+06   2.2583008e+01
   1.8110810e+06   2.1606445e+01
   1.8156840e+06   2.0812988e+01
   1.8165270e+06   2.1240234e+01
   1.8193670e+06   2.1911621e+01
   1.8202230e+06   2.2644043e+01
   1.8249340e+06   2.2888184e+01
   1.8294220e+06   2.1911621e+01
   1.8409690e+06   2.2766113e+01
   1.8411320e+06   2.3925781e+01
   1.8412100e+06   2.5573730e+01
   1.8542890e+06   2.1423340e+01
   1.8577290e+06   2.3193359e+01
   1.8583720e+06   2.1667480e+01
   1.8653820e+06   2.3864746e+01
   1.8704760e+06   2.4230957e+01
   1.8740490e+06   2.1667480e+01
   1.8820310e+06   2.1362305e+01
   1.8866240e+06   2.1423340e+01
   1.8896780e+06   2.2338867e+01
   1.8904020e+06   2.3071289e+01
   1.9000760e+06   2.9296875e+01
   1.9055520e+06   2.0507812e+01
   1.9152090e+06   2.0507812e+01
   1.9173670e+06   2.1179199e+01
   1.9204720e+06   2.3620605e+01
   1.9212650e+06   2.7221680e+01
   1.9245330e+06   2.3437500e+01
   1.9295520e+06   2.1484375e+01
   1.9302310e+06   2.3254395e+01
   1.9405040e+06   2.2094727e+01
   1.9482270e+06   2.4780273e+01
   1.9489260e+06   2.3376465e+01
   1.9575290e+06   2.1240234e+01
   1.9582290e+06   2.1484375e+01
   1.9618910e+06   2.3315430e+01
   1.9708140e+06   2.0812988e+01
   1.9761130e+06   2.2888184e+01
   1.9768550e+06   2.0446777e+01
   1.9807940e+06   2.2399902e+01
   1.9930630e+06   2.2155762e+01
   1.9978780e+06   2.0568848e+01
   1.9985560e+06   2.1545410e+01
   2.0011960e+06   2.2460938e+01
   2.0037480e+06   2.2033691e+01
   2.0064020e+06   2.7099609e+01
   2.0147300e+06   2.2949219e+01
   2.0148940e+06   2.6000977e+01
   2.0149580e+06   2.6062012e+01
   2.0150570e+06   2.2644043e+01
   2.0152040e+06   2.1911621e+01
   2.0152220e+06   2.0751953e+01
   2.0153590e+06   2.2094727e+01
   2.0159970e+06   2.1057129e+01
   2.0256950e+06   2.1484375e+01
   2.0354390e+06   2.4902344e+01
   2.0417110e+06   2.0812988e+01
   2.0455900e+06   2.0751953e+01
   2.0475610e+06   2.1850586e+01
   2.0558640e+06   2.2155762e+01
   2.0594340e+06   2.5756836e+01
   2.0672800e+06   2.1423340e+01
   2.0679110e+06   2.2216797e+01
   2.0773630e+06   2.2583008e+01
   2.0810620e+06   2.0812988e+01
   2.0832030e+06   2.0629883e+01
   2.0871700e+06   2.4841309e+01
   2.0903870e+06   2.2766113e+01
   2.0966760e+06   2.3925781e+01
   2.1020680e+06   2.2949219e+01
   2.1043260e+06   2.5451660e+01
   2.1090220e+06   2.3864746e+01
   2.1105750e+06   2.4536133e+01
   2.1160600e+06   2.0751953e+01
   2.1167950e+06   2.1057129e+01
   2.1254740e+06   2.2827148e+01
   2.1316080e+06   2.4047852e+01
   2.1322250e+06   2.3071289e+01
   2.1365050e+06   2.0935059e+01
   2.1427180e+06   2.1057129e+01
   2.1474850e+06   2.1301270e+01
   2.1550470e+06   2.3010254e+01
   2.1693070e+06   2.4719238e+01
   2.1707200e+06   2.3559570e+01
   2.1727570e+06   2.3193359e+01
   2.1768160e+06   2.3010254e+01
   2.1792140e+06   2.2338867e+01
   2.1833790e+06   2.3803711e+01
   2.1866070e+06   2.4353027e+01
   2.1953750e+06   2.0751953e+01
   2.2060880e+06   2.0507812e+01
   2.2152880e+06   2.1972656e+01
   2.2208290e+06   2.0996094e+01
   2.2326450e+06   2.1240234e+01
   2.2331220e+06   2.0568848e+01
   2.2333450e+06   2.1850586e+01
   2.2336350e+06   2.0690918e+01
   2.2466370e+06   2.4719238e+01
   2.2485480e+06   2.1789551e+01
   2.2584010e+06   2.2583008e+01
   2.2650560e+06   2.3620605e+01
   2.2671710e+06   2.1728516e+01
   2.2734470e+06   2.2033691e+01
   2.2758190e+06   2.4169922e+01
   2.2812810e+06   2.4414062e+01
   2.2842240e+06   2.5085449e+01
   2.2905250e+06   2.2827148e+01
   2.2912440e+06   2.5512695e+01
   2.2945040e+06   2.2644043e+01
   2.3015610e+06   2.2338867e+01
   2.3034530e+06   2.1911621e+01
   2.3041200e+06   2.1423340e+01
   2.3075720e+06   2.0385742e+01
   2.3130830e+06   2.0690918e+01
   2.3160380e+06   2.3437500e+01
   2.3167810e+06   2.2460938e+01
   2.3194560e+06   2.0935059e+01
   2.3233330e+06   2.2583008e+01
   2.3240000e+06   2.1911621e+01
   2.3271260e+06   2.1240234e+01
   2.3278160e+06   2.6123047e+01
   2.3323440e+06   2.0507813e+01
   2.3349150e+06   2.1362305e+01
   2.3398890e+06   2.2094727e+01
   2.3462840e+06   2.5512695e+01
   2.3469810e+06   2.1850586e+01
   2.3500090e+06   2.1545410e+01
   2.3578630e+06   2.3559570e+01
   2.3622240e+06   2.6489258e+01
   2.3680970e+06   2.1362305e+01
   2.3687260e+06   2.2583008e+01
   2.3696690e+06   2.4047852e+01
   2.3741940e+06   2.1789551e+01
   2.3747830e+06   2.4597168e+01
   2.3803770e+06   2.1606445e+01
   2.3830220e+06   2.2094727e+01
   2.3838920e+06   2.1362305e+01
   2.3971350e+06   2.4108887e+01
   2.4028390e+06   2.1423340e+01
   2.4045480e+06   2.6611328e+01
   2.4097240e+06   2.4841309e+01
   2.4128190e+06   2.5085449e+01
   2.4159850e+06   2.0935059e+01
   2.4224960e+06   2.0507813e+01
   2.4320520e+06   2.1057129e+01
   2.4342380e+06   2.2888184e+01
   2.4404930e+06   2.1301270e+01
   2.4410840e+06   2.0751953e+01
   2.4443190e+06   2.1606445e+01
   2.4482210e+06   2.2644043e+01
   2.4490700e+06   2.0568848e+01
   2.4579900e+06   2.0385742e+01
   2.4643550e+06   2.1118164e+01
   2.4650260e+06   2.0507812e+01
   2.4674250e+06   2.0629883e+01
   2.4677080e+06   2.3071289e+01
   2.4787570e+06   2.3315430e+01
   2.4817660e+06   2.6306152e+01
   2.4819870e+06   2.0629883e+01
   2.4820850e+06   2.0996094e+01
   2.4821240e+06   2.5634766e+01
   2.4821570e+06   2.1850586e+01
   2.4822370e+06   2.0996094e+01
   2.4822560e+06   2.3498535e+01
   2.4822750e+06   2.2521973e+01
   2.4823050e+06   2.8564453e+01
   2.4823660e+06   2.5085449e+01
   2.5007240e+06   2.1362305e+01
   2.5025360e+06   2.3437500e+01
   2.5068360e+06   2.2583008e+01
   2.5097390e+06   2.0874023e+01
   2.5110010e+06   2.0568848e+01
   2.5117160e+06   2.3071289e+01
   2.5164240e+06   2.0568848e+01
   2.5170000e+06   2.3681641e+01
   2.5183140e+06   2.1606445e+01
   2.5274130e+06   2.1728516e+01
   2.5320400e+06   2.2644043e+01
   2.5326690e+06   2.0629883e+01
   2.5342840e+06   2.2827148e+01
   2.5357710e+06   2.0568848e+01
   2.5369810e+06   2.1728516e+01
   2.5386840e+06   2.2338867e+01
   2.5403450e+06   2.2338867e+01
   2.5410000e+06   2.3498535e+01
   2.5422440e+06   2.0629883e+01
   2.5449200e+06   2.1118164e+01
   2.5466130e+06   2.1057129e+01
   2.5513380e+06   2.0690918e+01
   2.5527950e+06   2.1118164e+01
   2.5537580e+06   2.4169922e+01
   2.5544870e+06   2.1118164e+01
   2.5572030e+06   2.0935059e+01
   2.5595480e+06   2.7099609e+01
   2.5641540e+06   2.2460938e+01
   2.5649590e+06   2.2888184e+01
   2.5666200e+06   2.3925781e+01
   2.5699120e+06   2.3193359e+01
   2.5717810e+06   2.6428223e+01
   2.5744230e+06   2.2460938e+01
   2.5779620e+06   2.5756836e+01
   2.5821270e+06   2.1179199e+01
   2.5848020e+06   2.0812988e+01
   2.5858520e+06   2.4536133e+01
   2.5880690e+06   2.2644043e+01
   2.5887260e+06   2.1484375e+01
   2.5906700e+06   2.0935059e+01
   2.5924720e+06   2.6000977e+01
   2.5982450e+06   2.0507813e+01
   2.6001260e+06   2.1911621e+01
   2.6047400e+06   2.1301270e+01
   2.6063090e+06   2.1118164e+01
   2.6158770e+06   2.0996094e+01
   2.6164620e+06   2.0385742e+01
   2.6200060e+06   2.1545410e+01
   2.6243440e+06   2.5207520e+01
   2.6247820e+06   2.3498535e+01
   2.6271580e+06   2.3376465e+01
   2.6319270e+06   2.3132324e+01
   2.6372720e+06   2.1362305e+01
   2.6442200e+06   2.0874023e+01
   2.6449740e+06   2.4658203e+01
   2.6583270e+06   2.0996094e+01
   2.6591530e+06   2.3803711e+01
   2.6616140e+06   2.0568848e+01
   2.6669030e+06   2.3254395e+01
   2.6675280e+06   2.0385742e+01
   2.6719050e+06   2.1667480e+01
   2.6740210e+06   2.6550293e+01
   2.6804840e+06   2.1301270e+01
   2.6848200e+06   2.2216797e+01
   2.6878990e+06   2.1484375e+01
   2.6938280e+06   2.2094727e+01
   2.6995900e+06   2.3071289e+01
   2.7001710e+06   2.7099609e+01
   2.7057900e+06   2.2155762e+01
   2.7139100e+06   2.3620605e+01
   2.7182080e+06   2.4475098e+01
   2.7206530e+06   2.2949219e+01
   2.7313470e+06   2.1057129e+01
   2.7345000e+06   2.2399902e+01
   2.7367890e+06   2.2460938e+01
   2.7420670e+06   2.1179199e+01
   2.7428040e+06   2.3010254e+01
   2.7460710e+06   2.3925781e+01
   2.7524220e+06   2.0690918e+01
   2.7568660e+06   2.2644043e+01
   2.7618830e+06   2.0812988e+01
   2.7620010e+06   2.0446777e+01
   2.7621160e+06   2.1301270e+01
   2.7623320e+06   3.2104492e+01
   2.7624270e+06   2.0751953e+01
   2.7743660e+06   2.1545410e+01
   2.7777170e+06   2.5207520e+01
   2.7785740e+06   2.1362305e+01
   2.7806060e+06   2.2827148e+01
   2.7887820e+06   2.0935059e+01
   2.7978910e+06   2.1057129e+01
   2.8028110e+06   2.2460938e+01
   2.8035110e+06   2.0935059e+01
   2.8057830e+06   2.4963379e+01
   2.8087370e+06   2.1057129e+01
   2.8093970e+06   2.6123047e+01
   2.8156170e+06   2.0812988e+01
   2.8191730e+06   2.2521973e+01
   2.8222470e+06   2.1606445e+01
   2.8275460e+06   2.3559570e+01
   2.8281570e+06   2.0446777e+01
   2.8328690e+06   2.2583008e+01
   2.8374720e+06   2.0690918e+01
   2.8424700e+06   3.0273438e+01
   2.8482010e+06   2.2399902e+01
   2.8515090e+06   2.2888184e+01
   2.8538270e+06   2.1911621e+01
   2.8544880e+06   2.2705078e+01
   2.8608750e+06   2.0874023e+01
   2.8718800e+06   2.3437500e+01
   2.8740510e+06   2.1118164e+01
   2.8812240e+06   2.1667480e+01
   2.8892510e+06   2.0874023e+01
   2.8943330e+06   2.0446777e+01
   2.8944890e+06   2.2277832e+01
   2.8945340e+06   3.2348633e+01
   2.8945730e+06   2.3437500e+01
   2.8945920e+06   2.1850586e+01
   2.8946270e+06   3.1188965e+01
   2.8947050e+06   2.1545410e+01
   2.8947560e+06   2.1789551e+01
   2.8947660e+06   2.1057129e+01
   2.8949140e+06   2.4963379e+01
   2.9125870e+06   2.5939941e+01
   2.9143890e+06   2.3254395e+01
   2.9183530e+06   2.1179199e+01
   2.9214650e+06   2.5207520e+01
   2.9225290e+06   2.0874023e+01
   2.9236550e+06   2.1850586e+01
   2.9252250e+06   2.3193359e+01
   2.9282580e+06   2.0751953e+01
   2.9290090e+06   2.3925781e+01
   2.9295770e+06   2.0935059e+01
   2.9311650e+06   2.3315430e+01
   2.9317790e+06   2.1362305e+01
   2.9342420e+06   2.1850586e+01
   2.9359010e+06   2.1179199e+01
   2.9378170e+06   2.0690918e+01
   2.9394330e+06   2.0751953e+01
   2.9406480e+06   2.2766113e+01
   2.9412470e+06   2.2277832e+01
   2.9420510e+06   2.0935059e+01
   2.9436320e+06   2.2827148e+01
   2.9463490e+06   2.0446777e+01
   2.9479030e+06   2.4047852e+01
   2.9508500e+06   2.2583008e+01
   2.9547310e+06   2.7099609e+01
   2.9553860e+06   2.0690918e+01
   2.9593400e+06   2.1972656e+01
   2.9599080e+06   2.1911621e+01
   2.9605050e+06   2.2094727e+01
   2.9643070e+06   2.4780273e+01
   2.9669980e+06   2.0446777e+01
   2.9686910e+06   2.0874023e+01
   2.9692600e+06   2.2827148e+01
   2.9719400e+06   2.2033691e+01
   2.9730310e+06   2.1423340e+01
   2.9764060e+06   2.0690918e+01
   2.9769760e+06   2.0996094e+01
   2.9797490e+06   2.1362305e+01
   2.9811440e+06   2.1301270e+01
   2.9827260e+06   2.2277832e+01
   2.9836850e+06   2.1057129e+01
   2.9848370e+06   2.0385742e+01
   2.9856990e+06   2.0629883e+01
   2.9879540e+06   2.0568848e+01
   2.9904770e+06   2.1545410e+01
   2.9928860e+06   2.1606445e+01
   3.0004780e+06   2.1789551e+01
   3.0010090e+06   2.0568848e+01
   3.0040190e+06   2.3071289e+01
   3.0047630e+06   2.3376465e+01
   3.0064110e+06   2.0874023e+01
   3.0077800e+06   2.2094727e+01
   3.0080870e+06   2.1179199e+01
   3.0110740e+06   2.8564453e+01
   3.0132620e+06   2.0874023e+01
   3.0137900e+06   2.1972656e+01
   3.0144790e+06   2.4414062e+01
   3.0205820e+06   2.1484375e+01
   3.0254030e+06   2.0507812e+01
   3.0299990e+06   2.4108887e+01
   3.0355570e+06   2.1362305e+01
   3.0368320e+06   2.2644043e+01
   3.0394150e+06   2.4658203e+01
   3.0447320e+06   2.4597168e+01
   3.0460070e+06   2.6428223e+01
   3.0483990e+06   2.2766113e+01
   3.0535950e+06   2.2277832e+01
   3.0542760e+06   2.0874023e+01
   3.0569810e+06   2.0324707e+01
   3.0638020e+06   2.2399902e+01
   3.0661960e+06   2.1057129e+01
   3.0687060e+06   2.2277832e+01
   3.0776510e+06   2.2460938e+01
   3.0783820e+06   2.0507812e+01
   3.0790740e+06   2.3864746e+01
   3.0791070e+06   2.1362305e+01
   3.0791180e+06   2.5085449e+01
   3.0791490e+06   2.4658203e+01
   3.0791810e+06   2.1789551e+01
   3.0933590e+06   2.4353027e+01
   3.0975920e+06   2.0751953e+01
   3.0991060e+06   2.0690918e+01
   3.1017260e+06   2.1972656e+01
   3.1047340e+06   2.1789551e+01
   3.1053600e+06   2.4536133e+01
   3.1065160e+06   2.0874023e+01
   3.1067840e+06   2.1240234e+01
   3.1069520e+06   2.6733398e+01
   3.1069770e+06   2.9907227e+01
   3.1069890e+06   2.9174805e+01
   3.1070260e+06   2.3559570e+01
   3.1070500e+06   2.0874023e+01
   3.1070770e+06   3.0151367e+01
   3.1071140e+06   2.3925781e+01
   3.1072130e+06   2.7221680e+01
   3.1072500e+06   2.1545410e+01
   3.1074550e+06   2.1362305e+01
   3.1074780e+06   2.4230957e+01
   3.1075270e+06   2.1545410e+01
   3.1237500e+06   2.4291992e+01
   3.1243920e+06   2.1850586e+01
   3.1286370e+06   2.2827148e+01
   3.1292510e+06   2.0751953e+01
   3.1328840e+06   2.5695801e+01
   3.1333860e+06   2.2033691e+01
   3.1383230e+06   2.2155762e+01
   3.1403340e+06   2.4902344e+01
   3.1425490e+06   2.3803711e+01
   3.1433620e+06   2.1606445e+01
   3.1438820e+06   2.1667480e+01
   3.1490110e+06   2.2399902e+01
   3.1503440e+06   2.1850586e+01
   3.1516410e+06   2.2949219e+01
   3.1522530e+06   2.1972656e+01
   3.1528000e+06   2.1179199e+01
   3.1538940e+06   2.4536133e+01
   3.1559230e+06   2.1423340e+01
   3.1577430e+06   2.2460938e+01
   3.1590240e+06   2.2216797e+01
   3.1596540e+06   2.4841309e+01
   3.1605090e+06   2.1057129e+01
   3.1661460e+06   2.1728516e+01
   3.1667750e+06   2.1484375e+01
   3.1699870e+06   2.1545410e+01
   3.1739160e+06   2.1362305e+01
   3.1761110e+06   2.0324707e+01
   3.1782220e+06   2.1606445e+01
   3.1801670e+06   2.6916504e+01
   3.1812510e+06   2.1118164e+01
   3.1819870e+06   2.3437500e+01
   3.1825380e+06   2.0935059e+01
   3.1832970e+06   2.7221680e+01
   3.1833450e+06   2.1789551e+01
   3.1835170e+06   2.8808594e+01
   3.1835980e+06   2.2216797e+01
   3.1836350e+06   2.4780273e+01
   3.1836870e+06   2.0751953e+01
   3.1838970e+06   2.1972656e+01
   3.1839550e+06   2.1057129e+01
   3.1839970e+06   2.0385742e+01
   3.1840480e+06   2.5939941e+01
   3.1841140e+06   2.0812988e+01
   3.1841420e+06   2.6062012e+01
   3.1844060e+06   2.1423340e+01
   3.1911670e+06   2.0751953e+01
   3.2006760e+06   2.3010254e+01
   3.2012580e+06   2.0385742e+01
   3.2020750e+06   2.4169922e+01
   3.2054760e+06   2.0446777e+01
   3.2089470e+06   2.0874023e+01
   3.2121910e+06   2.2766113e+01
   3.2149720e+06   2.3498535e+01
   3.2178600e+06   2.3437500e+01
   3.2197240e+06   2.2644043e+01
   3.2204250e+06   2.1118164e+01
   3.2231090e+06   2.6306152e+01
   3.2243550e+06   2.2766113e+01
   3.2268540e+06   2.2888184e+01
   3.2307040e+06   2.2888184e+01
   3.2313130e+06   2.3376465e+01
   3.2337300e+06   2.3193359e+01
   3.2338930e+06   2.4353027e+01
   3.2339120e+06   2.1667480e+01
   3.2339960e+06   2.0568848e+01
   3.2340250e+06   2.4475098e+01
   3.2340940e+06   2.1484375e+01
   3.2341250e+06   2.2949219e+01
   3.2342520e+06   2.3620605e+01
   3.2343150e+06   2.2583008e+01
   3.2343600e+06   2.1240234e+01
   3.2343740e+06   2.5573730e+01
   3.2344060e+06   2.3864746e+01
   3.2344760e+06   2.1728516e+01
   3.2345310e+06   2.3559570e+01
   3.2475460e+06   2.1606445e+01
   3.2482780e+06   2.2094727e+01
   3.2528480e+06   2.0629883e+01
   3.2538040e+06   2.0996094e+01
   3.2552120e+06   2.4353027e+01
   3.2577280e+06   2.0507812e+01
   3.2604840e+06   2.0385742e+01
   3.2632300e+06   2.0874023e+01
   3.2657010e+06   2.5573730e+01
   3.2662590e+06   2.1484375e+01
   3.2669670e+06   2.3986816e+01
   3.2684580e+06   2.1240234e+01
   3.2705250e+06   2.2216797e+01
   3.2711030e+06   2.2949219e+01
   3.2731470e+06   2.1240234e+01
   3.2743770e+06   2.3071289e+01
   3.2763520e+06   2.5756836e+01
   3.2769390e+06   2.5329590e+01
   3.2781340e+06   2.0629883e+01
   3.2835320e+06   2.1057129e+01
   3.2846260e+06   2.1179199e+01
   3.2846490e+06   2.5756836e+01
   3.2846640e+06   2.0507813e+01
   3.2847130e+06   2.1118164e+01
   3.2848780e+06   2.8015137e+01
   3.2849390e+06   2.1972656e+01
   3.2849690e+06   2.6733398e+01
   3.2850000e+06   2.2399902e+01
   3.2957500e+06   2.2705078e+01
   3.2979030e+06   2.1789551e+01
   3.3010670e+06   2.0751953e+01
   3.3025720e+06   2.2399902e+01
   3.3057100e+06   2.2094727e+01
   3.3099790e+06   2.0690918e+01
   3.3118140e+06   2.1545410e+01
   3.3136630e+06   2.0874023e+01
   3.3141620e+06   2.2216797e+01
   3.3147130e+06   2.3559570e+01
   3.3160470e+06   2.1423340e+01
   3.3186520e+06   2.3742676e+01
   3.3196980e+06   2.0690918e+01
   3.3204210e+06   2.1972656e+01
   3.3227000e+06   2.1667480e+01
   3.3233030e+06   2.0507812e+01
   3.3239840e+06   2.1850586e+01
   3.3261090e+06   2.1667480e+01
   3.3266970e+06   2.3498535e+01
   3.3295410e+06   3.4851074e+01
   3.3295710e+06   2.2216797e+01
   3.3295930e+06   2.3986816e+01
   3.3296660e+06   2.4597168e+01
   3.3297080e+06   2.4841309e+01
   3.3301540e+06   2.4475098e+01
   3.3445270e+06   2.0935059e+01
   3.3461340e+06   2.1789551e+01
   3.3517940e+06   2.2521973e+01
   3.3523730e+06   2.0324707e+01
   3.3567710e+06   2.4841309e+01
   3.3585010e+06   2.0324707e+01
   3.3590620e+06   2.1728516e+01
   3.3592760e+06   2.5207520e+01
   3.3593270e+06   2.0385742e+01
   3.3593490e+06   2.8930664e+01
   3.3594040e+06   2.5634766e+01
   3.3594280e+06   2.5573730e+01
   3.3594440e+06   2.7709961e+01
   3.3594680e+06   2.8015137e+01
   3.3595660e+06   2.6062012e+01
   3.3596530e+06   2.5207520e+01
   3.3597000e+06   2.1484375e+01
   3.3716280e+06   2.3193359e+01
   3.3736710e+06   2.2705078e+01
   3.3743270e+06   2.3437500e+01
   3.3748770e+06   2.6184082e+01
   3.3748940e+06   2.6611328e+01
   3.3749560e+06   2.6550293e+01
   3.3750220e+06   2.4414062e+01
   3.3750690e+06   2.7282715e+01
   3.3751160e+06   2.0507812e+01
   3.3751630e+06   2.3864746e+01
   3.3752440e+06   2.8930664e+01
   3.3752970e+06   3.1127930e+01
   3.3754570e+06   2.4414062e+01
   3.3864820e+06   2.1728516e+01
   3.3927930e+06   2.0751953e+01
   3.3962350e+06   2.4414062e+01
   3.3968990e+06   2.1423340e+01
   3.3984520e+06   2.1240234e+01
   3.3991250e+06   2.5878906e+01
   3.4010430e+06   2.3620605e+01
   3.4047350e+06   2.0629883e+01
   3.4053180e+06   2.3376465e+01
   3.4065600e+06   2.5390625e+01
   3.4071850e+06   2.0507812e+01
   3.4080430e+06   2.0568848e+01
   3.4098990e+06   2.1789551e+01
   3.4136620e+06   2.1179199e+01
   3.4143850e+06   2.1118164e+01
   3.4166630e+06   2.5329590e+01
   3.4166880e+06   2.0996094e+01
   3.4167300e+06   2.2705078e+01
   3.4167410e+06   2.8442383e+01
   3.4167800e+06   3.0883789e+01
   3.4168080e+06   2.5939941e+01
   3.4168270e+06   2.0812988e+01
   3.4169190e+06   2.0446777e+01
   3.4171250e+06   2.0996094e+01
   3.4172640e+06   2.3986816e+01
   3.4279530e+06   2.0690918e+01
   3.4311660e+06   2.4597168e+01
   3.4325200e+06   2.4230957e+01
   3.4333380e+06   2.3376465e+01
   3.4340150e+06   2.2705078e+01
   3.4385450e+06   2.0507812e+01
   3.4407720e+06   2.0446777e+01
   3.4412870e+06   2.1667480e+01
   3.4447330e+06   2.1179199e+01
   3.4459760e+06   2.2460938e+01
   3.4486020e+06   2.0446777e+01
   3.4492560e+06   2.1545410e+01
   3.4532860e+06   3.0273437e+01
   3.4533440e+06   2.1484375e+01
   3.4533550e+06   2.1484375e+01
   3.4534030e+06   2.5756836e+01
   3.4534450e+06   2.3925781e+01
   3.4534820e+06   2.8320312e+01
   3.4535000e+06   2.9602051e+01
   3.4535760e+06   2.0690918e+01
   3.4536280e+06   2.5695801e+01
   3.4539410e+06   2.6733398e+01
   3.4541030e+06   2.1972656e+01
   3.4670790e+06   2.0568848e+01
   3.4694980e+06   2.2033691e+01
   3.4720450e+06   2.0751953e+01
   3.4736610e+06   2.0446777e+01
   3.4754930e+06   2.0751953e+01
   3.4761610e+06   2.0507813e+01
   3.4766940e+06   2.1606445e+01
   3.4774210e+06   2.1240234e+01
   3.4781020e+06   2.2155762e+01
   3.4788640e+06   2.1911621e+01
   3.4794730e+06   2.2460938e+01
   3.4838230e+06   2.1362305e+01
   3.4855110e+06   2.1118164e+01
   3.4881580e+06   2.1423340e+01
   3.4892600e+06   2.1484375e+01
   3.4904700e+06   2.1423340e+01
   3.4921710e+06   2.1057129e+01
   3.4936360e+06   2.8503418e+01
   3.4951340e+06   2.0385742e+01
   3.4951600e+06   2.7587891e+01
   3.4952120e+06   2.2216797e+01
   3.4952260e+06   2.3620605e+01
   3.4952590e+06   2.6550293e+01
   3.4952850e+06   2.5451660e+01
   3.4953280e+06   2.4597168e+01
   3.4953710e+06   2.4902344e+01
   3.4954030e+06   2.2033691e+01
   3.4954450e+06   3.0822754e+01
   3.4954960e+06   2.5024414e+01
   3.5050050e+06   2.1667480e+01
   3.5055980e+06   2.0935059e+01
   3.5071780e+06   2.4169922e+01
   3.5090550e+06   2.2338867e+01
   3.5097470e+06   2.2888184e+01
   3.5103630e+06   2.0935059e+01
   3.5111340e+06   2.1118164e+01
   3.5118070e+06   2.1667480e+01
   3.5134150e+06   2.6184082e+01
   3.5179740e+06   2.3986816e+01
   3.5180160e+06   2.0446777e+01
   3.5181070e+06   2.4230957e+01
   3.5181490e+06   2.2399902e+01
   3.5181690e+06   2.2094727e+01
   3.5181870e+06   2.3437500e+01
   3.5182210e+06   2.1667480e+01
   3.5182430e+06   2.8930664e+01
   3.5182980e+06   2.5634766e+01
   3.5183620e+06   2.3132324e+01
   3.5185510e+06   2.0874023e+01
   3.5289650e+06   2.2277832e+01
   3.5308910e+06   2.0629883e+01
   3.5330310e+06   2.2827148e+01
   3.5342600e+06   2.0751953e+01
   3.5347850e+06   2.1789551e+01
   3.5357030e+06   2.1545410e+01
   3.5364010e+06   2.0324707e+01
   3.5385730e+06   2.2521973e+01
   3.5393850e+06   2.6550293e+01
   3.5400430e+06   2.0629883e+01
   3.5409920e+06   2.2338867e+01
   3.5469620e+06   2.2949219e+01
   3.5482400e+06   2.0385742e+01
   3.5552560e+06   2.3071289e+01
   3.5570700e+06   2.1484375e+01
   3.5571010e+06   2.1057129e+01
   3.5571780e+06   2.4841309e+01
   3.5571880e+06   2.8198242e+01
   3.5572240e+06   2.4963379e+01
   3.5573640e+06   2.4536133e+01
   3.5642190e+06   2.3620605e+01
   3.5667070e+06   2.3437500e+01
   3.5673510e+06   2.3315430e+01
   3.5680710e+06   2.5146484e+01
   3.5706780e+06   2.1423340e+01
   3.5723460e+06   2.0568848e+01
   3.5746520e+06   2.5268555e+01
   3.5756310e+06   2.0690918e+01
   3.5770760e+06   2.0568848e+01
   3.5784740e+06   2.1545410e+01
   3.5790580e+06   2.1606445e+01
   3.5804680e+06   2.2033691e+01
   3.5810790e+06   2.1545410e+01
   3.5847840e+06   2.1850586e+01
   3.5853790e+06   2.2216797e+01
   3.5860040e+06   2.0568848e+01
   3.5882220e+06   2.0751953e+01
   3.5895450e+06   2.0690918e+01
   3.5901350e+06   2.0935059e+01
   3.5925880e+06   2.0751953e+01
   3.5952120e+06   2.1301270e+01
   3.5957610e+06   2.4963379e+01
   3.5969800e+06   2.0935059e+01
   3.5991050e+06   2.8442383e+01
   3.5991490e+06   2.1484375e+01
   3.5992260e+06   2.8747559e+01
   3.5997860e+06   2.0751953e+01
   3.6047610e+06   2.1484375e+01
   3.6079570e+06   2.1240234e+01
   3.6100560e+06   2.5146484e+01
   3.6106960e+06   2.1728516e+01
   3.6124830e+06   2.0629883e+01
   3.6131120e+06   2.1911621e+01
   3.6166010e+06   2.0385742e+01
   3.6171910e+06   2.0690918e+01
   3.6177760e+06   2.2277832e+01
   3.6193050e+06   2.0874023e+01
   3.6198830e+06   2.2460938e+01
   3.6204760e+06   2.0874023e+01
   3.6216420e+06   2.0568848e+01
   3.6227840e+06   2.0629883e+01
   3.6234010e+06   2.0690918e+01
   3.6239680e+06   2.0507812e+01
   3.6246850e+06   2.1606445e+01
   3.6261770e+06   2.0324707e+01
   3.6290880e+06   2.0324707e+01
   3.6296290e+06   2.0446777e+01
   3.6315050e+06   2.0751953e+01
   3.6321360e+06   2.0935059e+01
   3.6368920e+06   2.1728516e+01
   3.6380370e+06   2.2460938e+01
   3.6385640e+06   2.1423340e+01
   3.6391390e+06   2.0690918e+01
   3.6397210e+06   2.2094727e+01
   3.6403430e+06   2.0812988e+01
   3.6409970e+06   2.1972656e+01
   3.6442600e+06   2.0446777e+01
   3.6449910e+06   2.3559570e+01
   3.6461740e+06   2.3010254e+01
   3.6466730e+06   2.1972656e+01
   3.6528650e+06   2.1606445e+01
   3.6535250e+06   2.2277832e+01
   3.6548920e+06   2.3193359e+01
   3.6550720e+06   2.0629883e+01
   3.6551060e+06   2.0812988e+01
   3.6554720e+06   3.1677246e+01
   3.6604660e+06   2.1179199e+01
   3.6610260e+06   2.2460938e+01
   3.6616720e+06   2.1850586e+01
   3.6645530e+06   2.0812988e+01
   3.6651560e+06   2.0324707e+01
   3.6674860e+06   2.1423340e+01
   3.6699010e+06   2.1423340e+01
   3.6704130e+06   2.1667480e+01
   3.6718790e+06   2.3925781e+01
   3.6752910e+06   2.0629883e+01
   3.6765610e+06   2.1789551e+01
   3.6771330e+06   2.3864746e+01
   3.6785930e+06   2.3437500e+01
   3.6809130e+06   2.0385742e+01
   3.6833720e+06   2.0446777e+01
   3.6838410e+06   2.2521973e+01
   3.6846830e+06   2.0996094e+01
   3.6857570e+06   2.2094727e+01
   3.6882660e+06   2.0874023e+01
   3.6887890e+06   2.1179199e+01
   3.6894530e+06   2.1484375e+01
   3.6903910e+06   2.0507812e+01
   3.6909480e+06   2.0324707e+01
   3.6992920e+06   2.0690918e+01
   3.6998270e+06   2.2155762e+01
   3.7003540e+06   2.4536133e+01
   3.7010010e+06   2.2827148e+01
   3.7062750e+06   2.2277832e+01
   3.7068450e+06   2.3559570e+01
   3.7086090e+06   2.1057129e+01
   3.7138330e+06   2.3864746e+01
   3.7168310e+06   2.1057129e+01
   3.7173400e+06   2.2949219e+01
   3.7198970e+06   2.1423340e+01
   3.7225220e+06   2.3620605e+01
   3.7231160e+06   2.0812988e+01
   3.7265950e+06   2.0874023e+01
   3.7301490e+06   2.0568848e+01
   3.7314450e+06   2.3376465e+01
   3.7322280e+06   2.4108887e+01
   3.7328240e+06   2.0568848e+01
   3.7349840e+06   2.4414062e+01
   3.7373580e+06   2.2460938e+01
   3.7396860e+06   2.4047852e+01
   3.7409430e+06   2.1179199e+01
   3.7439980e+06   2.3620605e+01
   3.7446020e+06   2.1301270e+01
   3.7507740e+06   2.4353027e+01
   3.7539410e+06   2.1057129e+01
   3.7557160e+06   2.3010254e+01
   3.7574880e+06   2.0629883e+01
   3.7581240e+06   2.9113770e+01
   3.7608020e+06   2.1423340e+01
   3.7654740e+06   2.1606445e+01
   3.7666480e+06   2.5024414e+01
   3.7700980e+06   2.2583008e+01
   3.7723520e+06   2.6428223e+01
   3.7738650e+06   2.2827148e+01
   3.7758050e+06   2.0385742e+01
   3.7769790e+06   2.2399902e+01
   3.7814670e+06   2.3315430e+01
   3.7820320e+06   2.5817871e+01
   3.7848850e+06   2.2888184e+01
   3.7877960e+06   2.1118164e+01
   3.7886290e+06   2.2705078e+01
   3.7926960e+06   2.4536133e+01
   3.7950720e+06   2.2583008e+01
   3.7979260e+06   2.2155762e+01
   3.8001000e+06   2.0568848e+01
   3.8013350e+06   2.1545410e+01
   3.8041970e+06   2.0568848e+01
   3.8048350e+06   2.0507812e+01
   3.8081340e+06   2.4291992e+01
   3.8110610e+06   2.4963379e+01
   3.8146930e+06   2.0446777e+01
   3.8152830e+06   2.1545410e+01
   3.8158620e+06   2.1850586e+01
   3.8172910e+06   2.0446777e+01
   3.8215140e+06   2.1057129e+01
   3.8245580e+06   2.0751953e+01
   3.8259800e+06   2.0385742e+01
   3.8294180e+06   2.0629883e+01
   3.8300450e+06   2.7893066e+01
   3.8336420e+06   2.2827148e+01
   3.8343220e+06   2.1118164e+01
   3.8349830e+06   2.1667480e+01
   3.8367620e+06   2.1728516e+01
   3.8394720e+06   2.2033691e+01
   3.8457750e+06   2.2216797e+01
   3.8469330e+06   2.2644043e+01
   3.8500690e+06   2.3010254e+01
   3.8535350e+06   2.3315430e+01
   3.8551210e+06   2.1728516e+01
   3.8581500e+06   2.2216797e+01
   3.8587120e+06   2.3681641e+01
   3.8592860e+06   2.0568848e+01
   3.8605860e+06   2.2338867e+01
   3.8648640e+06   2.1667480e+01
   3.8654730e+06   2.1057129e+01
   3.8676440e+06   2.2521973e+01
   3.8682970e+06   2.2644043e+01
   3.8711980e+06   2.1850586e+01
   3.8717410e+06   2.1118164e+01
   3.8818470e+06   2.0568848e+01
   3.8824400e+06   2.0568848e+01
   3.8881720e+06   2.4108887e+01
   3.8943630e+06   2.5024414e+01
   3.8950350e+06   2.0935059e+01
   3.8956180e+06   2.0446777e+01
   3.9061760e+06   2.0568848e+01
   3.9108890e+06   2.0751953e+01
   3.9157110e+06   2.2216797e+01
   3.9181850e+06   2.3742676e+01
   3.9188740e+06   2.1545410e+01
   3.9194320e+06   2.4353027e+01
   3.9217330e+06   2.0690918e+01
   3.9301270e+06   2.4414062e+01
   3.9331770e+06   2.2827148e+01
   3.9362790e+06   2.1057129e+01
   3.9414900e+06   2.0690918e+01
   3.9431550e+06   2.5573730e+01
   3.9437770e+06   2.3254395e+01
   3.9473130e+06   2.0324707e+01
   3.9478080e+06   2.1606445e+01
   3.9485410e+06   2.1728516e+01
   3.9519200e+06   2.0324707e+01
   3.9555510e+06   2.0751953e+01
   3.9575340e+06   2.0874023e+01
   3.9591270e+06   2.2949219e+01
   3.9625760e+06   2.0690918e+01
   3.9632140e+06   2.4108887e+01
   3.9691000e+06   2.1423340e+01
   3.9696390e+06   2.1545410e+01
   3.9701440e+06   2.0690918e+01
   3.9723250e+06   2.3376465e+01
   3.9755150e+06   2.3803711e+01
   3.9796520e+06   2.2460938e+01
   3.9834030e+06   2.2583008e+01
   3.9839680e+06   2.2888184e+01
   3.9856000e+06   2.1545410e+01
   3.9894440e+06   2.4230957e+01
   3.9939870e+06   2.1789551e+01
   3.9980310e+06   2.1545410e+01
   4.0034440e+06   2.0996094e+01
   4.0068460e+06   2.6123047e+01
   4.0136980e+06   2.1484375e+01
   4.0144810e+06   2.1484375e+01
   4.0161250e+06   2.1362305e+01
   4.0169180e+06   2.1606445e+01
   4.0193660e+06   2.0385742e+01
   4.0223150e+06   2.1850586e+01
   4.0255250e+06   2.1423340e+01
   4.0270780e+06   2.2399902e+01
   4.0344560e+06   2.1057129e+01
   4.0352290e+06   2.1850586e+01
   4.0375840e+06   2.3132324e+01
   4.0382970e+06   2.0996094e+01
   4.0409840e+06   2.1911621e+01
   4.0417160e+06   2.1423340e+01
   4.0467130e+06   2.5085449e+01
   4.0475390e+06   2.1972656e+01
   4.0497410e+06   2.1179199e+01
   4.0535820e+06   2.3437500e+01
   4.0543300e+06   2.0324707e+01
   4.0575280e+06   2.0935059e+01
   4.0600100e+06   2.2155762e+01
   4.0640960e+06   2.2399902e+01
   4.0671960e+06   2.1118164e+01
   4.0723180e+06   2.4536133e+01
   4.0755880e+06   2.1301270e+01
   4.0793930e+06   2.2949219e+01
   4.0828490e+06   2.0935059e+01
   4.0854970e+06   2.0812988e+01
   4.0868900e+06   2.4047852e+01
   4.0973110e+06   2.3620605e+01
   4.1019180e+06   2.1362305e+01
   4.1025460e+06   2.0996094e+01
   4.1060840e+06   2.3925781e+01
   4.1068000e+06   2.3742676e+01
   4.1082400e+06   2.1545410e+01
   4.1139770e+06   2.1911621e+01
   4.1164170e+06   2.5268555e+01
   4.1198040e+06   2.3071289e+01
   4.1222070e+06   2.1240234e+01
   4.1228260e+06   2.1728516e+01
   4.1248440e+06   2.0874023e+01
   4.1263440e+06   2.1423340e+01
   4.1301650e+06   2.4963379e+01
   4.1308400e+06   2.0385742e+01
   4.1338330e+06   2.0874023e+01
   4.1378820e+06   2.1484375e+01
   4.1385510e+06   2.0446777e+01
   4.1436540e+06   2.6916504e+01
   4.1442980e+06   2.1362305e+01
   4.1461740e+06   2.0996094e+01
   4.1477130e+06   2.2521973e+01
   4.1483990e+06   2.9907227e+01
   4.1527720e+06   2.1850586e+01
   4.1556730e+06   2.1484375e+01
   4.1562910e+06   2.1850586e+01
   4.1584120e+06   2.3315430e+01
   4.1667510e+06   2.5878906e+01
   4.1724950e+06   2.2460938e+01
   4.1767780e+06   2.0324707e+01
   4.1773060e+06   2.1057129e+01
   4.1806610e+06   2.0874023e+01
   4.1822590e+06   2.5939941e+01
   4.1848890e+06   2.2644043e+01
   4.1855420e+06   2.2094727e+01
   4.1958060e+06   2.3315430e+01
   4.1995780e+06   2.1240234e+01
   4.2036630e+06   2.0874023e+01
   4.2075800e+06   2.0568848e+01
   4.2106650e+06   2.5695801e+01
   4.2133630e+06   2.1362305e+01
   4.2140790e+06   2.0996094e+01
   4.2166980e+06   2.3132324e+01
   4.2173400e+06   2.0629883e+01
   4.2201610e+06   2.0446777e+01
   4.2241870e+06   2.1484375e+01
   4.2247370e+06   2.1972656e+01
   4.2252900e+06   2.0996094e+01
   4.2333690e+06   2.6367188e+01
   4.2339910e+06   2.6916504e+01
   4.2396510e+06   2.1301270e+01
   4.2473940e+06   2.0568848e+01
   4.2550860e+06   2.2644043e+01
   4.2618960e+06   2.1667480e+01
   4.2641230e+06   2.3559570e+01
   4.2647160e+06   2.0996094e+01
   4.2700190e+06   2.0874023e+01
   4.2723550e+06   2.3681641e+01
   4.2754630e+06   2.4780273e+01
   4.2800850e+06   2.0629883e+01
   4.2808450e+06   2.1789551e+01
   4.2849230e+06   2.1972656e+01
   4.2925510e+06   2.3071289e+01
   4.2941270e+06   2.2827148e+01
   4.3011320e+06   2.4475098e+01
   4.3026460e+06   2.1667480e+01
   4.3045060e+06   2.2094727e+01
   4.3049160e+06   2.2521973e+01
   4.3084900e+06   2.2583008e+01
   4.3121390e+06   2.2033691e+01
   4.3196180e+06   2.2644043e+01
   4.3218750e+06   2.2033691e+01
   4.3225910e+06   2.2033691e+01
   4.3290880e+06   2.0996094e+01
   4.3330020e+06   2.1606445e+01
   4.3351980e+06   2.0324707e+01
   4.3405960e+06   2.1789551e+01
   4.3439870e+06   2.0874023e+01
   4.3447180e+06   2.6855469e+01
   4.3481330e+06   2.1118164e+01
   4.3483230e+06   2.2705078e+01
   4.3485310e+06   2.3437500e+01
   4.3485730e+06   2.4291992e+01
   4.3486520e+06   2.0751953e+01
   4.3487260e+06   2.1606445e+01
   4.3487840e+06   2.1362305e+01
   4.3488180e+06   2.3925781e+01
   4.3489040e+06   2.3193359e+01
   4.3489400e+06   2.1484375e+01
   4.3605870e+06   2.0690918e+01
   4.3614810e+06   2.0812988e+01
   4.3768380e+06   2.3437500e+01
   4.3818330e+06   2.0629883e+01
   4.3824560e+06   2.4047852e+01
   4.3869720e+06   2.1057129e+01
   4.3877180e+06   2.2521973e+01
   4.3913780e+06   2.0751953e+01
   4.3968000e+06   2.2644043e+01
   4.4039720e+06   2.2827148e+01
   4.4052460e+06   2.0996094e+01
   4.4101970e+06   2.2827148e+01
   4.4127910e+06   2.0996094e+01
   4.4151260e+06   2.4780273e+01
   4.4239110e+06   2.0446777e+01
   4.4246800e+06   2.0751953e+01
   4.4286010e+06   2.3742676e+01
   4.4330250e+06   2.1789551e+01
   4.4381040e+06   2.0385742e+01
   4.4418530e+06   2.0874023e+01
   4.4561730e+06   2.1362305e+01
   4.4568220e+06   2.1789551e+01
   4.4609470e+06   2.0385742e+01
   4.4641010e+06   2.5695801e+01
   4.4647970e+06   2.2094727e+01
   4.4671030e+06   2.8137207e+01
   4.4735500e+06   2.1118164e+01
   4.4828240e+06   2.0446777e+01
   4.4848900e+06   2.1728516e+01
   4.4897300e+06   2.0996094e+01
   4.4994880e+06   2.2521973e+01
   4.5006280e+06   2.0629883e+01
   4.5017340e+06   2.4169922e+01
   4.5067220e+06   2.2705078e+01
   4.5111530e+06   2.6184082e+01
   4.5162510e+06   2.4902344e+01
   4.5249910e+06   2.3681641e+01
   4.5320230e+06   2.1057129e+01
   4.5360480e+06   2.1057129e+01
   4.5396810e+06   2.4047852e+01
   4.5402740e+06   2.3071289e+01
   4.5444230e+06   2.3071289e+01
   4.5517400e+06   2.4963379e+01
   4.5557080e+06   2.0935059e+01
   4.5639550e+06   2.0568848e+01
   4.5673060e+06   2.1911621e+01
   4.5696900e+06   2.5329590e+01
   4.5744450e+06   2.4047852e+01
   4.5798510e+06   2.4169922e+01
   4.5824330e+06   2.1545410e+01
   4.5858960e+06   2.0385742e+01
   4.5923030e+06   2.6550293e+01
   4.6003740e+06   2.4353027e+01
   4.6012300e+06   2.0629883e+01
   4.6054170e+06   2.0935059e+01
   4.6071800e+06   2.4169922e+01
   4.6121910e+06   2.4291992e+01
   4.6150740e+06   2.0690918e+01
   4.6176530e+06   2.0874023e+01
   4.6361230e+06   2.0446777e+01
   4.6404780e+06   2.0385742e+01
   4.6481350e+06   2.2033691e+01
   4.6627200e+06   2.0935059e+01
   4.6633920e+06   2.2705078e+01
   4.6703830e+06   2.2033691e+01
   4.6764470e+06   2.6550293e+01
   4.6812820e+06   2.3498535e+01
   4.6877130e+06   2.3437500e+01
   4.6882950e+06   2.1057129e+01
   4.6935230e+06   2.3193359e+01
   4.6993290e+06   2.2644043e+01
   4.6999540e+06   2.1606445e+01
   4.7107230e+06   2.0690918e+01
   4.7126610e+06   2.4291992e+01
   4.7151020e+06   2.3010254e+01
   4.7204730e+06   2.0812988e+01
   4.7303860e+06   2.1179199e+01
   4.7370750e+06   2.0874023e+01
   4.7391940e+06   2.9785156e+01
   4.7397960e+06   2.4353027e+01
   4.7398600e+06   2.4536133e+01
   4.7404240e+06   2.1972656e+01
   4.7404750e+06   2.7709961e+01
   4.7405220e+06   2.0874023e+01
   4.7405700e+06   2.0629883e+01
   4.7405860e+06   2.0629883e+01
   4.7406330e+06   2.2155762e+01
   4.7406480e+06   2.2888184e+01
   4.7407260e+06   2.1423340e+01
   4.7408570e+06   2.4230957e+01
   4.7667580e+06   2.0874023e+01
   4.7716670e+06   2.2033691e+01
   4.7795370e+06   2.4047852e+01
   4.7874920e+06   2.0629883e+01
   4.7880810e+06   2.1667480e+01
   4.7940400e+06   2.1789551e+01
   4.8086180e+06   2.3925781e+01
   4.8092050e+06   2.0751953e+01
   4.8147130e+06   2.3620605e+01
   4.8183790e+06   2.0507812e+01
   4.8304470e+06   2.2399902e+01
   4.8332310e+06   2.0935059e+01
   4.8396920e+06   2.0874023e+01
   4.8403600e+06   2.1484375e+01
   4.8496850e+06   2.1057129e+01
   4.8527430e+06   2.0446777e+01
   4.8534560e+06   2.1789551e+01
   4.8568560e+06   2.1301270e+01
   4.8604320e+06   2.0996094e+01
   4.8769560e+06   2.1728516e+01
   4.8804080e+06   2.1301270e+01
   4.8811550e+06   2.5573730e+01
   4.8855110e+06   2.3315430e+01
   4.8903250e+06   2.4658203e+01
   4.8938540e+06   2.0324707e+01
   4.8978340e+06   2.4353027e+01
   4.9012260e+06   2.1362305e+01
   4.9030620e+06   2.1545410e+01
   4.9111660e+06   2.4475098e+01
   4.9137290e+06   2.0935059e+01
   4.9160870e+06   2.1484375e+01
   4.9224130e+06   2.2399902e+01
   4.9319990e+06   2.0690918e+01
   4.9341230e+06   2.1545410e+01
   4.9376140e+06   2.1606445e+01
   4.9405120e+06   2.3193359e+01
   4.9412150e+06   2.5268555e+01
   4.9467990e+06   2.1484375e+01
   4.9495600e+06   2.4963379e+01
   4.9569240e+06   2.1911621e+01
   4.9597390e+06   2.1362305e+01
   4.9637830e+06   2.4475098e+01
   4.9670370e+06   2.1911621e+01
   4.9771150e+06   2.4230957e+01
   4.9815540e+06   2.0874023e+01
   4.9838960e+06   2.0690918e+01
   4.9883830e+06   2.0690918e+01
   4.9890150e+06   2.0629883e+01
   4.9913210e+06   2.5939941e+01
   4.9951200e+06   2.2644043e+01
   4.9970770e+06   2.2705078e+01
   5.0030010e+06   2.3986816e+01
   5.0051890e+06   2.3071289e+01
   5.0145160e+06   2.0568848e+01
   5.0219410e+06   2.6306152e+01
   5.0294720e+06   2.4414062e+01
   5.0316780e+06   2.2033691e+01
   5.0353440e+06   2.2766113e+01
   5.0424730e+06   2.0996094e+01
   5.0464950e+06   2.6245117e+01
   5.0520880e+06   2.1972656e+01
   5.0526910e+06   2.0446777e+01
   5.0576000e+06   2.2338867e+01
   5.0624620e+06   2.0446777e+01
   5.0708130e+06   2.2521973e+01
   5.0737320e+06   2.3193359e+01
   5.0769020e+06   2.2094727e+01
   5.0799180e+06   2.0874023e+01
   5.0882040e+06   2.1423340e+01
   5.0914470e+06   2.2338867e+01
   5.1010750e+06   2.0812988e+01
   5.1016720e+06   2.4047852e+01
   5.1207410e+06   2.0629883e+01
   5.1213320e+06   2.2155762e+01
   5.1240850e+06   2.3559570e+01
   5.1283360e+06   2.0324707e+01
   5.1321880e+06   2.2277832e+01
   5.1328140e+06   2.0812988e+01
   5.1376710e+06   2.2399902e+01
   5.1424100e+06   2.0935059e+01
   5.1431880e+06   2.1606445e+01
   5.1464560e+06   2.0507812e+01
   5.1517110e+06   2.4536133e+01
   5.1543690e+06   2.4841309e+01
   5.1563880e+06   2.1057129e+01
   5.1641700e+06   2.1789551e+01
   5.1683060e+06   2.0629883e+01
   5.1738970e+06   2.0812988e+01
   5.1745990e+06   2.0324707e+01
   5.1752500e+06   2.1606445e+01
   5.1837340e+06   2.0935059e+01
   5.1898120e+06   2.2155762e+01
   5.1971560e+06   2.0690918e+01
   5.2020130e+06   2.1423340e+01
   5.2069440e+06   2.3742676e+01
   5.2075850e+06   2.1789551e+01
   5.2101280e+06   2.3132324e+01
   5.2101870e+06   2.1362305e+01
   5.2102410e+06   2.3132324e+01
   5.2102590e+06   2.1118164e+01
   5.2102900e+06   2.0751953e+01
   5.2103160e+06   3.1066895e+01
   5.2103270e+06   2.1301270e+01
   5.2103620e+06   2.4108887e+01
   5.2104180e+06   2.3254395e+01
   5.2104430e+06   2.5573730e+01
   5.2104850e+06   2.5451660e+01
   5.2105210e+06   2.1118164e+01
   5.2106110e+06   2.5390625e+01
   5.2244310e+06   2.0324707e+01
   5.2279360e+06   3.0944824e+01
   5.2279470e+06   2.2583008e+01
   5.2279700e+06   2.4230957e+01
   5.2280030e+06   2.1911621e+01
   5.2280260e+06   2.3498535e+01
   5.2280430e+06   2.4414062e+01
   5.2280770e+06   2.8625488e+01
   5.2281260e+06   2.1728516e+01
   5.2282000e+06   2.0446777e+01
   5.2283130e+06   2.2155762e+01
   5.2283770e+06   2.0996094e+01
   5.2284100e+06   2.2705078e+01
   5.2452110e+06   2.1240234e+01
   5.2459140e+06   2.0629883e+01
   5.2521320e+06   2.0507812e+01
   5.2539790e+06   2.3803711e+01
   5.2546500e+06   2.0568848e+01
   5.2615310e+06   2.2766113e+01
   5.2624000e+06   2.2888184e+01
   5.2638710e+06   2.2094727e+01
   5.2655930e+06   2.3681641e+01
   5.2703440e+06   2.1911621e+01
   5.2726660e+06   2.0812988e+01
   5.2731750e+06   2.0507812e+01
   5.2738870e+06   2.1545410e+01
   5.2751110e+06   2.0385742e+01
   5.2756820e+06   2.1972656e+01
   5.2766530e+06   2.0935059e+01
   5.2779950e+06   2.0751953e+01
   5.2785690e+06   2.1789551e+01
   5.2802220e+06   2.4291992e+01
   5.2827100e+06   2.1667480e+01
   5.2834300e+06   2.0324707e+01
   5.2857350e+06   2.8259277e+01
   5.2864260e+06   2.4414062e+01
   5.2890420e+06   2.0507812e+01
   5.2964580e+06   2.0568848e+01
   5.2970440e+06   2.1179199e+01
   5.2990720e+06   2.3498535e+01
   5.2998610e+06   2.4475098e+01
   5.3022500e+06   2.1728516e+01
   5.3028010e+06   2.1362305e+01
   5.3040370e+06   2.6977539e+01
   5.3062550e+06   2.2766113e+01
   5.3069670e+06   2.0324707e+01
   5.3085410e+06   2.1911621e+01
   5.3094880e+06   2.1301270e+01
   5.3117750e+06   2.1179199e+01
   5.3177930e+06   2.1362305e+01
   5.3194600e+06   2.1728516e+01
   5.3258760e+06   2.1057129e+01
   5.3282830e+06   2.0812988e+01
   5.3312010e+06   2.4047852e+01
   5.3330350e+06   2.0751953e+01
   5.3336860e+06   2.1423340e+01
   5.3367560e+06   2.1789551e+01
   5.3411060e+06   2.6184082e+01
   5.3417300e+06   2.2094727e+01
   5.3423110e+06   2.2338867e+01
   5.3428660e+06   2.3986816e+01
   5.3450170e+06   2.0935059e+01
   5.3507850e+06   2.4108887e+01
   5.3513350e+06   2.6123047e+01
   5.3519080e+06   2.3254395e+01
   5.3532030e+06   2.1850586e+01
   5.3548480e+06   2.3376465e+01
   5.3564230e+06   2.1850586e+01
   5.3611340e+06   2.0324707e+01
   5.3623600e+06   2.0935059e+01
   5.3680460e+06   2.5756836e+01
   5.3685970e+06   2.0812988e+01
   5.3699720e+06   2.0385742e+01
   5.3726720e+06   2.3925781e+01
   5.3777510e+06   2.0568848e+01
   5.3797160e+06   2.0385742e+01
   5.3816660e+06   2.0751953e+01
   5.3854630e+06   2.0507812e+01
   5.3879700e+06   2.5146484e+01
   5.3886030e+06   2.0324707e+01
   5.3921810e+06   2.2705078e+01
   5.3928020e+06   2.4291992e+01
   5.3953430e+06   2.4719238e+01
   5.4008670e+06   2.1362305e+01
   5.4020270e+06   2.1118164e+01
   5.4045290e+06   2.2216797e+01
   5.4046010e+06   2.2827148e+01
   5.4046630e+06   2.2216797e+01
   5.4046940e+06   2.0385742e+01
   5.4047200e+06   2.2399902e+01
   5.4047880e+06   2.2033691e+01
   5.4050710e+06   2.5573730e+01
   5.4051400e+06   2.3193359e+01
   5.4053160e+06   2.0385742e+01
   5.4145550e+06   2.5085449e+01
   5.4190490e+06   2.0385742e+01
   5.4197070e+06   2.0751953e+01
   5.4242520e+06   2.2033691e+01
   5.4248440e+06   2.3010254e+01
   5.4294550e+06   2.1484375e+01
   5.4381070e+06   2.4658203e+01
   5.4450680e+06   2.0324707e+01
   5.4497760e+06   2.2277832e+01
   5.4524080e+06   2.3315430e+01
   5.4571210e+06   2.0751953e+01
   5.4623400e+06   2.3986816e+01
   5.4667650e+06   2.4414062e+01
   5.4753590e+06   2.1911621e+01
   5.4805640e+06   2.0324707e+01
   5.4824080e+06   2.3193359e+01
   5.4857060e+06   2.2460938e+01
   5.4872480e+06   2.1240234e+01
   5.4907070e+06   2.0751953e+01
   5.4933330e+06   2.0751953e+01
   5.4960910e+06   2.0324707e+01
   5.5024890e+06   2.1911621e+01
   5.5051120e+06   2.7832031e+01
   5.5082990e+06   2.2033691e+01
   5.5126230e+06   2.0812988e+01
   5.5191000e+06   2.4414062e+01
   5.5209290e+06   2.1789551e+01
   5.5214850e+06   2.3315430e+01
   5.5272960e+06   2.3803711e+01
   5.5279910e+06   2.1362305e+01
   5.5296920e+06   2.2399902e+01
   5.5328190e+06   2.4841309e+01
   5.5355130e+06   2.1545410e+01
   5.5435880e+06   2.1850586e+01
   5.5523450e+06   2.4353027e+01
   5.5603000e+06   2.7282715e+01
   5.5667340e+06   2.2094727e+01
   5.5694560e+06   2.5268555e+01
   5.5701580e+06   2.4963379e+01
   5.5812980e+06   2.0385742e+01
   5.5827680e+06   2.1057129e+01
   5.5893100e+06   2.2827148e+01
   5.5934430e+06   2.0690918e+01
   5.5996460e+06   2.4169922e+01
   5.6002450e+06   2.2583008e+01
   5.6044320e+06   2.3376465e+01
   5.6084670e+06   2.1911621e+01
   5.6090110e+06   2.0935059e+01
   5.6110910e+06   2.3071289e+01
   5.6169370e+06   2.1240234e+01
   5.6202990e+06   2.4108887e+01
   5.6263680e+06   2.6733398e+01
   5.6304430e+06   2.2766113e+01
   5.6318190e+06   2.3925781e+01
   5.6355290e+06   2.4658203e+01
   5.6394650e+06   2.1789551e+01
   5.6454810e+06   2.3376465e+01
   5.6461840e+06   2.2155762e+01
   5.6506300e+06   2.0751953e+01
   5.6560580e+06   2.1606445e+01
   5.6615620e+06   2.0446777e+01
   5.6622900e+06   2.2766113e+01
   5.6689800e+06   2.1911621e+01
   5.6717540e+06   2.1179199e+01
   5.6739140e+06   2.1301270e+01
   5.6801630e+06   2.2155762e+01
   5.6846100e+06   2.2033691e+01
   5.6909310e+06   2.9113770e+01
   5.6945280e+06   2.1728516e+01
   5.6974100e+06   2.0568848e+01
   5.7046100e+06   2.4719238e+01
   5.7063820e+06   2.1179199e+01
   5.7078070e+06   2.0507812e+01
   5.7152230e+06   2.0568848e+01
   5.7182980e+06   2.0690918e+01
   5.7225000e+06   2.2583008e+01
   5.7332610e+06   2.0874023e+01
   5.7493050e+06   2.5146484e+01
   5.7499810e+06   2.1911621e+01
   5.7536660e+06   2.2460937e+01
   5.7594530e+06   2.2888184e+01
   5.7660800e+06   2.1301270e+01
   5.7667200e+06   2.3559570e+01
   5.7701230e+06   2.3620605e+01
   5.7740010e+06   2.6977539e+01
   5.7809780e+06   2.4658203e+01
   5.7903740e+06   2.4475098e+01
   5.7970730e+06   2.0874023e+01
   5.7976770e+06   2.0568848e+01
   5.8061230e+06   2.3010254e+01
   5.8158940e+06   2.2644043e+01
   5.8197860e+06   2.2583008e+01
   5.8215540e+06   2.2155762e+01
   5.8285990e+06   2.2949219e+01
   5.8294010e+06   2.1240234e+01
   5.8330290e+06   2.0874023e+01
   5.8371390e+06   2.2094727e+01
   5.8377990e+06   2.1545410e+01
   5.8437090e+06   2.1606445e+01
   5.8480920e+06   2.1911621e+01
   5.8535520e+06   2.2583008e+01
   5.8575290e+06   2.0385742e+01
   5.8629720e+06   2.5268555e+01
   5.8658820e+06   2.9724121e+01
   5.8660740e+06   2.4475098e+01
   5.8758930e+06   2.0446777e+01
   5.8776150e+06   2.1362305e+01
   5.8841440e+06   2.3132324e+01
   5.8917000e+06   2.1423340e+01
   5.8940180e+06   2.0812988e+01
   5.8964520e+06   2.7709961e+01
   5.8970090e+06   2.0874023e+01
   5.9031270e+06   2.2155762e+01
   5.9076790e+06   2.4536133e+01
   5.9080950e+06   2.1118164e+01
   5.9082240e+06   2.5268555e+01
   5.9082640e+06   2.3864746e+01
   5.9082800e+06   2.0874023e+01
   5.9083150e+06   2.3132324e+01
   5.9083330e+06   2.5390625e+01
   5.9083650e+06   3.5095215e+01
   5.9084260e+06   2.4353027e+01
   5.9084930e+06   2.4353027e+01
   5.9260570e+06   2.4047852e+01
   5.9267370e+06   2.0324707e+01
   5.9271810e+06   2.3315430e+01
   5.9272320e+06   2.2583008e+01
   5.9272950e+06   2.1301270e+01
   5.9273120e+06   2.9968262e+01
   5.9273260e+06   2.4291992e+01
   5.9273610e+06   2.7770996e+01
   5.9273900e+06   2.1423340e+01
   5.9274460e+06   2.4353027e+01
   5.9275250e+06   2.2644043e+01
   5.9277450e+06   2.0629883e+01
   5.9277990e+06   2.0324707e+01
   5.9448620e+06   2.2460937e+01
   5.9455040e+06   2.0446777e+01
   5.9514920e+06   2.1728516e+01
   5.9541030e+06   2.2277832e+01
   5.9594720e+06   2.1972656e+01
   5.9640950e+06   2.0385742e+01
   5.9646840e+06   2.3498535e+01
   5.9654280e+06   2.0996094e+01
   5.9673760e+06   2.0935059e+01
   5.9680140e+06   2.0324707e+01
   5.9706130e+06   2.2094727e+01
   5.9728870e+06   2.4353027e+01
   5.9734420e+06   2.1118164e+01
   5.9748560e+06   2.2094727e+01
   5.9755070e+06   2.4963379e+01
   5.9761010e+06   2.0324707e+01
   5.9766100e+06   2.1240234e+01
   5.9780830e+06   2.3620605e+01
   5.9795410e+06   2.1972656e+01
   5.9835350e+06   2.5268555e+01
   5.9841170e+06   2.6611328e+01
   5.9858180e+06   2.4047852e+01
   5.9864800e+06   2.4780273e+01
   5.9871180e+06   2.0874023e+01
   5.9899100e+06   2.3498535e+01
   5.9916600e+06   2.0324707e+01
   5.9927500e+06   2.3315430e+01
   5.9962700e+06   2.5512695e+01
   5.9976490e+06   2.2033691e+01
   5.9982380e+06   2.3315430e+01
   5.9999610e+06   2.2399902e+01
