   6.0000000e+06   0.0000000e+00
   1.5414200e+05   5.6091309e+01
   1.5417300e+05   3.2531738e+01
   1.5423800e+05   2.8076172e+01
   1.5427400e+05   3.3020020e+01
   1.5439200e+05   4.2053223e+01
   1.5445800e+05   4.7119141e+01
   1.7274300e+05   6.1218262e+01
   1.7276300e+05   3.5644531e+01
   1.7277600e+05   3.5400391e+01
   1.7283700e+05   2.7648926e+01
   1.7373300e+05   2.6062012e+01
   1.7390600e+05   2.5634766e+01
   1.7431800e+05   4.3212891e+01
   4.2555200e+05   4.4555664e+01
   4.2562600e+05   2.7343750e+01
   4.2566900e+05   2.7954102e+01
   4.2577100e+05   3.6804199e+01
   6.3070100e+05   4.6569824e+01
   6.3074600e+05   2.7038574e+01
   6.3086800e+05   2.5756836e+01
   1.0119210e+06   5.5297852e+01
   1.0119890e+06   2.6428223e+01
   1.1063770e+06   2.6306152e+01
   1.4286530e+06   5.7495117e+01
   1.4286730e+06   2.8076172e+01
   1.4286930e+06   3.7048340e+01
   1.4287920e+06   4.9743652e+01
   2.0151320e+06   4.5654297e+01
   2.0151500e+06   2.9357910e+01
   2.0152080e+06   5.3344727e+01
   2.4822490e+06   4.5349121e+01
   2.4822840e+06   3.3203125e+01
   2.4823260e+06   3.6193848e+01
   2.4824010e+06   3.7536621e+01
   2.8945600e+06   5.1208496e+01
   2.8945780e+06   3.0212402e+01
   2.8945930e+06   3.6315918e+01
   2.8946280e+06   3.1555176e+01
   2.8946850e+06   3.8635254e+01
   3.0791290e+06   4.1320801e+01
   3.0791560e+06   2.6855469e+01
   3.0793340e+06   2.9785156e+01
   3.1070090e+06   6.2255859e+01
   3.1070410e+06   2.8076172e+01
   3.1070920e+06   2.6672363e+01
   3.1071600e+06   2.7893066e+01
   3.1082930e+06   2.7648926e+01
   3.1084160e+06   2.9663086e+01
   3.1089910e+06   3.6315918e+01
   3.1840870e+06   5.4809570e+01
   3.1841270e+06   3.6315918e+01
   3.1841590e+06   3.2470703e+01
   3.1846920e+06   2.5329590e+01
   3.1848730e+06   3.1311035e+01
   3.2343500e+06   5.5297852e+01
   3.2343620e+06   2.7282715e+01
   3.2343960e+06   3.6376953e+01
   3.2344250e+06   2.6245117e+01
   3.2344400e+06   3.3020020e+01
   3.2344890e+06   2.8625488e+01
   3.2345950e+06   2.9479980e+01
   3.2347950e+06   2.6367188e+01
   3.2849120e+06   4.5410156e+01
   3.2849500e+06   3.5034180e+01
   3.2849910e+06   4.5166016e+01
   3.2850300e+06   3.1982422e+01
   3.2851260e+06   2.6916504e+01
   3.3295730e+06   5.8654785e+01
   3.3295900e+06   2.5390625e+01
   3.3296100e+06   4.1320801e+01
   3.3296790e+06   2.7465820e+01
   3.3297560e+06   2.5146484e+01
   3.3593840e+06   4.8583984e+01
   3.3593940e+06   2.5329590e+01
   3.3594280e+06   3.2775879e+01
   3.3594440e+06   2.5634766e+01
   3.3594710e+06   3.1799316e+01
   3.3595240e+06   2.7893066e+01
   3.3600190e+06   3.5461426e+01
   3.3748940e+06   4.2541504e+01
   3.3749150e+06   3.1494141e+01
   3.3749360e+06   2.6855469e+01
   3.3749790e+06   2.8747559e+01
   3.3750140e+06   2.6367188e+01
   3.3753230e+06   2.5878906e+01
   3.4167030e+06   4.3029785e+01
   3.4167210e+06   2.7526855e+01
   3.4167400e+06   2.8808594e+01
   3.4172620e+06   3.0456543e+01
   3.4533810e+06   4.9804688e+01
   3.4534230e+06   4.0466309e+01
   3.4534590e+06   2.8503418e+01
   3.4952110e+06   5.2612305e+01
   3.4952440e+06   3.8208008e+01
   3.4952620e+06   3.8391113e+01
   3.4953050e+06   2.6855469e+01
   3.4953540e+06   2.9296875e+01
   3.5181730e+06   4.8034668e+01
   3.5182050e+06   2.6489258e+01
   3.5182290e+06   4.1748047e+01
   3.5182840e+06   2.9602051e+01
   3.5183720e+06   3.5156250e+01
   3.5571800e+06   5.1513672e+01
   3.5572480e+06   3.9428711e+01
   3.5573810e+06   5.3588867e+01
   3.8196040e+06   2.6184082e+01
   4.7405830e+06   5.4199219e+01
   5.2102790e+06   5.9997559e+01
   5.2102950e+06   3.5034180e+01
   5.2103170e+06   3.7414551e+01
   5.2103700e+06   3.8391113e+01
   5.2104380e+06   3.7963867e+01
   5.2104940e+06   3.7658691e+01
   5.2280220e+06   4.5043945e+01
   5.2280550e+06   4.1687012e+01
   5.2281410e+06   2.9663086e+01
   5.2289040e+06   3.2226562e+01
   5.2290060e+06   2.7709961e+01
   5.2291320e+06   2.7770996e+01
   5.2292670e+06   2.6489258e+01
   5.8277170e+06   2.5329590e+01
   5.9082800e+06   5.7678223e+01
   5.9083070e+06   4.2663574e+01
   5.9083400e+06   2.8015137e+01
   5.9272720e+06   4.8767090e+01
   5.9273310e+06   2.6367188e+01
   5.9283850e+06   2.5390625e+01
   5.9284890e+06   2.5451660e+01
   5.9286490e+06   2.6123047e+01
   5.9287940e+06   3.2897949e+01
