   6.0000000e+06   0.0000000e+00
   1.5415900e+05   2.6062012e+01
   1.5417900e+05   2.8076172e+01
   1.5420500e+05   2.8625488e+01
   1.5425200e+05   2.5390625e+01
   1.5431200e+05   2.1728516e+01
   1.5440500e+05   2.4108887e+01
   1.5444400e+05   2.2094727e+01
   1.5447100e+05   2.1545410e+01
   1.7269700e+05   2.0629883e+01
   1.7272400e+05   3.8146973e+01
   1.7273900e+05   2.1545410e+01
   1.7274900e+05   2.0751953e+01
   1.7278200e+05   3.8024902e+01
   1.7292100e+05   2.2338867e+01
   1.7329000e+05   2.0690918e+01
   1.7405100e+05   2.1484375e+01
   1.7765700e+05   2.0690918e+01
   4.1613200e+05   2.1484375e+01
   4.2547800e+05   2.1789551e+01
   4.2548800e+05   3.9184570e+01
   4.2550200e+05   2.5756836e+01
   4.2555400e+05   2.4353027e+01
   4.2560500e+05   2.5085449e+01
   4.2574500e+05   2.2888184e+01
   4.2585800e+05   2.5024414e+01
   6.3063800e+05   2.5329590e+01
   6.3066000e+05   2.7038574e+01
   6.3068700e+05   3.0944824e+01
   6.3071600e+05   2.2705078e+01
   6.3074500e+05   2.2583008e+01
   6.3077000e+05   2.9357910e+01
   6.3087700e+05   2.5512695e+01
   7.4655200e+05   2.0874023e+01
   9.7223000e+05   2.0629883e+01
   1.0118010e+06   2.7282715e+01
   1.0118640e+06   2.3376465e+01
   1.0118930e+06   2.9052734e+01
   1.1618590e+06   2.1362305e+01
   1.4285810e+06   2.3132324e+01
   1.4285920e+06   2.0812988e+01
   1.4286200e+06   2.0568848e+01
   1.4286360e+06   2.6672363e+01
   1.4286860e+06   2.8015137e+01
   1.4287070e+06   3.3508301e+01
   1.4287270e+06   2.3864746e+01
   1.4287570e+06   2.9235840e+01
   1.4288090e+06   2.1606445e+01
   1.4288840e+06   2.0996094e+01
   1.4289080e+06   2.0874023e+01
   1.6751880e+06   2.3986816e+01
   1.7794500e+06   2.3803711e+01
   2.0150020e+06   2.6062012e+01
   2.0150420e+06   2.3010254e+01
   2.0150520e+06   2.2949219e+01
   2.0150900e+06   2.1484375e+01
   2.0151050e+06   2.4658203e+01
   2.0151260e+06   2.2644043e+01
   2.4235600e+06   2.1606445e+01
   2.4821290e+06   2.1057129e+01
   2.4821660e+06   3.7109375e+01
   2.4821950e+06   2.2888184e+01
   2.4822130e+06   2.6367188e+01
   2.4822440e+06   2.3132324e+01
   2.4822790e+06   4.6569824e+01
   2.4822940e+06   3.2409668e+01
   2.4823170e+06   2.3498535e+01
   2.4823600e+06   2.4291992e+01
   2.4824590e+06   2.9602051e+01
   2.4825630e+06   2.3681641e+01
   2.4826040e+06   2.3010254e+01
   2.8944940e+06   2.7648926e+01
   2.8945140e+06   2.1118164e+01
   2.8945550e+06   2.5573730e+01
   2.8945840e+06   2.8686523e+01
   2.8946180e+06   2.2644043e+01
   2.8946650e+06   2.4047852e+01
   2.8946970e+06   2.3803711e+01
   2.8947300e+06   2.8564453e+01
   2.8948150e+06   2.1118164e+01
   2.8948370e+06   2.2094727e+01
   2.8949860e+06   2.0874023e+01
   3.0790430e+06   2.1911621e+01
   3.0790590e+06   2.6550293e+01
   3.0790820e+06   2.8320312e+01
   3.0791140e+06   3.2897949e+01
   3.0791270e+06   3.1921387e+01
   3.0791570e+06   2.3437500e+01
   3.1068980e+06   2.2583008e+01
   3.1069170e+06   2.9174805e+01
   3.1069300e+06   2.6367188e+01
   3.1069650e+06   4.0832520e+01
   3.1069930e+06   3.5644531e+01
   3.1070320e+06   4.1503906e+01
   3.1070430e+06   2.6611328e+01
   3.1071180e+06   2.5024414e+01
   3.1080750e+06   2.3864746e+01
   3.1081460e+06   2.0751953e+01
   3.1083590e+06   2.4719238e+01
   3.1839730e+06   2.2705078e+01
   3.1839910e+06   2.9357910e+01
   3.1840320e+06   2.7770996e+01
   3.1840440e+06   4.3579102e+01
   3.1841110e+06   2.3132324e+01
   3.1841320e+06   2.7099609e+01
   3.1841520e+06   3.2836914e+01
   3.2341330e+06   2.5390625e+01
   3.2341460e+06   2.1484375e+01
   3.2341990e+06   2.1545410e+01
   3.2342430e+06   2.4597168e+01
   3.2342830e+06   2.5024414e+01
   3.2343320e+06   3.5034180e+01
   3.2343470e+06   2.5939941e+01
   3.2343770e+06   2.1911621e+01
   3.2848320e+06   2.0812988e+01
   3.2848560e+06   2.1850586e+01
   3.2848810e+06   2.1118164e+01
   3.2848920e+06   2.8320312e+01
   3.2849270e+06   2.4230957e+01
   3.2849580e+06   2.3132324e+01
   3.2849950e+06   2.1850586e+01
   3.2850340e+06   2.3010254e+01
   3.2850570e+06   2.6916504e+01
   3.2851490e+06   2.1728516e+01
   3.2856860e+06   2.2399902e+01
   3.2859320e+06   2.1362305e+01
   3.3293070e+06   2.0996094e+01
   3.3293720e+06   2.1911621e+01
   3.3293970e+06   2.3071289e+01
   3.3294460e+06   2.1911621e+01
   3.3294710e+06   2.1057129e+01
   3.3294880e+06   2.6428223e+01
   3.3295050e+06   2.5390625e+01
   3.3295430e+06   2.6184082e+01
   3.3295550e+06   2.6672363e+01
   3.3295920e+06   3.3020020e+01
   3.3296210e+06   2.5939941e+01
   3.3296810e+06   2.3803711e+01
   3.3297150e+06   2.9418945e+01
   3.3302470e+06   2.5207520e+01
   3.3305510e+06   2.1423340e+01
   3.3592600e+06   2.1118164e+01
   3.3592800e+06   3.4240723e+01
   3.3593010e+06   2.4230957e+01
   3.3593370e+06   3.5339355e+01
   3.3593650e+06   2.1911621e+01
   3.3593880e+06   2.4841309e+01
   3.3594180e+06   2.2949219e+01
   3.3594310e+06   2.1911621e+01
   3.3594600e+06   2.1667480e+01
   3.3594730e+06   2.1545410e+01
   3.3595680e+06   2.5878906e+01
   3.3747060e+06   2.3193359e+01
   3.3747620e+06   3.9794922e+01
   3.3748190e+06   2.3864746e+01
   3.3748450e+06   2.2705078e+01
   3.3748680e+06   2.5268555e+01
   3.3748810e+06   2.3132324e+01
   3.3748990e+06   2.3742676e+01
   3.3749450e+06   2.8747559e+01
   3.3750420e+06   2.3315430e+01
   3.3750520e+06   2.3071289e+01
   3.3762640e+06   2.2399902e+01
   3.3904790e+06   2.2399902e+01
   3.4164370e+06   2.1972656e+01
   3.4165610e+06   2.2338867e+01
   3.4166010e+06   3.2775879e+01
   3.4166370e+06   2.8137207e+01
   3.4167020e+06   2.3010254e+01
   3.4167130e+06   2.3193359e+01
   3.4167600e+06   3.4362793e+01
   3.4167740e+06   2.5268555e+01
   3.4168130e+06   2.2766113e+01
   3.4168280e+06   2.2583008e+01
   3.4169070e+06   2.0751953e+01
   3.4169430e+06   2.1850586e+01
   3.4532600e+06   2.1057129e+01
   3.4532760e+06   2.5146484e+01
   3.4532970e+06   2.6245117e+01
   3.4533280e+06   2.8259277e+01
   3.4533490e+06   2.7709961e+01
   3.4533890e+06   2.2888184e+01
   3.4534310e+06   2.5573730e+01
   3.4534740e+06   2.1179199e+01
   3.4534940e+06   2.2277832e+01
   3.4535220e+06   2.3864746e+01
   3.4951010e+06   2.2460938e+01
   3.4951270e+06   2.1423340e+01
   3.4951600e+06   2.0751953e+01
   3.4951960e+06   2.1118164e+01
   3.4952410e+06   2.1972656e+01
   3.4952690e+06   3.8574219e+01
   3.4953070e+06   2.0935059e+01
   3.4953390e+06   2.1606445e+01
   3.4953790e+06   2.8015137e+01
   3.4954220e+06   2.1179199e+01
   3.4955060e+06   2.1118164e+01
   3.4958610e+06   2.1667480e+01
   3.4959390e+06   2.1423340e+01
   3.5178190e+06   2.1362305e+01
   3.5179030e+06   2.1423340e+01
   3.5180220e+06   2.1850586e+01
   3.5182650e+06   2.5817871e+01
   3.5183120e+06   2.4353027e+01
   3.5183290e+06   2.3254395e+01
   3.5571920e+06   2.4963379e+01
   3.5990960e+06   2.1179199e+01
   3.6543810e+06   2.0935059e+01
   4.3486780e+06   2.0996094e+01
   5.2102030e+06   2.0812988e+01
   5.2102280e+06   2.0996094e+01
   5.2102480e+06   2.6306152e+01
   5.2102650e+06   3.3935547e+01
   5.2103030e+06   3.3508301e+01
   5.2103270e+06   2.5207520e+01
   5.2103390e+06   2.8564453e+01
   5.2103620e+06   2.1423340e+01
   5.2105230e+06   2.3071289e+01
   5.2115460e+06   2.0751953e+01
   5.2278790e+06   2.0812988e+01
   5.2279030e+06   2.9663086e+01
   5.2279670e+06   2.2155762e+01
   5.2279870e+06   2.8625488e+01
   5.2280140e+06   2.0996094e+01
   5.2280430e+06   2.4169922e+01
   5.2280650e+06   2.6550293e+01
   5.2281330e+06   2.1606445e+01
   5.2281610e+06   2.1728516e+01
   5.2282800e+06   2.1911621e+01
   5.2284530e+06   2.1423340e+01
   5.2291520e+06   2.3437500e+01
   5.8665270e+06   2.1667480e+01
   5.9081800e+06   2.4291992e+01
   5.9082240e+06   2.3010254e+01
   5.9082410e+06   2.6672363e+01
   5.9082640e+06   2.8198242e+01
   5.9082780e+06   2.5695801e+01
   5.9083040e+06   2.4291992e+01
   5.9083780e+06   2.7770996e+01
   5.9084870e+06   2.3071289e+01
   5.9271260e+06   2.1911621e+01
   5.9271560e+06   2.2827148e+01
   5.9271710e+06   2.2216797e+01
   5.9271880e+06   2.7709961e+01
   5.9272030e+06   2.1850586e+01
   5.9272330e+06   2.0874023e+01
   5.9272930e+06   2.4169922e+01
   5.9273150e+06   3.2958984e+01
   5.9273460e+06   2.2155762e+01
   5.9273680e+06   2.1789551e+01
   5.9274840e+06   2.2338867e+01
   5.9275170e+06   2.2521973e+01
   5.9284260e+06   2.2521973e+01
