   6.0000000e+06   0.0000000e+00
   1.5419100e+05   2.3315430e+01
   1.5422000e+05   5.7495117e+01
   1.5426200e+05   3.0456543e+01
   1.5427200e+05   2.3803711e+01
   1.5430400e+05   2.9052734e+01
   1.7268100e+05   5.5908203e+01
   1.7274200e+05   2.3498535e+01
   1.7277500e+05   2.0019531e+01
   1.7279000e+05   3.1433105e+01
   1.7281200e+05   2.0751953e+01
   1.7286700e+05   2.1301270e+01
   1.7292300e+05   2.0446777e+01
   4.2552500e+05   7.1716309e+01
   4.2556600e+05   2.1423340e+01
   6.2998500e+05   5.3405762e+01
   6.3010600e+05   3.7109375e+01
   6.3021600e+05   3.9367676e+01
   6.3040100e+05   3.5888672e+01
   6.3050000e+05   2.1362305e+01
   6.3061000e+05   2.5939941e+01
   6.3070000e+05   2.0385742e+01
   6.3105100e+05   3.4912109e+01
   7.4666700e+05   2.0874023e+01
   9.0164400e+05   5.1208496e+01
   1.0117310e+06   7.2692871e+01
   1.0118080e+06   4.1015625e+01
   1.0119390e+06   2.0568848e+01
   1.4284990e+06   5.9448242e+01
   1.4285680e+06   2.8259277e+01
   1.4286340e+06   2.0019531e+01
   1.4287280e+06   2.2338867e+01
   1.6195680e+06   5.3833008e+01
   1.6751870e+06   4.6752930e+01
   1.6752680e+06   3.1555176e+01
   1.6754840e+06   3.2226562e+01
   1.6757660e+06   3.2470703e+01
   1.8409080e+06   6.3049316e+01
   1.8410680e+06   3.6743164e+01
   2.0149530e+06   5.3161621e+01
   2.0150190e+06   2.8808594e+01
   2.0151040e+06   2.0629883e+01
   2.0152440e+06   2.1301270e+01
   2.2330170e+06   5.1757813e+01
   2.2331520e+06   4.8950195e+01
   2.4671750e+06   5.7189941e+01
   2.4674630e+06   3.8696289e+01
   2.4820800e+06   4.5288086e+01
   2.4821640e+06   3.7353516e+01
   2.4823410e+06   2.0263672e+01
   2.7620420e+06   4.8034668e+01
   2.7621820e+06   4.1137695e+01
   2.7623780e+06   4.2724609e+01
   2.8543870e+06   5.0354004e+01
   2.8944500e+06   6.2866211e+01
   2.8945150e+06   2.9846191e+01
   2.8946360e+06   2.0812988e+01
   3.0570370e+06   2.0141602e+01
   3.0790550e+06   5.5725098e+01
   3.0791610e+06   2.2094727e+01
   3.1069240e+06   5.7556152e+01
   3.1069650e+06   2.2277832e+01
   3.1069850e+06   3.2958984e+01
   3.1070070e+06   2.3437500e+01
   3.1070510e+06   2.8625488e+01
   3.1070930e+06   2.0141602e+01
   3.1829300e+06   4.9316406e+01
   3.1831790e+06   4.2114258e+01
   3.1833480e+06   4.5532227e+01
   3.1835870e+06   2.3742676e+01
   3.2337340e+06   4.8156738e+01
   3.2338490e+06   5.0781250e+01
   3.2339520e+06   2.4414062e+01
   3.2340280e+06   2.3620605e+01
   3.2341830e+06   2.1911621e+01
   3.2342960e+06   2.0751953e+01
   3.2343790e+06   2.0690918e+01
   3.2343980e+06   2.2338867e+01
   3.2847480e+06   5.4748535e+01
   3.2848650e+06   4.4189453e+01
   3.2849340e+06   2.0507812e+01
   3.2850060e+06   2.0141602e+01
   3.3293690e+06   6.4636230e+01
   3.3294490e+06   3.1127930e+01
   3.3295430e+06   3.1066895e+01
   3.3296120e+06   2.1057129e+01
   3.3296240e+06   2.0751953e+01
   3.3296960e+06   2.1972656e+01
   3.3591380e+06   5.9814453e+01
   3.3592410e+06   3.2226562e+01
   3.3593420e+06   2.3254395e+01
   3.3746940e+06   4.9621582e+01
   3.3747630e+06   2.2460938e+01
   3.3748190e+06   3.7109375e+01
   3.3749240e+06   2.7587891e+01
   3.4165610e+06   6.5368652e+01
   3.4166390e+06   3.7902832e+01
   3.4166860e+06   2.0385742e+01
   3.4167090e+06   2.4902344e+01
   3.4167390e+06   2.0263672e+01
   3.4167650e+06   2.2033691e+01
   3.4531530e+06   4.6020508e+01
   3.4532100e+06   2.1606445e+01
   3.4532680e+06   4.3334961e+01
   3.4533600e+06   2.8137207e+01
   3.4534200e+06   2.2277832e+01
   3.4534660e+06   2.1789551e+01
   3.4949170e+06   5.7861328e+01
   3.4949360e+06   2.0935059e+01
   3.4950770e+06   4.6020508e+01
   3.5179910e+06   4.5410156e+01
   3.5181840e+06   3.9978027e+01
   3.5568990e+06   5.8349609e+01
   3.5570550e+06   4.4372559e+01
   3.5572540e+06   4.6630859e+01
   3.6311180e+06   2.0690918e+01
   4.3482460e+06   5.0231934e+01
   4.3483700e+06   3.4362793e+01
   4.3484790e+06   3.6804199e+01
   4.3489440e+06   2.7954102e+01
   4.3495060e+06   4.3090820e+01
   4.7397340e+06   6.1889648e+01
   4.7398530e+06   4.1992188e+01
   4.7400230e+06   3.6437988e+01
   4.7401440e+06   2.8259277e+01
   4.7403360e+06   3.0700684e+01
   4.7404750e+06   3.0334473e+01
   4.7405650e+06   2.2705078e+01
   4.7405820e+06   2.1179199e+01
   4.7407680e+06   2.0324707e+01
   5.2101540e+06   5.6274414e+01
   5.2102100e+06   2.3681641e+01
   5.2102760e+06   2.0751953e+01
   5.2103590e+06   2.1728516e+01
   5.2104980e+06   2.0263672e+01
   5.2278750e+06   5.0598145e+01
   5.2279350e+06   2.6611328e+01
   5.2279820e+06   2.3071289e+01
   5.2280490e+06   2.0690918e+01
   5.2281620e+06   2.2766113e+01
   5.4043730e+06   4.6325684e+01
   5.4044870e+06   4.4006348e+01
   5.4045850e+06   2.7526855e+01
   5.4046740e+06   2.4841309e+01
   5.4047830e+06   2.4780273e+01
   5.8656080e+06   2.2705078e+01
   5.9081930e+06   4.9682617e+01
   5.9082730e+06   2.2277832e+01
   5.9083100e+06   2.7160645e+01
   5.9083640e+06   2.4780273e+01
   5.9243840e+06   5.6640625e+01
   5.9271240e+06   4.8522949e+01
   5.9271980e+06   3.6499023e+01
   5.9272600e+06   2.2155762e+01
   5.9273920e+06   2.2583008e+01
