   6.0000000e+06   0.0000000e+00
   3.7056000e+04   6.0363770e+01
   3.7117000e+04   4.4372559e+01
   3.7193000e+04   3.0517578e+01
   3.7387000e+04   5.0292969e+01
   1.5407400e+05   2.6184082e+01
   1.5414000e+05   8.6364746e+01
   1.5417100e+05   7.0129395e+01
   1.5419300e+05   3.6376953e+01
   1.5422000e+05   3.4362793e+01
   1.5423200e+05   3.4545898e+01
   1.5426400e+05   3.6743164e+01
   1.5427800e+05   3.0151367e+01
   1.5431000e+05   2.5390625e+01
   1.5433700e+05   2.6428223e+01
   1.5437100e+05   2.7526855e+01
   1.5464900e+05   3.5888672e+01
   1.7268100e+05   2.9907227e+01
   1.7269300e+05   3.7658691e+01
   1.7270900e+05   6.7810059e+01
   1.7274200e+05   8.9660645e+01
   1.7276600e+05   7.2326660e+01
   1.7280500e+05   3.9123535e+01
   1.7284200e+05   2.9663086e+01
   1.7286200e+05   3.6560059e+01
   1.7297300e+05   2.5329590e+01
   1.7314900e+05   2.8259277e+01
   1.7318800e+05   2.5939941e+01
   1.7345700e+05   2.8381348e+01
   1.7373500e+05   2.9479980e+01
   1.7378400e+05   2.5573730e+01
   1.7419300e+05   2.5695801e+01
   1.7462400e+05   2.7770996e+01
   1.7522600e+05   2.5512695e+01
   1.7556300e+05   2.7160645e+01
   1.7584700e+05   3.2043457e+01
   1.7605800e+05   2.5329590e+01
   1.7628900e+05   3.5278320e+01
   1.7652600e+05   2.6489258e+01
   1.7680400e+05   3.2470703e+01
   2.0363200e+05   5.4321289e+01
   2.5150400e+05   2.5268555e+01
   3.1274300e+05   2.5146484e+01
   4.2555800e+05   1.0479736e+02
   4.2558700e+05   6.1889648e+01
   4.2560100e+05   3.6376953e+01
   4.2561600e+05   3.9794922e+01
   4.2564800e+05   2.9235840e+01
   4.2565900e+05   3.3569336e+01
   4.2567100e+05   3.2592773e+01
   4.2573600e+05   2.5695801e+01
   4.2577400e+05   2.9602051e+01
   4.2603300e+05   3.4667969e+01
   4.2605500e+05   2.5451660e+01
   5.2093500e+05   6.0668945e+01
   5.2101700e+05   4.0100098e+01
   5.2123500e+05   3.2592773e+01
   5.2143100e+05   4.3518066e+01
   5.2161500e+05   3.8269043e+01
   5.2187200e+05   3.8940430e+01
   5.2210500e+05   2.6855469e+01
   5.8348700e+05   3.0395508e+01
   5.8391700e+05   4.1992188e+01
   6.3019100e+05   2.9724121e+01
   6.3027800e+05   5.6884766e+01
   6.3038900e+05   4.7790527e+01
   6.3040500e+05   4.0954590e+01
   6.3053600e+05   2.6489258e+01
   6.3056500e+05   3.9978027e+01
   6.3065100e+05   3.6804199e+01
   6.3066700e+05   5.8593750e+01
   6.3068400e+05   3.4606934e+01
   6.3073100e+05   4.5837402e+01
   6.3074300e+05   3.1921387e+01
   6.3077100e+05   2.6550293e+01
   6.3079900e+05   4.6813965e+01
   6.3081100e+05   2.6123047e+01
   6.3082100e+05   2.6123047e+01
   6.3086200e+05   2.8015137e+01
   6.3089600e+05   6.0180664e+01
   6.3090700e+05   2.5390625e+01
   6.3104600e+05   4.1687012e+01
   7.2096900e+05   5.6640625e+01
   7.2159400e+05   4.2846680e+01
   7.2220200e+05   2.9846191e+01
   7.4656700e+05   4.1320801e+01
   7.4660200e+05   3.5095215e+01
   7.4674300e+05   4.6691895e+01
   7.4704300e+05   4.3151855e+01
   7.4732500e+05   2.5695801e+01
   8.0389900e+05   4.6752930e+01
   8.0406600e+05   2.7160645e+01
   8.0422600e+05   2.5512695e+01
   8.0440700e+05   2.8686523e+01
   9.0082400e+05   5.4077148e+01
   9.0157000e+05   3.3874512e+01
   9.0160100e+05   4.7363281e+01
   9.0171400e+05   2.7099609e+01
   9.0181700e+05   3.1616211e+01
   9.0213400e+05   2.5390625e+01
   9.0244400e+05   4.1625977e+01
   9.6233900e+05   4.6020508e+01
   9.6240200e+05   5.2734375e+01
   9.6245400e+05   2.7893066e+01
   9.6262800e+05   3.7353516e+01
   9.6306200e+05   2.5817871e+01
   1.0117810e+06   2.5939941e+01
   1.0118110e+06   2.9235840e+01
   1.0118390e+06   3.6010742e+01
   1.0118530e+06   3.8269043e+01
   1.0118640e+06   2.9052734e+01
   1.0118890e+06   2.5756836e+01
   1.0119120e+06   3.1494141e+01
   1.0119340e+06   5.2490234e+01
   1.0119650e+06   4.0954590e+01
   1.0119940e+06   3.0822754e+01
   1.0120380e+06   3.0212402e+01
   1.0120630e+06   2.5451660e+01
   1.0121320e+06   2.9724121e+01
   1.0121530e+06   3.6682129e+01
   1.2859220e+06   2.5878906e+01
   1.4286100e+06   2.9357910e+01
   1.4286320e+06   2.9296875e+01
   1.4286500e+06   8.7036133e+01
   1.4286710e+06   4.8706055e+01
   1.4287000e+06   5.2612305e+01
   1.4287260e+06   4.1137695e+01
   1.4287650e+06   2.5146484e+01
   1.4287790e+06   3.7231445e+01
   1.4288050e+06   3.5156250e+01
   1.4288600e+06   4.3762207e+01
   1.4828430e+06   5.0659180e+01
   1.4828740e+06   3.1738281e+01
   1.4829060e+06   2.6123047e+01
   1.4829370e+06   2.9907227e+01
   1.4829650e+06   2.7587891e+01
   1.4830780e+06   4.1259766e+01
   1.4831760e+06   2.8076172e+01
   1.4832280e+06   3.6376953e+01
   1.4834650e+06   3.3142090e+01
   1.4837160e+06   2.5207520e+01
   1.5514580e+06   6.5612793e+01
   1.5514940e+06   2.5756836e+01
   1.5515240e+06   5.1269531e+01
   1.5516220e+06   2.8930664e+01
   1.5517410e+06   3.4667969e+01
   1.5520250e+06   4.2114258e+01
   1.6188820e+06   2.6062012e+01
   1.6192900e+06   5.5358887e+01
   1.6193380e+06   2.7893066e+01
   1.6194060e+06   2.6794434e+01
   1.6194360e+06   2.6550293e+01
   1.6198990e+06   4.2968750e+01
   1.6204560e+06   2.6245117e+01
   1.6750080e+06   2.6977539e+01
   1.6750800e+06   2.9541016e+01
   1.6752010e+06   4.2236328e+01
   1.6752160e+06   2.9663086e+01
   1.6754280e+06   3.1005859e+01
   1.7095010e+06   2.6611328e+01
   1.7586840e+06   5.6884766e+01
   1.7589520e+06   5.2062988e+01
   1.7592450e+06   5.0842285e+01
   1.8394700e+06   4.8400879e+01
   1.8408910e+06   5.4077148e+01
   1.8409210e+06   4.5349121e+01
   1.8409740e+06   2.8381348e+01
   1.8411940e+06   3.2409668e+01
   1.9046250e+06   2.5451660e+01
   1.9446190e+06   2.5390625e+01
   1.9446520e+06   6.1096191e+01
   1.9448080e+06   5.1147461e+01
   2.0150360e+06   2.8991699e+01
   2.0150690e+06   2.8015137e+01
   2.0150800e+06   3.0578613e+01
   2.0151430e+06   4.4555664e+01
   2.0151570e+06   3.6926270e+01
   2.0151980e+06   2.9907227e+01
   2.0152080e+06   2.7526855e+01
   2.0152430e+06   2.5512695e+01
   2.0152570e+06   2.9846191e+01
   2.0153460e+06   3.9672852e+01
   2.0154460e+06   3.9184570e+01
   2.0593330e+06   5.2856445e+01
   2.0593880e+06   3.9062500e+01
   2.0594080e+06   3.7475586e+01
   2.0595070e+06   2.6184082e+01
   2.0596810e+06   4.6875000e+01
   2.0727460e+06   2.5146484e+01
   2.2329730e+06   6.0058594e+01
   2.2333410e+06   3.0212402e+01
   2.2339000e+06   2.5329590e+01
   2.4119370e+06   2.5756836e+01
   2.4414120e+06   2.8869629e+01
   2.4442550e+06   4.8339844e+01
   2.4443040e+06   3.8208008e+01
   2.4446240e+06   3.0090332e+01
   2.4671840e+06   5.9082031e+01
   2.4671960e+06   2.5207520e+01
   2.4672760e+06   4.2602539e+01
   2.4674130e+06   2.5878906e+01
   2.4674940e+06   4.2236328e+01
   2.4675170e+06   2.7893066e+01
   2.4676280e+06   2.5573730e+01
   2.4677270e+06   2.8076172e+01
   2.4681580e+06   2.5512695e+01
   2.4821610e+06   2.6367188e+01
   2.4822180e+06   4.4616699e+01
   2.4822400e+06   4.7302246e+01
   2.4822520e+06   1.0412598e+02
   2.4822740e+06   2.9663086e+01
   2.4822950e+06   4.2602539e+01
   2.4823130e+06   3.0761719e+01
   2.4823310e+06   3.6437988e+01
   2.4823740e+06   2.6000977e+01
   2.4824050e+06   3.2226562e+01
   2.4824300e+06   3.1677246e+01
   2.4825130e+06   2.5146484e+01
   2.6268550e+06   4.5043945e+01
   2.6270780e+06   4.7485352e+01
   2.6273110e+06   3.4729004e+01
   2.6275430e+06   3.5461426e+01
   2.6277590e+06   2.7587891e+01
   2.6531010e+06   2.7526855e+01
   2.6605340e+06   4.2541504e+01
   2.6607840e+06   3.5583496e+01
   2.6613960e+06   2.9235840e+01
   2.6614500e+06   4.9987793e+01
   2.6615070e+06   4.8645020e+01
   2.6615870e+06   2.8564453e+01
   2.6616730e+06   4.2907715e+01
   2.6619260e+06   3.3630371e+01
   2.7617480e+06   5.2795410e+01
   2.7618270e+06   2.5146484e+01
   2.7618520e+06   3.7658691e+01
   2.7618850e+06   2.7770996e+01
   2.7619010e+06   5.2185059e+01
   2.7620130e+06   2.8015137e+01
   2.7621300e+06   2.6123047e+01
   2.7625570e+06   3.0090332e+01
   2.7626760e+06   2.5817871e+01
   2.8165690e+06   2.8381348e+01
   2.8542940e+06   5.8410645e+01
   2.8543270e+06   2.6611328e+01
   2.8545320e+06   4.1564941e+01
   2.8545550e+06   2.7160645e+01
   2.8547820e+06   4.6142578e+01
   2.8554510e+06   5.7312012e+01
   2.8908070e+06   9.5336914e+01
   2.8945240e+06   2.6123047e+01
   2.8945520e+06   8.3679199e+01
   2.8945690e+06   4.7302246e+01
   2.8945870e+06   5.5358887e+01
   2.8946200e+06   2.6306152e+01
   2.8946500e+06   3.3142090e+01
   2.8946770e+06   2.6184082e+01
   2.8947040e+06   3.3081055e+01
   2.8947600e+06   2.7099609e+01
   2.8948010e+06   3.1005859e+01
   2.8949210e+06   2.8259277e+01
   2.8950630e+06   2.5878906e+01
   3.0079830e+06   4.8645020e+01
   3.0080590e+06   2.8015137e+01
   3.0080710e+06   2.7160645e+01
   3.0080860e+06   4.4372559e+01
   3.0083910e+06   4.3334961e+01
   3.0306410e+06   5.9631348e+01
   3.0309820e+06   4.3579102e+01
   3.0567900e+06   4.8156738e+01
   3.0568010e+06   2.6184082e+01
   3.0568300e+06   3.1250000e+01
   3.0568990e+06   4.5959473e+01
   3.0571590e+06   4.3457031e+01
   3.0576300e+06   3.5339355e+01
   3.0791190e+06   2.9296875e+01
   3.0791290e+06   1.0827637e+02
   3.0791570e+06   6.8054199e+01
   3.0791900e+06   3.7048340e+01
   3.0792120e+06   3.4423828e+01
   3.0792430e+06   2.5329590e+01
   3.0792550e+06   2.5451660e+01
   3.0793550e+06   2.6062012e+01
   3.0794290e+06   2.5695801e+01
   3.1069620e+06   2.8198242e+01
   3.1069970e+06   8.5510254e+01
   3.1070140e+06   6.0729980e+01
   3.1070300e+06   3.8208008e+01
   3.1070450e+06   3.5400391e+01
   3.1070630e+06   2.7770996e+01
   3.1070780e+06   3.1250000e+01
   3.1071190e+06   2.8198242e+01
   3.1071360e+06   2.8259277e+01
   3.1071560e+06   3.0151367e+01
   3.1075870e+06   3.1860352e+01
   3.1076350e+06   2.8137207e+01
   3.1078110e+06   2.7343750e+01
   3.1078960e+06   2.5512695e+01
   3.1081700e+06   2.9052734e+01
   3.1095070e+06   2.7221680e+01
   3.1097310e+06   2.7404785e+01
   3.1100650e+06   3.2531738e+01
   3.1103230e+06   3.8391113e+01
   3.1827790e+06   4.2480469e+01
   3.1827940e+06   2.7404785e+01
   3.1828990e+06   2.5695801e+01
   3.1829280e+06   4.4250488e+01
   3.1829380e+06   4.2968750e+01
   3.1830550e+06   4.1625977e+01
   3.1831690e+06   2.5451660e+01
   3.1832840e+06   3.1494141e+01
   3.1833500e+06   4.8095703e+01
   3.1834950e+06   4.1320801e+01
   3.1835960e+06   4.5593262e+01
   3.1836410e+06   4.1076660e+01
   3.1837270e+06   2.8442383e+01
   3.1839460e+06   2.5207520e+01
   3.1839750e+06   2.6062012e+01
   3.1840280e+06   2.5817871e+01
   3.1840670e+06   2.6611328e+01
   3.1841030e+06   7.3913574e+01
   3.1841140e+06   3.5949707e+01
   3.1841430e+06   4.7668457e+01
   3.1841630e+06   2.9052734e+01
   3.1842270e+06   2.9296875e+01
   3.1842420e+06   2.9235840e+01
   3.1842740e+06   3.0456543e+01
   3.2332940e+06   4.2663574e+01
   3.2334610e+06   2.6367188e+01
   3.2335870e+06   2.7038574e+01
   3.2336630e+06   5.0964355e+01
   3.2336770e+06   3.1250000e+01
   3.2337240e+06   3.5034180e+01
   3.2337410e+06   3.2592773e+01
   3.2338700e+06   2.7893066e+01
   3.2339070e+06   2.9296875e+01
   3.2339370e+06   4.7180176e+01
   3.2339960e+06   2.8381348e+01
   3.2340320e+06   3.6071777e+01
   3.2340980e+06   5.0842285e+01
   3.2341370e+06   2.9235840e+01
   3.2342680e+06   3.6315918e+01
   3.2343220e+06   2.6123047e+01
   3.2343570e+06   2.5207520e+01
   3.2343760e+06   8.8562012e+01
   3.2343990e+06   3.4667969e+01
   3.2344180e+06   4.2419434e+01
   3.2344330e+06   3.5949707e+01
   3.2344430e+06   3.3813477e+01
   3.2344760e+06   2.8442383e+01
   3.2345940e+06   3.0029297e+01
   3.2842960e+06   5.9570312e+01
   3.2844010e+06   4.6142578e+01
   3.2844390e+06   4.7546387e+01
   3.2845050e+06   3.1005859e+01
   3.2845520e+06   3.1188965e+01
   3.2846020e+06   2.5634766e+01
   3.2846350e+06   4.1198730e+01
   3.2846890e+06   2.5329590e+01
   3.2847260e+06   4.3212891e+01
   3.2847680e+06   3.7170410e+01
   3.2848820e+06   3.0029297e+01
   3.2848990e+06   2.7160645e+01
   3.2849250e+06   3.7658691e+01
   3.2849470e+06   7.1228027e+01
   3.2849830e+06   4.1687012e+01
   3.2849980e+06   2.5756836e+01
   3.2850180e+06   2.5817871e+01
   3.2850390e+06   2.7099609e+01
   3.3056040e+06   2.7160645e+01
   3.3059870e+06   5.0231934e+01
   3.3061190e+06   5.0720215e+01
   3.3065530e+06   3.9916992e+01
   3.3071990e+06   4.9011230e+01
   3.3293700e+06   5.1818848e+01
   3.3294200e+06   3.5705566e+01
   3.3295000e+06   3.0334473e+01
   3.3295240e+06   3.0883789e+01
   3.3295420e+06   6.1706543e+01
   3.3295710e+06   4.2297363e+01
   3.3295810e+06   8.9721680e+01
   3.3296040e+06   4.1992188e+01
   3.3296150e+06   4.6203613e+01
   3.3296510e+06   3.2470703e+01
   3.3296800e+06   3.2531738e+01
   3.3297030e+06   2.6306152e+01
   3.3297180e+06   2.8686523e+01
   3.3297540e+06   2.7404785e+01
   3.3299350e+06   2.7282715e+01
   3.3300260e+06   2.9235840e+01
   3.3467880e+06   4.9743652e+01
   3.3581400e+06   4.8034668e+01
   3.3584430e+06   4.8400879e+01
   3.3584580e+06   2.5573730e+01
   3.3586970e+06   3.9916992e+01
   3.3589650e+06   2.9296875e+01
   3.3589780e+06   5.7128906e+01
   3.3590340e+06   3.5034180e+01
   3.3591730e+06   2.5268555e+01
   3.3591880e+06   3.3691406e+01
   3.3592090e+06   6.2438965e+01
   3.3592910e+06   2.7404785e+01
   3.3593250e+06   3.1433105e+01
   3.3593530e+06   3.0395508e+01
   3.3593980e+06   7.0739746e+01
   3.3594140e+06   3.3325195e+01
   3.3594480e+06   4.7119141e+01
   3.3594720e+06   2.9907227e+01
   3.3594950e+06   2.6123047e+01
   3.3595410e+06   2.6184082e+01
   3.3595730e+06   2.6550293e+01
   3.3595830e+06   3.7597656e+01
   3.3596580e+06   2.5512695e+01
   3.3747410e+06   4.9438477e+01
   3.3748160e+06   3.0944824e+01
   3.3748810e+06   4.0649414e+01
   3.3749040e+06   8.1054688e+01
   3.3749140e+06   4.7180176e+01
   3.3749270e+06   2.6245117e+01
   3.3749500e+06   4.6813965e+01
   3.3749680e+06   3.1799316e+01
   3.3749830e+06   3.6743164e+01
   3.3750550e+06   3.3264160e+01
   3.3750730e+06   2.6672363e+01
   3.3751030e+06   2.9724121e+01
   3.3752810e+06   2.5207520e+01
   3.3753450e+06   2.7221680e+01
   3.3760790e+06   2.6123047e+01
   3.4164730e+06   5.7189941e+01
   3.4165080e+06   2.6123047e+01
   3.4165260e+06   2.9296875e+01
   3.4165900e+06   3.9306641e+01
   3.4166260e+06   2.8625488e+01
   3.4166520e+06   2.7954102e+01
   3.4166750e+06   3.6865234e+01
   3.4166900e+06   5.6213379e+01
   3.4167080e+06   8.1420898e+01
   3.4167340e+06   3.5583496e+01
   3.4167440e+06   3.9794922e+01
   3.4167660e+06   2.6489258e+01
   3.4168030e+06   2.8137207e+01
   3.4168180e+06   4.2663574e+01
   3.4168470e+06   2.6062012e+01
   3.4171580e+06   3.0090332e+01
   3.4177980e+06   2.5390625e+01
   3.4182220e+06   3.3935547e+01
   3.4485330e+06   5.0170898e+01
   3.4493440e+06   4.8034668e+01
   3.4531850e+06   4.8645020e+01
   3.4532380e+06   2.8015137e+01
   3.4533080e+06   2.7404785e+01
   3.4533180e+06   5.7678223e+01
   3.4533560e+06   3.5949707e+01
   3.4533830e+06   8.7707520e+01
   3.4534070e+06   3.6132812e+01
   3.4534220e+06   4.2053223e+01
   3.4534740e+06   3.0395508e+01
   3.4534980e+06   3.0944824e+01
   3.4535090e+06   2.5268555e+01
   3.4535620e+06   2.5695801e+01
   3.4538090e+06   3.5095215e+01
   3.4552530e+06   3.5400391e+01
   3.4560160e+06   2.8381348e+01
   3.4940180e+06   4.6020508e+01
   3.4941380e+06   3.7963867e+01
   3.4941670e+06   3.8208008e+01
   3.4942150e+06   2.7221680e+01
   3.4944000e+06   4.3151855e+01
   3.4944110e+06   2.9785156e+01
   3.4948040e+06   3.6071777e+01
   3.4949980e+06   4.4433594e+01
   3.4950370e+06   3.6743164e+01
   3.4950590e+06   4.7180176e+01
   3.4950970e+06   2.6672363e+01
   3.4951160e+06   3.0151367e+01
   3.4951290e+06   4.3762207e+01
   3.4951830e+06   2.6245117e+01
   3.4952050e+06   4.0100098e+01
   3.4952240e+06   9.1796875e+01
   3.4952430e+06   3.3081055e+01
   3.4952690e+06   3.3508301e+01
   3.4952850e+06   2.7770996e+01
   3.4953170e+06   3.6560059e+01
   3.4953300e+06   3.1188965e+01
   3.4953740e+06   3.7231445e+01
   3.4954040e+06   3.2470703e+01
   3.4954390e+06   2.5512695e+01
   3.4954570e+06   2.5939941e+01
   3.4957800e+06   2.5634766e+01
   3.5178370e+06   5.4687500e+01
   3.5179030e+06   3.1555176e+01
   3.5179630e+06   2.7099609e+01
   3.5179770e+06   3.6499023e+01
   3.5180070e+06   4.4555664e+01
   3.5180210e+06   2.6306152e+01
   3.5180790e+06   3.8024902e+01
   3.5181020e+06   2.7832031e+01
   3.5181130e+06   3.0578613e+01
   3.5181770e+06   8.3312988e+01
   3.5182390e+06   6.1523438e+01
   3.5182660e+06   2.6245117e+01
   3.5182870e+06   2.7343750e+01
   3.5183130e+06   2.5695801e+01
   3.5183890e+06   2.9663086e+01
   3.5207980e+06   2.6611328e+01
   3.5568210e+06   4.5227051e+01
   3.5569250e+06   2.5878906e+01
   3.5569540e+06   4.4006348e+01
   3.5569960e+06   3.2104492e+01
   3.5570340e+06   2.8808594e+01
   3.5570570e+06   6.3293457e+01
   3.5570760e+06   2.6184082e+01
   3.5571130e+06   2.6916504e+01
   3.5571410e+06   4.2419434e+01
   3.5571890e+06   8.1665039e+01
   3.5572080e+06   3.3447266e+01
   3.5572440e+06   4.6325684e+01
   3.5572580e+06   3.2043457e+01
   3.5572850e+06   3.9611816e+01
   3.5573020e+06   2.6184082e+01
   3.5574050e+06   2.5390625e+01
   3.5578370e+06   2.9296875e+01
   3.5595590e+06   3.0456543e+01
   3.5985220e+06   2.6000977e+01
   3.5987890e+06   4.4616699e+01
   3.5988010e+06   3.3935547e+01
   3.5988510e+06   4.0100098e+01
   3.5988830e+06   4.8217773e+01
   3.5989540e+06   3.9611816e+01
   3.5990650e+06   4.1687012e+01
   3.5990890e+06   3.1616211e+01
   3.5991300e+06   3.0334473e+01
   3.5992020e+06   2.5817871e+01
   3.5992220e+06   3.0883789e+01
   3.5993230e+06   3.9672852e+01
   3.5993620e+06   2.5878906e+01
   3.5995130e+06   3.3813477e+01
   3.6003350e+06   2.7343750e+01
   3.6311990e+06   3.2165527e+01
   3.6313530e+06   3.8452148e+01
   3.6314180e+06   5.7983398e+01
   3.6314680e+06   2.5390625e+01
   3.6315650e+06   2.6000977e+01
   3.6315910e+06   3.9245605e+01
   3.6316340e+06   2.7404785e+01
   3.6316630e+06   2.9541016e+01
   3.6318050e+06   2.8137207e+01
   3.6319050e+06   4.0222168e+01
   3.6320730e+06   4.9072266e+01
   3.6321440e+06   2.7465820e+01
   3.6322270e+06   3.1616211e+01
   3.6323630e+06   5.2429199e+01
   3.6324410e+06   2.6489258e+01
   3.6327350e+06   2.7648926e+01
   3.6330870e+06   2.5512695e+01
   3.6545860e+06   2.6550293e+01
   3.6546230e+06   4.2724609e+01
   3.6546380e+06   4.4067383e+01
   3.6546610e+06   2.5512695e+01
   3.6547590e+06   2.7465820e+01
   3.6547980e+06   4.8889160e+01
   3.6548500e+06   2.6550293e+01
   3.6549070e+06   2.8015137e+01
   3.6550700e+06   3.5278320e+01
   3.6550900e+06   4.5776367e+01
   3.6551410e+06   3.2348633e+01
   3.6554120e+06   4.5043945e+01
   3.6554330e+06   3.1738281e+01
   3.6556330e+06   2.8991699e+01
   3.6558790e+06   2.9113770e+01
   3.6954650e+06   5.8044434e+01
   3.6956000e+06   2.8808594e+01
   3.6956100e+06   2.6306152e+01
   3.6957730e+06   3.6010742e+01
   3.6958620e+06   2.5207520e+01
   3.6959130e+06   4.3273926e+01
   3.6959490e+06   3.3264160e+01
   3.6960640e+06   2.5939941e+01
   3.6960750e+06   3.9794922e+01
   3.6961150e+06   3.1555176e+01
   3.6962100e+06   2.6428223e+01
   3.6963260e+06   3.2958984e+01
   3.6964050e+06   4.7973633e+01
   3.6965260e+06   2.8625488e+01
   3.6966880e+06   5.1391602e+01
   3.6969590e+06   2.6184082e+01
   4.3485440e+06   5.0231934e+01
   4.3486830e+06   3.7048340e+01
   4.3488590e+06   3.0334473e+01
   4.3489460e+06   2.5695801e+01
   4.3489680e+06   3.8146973e+01
   4.3490590e+06   4.2541504e+01
   4.3492190e+06   3.2714844e+01
   4.3494150e+06   2.7160645e+01
   4.3901870e+06   2.7465820e+01
   4.4051040e+06   4.9072266e+01
   4.4941030e+06   4.9011230e+01
   4.5975680e+06   2.8686523e+01
   4.5975780e+06   4.8828125e+01
   4.5981010e+06   3.1311035e+01
   4.7390580e+06   3.1127930e+01
   4.7390940e+06   2.7343750e+01
   4.7391060e+06   3.6743164e+01
   4.7393700e+06   2.6672363e+01
   4.7396470e+06   3.8879395e+01
   4.7399960e+06   2.5756836e+01
   4.7405550e+06   4.5715332e+01
   4.7405720e+06   2.7893066e+01
   4.7406180e+06   5.2612305e+01
   4.7406520e+06   3.6193848e+01
   4.7406780e+06   3.0151367e+01
   4.7407060e+06   4.7485352e+01
   4.7408480e+06   4.5532227e+01
   4.8566280e+06   2.8869629e+01
   4.8566700e+06   3.4179688e+01
   4.8567010e+06   2.8320312e+01
   4.8567780e+06   2.5268555e+01
   4.8569740e+06   2.9602051e+01
   4.8573340e+06   2.6977539e+01
   4.9339260e+06   5.9082031e+01
   4.9339380e+06   2.6672363e+01
   4.9343540e+06   3.8757324e+01
   5.1768290e+06   4.4067383e+01
   5.1769850e+06   2.8198242e+01
   5.1770110e+06   4.6508789e+01
   5.1773990e+06   3.4606934e+01
   5.2102420e+06   3.0212402e+01
   5.2102560e+06   3.8269043e+01
   5.2102830e+06   8.7585449e+01
   5.2103130e+06   5.8044434e+01
   5.2103240e+06   4.6142578e+01
   5.2103580e+06   4.0222168e+01
   5.2103860e+06   2.5390625e+01
   5.2104010e+06   3.3081055e+01
   5.2104430e+06   2.6611328e+01
   5.2105010e+06   2.6733398e+01
   5.2279770e+06   3.2531738e+01
   5.2279980e+06   5.2917480e+01
   5.2280280e+06   9.2956543e+01
   5.2280500e+06   4.3579102e+01
   5.2280620e+06   3.3203125e+01
   5.2280990e+06   3.5949707e+01
   5.2281220e+06   3.0395508e+01
   5.2281600e+06   2.7160645e+01
   5.2282840e+06   2.7526855e+01
   5.2288130e+06   2.5817871e+01
   5.2290490e+06   2.7648926e+01
   5.2291080e+06   2.5573730e+01
   5.2291710e+06   2.7526855e+01
   5.2294310e+06   2.6062012e+01
   5.2299020e+06   2.7343750e+01
   5.2300840e+06   2.9052734e+01
   5.2302610e+06   2.9602051e+01
   5.3644610e+06   4.7912598e+01
   5.3646990e+06   4.1625977e+01
   5.3649620e+06   3.5461426e+01
   5.4043940e+06   4.9743652e+01
   5.4044270e+06   2.7038574e+01
   5.4044400e+06   2.8015137e+01
   5.4045700e+06   3.2287598e+01
   5.4046470e+06   3.0639648e+01
   5.4047430e+06   3.0212402e+01
   5.4047630e+06   3.0151367e+01
   5.4048020e+06   2.7709961e+01
   5.4049430e+06   3.7170410e+01
   5.4051500e+06   3.9428711e+01
   5.4054300e+06   2.9785156e+01
   5.8149120e+06   2.5634766e+01
   5.8657350e+06   6.4147949e+01
   5.8658190e+06   2.7465820e+01
   5.8659380e+06   3.4667969e+01
   5.8660270e+06   2.6062012e+01
   5.8661140e+06   3.2653809e+01
   5.9082680e+06   3.2836914e+01
   5.9082830e+06   4.3762207e+01
   5.9083030e+06   8.4472656e+01
   5.9083200e+06   2.9907227e+01
   5.9083530e+06   3.9794922e+01
   5.9084010e+06   2.8381348e+01
   5.9084320e+06   2.6245117e+01
   5.9084680e+06   2.8808594e+01
   5.9085430e+06   3.0273437e+01
   5.9086420e+06   2.5878906e+01
   5.9272570e+06   3.8269043e+01
   5.9272710e+06   8.7829590e+01
   5.9273040e+06   7.0312500e+01
   5.9273240e+06   2.6245117e+01
   5.9273580e+06   3.1005859e+01
   5.9274070e+06   2.6000977e+01
   5.9274430e+06   2.6306152e+01
   5.9274680e+06   2.8625488e+01
   5.9275190e+06   2.5939941e+01
   5.9282200e+06   2.5634766e+01
   5.9286600e+06   2.8625488e+01
   5.9290200e+06   2.6428223e+01
   5.9294040e+06   2.7404785e+01
   5.9296480e+06   2.7832031e+01
