   6.0000000e+06   0.0000000e+00
   3.6896000e+04   2.7404785e+01
   3.6995000e+04   2.3010254e+01
   1.5420800e+05   2.4047852e+01
   1.5424100e+05   2.0935059e+01
   1.7276300e+05   2.1423340e+01
   1.7280600e+05   2.3315430e+01
   2.6185800e+05   2.1911621e+01
   3.3035800e+05   2.1789551e+01
   4.2552300e+05   2.4353027e+01
   4.2555500e+05   2.1057129e+01
   4.2558400e+05   2.3559570e+01
   5.2059900e+05   2.3010254e+01
   5.2063400e+05   2.1301270e+01
   5.8260700e+05   2.1667480e+01
   5.8262300e+05   2.2766113e+01
   6.2963200e+05   2.4536133e+01
   6.2988600e+05   2.1850586e+01
   6.3022600e+05   2.3437500e+01
   6.3038300e+05   2.1545410e+01
   6.3063000e+05   2.1179199e+01
   6.3091500e+05   2.1606445e+01
   7.4680800e+05   2.1240234e+01
   8.0388700e+05   2.3132324e+01
   8.0420300e+05   2.7465820e+01
   8.4110700e+05   2.1484375e+01
   8.6885700e+05   2.3376465e+01
   9.0134100e+05   2.1972656e+01
   9.0335900e+05   2.2460938e+01
   9.2815200e+05   2.1667480e+01
   9.6242200e+05   2.1667480e+01
   9.6254900e+05   2.1362305e+01
   1.2341490e+06   2.1484375e+01
   1.4288570e+06   2.1606445e+01
   1.4828720e+06   2.1301270e+01
   1.5138260e+06   2.3986816e+01
   1.5513300e+06   2.2338867e+01
   1.5520780e+06   2.1362305e+01
   1.5523030e+06   2.0996094e+01
   1.5523960e+06   2.2338867e+01
   1.5530520e+06   2.3071289e+01
   1.6192340e+06   2.1972656e+01
   1.6192680e+06   2.4291992e+01
   1.6201380e+06   2.1972656e+01
   1.6433520e+06   2.1301270e+01
   1.6746540e+06   2.3559570e+01
   1.6751960e+06   2.0935059e+01
   1.6758770e+06   2.4047852e+01
   1.7589400e+06   2.1850586e+01
   1.8408900e+06   2.2827148e+01
   1.8409120e+06   2.2644043e+01
   2.0151200e+06   2.3193359e+01
   2.2234550e+06   2.0935059e+01
   2.2331940e+06   2.0996094e+01
   2.2333270e+06   2.1606445e+01
   2.2348490e+06   2.1362305e+01
   2.2538960e+06   2.1484375e+01
   2.4420680e+06   2.1606445e+01
   2.4422390e+06   2.1545410e+01
   2.4423820e+06   2.1850586e+01
   2.4669150e+06   2.1301270e+01
   2.4670090e+06   2.2766113e+01
   2.4672380e+06   2.3376465e+01
   2.4673660e+06   2.1179199e+01
   2.4822340e+06   2.6550293e+01
   2.5466660e+06   2.1484375e+01
   2.5467670e+06   2.3132324e+01
   2.7629950e+06   2.2094727e+01
   2.8158640e+06   2.1606445e+01
   2.8541590e+06   2.1911621e+01
   2.8543930e+06   2.0935059e+01
   2.8547400e+06   2.1057129e+01
   2.8549900e+06   2.5024414e+01
   3.0305190e+06   2.1301270e+01
   3.0791070e+06   2.2888184e+01
   3.1070440e+06   2.3071289e+01
   3.1070930e+06   2.1179199e+01
   3.1071300e+06   2.0996094e+01
   3.2343930e+06   2.1484375e+01
   3.2710730e+06   2.1972656e+01
   3.3291550e+06   2.4414062e+01
   3.3741710e+06   2.2155762e+01
   3.3746960e+06   2.1362305e+01
   3.3753770e+06   2.3559570e+01
   3.4164450e+06   2.3803711e+01
   3.4948750e+06   2.3498535e+01
   3.4950130e+06   2.1179199e+01
   3.5173890e+06   2.2338867e+01
   3.5986030e+06   2.1362305e+01
   3.6319610e+06   2.2277832e+01
   3.6540120e+06   2.2583008e+01
   3.6543910e+06   2.1606445e+01
   3.6961710e+06   2.1362305e+01
   4.3042920e+06   2.2583008e+01
   4.3486590e+06   2.2521973e+01
   4.7390580e+06   2.1057129e+01
   4.7391920e+06   2.3132324e+01
   4.7407860e+06   2.1850586e+01
   5.1768010e+06   2.1911621e+01
   5.2796950e+06   2.1118164e+01
   5.4042250e+06   2.1667480e+01
   5.4053530e+06   2.2583008e+01
   5.4056690e+06   2.1484375e+01
   5.8654360e+06   2.1728516e+01
   5.8655940e+06   2.3254395e+01
   5.8661880e+06   2.1118164e+01
   5.9084240e+06   2.1423340e+01
   5.9270330e+06   2.1484375e+01
   5.9283510e+06   2.1789551e+01
