   6.0000000e+06   0.0000000e+00
   1.5399100e+05   4.3273926e+01
   1.5406700e+05   4.3029785e+01
   1.5412200e+05   5.2062988e+01
   1.5413900e+05   3.1799316e+01
   1.5416700e+05   2.4719238e+01
   1.5418500e+05   3.3691406e+01
   1.5420900e+05   2.9663086e+01
   1.5426800e+05   2.9846191e+01
   1.5428800e+05   1.9958496e+01
   1.5432800e+05   2.6123047e+01
   1.7256400e+05   3.9001465e+01
   1.7262600e+05   5.7250977e+01
   1.7265900e+05   3.2653809e+01
   1.7272000e+05   3.1982422e+01
   1.7273100e+05   2.0263672e+01
   1.7275600e+05   2.2644043e+01
   1.7283400e+05   2.7343750e+01
   1.7503300e+05   2.4108887e+01
   1.7535000e+05   2.2766113e+01
   4.2553400e+05   2.0812988e+01
   4.2555500e+05   4.1809082e+01
   4.2557600e+05   2.2338867e+01
   4.2560100e+05   2.8808594e+01
   4.2562100e+05   3.0090332e+01
   4.2563300e+05   2.3437500e+01
   4.2565500e+05   2.0568848e+01
   4.2574900e+05   2.0996094e+01
   6.0132800e+05   2.0751953e+01
   6.3056400e+05   3.6926270e+01
   6.3060100e+05   4.4982910e+01
   6.3061600e+05   2.2827148e+01
   6.3063500e+05   2.4902344e+01
   6.3066700e+05   3.0151367e+01
   6.3073500e+05   2.1667480e+01
   6.3084900e+05   2.5451660e+01
   9.6280300e+05   4.3823242e+01
   1.0116720e+06   2.0812988e+01
   1.0116920e+06   3.0639648e+01
   1.0117730e+06   2.9296875e+01
   1.0118440e+06   5.1635742e+01
   1.0119140e+06   3.2104492e+01
   1.0119870e+06   2.0324707e+01
   1.0120390e+06   3.0456543e+01
   1.0124070e+06   3.2409668e+01
   1.1780740e+06   2.0935059e+01
   1.4285010e+06   3.5156250e+01
   1.4285710e+06   3.3081055e+01
   1.4285810e+06   2.3010254e+01
   1.4286120e+06   2.3742676e+01
   1.4286920e+06   3.2653809e+01
   1.4287460e+06   2.0080566e+01
   1.4288150e+06   2.0446777e+01
   1.4468510e+06   2.1484375e+01
   1.4713430e+06   2.0202637e+01
   1.5539060e+06   3.3813477e+01
   1.6202880e+06   2.1972656e+01
   1.6203150e+06   3.1555176e+01
   1.6204000e+06   2.4047852e+01
   1.6204940e+06   2.0202637e+01
   1.6206000e+06   2.0019531e+01
   1.6206590e+06   2.3620605e+01
   1.6207540e+06   3.7048340e+01
   1.6210030e+06   3.9855957e+01
   1.6210290e+06   2.0324707e+01
   1.6742460e+06   3.9916992e+01
   1.6743490e+06   2.9479980e+01
   1.6743710e+06   3.5827637e+01
   1.6745150e+06   3.4484863e+01
   1.6747450e+06   2.6062012e+01
   1.6749250e+06   3.0639648e+01
   1.6749660e+06   2.0263672e+01
   1.6751140e+06   3.4301758e+01
   1.6752150e+06   2.2460938e+01
   1.6753780e+06   4.0100098e+01
   1.8409210e+06   3.6193848e+01
   1.8409380e+06   4.3640137e+01
   1.8410150e+06   2.3986816e+01
   1.8414020e+06   3.9062500e+01
   1.8416910e+06   2.0690918e+01
   2.0148960e+06   4.3151855e+01
   2.0149940e+06   2.5512695e+01
   2.0150810e+06   4.9682617e+01
   2.0151730e+06   4.7485352e+01
   2.0153050e+06   3.4667969e+01
   2.0153930e+06   2.0629883e+01
   2.2339750e+06   3.4667969e+01
   2.2340750e+06   3.2653809e+01
   2.2341960e+06   2.2216797e+01
   2.2342690e+06   2.2338867e+01
   2.2344010e+06   3.9611816e+01
   2.2347250e+06   4.0893555e+01
   2.4442550e+06   3.4912109e+01
   2.4676110e+06   3.3386230e+01
   2.4677180e+06   2.4841309e+01
   2.4678530e+06   3.3813477e+01
   2.4680410e+06   2.3437500e+01
   2.4680740e+06   3.9123535e+01
   2.4681870e+06   2.1850586e+01
   2.4820450e+06   3.9794922e+01
   2.4821310e+06   3.2104492e+01
   2.4821650e+06   2.0629883e+01
   2.4821770e+06   4.4311523e+01
   2.4822170e+06   2.4108887e+01
   2.4822600e+06   3.4301758e+01
   2.4823040e+06   2.0996094e+01
   2.4823410e+06   2.8808594e+01
   2.4824320e+06   2.6000977e+01
   2.4826410e+06   2.3925781e+01
   2.6600280e+06   4.3884277e+01
   2.6614730e+06   3.5217285e+01
   2.6616000e+06   3.4484863e+01
   2.6616640e+06   4.1809082e+01
   2.6618000e+06   2.4963379e+01
   2.6619800e+06   3.2043457e+01
   2.6620700e+06   3.7353516e+01
   2.6621360e+06   2.0019531e+01
   2.6622900e+06   2.1911621e+01
   2.6626760e+06   2.2399902e+01
   2.7618600e+06   3.6315918e+01
   2.7621450e+06   3.0822754e+01
   2.7622780e+06   2.9602051e+01
   2.7623710e+06   1.9958496e+01
   2.7624040e+06   4.3457031e+01
   2.7626570e+06   2.0874023e+01
   2.7628270e+06   3.8635254e+01
   2.7628750e+06   2.3620605e+01
   2.8944580e+06   4.5654297e+01
   2.8944880e+06   2.2644043e+01
   2.8945160e+06   2.1179199e+01
   2.8945270e+06   2.6916504e+01
   2.8945670e+06   3.6315918e+01
   2.8945840e+06   2.6855469e+01
   2.8946240e+06   2.3254395e+01
   2.8946910e+06   2.0629883e+01
   3.0322570e+06   2.0202637e+01
   3.0790670e+06   3.2775879e+01
   3.0790820e+06   5.0964355e+01
   3.0791070e+06   2.2583008e+01
   3.0791170e+06   2.2399902e+01
   3.0791430e+06   2.4902344e+01
   3.0791670e+06   2.0080566e+01
   3.0792120e+06   2.0690918e+01
   3.0792790e+06   2.0141602e+01
   3.0793130e+06   2.0507813e+01
   3.0794060e+06   2.0019531e+01
   3.0857600e+06   1.9958496e+01
   3.1068670e+06   4.0649414e+01
   3.1069180e+06   2.1667480e+01
   3.1069350e+06   3.4667969e+01
   3.1069450e+06   4.6203613e+01
   3.1069830e+06   2.8442383e+01
   3.1070040e+06   2.6428223e+01
   3.1070210e+06   2.2033691e+01
   3.1070460e+06   1.9714355e+01
   3.1070670e+06   2.0568848e+01
   3.1074090e+06   1.9775391e+01
   3.1077240e+06   2.1850586e+01
   3.1094330e+06   2.0507813e+01
   3.1835770e+06   2.9357910e+01
   3.1837330e+06   3.9978027e+01
   3.1837670e+06   3.3386230e+01
   3.1838060e+06   2.0263672e+01
   3.1838490e+06   1.9714355e+01
   3.1839040e+06   2.2094727e+01
   3.1839420e+06   3.5034180e+01
   3.1839790e+06   2.7832031e+01
   3.1840080e+06   2.4230957e+01
   3.1840300e+06   3.0883789e+01
   3.1840640e+06   2.3803711e+01
   3.2339910e+06   3.3447266e+01
   3.2341340e+06   4.3273926e+01
   3.2341640e+06   3.7780762e+01
   3.2342310e+06   2.0507813e+01
   3.2342830e+06   3.5827637e+01
   3.2342960e+06   2.1667480e+01
   3.2343280e+06   2.3742676e+01
   3.2343550e+06   3.0029297e+01
   3.2343930e+06   2.0629883e+01
   3.2344240e+06   2.7099609e+01
   3.2846060e+06   3.8024902e+01
   3.2847430e+06   2.6306152e+01
   3.2848540e+06   3.3691406e+01
   3.2848770e+06   2.8564453e+01
   3.2848920e+06   2.1057129e+01
   3.2849300e+06   2.7038574e+01
   3.2849460e+06   2.3071289e+01
   3.2850930e+06   2.0202637e+01
   3.3295860e+06   2.1362305e+01
   3.3296110e+06   2.6000977e+01
   3.3296380e+06   2.4536133e+01
   3.3296660e+06   2.2460938e+01
   3.3297000e+06   2.4230957e+01
   3.3297240e+06   1.9714355e+01
   3.3310280e+06   1.9653320e+01
   3.3313970e+06   2.9541016e+01
   3.3316840e+06   2.6062012e+01
   3.3594620e+06   2.2888184e+01
   3.3594780e+06   4.2846680e+01
   3.3595290e+06   2.1545410e+01
   3.3595410e+06   2.6123047e+01
   3.3595830e+06   2.3681641e+01
   3.3602750e+06   1.9653320e+01
   3.3606320e+06   2.1728516e+01
   3.3613090e+06   2.4169922e+01
   3.3617060e+06   2.0629883e+01
   3.3750270e+06   3.2287598e+01
   3.3750430e+06   2.0202637e+01
   3.3750770e+06   3.3569336e+01
   3.3750880e+06   2.3742676e+01
   3.3751210e+06   2.1057129e+01
   3.3751570e+06   2.2399902e+01
   3.3751870e+06   2.4230957e+01
   3.3752130e+06   2.2033691e+01
   3.3754410e+06   2.0446777e+01
   3.3770220e+06   2.0751953e+01
   3.3774630e+06   2.1545410e+01
   3.4167550e+06   2.0202637e+01
   3.4167650e+06   4.4006348e+01
   3.4167800e+06   2.6367188e+01
   3.4168130e+06   2.4536133e+01
   3.4168260e+06   3.0456543e+01
   3.4168730e+06   2.8747559e+01
   3.4168840e+06   2.5329590e+01
   3.4169040e+06   2.6489258e+01
   3.4184270e+06   2.1606445e+01
   3.4186620e+06   2.7099609e+01
   3.4190810e+06   2.7221680e+01
   3.4195450e+06   2.4658203e+01
   3.4534370e+06   2.0019531e+01
   3.4534490e+06   3.4423828e+01
   3.4534750e+06   2.7160645e+01
   3.4535020e+06   2.3132324e+01
   3.4535120e+06   2.7648926e+01
   3.4535430e+06   2.5634766e+01
   3.4536040e+06   2.1423340e+01
   3.4536270e+06   2.8076172e+01
   3.4553930e+06   2.3620605e+01
   3.4557240e+06   2.5817871e+01
   3.4564870e+06   2.3620605e+01
   3.4952100e+06   4.7363281e+01
   3.4952310e+06   2.4536133e+01
   3.4952530e+06   2.0385742e+01
   3.4952900e+06   2.2399902e+01
   3.4953050e+06   2.3986816e+01
   3.4953350e+06   3.6437988e+01
   3.4953580e+06   2.5024414e+01
   3.4967570e+06   1.9897461e+01
   3.4977390e+06   2.8015137e+01
   3.5181000e+06   4.7119141e+01
   3.5181160e+06   2.1179199e+01
   3.5181420e+06   2.1301270e+01
   3.5181530e+06   2.1240234e+01
   3.5181850e+06   4.2358398e+01
   3.5182020e+06   2.4841309e+01
   3.5182540e+06   2.6367188e+01
   3.5182670e+06   2.0568848e+01
   3.5183160e+06   2.1179199e+01
   3.5183550e+06   2.5451660e+01
   3.5204920e+06   2.3437500e+01
   3.5209040e+06   2.6245117e+01
   3.5363130e+06   2.1362305e+01
   3.5570380e+06   6.7382813e+01
   3.5570990e+06   2.0141602e+01
   3.5571130e+06   2.7160645e+01
   3.5571310e+06   4.5654297e+01
   3.5571720e+06   2.2644043e+01
   3.5572030e+06   2.6184082e+01
   3.5572130e+06   1.9958496e+01
   3.5573080e+06   2.0751953e+01
   3.5589010e+06   2.1179199e+01
   3.5988920e+06   4.0344238e+01
   3.5989180e+06   3.4240723e+01
   3.5990310e+06   2.7770996e+01
   3.5990420e+06   3.9428711e+01
   3.5991580e+06   3.6193848e+01
   3.5992130e+06   1.9775391e+01
   3.5992690e+06   2.5634766e+01
   3.5992830e+06   2.3254395e+01
   3.5993160e+06   2.1301270e+01
   3.6003370e+06   2.6367188e+01
   3.6313660e+06   4.1015625e+01
   3.6314900e+06   3.6682129e+01
   3.6315850e+06   2.8198242e+01
   3.6316630e+06   2.7160645e+01
   3.6318180e+06   3.1372070e+01
   3.6318590e+06   2.7954102e+01
   3.6320090e+06   3.2470703e+01
   3.6320360e+06   2.7160645e+01
   3.6322530e+06   3.0700684e+01
   3.6323010e+06   2.3315430e+01
   3.6325100e+06   3.4667969e+01
   3.6545420e+06   3.8269043e+01
   3.6547030e+06   3.6560059e+01
   3.6547810e+06   3.2653809e+01
   3.6550650e+06   3.8513184e+01
   3.6550800e+06   2.5573730e+01
   3.6552790e+06   2.8198242e+01
   3.6553020e+06   3.3081055e+01
   3.6557950e+06   3.2836914e+01
   3.6960480e+06   3.5644531e+01
   3.6962640e+06   3.4362793e+01
   3.6963240e+06   2.7709961e+01
   3.6966060e+06   3.1433105e+01
   3.9419780e+06   1.9714355e+01
   4.3488370e+06   2.0202637e+01
   4.3488700e+06   4.3945312e+01
   4.3488860e+06   2.1667480e+01
   4.3489130e+06   2.2460938e+01
   4.3489410e+06   6.3293457e+01
   4.3490130e+06   3.0883789e+01
   4.3491110e+06   3.1982422e+01
   4.5083540e+06   2.2583008e+01
   4.7403830e+06   2.1362305e+01
   4.7404010e+06   4.2541504e+01
   4.7404430e+06   4.5166016e+01
   4.7404550e+06   1.9653320e+01
   4.7404720e+06   2.5573730e+01
   4.7404960e+06   2.0690918e+01
   4.7405220e+06   2.0568848e+01
   4.7405830e+06   2.1484375e+01
   4.7407030e+06   2.6123047e+01
   4.8418460e+06   1.9897461e+01
   5.2100830e+06   2.0080566e+01
   5.2101560e+06   4.0710449e+01
   5.2102160e+06   2.2277832e+01
   5.2102550e+06   2.4780273e+01
   5.2102660e+06   1.9775391e+01
   5.2103260e+06   3.5644531e+01
   5.2104080e+06   2.8381348e+01
   5.2104530e+06   2.2521973e+01
   5.2105080e+06   2.6855469e+01
   5.2278330e+06   4.4982910e+01
   5.2278950e+06   2.0935059e+01
   5.2279280e+06   3.8940430e+01
   5.2279510e+06   4.0466309e+01
   5.2279890e+06   2.8320312e+01
   5.2280090e+06   2.5390625e+01
   5.2280350e+06   2.0690918e+01
   5.2280570e+06   2.2949219e+01
   5.4049530e+06   2.9602051e+01
   5.4050580e+06   3.9184570e+01
   5.4051420e+06   1.9897461e+01
   5.4051940e+06   3.1066895e+01
   5.4053510e+06   3.1372070e+01
   5.4055480e+06   4.2419434e+01
   5.4407450e+06   2.0874023e+01
   5.5011220e+06   1.9775391e+01
   5.8675450e+06   2.6000977e+01
   5.8676720e+06   2.2033691e+01
   5.8677340e+06   2.0141602e+01
   5.8679640e+06   4.1992188e+01
   5.8680200e+06   2.0690918e+01
   5.8684180e+06   3.9855957e+01
   5.8900760e+06   2.0202637e+01
   5.9082190e+06   3.8940430e+01
   5.9082460e+06   3.7048340e+01
   5.9082670e+06   3.1127930e+01
   5.9083070e+06   2.7099609e+01
   5.9083200e+06   2.3742676e+01
   5.9083530e+06   2.2827148e+01
   5.9271660e+06   2.5939941e+01
   5.9272100e+06   2.1118164e+01
   5.9272280e+06   3.9672852e+01
   5.9272460e+06   2.2827148e+01
   5.9272800e+06   3.5156250e+01
   5.9272910e+06   3.2958984e+01
   5.9273550e+06   2.6306152e+01
   5.9292210e+06   2.5085449e+01
