   6.0000000e+06   0.0000000e+00
   3.7041000e+04   4.6081543e+01
   3.7117000e+04   3.4057617e+01
   1.5413900e+05   1.7944336e+01
   1.5415000e+05   9.9182129e+01
   1.5417600e+05   3.5949707e+01
   1.5418600e+05   2.0324707e+01
   1.5424100e+05   2.4719238e+01
   1.5426200e+05   1.8249512e+01
   1.5428100e+05   2.6245117e+01
   1.5441100e+05   1.8737793e+01
   1.5452800e+05   2.4475098e+01
   1.7270800e+05   4.7485352e+01
   1.7273900e+05   8.7097168e+01
   1.7277100e+05   5.8959961e+01
   1.7279000e+05   1.8127441e+01
   1.7282200e+05   2.1850586e+01
   1.7286400e+05   2.0446777e+01
   1.7291200e+05   2.1423340e+01
   1.7310800e+05   2.2399902e+01
   1.7341500e+05   1.8432617e+01
   1.7351600e+05   1.9165039e+01
   1.7359300e+05   2.3742676e+01
   1.7370000e+05   3.1799316e+01
   1.7379300e+05   2.8869629e+01
   1.7392200e+05   3.4545898e+01
   1.7404000e+05   3.8879395e+01
   1.7422900e+05   4.0039063e+01
   1.7440200e+05   4.5593262e+01
   1.7452200e+05   2.0385742e+01
   1.7461400e+05   6.2377930e+01
   2.6529500e+05   1.8554688e+01
   4.2555300e+05   8.5449219e+01
   4.2556900e+05   2.3925781e+01
   4.2558000e+05   5.9020996e+01
   4.2559800e+05   2.1118164e+01
   4.2563100e+05   2.5634766e+01
   4.2570300e+05   1.8005371e+01
   4.2577600e+05   2.0935059e+01
   4.2581900e+05   1.9714355e+01
   4.2591600e+05   4.3212891e+01
   5.2094300e+05   4.8889160e+01
   5.2102000e+05   3.2592773e+01
   5.2175900e+05   1.8066406e+01
   6.3031900e+05   4.2602539e+01
   6.3035200e+05   1.8005371e+01
   6.3042200e+05   2.7404785e+01
   6.3058400e+05   3.7963867e+01
   6.3068300e+05   2.7343750e+01
   6.3069900e+05   8.5571289e+01
   6.3073700e+05   5.0109863e+01
   6.3077800e+05   3.8452148e+01
   6.3081500e+05   2.3315430e+01
   6.3082500e+05   3.3630371e+01
   6.3089700e+05   4.4860840e+01
   6.3107300e+05   1.8371582e+01
   7.2106000e+05   5.9814453e+01
   7.4663100e+05   5.6396484e+01
   7.4720900e+05   2.4414063e+01
   8.0399700e+05   4.9438477e+01
   8.0405700e+05   2.9479980e+01
   8.0415600e+05   2.7770996e+01
   8.0445300e+05   2.0690918e+01
   8.0465500e+05   1.9897461e+01
   9.0082700e+05   4.5288086e+01
   9.0150700e+05   5.5603027e+01
   9.0167900e+05   3.8085938e+01
   9.0194800e+05   1.8676758e+01
   9.0241800e+05   4.5288086e+01
   9.0273700e+05   2.0324707e+01
   9.5890200e+05   1.8493652e+01
   9.6236000e+05   4.3395996e+01
   9.6253500e+05   2.8930664e+01
   9.6272600e+05   2.0690918e+01
   1.0117940e+06   4.9438477e+01
   1.0118790e+06   3.6987305e+01
   1.0119310e+06   8.3312988e+01
   1.0119810e+06   2.3559570e+01
   1.0120010e+06   6.4270020e+01
   1.0120380e+06   1.9104004e+01
   1.0120790e+06   2.1240234e+01
   1.0121180e+06   1.9592285e+01
   1.0122130e+06   2.2277832e+01
   1.0123640e+06   2.3193359e+01
   1.4286060e+06   4.4860840e+01
   1.4286410e+06   9.8937988e+01
   1.4286820e+06   5.8898926e+01
   1.4286960e+06   1.8981934e+01
   1.4287290e+06   3.6254883e+01
   1.4287700e+06   4.1503906e+01
   1.4288210e+06   4.1015625e+01
   1.4289150e+06   4.8950195e+01
   1.4828660e+06   4.9865723e+01
   1.4833340e+06   2.1118164e+01
   1.4833450e+06   4.2663574e+01
   1.4835500e+06   4.1931152e+01
   1.5514510e+06   4.5837402e+01
   1.5515350e+06   3.4057617e+01
   1.5518720e+06   1.8371582e+01
   1.5520460e+06   4.6386719e+01
   1.5531250e+06   4.2785645e+01
   1.6192730e+06   5.5175781e+01
   1.6193600e+06   3.5461426e+01
   1.6195630e+06   1.8127441e+01
   1.6196500e+06   4.4494629e+01
   1.6199420e+06   2.0690918e+01
   1.6204970e+06   3.9001465e+01
   1.6208770e+06   4.9255371e+01
   1.6210420e+06   2.5024414e+01
   1.6212250e+06   4.4433594e+01
   1.6749650e+06   1.8066406e+01
   1.6750570e+06   4.2907715e+01
   1.6751890e+06   4.6875000e+01
   1.6753050e+06   2.9541016e+01
   1.6755000e+06   2.2155762e+01
   1.6755250e+06   3.4118652e+01
   1.6758120e+06   1.8920898e+01
   1.6758220e+06   4.2236328e+01
   1.7588580e+06   4.0283203e+01
   1.7589220e+06   2.0446777e+01
   1.7591660e+06   1.9104004e+01
   1.7594280e+06   2.0202637e+01
   1.8408470e+06   5.0964355e+01
   1.8409150e+06   2.5817871e+01
   1.8410810e+06   3.3691406e+01
   1.8412310e+06   3.6804199e+01
   1.8413410e+06   2.1911621e+01
   1.8415260e+06   1.8493652e+01
   1.8905120e+06   1.7944336e+01
   1.9446930e+06   4.4372559e+01
   1.9447850e+06   4.3090820e+01
   2.0150420e+06   4.4738770e+01
   2.0151400e+06   9.2407227e+01
   2.0152150e+06   5.8959961e+01
   2.0152320e+06   1.8493652e+01
   2.0153490e+06   2.3315430e+01
   2.0155330e+06   3.3996582e+01
   2.0593330e+06   5.8593750e+01
   2.0594440e+06   4.0771484e+01
   2.0600660e+06   1.8188477e+01
   2.2329640e+06   4.6203613e+01
   2.2330950e+06   3.5034180e+01
   2.2333610e+06   5.0598145e+01
   2.2337100e+06   3.8452148e+01
   2.2339310e+06   3.6560059e+01
   2.2342980e+06   4.2419434e+01
   2.2345980e+06   3.8696289e+01
   2.4413380e+06   5.1208496e+01
   2.4443210e+06   4.6142578e+01
   2.4671510e+06   4.8645020e+01
   2.4674200e+06   4.2236328e+01
   2.4674620e+06   1.8493652e+01
   2.4675920e+06   3.0151367e+01
   2.4678900e+06   3.7414551e+01
   2.4682500e+06   4.3029785e+01
   2.4822060e+06   4.5837402e+01
   2.4822390e+06   2.1545410e+01
   2.4822530e+06   7.8613281e+01
   2.4822870e+06   4.6203613e+01
   2.4823160e+06   2.2521973e+01
   2.4823280e+06   2.2766113e+01
   2.4823870e+06   1.9897461e+01
   2.4824110e+06   2.1606445e+01
   2.4824630e+06   2.5512695e+01
   2.4824750e+06   1.9836426e+01
   2.6268910e+06   5.2001953e+01
   2.6269760e+06   3.4179688e+01
   2.6271990e+06   2.1362305e+01
   2.6277070e+06   1.8981934e+01
   2.6601750e+06   5.1879883e+01
   2.6615020e+06   4.9377441e+01
   2.6616410e+06   3.6804199e+01
   2.7617960e+06   5.5541992e+01
   2.7618680e+06   3.2287598e+01
   2.7620290e+06   2.1362305e+01
   2.7620420e+06   3.4118652e+01
   2.7623130e+06   3.6193848e+01
   2.7624870e+06   3.4362793e+01
   2.7625280e+06   1.8371582e+01
   2.7629170e+06   1.9042969e+01
   2.7630290e+06   4.4982910e+01
   2.8542720e+06   5.2673340e+01
   2.8543660e+06   2.7832031e+01
   2.8545610e+06   1.9775391e+01
   2.8549380e+06   2.0996094e+01
   2.8551350e+06   4.0100098e+01
   2.8553320e+06   5.1086426e+01
   2.8945500e+06   5.0537109e+01
   2.8945670e+06   8.7646484e+01
   2.8945990e+06   4.7790527e+01
   2.8946120e+06   1.9104004e+01
   2.8946470e+06   1.9042969e+01
   2.8946660e+06   2.2277832e+01
   2.8946980e+06   2.4169922e+01
   2.8947620e+06   2.1118164e+01
   3.0080360e+06   5.2429199e+01
   3.0306840e+06   5.6762695e+01
   3.0567750e+06   4.9926758e+01
   3.0791250e+06   9.4177246e+01
   3.0791380e+06   5.1086426e+01
   3.0791510e+06   2.8808594e+01
   3.0791820e+06   2.8625488e+01
   3.0791970e+06   2.4230957e+01
   3.0792160e+06   2.0935059e+01
   3.0792590e+06   2.3315430e+01
   3.0794720e+06   1.9348145e+01
   3.0795170e+06   4.0466309e+01
   3.0796250e+06   4.2419434e+01
   3.1069850e+06   6.1706543e+01
   3.1069970e+06   9.2773438e+01
   3.1070280e+06   3.5705566e+01
   3.1070450e+06   2.9663086e+01
   3.1070610e+06   2.1789551e+01
   3.1071010e+06   2.3559570e+01
   3.1071270e+06   1.9958496e+01
   3.1074770e+06   2.3437500e+01
   3.1075460e+06   2.4047852e+01
   3.1077000e+06   2.1240234e+01
   3.1077780e+06   2.6611328e+01
   3.1078670e+06   2.7282715e+01
   3.1079420e+06   2.7404785e+01
   3.1080580e+06   2.6428223e+01
   3.1082440e+06   3.5644531e+01
   3.1083800e+06   3.8085938e+01
   3.1087700e+06   5.3710938e+01
   3.1829040e+06   4.8217773e+01
   3.1831370e+06   2.0507812e+01
   3.1832600e+06   4.4982910e+01
   3.1833510e+06   1.8676758e+01
   3.1834360e+06   3.2592773e+01
   3.1835790e+06   2.4780273e+01
   3.1837020e+06   2.4047852e+01
   3.1838550e+06   2.0935059e+01
   3.1840700e+06   7.0861816e+01
   3.1840980e+06   2.3376465e+01
   3.1841120e+06   4.1381836e+01
   3.1841470e+06   2.9663086e+01
   3.1841990e+06   2.1667480e+01
   3.1845220e+06   2.2827148e+01
   3.2337120e+06   4.9804688e+01
   3.2338060e+06   1.9714355e+01
   3.2338500e+06   3.9916992e+01
   3.2339680e+06   2.9968262e+01
   3.2340060e+06   2.1484375e+01
   3.2341150e+06   2.9113770e+01
   3.2342280e+06   1.8493652e+01
   3.2343370e+06   8.3312988e+01
   3.2343750e+06   3.8208008e+01
   3.2343860e+06   2.0080566e+01
   3.2344160e+06   2.5329590e+01
   3.2344280e+06   2.2155762e+01
   3.2344450e+06   2.1240234e+01
   3.2344680e+06   2.6428223e+01
   3.2346640e+06   1.9775391e+01
   3.2844900e+06   4.2785645e+01
   3.2846400e+06   3.6621094e+01
   3.2847840e+06   2.7648926e+01
   3.2848860e+06   9.0698242e+01
   3.2849310e+06   6.0791016e+01
   3.2849660e+06   3.2897949e+01
   3.2850000e+06   2.3559570e+01
   3.2850210e+06   2.0568848e+01
   3.2851150e+06   2.0263672e+01
   3.2852220e+06   2.1118164e+01
   3.2853280e+06   2.4658203e+01
   3.2854150e+06   3.0578613e+01
   3.3071830e+06   5.1818848e+01
   3.3294710e+06   4.2297363e+01
   3.3295320e+06   2.2277832e+01
   3.3295500e+06   8.0444336e+01
   3.3295920e+06   5.3771973e+01
   3.3296280e+06   2.2094727e+01
   3.3296490e+06   2.0751953e+01
   3.3296780e+06   1.8615723e+01
   3.3297250e+06   1.8737793e+01
   3.3297710e+06   1.9042969e+01
   3.3300320e+06   2.4475098e+01
   3.3301060e+06   2.3681641e+01
   3.3301180e+06   2.9418945e+01
   3.3302570e+06   3.8269043e+01
   3.3585160e+06   4.5288086e+01
   3.3590500e+06   4.6997070e+01
   3.3592640e+06   3.3203125e+01
   3.3593390e+06   2.6367187e+01
   3.3593510e+06   9.3322754e+01
   3.3593960e+06   5.7617188e+01
   3.3594390e+06   2.4353027e+01
   3.3594760e+06   3.1066895e+01
   3.3595080e+06   1.9165039e+01
   3.3595490e+06   1.8615723e+01
   3.3599370e+06   2.0629883e+01
   3.3600180e+06   3.1555176e+01
   3.3601040e+06   3.1921387e+01
   3.3748640e+06   9.1613770e+01
   3.3749080e+06   4.8645020e+01
   3.3749230e+06   2.0385742e+01
   3.3749350e+06   2.6733398e+01
   3.3749550e+06   3.4057617e+01
   3.3749950e+06   2.6367188e+01
   3.3750270e+06   2.5817871e+01
   3.3752120e+06   1.9653320e+01
   3.3756880e+06   4.2114258e+01
   3.3759460e+06   2.1911621e+01
   3.3788060e+06   2.0507812e+01
   3.4166420e+06   4.6447754e+01
   3.4166880e+06   8.9294434e+01
   3.4167070e+06   2.4475098e+01
   3.4167240e+06   3.7048340e+01
   3.4167500e+06   2.3315430e+01
   3.4167650e+06   2.3010254e+01
   3.4167930e+06   2.1606445e+01
   3.4168460e+06   1.9287109e+01
   3.4171420e+06   1.9714355e+01
   3.4171930e+06   1.8493652e+01
   3.4173920e+06   2.6428223e+01
   3.4174730e+06   2.8808594e+01
   3.4533020e+06   5.5114746e+01
   3.4533510e+06   7.9711914e+01
   3.4533790e+06   3.2104492e+01
   3.4533950e+06   5.0292969e+01
   3.4534330e+06   3.0578613e+01
   3.4534700e+06   2.8320312e+01
   3.4537130e+06   1.8432617e+01
   3.4538970e+06   2.5634766e+01
   3.4539630e+06   1.9836426e+01
   3.4540860e+06   3.2409668e+01
   3.4950220e+06   5.2124023e+01
   3.4951250e+06   3.6621094e+01
   3.4951750e+06   7.9528809e+01
   3.4952280e+06   5.4565430e+01
   3.4952560e+06   2.4597168e+01
   3.4952800e+06   2.9907227e+01
   3.4953210e+06   2.8991699e+01
   3.4953490e+06   2.0751953e+01
   3.4954020e+06   2.1728516e+01
   3.4954440e+06   2.0385742e+01
   3.4955360e+06   2.2827148e+01
   3.4958270e+06   3.4973145e+01
   3.5179880e+06   5.1940918e+01
   3.5180690e+06   2.5573730e+01
   3.5181020e+06   7.7392578e+01
   3.5181450e+06   2.7038574e+01
   3.5181800e+06   5.7495117e+01
   3.5182100e+06   2.7465820e+01
   3.5182280e+06   4.6875000e+01
   3.5182840e+06   3.1738281e+01
   3.5183110e+06   1.9287109e+01
   3.5183420e+06   2.0324707e+01
   3.5183910e+06   2.3498535e+01
   3.5184470e+06   1.8981934e+01
   3.5186910e+06   4.7119141e+01
   3.5569340e+06   4.5288086e+01
   3.5570190e+06   3.0578613e+01
   3.5571040e+06   2.2644043e+01
   3.5571410e+06   7.2265625e+01
   3.5571820e+06   2.0385742e+01
   3.5572080e+06   6.3354492e+01
   3.5572250e+06   1.9653320e+01
   3.5572580e+06   3.2165527e+01
   3.5572950e+06   2.2949219e+01
   3.5573070e+06   2.6977539e+01
   3.5573590e+06   1.8981934e+01
   3.5574600e+06   4.9560547e+01
   3.5575090e+06   1.9714355e+01
   3.5577580e+06   2.7893066e+01
   3.5578300e+06   2.0385742e+01
   3.5988140e+06   5.0048828e+01
   3.5989270e+06   3.5156250e+01
   3.5990840e+06   3.2531738e+01
   3.5992170e+06   1.9897461e+01
   3.5992290e+06   2.1179199e+01
   3.5998550e+06   2.4169922e+01
   3.6314510e+06   4.8461914e+01
   3.6316370e+06   3.6804199e+01
   3.6317700e+06   2.0996094e+01
   3.6318140e+06   3.5217285e+01
   3.6319230e+06   2.8137207e+01
   3.6319570e+06   1.9714355e+01
   3.6322740e+06   3.1005859e+01
   3.6323920e+06   2.0263672e+01
   3.6325950e+06   4.0588379e+01
   3.6547870e+06   4.7607422e+01
   3.6550700e+06   4.3762207e+01
   3.6552320e+06   1.8798828e+01
   3.6552560e+06   2.6916504e+01
   3.6554960e+06   3.2531738e+01
   3.6958950e+06   5.0048828e+01
   3.6960370e+06   3.4362793e+01
   3.6963440e+06   3.6010742e+01
   3.6966770e+06   4.3090820e+01
   3.9063590e+06   8.7097168e+01
   4.3486610e+06   5.1879883e+01
   4.3487840e+06   1.9836426e+01
   4.3488440e+06   4.5104980e+01
   4.3489900e+06   3.5644531e+01
   4.3491330e+06   2.1667480e+01
   4.3492570e+06   2.9724121e+01
   4.3494530e+06   2.7221680e+01
   4.3499150e+06   1.9226074e+01
   4.5975980e+06   5.2490234e+01
   4.7390740e+06   5.6335449e+01
   4.7391640e+06   3.3203125e+01
   4.7394170e+06   1.9348145e+01
   4.7403200e+06   4.4067383e+01
   4.7404870e+06   4.7302246e+01
   4.7405530e+06   1.9531250e+01
   4.7406030e+06   7.0983887e+01
   4.7410220e+06   2.6489258e+01
   4.8566660e+06   4.5776367e+01
   4.9338820e+06   4.7912598e+01
   5.0745670e+06   4.4128418e+01
   5.1765970e+06   5.1147461e+01
   5.1767960e+06   3.9978027e+01
   5.1771500e+06   1.9897461e+01
   5.1775100e+06   1.8615723e+01
   5.1779340e+06   1.8920898e+01
   5.2102560e+06   4.6936035e+01
   5.2102880e+06   7.1411133e+01
   5.2103180e+06   4.9011230e+01
   5.2103390e+06   2.1728516e+01
   5.2103660e+06   2.4658203e+01
   5.2103840e+06   3.0456543e+01
   5.2104040e+06   2.8137207e+01
   5.2104450e+06   2.3071289e+01
   5.2104810e+06   3.0151367e+01
   5.2105980e+06   2.5939941e+01
   5.2279950e+06   5.4626465e+01
   5.2280110e+06   1.8676758e+01
   5.2280230e+06   8.3190918e+01
   5.2280520e+06   3.5705566e+01
   5.2280770e+06   2.2521973e+01
   5.2280880e+06   1.9348145e+01
   5.2281280e+06   2.6794434e+01
   5.2282120e+06   2.0629883e+01
   5.2284170e+06   2.0996094e+01
   5.2286460e+06   2.1118164e+01
   5.2287250e+06   2.3925781e+01
   5.2288110e+06   3.3325195e+01
   5.2292440e+06   5.4992676e+01
   5.4043570e+06   4.9194336e+01
   5.4045650e+06   3.0151367e+01
   5.4045880e+06   1.8432617e+01
   5.4047020e+06   2.0996094e+01
   5.4047490e+06   3.9489746e+01
   5.4049520e+06   3.9245605e+01
   5.4051380e+06   3.4362793e+01
   5.4053810e+06   3.4606934e+01
   5.4055760e+06   1.8798828e+01
   5.8657310e+06   5.0842285e+01
   5.8658440e+06   3.4057617e+01
   5.8662900e+06   4.0161133e+01
   5.8666390e+06   1.9042969e+01
   5.8666910e+06   4.1748047e+01
   5.8669360e+06   4.8278809e+01
   5.8672220e+06   4.5532227e+01
   5.9082760e+06   9.2224121e+01
   5.9082870e+06   4.5593262e+01
   5.9083040e+06   3.0090332e+01
   5.9083360e+06   2.4475098e+01
   5.9083490e+06   3.1799316e+01
   5.9085340e+06   2.1057129e+01
   5.9085500e+06   2.0263672e+01
   5.9272700e+06   9.1674805e+01
   5.9272880e+06   4.7058105e+01
   5.9273000e+06   3.4240723e+01
   5.9273270e+06   2.8259277e+01
   5.9273410e+06   3.0334473e+01
   5.9273970e+06   1.9897461e+01
   5.9277600e+06   1.9897461e+01
   5.9278010e+06   2.2888184e+01
   5.9279350e+06   1.9958496e+01
   5.9280710e+06   2.4719238e+01
   5.9281430e+06   2.5390625e+01
   5.9282460e+06   3.7780762e+01
   5.9283520e+06   3.8513184e+01
   5.9284520e+06   4.6447754e+01
