   5.9990000e+06   0.0000000e+00
   3.4648000e+04   2.4780273e+01
   1.7689600e+05   3.7963867e+01
   1.7692200e+05   3.0944824e+01
   1.7706300e+05   2.7404785e+01
   1.9882200e+05   6.6223145e+01
   1.9885200e+05   2.8503418e+01
   1.9992200e+05   2.4658203e+01
   2.0010900e+05   2.7282715e+01
   2.0024000e+05   3.0456543e+01
   2.0041500e+05   3.1311035e+01
   4.2771200e+05   2.5085449e+01
   4.5303200e+05   2.6123047e+01
   8.7433200e+05   2.5207520e+01
   1.0192960e+06   3.9428711e+01
   1.0193350e+06   4.2968750e+01
   1.0194080e+06   2.6184082e+01
   1.0194850e+06   3.9184570e+01
   1.0195410e+06   4.4372559e+01
   1.0196330e+06   5.6518555e+01
   1.9348210e+06   3.6682129e+01
   1.9348460e+06   3.2409668e+01
   1.9349050e+06   2.6245117e+01
   1.9350450e+06   4.2358398e+01
   2.1031670e+06   3.2470703e+01
   2.1031790e+06   2.8320312e+01
   2.1032150e+06   3.2958984e+01
   2.1032630e+06   3.5766602e+01
   2.1033530e+06   4.3518066e+01
   2.8985090e+06   3.6621094e+01
   2.8985360e+06   3.3081055e+01
   2.8986620e+06   2.4536133e+01
   3.1977390e+06   4.5959473e+01
   3.1978130e+06   4.5715332e+01
   3.7547660e+06   2.6733398e+01
   3.8232480e+06   6.6040039e+01
   3.8232580e+06   4.6020508e+01
   3.8232770e+06   3.3264160e+01
   3.8233060e+06   3.3630371e+01
   3.8233820e+06   2.4902344e+01
   3.8234140e+06   2.4719238e+01
   3.8234710e+06   3.7536621e+01
   3.8235350e+06   4.6264648e+01
   3.8236090e+06   4.2480469e+01
   3.8755920e+06   2.5146484e+01
   4.4562130e+06   2.4658203e+01
   4.5976020e+06   5.2124023e+01
   4.5976330e+06   3.6743164e+01
   4.5976460e+06   2.4963379e+01
   4.5977360e+06   2.8808594e+01
   4.5977810e+06   3.3935547e+01
   4.5978570e+06   4.0222168e+01
   4.5979280e+06   4.1809082e+01
   4.8100680e+06   2.5512695e+01
   4.9880520e+06   2.6367188e+01
   5.2745250e+06   2.5390625e+01
   5.4804190e+06   2.4902344e+01
   5.5504040e+06   4.6081543e+01
   5.5504330e+06   3.5217285e+01
   5.5504640e+06   2.9602051e+01
   5.5505270e+06   2.4658203e+01
   5.5505750e+06   2.6855469e+01
   5.5506460e+06   4.2236328e+01
