   5.9990000e+06   0.0000000e+00
   1.7673800e+05   2.0935059e+01
   1.7680800e+05   2.9418945e+01
   1.7682400e+05   2.1179199e+01
   1.7688300e+05   2.6672363e+01
   1.7690400e+05   2.1423340e+01
   1.9867700e+05   2.3559570e+01
   1.9872900e+05   2.1789551e+01
   1.9876400e+05   2.2277832e+01
   1.9879700e+05   2.0812988e+01
   1.9881400e+05   3.4118652e+01
   1.9890700e+05   2.1423340e+01
   1.9893300e+05   2.2827148e+01
   1.0192530e+06   2.1850586e+01
   1.0192980e+06   2.9907227e+01
   1.0193460e+06   2.4902344e+01
   1.0193810e+06   2.0812988e+01
   1.0193990e+06   3.0212402e+01
   1.0194150e+06   2.4353027e+01
   1.0194410e+06   2.2338867e+01
   1.0195870e+06   2.3803711e+01
   1.0252060e+06   2.1179199e+01
   1.4706060e+06   2.1850586e+01
   1.9346920e+06   2.1057129e+01
   1.9347350e+06   3.7719727e+01
   1.9347580e+06   2.2094727e+01
   1.9347770e+06   2.2766113e+01
   1.9348050e+06   2.9968262e+01
   1.9348440e+06   2.4719238e+01
   1.9348800e+06   2.2766113e+01
   1.9348920e+06   2.1606445e+01
   1.9349700e+06   2.3132324e+01
   2.1032190e+06   2.2460938e+01
   2.1032710e+06   2.6306152e+01
   2.1033150e+06   2.9235840e+01
   2.1033750e+06   2.0935059e+01
   2.1035690e+06   2.1728516e+01
   2.3824590e+06   2.3559570e+01
   2.8983920e+06   2.1972656e+01
   2.8984190e+06   2.2399902e+01
   2.8984470e+06   2.8381348e+01
   2.8984620e+06   2.6245117e+01
   2.8985080e+06   2.1972656e+01
   2.8985220e+06   2.8808594e+01
   2.8985430e+06   2.7160645e+01
   2.8985700e+06   2.1240234e+01
   3.1979710e+06   2.3803711e+01
   3.1979810e+06   2.0996094e+01
   3.1980040e+06   2.9541016e+01
   3.1980190e+06   2.6855469e+01
   3.1980510e+06   2.2338867e+01
   3.1980780e+06   2.3925781e+01
   3.1980950e+06   2.8625488e+01
   3.1981100e+06   2.0812988e+01
   3.1981360e+06   2.3010254e+01
   3.1981540e+06   2.1667480e+01
   3.8231700e+06   2.5451660e+01
   3.8232220e+06   2.7282715e+01
   3.8232470e+06   2.1118164e+01
   3.8232960e+06   2.3864746e+01
   3.8233340e+06   2.1606445e+01
   3.8234270e+06   2.1850586e+01
   3.9224050e+06   2.1118164e+01
   4.5975810e+06   2.4719238e+01
   4.5976060e+06   2.9418945e+01
   4.5976250e+06   2.1362305e+01
   4.5976490e+06   2.2277832e+01
   4.5976820e+06   2.1667480e+01
   4.5978670e+06   2.1423340e+01
   4.5980320e+06   2.1484375e+01
   5.5503540e+06   2.2888184e+01
   5.5503800e+06   2.4841309e+01
   5.5504070e+06   2.5207520e+01
   5.5504280e+06   2.3071289e+01
   5.5504760e+06   2.1362305e+01
   5.5505630e+06   2.1728516e+01
   5.5507790e+06   2.1911621e+01
