   5.9990000e+06   0.0000000e+00
   7.0111000e+04   3.8208008e+01
   1.0057800e+05   2.6367188e+01
   1.0888700e+05   3.3386230e+01
   1.3036600e+05   4.1381836e+01
   1.5658000e+05   4.0283203e+01
   1.7664100e+05   2.2094727e+01
   1.7667100e+05   3.6071777e+01
   1.7670000e+05   2.6062012e+01
   1.7674700e+05   5.7739258e+01
   1.7677900e+05   1.1376953e+02
   1.7679800e+05   1.0430908e+02
   1.7681100e+05   4.7424316e+01
   1.7683100e+05   5.4077148e+01
   1.7685300e+05   6.0546875e+01
   1.7686500e+05   7.6843262e+01
   1.7689000e+05   4.2236328e+01
   1.7691700e+05   8.7158203e+01
   1.7693100e+05   4.0466309e+01
   1.7695100e+05   5.0842285e+01
   1.7697200e+05   2.1606445e+01
   1.7698200e+05   3.6804199e+01
   1.7700300e+05   4.1198730e+01
   1.7701800e+05   5.5603027e+01
   1.7705100e+05   3.1066895e+01
   1.7707400e+05   2.5939941e+01
   1.7709200e+05   3.4790039e+01
   1.7713100e+05   3.8940430e+01
   1.7716000e+05   2.2338867e+01
   1.7717000e+05   3.5766602e+01
   1.7720700e+05   3.6621094e+01
   1.7723100e+05   2.3254395e+01
   1.7725700e+05   3.6071777e+01
   1.7729200e+05   4.3945312e+01
   1.7730200e+05   3.4912109e+01
   1.7734400e+05   3.0578613e+01
   1.7738800e+05   2.6184082e+01
   1.7740900e+05   3.8818359e+01
   1.7743400e+05   3.4790039e+01
   1.7748100e+05   3.2409668e+01
   1.7751500e+05   4.1259766e+01
   1.7753000e+05   2.6794434e+01
   1.7757400e+05   2.8747559e+01
   1.7760900e+05   4.1320801e+01
   1.7762000e+05   2.6428223e+01
   1.7767000e+05   2.2827148e+01
   1.7770900e+05   4.3579102e+01
   1.7776500e+05   3.0639648e+01
   1.7781500e+05   2.7099609e+01
   1.7786400e+05   2.3315430e+01
   1.7788500e+05   3.3996582e+01
   1.7791700e+05   2.8381348e+01
   1.7796600e+05   2.2094727e+01
   1.7801400e+05   2.5268555e+01
   1.7803100e+05   4.0222168e+01
   1.7807000e+05   2.4963379e+01
   1.7822700e+05   3.9978027e+01
   1.7827200e+05   2.5146484e+01
   1.7833100e+05   2.7038574e+01
   1.7838600e+05   3.5034180e+01
   1.7871800e+05   3.5827637e+01
   1.7927800e+05   3.5949707e+01
   1.9828300e+05   2.2644043e+01
   1.9843100e+05   2.5207520e+01
   1.9849200e+05   7.3425293e+01
   1.9853300e+05   2.9846191e+01
   1.9854600e+05   2.1850586e+01
   1.9856400e+05   2.7709961e+01
   1.9857700e+05   5.3039551e+01
   1.9860400e+05   7.9589844e+01
   1.9861900e+05   9.5581055e+01
   1.9864000e+05   5.1940918e+01
   1.9866100e+05   1.0546875e+02
   1.9867200e+05   2.1972656e+01
   1.9868200e+05   5.1147461e+01
   1.9870900e+05   3.9367676e+01
   1.9872300e+05   3.0029297e+01
   1.9874800e+05   6.0974121e+01
   1.9876900e+05   8.6975098e+01
   1.9879700e+05   3.6987305e+01
   1.9881900e+05   3.2836914e+01
   1.9883500e+05   6.2866211e+01
   1.9884800e+05   2.9785156e+01
   1.9887900e+05   7.0434570e+01
   1.9889000e+05   4.5837402e+01
   1.9890900e+05   2.5390625e+01
   1.9893400e+05   4.5104980e+01
   1.9895400e+05   3.3813477e+01
   1.9897200e+05   4.4433594e+01
   1.9899600e+05   2.6794434e+01
   1.9902500e+05   3.0151367e+01
   1.9906500e+05   5.0476074e+01
   1.9909000e+05   3.2104492e+01
   1.9913800e+05   2.1118164e+01
   1.9917700e+05   2.6245117e+01
   1.9919900e+05   2.8625488e+01
   1.9921500e+05   3.7475586e+01
   1.9925700e+05   2.0812988e+01
   1.9930300e+05   3.3630371e+01
   1.9932300e+05   2.7221680e+01
   1.9934900e+05   4.3090820e+01
   1.9939300e+05   3.0029297e+01
   1.9941400e+05   2.2766113e+01
   1.9944700e+05   2.9357910e+01
   1.9947800e+05   2.1728516e+01
   1.9950300e+05   2.7893066e+01
   1.9952400e+05   2.0690918e+01
   1.9953800e+05   2.5817871e+01
   1.9956200e+05   3.1494141e+01
   1.9959000e+05   2.3254395e+01
   1.9961600e+05   2.2338867e+01
   1.9966100e+05   2.3925781e+01
   1.9968400e+05   3.2470703e+01
   1.9971700e+05   3.2043457e+01
   1.9974300e+05   2.6245117e+01
   1.9977100e+05   2.7099609e+01
   1.9978700e+05   2.1301270e+01
   1.9980200e+05   2.4230957e+01
   1.9984200e+05   2.5085449e+01
   1.9986900e+05   2.6794434e+01
   1.9991300e+05   3.7048340e+01
   1.9993900e+05   2.7954102e+01
   1.9995100e+05   2.5817871e+01
   1.9997100e+05   2.1362305e+01
   2.0000600e+05   2.5451660e+01
   2.0003400e+05   2.3986816e+01
   2.0007600e+05   2.8503418e+01
   2.0012000e+05   2.9235840e+01
   2.0016100e+05   2.5756836e+01
   2.0020300e+05   2.4291992e+01
   2.0022600e+05   2.8930664e+01
   2.0029100e+05   3.3813477e+01
   2.0030400e+05   2.6062012e+01
   2.0036400e+05   3.2409668e+01
   2.0039700e+05   2.7893066e+01
   2.0047300e+05   2.3742676e+01
   2.0056500e+05   2.3681641e+01
   2.0063600e+05   2.7282715e+01
   2.0075800e+05   3.1921387e+01
   2.0087700e+05   2.3925781e+01
   2.0102400e+05   2.9113770e+01
   2.0115000e+05   2.2705078e+01
   2.0132400e+05   2.5512695e+01
   2.0147800e+05   3.1677246e+01
   2.0167500e+05   2.8259277e+01
   2.0237000e+05   2.9541016e+01
   2.0269000e+05   2.4841309e+01
   2.0292300e+05   2.6062012e+01
   2.0326200e+05   2.5146484e+01
   2.0397700e+05   2.7832031e+01
   2.1418200e+05   2.0568848e+01
   2.9162800e+05   2.7038574e+01
   2.9173100e+05   2.4597168e+01
   2.9186000e+05   3.6132812e+01
   3.2659200e+05   3.7841797e+01
   3.3858000e+05   2.4108887e+01
   3.3860700e+05   3.2775879e+01
   3.3866500e+05   2.3376465e+01
   3.3875600e+05   2.4963379e+01
   3.3876700e+05   2.2827148e+01
   3.3879100e+05   5.2062988e+01
   3.3885200e+05   2.3071289e+01
   3.3887300e+05   3.5766602e+01
   3.3894200e+05   2.1423340e+01
   3.3895300e+05   3.5339355e+01
   3.3900300e+05   2.4719238e+01
   3.3904100e+05   2.8137207e+01
   3.3905500e+05   9.3200684e+01
   3.3907100e+05   4.3518066e+01
   3.3911500e+05   4.0466309e+01
   3.3912800e+05   2.5146484e+01
   3.3915700e+05   2.6977539e+01
   3.3916700e+05   2.1484375e+01
   3.3920500e+05   3.8879395e+01
   3.3922200e+05   4.6813965e+01
   3.3924500e+05   6.8176270e+01
   3.3925800e+05   2.3864746e+01
   3.3928600e+05   5.3405762e+01
   3.3930500e+05   3.2043457e+01
   3.3932100e+05   8.0017090e+01
   3.3934500e+05   4.2541504e+01
   3.3936700e+05   4.4982910e+01
   3.3938000e+05   2.8564453e+01
   3.3940800e+05   3.0517578e+01
   3.3942100e+05   2.5695801e+01
   3.3944400e+05   6.9396973e+01
   3.3946400e+05   4.2114258e+01
   3.3950800e+05   3.7048340e+01
   3.3951800e+05   4.2236328e+01
   3.3954800e+05   2.1118164e+01
   3.3957500e+05   3.6499023e+01
   3.3963800e+05   4.0771484e+01
   3.3967400e+05   2.3254395e+01
   3.3971600e+05   2.9663086e+01
   3.3980200e+05   3.4667969e+01
   3.8078700e+05   3.3447266e+01
   3.8181700e+05   2.3742676e+01
   3.8184600e+05   4.9194336e+01
   3.8189600e+05   2.1179199e+01
   3.8271200e+05   2.2460938e+01
   3.8277300e+05   2.4108887e+01
   3.8286300e+05   5.6945801e+01
   3.8289200e+05   6.8359375e+01
   3.8291900e+05   3.8146973e+01
   3.8298400e+05   2.2521973e+01
   3.8310300e+05   2.1118164e+01
   3.8311300e+05   4.4250488e+01
   3.8314300e+05   3.8391113e+01
   3.8325400e+05   2.3437500e+01
   3.8334500e+05   2.2583008e+01
   4.1632900e+05   2.2338867e+01
   4.3241300e+05   3.3081055e+01
   4.3304200e+05   3.3386230e+01
   4.3390600e+05   4.0954590e+01
   4.3393200e+05   2.2766113e+01
   4.3402000e+05   2.2399902e+01
   4.6223800e+05   3.5217285e+01
   4.6303300e+05   2.7038574e+01
   4.6420900e+05   3.5034180e+01
   4.6425800e+05   2.1301270e+01
   4.7640600e+05   2.1728516e+01
   5.0661400e+05   3.7048340e+01
   5.0735100e+05   2.1545410e+01
   5.0759600e+05   2.1301270e+01
   5.0820200e+05   2.8869629e+01
   5.0822300e+05   3.2226562e+01
   5.0824900e+05   2.0568848e+01
   5.0839500e+05   3.1921387e+01
   5.2862400e+05   3.2775879e+01
   5.2930300e+05   2.1484375e+01
   5.2939700e+05   3.1860352e+01
   5.2941600e+05   3.5034180e+01
   5.3008000e+05   2.8564453e+01
   5.4254900e+05   3.3569336e+01
   5.4324700e+05   2.4353027e+01
   5.4341000e+05   3.0578613e+01
   5.4410400e+05   2.3376465e+01
   5.4414000e+05   2.0996094e+01
   5.9399700e+05   2.4047852e+01
   6.7063700e+05   2.4353027e+01
   6.7072100e+05   2.6916504e+01
   6.7081900e+05   3.1494141e+01
   6.8321500e+05   3.6865234e+01
   6.8388900e+05   3.2226562e+01
   7.1970000e+05   2.1240234e+01
   7.1972600e+05   3.7170410e+01
   7.1977400e+05   2.1057129e+01
   7.2158000e+05   2.9296875e+01
   7.2160500e+05   2.3620605e+01
   7.2182200e+05   2.6062012e+01
   1.0191870e+06   2.3925781e+01
   1.0192100e+06   4.5288086e+01
   1.0192340e+06   9.9731445e+01
   1.0192560e+06   1.8841553e+02
   1.0192760e+06   6.9946289e+01
   1.0192980e+06   1.0284424e+02
   1.0193150e+06   2.1911621e+01
   1.0193250e+06   7.3120117e+01
   1.0193480e+06   5.4626465e+01
   1.0193730e+06   5.7800293e+01
   1.0194030e+06   6.1157227e+01
   1.0194180e+06   3.3203125e+01
   1.0194390e+06   4.0954590e+01
   1.0194650e+06   3.9428711e+01
   1.0194820e+06   3.2714844e+01
   1.0195030e+06   4.5593262e+01
   1.0195190e+06   3.2531738e+01
   1.0195410e+06   2.8320312e+01
   1.0195760e+06   3.1677246e+01
   1.0196030e+06   2.4902344e+01
   1.0196170e+06   3.7292480e+01
   1.0196590e+06   3.7292480e+01
   1.0196780e+06   3.2470703e+01
   1.0197010e+06   3.4240723e+01
   1.0197350e+06   2.4536133e+01
   1.0197460e+06   3.4484863e+01
   1.0197680e+06   4.5349121e+01
   1.0197910e+06   2.9052734e+01
   1.0198020e+06   2.1911621e+01
   1.0198280e+06   2.6794434e+01
   1.0198740e+06   5.7678223e+01
   1.0198860e+06   2.3925781e+01
   1.0199190e+06   3.9550781e+01
   1.0199630e+06   3.9428711e+01
   1.0200100e+06   2.8076172e+01
   1.0200230e+06   4.6508789e+01
   1.0200590e+06   2.8198242e+01
   1.0201070e+06   2.8625488e+01
   1.0201340e+06   3.9123535e+01
   1.0201560e+06   2.2766113e+01
   1.0202050e+06   2.6672363e+01
   1.0202570e+06   2.4536133e+01
   1.0202680e+06   3.8757324e+01
   1.0203140e+06   2.4780273e+01
   1.0203780e+06   2.2338867e+01
   1.0204230e+06   2.8015137e+01
   1.0204720e+06   2.3376465e+01
   1.0205210e+06   2.7893066e+01
   1.0205470e+06   4.0222168e+01
   1.0205790e+06   2.8991699e+01
   1.0206970e+06   3.7231445e+01
   1.0208120e+06   3.9123535e+01
   1.0210060e+06   3.7414551e+01
   1.0215090e+06   3.3752441e+01
   1.0244310e+06   2.9052734e+01
   1.0373680e+06   2.2216797e+01
   1.0775700e+06   2.0812988e+01
   1.1254260e+06   2.0629883e+01
   1.1404070e+06   3.6437988e+01
   1.6023670e+06   2.1789551e+01
   1.6905780e+06   3.6987305e+01
   1.6997080e+06   3.9367676e+01
   1.7502450e+06   2.2216797e+01
   1.7760120e+06   3.2043457e+01
   1.9339910e+06   2.0874023e+01
   1.9345770e+06   2.1118164e+01
   1.9346150e+06   3.9489746e+01
   1.9346310e+06   5.3100586e+01
   1.9346480e+06   5.7678223e+01
   1.9346890e+06   1.6192627e+02
   1.9347210e+06   7.2265625e+01
   1.9347450e+06   8.7219238e+01
   1.9347600e+06   5.3771973e+01
   1.9347810e+06   6.2072754e+01
   1.9347980e+06   5.5114746e+01
   1.9348120e+06   3.4912109e+01
   1.9348330e+06   4.4860840e+01
   1.9348430e+06   4.1320801e+01
   1.9348640e+06   3.8269043e+01
   1.9348800e+06   2.2644043e+01
   1.9348930e+06   4.1076660e+01
   1.9349260e+06   3.7963867e+01
   1.9349600e+06   4.1992188e+01
   1.9349700e+06   2.2705078e+01
   1.9349980e+06   3.5156250e+01
   1.9350210e+06   3.2836914e+01
   1.9350360e+06   4.0405273e+01
   1.9350460e+06   2.2521973e+01
   1.9350740e+06   3.3447266e+01
   1.9351020e+06   2.1911621e+01
   1.9351120e+06   3.5034180e+01
   1.9351550e+06   2.5268555e+01
   1.9351770e+06   4.8461914e+01
   1.9351970e+06   3.4606934e+01
   1.9352390e+06   3.6865234e+01
   1.9352630e+06   3.8024902e+01
   1.9352800e+06   3.3386230e+01
   1.9353010e+06   4.0222168e+01
   1.9353210e+06   2.2705078e+01
   1.9353630e+06   9.6618652e+01
   1.9353910e+06   2.4780273e+01
   1.9354110e+06   3.8818359e+01
   1.9354480e+06   2.6367188e+01
   1.9354920e+06   2.1911621e+01
   1.9355370e+06   5.9631348e+01
   1.9355830e+06   3.4301758e+01
   1.9356280e+06   3.3142090e+01
   1.9356400e+06   3.6437988e+01
   1.9356720e+06   2.6428223e+01
   1.9357160e+06   2.8991699e+01
   1.9357640e+06   2.6062012e+01
   1.9357880e+06   3.1799316e+01
   1.9358100e+06   2.6123047e+01
   1.9358540e+06   2.4230957e+01
   1.9358750e+06   3.8574219e+01
   1.9358990e+06   2.9296875e+01
   1.9359890e+06   4.5471191e+01
   1.9360440e+06   2.5939941e+01
   1.9360700e+06   2.6306152e+01
   1.9360920e+06   2.1667480e+01
   1.9361470e+06   2.3193359e+01
   1.9361960e+06   2.0507812e+01
   1.9362530e+06   3.8330078e+01
   1.9363810e+06   3.4667969e+01
   1.9365080e+06   3.5888672e+01
   1.9366840e+06   3.6926270e+01
   1.9367800e+06   3.5034180e+01
   1.9372070e+06   3.0944824e+01
   1.9372260e+06   4.2663574e+01
   1.9378630e+06   3.5827637e+01
   1.9383010e+06   2.9968262e+01
   1.9391960e+06   2.9418945e+01
   1.9399230e+06   3.1677246e+01
   1.9410120e+06   3.0944824e+01
   1.9419980e+06   3.1127930e+01
   1.9430330e+06   3.0090332e+01
   1.9612440e+06   2.6489258e+01
   1.9932590e+06   2.0690918e+01
   2.1029330e+06   2.3925781e+01
   2.1030660e+06   2.1911621e+01
   2.1030890e+06   2.3193359e+01
   2.1031180e+06   2.4963379e+01
   2.1031380e+06   3.9550781e+01
   2.1031560e+06   2.2094727e+01
   2.1031770e+06   1.2768555e+02
   2.1031940e+06   5.0903320e+01
   2.1032190e+06   7.7941895e+01
   2.1032380e+06   3.9245605e+01
   2.1032590e+06   3.8208008e+01
   2.1032790e+06   5.9631348e+01
   2.1032960e+06   5.6640625e+01
   2.1033060e+06   3.9184570e+01
   2.1033280e+06   5.9020996e+01
   2.1033430e+06   2.5390625e+01
   2.1033530e+06   3.8330078e+01
   2.1033650e+06   4.2480469e+01
   2.1033820e+06   2.0751953e+01
   2.1033920e+06   3.8879395e+01
   2.1034180e+06   4.3212891e+01
   2.1034380e+06   2.6916504e+01
   2.1034510e+06   2.3010254e+01
   2.1034790e+06   6.2805176e+01
   2.1035030e+06   2.3986816e+01
   2.1035130e+06   2.8076172e+01
   2.1035250e+06   2.7893066e+01
   2.1035410e+06   2.2766113e+01
   2.1035530e+06   3.3874512e+01
   2.1035730e+06   2.7526855e+01
   2.1035830e+06   3.6682129e+01
   2.1036180e+06   2.3986816e+01
   2.1036380e+06   2.7709961e+01
   2.1036710e+06   2.8503418e+01
   2.1036850e+06   3.0273438e+01
   2.1037130e+06   4.7790527e+01
   2.1037290e+06   2.2399902e+01
   2.1037560e+06   2.6000977e+01
   2.1037770e+06   2.5817871e+01
   2.1038010e+06   2.8625488e+01
   2.1038320e+06   3.4057617e+01
   2.1038460e+06   5.9509277e+01
   2.1038670e+06   3.3752441e+01
   2.1038940e+06   2.4963379e+01
   2.1039100e+06   2.7343750e+01
   2.1039590e+06   4.2297363e+01
   2.1039700e+06   3.4851074e+01
   2.1039960e+06   2.5329590e+01
   2.1040310e+06   3.3081055e+01
   2.1040440e+06   2.6489258e+01
   2.1041000e+06   3.9978027e+01
   2.1041290e+06   2.1972656e+01
   2.1041860e+06   4.5593262e+01
   2.1042310e+06   2.8381348e+01
   2.1042740e+06   2.4353027e+01
   2.1042880e+06   3.7536621e+01
   2.1043200e+06   2.1545410e+01
   2.1043690e+06   2.3925781e+01
   2.1043810e+06   3.0883789e+01
   2.1044130e+06   2.2888184e+01
   2.1044670e+06   2.3437500e+01
   2.1044950e+06   3.3264160e+01
   2.1045170e+06   2.3803711e+01
   2.1045660e+06   2.0751953e+01
   2.1045930e+06   3.6254883e+01
   2.1046170e+06   2.4475098e+01
   2.1046690e+06   2.2827148e+01
   2.1046890e+06   2.6794434e+01
   2.1047230e+06   2.5817871e+01
   2.1047590e+06   3.2653809e+01
   2.1047780e+06   2.1789551e+01
   2.1048530e+06   3.5766602e+01
   2.1049170e+06   2.5695801e+01
   2.1049790e+06   2.1423340e+01
   2.1050110e+06   3.6621094e+01
   2.1050350e+06   2.3315430e+01
   2.1051390e+06   3.2897949e+01
   2.1052110e+06   2.6672363e+01
   2.1052890e+06   2.7648926e+01
   2.1053060e+06   3.1494141e+01
   2.1053530e+06   2.5878906e+01
   2.1054250e+06   2.4169922e+01
   2.1054400e+06   2.9479980e+01
   2.1055600e+06   3.1372070e+01
   2.1059020e+06   3.1005859e+01
   2.1062040e+06   3.2592773e+01
   2.1063480e+06   2.6367188e+01
   2.1063920e+06   3.8452148e+01
   2.1065240e+06   3.1250000e+01
   2.1067740e+06   2.0568848e+01
   2.1070540e+06   3.2409668e+01
   2.1073010e+06   3.3752441e+01
   2.1082060e+06   3.0273438e+01
   2.1083880e+06   2.7038574e+01
   2.1086430e+06   2.7709961e+01
   2.1088810e+06   2.7282715e+01
   2.1091100e+06   2.1240234e+01
   2.1095080e+06   3.1921387e+01
   2.1096560e+06   2.3925781e+01
   2.1098600e+06   2.4353027e+01
   2.1104180e+06   2.2094727e+01
   2.1107280e+06   2.4780273e+01
   2.1113190e+06   2.7465820e+01
   2.1125600e+06   2.6000977e+01
   2.1360350e+06   2.1423340e+01
   2.2089310e+06   3.2470703e+01
   2.2537030e+06   3.9733887e+01
   2.2537610e+06   2.1423340e+01
   2.3816850e+06   2.1789551e+01
   2.3817170e+06   2.3803711e+01
   2.3818120e+06   2.5024414e+01
   2.3819590e+06   4.1381836e+01
   2.3819760e+06   5.0292969e+01
   2.3821260e+06   6.0852051e+01
   2.3821940e+06   3.2165527e+01
   2.3822070e+06   6.3964844e+01
   2.3822370e+06   4.5471191e+01
   2.3822700e+06   3.9062500e+01
   2.3822830e+06   9.5031738e+01
   2.3823060e+06   3.1982422e+01
   2.3823200e+06   3.2348633e+01
   2.3823320e+06   5.5664062e+01
   2.3823550e+06   2.4902344e+01
   2.3823720e+06   4.7302246e+01
   2.3823950e+06   3.2958984e+01
   2.3824070e+06   7.6171875e+01
   2.3824250e+06   4.7119141e+01
   2.3824570e+06   3.1555176e+01
   2.3824880e+06   4.2907715e+01
   2.3825240e+06   2.7160645e+01
   2.3825440e+06   2.1850586e+01
   2.3825620e+06   2.2766113e+01
   2.3825920e+06   4.2724609e+01
   2.3826550e+06   3.1555176e+01
   2.3826830e+06   2.3498535e+01
   2.3827180e+06   3.3813477e+01
   2.3827700e+06   2.6367188e+01
   2.3827910e+06   3.8146973e+01
   2.3828690e+06   3.5278320e+01
   2.3829450e+06   3.1127930e+01
   2.3901850e+06   4.1625977e+01
   2.4444660e+06   2.0507812e+01
   2.4705890e+06   4.4677734e+01
   2.5489320e+06   3.5949707e+01
   2.5920200e+06   3.6315918e+01
   2.7499220e+06   2.9052734e+01
   2.8983400e+06   2.2705078e+01
   2.8983610e+06   2.1972656e+01
   2.8983890e+06   2.2338867e+01
   2.8984010e+06   5.4504395e+01
   2.8984120e+06   1.3513184e+02
   2.8984270e+06   1.2518311e+02
   2.8984450e+06   7.3974609e+01
   2.8984680e+06   9.4909668e+01
   2.8984850e+06   3.3691406e+01
   2.8984950e+06   5.0292969e+01
   2.8985180e+06   4.6875000e+01
   2.8985310e+06   2.3742676e+01
   2.8985490e+06   3.6804199e+01
   2.8985710e+06   4.3579102e+01
   2.8985860e+06   3.2104492e+01
   2.8986010e+06   3.2043457e+01
   2.8986210e+06   2.4841309e+01
   2.8986330e+06   5.0781250e+01
   2.8986640e+06   2.3071289e+01
   2.8986830e+06   2.4353027e+01
   2.8987040e+06   3.9001465e+01
   2.8987160e+06   4.0405273e+01
   2.8987410e+06   3.6437988e+01
   2.8987780e+06   3.2226562e+01
   2.8988160e+06   3.1433105e+01
   2.8988530e+06   4.3701172e+01
   2.8988760e+06   4.0710449e+01
   2.8988930e+06   3.3020020e+01
   2.8989160e+06   2.2155762e+01
   2.8989390e+06   2.9724121e+01
   2.8989620e+06   7.4523926e+01
   2.8989770e+06   2.8198242e+01
   2.8990110e+06   3.2409668e+01
   2.8990360e+06   3.7719727e+01
   2.8990620e+06   3.3020020e+01
   2.8991010e+06   2.6184082e+01
   2.8991460e+06   2.9052734e+01
   2.8991760e+06   3.7353516e+01
   2.8991910e+06   2.3071289e+01
   2.8992310e+06   3.0212402e+01
   2.8992740e+06   3.0273438e+01
   2.8993130e+06   4.3884277e+01
   2.8993570e+06   2.8930664e+01
   2.8993970e+06   2.4902344e+01
   2.8994240e+06   4.1748047e+01
   2.8994400e+06   2.3132324e+01
   2.8994850e+06   2.6916504e+01
   2.8995240e+06   4.2297363e+01
   2.8995740e+06   2.7465820e+01
   2.8996140e+06   3.7475586e+01
   2.8996690e+06   2.7282715e+01
   2.8997170e+06   2.3986816e+01
   2.8997690e+06   4.9255371e+01
   2.8998220e+06   2.4841309e+01
   2.8998750e+06   2.3681641e+01
   2.8999290e+06   2.4414062e+01
   2.8999710e+06   3.2958984e+01
   2.9000280e+06   2.4047852e+01
   2.9000590e+06   2.7099609e+01
   2.9000950e+06   2.0568848e+01
   2.9001280e+06   5.2490234e+01
   2.9001870e+06   2.9968262e+01
   2.9002460e+06   2.9357910e+01
   2.9002830e+06   3.4179688e+01
   2.9003080e+06   3.0151367e+01
   2.9004990e+06   2.3010254e+01
   2.9005600e+06   3.7414551e+01
   2.9009680e+06   2.9724121e+01
   2.9011220e+06   4.0527344e+01
   2.9014260e+06   2.0507812e+01
   2.9018920e+06   3.5461426e+01
   2.9045610e+06   3.0883789e+01
   2.9049920e+06   2.6916504e+01
   2.9070360e+06   2.4963379e+01
   3.1965790e+06   3.7597656e+01
   3.1979600e+06   5.1086426e+01
   3.1979860e+06   6.2011719e+01
   3.1980000e+06   1.3867188e+02
   3.1980370e+06   1.0223389e+02
   3.1980530e+06   3.6865234e+01
   3.1980700e+06   3.5400391e+01
   3.1980800e+06   3.9306641e+01
   3.1981050e+06   3.7048340e+01
   3.1981280e+06   3.0334473e+01
   3.1981480e+06   3.0029297e+01
   3.1981660e+06   2.0629883e+01
   3.1981860e+06   3.9855957e+01
   3.1982110e+06   3.3691406e+01
   3.1982300e+06   2.2583008e+01
   3.1982410e+06   4.1198730e+01
   3.1982780e+06   3.5339355e+01
   3.1982920e+06   2.1911621e+01
   3.1983100e+06   2.7648926e+01
   3.1983360e+06   2.4597168e+01
   3.1983480e+06   4.2968750e+01
   3.1983870e+06   3.6010742e+01
   3.1984020e+06   4.9194336e+01
   3.1984170e+06   5.9448242e+01
   3.1984640e+06   3.0944824e+01
   3.1985050e+06   2.8930664e+01
   3.1985250e+06   2.1362305e+01
   3.1985470e+06   3.6926270e+01
   3.1985670e+06   2.1911621e+01
   3.1985880e+06   4.5349121e+01
   3.1986310e+06   2.6916504e+01
   3.1986720e+06   2.7465820e+01
   3.1986890e+06   2.4353027e+01
   3.1987050e+06   7.2753906e+01
   3.1987620e+06   2.7282715e+01
   3.1987720e+06   3.1982422e+01
   3.1988070e+06   3.1066895e+01
   3.1988210e+06   2.8808594e+01
   3.1988490e+06   2.6733398e+01
   3.1988930e+06   2.6611328e+01
   3.1989220e+06   3.7475586e+01
   3.1989350e+06   2.8320312e+01
   3.1989820e+06   2.3742676e+01
   3.1990280e+06   5.1269531e+01
   3.1990750e+06   2.4658203e+01
   3.1991190e+06   2.5024414e+01
   3.1991340e+06   2.8686523e+01
   3.1991730e+06   2.4963379e+01
   3.1992230e+06   2.0263672e+01
   3.1992680e+06   2.7099609e+01
   3.1993340e+06   5.4565430e+01
   3.1993860e+06   2.1850586e+01
   3.1994450e+06   2.4414063e+01
   3.1994570e+06   3.1372070e+01
   3.1994970e+06   2.7893066e+01
   3.1995580e+06   2.8625488e+01
   3.1996030e+06   3.3874512e+01
   3.1996220e+06   2.1728516e+01
   3.1996540e+06   2.3132324e+01
   3.1997490e+06   2.6794434e+01
   3.1998020e+06   2.7709961e+01
   3.1998320e+06   3.6804199e+01
   3.1998810e+06   2.7770996e+01
   3.1999840e+06   3.1738281e+01
   3.2000590e+06   2.3620605e+01
   3.2001310e+06   3.0761719e+01
   3.2002620e+06   3.8574219e+01
   3.2005060e+06   3.4362793e+01
   3.2009490e+06   3.1982422e+01
   3.2017850e+06   2.9479980e+01
   3.2036000e+06   3.0151367e+01
   3.2046620e+06   2.8503418e+01
   3.7846300e+06   3.2531738e+01
   3.8229780e+06   2.1789551e+01
   3.8230030e+06   3.6865234e+01
   3.8230290e+06   2.1789551e+01
   3.8230390e+06   3.8696289e+01
   3.8230610e+06   3.8513184e+01
   3.8230730e+06   1.3250732e+02
   3.8230940e+06   1.1242676e+02
   3.8231200e+06   1.1767578e+02
   3.8231380e+06   5.8837891e+01
   3.8231610e+06   8.4899902e+01
   3.8231750e+06   3.9184570e+01
   3.8232000e+06   7.2875977e+01
   3.8232120e+06   4.8339844e+01
   3.8232350e+06   3.5339355e+01
   3.8232540e+06   4.5166016e+01
   3.8232740e+06   6.9641113e+01
   3.8232930e+06   3.4973145e+01
   3.8233100e+06   2.5451660e+01
   3.8233260e+06   3.4057617e+01
   3.8233460e+06   3.6132813e+01
   3.8233630e+06   2.1789551e+01
   3.8233760e+06   3.3447266e+01
   3.8233910e+06   2.0385742e+01
   3.8234090e+06   4.4311523e+01
   3.8234470e+06   3.1555176e+01
   3.8234610e+06   2.4597168e+01
   3.8234830e+06   3.2470703e+01
   3.8235210e+06   4.1503906e+01
   3.8235470e+06   2.2521973e+01
   3.8235680e+06   3.7170410e+01
   3.8235960e+06   3.3996582e+01
   3.8236360e+06   3.5827637e+01
   3.8236660e+06   2.9968262e+01
   3.8237150e+06   3.9001465e+01
   3.8237580e+06   2.5268555e+01
   3.8237800e+06   2.1789551e+01
   3.8238190e+06   2.8625488e+01
   3.8238520e+06   3.1616211e+01
   3.8238880e+06   2.2583008e+01
   3.8239390e+06   2.3742676e+01
   3.8239650e+06   3.8757324e+01
   3.8239850e+06   2.7832031e+01
   3.8240320e+06   2.6000977e+01
   3.8240750e+06   2.2277832e+01
   3.8240920e+06   3.4667969e+01
   3.8241160e+06   2.1728516e+01
   3.8241590e+06   2.7526855e+01
   3.8241920e+06   4.4372559e+01
   3.8242210e+06   3.1677246e+01
   3.8242500e+06   2.7465820e+01
   3.8242980e+06   3.9428711e+01
   3.8243400e+06   2.7770996e+01
   3.8243840e+06   2.5695801e+01
   3.8244010e+06   3.4790039e+01
   3.8244370e+06   2.3071289e+01
   3.8244870e+06   2.3864746e+01
   3.8245410e+06   5.8593750e+01
   3.8245920e+06   2.7343750e+01
   3.8246480e+06   2.5390625e+01
   3.8247000e+06   2.0751953e+01
   3.8247530e+06   2.3864746e+01
   3.8248090e+06   3.1494141e+01
   3.8248360e+06   3.6193848e+01
   3.8248580e+06   2.5756836e+01
   3.8249160e+06   2.0996094e+01
   3.8249850e+06   2.5024414e+01
   3.8250460e+06   2.8930664e+01
   3.8250790e+06   3.2958984e+01
   3.8251750e+06   2.4475098e+01
   3.8252410e+06   2.9418945e+01
   3.8253510e+06   2.7709961e+01
   3.8254700e+06   2.4963379e+01
   3.8255130e+06   3.6010742e+01
   3.8257060e+06   2.7282715e+01
   3.8289110e+06   2.1911621e+01
   3.8312510e+06   2.3742676e+01
   3.9898160e+06   2.6123047e+01
   4.1208470e+06   2.2644043e+01
   4.1313030e+06   6.5124512e+01
   4.3735450e+06   3.6254883e+01
   4.3921520e+06   2.0141602e+01
   4.5091590e+06   2.1057129e+01
   4.5974190e+06   2.6367188e+01
   4.5975140e+06   2.4719238e+01
   4.5975340e+06   3.2653809e+01
   4.5975530e+06   5.1025391e+01
   4.5975770e+06   9.9975586e+01
   4.5975890e+06   9.6679688e+01
   4.5976030e+06   2.6855469e+01
   4.5976230e+06   5.5175781e+01
   4.5976350e+06   5.0720215e+01
   4.5976510e+06   6.0119629e+01
   4.5976810e+06   3.0944824e+01
   4.5977060e+06   4.6325684e+01
   4.5977170e+06   2.6733398e+01
   4.5977360e+06   3.6987305e+01
   4.5977570e+06   5.2856445e+01
   4.5977700e+06   3.4423828e+01
   4.5977940e+06   2.3376465e+01
   4.5978090e+06   3.6987305e+01
   4.5978270e+06   3.2226562e+01
   4.5978510e+06   3.6804199e+01
   4.5978640e+06   3.3081055e+01
   4.5978990e+06   4.0283203e+01
   4.5979350e+06   3.5400391e+01
   4.5979590e+06   3.2653809e+01
   4.5979740e+06   3.5278320e+01
   4.5980130e+06   3.5278320e+01
   4.5980230e+06   2.3925781e+01
   4.5980410e+06   3.9978027e+01
   4.5980750e+06   4.9194336e+01
   4.5980960e+06   2.6062012e+01
   4.5981270e+06   3.0334473e+01
   4.5981560e+06   2.5817871e+01
   4.5981810e+06   7.3181152e+01
   4.5982200e+06   2.8503418e+01
   4.5982330e+06   3.5400391e+01
   4.5982450e+06   2.8808594e+01
   4.5982700e+06   2.1362305e+01
   4.5982980e+06   2.4902344e+01
   4.5983260e+06   4.7180176e+01
   4.5983380e+06   2.1423340e+01
   4.5983760e+06   2.6916504e+01
   4.5984540e+06   4.0771484e+01
   4.5985010e+06   2.2338867e+01
   4.5985460e+06   5.3833008e+01
   4.5985880e+06   2.6611328e+01
   4.5986080e+06   3.2531738e+01
   4.5986730e+06   2.7221680e+01
   4.5987180e+06   2.5878906e+01
   4.5987480e+06   4.4250488e+01
   4.5987620e+06   2.6489258e+01
   4.5988050e+06   2.5390625e+01
   4.5988520e+06   2.3071289e+01
   4.5988880e+06   3.6071777e+01
   4.5989400e+06   2.1606445e+01
   4.5989910e+06   2.4414062e+01
   4.5990200e+06   3.1433105e+01
   4.5990450e+06   2.0935059e+01
   4.5991020e+06   2.7709961e+01
   4.5991500e+06   4.1503906e+01
   4.5991720e+06   2.3864746e+01
   4.5992210e+06   2.4902344e+01
   4.5992790e+06   2.3010254e+01
   4.5993220e+06   3.8574219e+01
   4.5993370e+06   2.2216797e+01
   4.5993810e+06   2.2399902e+01
   4.5994600e+06   2.1362305e+01
   4.5995300e+06   2.3986816e+01
   4.5995470e+06   3.5705566e+01
   4.5995850e+06   2.0935059e+01
   4.5997160e+06   3.1921387e+01
   4.5998100e+06   2.6733398e+01
   4.6000150e+06   3.9245605e+01
   4.6001590e+06   3.2226562e+01
   4.6002820e+06   2.9846191e+01
   4.6003940e+06   3.2653809e+01
   4.6006570e+06   4.2663574e+01
   4.6008030e+06   2.6855469e+01
   4.6012290e+06   3.4240723e+01
   4.6022410e+06   2.9113770e+01
   4.6028160e+06   3.1127930e+01
   4.6030890e+06   2.6794434e+01
   4.6035270e+06   4.3334961e+01
   4.6036350e+06   3.7414551e+01
   4.6040160e+06   2.8259277e+01
   4.6046860e+06   2.2338867e+01
   4.6050770e+06   2.7526855e+01
   4.6060550e+06   2.8442383e+01
   4.6082210e+06   2.7404785e+01
   4.6176710e+06   2.0263672e+01
   5.0227530e+06   2.9724121e+01
   5.0781220e+06   2.2033691e+01
   5.1247380e+06   5.0354004e+01
   5.3490480e+06   6.1706543e+01
   5.3492000e+06   5.7617188e+01
   5.3741150e+06   2.0263672e+01
   5.3762510e+06   6.4819336e+01
   5.5500460e+06   2.0263672e+01
   5.5501270e+06   2.3437500e+01
   5.5501710e+06   4.7424316e+01
   5.5502350e+06   4.1748047e+01
   5.5502450e+06   7.8491211e+01
   5.5502710e+06   1.0638428e+02
   5.5502860e+06   5.8715820e+01
   5.5503050e+06   5.8776855e+01
   5.5503150e+06   4.0954590e+01
   5.5503300e+06   4.6142578e+01
   5.5503600e+06   5.9387207e+01
   5.5503820e+06   9.7167969e+01
   5.5504020e+06   5.5419922e+01
   5.5504150e+06   4.5166016e+01
   5.5504430e+06   3.9916992e+01
   5.5504670e+06   5.4992676e+01
   5.5504850e+06   5.3955078e+01
   5.5505000e+06   2.9113770e+01
   5.5505210e+06   4.5104980e+01
   5.5505360e+06   3.1738281e+01
   5.5505520e+06   4.7973633e+01
   5.5505820e+06   2.3193359e+01
   5.5505960e+06   3.4301758e+01
   5.5506370e+06   3.2531738e+01
   5.5506510e+06   2.7404785e+01
   5.5506710e+06   4.5837402e+01
   5.5507050e+06   2.3010254e+01
   5.5507430e+06   3.3264160e+01
   5.5507640e+06   4.0527344e+01
   5.5507840e+06   3.4912109e+01
   5.5508080e+06   2.9785156e+01
   5.5508420e+06   2.5512695e+01
   5.5508540e+06   3.2531738e+01
   5.5508770e+06   4.2724609e+01
   5.5509020e+06   2.5329590e+01
   5.5509400e+06   2.6367188e+01
   5.5509600e+06   3.6621094e+01
   5.5509830e+06   2.6611328e+01
   5.5509950e+06   2.1179199e+01
   5.5510240e+06   2.6489258e+01
   5.5510660e+06   6.7077637e+01
   5.5511110e+06   2.3376465e+01
   5.5511540e+06   2.2583008e+01
   5.5511870e+06   2.1240234e+01
   5.5512010e+06   4.8889160e+01
   5.5512430e+06   2.0812988e+01
   5.5512870e+06   2.6916504e+01
   5.5513140e+06   3.6743164e+01
   5.5513340e+06   2.6794434e+01
   5.5513760e+06   2.0874023e+01
   5.5513930e+06   3.9123535e+01
   5.5514210e+06   2.5817871e+01
   5.5514680e+06   2.4475098e+01
   5.5515100e+06   2.4841309e+01
   5.5515210e+06   3.0639648e+01
   5.5515520e+06   3.3691406e+01
   5.5515880e+06   3.3569336e+01
   5.5516030e+06   2.2644043e+01
   5.5516510e+06   2.3193359e+01
   5.5516970e+06   2.3376465e+01
   5.5517240e+06   3.7536621e+01
   5.5517430e+06   2.3681641e+01
   5.5517890e+06   2.2094727e+01
   5.5518320e+06   2.3254395e+01
   5.5518770e+06   2.3681641e+01
   5.5519290e+06   2.1850586e+01
   5.5519790e+06   5.0231934e+01
   5.5520420e+06   2.2033691e+01
   5.5520900e+06   2.1850586e+01
   5.5521440e+06   2.9296875e+01
   5.5522050e+06   2.6000977e+01
   5.5522900e+06   2.3010254e+01
   5.5523550e+06   2.4536133e+01
   5.5523830e+06   3.4423828e+01
   5.5523990e+06   2.3864746e+01
   5.5524730e+06   2.1789551e+01
   5.5525020e+06   3.8085938e+01
   5.5525330e+06   2.2399902e+01
   5.5526000e+06   2.9296875e+01
   5.5528070e+06   3.1250000e+01
   5.5530660e+06   2.1423340e+01
   5.5532510e+06   3.7963867e+01
   5.5532820e+06   2.7648926e+01
   5.5549700e+06   3.3752441e+01
   5.5552190e+06   2.1240234e+01
   5.5560120e+06   2.8991699e+01
   5.5570170e+06   2.3132324e+01
   5.5575220e+06   2.8320313e+01
   5.5582620e+06   2.5817871e+01
   5.5589530e+06   3.0334473e+01
   5.5596670e+06   2.2705078e+01
   5.5605960e+06   2.3803711e+01
   5.7733800e+06   3.7475586e+01
   5.9148490e+06   2.0690918e+01
