   5.9990000e+06   0.0000000e+00
   6.6932000e+04   2.2155762e+01
   1.0620100e+05   2.0385742e+01
   1.0770500e+05   1.9897461e+01
   1.0814500e+05   2.0263672e+01
   1.1186400e+05   2.1240234e+01
   1.1414700e+05   2.2216797e+01
   1.1420500e+05   4.0527344e+01
   1.1738800e+05   2.1484375e+01
   1.2412700e+05   2.4597168e+01
   1.3709600e+05   2.1240234e+01
   1.3798400e+05   2.0141602e+01
   1.4041200e+05   2.0690918e+01
   1.4185400e+05   2.1240234e+01
   1.4195400e+05   2.2644043e+01
   1.4318600e+05   2.0080566e+01
   1.7042400e+05   2.0080566e+01
   1.7130600e+05   2.0019531e+01
   1.7678200e+05   3.4545898e+01
   1.7680100e+05   1.9836426e+01
   1.7683300e+05   2.8991699e+01
   1.7688300e+05   3.1005859e+01
   1.7690700e+05   2.1179199e+01
   1.7691900e+05   2.0507812e+01
   1.7694600e+05   2.6367188e+01
   1.7699400e+05   2.2155762e+01
   1.7705400e+05   2.2644043e+01
   1.9863700e+05   2.6977539e+01
   1.9871800e+05   2.1423340e+01
   1.9872900e+05   3.2043457e+01
   1.9875400e+05   2.0385742e+01
   1.9878400e+05   2.5390625e+01
   1.9880700e+05   2.2521973e+01
   1.9883400e+05   2.2216797e+01
   1.9888400e+05   1.9897461e+01
   1.9890100e+05   2.2644043e+01
   1.9892900e+05   1.9775391e+01
   1.9896100e+05   2.7221680e+01
   1.9941600e+05   2.5756836e+01
   1.9949500e+05   2.1911621e+01
   2.1083600e+05   2.0385742e+01
   2.1106300e+05   2.0019531e+01
   2.1882000e+05   2.2888184e+01
   2.2314300e+05   2.3071289e+01
   2.3086800e+05   2.0996094e+01
   2.7181100e+05   2.0019531e+01
   2.7259800e+05   1.9897461e+01
   2.7889200e+05   2.0812988e+01
   3.0371900e+05   2.3315430e+01
   3.0449000e+05   2.1789551e+01
   3.0450400e+05   2.2766113e+01
   3.0595500e+05   2.0202637e+01
   3.3908200e+05   2.7709961e+01
   3.3917200e+05   2.1179199e+01
   3.3924500e+05   2.0751953e+01
   3.3934900e+05   2.0751953e+01
   3.3949100e+05   2.0263672e+01
   3.3954000e+05   2.0324707e+01
   3.4014300e+05   3.1433105e+01
   3.7525600e+05   2.0080566e+01
   3.7536900e+05   2.0507812e+01
   3.7694700e+05   2.0690918e+01
   3.8215700e+05   2.6184082e+01
   3.8844800e+05   2.0324707e+01
   3.8981300e+05   2.1606445e+01
   3.9068600e+05   2.1301270e+01
   3.9070700e+05   2.2094727e+01
   4.4464700e+05   2.0568848e+01
   4.4534500e+05   2.0385742e+01
   4.4608200e+05   2.0751953e+01
   4.6149300e+05   2.2155762e+01
   4.6747000e+05   1.9653320e+01
   4.7975800e+05   2.0202637e+01
   4.7979800e+05   2.0812988e+01
   4.7987100e+05   2.0568848e+01
   4.7995800e+05   2.0385742e+01
   4.8144100e+05   2.2216797e+01
   4.8167700e+05   1.9714355e+01
   4.8219900e+05   2.1240234e+01
   4.8694600e+05   2.0324707e+01
   4.8761500e+05   1.9775391e+01
   4.8787700e+05   1.9836426e+01
   4.8869300e+05   2.0935059e+01
   4.8876500e+05   2.0263672e+01
   4.8965700e+05   2.2766113e+01
   4.9079800e+05   2.1118164e+01
   5.2635700e+05   2.0324707e+01
   5.2735100e+05   1.9836426e+01
   5.2952500e+05   2.1118164e+01
   5.2954800e+05   2.0263672e+01
   5.2986800e+05   1.9897461e+01
   5.3075800e+05   2.0935059e+01
   5.3237900e+05   2.1911621e+01
   5.3240100e+05   2.2155762e+01
   5.3313100e+05   2.1667480e+01
   5.3440700e+05   2.1301270e+01
   5.3585200e+05   1.9714355e+01
   5.8884200e+05   2.0385742e+01
   5.9051400e+05   2.0385742e+01
   5.9279200e+05   2.2155762e+01
   5.9975600e+05   2.0690918e+01
   6.0303300e+05   1.9897461e+01
   6.0791600e+05   2.2827148e+01
   6.1560600e+05   2.3559570e+01
   6.1564900e+05   2.1240234e+01
   6.1576800e+05   2.1179199e+01
   6.3644100e+05   2.0874023e+01
   6.3845000e+05   2.0446777e+01
   6.5383600e+05   2.3315430e+01
   6.7079900e+05   1.9653320e+01
   6.7222400e+05   2.0263672e+01
   6.7300000e+05   2.1118164e+01
   6.7391100e+05   2.5390625e+01
   6.7393100e+05   2.3437500e+01
   6.7972800e+05   2.0751953e+01
   6.7992000e+05   2.3742676e+01
   6.8034000e+05   2.0507812e+01
   7.1878400e+05   2.2949219e+01
   7.2109600e+05   2.0263672e+01
   7.2110700e+05   2.2827148e+01
   7.2151400e+05   2.2521973e+01
   7.2155000e+05   2.1911621e+01
   7.7646500e+05   2.3254395e+01
   8.3000500e+05   2.0996094e+01
   8.3028800e+05   2.4963379e+01
   8.3030400e+05   2.0874023e+01
   8.3874600e+05   2.0690918e+01
   8.4196100e+05   2.0141602e+01
   8.4211500e+05   2.3864746e+01
   8.7703700e+05   2.0080566e+01
   8.7716300e+05   2.0751953e+01
   8.7744500e+05   2.1301270e+01
   8.7746300e+05   2.0080566e+01
   9.7796700e+05   2.0141602e+01
   9.7976800e+05   2.1362305e+01
   9.8027000e+05   1.9714355e+01
   9.8117500e+05   2.0263672e+01
   9.8147600e+05   2.3315430e+01
   9.8220300e+05   2.1545410e+01
   9.8228800e+05   2.0202637e+01
   9.8243800e+05   2.0629883e+01
   9.8249100e+05   2.0996094e+01
   9.8264700e+05   2.1911621e+01
   1.0192780e+06   3.6132812e+01
   1.0193000e+06   2.1362305e+01
   1.0193220e+06   2.7343750e+01
   1.0193400e+06   2.1545410e+01
   1.0193680e+06   3.1250000e+01
   1.0193830e+06   2.7587891e+01
   1.0194100e+06   2.3132324e+01
   1.0194370e+06   2.8259277e+01
   1.0195570e+06   1.9958496e+01
   1.0625650e+06   2.1545410e+01
   1.0738090e+06   2.0568848e+01
   1.0928430e+06   1.9775391e+01
   1.0933820e+06   2.1118164e+01
   1.0934740e+06   2.0141602e+01
   1.0938080e+06   1.9653320e+01
   1.1720770e+06   2.0019531e+01
   1.1729510e+06   2.0446777e+01
   1.1732070e+06   2.0446777e+01
   1.1735260e+06   2.1667480e+01
   1.1745130e+06   1.9897461e+01
   1.1781270e+06   2.3437500e+01
   1.1790600e+06   1.9775391e+01
   1.1794610e+06   2.0202637e+01
   1.1824460e+06   2.2827148e+01
   1.1825800e+06   1.9653320e+01
   1.1829210e+06   2.1728516e+01
   1.1829310e+06   2.1545410e+01
   1.2078020e+06   2.0080566e+01
   1.2166320e+06   2.0629883e+01
   1.2200420e+06   2.4353027e+01
   1.2219660e+06   2.0080566e+01
   1.2220180e+06   1.9775391e+01
   1.2221660e+06   2.0385742e+01
   1.2241650e+06   2.2399902e+01
   1.2317510e+06   2.1423340e+01
   1.2323920e+06   1.9653320e+01
   1.2326710e+06   1.9958496e+01
   1.2740170e+06   1.9775391e+01
   1.2772280e+06   2.0751953e+01
   1.2805730e+06   1.9836426e+01
   1.3582130e+06   2.0568848e+01
   1.3582520e+06   2.1362305e+01
   1.3840840e+06   2.0996094e+01
   1.3841380e+06   1.9653320e+01
   1.4186030e+06   2.0690918e+01
   1.4194020e+06   2.1423340e+01
   1.4194850e+06   1.9653320e+01
   1.4278900e+06   2.3437500e+01
   1.4279240e+06   2.3925781e+01
   1.4289550e+06   2.1301270e+01
   1.4294440e+06   1.9897461e+01
   1.4302690e+06   2.1972656e+01
   1.4422140e+06   2.2460938e+01
   1.4422340e+06   2.1667480e+01
   1.4423450e+06   2.0385742e+01
   1.4433590e+06   2.1423340e+01
   1.4443710e+06   2.0690918e+01
   1.4468610e+06   2.3437500e+01
   1.4493850e+06   2.0202637e+01
   1.4510430e+06   2.3559570e+01
   1.4531800e+06   2.2460938e+01
   1.4531930e+06   2.1789551e+01
   1.4554070e+06   2.1179199e+01
   1.4652630e+06   2.7648926e+01
   1.4658450e+06   2.2033691e+01
   1.4677650e+06   2.0935059e+01
   1.4720800e+06   1.9958496e+01
   1.4721840e+06   2.2399902e+01
   1.4722930e+06   2.1179199e+01
   1.4723570e+06   2.1606445e+01
   1.4725250e+06   2.4291992e+01
   1.4740090e+06   1.9897461e+01
   1.4740390e+06   2.0263672e+01
   1.4743770e+06   2.1423340e+01
   1.4826940e+06   3.1372070e+01
   1.5051330e+06   2.1240234e+01
   1.5053490e+06   2.2521973e+01
   1.5065890e+06   2.3986816e+01
   1.5104670e+06   2.3315430e+01
   1.5115730e+06   2.1606445e+01
   1.5116760e+06   1.9897461e+01
   1.5120450e+06   1.9714355e+01
   1.5123700e+06   2.1118164e+01
   1.5398200e+06   2.0935059e+01
   1.5398790e+06   1.9775391e+01
   1.5406370e+06   1.9836426e+01
   1.5437590e+06   2.1240234e+01
   1.6226570e+06   2.0812988e+01
   1.6226670e+06   2.4291992e+01
   1.6228500e+06   2.2338867e+01
   1.6240670e+06   2.2033691e+01
   1.6244970e+06   2.1789551e+01
   1.6490700e+06   2.0019531e+01
   1.6502370e+06   2.0874023e+01
   1.6504780e+06   1.9653320e+01
   1.6506810e+06   2.0812988e+01
   1.6506920e+06   2.0385742e+01
   1.6522820e+06   2.0019531e+01
   1.6524110e+06   1.9897461e+01
   1.6527950e+06   2.2399902e+01
   1.6546810e+06   1.9958496e+01
   1.6731600e+06   2.2277832e+01
   1.6743340e+06   1.9775391e+01
   1.6853630e+06   2.0324707e+01
   1.6855580e+06   2.2216797e+01
   1.6860610e+06   2.2949219e+01
   1.6860850e+06   2.2155762e+01
   1.6863320e+06   2.1545410e+01
   1.6983450e+06   1.9714355e+01
   1.6984500e+06   2.0019531e+01
   1.6993310e+06   2.0446777e+01
   1.7078450e+06   2.0568848e+01
   1.7334800e+06   2.0141602e+01
   1.7346120e+06   1.9836426e+01
   1.7384960e+06   2.1545410e+01
   1.7400940e+06   2.2216797e+01
   1.7424260e+06   2.4963379e+01
   1.7454750e+06   2.1484375e+01
   1.7454990e+06   2.3437500e+01
   1.8392650e+06   2.0263672e+01
   1.8516940e+06   2.0080566e+01
   1.8517950e+06   2.0446777e+01
   1.8523010e+06   2.1545410e+01
   1.8548190e+06   2.2583008e+01
   1.8568430e+06   2.0324707e+01
   1.8623550e+06   2.1118164e+01
   1.8681030e+06   2.4414063e+01
   1.8681240e+06   2.0507812e+01
   1.8774220e+06   2.5451660e+01
   1.8781390e+06   2.4108887e+01
   1.8866720e+06   2.2583008e+01
   1.8880850e+06   2.0751953e+01
   1.8906920e+06   2.0019531e+01
   1.8928990e+06   2.0751953e+01
   1.8931680e+06   2.1179199e+01
   1.9010280e+06   2.2827148e+01
   1.9014080e+06   1.9958496e+01
   1.9022650e+06   1.9653320e+01
   1.9023030e+06   2.2705078e+01
   1.9023940e+06   1.9714355e+01
   1.9025800e+06   2.0263672e+01
   1.9031080e+06   1.9958496e+01
   1.9278540e+06   2.0812988e+01
   1.9278650e+06   2.2460938e+01
   1.9283410e+06   2.2644043e+01
   1.9283740e+06   2.7648926e+01
   1.9288180e+06   2.1301270e+01
   1.9309220e+06   2.3498535e+01
   1.9309380e+06   2.5695801e+01
   1.9322260e+06   2.2888184e+01
   1.9340480e+06   2.3193359e+01
   1.9340610e+06   2.3132324e+01
   1.9347170e+06   2.1545410e+01
   1.9347480e+06   2.9724121e+01
   1.9347810e+06   3.2897949e+01
   1.9347990e+06   3.2775879e+01
   1.9348310e+06   2.1728516e+01
   1.9348420e+06   2.7832031e+01
   1.9351510e+06   2.0568848e+01
   1.9374500e+06   2.0935059e+01
   1.9383620e+06   1.9653320e+01
   1.9438330e+06   1.9775391e+01
   1.9438490e+06   2.5085449e+01
   1.9439760e+06   2.3071289e+01
   1.9440260e+06   1.9836426e+01
   1.9443950e+06   1.9836426e+01
   2.0153230e+06   1.9653320e+01
   2.0576430e+06   2.0080566e+01
   2.0723750e+06   2.0690918e+01
   2.1024390e+06   2.0629883e+01
   2.1031920e+06   1.9836426e+01
   2.1032550e+06   2.8503418e+01
   2.1032810e+06   3.1982422e+01
   2.1033010e+06   2.5268555e+01
   2.1033330e+06   2.3986816e+01
   2.1033570e+06   3.9916992e+01
   2.1033950e+06   2.0629883e+01
   2.1035580e+06   2.2094727e+01
   2.1052860e+06   2.1728516e+01
   2.1054060e+06   2.3315430e+01
   2.1517100e+06   2.4963379e+01
   2.1533250e+06   2.1301270e+01
   2.1535610e+06   2.0080566e+01
   2.1536980e+06   2.3742676e+01
   2.1823570e+06   2.0935059e+01
   2.1828300e+06   2.0751953e+01
   2.1835760e+06   2.2155762e+01
   2.1838120e+06   2.0507812e+01
   2.1843860e+06   2.0996094e+01
   2.1844330e+06   1.9836426e+01
   2.1902810e+06   1.9714355e+01
   2.1907780e+06   2.2277832e+01
   2.1911100e+06   2.2277832e+01
   2.1911410e+06   2.4230957e+01
   2.2164150e+06   2.2583008e+01
   2.2196580e+06   2.3315430e+01
   2.2196700e+06   2.1667480e+01
   2.2237740e+06   2.0446777e+01
   2.2239340e+06   2.6428223e+01
   2.2279650e+06   2.0568848e+01
   2.2286890e+06   1.9714355e+01
   2.2289180e+06   2.0202637e+01
   2.2292140e+06   2.0080566e+01
   2.2295780e+06   1.9714355e+01
   2.2323550e+06   2.1179199e+01
   2.2453980e+06   2.4353027e+01
   2.2504530e+06   2.1118164e+01
   2.2512650e+06   2.0385742e+01
   2.2525200e+06   2.0751953e+01
   2.2525420e+06   2.5756836e+01
   2.2574370e+06   2.0141602e+01
   2.2759940e+06   2.2094727e+01
   2.2764210e+06   2.0263672e+01
   2.2914600e+06   1.9714355e+01
   2.2917260e+06   2.0141602e+01
   2.2950960e+06   2.0812988e+01
   2.3133410e+06   2.2888184e+01
   2.3157870e+06   2.5268555e+01
   2.3162820e+06   2.2949219e+01
   2.3163040e+06   3.1188965e+01
   2.3187180e+06   1.9653320e+01
   2.3201140e+06   2.1301270e+01
   2.3279280e+06   2.0385742e+01
   2.3286970e+06   2.2216797e+01
   2.3341950e+06   2.3620605e+01
   2.3343530e+06   2.5024414e+01
   2.3347440e+06   2.1667480e+01
   2.3348590e+06   2.1118164e+01
   2.3823810e+06   2.0935059e+01
   2.3823950e+06   2.1789551e+01
   2.3824420e+06   2.7465820e+01
   2.3825470e+06   2.0996094e+01
   2.3826200e+06   1.9958496e+01
   2.3827110e+06   2.4658203e+01
   2.3828020e+06   3.1311035e+01
   2.3828920e+06   1.9714355e+01
   2.4268580e+06   2.2338867e+01
   2.4275850e+06   2.2644043e+01
   2.4281270e+06   2.0263672e+01
   2.4294860e+06   2.0629883e+01
   2.4316960e+06   2.4536133e+01
   2.4318770e+06   2.2216797e+01
   2.4339880e+06   2.0568848e+01
   2.4341320e+06   3.3874512e+01
   2.4341480e+06   2.3803711e+01
   2.4397480e+06   2.0568848e+01
   2.4402230e+06   2.0019531e+01
   2.5142930e+06   2.3864746e+01
   2.5149710e+06   2.1606445e+01
   2.5150160e+06   1.9958496e+01
   2.5183670e+06   2.1606445e+01
   2.5189140e+06   2.2155762e+01
   2.5445210e+06   2.2766113e+01
   2.5454610e+06   2.0080566e+01
   2.5474590e+06   2.0019531e+01
   2.5477120e+06   2.1972656e+01
   2.5477760e+06   2.1118164e+01
   2.5488330e+06   2.2338867e+01
   2.5496090e+06   2.0080566e+01
   2.5510900e+06   1.9714355e+01
   2.5519900e+06   2.0568848e+01
   2.5520130e+06   1.9714355e+01
   2.5520600e+06   1.9775391e+01
   2.5520960e+06   2.1911621e+01
   2.5527660e+06   1.9836426e+01
   2.5568470e+06   2.1484375e+01
   2.5569660e+06   2.0080566e+01
   2.5636810e+06   2.5451660e+01
   2.5637050e+06   2.2155762e+01
   2.5641480e+06   2.5207520e+01
   2.5709070e+06   2.6123047e+01
   2.5709190e+06   2.4658203e+01
   2.5717960e+06   2.1423340e+01
   2.5773770e+06   2.0690918e+01
   2.5794160e+06   2.5329590e+01
   2.5981550e+06   1.9653320e+01
   2.6003940e+06   2.1423340e+01
   2.6004070e+06   2.3376465e+01
   2.6073460e+06   2.4475098e+01
   2.6073570e+06   2.0690918e+01
   2.6107640e+06   2.0019531e+01
   2.6113730e+06   2.2949219e+01
   2.6118450e+06   2.1850586e+01
   2.6267200e+06   1.9714355e+01
   2.6284220e+06   2.0263672e+01
   2.6293240e+06   2.0446777e+01
   2.6303220e+06   2.0019531e+01
   2.6386660e+06   2.1423340e+01
   2.6403910e+06   2.0446777e+01
   2.6405260e+06   2.0690918e+01
   2.6453780e+06   2.2216797e+01
   2.6459130e+06   2.2155762e+01
   2.6479910e+06   2.0629883e+01
   2.6481800e+06   2.1179199e+01
   2.6486500e+06   2.3681641e+01
   2.6511220e+06   2.1179199e+01
   2.6519940e+06   2.1606445e+01
   2.6819910e+06   2.2216797e+01
   2.6824390e+06   2.2460938e+01
   2.7791170e+06   2.2094727e+01
   2.8097930e+06   2.1606445e+01
   2.8098520e+06   2.0263672e+01
   2.8101770e+06   1.9714355e+01
   2.8102320e+06   2.4230957e+01
   2.8104760e+06   2.1972656e+01
   2.8125130e+06   2.1606445e+01
   2.8145030e+06   2.2827148e+01
   2.8153410e+06   2.3315430e+01
   2.8153570e+06   2.3132324e+01
   2.8182910e+06   3.5034180e+01
   2.8183290e+06   2.0629883e+01
   2.8185240e+06   2.0996094e+01
   2.8187990e+06   2.1606445e+01
   2.8307750e+06   2.0019531e+01
   2.8311120e+06   1.9714355e+01
   2.8311770e+06   2.2094727e+01
   2.8325270e+06   2.2033691e+01
   2.8325410e+06   1.9836426e+01
   2.8330410e+06   2.5207520e+01
   2.8337030e+06   1.9836426e+01
   2.8393330e+06   2.0568848e+01
   2.8430970e+06   1.9958496e+01
   2.8443930e+06   2.0385742e+01
   2.8444060e+06   2.3803711e+01
   2.8454200e+06   2.1911621e+01
   2.8456290e+06   2.0996094e+01
   2.8456450e+06   2.2460938e+01
   2.8465950e+06   2.4658203e+01
   2.8984040e+06   1.9714355e+01
   2.8984320e+06   4.1076660e+01
   2.8984460e+06   3.0944824e+01
   2.8984690e+06   3.5583496e+01
   2.8985070e+06   3.5583496e+01
   2.8985170e+06   2.9968262e+01
   2.8985490e+06   2.4841309e+01
   2.8985980e+06   2.5695801e+01
   2.8986350e+06   2.1118164e+01
   2.8988380e+06   2.1484375e+01
   2.8990880e+06   2.0874023e+01
   2.9343830e+06   2.4353027e+01
   2.9344930e+06   2.2399902e+01
   2.9831480e+06   1.9897461e+01
   3.0019100e+06   2.0324707e+01
   3.0022360e+06   2.0446777e+01
   3.0040100e+06   2.1423340e+01
   3.0042910e+06   1.9775391e+01
   3.0062170e+06   2.2644043e+01
   3.0297700e+06   2.4597168e+01
   3.0378990e+06   2.1057129e+01
   3.0407440e+06   1.9714355e+01
   3.0428140e+06   1.9897461e+01
   3.0429490e+06   1.9714355e+01
   3.0437030e+06   1.9897461e+01
   3.0473560e+06   2.0385742e+01
   3.0473690e+06   2.0996094e+01
   3.0487690e+06   2.0446777e+01
   3.0493520e+06   2.3742676e+01
   3.0504200e+06   1.9775391e+01
   3.0540620e+06   2.4597168e+01
   3.0653100e+06   1.9714355e+01
   3.0667510e+06   2.3742676e+01
   3.0668080e+06   1.9958496e+01
   3.0727700e+06   2.0751953e+01
   3.0748790e+06   2.0690918e+01
   3.0750290e+06   2.0324707e+01
   3.0769610e+06   2.0751953e+01
   3.0800460e+06   2.5024414e+01
   3.0984170e+06   2.0751953e+01
   3.1563820e+06   2.0812988e+01
   3.1565040e+06   2.6916504e+01
   3.1566060e+06   2.1606445e+01
   3.1579010e+06   2.5634766e+01
   3.1581310e+06   2.0141602e+01
   3.1657860e+06   2.1606445e+01
   3.1665790e+06   2.0751953e+01
   3.1674960e+06   2.2827148e+01
   3.1675430e+06   2.0751953e+01
   3.1689140e+06   2.2521973e+01
   3.1689950e+06   2.2705078e+01
   3.1719030e+06   2.1606445e+01
   3.1721380e+06   1.9775391e+01
   3.1738590e+06   2.2827148e+01
   3.1742030e+06   2.1728516e+01
   3.1743090e+06   2.5512695e+01
   3.1743650e+06   2.4597168e+01
   3.1759020e+06   2.2155762e+01
   3.1801650e+06   2.0935059e+01
   3.1845630e+06   2.0202637e+01
   3.1860760e+06   2.2094727e+01
   3.1867870e+06   2.1850586e+01
   3.1880260e+06   2.2155762e+01
   3.1894220e+06   2.0446777e+01
   3.1899650e+06   2.0568848e+01
   3.1913670e+06   2.1972656e+01
   3.1918810e+06   2.3010254e+01
   3.1921530e+06   2.4963379e+01
   3.1936280e+06   1.9958496e+01
   3.1940600e+06   2.0812988e+01
   3.1946610e+06   2.4536133e+01
   3.1953610e+06   2.2277832e+01
   3.1979740e+06   3.8635254e+01
   3.1980000e+06   2.2521973e+01
   3.1980250e+06   2.2949219e+01
   3.1980580e+06   2.0935059e+01
   3.1980710e+06   2.0019531e+01
   3.1981210e+06   3.0944824e+01
   3.1981360e+06   2.3193359e+01
   3.1981500e+06   1.9897461e+01
   3.1982030e+06   2.1118164e+01
   3.1984360e+06   2.2460938e+01
   3.2011200e+06   2.2460938e+01
   3.2012210e+06   2.0324707e+01
   3.4758640e+06   2.2460938e+01
   3.4763150e+06   2.1118164e+01
   3.4763430e+06   2.0935059e+01
   3.4764580e+06   2.7648926e+01
   3.4793910e+06   2.0874023e+01
   3.4799560e+06   2.1728516e+01
   3.4801500e+06   2.1301270e+01
   3.4804130e+06   2.3864746e+01
   3.4806420e+06   1.9958496e+01
   3.4808640e+06   2.0812988e+01
   3.4814860e+06   2.3559570e+01
   3.4816300e+06   2.2766113e+01
   3.4849670e+06   2.2766113e+01
   3.4854290e+06   2.1850586e+01
   3.4858580e+06   2.2644043e+01
   3.4883960e+06   2.2399902e+01
   3.4884580e+06   1.9836426e+01
   3.5801070e+06   2.0812988e+01
   3.5813410e+06   2.0080566e+01
   3.5830530e+06   2.2644043e+01
   3.5830720e+06   2.5024414e+01
   3.5831800e+06   2.2888184e+01
   3.5832060e+06   2.0141602e+01
   3.5860800e+06   2.1850586e+01
   3.5882580e+06   1.9836426e+01
   3.5921040e+06   2.5756836e+01
   3.5921400e+06   2.3193359e+01
   3.5929590e+06   2.2216797e+01
   3.6036240e+06   2.0202637e+01
   3.6036610e+06   2.3193359e+01
   3.6049140e+06   2.2155762e+01
   3.6051080e+06   2.5207520e+01
   3.6063870e+06   2.1484375e+01
   3.6470080e+06   2.3315430e+01
   3.6477460e+06   2.4841309e+01
   3.6495020e+06   1.9775391e+01
   3.6572390e+06   2.2705078e+01
   3.6583610e+06   2.0080566e+01
   3.6608070e+06   2.0080566e+01
   3.6630150e+06   1.9714355e+01
   3.6634090e+06   2.1850586e+01
   3.6649090e+06   2.0812988e+01
   3.6653500e+06   2.0568848e+01
   3.6656670e+06   2.1179199e+01
   3.6664650e+06   2.0324707e+01
   3.6672340e+06   2.3803711e+01
   3.6672450e+06   2.2583008e+01
   3.6686440e+06   2.4597168e+01
   3.6701260e+06   2.0507812e+01
   3.6710600e+06   2.2155762e+01
   3.6921000e+06   2.1789551e+01
   3.6923620e+06   2.0385742e+01
   3.6933600e+06   2.2094727e+01
   3.6933880e+06   2.1179199e+01
   3.6946700e+06   2.2705078e+01
   3.6975320e+06   2.0568848e+01
   3.7400050e+06   2.0507812e+01
   3.7410610e+06   2.4841309e+01
   3.7410740e+06   2.1423340e+01
   3.7434180e+06   2.0324707e+01
   3.7757980e+06   2.4353027e+01
   3.7761030e+06   2.1728516e+01
   3.7765850e+06   2.5695801e+01
   3.7779150e+06   1.9775391e+01
   3.7783720e+06   2.0874023e+01
   3.7783980e+06   2.2766113e+01
   3.7789230e+06   2.4780273e+01
   3.7792990e+06   2.2094727e+01
   3.7793360e+06   2.3376465e+01
   3.7804000e+06   2.3437500e+01
   3.7834630e+06   2.1789551e+01
   3.7865910e+06   2.7282715e+01
   3.7871470e+06   2.3620605e+01
   3.7875290e+06   2.6306152e+01
   3.7881110e+06   2.0568848e+01
   3.7885360e+06   2.1240234e+01
   3.7904530e+06   2.3376465e+01
   3.7904770e+06   2.6550293e+01
   3.7907440e+06   2.1057129e+01
   3.7949650e+06   2.0751953e+01
   3.7954600e+06   2.6123047e+01
   3.7964620e+06   2.6428223e+01
   3.7964720e+06   2.2094727e+01
   3.8006280e+06   2.1972656e+01
   3.8007800e+06   2.5207520e+01
   3.8016120e+06   1.9836426e+01
   3.8105520e+06   2.6184082e+01
   3.8135380e+06   2.1606445e+01
   3.8154480e+06   2.2338867e+01
   3.8154600e+06   2.0629883e+01
   3.8231310e+06   2.0812988e+01
   3.8231730e+06   2.9541016e+01
   3.8231950e+06   3.6499023e+01
   3.8232050e+06   2.0019531e+01
   3.8232190e+06   2.1667480e+01
   3.8232400e+06   1.9714355e+01
   3.8232900e+06   2.9174805e+01
   3.8233600e+06   2.0324707e+01
   3.8234180e+06   2.0141602e+01
   3.8574210e+06   1.9775391e+01
   3.8598290e+06   2.2216797e+01
   3.9372200e+06   2.7648926e+01
   3.9385570e+06   2.0874023e+01
   3.9422220e+06   2.0141602e+01
   3.9436790e+06   2.1850586e+01
   3.9502490e+06   2.0080566e+01
   3.9516140e+06   2.2888184e+01
   3.9682620e+06   2.1057129e+01
   3.9865800e+06   2.1850586e+01
   3.9884480e+06   2.0080566e+01
   3.9885680e+06   2.2460938e+01
   3.9889660e+06   2.0019531e+01
   3.9902150e+06   2.1240234e+01
   3.9932810e+06   2.2094727e+01
   3.9935180e+06   2.0141602e+01
   4.0018650e+06   2.0507812e+01
   4.0020200e+06   2.1118164e+01
   4.0021200e+06   2.0324707e+01
   4.0035110e+06   2.1850586e+01
   4.0077110e+06   2.1911621e+01
   4.0078490e+06   2.1545410e+01
   4.0079500e+06   2.0629883e+01
   4.0081160e+06   2.0874023e+01
   4.0100760e+06   2.0568848e+01
   4.0104240e+06   1.9714355e+01
   4.0111850e+06   2.3742676e+01
   4.0112950e+06   2.0385742e+01
   4.0155410e+06   2.0202637e+01
   4.0155530e+06   2.4597168e+01
   4.0338340e+06   2.0507812e+01
   4.0343730e+06   2.1789551e+01
   4.0343860e+06   2.6550293e+01
   4.0362760e+06   2.1606445e+01
   4.0362980e+06   2.6062012e+01
   4.0367400e+06   1.9958496e+01
   4.0381900e+06   2.1667480e+01
   4.1117090e+06   1.9836426e+01
   4.1834250e+06   2.3193359e+01
   4.1838380e+06   2.0629883e+01
   4.1841480e+06   2.1667480e+01
   4.2456370e+06   2.1606445e+01
   4.2458030e+06   2.3803711e+01
   4.2475770e+06   2.1972656e+01
   4.2476140e+06   1.9897461e+01
   4.2495420e+06   1.9897461e+01
   4.2520220e+06   2.4536133e+01
   4.2559900e+06   2.6000977e+01
   4.2568160e+06   2.0080566e+01
   4.2572500e+06   2.1728516e+01
   4.2578920e+06   2.1301270e+01
   4.2579200e+06   1.9836426e+01
   4.2594180e+06   2.2827148e+01
   4.2596520e+06   2.1850586e+01
   4.2596700e+06   2.3010254e+01
   4.2599370e+06   2.4230957e+01
   4.2600250e+06   2.4353027e+01
   4.2600350e+06   2.3315430e+01
   4.2605190e+06   2.5024414e+01
   4.2612920e+06   2.3010254e+01
   4.2620700e+06   2.0202637e+01
   4.2620880e+06   1.9958496e+01
   4.2621400e+06   2.3681641e+01
   4.2638230e+06   2.4597168e+01
   4.2991640e+06   2.1606445e+01
   4.2993000e+06   1.9714355e+01
   4.3018940e+06   1.9836426e+01
   4.3023150e+06   1.9775391e+01
   4.3799850e+06   2.0446777e+01
   4.3802880e+06   2.5329590e+01
   4.3825250e+06   2.0629883e+01
   4.3832520e+06   2.8198242e+01
   4.4184230e+06   2.2521973e+01
   4.4187960e+06   2.0385742e+01
   4.4191400e+06   2.0385742e+01
   4.4197570e+06   2.0812988e+01
   4.4205400e+06   2.0324707e+01
   4.4206870e+06   2.1301270e+01
   4.4217620e+06   1.9714355e+01
   4.4260760e+06   2.0568848e+01
   4.4380570e+06   1.9897461e+01
   4.4383860e+06   2.2644043e+01
   4.4393100e+06   2.0996094e+01
   4.4428010e+06   1.9958496e+01
   4.4438280e+06   2.0141602e+01
   4.4731880e+06   2.1240234e+01
   4.4733110e+06   1.9836426e+01
   4.4735220e+06   2.0019531e+01
   4.4737370e+06   2.5939941e+01
   4.4746720e+06   2.1911621e+01
   4.4746820e+06   2.2094727e+01
   4.4750730e+06   1.9775391e+01
   4.4751930e+06   2.2399902e+01
   4.4784380e+06   2.2094727e+01
   4.4786610e+06   2.5024414e+01
   4.4903830e+06   2.0690918e+01
   4.4903940e+06   2.1667480e+01
   4.4917240e+06   2.1362305e+01
   4.4943370e+06   1.9836426e+01
   4.5004910e+06   2.1911621e+01
   4.5095920e+06   2.1728516e+01
   4.5099670e+06   2.7038574e+01
   4.5119460e+06   2.1362305e+01
   4.5126470e+06   1.9775391e+01
   4.5127540e+06   2.0324707e+01
   4.5128510e+06   2.0568848e+01
   4.5164380e+06   2.0019531e+01
   4.5172110e+06   2.3437500e+01
   4.5172940e+06   2.2705078e+01
   4.5196100e+06   2.5146484e+01
   4.5209990e+06   2.1179199e+01
   4.5213260e+06   2.0446777e+01
   4.5233020e+06   2.0080566e+01
   4.5233480e+06   2.2033691e+01
   4.5234850e+06   2.0202637e+01
   4.5436860e+06   2.0324707e+01
   4.5441110e+06   2.0019531e+01
   4.5636640e+06   2.1118164e+01
   4.5651550e+06   2.1545410e+01
   4.5673510e+06   2.0935059e+01
   4.5956820e+06   2.1118164e+01
   4.5974810e+06   2.0141602e+01
   4.5974910e+06   2.7770996e+01
   4.5975760e+06   2.6245117e+01
   4.5976000e+06   3.7536621e+01
   4.5976380e+06   2.6977539e+01
   4.5976540e+06   2.5451660e+01
   4.5976850e+06   2.5817871e+01
   4.5977030e+06   2.6245117e+01
   4.5977580e+06   1.9775391e+01
   4.5979010e+06   2.5878906e+01
   4.5993910e+06   2.2216797e+01
   4.6006270e+06   1.9897461e+01
   4.7020250e+06   1.9775391e+01
   4.7028510e+06   1.9775391e+01
   4.7028630e+06   1.9958496e+01
   4.7041020e+06   2.0935059e+01
   4.7064860e+06   2.1789551e+01
   4.7086930e+06   2.1545410e+01
   4.7093630e+06   2.2583008e+01
   4.7989930e+06   2.1972656e+01
   4.7995090e+06   2.0324707e+01
   4.7995410e+06   2.1728516e+01
   4.8024030e+06   2.5268555e+01
   4.8026480e+06   2.0202637e+01
   4.8030580e+06   1.9775391e+01
   4.8504420e+06   1.9714355e+01
   4.8509020e+06   2.7648926e+01
   4.8630480e+06   2.3498535e+01
   4.8633130e+06   2.4963379e+01
   4.8633250e+06   2.5024414e+01
   4.8649090e+06   2.5878906e+01
   4.8649250e+06   2.5817871e+01
   4.8666060e+06   2.0263672e+01
   4.8671760e+06   2.5390625e+01
   4.8674610e+06   2.4291992e+01
   4.8679980e+06   2.2216797e+01
   4.8682940e+06   1.9897461e+01
   4.8764210e+06   2.1240234e+01
   4.8809270e+06   1.9836426e+01
   4.8830290e+06   2.4047852e+01
   4.8872320e+06   2.1728516e+01
   4.8874130e+06   2.7648926e+01
   4.8874420e+06   1.9958496e+01
   4.8877770e+06   1.9714355e+01
   4.8879450e+06   2.0690918e+01
   4.8880830e+06   1.9714355e+01
   4.8882190e+06   1.9714355e+01
   4.8883580e+06   2.1240234e+01
   4.8892760e+06   1.9714355e+01
   4.8901640e+06   1.9775391e+01
   4.8909970e+06   2.0080566e+01
   4.8927400e+06   2.5634766e+01
   4.8927530e+06   2.7343750e+01
   4.8929660e+06   1.9897461e+01
   4.8937250e+06   2.3803711e+01
   4.8937420e+06   2.2521973e+01
   4.8968250e+06   2.0141602e+01
   4.8968360e+06   2.2094727e+01
   4.8984920e+06   2.0019531e+01
   4.8985060e+06   2.5207520e+01
   4.9168480e+06   2.2155762e+01
   4.9168600e+06   2.6611328e+01
   4.9176310e+06   2.1179199e+01
   4.9470370e+06   2.3010254e+01
   4.9477230e+06   2.1667480e+01
   4.9484280e+06   2.0202637e+01
   4.9486400e+06   2.2521973e+01
   4.9641970e+06   2.4658203e+01
   4.9698680e+06   2.3376465e+01
   4.9701400e+06   2.1972656e+01
   4.9710540e+06   2.0751953e+01
   4.9711480e+06   2.3498535e+01
   4.9714010e+06   1.9897461e+01
   4.9715420e+06   2.1057129e+01
   4.9980680e+06   2.1179199e+01
   4.9981490e+06   2.0935059e+01
   4.9982970e+06   1.9897461e+01
   4.9989850e+06   2.0874023e+01
   4.9990650e+06   1.9958496e+01
   5.0000890e+06   2.0568848e+01
   5.0026610e+06   2.0019531e+01
   5.0027130e+06   1.9958496e+01
   5.0028540e+06   1.9958496e+01
   5.0030330e+06   2.1484375e+01
   5.0030980e+06   2.0996094e+01
   5.0745880e+06   2.1423340e+01
   5.0750390e+06   2.1423340e+01
   5.0751840e+06   2.1728516e+01
   5.0754390e+06   2.3071289e+01
   5.0754650e+06   2.0996094e+01
   5.0755000e+06   2.0019531e+01
   5.0755910e+06   2.0629883e+01
   5.0760880e+06   2.0874023e+01
   5.0867820e+06   2.0385742e+01
   5.0869360e+06   2.1179199e+01
   5.0870120e+06   1.9836426e+01
   5.0880190e+06   2.1911621e+01
   5.0881680e+06   2.0874023e+01
   5.0885270e+06   2.0202637e+01
   5.0885800e+06   2.0324707e+01
   5.0886390e+06   2.4780273e+01
   5.0888750e+06   2.7587891e+01
   5.1150070e+06   1.9897461e+01
   5.1152310e+06   2.1728516e+01
   5.1155560e+06   2.2766113e+01
   5.1500150e+06   2.6794434e+01
   5.1500270e+06   2.5634766e+01
   5.1500950e+06   2.5634766e+01
   5.1501100e+06   2.1789551e+01
   5.1556040e+06   2.0568848e+01
   5.1621910e+06   2.0385742e+01
   5.1716920e+06   2.1362305e+01
   5.1717830e+06   2.0019531e+01
   5.1901480e+06   2.7404785e+01
   5.1907210e+06   2.1118164e+01
   5.1913280e+06   2.0996094e+01
   5.1914580e+06   2.0690918e+01
   5.1918790e+06   2.0202637e+01
   5.1919870e+06   2.2338867e+01
   5.2133790e+06   1.9897461e+01
   5.2138260e+06   2.4230957e+01
   5.2139250e+06   2.1911621e+01
   5.2140040e+06   2.0141602e+01
   5.2150980e+06   2.6794434e+01
   5.2152070e+06   2.4414062e+01
   5.2152840e+06   2.2155762e+01
   5.2155850e+06   1.9836426e+01
   5.3167670e+06   1.9775391e+01
   5.3444860e+06   2.1179199e+01
   5.4159460e+06   2.2094727e+01
   5.4247450e+06   2.0019531e+01
   5.4257310e+06   2.0324707e+01
   5.4260250e+06   1.9775391e+01
   5.4267610e+06   2.4475098e+01
   5.4273370e+06   2.1240234e+01
   5.4284380e+06   1.9897461e+01
   5.4285760e+06   2.0263672e+01
   5.4291670e+06   2.3254395e+01
   5.4323700e+06   2.2216797e+01
   5.4533830e+06   2.0019531e+01
   5.4640780e+06   2.0385742e+01
   5.4645390e+06   2.0019531e+01
   5.5503420e+06   3.3569336e+01
   5.5503530e+06   3.1433105e+01
   5.5503970e+06   3.2043457e+01
   5.5504070e+06   3.6437988e+01
   5.5504360e+06   2.2460938e+01
   5.5504470e+06   2.0263672e+01
   5.5504880e+06   2.3803711e+01
   5.5505460e+06   2.0996094e+01
   5.5596850e+06   2.3437500e+01
   5.5597090e+06   2.0507812e+01
   5.5608820e+06   2.3925781e+01
   5.5622840e+06   2.3437500e+01
   5.5628600e+06   2.0202637e+01
   5.5670750e+06   2.0507812e+01
   5.5672500e+06   2.2583008e+01
   5.5673250e+06   2.0690918e+01
   5.5684630e+06   2.1911621e+01
   5.6290210e+06   2.4963379e+01
   5.6308390e+06   2.1789551e+01
   5.6324200e+06   2.0751953e+01
   5.6410350e+06   2.2460938e+01
   5.6412010e+06   2.1606445e+01
   5.7472640e+06   2.3315430e+01
   5.7473370e+06   2.0874023e+01
   5.7509880e+06   2.0202637e+01
   5.7522350e+06   2.2338867e+01
   5.7766680e+06   2.2949219e+01
   5.7769010e+06   2.0080566e+01
   5.7769850e+06   2.2155762e+01
   5.7786810e+06   1.9775391e+01
   5.7788700e+06   2.0019531e+01
   5.7789030e+06   2.1911621e+01
   5.7791980e+06   2.9113770e+01
   5.7792580e+06   2.2094727e+01
   5.7793560e+06   1.9714355e+01
   5.7794470e+06   2.0629883e+01
   5.7795070e+06   2.0751953e+01
   5.7795170e+06   2.1057129e+01
   5.7797930e+06   2.0629883e+01
   5.7813500e+06   1.9714355e+01
   5.7814690e+06   2.0812988e+01
   5.8084750e+06   2.4536133e+01
   5.8091510e+06   1.9714355e+01
   5.8093010e+06   2.1240234e+01
   5.8442230e+06   2.1118164e+01
   5.8443110e+06   2.2644043e+01
   5.8471380e+06   2.2216797e+01
   5.8475260e+06   2.1362305e+01
   5.8479180e+06   2.2216797e+01
   5.8491550e+06   2.0385742e+01
   5.8500500e+06   2.1301270e+01
   5.8506580e+06   2.5085449e+01
   5.8594390e+06   2.3010254e+01
   5.8595130e+06   2.2705078e+01
   5.8597020e+06   2.4108887e+01
   5.8598580e+06   2.3925781e+01
   5.8601000e+06   1.9714355e+01
   5.8601230e+06   2.5695801e+01
   5.8699300e+06   2.0141602e+01
   5.8932530e+06   2.1057129e+01
   5.8946610e+06   2.0324707e+01
   5.8948680e+06   1.9714355e+01
   5.8949450e+06   2.1484375e+01
   5.8950520e+06   2.1240234e+01
   5.8954740e+06   2.2399902e+01
   5.8955200e+06   2.7038574e+01
   5.9051700e+06   2.5146484e+01
   5.9611520e+06   2.1362305e+01
