   5.9990000e+06   0.0000000e+00
   7.0073000e+04   2.1423340e+01
   1.0881600e+05   2.1606445e+01
   1.5651800e+05   2.3925781e+01
   1.7644100e+05   2.1850586e+01
   1.7674600e+05   3.3447266e+01
   1.7676500e+05   2.1362305e+01
   1.7679100e+05   2.0935059e+01
   1.7680200e+05   3.3203125e+01
   1.7682300e+05   4.3640137e+01
   1.7683900e+05   2.8808594e+01
   1.7685600e+05   3.2897949e+01
   1.7688800e+05   3.0578613e+01
   1.7690600e+05   2.5451660e+01
   1.7693100e+05   3.2470703e+01
   1.7695200e+05   2.6550293e+01
   1.7698400e+05   3.0029297e+01
   1.7700100e+05   2.4841309e+01
   1.7702900e+05   2.6367187e+01
   1.7706300e+05   2.3376465e+01
   1.7715000e+05   2.8015137e+01
   1.7720000e+05   2.8076172e+01
   1.7723700e+05   2.1850586e+01
   1.7725900e+05   2.1057129e+01
   1.7735500e+05   2.3559570e+01
   1.7865100e+05   2.1850586e+01
   1.9825300e+05   2.6306152e+01
   1.9862500e+05   2.0874023e+01
   1.9864300e+05   3.5400391e+01
   1.9866400e+05   2.4536133e+01
   1.9868300e+05   3.0273438e+01
   1.9870400e+05   3.3569336e+01
   1.9872200e+05   2.4414062e+01
   1.9874400e+05   3.3813477e+01
   1.9875400e+05   3.9672852e+01
   1.9879300e+05   3.5095215e+01
   1.9881500e+05   3.1860352e+01
   1.9884100e+05   3.9733887e+01
   1.9885900e+05   3.2714844e+01
   1.9888500e+05   3.4729004e+01
   1.9890900e+05   2.4597168e+01
   1.9895000e+05   2.5085449e+01
   1.9899000e+05   2.1789551e+01
   1.9905200e+05   2.8320313e+01
   1.9912200e+05   2.5085449e+01
   1.9917600e+05   2.3498535e+01
   1.9919900e+05   2.6794434e+01
   1.9921900e+05   2.2827148e+01
   1.9925000e+05   2.2033691e+01
   1.9930600e+05   2.1789551e+01
   1.9936500e+05   2.3681641e+01
   1.9938300e+05   2.1362305e+01
   1.9943500e+05   2.6977539e+01
   1.9954800e+05   2.3315430e+01
   1.9964900e+05   3.0090332e+01
   1.9967300e+05   2.1484375e+01
   1.9969900e+05   2.2216797e+01
   1.9973700e+05   2.1972656e+01
   1.9979300e+05   2.5573730e+01
   1.9991000e+05   2.6489258e+01
   2.0000300e+05   2.3498535e+01
   2.0009000e+05   2.2277832e+01
   2.0019600e+05   2.4658203e+01
   2.0023400e+05   2.0996094e+01
   2.0048300e+05   2.2705078e+01
   2.0092700e+05   2.4108887e+01
   2.9113600e+05   2.1423340e+01
   2.9150700e+05   2.5634766e+01
   3.2764100e+05   2.5634766e+01
   3.3786800e+05   2.3986816e+01
   3.3861300e+05   2.1484375e+01
   3.3868800e+05   2.0874023e+01
   3.3877800e+05   3.0212402e+01
   3.3887100e+05   3.5522461e+01
   3.3902000e+05   2.3620605e+01
   3.3904900e+05   2.2155762e+01
   3.3911900e+05   2.2766113e+01
   3.3922100e+05   2.3742676e+01
   3.3932200e+05   2.3376465e+01
   3.3934500e+05   2.6855469e+01
   3.3940800e+05   2.5085449e+01
   3.3944300e+05   3.9123535e+01
   3.3951300e+05   3.8269043e+01
   3.3976800e+05   2.1972656e+01
   3.8197000e+05   2.5817871e+01
   3.8199400e+05   2.1911621e+01
   3.8275800e+05   2.2338867e+01
   3.8284500e+05   2.7832031e+01
   3.8295000e+05   2.6977539e+01
   3.8305700e+05   2.6245117e+01
   3.8318200e+05   2.4230957e+01
   3.8330800e+05   2.1484375e+01
   3.8346900e+05   2.1972656e+01
   4.1629300e+05   2.4353027e+01
   4.3390200e+05   2.3376465e+01
   4.3408300e+05   3.5888672e+01
   4.3505800e+05   3.0700684e+01
   4.3540000e+05   3.1494141e+01
   4.6287000e+05   2.1911621e+01
   4.6380000e+05   2.2766113e+01
   4.6396200e+05   2.5451660e+01
   5.0717500e+05   2.8564453e+01
   5.0772500e+05   3.4790039e+01
   5.0814700e+05   2.3498535e+01
   5.0822000e+05   2.4414062e+01
   5.0868500e+05   3.0517578e+01
   5.0879600e+05   3.0761719e+01
   5.0896500e+05   2.1057129e+01
   5.0913400e+05   2.6794434e+01
   5.2924600e+05   2.1728516e+01
   5.2931900e+05   2.1118164e+01
   5.2956500e+05   3.2897949e+01
   5.3007100e+05   2.1240234e+01
   5.4318200e+05   2.6611328e+01
   5.4408200e+05   2.5512695e+01
   5.9409200e+05   2.5207520e+01
   5.9412600e+05   2.6123047e+01
   5.9417700e+05   2.0874023e+01
   6.1465300e+05   2.2155762e+01
   6.5048300e+05   2.1667480e+01
   6.7061000e+05   2.1606445e+01
   6.7067800e+05   2.6550293e+01
   6.7085100e+05   2.5512695e+01
   6.7101800e+05   2.2705078e+01
   6.8373500e+05   2.2949219e+01
   6.8378000e+05   2.2338867e+01
   6.8384400e+05   2.0996094e+01
   6.8387400e+05   2.7587891e+01
   6.8392700e+05   2.1118164e+01
   7.2184100e+05   2.1362305e+01
   7.2185200e+05   2.1728516e+01
   7.2204800e+05   3.5522461e+01
   7.2215400e+05   2.7465820e+01
   7.2243700e+05   2.3803711e+01
   7.2262400e+05   2.1728516e+01
   7.2296600e+05   2.1667480e+01
   8.0994800e+05   2.1606445e+01
   8.6609700e+05   2.2583008e+01
   1.0192410e+06   2.4169922e+01
   1.0192540e+06   2.1362305e+01
   1.0192900e+06   2.2277832e+01
   1.0193010e+06   3.1372070e+01
   1.0193270e+06   4.4982910e+01
   1.0193600e+06   2.9907227e+01
   1.0193750e+06   5.7128906e+01
   1.0193950e+06   3.5705566e+01
   1.0194170e+06   2.9479980e+01
   1.0194280e+06   2.3620605e+01
   1.0194460e+06   2.3986816e+01
   1.0194670e+06   3.7231445e+01
   1.0194910e+06   3.0151367e+01
   1.0195140e+06   2.4597168e+01
   1.0195440e+06   3.2897949e+01
   1.0195630e+06   2.2338867e+01
   1.0195870e+06   2.4597168e+01
   1.0196220e+06   2.3498535e+01
   1.0196630e+06   2.2827148e+01
   1.0196800e+06   3.5095215e+01
   1.0197080e+06   2.1545410e+01
   1.0197350e+06   2.5146484e+01
   1.0197980e+06   2.2888184e+01
   1.0199080e+06   2.6000977e+01
   1.0199540e+06   2.0874023e+01
   1.0200930e+06   2.3132324e+01
   1.0204520e+06   2.0812988e+01
   1.0209680e+06   2.1606445e+01
   1.0211770e+06   2.2277832e+01
   1.0213730e+06   2.0812988e+01
   1.0218550e+06   2.1728516e+01
   1.1994840e+06   2.8503418e+01
   1.3263460e+06   2.1728516e+01
   1.3470540e+06   2.2949219e+01
   1.4972290e+06   2.2338867e+01
   1.5653150e+06   2.1057129e+01
   1.6906400e+06   2.6855469e+01
   1.7760130e+06   2.1118164e+01
   1.7932910e+06   2.3498535e+01
   1.8196080e+06   2.1118164e+01
   1.8607730e+06   2.1057129e+01
   1.9346270e+06   2.2644043e+01
   1.9346870e+06   3.3996582e+01
   1.9347130e+06   3.2897949e+01
   1.9347350e+06   4.4616699e+01
   1.9347510e+06   3.2836914e+01
   1.9347750e+06   2.5329590e+01
   1.9347950e+06   2.2949219e+01
   1.9348150e+06   2.3986816e+01
   1.9348280e+06   2.7832031e+01
   1.9348440e+06   3.3874512e+01
   1.9348640e+06   3.2165527e+01
   1.9348850e+06   3.8146973e+01
   1.9349120e+06   3.5217285e+01
   1.9349470e+06   2.6977539e+01
   1.9349680e+06   2.2033691e+01
   1.9349930e+06   2.3742676e+01
   1.9350330e+06   3.6804199e+01
   1.9350810e+06   2.6733398e+01
   1.9351290e+06   2.8198242e+01
   1.9351920e+06   2.1728516e+01
   1.9353470e+06   2.3620605e+01
   1.9354090e+06   2.2583008e+01
   1.9355350e+06   2.1545410e+01
   1.9356120e+06   2.1362305e+01
   1.9357310e+06   2.2766113e+01
   1.9362000e+06   2.2338867e+01
   1.9363510e+06   2.1118164e+01
   1.9366330e+06   2.1484375e+01
   1.9369780e+06   2.5695801e+01
   1.9377650e+06   2.1606445e+01
   1.9384150e+06   2.1179199e+01
   2.0054830e+06   3.1982422e+01
   2.1019450e+06   2.4414062e+01
   2.1031740e+06   2.1606445e+01
   2.1031970e+06   2.7343750e+01
   2.1032230e+06   4.6813965e+01
   2.1032480e+06   3.4240723e+01
   2.1032750e+06   3.4912109e+01
   2.1033070e+06   3.7475586e+01
   2.1033360e+06   3.9489746e+01
   2.1033570e+06   3.1433105e+01
   2.1033810e+06   3.2958984e+01
   2.1034020e+06   2.4780273e+01
   2.1034170e+06   2.5329590e+01
   2.1034350e+06   3.1311035e+01
   2.1034560e+06   2.2216797e+01
   2.1034840e+06   2.6855469e+01
   2.1035080e+06   2.1301270e+01
   2.1035710e+06   2.6306152e+01
   2.1036190e+06   2.6611328e+01
   2.1036610e+06   2.2766113e+01
   2.1038020e+06   2.6245117e+01
   2.1039760e+06   2.2827148e+01
   2.1040360e+06   2.3254395e+01
   2.1051280e+06   2.0812988e+01
   2.2085380e+06   2.1850586e+01
   2.2288530e+06   2.1118164e+01
   2.2671910e+06   2.2766113e+01
   2.2913950e+06   2.2216797e+01
   2.3813450e+06   2.1972656e+01
   2.3816710e+06   2.8137207e+01
   2.3817570e+06   2.9602051e+01
   2.3819420e+06   2.7709961e+01
   2.3820710e+06   2.3254395e+01
   2.3820950e+06   2.3437500e+01
   2.3822260e+06   2.8747559e+01
   2.3822600e+06   2.3742676e+01
   2.3823270e+06   2.4780273e+01
   2.3823750e+06   2.5329590e+01
   2.3824370e+06   4.0283203e+01
   2.3825010e+06   2.1057129e+01
   2.4216590e+06   2.0812988e+01
   2.4705200e+06   2.0996094e+01
   2.8474770e+06   2.2277832e+01
   2.8809740e+06   2.1179199e+01
   2.8983880e+06   3.4118652e+01
   2.8984080e+06   2.3742676e+01
   2.8984240e+06   4.0649414e+01
   2.8984450e+06   6.8420410e+01
   2.8984620e+06   2.7526855e+01
   2.8984780e+06   2.4353027e+01
   2.8984920e+06   4.5776367e+01
   2.8985030e+06   2.8198242e+01
   2.8985160e+06   2.4475098e+01
   2.8985390e+06   2.2033691e+01
   2.8985660e+06   2.2827148e+01
   2.8985790e+06   3.6254883e+01
   2.8986000e+06   2.6672363e+01
   2.8986120e+06   2.7038574e+01
   2.8986390e+06   2.4963379e+01
   2.8986620e+06   2.4414062e+01
   2.8987120e+06   2.9235840e+01
   2.8987530e+06   2.3803711e+01
   2.8987760e+06   2.6367188e+01
   2.8987880e+06   2.1911621e+01
   2.8988100e+06   2.2766113e+01
   2.8988240e+06   2.2888184e+01
   2.8988470e+06   2.1423340e+01
   2.8988690e+06   2.2277832e+01
   2.8989230e+06   2.1850586e+01
   2.8989800e+06   2.6550293e+01
   2.8990100e+06   2.6245117e+01
   2.8990630e+06   2.2460938e+01
   2.8993560e+06   2.1911621e+01
   2.8998000e+06   2.1728516e+01
   2.8999420e+06   2.3010254e+01
   2.9004870e+06   2.1118164e+01
   2.9010810e+06   2.0996094e+01
   2.9014030e+06   2.1545410e+01
   3.1033240e+06   2.1606445e+01
   3.1965510e+06   2.1667480e+01
   3.1979450e+06   2.5085449e+01
   3.1979750e+06   3.6010742e+01
   3.1979980e+06   3.2287598e+01
   3.1980140e+06   5.1818848e+01
   3.1980430e+06   4.3029785e+01
   3.1980540e+06   2.3498535e+01
   3.1980720e+06   3.4179688e+01
   3.1980960e+06   3.2531738e+01
   3.1981130e+06   2.5512695e+01
   3.1981340e+06   2.2155762e+01
   3.1981490e+06   3.4423828e+01
   3.1981670e+06   2.6794434e+01
   3.1982000e+06   3.5583496e+01
   3.1982250e+06   2.9235840e+01
   3.1982390e+06   3.7902832e+01
   3.1982850e+06   2.1240234e+01
   3.1983280e+06   2.8625488e+01
   3.1983770e+06   2.2583008e+01
   3.1984280e+06   2.3071289e+01
   3.1984790e+06   2.3071289e+01
   3.1987850e+06   2.1423340e+01
   3.1988590e+06   2.2094727e+01
   3.1990080e+06   2.2399902e+01
   3.1991980e+06   2.0996094e+01
   3.1993610e+06   2.0874023e+01
   3.1997770e+06   2.3193359e+01
   3.2002550e+06   2.2033691e+01
   3.3372520e+06   2.2766113e+01
   3.4260690e+06   2.1179199e+01
   3.4906760e+06   2.3742676e+01
   3.5179570e+06   2.2033691e+01
   3.8230920e+06   2.5146484e+01
   3.8231160e+06   4.5410156e+01
   3.8231430e+06   2.6245117e+01
   3.8231670e+06   4.6813965e+01
   3.8231820e+06   2.6733398e+01
   3.8231990e+06   3.3874512e+01
   3.8232120e+06   2.2094727e+01
   3.8232380e+06   4.9743652e+01
   3.8232590e+06   2.7893066e+01
   3.8232830e+06   4.4982910e+01
   3.8233120e+06   3.3813477e+01
   3.8233290e+06   2.7160645e+01
   3.8233440e+06   2.0812988e+01
   3.8233710e+06   3.1433105e+01
   3.8234090e+06   2.6367188e+01
   3.8234260e+06   2.5085449e+01
   3.8234430e+06   2.6062012e+01
   3.8234580e+06   2.1972656e+01
   3.8234730e+06   2.5695801e+01
   3.8235010e+06   2.4658203e+01
   3.8235180e+06   3.3386230e+01
   3.8235520e+06   3.5644531e+01
   3.8236090e+06   2.5451660e+01
   3.8236390e+06   2.4475098e+01
   3.8237160e+06   2.0751953e+01
   3.8237420e+06   2.4353027e+01
   3.8238460e+06   2.2033691e+01
   3.8239320e+06   2.2460938e+01
   3.8239590e+06   2.1667480e+01
   3.8239750e+06   2.1606445e+01
   3.8240100e+06   2.1179199e+01
   3.8240470e+06   2.1179199e+01
   3.8249300e+06   2.0751953e+01
   3.8249980e+06   2.1423340e+01
   3.8252150e+06   2.3376465e+01
   3.9897380e+06   2.0996094e+01
   4.0312370e+06   2.1362305e+01
   4.3042190e+06   2.0751953e+01
   4.3305710e+06   2.2277832e+01
   4.3734880e+06   2.7160645e+01
   4.4706560e+06   2.3498535e+01
   4.5975560e+06   4.2419434e+01
   4.5975860e+06   4.1687012e+01
   4.5975970e+06   2.5573730e+01
   4.5976130e+06   3.6254883e+01
   4.5976320e+06   2.8198242e+01
   4.5976470e+06   3.8330078e+01
   4.5976650e+06   2.5573730e+01
   4.5976890e+06   3.6132812e+01
   4.5977060e+06   4.2846680e+01
   4.5977420e+06   2.2888184e+01
   4.5977830e+06   2.9907227e+01
   4.5978190e+06   3.1066895e+01
   4.5978370e+06   2.1728516e+01
   4.5978700e+06   2.9174805e+01
   4.5979130e+06   3.0883789e+01
   4.5979270e+06   2.3254395e+01
   4.5979400e+06   2.3986816e+01
   4.5979570e+06   2.3132324e+01
   4.5980260e+06   2.1789551e+01
   4.5982450e+06   2.1545410e+01
   4.5983390e+06   2.1179199e+01
   4.5985800e+06   2.7099609e+01
   4.5995750e+06   2.2155762e+01
   4.6006260e+06   2.3193359e+01
   5.0226840e+06   2.1118164e+01
   5.1526290e+06   2.5451660e+01
   5.2311820e+06   2.2827148e+01
   5.5502840e+06   2.7832031e+01
   5.5502980e+06   2.6672363e+01
   5.5503340e+06   4.8461914e+01
   5.5503690e+06   5.1391602e+01
   5.5503870e+06   3.6682129e+01
   5.5504060e+06   2.8198242e+01
   5.5504260e+06   2.1362305e+01
   5.5504470e+06   3.8635254e+01
   5.5504830e+06   3.4912109e+01
   5.5505020e+06   4.7302246e+01
   5.5505350e+06   2.2827148e+01
   5.5505680e+06   3.0578613e+01
   5.5506100e+06   3.7353516e+01
   5.5506530e+06   2.6855469e+01
   5.5506650e+06   2.8503418e+01
   5.5507140e+06   2.1301270e+01
   5.5508110e+06   2.2705078e+01
   5.5509930e+06   2.6245117e+01
   5.5511260e+06   2.4719238e+01
   5.5521750e+06   2.2949219e+01
   5.5883240e+06   2.1850586e+01
   5.6069630e+06   2.5878906e+01
   5.6419030e+06   3.4729004e+01
   5.6419420e+06   2.2583008e+01
   5.6489150e+06   2.1301270e+01
   5.6499960e+06   3.2714844e+01
   5.6500520e+06   2.5695801e+01
   5.6517380e+06   3.2287598e+01
   5.6517810e+06   2.2277832e+01
   5.6521440e+06   2.6916504e+01
   5.6530170e+06   2.5634766e+01
   5.6530910e+06   2.7343750e+01
   5.6571690e+06   3.0151367e+01
   5.6572260e+06   2.3986816e+01
   5.6576590e+06   2.4963379e+01
   5.7733620e+06   2.6306152e+01
   5.9472780e+06   2.6855469e+01
