   5.9990000e+06   0.0000000e+00
   1.7679700e+05   4.1198730e+01
   1.7683500e+05   4.2907715e+01
   1.7685900e+05   6.1218262e+01
   1.7688000e+05   3.4606934e+01
   1.7690700e+05   4.5593262e+01
   1.7693300e+05   2.7404785e+01
   1.7694700e+05   2.1362305e+01
   1.7698800e+05   2.9907227e+01
   1.7709200e+05   2.1301270e+01
   1.9866500e+05   2.9235840e+01
   1.9868400e+05   3.8269043e+01
   1.9869700e+05   2.8442383e+01
   1.9873000e+05   3.0822754e+01
   1.9875400e+05   5.1513672e+01
   1.9876700e+05   3.1005859e+01
   1.9879600e+05   3.1433105e+01
   1.9882100e+05   3.1250000e+01
   1.9883300e+05   2.2583008e+01
   1.9894900e+05   2.7893066e+01
   1.9936300e+05   2.7954102e+01
   1.9944200e+05   3.1005859e+01
   1.9956800e+05   3.4240723e+01
   1.9966300e+05   2.1484375e+01
   1.9974300e+05   2.4169922e+01
   1.9978500e+05   2.0690918e+01
   1.9990500e+05   2.0996094e+01
   2.0000900e+05   3.3874512e+01
   2.0016800e+05   2.4841309e+01
   2.9175000e+05   2.1667480e+01
   3.3876400e+05   2.0812988e+01
   3.3937000e+05   3.8452148e+01
   3.3938500e+05   2.1911621e+01
   3.3946900e+05   3.5949707e+01
   3.3959300e+05   2.7587891e+01
   3.3975400e+05   2.8442383e+01
   3.8272600e+05   2.0690918e+01
   3.8334300e+05   2.3071289e+01
   4.3397000e+05   2.1789551e+01
   4.6319500e+05   2.1545410e+01
   4.6326000e+05   2.0935059e+01
   1.0192920e+06   3.9306641e+01
   1.0193230e+06   3.7597656e+01
   1.0193430e+06   2.3376465e+01
   1.0193650e+06   3.9489746e+01
   1.0193760e+06   2.7954102e+01
   1.0194080e+06   3.1372070e+01
   1.0194400e+06   3.3325195e+01
   1.0194610e+06   2.4230957e+01
   1.0195510e+06   3.0090332e+01
   1.0196390e+06   2.7038574e+01
   1.0196580e+06   3.2104492e+01
   1.0197160e+06   2.1484375e+01
   1.0197340e+06   4.1015625e+01
   1.0199080e+06   2.2705078e+01
   1.7321210e+06   2.0690918e+01
   1.9346430e+06   2.1911621e+01
   1.9346910e+06   2.0568848e+01
   1.9347240e+06   3.4118652e+01
   1.9347470e+06   3.8940430e+01
   1.9347710e+06   5.0354004e+01
   1.9347860e+06   3.1372070e+01
   1.9348100e+06   2.5573730e+01
   1.9348260e+06   3.0273438e+01
   1.9348500e+06   3.1433105e+01
   1.9348860e+06   2.8564453e+01
   1.9349060e+06   2.0874023e+01
   1.9349500e+06   3.3203125e+01
   1.9350100e+06   2.7526855e+01
   1.9350380e+06   3.7048340e+01
   1.9350890e+06   4.1687012e+01
   1.9351310e+06   2.0812988e+01
   1.9351470e+06   3.4362793e+01
   1.9352220e+06   2.2216797e+01
   1.9352960e+06   4.1687012e+01
   1.9353870e+06   4.5410156e+01
   2.1032410e+06   2.0507812e+01
   2.1032600e+06   2.8381348e+01
   2.1032860e+06   4.1137695e+01
   2.1033130e+06   4.8950195e+01
   2.1033280e+06   3.8513184e+01
   2.1033460e+06   3.9001465e+01
   2.1033560e+06   2.6550293e+01
   2.1033730e+06   2.6855469e+01
   2.1034880e+06   2.2338867e+01
   2.1035790e+06   3.2592773e+01
   2.1036200e+06   2.3925781e+01
   2.1036370e+06   2.9541016e+01
   2.1036800e+06   2.2216797e+01
   2.1036980e+06   4.5043945e+01
   2.3823470e+06   2.0996094e+01
   2.3824260e+06   3.7170410e+01
   2.3824470e+06   2.4780273e+01
   2.3825240e+06   3.7963867e+01
   2.3826120e+06   2.5878906e+01
   2.3827080e+06   2.8991699e+01
   2.3828290e+06   3.7414551e+01
   2.8984060e+06   3.1738281e+01
   2.8984220e+06   5.4016113e+01
   2.8984320e+06   4.9621582e+01
   2.8984630e+06   3.9733887e+01
   2.8984830e+06   2.7648926e+01
   2.8985090e+06   2.4536133e+01
   2.8985330e+06   2.9418945e+01
   2.8985650e+06   2.1545410e+01
   2.8987090e+06   3.0273438e+01
   2.8987580e+06   3.5888672e+01
   2.8988040e+06   3.7048340e+01
   2.8988980e+06   3.7170410e+01
   3.1979960e+06   2.4353027e+01
   3.1980070e+06   5.1269531e+01
   3.1980470e+06   4.4738770e+01
   3.1980780e+06   2.4414062e+01
   3.1980880e+06   3.7414551e+01
   3.1981160e+06   2.4597168e+01
   3.1981330e+06   2.1484375e+01
   3.1981640e+06   2.2705078e+01
   3.1982100e+06   2.7221680e+01
   3.1983260e+06   2.2949219e+01
   3.1988740e+06   2.3681641e+01
   3.8231310e+06   2.5573730e+01
   3.8231480e+06   2.5695801e+01
   3.8231630e+06   2.5390625e+01
   3.8231860e+06   4.0649414e+01
   3.8232100e+06   3.1250000e+01
   3.8232320e+06   4.4250488e+01
   3.8232530e+06   3.0334473e+01
   3.8232700e+06   2.8076172e+01
   3.8232880e+06   2.7893066e+01
   3.8233080e+06   2.3559570e+01
   3.8233330e+06   2.1240234e+01
   3.8233610e+06   2.1179199e+01
   3.8233900e+06   2.9174805e+01
   3.8234700e+06   3.4606934e+01
   3.8235180e+06   2.6123047e+01
   3.8235670e+06   3.3813477e+01
   3.8236390e+06   2.6367188e+01
   3.8236520e+06   2.5695801e+01
   3.8237040e+06   3.7475586e+01
   3.8237660e+06   3.8757324e+01
   3.9900460e+06   2.5634766e+01
   4.5975710e+06   3.2409668e+01
   4.5976000e+06   4.0039062e+01
   4.5976370e+06   4.8339844e+01
   4.5976630e+06   2.3803711e+01
   4.5976790e+06   3.1005859e+01
   4.5977090e+06   2.3498535e+01
   4.5977540e+06   2.7526855e+01
   4.5978410e+06   3.1921387e+01
   5.3160320e+06   2.2216797e+01
   5.5503410e+06   3.6376953e+01
   5.5503540e+06   2.8503418e+01
   5.5503780e+06   3.6499023e+01
   5.5503880e+06   4.5898438e+01
   5.5504070e+06   2.1423340e+01
   5.5504260e+06   4.2785645e+01
   5.5504620e+06   3.1799316e+01
   5.5504770e+06   2.3803711e+01
   5.5505210e+06   2.0324707e+01
   5.5506950e+06   2.8564453e+01
