   5.9990000e+06   0.0000000e+00
   5.5364000e+04   4.3212891e+01
   8.3869000e+04   5.7556152e+01
   1.3410500e+05   4.4616699e+01
   1.6001900e+05   4.1259766e+01
   1.7679500e+05   3.7658691e+01
   1.7681400e+05   4.4677734e+01
   1.7683600e+05   3.7048340e+01
   1.7685100e+05   4.2724609e+01
   1.7686500e+05   6.4147949e+01
   1.7689600e+05   3.9001465e+01
   1.7691000e+05   4.2297363e+01
   1.7692800e+05   4.3273926e+01
   1.7694600e+05   5.5603027e+01
   1.7696400e+05   3.7536621e+01
   1.7698600e+05   4.5227051e+01
   1.7700900e+05   3.2104492e+01
   1.7702500e+05   1.9348145e+01
   1.7704100e+05   4.5837402e+01
   1.7707400e+05   4.0344238e+01
   1.7714200e+05   5.3161621e+01
   1.7731800e+05   2.6794434e+01
   1.7812700e+05   1.7517090e+01
   1.9390900e+05   4.1320801e+01
   1.9849200e+05   5.5236816e+01
   1.9858800e+05   6.2561035e+01
   1.9864700e+05   4.1992188e+01
   1.9866400e+05   4.7363281e+01
   1.9869200e+05   4.4067383e+01
   1.9870900e+05   4.2602539e+01
   1.9872800e+05   3.3447266e+01
   1.9874700e+05   3.5888672e+01
   1.9876700e+05   5.4382324e+01
   1.9878400e+05   4.3212891e+01
   1.9880000e+05   3.8513184e+01
   1.9881900e+05   2.5695801e+01
   1.9883600e+05   4.2785645e+01
   1.9885400e+05   3.1433105e+01
   1.9887300e+05   3.1127930e+01
   1.9889300e+05   3.2104492e+01
   1.9891200e+05   3.9978027e+01
   1.9893400e+05   3.8452148e+01
   1.9896200e+05   3.2592773e+01
   1.9901700e+05   4.2480469e+01
   1.9907700e+05   4.6386719e+01
   1.9909600e+05   1.8859863e+01
   1.9917000e+05   5.3955078e+01
   1.9929200e+05   4.0161133e+01
   1.9936900e+05   1.9104004e+01
   1.9951400e+05   4.0710449e+01
   1.9961900e+05   5.4321289e+01
   1.9969500e+05   4.1625977e+01
   1.9985400e+05   3.9367676e+01
   1.9989300e+05   3.6010742e+01
   1.9998200e+05   3.9672852e+01
   2.0012000e+05   1.7761230e+01
   2.1111300e+05   4.5349121e+01
   2.1382500e+05   4.4860840e+01
   2.6396600e+05   1.8737793e+01
   2.6685900e+05   1.7333984e+01
   2.9137600e+05   2.1301270e+01
   2.9180800e+05   4.4738770e+01
   2.9740700e+05   1.9287109e+01
   3.0310400e+05   1.7700195e+01
   3.1263600e+05   1.7395020e+01
   3.2623200e+05   2.1484375e+01
   3.2944400e+05   1.7517090e+01
   3.3055900e+05   1.9104004e+01
   3.3849000e+05   1.9104004e+01
   3.3858500e+05   3.1494141e+01
   3.3859600e+05   5.8654785e+01
   3.3868100e+05   6.1523438e+01
   3.3873600e+05   5.5664062e+01
   3.3876300e+05   3.6071777e+01
   3.3880700e+05   4.7241211e+01
   3.3883400e+05   4.8767090e+01
   3.3888100e+05   4.9743652e+01
   3.3892500e+05   4.5349121e+01
   3.3894800e+05   4.5104980e+01
   3.3897600e+05   4.3212891e+01
   3.3899800e+05   4.0466309e+01
   3.3903000e+05   4.2785645e+01
   3.3906300e+05   4.4616699e+01
   3.3909200e+05   3.3874512e+01
   3.3911800e+05   3.9367676e+01
   3.3913200e+05   3.5217285e+01
   3.3916400e+05   4.6508789e+01
   3.3919600e+05   5.3771973e+01
   3.3923000e+05   4.8889160e+01
   3.3928300e+05   5.1574707e+01
   3.3933300e+05   5.1025391e+01
   3.3942800e+05   3.7902832e+01
   3.3944000e+05   2.5573730e+01
   3.3959600e+05   2.0141602e+01
   3.3963000e+05   4.0527344e+01
   3.3986300e+05   2.6611328e+01
   3.8165000e+05   1.9104004e+01
   3.8172000e+05   3.1005859e+01
   3.8183500e+05   5.1330566e+01
   3.8196200e+05   4.2480469e+01
   3.8199300e+05   4.2846680e+01
   3.8266200e+05   3.0944824e+01
   3.8280600e+05   5.6945801e+01
   3.8288200e+05   4.3701172e+01
   3.8292900e+05   4.2297363e+01
   3.8298600e+05   5.3283691e+01
   3.8304000e+05   4.5104980e+01
   3.8313500e+05   4.9072266e+01
   3.8327400e+05   3.5339355e+01
   3.8334200e+05   3.5522461e+01
   4.0711900e+05   1.7578125e+01
   4.1136400e+05   1.7211914e+01
   4.1188000e+05   5.5908203e+01
   4.1198100e+05   5.3527832e+01
   4.2553300e+05   5.0048828e+01
   4.3299300e+05   1.7456055e+01
   4.3304900e+05   2.4902344e+01
   4.3313400e+05   5.5236816e+01
   4.3316100e+05   1.8066406e+01
   4.3322000e+05   5.2490234e+01
   4.3398400e+05   3.5705566e+01
   4.3473400e+05   2.8137207e+01
   4.6289500e+05   1.7883301e+01
   4.6298900e+05   3.5949707e+01
   4.6311600e+05   4.0039062e+01
   4.6383700e+05   4.4006348e+01
   4.6390700e+05   2.7038574e+01
   4.6407500e+05   3.7597656e+01
   4.7902200e+05   1.8493652e+01
   4.8378300e+05   4.8217773e+01
   5.0720500e+05   2.1545410e+01
   5.0725600e+05   2.6611328e+01
   5.0731200e+05   2.3498535e+01
   5.0742000e+05   5.9082031e+01
   5.0751600e+05   5.1696777e+01
   5.0754500e+05   5.0537109e+01
   5.0765000e+05   4.6569824e+01
   5.0820200e+05   3.6743164e+01
   5.2924700e+05   4.6569824e+01
   5.2932300e+05   4.1748047e+01
   5.2943600e+05   4.4738770e+01
   5.3000000e+05   1.8249512e+01
   5.4318000e+05   2.3254395e+01
   5.4323700e+05   5.1513672e+01
   5.4402500e+05   2.1850586e+01
   5.4435200e+05   3.6560059e+01
   6.7061100e+05   3.6071777e+01
   6.7062500e+05   1.7272949e+01
   6.7068200e+05   3.2043457e+01
   6.7070000e+05   5.3039551e+01
   6.7078700e+05   3.6621094e+01
   6.7084000e+05   6.0668945e+01
   6.7089800e+05   3.5644531e+01
   6.7095400e+05   5.5297852e+01
   6.7099200e+05   5.0170898e+01
   6.7102600e+05   4.6691895e+01
   6.7104900e+05   4.4372559e+01
   6.7109300e+05   3.3020020e+01
   6.7116700e+05   2.8991699e+01
   6.7118500e+05   3.2287598e+01
   6.7128900e+05   4.4616699e+01
   6.7133000e+05   6.4331055e+01
   6.7135100e+05   4.2480469e+01
   6.7157600e+05   4.7302246e+01
   6.8375600e+05   3.5278320e+01
   6.8382400e+05   3.1433105e+01
   6.8922400e+05   4.0283203e+01
   7.2061800e+05   3.5827637e+01
   7.2118300e+05   4.3823242e+01
   7.2145900e+05   1.9531250e+01
   8.0598900e+05   4.2053223e+01
   8.5150400e+05   4.7729492e+01
   9.4519400e+05   5.5969238e+01
   1.0028310e+06   5.6152344e+01
   1.0191960e+06   5.0292969e+01
   1.0192500e+06   5.2001953e+01
   1.0192720e+06   4.6997070e+01
   1.0192940e+06   5.0842285e+01
   1.0193110e+06   2.9235840e+01
   1.0193260e+06   4.4311523e+01
   1.0193440e+06   5.9204102e+01
   1.0193610e+06   5.2795410e+01
   1.0193760e+06   2.3742676e+01
   1.0193950e+06   4.3884277e+01
   1.0194130e+06   3.7536621e+01
   1.0194320e+06   4.1992188e+01
   1.0194550e+06   4.0405273e+01
   1.0194750e+06   3.1005859e+01
   1.0195030e+06   4.2663574e+01
   1.0195320e+06   4.2297363e+01
   1.0195550e+06   1.7700195e+01
   1.0195980e+06   5.3833008e+01
   1.0198370e+06   1.8615723e+01
   1.0199030e+06   1.9287109e+01
   1.0199770e+06   1.8249512e+01
   1.0205590e+06   1.9592285e+01
   1.0352620e+06   5.5969238e+01
   1.1139300e+06   3.4484863e+01
   1.1140050e+06   2.8808594e+01
   1.1458440e+06   4.2114258e+01
   1.1738630e+06   1.7822266e+01
   1.1751150e+06   3.7353516e+01
   1.1812470e+06   5.5419922e+01
   1.1962640e+06   1.8676758e+01
   1.2013290e+06   1.7822266e+01
   1.2416380e+06   5.8593750e+01
   1.2460360e+06   5.6762695e+01
   1.2833240e+06   2.1484375e+01
   1.2833920e+06   2.7282715e+01
   1.2835710e+06   5.4992676e+01
   1.2837770e+06   5.7128906e+01
   1.2838990e+06   5.5786133e+01
   1.2841080e+06   3.6743164e+01
   1.2841760e+06   2.1057129e+01
   1.2903000e+06   4.3090820e+01
   1.3324070e+06   3.9123535e+01
   1.3718000e+06   4.1809082e+01
   1.3877630e+06   5.7189941e+01
   1.4683050e+06   4.2907715e+01
   1.4996220e+06   4.3395996e+01
   1.5996360e+06   5.5847168e+01
   1.6077470e+06   4.9682617e+01
   1.6752800e+06   4.1870117e+01
   1.7767270e+06   5.5664062e+01
   1.7768270e+06   5.5908203e+01
   1.7770070e+06   4.9621582e+01
   1.7771590e+06   3.8146973e+01
   1.7771780e+06   3.6193848e+01
   1.7772500e+06   2.2644043e+01
   1.7835170e+06   5.4443359e+01
   1.9086670e+06   5.4870605e+01
   1.9327300e+06   5.9020996e+01
   1.9346990e+06   5.5541992e+01
   1.9347180e+06   4.1198730e+01
   1.9347390e+06   4.9072266e+01
   1.9347560e+06   4.4860840e+01
   1.9347710e+06   4.1198730e+01
   1.9347850e+06   3.5949707e+01
   1.9348020e+06   5.2856445e+01
   1.9348340e+06   4.7119141e+01
   1.9348530e+06   3.2531738e+01
   1.9348700e+06   4.0161133e+01
   1.9348890e+06   4.0649414e+01
   1.9349190e+06   4.1259766e+01
   1.9349400e+06   4.7302246e+01
   1.9349730e+06   4.2480469e+01
   1.9350160e+06   1.9775391e+01
   1.9350390e+06   4.8828125e+01
   1.9352710e+06   2.0751953e+01
   1.9354990e+06   1.9287109e+01
   1.9527220e+06   4.2907715e+01
   1.9812450e+06   5.6640625e+01
   2.0218570e+06   1.7333984e+01
   2.0234670e+06   1.7578125e+01
   2.0590400e+06   6.1584473e+01
   2.0791210e+06   5.7373047e+01
   2.0793590e+06   1.9287109e+01
   2.1019830e+06   3.5827637e+01
   2.1020370e+06   2.8930664e+01
   2.1022270e+06   5.2307129e+01
   2.1026160e+06   4.1564941e+01
   2.1026810e+06   5.0354004e+01
   2.1027480e+06   3.2714844e+01
   2.1028050e+06   7.2326660e+01
   2.1028280e+06   3.3813477e+01
   2.1028760e+06   3.6560059e+01
   2.1029070e+06   4.0100098e+01
   2.1029400e+06   3.3325195e+01
   2.1029620e+06   3.5034180e+01
   2.1029870e+06   3.5278320e+01
   2.1030240e+06   4.7424316e+01
   2.1030510e+06   4.2785645e+01
   2.1030760e+06   5.3039551e+01
   2.1031100e+06   4.3212891e+01
   2.1031440e+06   3.5034180e+01
   2.1031700e+06   3.3813477e+01
   2.1032000e+06   1.9897461e+01
   2.1032200e+06   3.8879395e+01
   2.1032390e+06   3.6743164e+01
   2.1032700e+06   4.8889160e+01
   2.1032980e+06   4.3090820e+01
   2.1033200e+06   4.0527344e+01
   2.1033400e+06   4.2785645e+01
   2.1033660e+06   4.2663574e+01
   2.1033860e+06   3.6621094e+01
   2.1034110e+06   3.6987305e+01
   2.1034230e+06   1.8676758e+01
   2.1034460e+06   3.8513184e+01
   2.1034730e+06   4.1259766e+01
   2.1035170e+06   3.8024902e+01
   2.1035690e+06   5.2307129e+01
   2.1036980e+06   1.8066406e+01
   2.1038370e+06   1.8066406e+01
   2.2084780e+06   4.2907715e+01
   2.2085410e+06   2.6550293e+01
   2.2175320e+06   6.0302734e+01
   2.2222850e+06   1.7333984e+01
   2.2373380e+06   1.7883301e+01
   2.2534950e+06   3.4729004e+01
   2.2818350e+06   4.6508789e+01
   2.3792880e+06   5.5664062e+01
   2.3813370e+06   2.0202637e+01
   2.3813880e+06   1.9775391e+01
   2.3814550e+06   5.3894043e+01
   2.3815170e+06   6.2744141e+01
   2.3815370e+06   4.4494629e+01
   2.3815540e+06   4.4372559e+01
   2.3815930e+06   4.2724609e+01
   2.3816110e+06   4.3701172e+01
   2.3816350e+06   3.4667969e+01
   2.3816740e+06   4.5166016e+01
   2.3816960e+06   3.5034180e+01
   2.3817160e+06   4.1625977e+01
   2.3817450e+06   4.4494629e+01
   2.3817700e+06   3.4729004e+01
   2.3817850e+06   4.2907715e+01
   2.3818180e+06   3.7475586e+01
   2.3818500e+06   4.6203613e+01
   2.3818820e+06   3.7719727e+01
   2.3819200e+06   2.1972656e+01
   2.3819420e+06   3.4423828e+01
   2.3820740e+06   5.2246094e+01
   2.3821850e+06   4.6630859e+01
   2.3822310e+06   2.1301270e+01
   2.3822890e+06   3.8330078e+01
   2.3823830e+06   4.8095703e+01
   2.3824530e+06   3.3264160e+01
   2.3825330e+06   4.3212891e+01
   2.3826440e+06   1.8798828e+01
   2.3827630e+06   5.4321289e+01
   2.3829400e+06   2.9235840e+01
   2.3933590e+06   5.3588867e+01
   2.4268680e+06   6.0363770e+01
   2.5793880e+06   5.8532715e+01
   2.7420280e+06   5.7312012e+01
   2.7946020e+06   3.8024902e+01
   2.8233100e+06   1.9104004e+01
   2.8233220e+06   4.1198730e+01
   2.8918510e+06   4.1870117e+01
   2.8976590e+06   4.1137695e+01
   2.8978000e+06   4.7546387e+01
   2.8978780e+06   3.6987305e+01
   2.8981650e+06   3.9489746e+01
   2.8982250e+06   4.7607422e+01
   2.8982640e+06   4.0466309e+01
   2.8982840e+06   7.8491211e+01
   2.8983100e+06   4.3395996e+01
   2.8983390e+06   3.0395508e+01
   2.8983650e+06   4.4616699e+01
   2.8983870e+06   4.8706055e+01
   2.8984140e+06   4.5104980e+01
   2.8984470e+06   4.3395996e+01
   2.8984620e+06   6.0668945e+01
   2.8984800e+06   4.7912598e+01
   2.8984980e+06   3.5217285e+01
   2.8985160e+06   4.1442871e+01
   2.8985370e+06   3.2348633e+01
   2.8985590e+06   4.0405273e+01
   2.8985870e+06   3.4240723e+01
   2.8986120e+06   4.5776367e+01
   2.8986410e+06   4.2663574e+01
   2.8986740e+06   4.8767090e+01
   2.8987350e+06   5.2185059e+01
   2.8988050e+06   5.7189941e+01
   2.8988990e+06   2.9235840e+01
   2.8996250e+06   1.8188477e+01
   2.9188880e+06   5.9020996e+01
   3.0107150e+06   1.7395020e+01
   3.0904920e+06   5.7128906e+01
   3.1033960e+06   2.0019531e+01
   3.1035870e+06   5.1757812e+01
   3.1446550e+06   4.7973633e+01
   3.1964700e+06   4.3273926e+01
   3.1966310e+06   4.1381836e+01
   3.1967900e+06   4.4189453e+01
   3.1970450e+06   4.8828125e+01
   3.1971620e+06   5.1635742e+01
   3.1972400e+06   3.6499023e+01
   3.1972680e+06   4.3945312e+01
   3.1973030e+06   4.3395996e+01
   3.1973340e+06   4.2297363e+01
   3.1973810e+06   5.0170898e+01
   3.1974180e+06   5.1513672e+01
   3.1974400e+06   4.8217773e+01
   3.1974640e+06   3.7353516e+01
   3.1975190e+06   4.8156738e+01
   3.1975410e+06   4.2053223e+01
   3.1975620e+06   4.1625977e+01
   3.1976240e+06   3.3752441e+01
   3.1976530e+06   3.3203125e+01
   3.1976640e+06   2.9357910e+01
   3.1976810e+06   4.3273926e+01
   3.1977280e+06   4.1137695e+01
   3.1977910e+06   4.2663574e+01
   3.1978440e+06   2.3254395e+01
   3.1978670e+06   3.8574219e+01
   3.1979010e+06   3.9123535e+01
   3.1980070e+06   4.0405273e+01
   3.1980320e+06   2.8503418e+01
   3.1980670e+06   4.7973633e+01
   3.1980860e+06   4.5715332e+01
   3.1981040e+06   3.8635254e+01
   3.1981260e+06   4.2907715e+01
   3.1981540e+06   5.1574707e+01
   3.1981820e+06   2.9785156e+01
   3.1982020e+06   3.2287598e+01
   3.1982240e+06   3.4790039e+01
   3.1982420e+06   1.8066406e+01
   3.1982580e+06   4.3212891e+01
   3.1982900e+06   1.8005371e+01
   3.1983000e+06   5.3161621e+01
   3.1983560e+06   4.4982910e+01
   3.1984390e+06   2.1423340e+01
   3.2097350e+06   3.6987305e+01
   3.2527540e+06   3.7231445e+01
   3.2741610e+06   1.7822266e+01
   3.2975710e+06   2.0324707e+01
   3.3351430e+06   1.8249512e+01
   3.3422810e+06   1.7578125e+01
   3.3483920e+06   3.7536621e+01
   3.4309750e+06   1.8432617e+01
   3.4674320e+06   5.4626465e+01
   3.5739830e+06   1.7822266e+01
   3.7347500e+06   4.3151855e+01
   3.7393370e+06   5.2978516e+01
   3.7657180e+06   4.9865723e+01
   3.7742450e+06   5.9875488e+01
   3.8001250e+06   5.2185059e+01
   3.8230290e+06   5.0048828e+01
   3.8230980e+06   5.5175781e+01
   3.8231270e+06   4.6997070e+01
   3.8231410e+06   4.1564941e+01
   3.8231560e+06   3.8330078e+01
   3.8231740e+06   4.5654297e+01
   3.8231900e+06   4.9621582e+01
   3.8232220e+06   3.6621094e+01
   3.8232400e+06   4.1076660e+01
   3.8232560e+06   4.8034668e+01
   3.8232760e+06   3.6804199e+01
   3.8232970e+06   4.3762207e+01
   3.8233200e+06   3.1250000e+01
   3.8233430e+06   3.6682129e+01
   3.8233670e+06   3.7048340e+01
   3.8233930e+06   3.5034180e+01
   3.8234510e+06   4.2114258e+01
   3.8235060e+06   1.7150879e+01
   3.8235590e+06   2.9785156e+01
   3.8244070e+06   1.8005371e+01
   3.8362000e+06   4.9865723e+01
   3.8368530e+06   5.8715820e+01
   3.8533680e+06   5.1391602e+01
   3.8594310e+06   4.2358398e+01
   3.8699300e+06   5.3955078e+01
   3.9110230e+06   4.9621582e+01
   3.9175320e+06   1.7333984e+01
   3.9193590e+06   1.7333984e+01
   3.9311520e+06   4.7241211e+01
   3.9489390e+06   5.9997559e+01
   3.9561630e+06   5.0292969e+01
   3.9895590e+06   3.4851074e+01
   3.9896300e+06   2.6428223e+01
   3.9896630e+06   5.8715820e+01
   4.0017110e+06   1.7089844e+01
   4.0563730e+06   4.0222168e+01
   4.0638220e+06   6.1828613e+01
   4.0965610e+06   4.6020508e+01
   4.1235750e+06   5.4199219e+01
   4.1628900e+06   5.0842285e+01
   4.2159160e+06   3.5461426e+01
   4.3625800e+06   4.7973633e+01
   4.3742570e+06   3.6437988e+01
   4.3744600e+06   3.4301758e+01
   4.3745800e+06   3.7902832e+01
   4.3745960e+06   3.6010742e+01
   4.3923070e+06   4.5654297e+01
   4.4024930e+06   4.3762207e+01
   4.4162070e+06   4.3579102e+01
   4.5034200e+06   5.3771973e+01
   4.5456580e+06   5.4626465e+01
   4.5877880e+06   5.0659180e+01
   4.5885510e+06   1.8249512e+01
   4.5940740e+06   5.7006836e+01
   4.5970640e+06   4.5471191e+01
   4.5971430e+06   5.2124023e+01
   4.5972080e+06   4.8400879e+01
   4.5972420e+06   4.6997070e+01
   4.5973210e+06   4.2846680e+01
   4.5973650e+06   4.0954590e+01
   4.5973900e+06   3.0944824e+01
   4.5974150e+06   5.1757812e+01
   4.5974370e+06   3.5583496e+01
   4.5974650e+06   4.2724609e+01
   4.5974830e+06   3.6865234e+01
   4.5975100e+06   4.0405273e+01
   4.5975330e+06   4.8217773e+01
   4.5975500e+06   4.2419434e+01
   4.5975700e+06   3.4545898e+01
   4.5975950e+06   2.7465820e+01
   4.5976150e+06   4.7241211e+01
   4.5976370e+06   3.8574219e+01
   4.5976600e+06   3.9367676e+01
   4.5976820e+06   4.0283203e+01
   4.5977070e+06   4.2236328e+01
   4.5977170e+06   1.8066406e+01
   4.5977360e+06   3.3935547e+01
   4.5977550e+06   2.0874023e+01
   4.5977730e+06   4.1931152e+01
   4.5977910e+06   1.9531250e+01
   4.5978100e+06   3.4851074e+01
   4.5978420e+06   2.1179199e+01
   4.5978560e+06   4.9133301e+01
   4.5979740e+06   1.7822266e+01
   4.6411510e+06   5.9936523e+01
   4.7066620e+06   1.7150879e+01
   4.7246680e+06   4.5288086e+01
   4.8137540e+06   4.2785645e+01
   4.9156570e+06   4.3090820e+01
   4.9534580e+06   1.9531250e+01
   4.9629460e+06   4.3212891e+01
   5.0355450e+06   4.9926758e+01
   5.0895310e+06   5.0720215e+01
   5.1507160e+06   4.5410156e+01
   5.1688670e+06   4.6569824e+01
   5.2213370e+06   4.1442871e+01
   5.3738280e+06   4.5288086e+01
   5.5501820e+06   4.6875000e+01
   5.5502300e+06   5.6335449e+01
   5.5502730e+06   4.6875000e+01
   5.5502920e+06   3.2958984e+01
   5.5503110e+06   6.2683105e+01
   5.5503280e+06   2.7954102e+01
   5.5503430e+06   2.8442383e+01
   5.5503610e+06   4.3518066e+01
   5.5503790e+06   2.4780273e+01
   5.5503950e+06   2.8564453e+01
   5.5504080e+06   4.7851562e+01
   5.5504310e+06   4.2602539e+01
   5.5504500e+06   3.4240723e+01
   5.5504720e+06   3.9428711e+01
   5.5504960e+06   4.8339844e+01
   5.5505180e+06   3.6987305e+01
   5.5505580e+06   3.7170410e+01
   5.5505870e+06   3.7963867e+01
   5.5506080e+06   1.7395020e+01
   5.5506340e+06   4.2480469e+01
   5.5506710e+06   2.7343750e+01
   5.5506930e+06   4.6386719e+01
   5.5508010e+06   2.6184082e+01
   5.5510330e+06   1.9104004e+01
   5.5710920e+06   5.7250977e+01
   5.6739870e+06   5.5725098e+01
   5.6975050e+06   5.7250977e+01
   5.8204350e+06   4.5349121e+01
   5.8567750e+06   3.9123535e+01
   5.9840490e+06   4.5837402e+01
