   5.9990000e+06   0.0000000e+00
   1.0901400e+05   7.5744629e+01
   1.7686400e+05   5.6152344e+01
   1.7688700e+05   5.4687500e+01
   1.7691300e+05   3.8146973e+01
   1.7693300e+05   3.4729004e+01
   1.7695300e+05   3.5034180e+01
   1.7697700e+05   2.6184082e+01
   1.7700100e+05   2.3559570e+01
   1.7703700e+05   3.0822754e+01
   1.7707800e+05   3.8940430e+01
   1.7709800e+05   8.2214355e+01
   1.7713000e+05   3.6315918e+01
   1.7716000e+05   6.0363770e+01
   1.7718800e+05   3.7841797e+01
   1.7722100e+05   5.6640625e+01
   1.7723400e+05   3.4790039e+01
   1.7728900e+05   6.3964844e+01
   1.7736000e+05   5.4077148e+01
   1.7765800e+05   5.1940918e+01
   1.7818900e+05   5.7373047e+01
   1.9878500e+05   6.1279297e+01
   1.9880100e+05   7.5988770e+01
   1.9881800e+05   4.5288086e+01
   1.9883700e+05   4.4677734e+01
   1.9885400e+05   2.9724121e+01
   1.9887000e+05   2.7526855e+01
   1.9889700e+05   2.7160645e+01
   1.9892900e+05   6.4697266e+01
   1.9893900e+05   2.5451660e+01
   1.9899400e+05   7.2875977e+01
   1.9905700e+05   6.3293457e+01
   1.9912400e+05   5.6884766e+01
   1.9921200e+05   6.3720703e+01
   1.9928800e+05   5.1025391e+01
   1.9936800e+05   5.2917480e+01
   1.9946600e+05   4.2480469e+01
   1.9955800e+05   2.4169922e+01
   1.9959000e+05   4.4128418e+01
   1.9969100e+05   2.8625488e+01
   1.9970800e+05   3.8513184e+01
   1.9978400e+05   2.7038574e+01
   1.9980900e+05   4.6020508e+01
   1.9988900e+05   2.9113770e+01
   1.9995100e+05   5.1513672e+01
   1.9998100e+05   3.6682129e+01
   2.0007600e+05   2.3132324e+01
   2.0010500e+05   2.3071289e+01
   2.0020000e+05   2.7526855e+01
   2.9167300e+05   8.4655762e+01
   3.2644400e+05   6.5734863e+01
   3.3913400e+05   2.2766113e+01
   3.3927700e+05   7.0739746e+01
   3.3930500e+05   3.7963867e+01
   3.3947300e+05   7.4584961e+01
   3.3970100e+05   7.1228027e+01
   3.7920400e+05   6.0485840e+01
   3.8273800e+05   6.5612793e+01
   3.8283600e+05   7.8796387e+01
   3.8316500e+05   2.2338867e+01
   4.3405000e+05   2.4047852e+01
   4.3478600e+05   6.2927246e+01
   4.6306800e+05   7.5927734e+01
   4.6389600e+05   8.3496094e+01
   4.6399300e+05   8.5021973e+01
   5.0746200e+05   6.5979004e+01
   5.0763700e+05   2.2583008e+01
   5.0831700e+05   5.4931641e+01
   5.2936500e+05   7.3120117e+01
   5.2948600e+05   6.7993164e+01
   5.3079700e+05   6.4208984e+01
   5.3088800e+05   5.8837891e+01
   5.3095900e+05   6.4636230e+01
   5.4338300e+05   7.2570801e+01
   5.4411500e+05   6.3049316e+01
   5.4424100e+05   7.1472168e+01
   5.4541100e+05   6.1279297e+01
   6.7083200e+05   7.5195313e+01
   6.7116600e+05   2.3376465e+01
   7.2134100e+05   7.3059082e+01
   7.2141000e+05   8.3740234e+01
   7.2189000e+05   6.4453125e+01
   1.0192780e+06   5.4382324e+01
   1.0192930e+06   5.6518555e+01
   1.0193230e+06   5.0659180e+01
   1.0193450e+06   3.5400391e+01
   1.0193560e+06   4.1687012e+01
   1.0193840e+06   2.6000977e+01
   1.0194070e+06   7.8186035e+01
   1.0194220e+06   2.2521973e+01
   1.0194360e+06   2.6611328e+01
   1.0194710e+06   7.5195313e+01
   1.0195080e+06   3.2348633e+01
   1.0195260e+06   7.3913574e+01
   1.0195390e+06   2.2521973e+01
   1.0195880e+06   6.4514160e+01
   1.0196530e+06   5.3527832e+01
   1.0197190e+06   5.4443359e+01
   1.0197910e+06   5.7800293e+01
   1.0199770e+06   4.1625977e+01
   1.1141510e+06   8.5266113e+01
   1.2835320e+06   5.0842285e+01
   1.2835920e+06   5.5664062e+01
   1.2836500e+06   6.1035156e+01
   1.2868890e+06   2.2949219e+01
   1.3595030e+06   6.6162109e+01
   1.3755880e+06   2.2705078e+01
   1.6908140e+06   7.2448730e+01
   1.7190710e+06   6.2561035e+01
   1.7191540e+06   6.0607910e+01
   1.7192490e+06   7.1777344e+01
   1.7765990e+06   6.1035156e+01
   1.7766580e+06   6.7626953e+01
   1.7767210e+06   4.5532227e+01
   1.7770530e+06   2.6062012e+01
   1.9080550e+06   6.9702148e+01
   1.9084450e+06   5.8288574e+01
   1.9084990e+06   5.1330566e+01
   1.9085620e+06   4.8217773e+01
   1.9347870e+06   6.2561035e+01
   1.9348180e+06   5.8044434e+01
   1.9348420e+06   4.1564941e+01
   1.9348840e+06   2.2277832e+01
   1.9348940e+06   3.4912109e+01
   1.9349190e+06   2.9785156e+01
   1.9349420e+06   2.4719238e+01
   1.9349570e+06   6.9946289e+01
   1.9349840e+06   2.3742676e+01
   1.9349990e+06   2.8747559e+01
   1.9350120e+06   6.2377930e+01
   1.9350590e+06   3.7048340e+01
   1.9350730e+06   5.5603027e+01
   1.9351350e+06   5.5175781e+01
   1.9352050e+06   5.5236816e+01
   1.9352700e+06   5.6701660e+01
   1.9353270e+06   4.2541504e+01
   1.9358350e+06   5.1757812e+01
   1.9363190e+06   5.0598145e+01
   1.9368530e+06   5.2185059e+01
   2.1022270e+06   6.5917969e+01
   2.1023190e+06   6.4514160e+01
   2.1031280e+06   2.5024414e+01
   2.1031430e+06   4.9560547e+01
   2.1031560e+06   4.2846680e+01
   2.1031800e+06   4.9438477e+01
   2.1031960e+06   4.3518066e+01
   2.1032140e+06   2.6123047e+01
   2.1032340e+06   3.8085938e+01
   2.1032560e+06   4.0100098e+01
   2.1032830e+06   3.4057617e+01
   2.1033030e+06   2.5146484e+01
   2.1033230e+06   6.9274902e+01
   2.1033570e+06   5.6884766e+01
   2.1033900e+06   3.9550781e+01
   2.1034040e+06   7.5805664e+01
   2.1034360e+06   2.8015137e+01
   2.1034740e+06   4.6020508e+01
   2.1035030e+06   4.6691895e+01
   2.1035390e+06   5.9509277e+01
   2.1035630e+06   2.9907227e+01
   2.1036070e+06   6.3354492e+01
   2.1036840e+06   2.8991699e+01
   2.1037770e+06   5.5603027e+01
   2.1041430e+06   4.2175293e+01
   2.1046880e+06   5.1574707e+01
   2.2087040e+06   5.4199219e+01
   2.3815460e+06   7.0800781e+01
   2.3825800e+06   7.8979492e+01
   2.5362170e+06   2.2705078e+01
   2.8222180e+06   5.5847168e+01
   2.8222980e+06   6.4392090e+01
   2.8223680e+06   6.1157227e+01
   2.8232480e+06   7.2082520e+01
   2.8233280e+06   6.4392090e+01
   2.8476380e+06   8.4472656e+01
   2.8984780e+06   4.4128418e+01
   2.8984880e+06   7.5866699e+01
   2.8985110e+06   4.0039062e+01
   2.8985310e+06   3.3081055e+01
   2.8985570e+06   3.2897949e+01
   2.8985740e+06   2.3498535e+01
   2.8985920e+06   6.7138672e+01
   2.8986290e+06   2.7832031e+01
   2.8986510e+06   8.1237793e+01
   2.8986760e+06   2.3559570e+01
   2.8987010e+06   5.8959961e+01
   2.8987340e+06   2.3132324e+01
   2.8987570e+06   6.2622070e+01
   2.8987720e+06   3.1066895e+01
   2.8988120e+06   4.6081543e+01
   2.8988700e+06   5.7922363e+01
   2.8988970e+06   3.5461426e+01
   2.8989090e+06   2.5939941e+01
   2.8989370e+06   4.4006348e+01
   2.8990140e+06   5.3222656e+01
   2.8991280e+06   4.4799805e+01
   2.8993140e+06   4.0527344e+01
   2.8997990e+06   4.8034668e+01
   3.1290110e+06   6.5063477e+01
   3.1952860e+06   8.5021973e+01
   3.1954770e+06   7.1777344e+01
   3.1976720e+06   2.4169922e+01
   3.1977090e+06   5.2062988e+01
   3.1977760e+06   2.4169922e+01
   3.1977910e+06   5.1757813e+01
   3.1978150e+06   3.8574219e+01
   3.1978530e+06   5.9326172e+01
   3.1979220e+06   6.1584473e+01
   3.1979490e+06   7.4584961e+01
   3.1979950e+06   2.6489258e+01
   3.1980560e+06   7.2814941e+01
   3.1980870e+06   2.2460938e+01
   3.1981080e+06   2.4414062e+01
   3.1981490e+06   6.2500000e+01
   3.1981730e+06   5.2917480e+01
   3.1981880e+06   2.3376465e+01
   3.1982260e+06   6.2988281e+01
   3.1982490e+06   7.3059082e+01
   3.1983010e+06   5.9814453e+01
   3.1983360e+06   4.2663574e+01
   3.1983810e+06   4.6875000e+01
   3.1983960e+06   2.2949219e+01
   3.1984660e+06   5.1513672e+01
   3.1985960e+06   4.8461914e+01
   3.3542970e+06   7.9772949e+01
   3.8232260e+06   6.1828613e+01
   3.8232510e+06   5.1147461e+01
   3.8232710e+06   2.7832031e+01
   3.8232980e+06   2.3010254e+01
   3.8233280e+06   7.9650879e+01
   3.8233490e+06   2.5817871e+01
   3.8233810e+06   2.6672363e+01
   3.8233940e+06   7.8369141e+01
   3.8234260e+06   2.7099609e+01
   3.8234480e+06   7.3791504e+01
   3.8234700e+06   2.2644043e+01
   3.8235000e+06   8.6181641e+01
   3.8235320e+06   2.4658203e+01
   3.8235590e+06   4.8522949e+01
   3.8235740e+06   3.4973145e+01
   3.8236180e+06   5.1696777e+01
   3.8236420e+06   3.6254883e+01
   3.8236710e+06   3.3142090e+01
   3.8237540e+06   3.2592773e+01
   3.8241750e+06   3.8452148e+01
   3.8246220e+06   4.7607422e+01
   3.8251100e+06   5.3833008e+01
   3.8255770e+06   5.7189941e+01
   3.9055870e+06   6.2561035e+01
   4.0891220e+06   7.2692871e+01
   4.3739920e+06   6.8725586e+01
   4.3740610e+06   5.8593750e+01
   4.3741210e+06   6.2377930e+01
   4.3744940e+06   2.4475098e+01
   4.4237480e+06   6.8237305e+01
   4.5975820e+06   6.5795898e+01
   4.5975940e+06   2.8259277e+01
   4.5976270e+06   5.4138184e+01
   4.5976620e+06   3.8085938e+01
   4.5976800e+06   2.5085449e+01
   4.5976970e+06   2.2460938e+01
   4.5977280e+06   4.1564941e+01
   4.5977450e+06   3.6376953e+01
   4.5977720e+06   8.7219238e+01
   4.5978190e+06   2.3681641e+01
   4.5978570e+06   3.1005859e+01
   4.5978810e+06   5.0354004e+01
   4.5979150e+06   2.3925781e+01
   4.5979330e+06   6.1096191e+01
   4.5979910e+06   5.2185059e+01
   4.5980170e+06   5.5297852e+01
   4.5980550e+06   4.8095703e+01
   4.5980920e+06   3.6621094e+01
   4.5981330e+06   2.5573730e+01
   4.5982170e+06   3.8146973e+01
   4.5984840e+06   4.1748047e+01
   4.5989190e+06   5.0781250e+01
   4.5993900e+06   4.5959473e+01
   4.5998890e+06   4.5410156e+01
   4.6003740e+06   3.9550781e+01
   5.0229330e+06   7.6477051e+01
   5.0234960e+06   6.7321777e+01
   5.0235630e+06   6.3110352e+01
   5.3328580e+06   7.7575684e+01
   5.4735520e+06   6.4941406e+01
   5.5503800e+06   7.3669434e+01
   5.5504110e+06   4.7912598e+01
   5.5504410e+06   3.9489746e+01
   5.5504820e+06   5.4809570e+01
   5.5505130e+06   2.6977539e+01
   5.5505460e+06   7.7514648e+01
   5.5505730e+06   3.0151367e+01
   5.5505990e+06   5.3710938e+01
   5.5506340e+06   3.9428711e+01
   5.5506490e+06   5.9692383e+01
   5.5506960e+06   3.3569336e+01
   5.5507120e+06   2.2705078e+01
   5.5507420e+06   2.7648926e+01
   5.5507550e+06   4.8645020e+01
   5.5507890e+06   4.7180176e+01
   5.5508200e+06   4.7668457e+01
   5.5508890e+06   5.8044434e+01
   5.5509470e+06   3.3020020e+01
   5.5509850e+06   3.2165527e+01
   5.5509990e+06   4.4250488e+01
   5.5510870e+06   3.6499023e+01
   5.5513540e+06   3.5888672e+01
   5.5517390e+06   4.8889160e+01
   5.5521140e+06   4.9682617e+01
   5.5525580e+06   4.6203613e+01
   5.5530210e+06   4.5227051e+01
   5.5534880e+06   4.3029785e+01
   5.6327530e+06   5.7067871e+01
