   5.9990000e+06   0.0000000e+00
   1.7684800e+05   4.1015625e+01
   1.7686200e+05   3.3996582e+01
   1.7691200e+05   2.6733398e+01
   1.7692500e+05   1.9653320e+01
   1.7707400e+05   1.9836426e+01
   1.9872200e+05   2.0080566e+01
   1.9875400e+05   2.8564453e+01
   1.9876400e+05   2.8869629e+01
   1.9878200e+05   1.8859863e+01
   1.9880800e+05   1.9165039e+01
   1.9883500e+05   2.7282715e+01
   1.9886600e+05   1.9409180e+01
   1.9893000e+05   1.8981934e+01
   1.9907600e+05   1.9531250e+01
   1.9921600e+05   2.0080566e+01
   1.9927600e+05   2.0324707e+01
   1.9933600e+05   2.2399902e+01
   1.9958500e+05   1.9104004e+01
   1.9982400e+05   1.8798828e+01
   1.9993800e+05   1.8798828e+01
   2.0015700e+05   1.9409180e+01
   3.3885600e+05   1.9409180e+01
   3.3887500e+05   1.9775391e+01
   3.3895900e+05   2.3742676e+01
   3.3928700e+05   2.4841309e+01
   3.3931900e+05   1.8981934e+01
   3.3943400e+05   2.1240234e+01
   3.8259600e+05   1.8920898e+01
   3.8281400e+05   2.0141602e+01
   3.8291700e+05   1.9775391e+01
   3.8301500e+05   2.0141602e+01
   4.3402000e+05   1.9531250e+01
   4.3414300e+05   2.5207520e+01
   4.9696000e+05   1.9165039e+01
   5.0854700e+05   2.0568848e+01
   6.7136300e+05   1.9042969e+01
   7.2165600e+05   1.9958496e+01
   7.2198500e+05   1.9409180e+01
   7.2204200e+05   1.9348145e+01
   1.0191540e+06   2.1179199e+01
   1.0192600e+06   3.3752441e+01
   1.0193000e+06   2.3254395e+01
   1.0193130e+06   2.9724121e+01
   1.0193310e+06   2.0141602e+01
   1.0193750e+06   2.4841309e+01
   1.0195550e+06   2.7282715e+01
   1.0196520e+06   2.3315430e+01
   1.1799650e+06   2.0507812e+01
   1.2828220e+06   2.0019531e+01
   1.9347440e+06   1.9897461e+01
   1.9347600e+06   2.0751953e+01
   1.9347700e+06   2.5817871e+01
   1.9348080e+06   1.9653320e+01
   1.9348220e+06   1.9226074e+01
   1.9348480e+06   1.9226074e+01
   1.9348680e+06   2.0507812e+01
   1.9348790e+06   1.8737793e+01
   1.9349040e+06   2.2094727e+01
   2.1032070e+06   2.4963379e+01
   2.1032350e+06   2.0263672e+01
   2.1032510e+06   2.9235840e+01
   2.1032770e+06   2.4536133e+01
   2.1033110e+06   2.0385742e+01
   2.1033350e+06   1.8920898e+01
   2.1033510e+06   2.0812988e+01
   2.3819670e+06   2.4536133e+01
   2.3822850e+06   2.2338867e+01
   2.7349850e+06   2.0263672e+01
   2.8984680e+06   2.3498535e+01
   2.8984920e+06   2.6489258e+01
   2.8985180e+06   2.3254395e+01
   2.8985400e+06   3.0639648e+01
   2.8985820e+06   2.1057129e+01
   2.8986000e+06   2.1240234e+01
   2.8986800e+06   1.8920898e+01
   2.8987280e+06   1.9775391e+01
   2.8987650e+06   2.2094727e+01
   2.8988150e+06   2.5878906e+01
   3.1977740e+06   2.1667480e+01
   3.1978090e+06   1.9836426e+01
   3.1978280e+06   2.2155762e+01
   3.1978660e+06   2.6733398e+01
   3.1979000e+06   2.3925781e+01
   3.1979120e+06   2.8259277e+01
   3.1979380e+06   2.1057129e+01
   3.1979840e+06   2.4108887e+01
   3.1980150e+06   2.1606445e+01
   3.1980420e+06   2.2338867e+01
   3.1981390e+06   1.9470215e+01
   3.1981780e+06   2.1789551e+01
   3.8231450e+06   2.3681641e+01
   3.8231920e+06   2.1057129e+01
   3.8232200e+06   2.7709961e+01
   3.8232340e+06   3.1738281e+01
   3.8232650e+06   2.3254395e+01
   3.8232760e+06   1.9409180e+01
   3.8232950e+06   2.0141602e+01
   3.8233120e+06   2.3559570e+01
   3.8233310e+06   2.1118164e+01
   3.8234160e+06   1.9714355e+01
   4.5976210e+06   2.4414062e+01
   4.5976310e+06   4.1992188e+01
   4.5976530e+06   2.5451660e+01
   4.5976950e+06   1.9409180e+01
   4.5977640e+06   2.2766113e+01
   4.5977910e+06   2.2155762e+01
   4.5978160e+06   1.9165039e+01
   4.5978790e+06   2.3559570e+01
   5.5502660e+06   2.1850586e+01
   5.5503380e+06   2.1362305e+01
   5.5503510e+06   2.5695801e+01
   5.5504040e+06   1.9104004e+01
   5.5504550e+06   2.4230957e+01
   5.5504860e+06   2.1423340e+01
   5.5505150e+06   2.1118164e+01
   5.5505610e+06   1.9836426e+01
   5.5506810e+06   2.0385742e+01
