   5.9990000e+06   0.0000000e+00
   1.7683900e+05   1.9714355e+01
   1.7685300e+05   2.4719238e+01
   1.7686500e+05   1.8432617e+01
   1.7688700e+05   2.9785156e+01
   1.7695300e+05   2.1362305e+01
   1.9872500e+05   2.1850586e+01
   1.9875600e+05   3.2897949e+01
   1.9878700e+05   3.5705566e+01
   1.9881800e+05   2.1240234e+01
   1.9883200e+05   1.9592285e+01
   1.9889900e+05   1.9653320e+01
   1.9894200e+05   1.8066406e+01
   1.9967600e+05   1.9531250e+01
   1.9969500e+05   1.9409180e+01
   2.9175200e+05   1.8188477e+01
   2.9199500e+05   2.0629883e+01
   2.9259000e+05   1.9714355e+01
   3.2649700e+05   2.5207520e+01
   3.3862600e+05   2.1484375e+01
   3.3877300e+05   2.2277832e+01
   3.3908700e+05   2.0996094e+01
   3.3943000e+05   1.8432617e+01
   3.8231100e+05   1.8615723e+01
   3.8278300e+05   1.9775391e+01
   3.8298900e+05   1.8127441e+01
   4.6310600e+05   1.8920898e+01
   4.6406500e+05   1.8981934e+01
   4.6582800e+05   2.9174805e+01
   5.0739200e+05   1.9165039e+01
   5.0759200e+05   1.9348145e+01
   5.0835700e+05   1.9653320e+01
   5.2964600e+05   1.9714355e+01
   5.4467800e+05   1.8127441e+01
   6.7076900e+05   1.9653320e+01
   6.7120600e+05   1.9470215e+01
   6.8398300e+05   1.8310547e+01
   7.2089300e+05   1.8249512e+01
   7.2187000e+05   1.9653320e+01
   1.0192730e+06   1.8798828e+01
   1.0193260e+06   1.9165039e+01
   1.0193360e+06   2.3193359e+01
   1.0193700e+06   3.4179688e+01
   1.0193970e+06   2.5024414e+01
   1.0194440e+06   2.0690918e+01
   1.0195070e+06   2.0324707e+01
   1.2839110e+06   1.9165039e+01
   1.7768280e+06   1.8737793e+01
   1.9087450e+06   1.8127441e+01
   1.9347550e+06   2.0629883e+01
   1.9347660e+06   2.6733398e+01
   1.9347940e+06   3.2531738e+01
   1.9348170e+06   2.0019531e+01
   1.9348330e+06   1.9104004e+01
   1.9348660e+06   1.9287109e+01
   1.9348870e+06   2.0751953e+01
   1.9350040e+06   2.0446777e+01
   2.1022000e+06   2.1606445e+01
   2.1024430e+06   1.8127441e+01
   2.1029380e+06   2.3925781e+01
   2.1031600e+06   1.8493652e+01
   2.1032850e+06   1.8249512e+01
   2.1033420e+06   2.7404785e+01
   2.1033680e+06   2.1972656e+01
   2.1033840e+06   1.8249512e+01
   2.1034210e+06   2.1728516e+01
   2.1034550e+06   2.0263672e+01
   2.2537590e+06   1.8066406e+01
   2.2918010e+06   1.8615723e+01
   2.3814810e+06   2.1362305e+01
   2.3816550e+06   1.9287109e+01
   2.3818170e+06   1.8676758e+01
   2.8235470e+06   1.9409180e+01
   2.8984360e+06   1.8920898e+01
   2.8984710e+06   2.3925781e+01
   2.8984880e+06   2.0080566e+01
   2.8985100e+06   2.4047852e+01
   2.8985460e+06   2.6428223e+01
   2.8985920e+06   2.0507812e+01
   3.1036480e+06   1.8127441e+01
   3.1969110e+06   1.8066406e+01
   3.1970870e+06   1.9653320e+01
   3.1975420e+06   2.5573730e+01
   3.1976580e+06   2.4291992e+01
   3.1980870e+06   2.3193359e+01
   3.1981010e+06   1.9531250e+01
   3.1981290e+06   3.2775879e+01
   3.1981880e+06   1.8371582e+01
   3.8231700e+06   2.0446777e+01
   3.8232230e+06   2.1850586e+01
   3.8232500e+06   2.4108887e+01
   3.8232670e+06   2.9663086e+01
   3.8232850e+06   1.9042969e+01
   3.8233200e+06   2.1911621e+01
   4.5974890e+06   2.3986816e+01
   4.5975360e+06   2.1484375e+01
   4.5975790e+06   2.1728516e+01
   4.5976040e+06   2.6611328e+01
   4.5976250e+06   2.7343750e+01
   4.5976670e+06   1.9836426e+01
   5.5503520e+06   2.0141602e+01
   5.5503890e+06   1.8371582e+01
   5.5504070e+06   1.9409180e+01
   5.5504390e+06   1.8005371e+01
   5.5505740e+06   1.9531250e+01
   5.5506100e+06   2.0629883e+01
   5.5507630e+06   2.2338867e+01
