   5.9990000e+06   0.0000000e+00
   1.7684800e+05   2.1728516e+01
   1.7686700e+05   5.9509277e+01
   1.7688600e+05   4.4189453e+01
   1.7691600e+05   2.6672363e+01
   1.7692900e+05   2.6611328e+01
   1.7694600e+05   2.9174805e+01
   1.7695800e+05   2.4291992e+01
   1.7698200e+05   2.7587891e+01
   1.7701000e+05   2.3620605e+01
   1.7704500e+05   2.0874023e+01
   1.7707700e+05   2.0202637e+01
   1.7712600e+05   3.3752441e+01
   1.9875200e+05   2.6489258e+01
   1.9878500e+05   2.3315430e+01
   1.9880200e+05   6.9213867e+01
   1.9882700e+05   2.6123047e+01
   1.9883700e+05   5.6701660e+01
   1.9886700e+05   2.5939941e+01
   1.9889500e+05   2.8015137e+01
   1.9892100e+05   2.9418945e+01
   1.9893900e+05   1.8920898e+01
   1.9895000e+05   2.1972656e+01
   1.9900600e+05   1.9897461e+01
   1.9904200e+05   2.2216797e+01
   1.9910800e+05   1.9165039e+01
   1.9914500e+05   2.2521973e+01
   1.9915500e+05   2.0629883e+01
   1.9932600e+05   2.4169922e+01
   1.9951400e+05   1.9775391e+01
   1.9954200e+05   2.8198242e+01
   1.9977700e+05   2.4597168e+01
   1.9988600e+05   2.5878906e+01
   1.9990000e+05   1.9165039e+01
   2.0000300e+05   2.1301270e+01
   2.0012000e+05   2.1545410e+01
   2.9133900e+05   1.9226074e+01
   3.3882900e+05   2.9235840e+01
   3.3887200e+05   4.2968750e+01
   3.3892900e+05   2.4902344e+01
   3.3896800e+05   2.0629883e+01
   3.3906300e+05   2.1667480e+01
   3.3912300e+05   2.1484375e+01
   3.3920500e+05   4.3762207e+01
   3.3926000e+05   2.2094727e+01
   3.3976500e+05   2.2094727e+01
   3.4000000e+05   1.9165039e+01
   3.8208100e+05   2.8137207e+01
   3.8290400e+05   2.4719238e+01
   3.8307200e+05   2.3681641e+01
   3.8346700e+05   2.4963379e+01
   4.3443500e+05   3.0273437e+01
   4.6424900e+05   2.5878906e+01
   5.0762200e+05   3.1372070e+01
   5.2961100e+05   2.9052734e+01
   5.8964700e+05   4.0649414e+01
   6.7088100e+05   2.7709961e+01
   6.7108300e+05   2.4597168e+01
   6.7131400e+05   2.9602051e+01
   6.7159500e+05   2.2949219e+01
   1.0192600e+06   1.9897461e+01
   1.0193070e+06   2.8137207e+01
   1.0193510e+06   2.4536133e+01
   1.0193640e+06   5.8593750e+01
   1.0193980e+06   4.4860840e+01
   1.0194150e+06   3.0151367e+01
   1.0194310e+06   3.2287598e+01
   1.0194620e+06   2.1545410e+01
   1.0194740e+06   2.6489258e+01
   1.0194970e+06   2.2399902e+01
   1.0195080e+06   1.9104004e+01
   1.0195450e+06   2.2949219e+01
   1.0195800e+06   2.3803711e+01
   1.0196090e+06   1.8859863e+01
   1.0196200e+06   1.9714355e+01
   1.0196880e+06   2.8137207e+01
   1.9347720e+06   2.8808594e+01
   1.9348030e+06   5.8105469e+01
   1.9348170e+06   5.0415039e+01
   1.9348370e+06   2.1728516e+01
   1.9348490e+06   2.1728516e+01
   1.9348680e+06   2.2644043e+01
   1.9348870e+06   2.4597168e+01
   1.9349080e+06   1.9958496e+01
   1.9349310e+06   2.3254395e+01
   1.9349500e+06   1.9897461e+01
   1.9349650e+06   1.9287109e+01
   1.9349970e+06   2.5207520e+01
   1.9350220e+06   2.1362305e+01
   1.9350360e+06   2.0141602e+01
   1.9350590e+06   1.9348145e+01
   1.9350800e+06   2.3315430e+01
   1.9351390e+06   2.7160645e+01
   1.9352390e+06   2.0080566e+01
   2.1028590e+06   2.0324707e+01
   2.1029410e+06   1.9470215e+01
   2.1030280e+06   3.1799316e+01
   2.1030810e+06   1.9409180e+01
   2.1031170e+06   4.0893555e+01
   2.1031420e+06   2.6977539e+01
   2.1032480e+06   1.9470215e+01
   2.1032710e+06   4.7546387e+01
   2.1033080e+06   2.5878906e+01
   2.1033380e+06   4.9011230e+01
   2.1033580e+06   2.7343750e+01
   2.1033830e+06   3.5949707e+01
   2.1034080e+06   2.2094727e+01
   2.1034340e+06   2.5512695e+01
   2.1034460e+06   3.1738281e+01
   2.1034790e+06   2.5634766e+01
   2.1035040e+06   3.5217285e+01
   2.1035190e+06   2.0080566e+01
   2.1035510e+06   2.2583008e+01
   2.1035750e+06   2.4719238e+01
   2.1036390e+06   2.0324707e+01
   2.3816160e+06   2.5695801e+01
   2.3817170e+06   1.9104004e+01
   2.3817370e+06   2.3437500e+01
   2.3818580e+06   2.2155762e+01
   2.3818910e+06   3.3386230e+01
   2.3819850e+06   1.9958496e+01
   2.3821300e+06   1.9531250e+01
   2.3823070e+06   1.9470215e+01
   2.3824710e+06   2.0324707e+01
   2.3826490e+06   1.8859863e+01
   2.8983220e+06   2.8625488e+01
   2.8983520e+06   1.9775391e+01
   2.8984550e+06   2.6794434e+01
   2.8984730e+06   3.8513184e+01
   2.8984910e+06   3.7048340e+01
   2.8985150e+06   3.5522461e+01
   2.8985460e+06   2.3254395e+01
   2.8985600e+06   2.2277832e+01
   2.8985950e+06   2.9052734e+01
   2.8986050e+06   1.9958496e+01
   2.8986270e+06   2.0690918e+01
   2.8986530e+06   2.1606445e+01
   2.8986670e+06   2.2399902e+01
   2.8986870e+06   2.6855469e+01
   2.8987510e+06   2.1606445e+01
   2.8988120e+06   2.2155762e+01
   2.8988830e+06   1.9958496e+01
   3.1974150e+06   1.9409180e+01
   3.1974780e+06   3.0761719e+01
   3.1975190e+06   2.0263672e+01
   3.1976470e+06   2.4902344e+01
   3.1977350e+06   1.9348145e+01
   3.1977560e+06   3.8085938e+01
   3.1977890e+06   2.0812988e+01
   3.1978010e+06   3.1250000e+01
   3.1979270e+06   2.7526855e+01
   3.1979630e+06   4.3457031e+01
   3.1980710e+06   2.7893066e+01
   3.1981030e+06   5.8349609e+01
   3.1981310e+06   2.6062012e+01
   3.1981460e+06   2.3010254e+01
   3.1981780e+06   2.6306152e+01
   3.1981960e+06   2.0629883e+01
   3.1982250e+06   2.8869629e+01
   3.1982880e+06   2.7160645e+01
   3.1983140e+06   2.2583008e+01
   3.1983320e+06   1.9348145e+01
   3.1984590e+06   1.9775391e+01
   3.1985400e+06   2.4108887e+01
   3.8089000e+06   1.9287109e+01
   3.8231710e+06   2.3681641e+01
   3.8232020e+06   1.9104004e+01
   3.8232330e+06   6.0852051e+01
   3.8232480e+06   4.5776367e+01
   3.8232660e+06   4.2053223e+01
   3.8232830e+06   2.6733398e+01
   3.8233230e+06   2.9724121e+01
   3.8233530e+06   2.2705078e+01
   3.8233650e+06   2.8686523e+01
   3.8233950e+06   2.3132324e+01
   3.8234280e+06   2.7587891e+01
   3.8234430e+06   2.0874023e+01
   3.8234790e+06   2.6916504e+01
   3.8235480e+06   2.5085449e+01
   3.8236100e+06   2.2155762e+01
   4.5973720e+06   2.0446777e+01
   4.5974720e+06   2.1240234e+01
   4.5975300e+06   3.1860352e+01
   4.5975450e+06   2.6306152e+01
   4.5975690e+06   3.6865234e+01
   4.5975800e+06   3.6560059e+01
   4.5975930e+06   2.8076172e+01
   4.5976410e+06   3.3325195e+01
   4.5976540e+06   2.2766113e+01
   4.5976850e+06   2.4108887e+01
   4.5977030e+06   2.3986816e+01
   4.5977490e+06   2.0507812e+01
   4.5977620e+06   2.0690918e+01
   4.5978020e+06   2.7343750e+01
   4.5978160e+06   2.8259277e+01
   4.5978310e+06   2.0385742e+01
   4.5978730e+06   2.6977539e+01
   4.5978850e+06   2.1789551e+01
   4.5979390e+06   2.9479980e+01
   5.3678970e+06   1.9653320e+01
   5.5503530e+06   2.2644043e+01
   5.5503850e+06   1.9775391e+01
   5.5504040e+06   7.9162598e+01
   5.5504160e+06   2.4414062e+01
   5.5504300e+06   4.0710449e+01
   5.5504570e+06   2.9663086e+01
   5.5504700e+06   2.5878906e+01
   5.5505010e+06   2.1423340e+01
   5.5505180e+06   2.3437500e+01
   5.5505630e+06   1.9470215e+01
   5.5505960e+06   2.3559570e+01
   5.5506210e+06   2.1179199e+01
   5.5506580e+06   3.1066895e+01
   5.5506930e+06   2.5512695e+01
   5.5507050e+06   2.2644043e+01
   5.5507220e+06   2.1179199e+01
   5.5507850e+06   2.8503418e+01
   5.9852730e+06   2.1850586e+01
