   5.9990000e+06   0.0000000e+00
   1.7689900e+05   5.9814453e+01
   1.7692100e+05   3.2653809e+01
   1.7693600e+05   3.9855957e+01
   1.7696500e+05   3.2470703e+01
   1.7698400e+05   5.1574707e+01
   1.7700400e+05   4.0100098e+01
   1.7704700e+05   1.1511230e+02
   1.7705700e+05   2.5024414e+01
   1.7708900e+05   4.8706055e+01
   1.7710800e+05   7.3059082e+01
   1.7715900e+05   2.0751953e+01
   1.7718400e+05   6.8481445e+01
   1.7729000e+05   7.5439453e+01
   1.7739200e+05   7.2509766e+01
   1.7748400e+05   6.9213867e+01
   1.9881600e+05   2.5573730e+01
   1.9883900e+05   1.1511230e+02
   1.9885400e+05   4.0832520e+01
   1.9888700e+05   8.8134766e+01
   1.9891500e+05   2.2888184e+01
   1.9893800e+05   4.4250488e+01
   1.9895400e+05   4.7668457e+01
   1.9897400e+05   1.8798828e+01
   1.9900100e+05   2.4841309e+01
   1.9901500e+05   3.2897949e+01
   1.9903600e+05   4.4067383e+01
   1.9909100e+05   4.8339844e+01
   1.9911000e+05   4.3762207e+01
   1.9919100e+05   3.3142090e+01
   1.9921500e+05   5.4748535e+01
   1.9922800e+05   2.5024414e+01
   1.9927700e+05   3.8757324e+01
   1.9930300e+05   4.8889160e+01
   1.9938100e+05   4.2358398e+01
   1.9939600e+05   7.2021484e+01
   1.9944000e+05   2.6245117e+01
   1.9948200e+05   4.2175293e+01
   1.9950000e+05   3.3447266e+01
   1.9953900e+05   2.7099609e+01
   1.9957000e+05   4.6142578e+01
   1.9967600e+05   5.8471680e+01
   1.9969500e+05   1.8981934e+01
   1.9973600e+05   2.2033691e+01
   1.9976500e+05   2.7099609e+01
   1.9981300e+05   3.3020020e+01
   1.9984500e+05   2.6733398e+01
   1.9986800e+05   4.3090820e+01
   1.9988000e+05   2.9418945e+01
   1.9998200e+05   3.2836914e+01
   2.0005000e+05   2.3864746e+01
   2.0006000e+05   2.7954102e+01
   2.0009900e+05   2.4780273e+01
   2.0020500e+05   3.2470703e+01
   2.0033400e+05   4.0344238e+01
   2.0046900e+05   4.2358398e+01
   2.0062500e+05   4.0954590e+01
   2.0079100e+05   5.6335449e+01
   2.0102400e+05   6.1279297e+01
   2.9198100e+05   1.8981934e+01
   2.9209500e+05   3.0395508e+01
   2.9217600e+05   3.7109375e+01
   2.9221400e+05   1.9348145e+01
   2.9238300e+05   4.3945313e+01
   2.9242100e+05   1.9775391e+01
   2.9265600e+05   2.2155762e+01
   2.9273000e+05   3.7353516e+01
   2.9274300e+05   2.0080566e+01
   2.9320800e+05   3.5278320e+01
   3.3909000e+05   1.9348145e+01
   3.3913900e+05   2.3010254e+01
   3.3917800e+05   4.4555664e+01
   3.3921000e+05   4.7912598e+01
   3.3932300e+05   3.1555176e+01
   3.3934600e+05   2.1118164e+01
   3.3944000e+05   3.7658691e+01
   3.3945200e+05   4.5410156e+01
   3.3957400e+05   3.7231445e+01
   3.3963300e+05   3.7963867e+01
   3.3976700e+05   3.7292480e+01
   3.3982900e+05   1.8432617e+01
   3.4008800e+05   3.8757324e+01
   3.8283800e+05   4.3395996e+01
   3.8295400e+05   4.5959473e+01
   3.8303900e+05   4.3212891e+01
   3.8313900e+05   3.8269043e+01
   3.8332000e+05   1.8249512e+01
   3.8334500e+05   4.2175293e+01
   3.8352000e+05   3.9733887e+01
   3.8354200e+05   4.2602539e+01
   3.8375900e+05   3.6376953e+01
   3.8377400e+05   3.5827637e+01
   3.8409900e+05   3.2836914e+01
   4.3429000e+05   2.3498535e+01
   4.3439100e+05   4.3212891e+01
   4.3454800e+05   2.5573730e+01
   4.3475600e+05   3.6804199e+01
   4.6431500e+05   5.0537109e+01
   4.6458900e+05   2.0629883e+01
   4.6466200e+05   3.8330078e+01
   5.0788000e+05   2.6489258e+01
   5.0822900e+05   2.1606445e+01
   5.0854000e+05   3.6132813e+01
   5.0856700e+05   4.4433594e+01
   5.0883900e+05   3.2653809e+01
   5.0892400e+05   4.4311523e+01
   5.0914900e+05   3.3142090e+01
   5.0940500e+05   4.3762207e+01
   5.0947100e+05   3.8085938e+01
   5.3006900e+05   1.9226074e+01
   5.3018700e+05   4.7668457e+01
   5.3025500e+05   1.8615723e+01
   5.4436500e+05   4.6569824e+01
   5.4462900e+05   4.0649414e+01
   6.7095700e+05   1.8371582e+01
   6.7131900e+05   3.5156250e+01
   6.7150200e+05   3.6499023e+01
   6.7156100e+05   2.5329590e+01
   6.7179400e+05   3.2348633e+01
   6.7181000e+05   4.5654297e+01
   6.7204600e+05   3.5888672e+01
   7.2150800e+05   1.8432617e+01
   7.2194300e+05   2.2460938e+01
   7.2210700e+05   5.2307129e+01
   7.2235400e+05   4.0100098e+01
   7.2243400e+05   4.0832520e+01
   7.2261200e+05   3.4851074e+01
   7.2268500e+05   4.4128418e+01
   7.2279700e+05   3.3691406e+01
   7.2298600e+05   3.6987305e+01
   7.2302500e+05   4.6569824e+01
   7.2305600e+05   1.9836426e+01
   7.2310800e+05   2.5268555e+01
   7.2335400e+05   3.0212402e+01
   7.2341400e+05   3.8085938e+01
   7.2364100e+05   3.4667969e+01
   1.0192430e+06   2.0202637e+01
   1.0192840e+06   1.8676758e+01
   1.0193020e+06   5.2917480e+01
   1.0193220e+06   2.8381348e+01
   1.0193380e+06   4.3884277e+01
   1.0193580e+06   8.6791992e+01
   1.0193870e+06   6.2255859e+01
   1.0194020e+06   2.2216797e+01
   1.0194310e+06   9.3750000e+01
   1.0194510e+06   4.3640137e+01
   1.0194880e+06   5.2856445e+01
   1.0195110e+06   2.6550293e+01
   1.0195210e+06   2.1057129e+01
   1.0195600e+06   6.7443848e+01
   1.0196130e+06   4.4738770e+01
   1.0196310e+06   6.7993164e+01
   1.0197290e+06   6.7199707e+01
   1.0198330e+06   8.1481934e+01
   1.0199230e+06   7.2937012e+01
   1.0200230e+06   7.3486328e+01
   1.0201310e+06   7.4462891e+01
   1.0202390e+06   8.0078125e+01
   1.0203950e+06   7.5683594e+01
   1.0205120e+06   8.8073730e+01
   1.0206370e+06   5.9631348e+01
   1.1898300e+06   2.0263672e+01
   1.2838220e+06   1.9287109e+01
   1.2840070e+06   1.8859863e+01
   1.2841430e+06   4.0954590e+01
   1.2842530e+06   4.3395996e+01
   1.2843270e+06   3.6865234e+01
   1.2845290e+06   2.5390625e+01
   1.2845700e+06   3.4423828e+01
   1.2846180e+06   2.2949219e+01
   1.7769210e+06   2.0996094e+01
   1.7770190e+06   2.5634766e+01
   1.7772230e+06   2.1972656e+01
   1.7772410e+06   4.2968750e+01
   1.7773980e+06   4.1748047e+01
   1.7774680e+06   1.8737793e+01
   1.7775980e+06   3.8208008e+01
   1.7776150e+06   3.1616211e+01
   1.7777190e+06   2.5207520e+01
   1.7778530e+06   2.7221680e+01
   1.7778650e+06   2.8869629e+01
   1.7781760e+06   1.8249512e+01
   1.7782800e+06   1.8371582e+01
   1.7783350e+06   1.8310547e+01
   1.9089340e+06   1.9592285e+01
   1.9091080e+06   4.6142578e+01
   1.9091730e+06   2.7343750e+01
   1.9094000e+06   3.7597656e+01
   1.9094310e+06   3.9306641e+01
   1.9095840e+06   3.0517578e+01
   1.9348160e+06   8.4838867e+01
   1.9348300e+06   8.5754395e+01
   1.9348460e+06   2.7526855e+01
   1.9348560e+06   2.9846191e+01
   1.9348800e+06   9.5764160e+01
   1.9348940e+06   5.1696777e+01
   1.9349270e+06   6.3842773e+01
   1.9349490e+06   6.7810059e+01
   1.9349650e+06   2.2888184e+01
   1.9349830e+06   2.0324707e+01
   1.9350090e+06   6.5185547e+01
   1.9350220e+06   4.2480469e+01
   1.9350610e+06   2.3376465e+01
   1.9350710e+06   6.2927246e+01
   1.9351390e+06   6.7749023e+01
   1.9351490e+06   1.8676758e+01
   1.9352270e+06   2.5207520e+01
   1.9353130e+06   5.9692383e+01
   1.9354000e+06   6.6467285e+01
   1.9354910e+06   6.8359375e+01
   1.9355810e+06   6.9335938e+01
   1.9356790e+06   7.0312500e+01
   1.9357920e+06   7.5256348e+01
   1.9359050e+06   7.7880859e+01
   1.9360230e+06   7.6110840e+01
   1.9361440e+06   8.1787109e+01
   1.9362660e+06   7.6721191e+01
   1.9363930e+06   7.8552246e+01
   1.9364990e+06   7.4401855e+01
   2.1031630e+06   3.4484863e+01
   2.1031840e+06   5.1208496e+01
   2.1031950e+06   2.8503418e+01
   2.1032330e+06   9.4970703e+01
   2.1032480e+06   1.8432617e+01
   2.1032730e+06   2.5268555e+01
   2.1033120e+06   5.6213379e+01
   2.1033260e+06   1.2792969e+02
   2.1033480e+06   3.7292480e+01
   2.1033670e+06   2.2216797e+01
   2.1033960e+06   8.5876465e+01
   2.1034070e+06   3.7719727e+01
   2.1034180e+06   4.3029785e+01
   2.1034440e+06   1.8432617e+01
   2.1034630e+06   7.1716309e+01
   2.1035210e+06   6.2133789e+01
   2.1035440e+06   2.2888184e+01
   2.1035990e+06   5.5603027e+01
   2.1037060e+06   6.4208984e+01
   2.1038050e+06   6.8725586e+01
   2.1039050e+06   6.3232422e+01
   2.1040100e+06   6.4392090e+01
   2.1041210e+06   6.7077637e+01
   2.1041820e+06   4.9072266e+01
   2.1042320e+06   6.7687988e+01
   2.1043370e+06   6.9519043e+01
   2.1044620e+06   7.8063965e+01
   2.1045460e+06   4.4067383e+01
   2.1046110e+06   7.0983887e+01
   2.1047390e+06   3.8757324e+01
   2.1047530e+06   7.8369141e+01
   2.1049490e+06   3.9001465e+01
   2.3818850e+06   1.9042969e+01
   2.3819350e+06   2.4353027e+01
   2.3819530e+06   3.3386230e+01
   2.3820700e+06   4.9560547e+01
   2.3820800e+06   4.1320801e+01
   2.3822030e+06   3.9001465e+01
   2.3822460e+06   4.1015625e+01
   2.3823100e+06   1.9653320e+01
   2.3823620e+06   4.1015625e+01
   2.3824200e+06   3.3874512e+01
   2.3825300e+06   4.0832520e+01
   2.3825780e+06   3.1188965e+01
   2.3827100e+06   4.0649414e+01
   2.3827670e+06   2.8137207e+01
   2.3828920e+06   3.5522461e+01
   2.3829510e+06   3.3142090e+01
   2.3830620e+06   2.0080566e+01
   2.3831320e+06   3.3142090e+01
   2.3833810e+06   3.7048340e+01
   2.7724830e+06   2.6733398e+01
   2.8236810e+06   2.2399902e+01
   2.8985120e+06   9.4177246e+01
   2.8985260e+06   8.2641602e+01
   2.8985410e+06   3.2897949e+01
   2.8985790e+06   1.0882568e+02
   2.8985950e+06   4.0771484e+01
   2.8986060e+06   1.8859863e+01
   2.8986440e+06   8.1604004e+01
   2.8986620e+06   2.5451660e+01
   2.8986880e+06   5.4565430e+01
   2.8987020e+06   7.1411133e+01
   2.8987600e+06   6.5612793e+01
   2.8987900e+06   1.9042969e+01
   2.8988250e+06   6.4880371e+01
   2.8989210e+06   6.6772461e+01
   2.8990210e+06   6.4697266e+01
   2.8991230e+06   6.7260742e+01
   2.8992180e+06   7.7514648e+01
   2.8993110e+06   6.6589355e+01
   2.8994000e+06   6.8725586e+01
   2.8995050e+06   7.3486328e+01
   2.8996170e+06   6.9763184e+01
   2.8997430e+06   7.2204590e+01
   2.8998600e+06   7.0983887e+01
   2.8999900e+06   8.2885742e+01
   2.9001300e+06   8.0017090e+01
   2.9002580e+06   7.7392578e+01
   3.1628160e+06   5.8837891e+01
   3.1976060e+06   1.8188477e+01
   3.1976330e+06   1.8920898e+01
   3.1976850e+06   2.5268555e+01
   3.1977480e+06   1.9226074e+01
   3.1977580e+06   7.6904297e+01
   3.1977870e+06   4.5043945e+01
   3.1978190e+06   5.3710938e+01
   3.1978410e+06   3.1372070e+01
   3.1979070e+06   4.3334961e+01
   3.1979430e+06   5.2490234e+01
   3.1979560e+06   1.9409180e+01
   3.1979710e+06   2.1972656e+01
   3.1979920e+06   4.3701172e+01
   3.1980310e+06   1.9470215e+01
   3.1980710e+06   4.4555664e+01
   3.1981070e+06   9.7717285e+01
   3.1981510e+06   4.2419434e+01
   3.1981790e+06   9.6618652e+01
   3.1982560e+06   7.1228027e+01
   3.1983090e+06   5.0231934e+01
   3.1983400e+06   7.1716309e+01
   3.1984190e+06   7.1655273e+01
   3.1985080e+06   7.6904297e+01
   3.1986110e+06   7.8063965e+01
   3.1986240e+06   2.1179199e+01
   3.1987130e+06   7.2814941e+01
   3.1987580e+06   4.2236328e+01
   3.1988130e+06   7.4645996e+01
   3.1989010e+06   3.7963867e+01
   3.1989260e+06   7.3181152e+01
   3.1990480e+06   7.6232910e+01
   3.1991650e+06   7.6843262e+01
   3.1992300e+06   4.0771484e+01
   3.1993120e+06   7.9895020e+01
   3.1994370e+06   3.9123535e+01
   3.1994590e+06   7.7331543e+01
   3.1996920e+06   3.6987305e+01
   3.1999430e+06   3.8940430e+01
   3.2001520e+06   3.6926270e+01
   3.2004590e+06   3.8146973e+01
   3.2007270e+06   3.6132812e+01
   3.8232470e+06   5.8959961e+01
   3.8232690e+06   1.1798096e+02
   3.8232810e+06   3.2836914e+01
   3.8232950e+06   2.9174805e+01
   3.8233360e+06   9.1064453e+01
   3.8233620e+06   2.2399902e+01
   3.8233850e+06   5.2185059e+01
   3.8233970e+06   7.4157715e+01
   3.8234070e+06   5.4077148e+01
   3.8234400e+06   3.4301758e+01
   3.8234550e+06   6.4941406e+01
   3.8235120e+06   5.7006836e+01
   3.8235270e+06   6.2011719e+01
   3.8235930e+06   1.8188477e+01
   3.8236060e+06   1.8249512e+01
   3.8237060e+06   6.1279297e+01
   3.8238040e+06   6.1645508e+01
   3.8238930e+06   6.6101074e+01
   3.8239860e+06   6.9152832e+01
   3.8240900e+06   6.9396973e+01
   3.8241930e+06   7.6354980e+01
   3.8243080e+06   7.7331543e+01
   3.8244330e+06   7.4035645e+01
   3.8245490e+06   7.0983887e+01
   3.8246750e+06   7.0251465e+01
   3.8247990e+06   7.3425293e+01
   3.8249430e+06   7.6049805e+01
   4.3743750e+06   2.4963379e+01
   4.3745270e+06   1.9775391e+01
   4.3745520e+06   2.4963379e+01
   4.3746230e+06   3.4729004e+01
   4.3747300e+06   1.9042969e+01
   4.3747790e+06   3.6376953e+01
   4.3749410e+06   3.8513184e+01
   4.3749960e+06   1.8615723e+01
   4.3750720e+06   3.2836914e+01
   4.3752220e+06   3.5705566e+01
   4.3752830e+06   4.0527344e+01
   4.3755080e+06   3.4301758e+01
   4.5975160e+06   1.9531250e+01
   4.5975930e+06   2.0019531e+01
   4.5976050e+06   4.6081543e+01
   4.5976220e+06   3.4484863e+01
   4.5976440e+06   1.4160156e+02
   4.5976820e+06   6.1950684e+01
   4.5976960e+06   5.2490234e+01
   4.5977150e+06   8.8317871e+01
   4.5977340e+06   2.2766113e+01
   4.5977500e+06   4.6691895e+01
   4.5977780e+06   5.7128906e+01
   4.5977910e+06   2.3437500e+01
   4.5978030e+06   2.3071289e+01
   4.5978230e+06   1.9104004e+01
   4.5978410e+06   7.2082520e+01
   4.5979080e+06   6.8115234e+01
   4.5979410e+06   2.1484375e+01
   4.5979800e+06   6.2744141e+01
   4.5980550e+06   6.3171387e+01
   4.5981470e+06   5.8776855e+01
   4.5982390e+06   6.2316895e+01
   4.5983360e+06   6.7077637e+01
   4.5984270e+06   6.5979004e+01
   4.5985280e+06   7.1838379e+01
   4.5986230e+06   6.6040039e+01
   4.5987220e+06   6.9335938e+01
   4.5988260e+06   6.8969727e+01
   4.5989400e+06   7.2753906e+01
   4.5990620e+06   7.5622559e+01
   4.5991920e+06   7.8796387e+01
   5.5503950e+06   4.1503906e+01
   5.5504250e+06   5.4870605e+01
   5.5504410e+06   3.0090332e+01
   5.5504640e+06   3.1799316e+01
   5.5504800e+06   2.7343750e+01
   5.5504940e+06   8.9660645e+01
   5.5505180e+06   2.3132324e+01
   5.5505360e+06   2.8869629e+01
   5.5505610e+06   7.6660156e+01
   5.5505980e+06   2.0507813e+01
   5.5506230e+06   6.5734863e+01
   5.5506380e+06   1.9104004e+01
   5.5506730e+06   5.0842285e+01
   5.5506900e+06   5.2062988e+01
   5.5507390e+06   3.1860352e+01
   5.5507560e+06   2.1911621e+01
   5.5508440e+06   5.8410645e+01
   5.5509360e+06   6.7138672e+01
   5.5510260e+06   5.8959961e+01
   5.5511250e+06   6.7687988e+01
   5.5512200e+06   6.4819336e+01
   5.5513240e+06   6.2377930e+01
   5.5514320e+06   7.4401855e+01
   5.5515570e+06   7.2021484e+01
   5.5516710e+06   7.0861816e+01
   5.5517410e+06   5.2062988e+01
   5.5518000e+06   7.7758789e+01
   5.5519200e+06   5.4199219e+01
   5.5519330e+06   7.4645996e+01
   5.5520950e+06   4.3395996e+01
   5.5523210e+06   4.2297363e+01
   5.5525260e+06   4.0527344e+01
   5.6723000e+06   1.8737793e+01
   5.7414130e+06   1.8615723e+01
