   5.9990000e+06   0.0000000e+00
   2.0027000e+04   2.0019531e+01
   4.0983000e+04   2.2644043e+01
   4.6746000e+04   1.9958496e+01
   5.5727000e+04   2.0141602e+01
   7.0127000e+04   1.9958496e+01
   7.3504000e+04   2.0385742e+01
   7.9820000e+04   2.0263672e+01
   1.0061600e+05   2.0629883e+01
   1.0895300e+05   2.1301270e+01
   1.2291700e+05   2.0141602e+01
   1.4294700e+05   2.1179199e+01
   1.4373400e+05   2.0690918e+01
   1.4930600e+05   2.1789551e+01
   1.5661500e+05   2.1545410e+01
   1.5983200e+05   2.0141602e+01
   1.7133800e+05   2.1118164e+01
   1.7523300e+05   2.2094727e+01
   1.7679000e+05   2.6062012e+01
   1.7682000e+05   2.7954102e+01
   1.7684000e+05   7.7636719e+01
   1.7687700e+05   8.3801270e+01
   1.7690300e+05   5.9570312e+01
   1.7692200e+05   3.6987305e+01
   1.7693500e+05   2.9724121e+01
   1.7695700e+05   2.4536133e+01
   1.7699400e+05   3.7780762e+01
   1.7700500e+05   2.3559570e+01
   1.7702600e+05   2.2521973e+01
   1.7705800e+05   2.3620605e+01
   1.7712100e+05   2.4169922e+01
   1.7716400e+05   2.6000977e+01
   1.7719300e+05   2.0812988e+01
   1.7731600e+05   2.0202637e+01
   1.7746300e+05   2.0507812e+01
   1.7789800e+05   2.0141602e+01
   1.8995900e+05   2.2277832e+01
   1.9380800e+05   2.1423340e+01
   1.9867200e+05   2.7160645e+01
   1.9870100e+05   3.3935547e+01
   1.9874200e+05   2.7221680e+01
   1.9876300e+05   4.0283203e+01
   1.9878600e+05   1.0748291e+02
   1.9880000e+05   3.9062500e+01
   1.9882400e+05   5.7189941e+01
   1.9883900e+05   4.1564941e+01
   1.9886100e+05   3.5156250e+01
   1.9888000e+05   4.3579102e+01
   1.9889400e+05   3.6376953e+01
   1.9891100e+05   2.3132324e+01
   1.9893200e+05   3.1738281e+01
   1.9895400e+05   2.5268555e+01
   1.9898800e+05   2.5817871e+01
   1.9910600e+05   2.0690918e+01
   1.9913500e+05   2.0385742e+01
   1.9931600e+05   2.2460938e+01
   1.9939700e+05   2.0568848e+01
   1.9951900e+05   2.5390625e+01
   1.9956100e+05   2.4841309e+01
   1.9966000e+05   2.4597168e+01
   1.9968400e+05   2.2827148e+01
   1.9973000e+05   2.1911621e+01
   1.9974000e+05   2.1667480e+01
   1.9979500e+05   2.6062012e+01
   1.9985400e+05   2.4230957e+01
   1.9997100e+05   4.4372559e+01
   2.0004600e+05   2.2155762e+01
   2.0011300e+05   2.0629883e+01
   2.0025400e+05   2.2216797e+01
   2.0028600e+05   2.6000977e+01
   2.0045700e+05   2.3559570e+01
   2.0065000e+05   2.2705078e+01
   2.1159100e+05   2.1850586e+01
   2.1952200e+05   2.0324707e+01
   2.2245900e+05   2.1423340e+01
   2.2422200e+05   2.1667480e+01
   2.3394100e+05   2.0568848e+01
   2.4208300e+05   2.0263672e+01
   2.4661200e+05   2.0629883e+01
   2.4707100e+05   4.9926758e+01
   2.4789000e+05   4.3579102e+01
   2.4891500e+05   2.0874023e+01
   2.4966600e+05   2.0019531e+01
   2.5960700e+05   2.0202637e+01
   2.6290500e+05   2.1362305e+01
   2.8946500e+05   2.0202637e+01
   2.9114400e+05   2.3315430e+01
   2.9133900e+05   2.0996094e+01
   2.9136800e+05   3.4362793e+01
   2.9140300e+05   2.7282715e+01
   2.9161300e+05   2.8564453e+01
   2.9170100e+05   3.4118652e+01
   2.9173700e+05   4.7668457e+01
   2.9175800e+05   3.0761719e+01
   3.1027800e+05   2.0568848e+01
   3.1304800e+05   2.0263672e+01
   3.1629600e+05   2.0812988e+01
   3.2602200e+05   2.5512695e+01
   3.2610900e+05   2.0629883e+01
   3.2616600e+05   4.1015625e+01
   3.2620500e+05   3.4973145e+01
   3.2631200e+05   3.4851074e+01
   3.3648900e+05   2.0446777e+01
   3.3847400e+05   2.0568848e+01
   3.3850200e+05   3.2409668e+01
   3.3854100e+05   3.7475586e+01
   3.3855500e+05   4.0954590e+01
   3.3856800e+05   5.1757812e+01
   3.3866700e+05   2.0507812e+01
   3.3869000e+05   2.6184082e+01
   3.3871900e+05   3.7109375e+01
   3.3877900e+05   2.0263672e+01
   3.3884800e+05   3.6071777e+01
   3.3890600e+05   2.0324707e+01
   3.3893400e+05   4.3212891e+01
   3.3894500e+05   2.9418945e+01
   3.3902300e+05   2.9357910e+01
   3.3907900e+05   2.3925781e+01
   3.3912500e+05   2.6367188e+01
   3.3919900e+05   2.1728516e+01
   3.3923100e+05   2.2094727e+01
   3.3927100e+05   2.4536133e+01
   3.3933900e+05   4.7424316e+01
   3.3945000e+05   2.5634766e+01
   3.3978500e+05   2.7587891e+01
   3.3990800e+05   2.0996094e+01
   3.3994000e+05   3.4118652e+01
   3.6885700e+05   2.1423340e+01
   3.6926800e+05   2.2460937e+01
   3.8087600e+05   2.0202637e+01
   3.8159200e+05   2.1850586e+01
   3.8163800e+05   3.1188965e+01
   3.8174600e+05   3.0883789e+01
   3.8176100e+05   4.0283203e+01
   3.8178200e+05   4.7424316e+01
   3.8186700e+05   2.3010254e+01
   3.8188500e+05   2.1911621e+01
   3.8193100e+05   5.2795410e+01
   3.8197600e+05   2.3071289e+01
   3.8201800e+05   2.0141602e+01
   3.8223700e+05   3.1311035e+01
   3.8259500e+05   2.3071289e+01
   3.8272500e+05   3.1555176e+01
   3.8276200e+05   4.0161133e+01
   3.8279600e+05   2.0446777e+01
   3.8282000e+05   2.1118164e+01
   3.8289400e+05   2.7099609e+01
   3.8293900e+05   2.1606445e+01
   3.8299800e+05   4.2175293e+01
   3.8316000e+05   2.0202637e+01
   3.8321200e+05   3.7170410e+01
   3.8324600e+05   2.0324707e+01
   3.8332900e+05   2.0446777e+01
   3.9028600e+05   2.0690918e+01
   3.9811000e+05   2.0751953e+01
   4.1210700e+05   2.4169922e+01
   4.2021800e+05   2.0446777e+01
   4.3257800e+05   2.2094727e+01
   4.3296800e+05   5.5297852e+01
   4.3306900e+05   3.2409668e+01
   4.3315900e+05   2.7343750e+01
   4.3335000e+05   2.1057129e+01
   4.3387200e+05   2.5390625e+01
   4.3389000e+05   2.2888184e+01
   4.3397400e+05   2.7709961e+01
   4.3400200e+05   4.5532227e+01
   4.3430400e+05   2.3864746e+01
   4.3473800e+05   3.7719727e+01
   4.4145700e+05   2.0874023e+01
   4.4950400e+05   2.0507812e+01
   4.5395000e+05   2.1545410e+01
   4.5547300e+05   2.0507812e+01
   4.6283500e+05   3.4240723e+01
   4.6287000e+05   4.2663574e+01
   4.6289000e+05   2.0324707e+01
   4.6295600e+05   2.3864746e+01
   4.6304200e+05   4.4311523e+01
   4.6308100e+05   2.3254395e+01
   4.6318900e+05   2.1545410e+01
   4.6375300e+05   2.5085449e+01
   4.6383600e+05   4.3212891e+01
   4.6388300e+05   4.6875000e+01
   4.6396700e+05   6.2500000e+01
   4.6410900e+05   2.1545410e+01
   4.6915000e+05   2.1240234e+01
   4.9629000e+05   2.1362305e+01
   4.9870300e+05   2.1301270e+01
   5.0713900e+05   2.1789551e+01
   5.0719000e+05   3.0090332e+01
   5.0720800e+05   2.9418945e+01
   5.0723700e+05   2.7099609e+01
   5.0728700e+05   2.3925781e+01
   5.0730900e+05   4.8156738e+01
   5.0740900e+05   3.2653809e+01
   5.0747600e+05   2.5512695e+01
   5.0749100e+05   3.9245605e+01
   5.0754900e+05   3.0944824e+01
   5.0818800e+05   3.1127930e+01
   5.0823600e+05   2.5085449e+01
   5.1685100e+05   2.1240234e+01
   5.1765900e+05   2.0202637e+01
   5.2916300e+05   2.1240234e+01
   5.2918500e+05   3.7963867e+01
   5.2921800e+05   3.3447266e+01
   5.2923400e+05   2.0874023e+01
   5.2927000e+05   2.4902344e+01
   5.2928300e+05   2.0874023e+01
   5.2935800e+05   2.0202637e+01
   5.2938600e+05   2.6184082e+01
   5.2941000e+05   3.7048340e+01
   5.2943600e+05   2.6733398e+01
   5.2953900e+05   2.4169922e+01
   5.2993200e+05   2.2033691e+01
   5.3008900e+05   3.8879395e+01
   5.3056900e+05   2.0385742e+01
   5.4244700e+05   2.0446777e+01
   5.4314300e+05   3.7536621e+01
   5.4316500e+05   2.1179199e+01
   5.4319300e+05   2.8808594e+01
   5.4333300e+05   2.2888184e+01
   5.4393200e+05   2.0141602e+01
   5.4403800e+05   2.6428223e+01
   5.4408700e+05   5.0903320e+01
   5.4419200e+05   2.4108887e+01
   5.5275800e+05   2.0019531e+01
   5.6207700e+05   2.0568848e+01
   5.8905500e+05   2.0385742e+01
   6.0680100e+05   2.0019531e+01
   6.1104100e+05   2.0385742e+01
   6.1463100e+05   2.2277832e+01
   6.1476400e+05   2.5695801e+01
   6.1947300e+05   2.1911621e+01
   6.5051800e+05   2.2827148e+01
   6.7053600e+05   2.1118164e+01
   6.7056900e+05   3.8818359e+01
   6.7060100e+05   4.1198730e+01
   6.7064300e+05   5.0781250e+01
   6.7065500e+05   2.2155762e+01
   6.7079900e+05   6.1828613e+01
   6.7092500e+05   4.4250488e+01
   6.7102800e+05   2.5756836e+01
   6.7114900e+05   4.7485352e+01
   6.7132200e+05   2.1362305e+01
   6.7139500e+05   3.8452148e+01
   6.8367800e+05   2.3559570e+01
   6.8370300e+05   2.4841309e+01
   6.8374300e+05   3.7963867e+01
   6.8379500e+05   2.9113770e+01
   6.8381000e+05   3.4301758e+01
   6.9037100e+05   2.1545410e+01
   7.0964500e+05   2.0080566e+01
   7.2052900e+05   2.0019531e+01
   7.2054800e+05   2.0751953e+01
   7.2062400e+05   4.3090820e+01
   7.2107700e+05   2.0446777e+01
   7.2116200e+05   3.8513184e+01
   7.2145300e+05   2.8869629e+01
   7.2164300e+05   2.7099609e+01
   7.2177200e+05   2.0324707e+01
   7.2181300e+05   2.7404785e+01
   7.2190200e+05   4.6569824e+01
   7.2990800e+05   2.0141602e+01
   7.3598900e+05   2.1667480e+01
   7.4390800e+05   2.2094727e+01
   7.5024900e+05   2.1606445e+01
   7.5344600e+05   2.0324707e+01
   7.7236600e+05   2.2399902e+01
   7.7616100e+05   1.9958496e+01
   7.8380400e+05   2.0507812e+01
   7.8623300e+05   2.0690918e+01
   7.8946500e+05   2.1789551e+01
   7.9761700e+05   2.0080566e+01
   8.1462400e+05   2.0385742e+01
   8.2054800e+05   1.9958496e+01
   8.2172600e+05   2.0263672e+01
   8.2487300e+05   2.0751953e+01
   8.3175800e+05   2.1118164e+01
   8.4408500e+05   2.0019531e+01
   8.4707700e+05   1.9958496e+01
   8.6259500e+05   1.9958496e+01
   8.7062100e+05   2.0324707e+01
   8.8185500e+05   2.3193359e+01
   8.8591400e+05   2.0446777e+01
   8.8734000e+05   2.0507812e+01
   9.3105400e+05   2.2766113e+01
   9.3528900e+05   2.3193359e+01
   9.3797000e+05   2.1545410e+01
   9.3865300e+05   2.2460938e+01
   9.4078600e+05   2.0874023e+01
   9.4568000e+05   2.1789551e+01
   9.4927300e+05   2.0568848e+01
   9.5228000e+05   2.0385742e+01
   9.5914300e+05   2.0568848e+01
   1.0047460e+06   4.4372559e+01
   1.0054070e+06   4.1564941e+01
   1.0056480e+06   3.5217285e+01
   1.0139920e+06   2.0141602e+01
   1.0192550e+06   2.4536133e+01
   1.0193050e+06   4.2358398e+01
   1.0193200e+06   3.3508301e+01
   1.0193440e+06   2.5207520e+01
   1.0193540e+06   8.1420898e+01
   1.0193740e+06   2.6123047e+01
   1.0193920e+06   5.5664062e+01
   1.0194200e+06   6.3049316e+01
   1.0194390e+06   2.9663086e+01
   1.0194510e+06   4.2480469e+01
   1.0194770e+06   2.4658203e+01
   1.0195110e+06   2.2583008e+01
   1.0195300e+06   2.9296875e+01
   1.0195650e+06   2.8381348e+01
   1.0195830e+06   2.5329590e+01
   1.0196090e+06   3.5400391e+01
   1.0196560e+06   2.5512695e+01
   1.0196920e+06   4.6508789e+01
   1.0197670e+06   5.4260254e+01
   1.0200630e+06   2.2766113e+01
   1.0203530e+06   2.0263672e+01
   1.0204440e+06   2.0812988e+01
   1.0206510e+06   2.4475098e+01
   1.0355320e+06   2.2644043e+01
   1.0364110e+06   2.0019531e+01
   1.0437100e+06   2.1728516e+01
   1.0506720e+06   2.0935059e+01
   1.0549370e+06   2.1118164e+01
   1.0560240e+06   1.9958496e+01
   1.0599820e+06   2.2583008e+01
   1.0699970e+06   2.0996094e+01
   1.0770640e+06   2.0874023e+01
   1.0954930e+06   2.1240234e+01
   1.1137480e+06   2.0996094e+01
   1.1138460e+06   2.0996094e+01
   1.1138790e+06   3.5400391e+01
   1.1139560e+06   2.9113770e+01
   1.1139920e+06   2.2399902e+01
   1.1277780e+06   2.0141602e+01
   1.1324800e+06   2.1789551e+01
   1.1357070e+06   2.2888184e+01
   1.2108510e+06   2.1301270e+01
   1.2255460e+06   2.0202637e+01
   1.2339020e+06   2.1057129e+01
   1.2449400e+06   2.0141602e+01
   1.2473090e+06   2.0141602e+01
   1.2822560e+06   2.8747559e+01
   1.2830300e+06   2.0385742e+01
   1.2833170e+06   2.8686523e+01
   1.2836010e+06   3.2714844e+01
   1.2836920e+06   1.9958496e+01
   1.2837460e+06   2.3193359e+01
   1.3102130e+06   2.0202637e+01
   1.3142320e+06   2.0935059e+01
   1.3265520e+06   2.0263672e+01
   1.3325620e+06   2.0080566e+01
   1.3471990e+06   2.0263672e+01
   1.3662140e+06   2.2216797e+01
   1.3870980e+06   2.0263672e+01
   1.3956980e+06   2.2155762e+01
   1.4010990e+06   2.1179199e+01
   1.4123140e+06   2.0935059e+01
   1.4608000e+06   2.2460938e+01
   1.4730390e+06   2.1240234e+01
   1.4775980e+06   2.0996094e+01
   1.4862400e+06   2.1423340e+01
   1.4967230e+06   2.1423340e+01
   1.5116800e+06   2.1179199e+01
   1.5124180e+06   2.0812988e+01
   1.5179060e+06   2.2155762e+01
   1.5250470e+06   2.2155762e+01
   1.5409200e+06   2.0263672e+01
   1.5432510e+06   2.0507812e+01
   1.5484760e+06   2.0385742e+01
   1.5500000e+06   2.0629883e+01
   1.5507030e+06   2.2094727e+01
   1.5653730e+06   2.0874023e+01
   1.5785500e+06   1.9958496e+01
   1.6054280e+06   2.0202637e+01
   1.6240880e+06   2.0141602e+01
   1.6317920e+06   2.0324707e+01
   1.6439650e+06   2.0141602e+01
   1.6468090e+06   2.2094727e+01
   1.6744240e+06   2.1728516e+01
   1.6822570e+06   2.0996094e+01
   1.6907320e+06   2.0385742e+01
   1.6997920e+06   2.3071289e+01
   1.7023320e+06   2.1057129e+01
   1.7187350e+06   2.2827148e+01
   1.7197660e+06   2.0446777e+01
   1.7353640e+06   2.1240234e+01
   1.7399110e+06   2.0812988e+01
   1.7491080e+06   2.0141602e+01
   1.7662770e+06   2.0751953e+01
   1.7761030e+06   2.1484375e+01
   1.7953740e+06   2.2399902e+01
   1.7999770e+06   2.0080566e+01
   1.8079190e+06   2.0629883e+01
   1.8101410e+06   2.0141602e+01
   1.8270100e+06   2.1606445e+01
   1.8497980e+06   2.0202637e+01
   1.8669160e+06   2.2155762e+01
   1.8809690e+06   2.3254395e+01
   1.8949750e+06   2.0141602e+01
   1.9026750e+06   2.1484375e+01
   1.9081930e+06   2.0568848e+01
   1.9086420e+06   2.0568848e+01
   1.9089350e+06   2.6611328e+01
   1.9136680e+06   2.3071289e+01
   1.9347310e+06   2.5390625e+01
   1.9347460e+06   4.1198730e+01
   1.9347780e+06   9.6984863e+01
   1.9347940e+06   5.1147461e+01
   1.9348120e+06   6.4941406e+01
   1.9348340e+06   3.0517578e+01
   1.9348630e+06   3.3569336e+01
   1.9348890e+06   3.8513184e+01
   1.9349210e+06   2.6123047e+01
   1.9349340e+06   2.2277832e+01
   1.9349710e+06   2.8015137e+01
   1.9350170e+06   2.0019531e+01
   1.9350490e+06   2.4780273e+01
   1.9350710e+06   4.1015625e+01
   1.9350890e+06   2.2216797e+01
   1.9351380e+06   3.1372070e+01
   1.9351800e+06   2.3925781e+01
   1.9352210e+06   4.5104980e+01
   1.9352620e+06   2.0263672e+01
   1.9353080e+06   4.1015625e+01
   1.9353240e+06   2.9785156e+01
   1.9353910e+06   4.7790527e+01
   1.9355730e+06   2.1850586e+01
   1.9358990e+06   2.4047852e+01
   1.9360110e+06   2.0263672e+01
   1.9361700e+06   1.9958496e+01
   1.9462150e+06   2.1301270e+01
   1.9496590e+06   2.0629883e+01
   1.9599170e+06   2.0568848e+01
   1.9689040e+06   2.0263672e+01
   2.0047290e+06   2.0141602e+01
   2.0092710e+06   2.0446777e+01
   2.0297950e+06   2.0202637e+01
   2.0382290e+06   2.0568848e+01
   2.0404140e+06   2.0507812e+01
   2.0551740e+06   2.0080566e+01
   2.0676730e+06   2.0324707e+01
   2.0681460e+06   2.4291992e+01
   2.0682490e+06   2.9785156e+01
   2.0777000e+06   2.1850586e+01
   2.0797570e+06   2.1789551e+01
   2.0812790e+06   2.0385742e+01
   2.0981030e+06   2.0690918e+01
   2.1019030e+06   2.0080566e+01
   2.1020160e+06   4.1870117e+01
   2.1020370e+06   4.0527344e+01
   2.1020800e+06   3.7841797e+01
   2.1022640e+06   2.4536133e+01
   2.1023050e+06   5.1269531e+01
   2.1029430e+06   2.3315430e+01
   2.1030110e+06   3.4362793e+01
   2.1030530e+06   4.2114258e+01
   2.1030720e+06   2.4353027e+01
   2.1031020e+06   2.0080566e+01
   2.1031310e+06   4.1381836e+01
   2.1031520e+06   2.9846191e+01
   2.1032080e+06   3.7719727e+01
   2.1032340e+06   2.3498535e+01
   2.1032470e+06   2.4475098e+01
   2.1032720e+06   2.2277832e+01
   2.1033000e+06   3.1433105e+01
   2.1033190e+06   4.0771484e+01
   2.1033500e+06   6.9885254e+01
   2.1033660e+06   4.3823242e+01
   2.1034020e+06   4.6020508e+01
   2.1034320e+06   3.4912109e+01
   2.1034640e+06   2.7221680e+01
   2.1035060e+06   2.4169922e+01
   2.1035200e+06   1.9958496e+01
   2.1035820e+06   2.6428223e+01
   2.1036570e+06   2.0935059e+01
   2.1036850e+06   2.1972656e+01
   2.1037670e+06   2.1972656e+01
   2.1038740e+06   2.1789551e+01
   2.1041230e+06   2.0935059e+01
   2.1135560e+06   2.2521973e+01
   2.1142420e+06   2.3925781e+01
   2.1301400e+06   2.0141602e+01
   2.1410740e+06   2.0263672e+01
   2.1488960e+06   2.0690918e+01
   2.1577030e+06   2.0263672e+01
   2.1629460e+06   2.0874023e+01
   2.1793560e+06   2.1423340e+01
   2.2083010e+06   2.3437500e+01
   2.2083310e+06   2.4841309e+01
   2.2084470e+06   2.0263672e+01
   2.2085290e+06   4.7851562e+01
   2.2085930e+06   3.0212402e+01
   2.2223380e+06   2.2644043e+01
   2.2245910e+06   2.0141602e+01
   2.2397600e+06   2.0874023e+01
   2.2533040e+06   2.1484375e+01
   2.2534720e+06   3.7536621e+01
   2.2535300e+06   4.1503906e+01
   2.2535550e+06   2.6672363e+01
   2.2975400e+06   2.0385742e+01
   2.3176510e+06   2.1118164e+01
   2.3221780e+06   1.9958496e+01
   2.3313000e+06   2.3925781e+01
   2.3648580e+06   2.1545410e+01
   2.3654780e+06   2.3376465e+01
   2.3661280e+06   2.3864746e+01
   2.3812520e+06   2.1545410e+01
   2.3812750e+06   2.0751953e+01
   2.3813210e+06   3.9794922e+01
   2.3813410e+06   4.6325684e+01
   2.3813510e+06   2.1667480e+01
   2.3814270e+06   2.1057129e+01
   2.3815130e+06   3.3569336e+01
   2.3815240e+06   3.0273438e+01
   2.3816470e+06   2.1850586e+01
   2.3816570e+06   3.8818359e+01
   2.3816910e+06   2.5024414e+01
   2.3817390e+06   2.8747559e+01
   2.3817650e+06   3.0578613e+01
   2.3818270e+06   3.5400391e+01
   2.3818550e+06   2.2766113e+01
   2.3818760e+06   2.7770996e+01
   2.3819330e+06   2.9174805e+01
   2.3820210e+06   2.7404785e+01
   2.3820400e+06   2.0446777e+01
   2.3821790e+06   2.2949219e+01
   2.3821900e+06   2.1362305e+01
   2.3823620e+06   3.2775879e+01
   2.3823730e+06   2.5024414e+01
   2.3824270e+06   2.0935059e+01
   2.3824620e+06   3.1616211e+01
   2.3825310e+06   2.0507812e+01
   2.3826980e+06   2.1972656e+01
   2.3827260e+06   2.4536133e+01
   2.3886100e+06   2.0935059e+01
   2.4152250e+06   2.0385742e+01
   2.4216490e+06   2.0751953e+01
   2.4263220e+06   2.0446777e+01
   2.4289820e+06   2.1484375e+01
   2.4296720e+06   2.0080566e+01
   2.4401340e+06   2.1484375e+01
   2.4488410e+06   2.0263672e+01
   2.4502320e+06   2.0080566e+01
   2.4538570e+06   2.2094727e+01
   2.4654530e+06   2.2155762e+01
   2.4745780e+06   2.2644043e+01
   2.4752410e+06   2.0385742e+01
   2.5079910e+06   2.0080566e+01
   2.5210610e+06   2.2094727e+01
   2.5433390e+06   2.0568848e+01
   2.5536420e+06   2.1545410e+01
   2.5566500e+06   2.0080566e+01
   2.5762020e+06   2.0935059e+01
   2.5778650e+06   2.2766113e+01
   2.5807570e+06   1.9958496e+01
   2.5828340e+06   2.2705078e+01
   2.6040260e+06   2.1362305e+01
   2.6063040e+06   2.1545410e+01
   2.6195720e+06   2.2277832e+01
   2.6284070e+06   2.0202637e+01
   2.6322740e+06   2.0141602e+01
   2.6354980e+06   2.3559570e+01
   2.6520010e+06   2.0629883e+01
   2.6757730e+06   1.9958496e+01
   2.6818360e+06   2.0141602e+01
   2.6936910e+06   2.1301270e+01
   2.7343790e+06   2.0690918e+01
   2.7349600e+06   2.2155762e+01
   2.7357990e+06   2.0507812e+01
   2.7471580e+06   2.1850586e+01
   2.7478200e+06   1.9958496e+01
   2.7499870e+06   2.3132324e+01
   2.7527570e+06   2.0690918e+01
   2.7689970e+06   2.0935059e+01
   2.7724570e+06   2.0080566e+01
   2.8162900e+06   2.4536133e+01
   2.8209430e+06   2.1240234e+01
   2.8361910e+06   2.0996094e+01
   2.8475740e+06   2.1789551e+01
   2.8598810e+06   2.0080566e+01
   2.8812320e+06   2.0019531e+01
   2.8865540e+06   2.0751953e+01
   2.8938570e+06   1.9958496e+01
   2.8976210e+06   2.0202637e+01
   2.8981370e+06   2.3010254e+01
   2.8984160e+06   2.0812988e+01
   2.8984360e+06   7.0190430e+01
   2.8984570e+06   9.7839355e+01
   2.8984740e+06   4.7363281e+01
   2.8984930e+06   5.2062988e+01
   2.8985210e+06   4.0344238e+01
   2.8985490e+06   2.7709961e+01
   2.8985750e+06   4.4067383e+01
   2.8985990e+06   5.1208496e+01
   2.8986310e+06   3.4729004e+01
   2.8986620e+06   3.0456543e+01
   2.8986850e+06   2.7343750e+01
   2.8986950e+06   2.5207520e+01
   2.8987370e+06   2.0141602e+01
   2.8987770e+06   2.4658203e+01
   2.8987940e+06   2.0751953e+01
   2.8988260e+06   2.6123047e+01
   2.8988480e+06   3.1860352e+01
   2.8993900e+06   2.0629883e+01
   2.9493390e+06   2.0629883e+01
   2.9673390e+06   2.0141602e+01
   2.9972410e+06   2.4230957e+01
   3.0010980e+06   2.4902344e+01
   3.0253520e+06   2.1484375e+01
   3.0266460e+06   2.0385742e+01
   3.0331590e+06   2.0385742e+01
   3.0790580e+06   2.0019531e+01
   3.0840200e+06   2.0263672e+01
   3.0879380e+06   2.0080566e+01
   3.1032070e+06   2.0080566e+01
   3.1033180e+06   2.0141602e+01
   3.1034190e+06   4.3823242e+01
   3.1034520e+06   2.1728516e+01
   3.1035320e+06   3.7048340e+01
   3.1036340e+06   2.1118164e+01
   3.1482090e+06   2.0385742e+01
   3.1519260e+06   2.0080566e+01
   3.1604110e+06   2.0385742e+01
   3.1745630e+06   2.1484375e+01
   3.1752930e+06   2.0324707e+01
   3.1864440e+06   2.0080566e+01
   3.1890420e+06   2.0385742e+01
   3.1964110e+06   2.1240234e+01
   3.1964580e+06   3.6071777e+01
   3.1964920e+06   3.5705566e+01
   3.1966490e+06   2.9113770e+01
   3.1968200e+06   2.7648926e+01
   3.1974970e+06   3.1982422e+01
   3.1975820e+06   4.1320801e+01
   3.1976290e+06   2.3803711e+01
   3.1976850e+06   4.1748047e+01
   3.1977100e+06   2.1057129e+01
   3.1977360e+06   2.0080566e+01
   3.1977630e+06   2.0690918e+01
   3.1977850e+06   2.5939941e+01
   3.1978180e+06   4.1259766e+01
   3.1979090e+06   1.9897461e+01
   3.1979290e+06   2.2033691e+01
   3.1979840e+06   2.3559570e+01
   3.1980200e+06   4.1992188e+01
   3.1980310e+06   4.1137695e+01
   3.1980490e+06   2.0202637e+01
   3.1980720e+06   1.0192871e+02
   3.1981200e+06   7.5561523e+01
   3.1981440e+06   2.7404785e+01
   3.1981590e+06   3.2714844e+01
   3.1981860e+06   2.5756836e+01
   3.1981960e+06   2.8381348e+01
   3.1982150e+06   2.2338867e+01
   3.1982400e+06   2.5451660e+01
   3.1982510e+06   2.0385742e+01
   3.1982710e+06   2.7770996e+01
   3.1983120e+06   2.9418945e+01
   3.1983540e+06   2.0385742e+01
   3.1983820e+06   2.6977539e+01
   3.1984920e+06   2.1728516e+01
   3.1987040e+06   2.1667480e+01
   3.1988200e+06   2.1423340e+01
   3.1988570e+06   2.0446777e+01
   3.1989360e+06   2.1789551e+01
   3.2152340e+06   2.0874023e+01
   3.2188190e+06   2.0202637e+01
   3.2198190e+06   1.9836426e+01
   3.2228360e+06   2.2033691e+01
   3.2331810e+06   2.0507812e+01
   3.2412600e+06   2.0019531e+01
   3.2456610e+06   1.9836426e+01
   3.2484740e+06   2.1545410e+01
   3.2501710e+06   2.0446777e+01
   3.2519970e+06   2.0324707e+01
   3.2602970e+06   2.1118164e+01
   3.2626820e+06   1.9775391e+01
   3.2693450e+06   2.3254395e+01
   3.2744700e+06   2.0690918e+01
   3.2873940e+06   2.1606445e+01
   3.2901800e+06   2.1606445e+01
   3.3149170e+06   2.0080566e+01
   3.3155040e+06   2.0202637e+01
   3.3266550e+06   2.0446777e+01
   3.3372060e+06   2.1911621e+01
   3.3458530e+06   2.0568848e+01
   3.3529300e+06   1.9653320e+01
   3.3713010e+06   2.0935059e+01
   3.3769460e+06   2.0812988e+01
   3.3829270e+06   2.0080566e+01
   3.3856950e+06   2.1606445e+01
   3.3863640e+06   1.9714355e+01
   3.3920780e+06   1.9714355e+01
   3.3934120e+06   1.9958496e+01
   3.3995180e+06   2.0568848e+01
   3.4076510e+06   2.0202637e+01
   3.4172520e+06   2.0874023e+01
   3.4186790e+06   2.1362305e+01
   3.4303120e+06   2.0629883e+01
   3.4449430e+06   1.9836426e+01
   3.4528860e+06   2.0141602e+01
   3.4640590e+06   2.1972656e+01
   3.4690760e+06   2.0690918e+01
   3.4851880e+06   2.0690918e+01
   3.4924140e+06   2.0446777e+01
   3.5047510e+06   2.4108887e+01
   3.5108690e+06   2.1240234e+01
   3.5160200e+06   2.0812988e+01
   3.5319380e+06   1.9897461e+01
   3.5346230e+06   2.1301270e+01
   3.5445510e+06   1.9653320e+01
   3.5528430e+06   2.1057129e+01
   3.5617680e+06   2.1362305e+01
   3.5773000e+06   1.9714355e+01
   3.5793380e+06   2.1118164e+01
   3.5826630e+06   1.9897461e+01
   3.5867850e+06   2.0751953e+01
   3.6056070e+06   2.2094727e+01
   3.6222790e+06   2.1301270e+01
   3.6279060e+06   2.0568848e+01
   3.6296140e+06   1.9775391e+01
   3.6375950e+06   2.1423340e+01
   3.6437310e+06   1.9836426e+01
   3.6552800e+06   2.2277832e+01
   3.6572200e+06   2.2094727e+01
   3.6606230e+06   2.2644043e+01
   3.6751320e+06   2.0080566e+01
   3.7128730e+06   1.9714355e+01
   3.7354940e+06   2.1423340e+01
   3.7451020e+06   1.9775391e+01
   3.7855570e+06   2.0385742e+01
   3.7952690e+06   2.1728516e+01
   3.8126230e+06   2.0629883e+01
   3.8133570e+06   2.0446777e+01
   3.8231350e+06   1.9958496e+01
   3.8231540e+06   3.2714844e+01
   3.8231820e+06   2.8137207e+01
   3.8232010e+06   5.2978516e+01
   3.8232230e+06   9.8693848e+01
   3.8232460e+06   4.3029785e+01
   3.8232620e+06   4.9072266e+01
   3.8232760e+06   2.9296875e+01
   3.8232890e+06   2.0812988e+01
   3.8232990e+06   6.2500000e+01
   3.8233180e+06   2.8930664e+01
   3.8233360e+06   3.6621094e+01
   3.8233600e+06   2.0874023e+01
   3.8233720e+06   2.9052734e+01
   3.8234100e+06   1.9775391e+01
   3.8234460e+06   2.0202637e+01
   3.8234780e+06   1.9958496e+01
   3.8235190e+06   2.0141602e+01
   3.8235370e+06   2.8137207e+01
   3.8235670e+06   2.5146484e+01
   3.8235830e+06   2.4169922e+01
   3.8236070e+06   2.0080566e+01
   3.8236450e+06   3.5888672e+01
   3.8237060e+06   2.2705078e+01
   3.8237160e+06   4.2480469e+01
   3.8239480e+06   2.8259277e+01
   3.8239760e+06   1.9836426e+01
   3.8240100e+06   1.9958496e+01
   3.8241420e+06   2.1667480e+01
   3.8244220e+06   2.0629883e+01
   3.8367260e+06   2.0874023e+01
   3.8452540e+06   2.0324707e+01
   3.8476460e+06   1.9836426e+01
   3.8486200e+06   1.9958496e+01
   3.8524430e+06   2.2216797e+01
   3.8562660e+06   2.2583008e+01
   3.8567280e+06   2.0629883e+01
   3.8666060e+06   2.0446777e+01
   3.8681470e+06   2.1789551e+01
   3.8798030e+06   2.0385742e+01
   3.8893920e+06   1.9775391e+01
   3.9088920e+06   1.9836426e+01
   3.9183680e+06   1.9775391e+01
   3.9303660e+06   2.0080566e+01
   3.9375940e+06   2.0080566e+01
   3.9653010e+06   1.9836426e+01
   3.9896060e+06   3.6376953e+01
   3.9896300e+06   4.1931152e+01
   3.9896930e+06   2.7038574e+01
   3.9900530e+06   2.8991699e+01
   3.9951900e+06   1.9714355e+01
   4.0030220e+06   2.2033691e+01
   4.0390660e+06   2.0080566e+01
   4.0397420e+06   2.0690918e+01
   4.0626390e+06   1.9714355e+01
   4.0672960e+06   2.1057129e+01
   4.0806390e+06   1.9714355e+01
   4.0842830e+06   2.0141602e+01
   4.0907820e+06   2.0202637e+01
   4.0999420e+06   1.9714355e+01
   4.1370120e+06   1.9775391e+01
   4.1425130e+06   2.0568848e+01
   4.1462250e+06   2.0141602e+01
   4.1672960e+06   2.0019531e+01
   4.1766580e+06   1.9653320e+01
   4.1808210e+06   2.0996094e+01
   4.1854580e+06   2.0935059e+01
   4.2058020e+06   2.1667480e+01
   4.2316720e+06   2.0690918e+01
   4.2350770e+06   2.2644043e+01
   4.2479830e+06   1.9836426e+01
   4.2709210e+06   1.9653320e+01
   4.3220110e+06   1.9714355e+01
   4.3270840e+06   2.0812988e+01
   4.3307200e+06   2.1057129e+01
   4.3333530e+06   1.9836426e+01
   4.3472180e+06   2.1606445e+01
   4.3566440e+06   1.9836426e+01
   4.3638980e+06   2.1972656e+01
   4.3947410e+06   1.9836426e+01
   4.3974820e+06   2.0202637e+01
   4.4037380e+06   1.9775391e+01
   4.4222530e+06   2.0507812e+01
   4.4312660e+06   1.9836426e+01
   4.4921090e+06   2.0385742e+01
   4.5022800e+06   1.9836426e+01
   4.5054120e+06   1.9897461e+01
   4.5182140e+06   1.9775391e+01
   4.5685690e+06   2.0690918e+01
   4.5864380e+06   1.9714355e+01
   4.5960190e+06   2.1545410e+01
   4.5974160e+06   2.1423340e+01
   4.5974540e+06   2.3620605e+01
   4.5974770e+06   2.9113770e+01
   4.5974930e+06   4.1687012e+01
   4.5975290e+06   3.8208008e+01
   4.5975530e+06   4.3701172e+01
   4.5975820e+06   3.3020020e+01
   4.5975930e+06   4.4860840e+01
   4.5976090e+06   8.0932617e+01
   4.5976330e+06   3.7109375e+01
   4.5976570e+06   6.3964844e+01
   4.5976740e+06   3.6865234e+01
   4.5976840e+06   3.5400391e+01
   4.5977140e+06   3.7414551e+01
   4.5977450e+06   3.7414551e+01
   4.5977580e+06   3.4240723e+01
   4.5977800e+06   2.0996094e+01
   4.5977910e+06   2.6489258e+01
   4.5978240e+06   2.5695801e+01
   4.5978680e+06   2.4902344e+01
   4.5978970e+06   2.0812988e+01
   4.5979170e+06   3.2714844e+01
   4.5979510e+06   2.5024414e+01
   4.5980440e+06   2.2827148e+01
   4.5981680e+06   2.3864746e+01
   4.5981970e+06   2.7221680e+01
   4.6089870e+06   2.0446777e+01
   4.6100930e+06   1.9775391e+01
   4.6213880e+06   2.0629883e+01
   4.6312900e+06   1.9897461e+01
   4.6345980e+06   2.0690918e+01
   4.6420860e+06   1.9714355e+01
   4.6477180e+06   2.0935059e+01
   4.6487620e+06   2.0263672e+01
   4.6509150e+06   1.9653320e+01
   4.6514470e+06   2.0629883e+01
   4.6552450e+06   1.9653320e+01
   4.6627660e+06   2.1667480e+01
   4.6808040e+06   2.0202637e+01
   4.6929370e+06   2.0080566e+01
   4.6956610e+06   2.0874023e+01
   4.7155030e+06   1.9714355e+01
   4.7191420e+06   1.9775391e+01
   4.7203690e+06   2.0385742e+01
   4.7356450e+06   2.0751953e+01
   4.7369430e+06   2.0751953e+01
   4.7447240e+06   2.0446777e+01
   4.7622520e+06   1.9775391e+01
   4.7635480e+06   2.1972656e+01
   4.7673490e+06   2.0385742e+01
   4.7728300e+06   2.0690918e+01
   4.7892240e+06   2.0141602e+01
   4.7905450e+06   2.1911621e+01
   4.8083990e+06   2.0019531e+01
   4.8176630e+06   1.9775391e+01
   4.8274510e+06   2.4780273e+01
   4.8295480e+06   2.1545410e+01
   4.8313890e+06   2.0080566e+01
   4.8472930e+06   2.0263672e+01
   4.8493860e+06   2.1118164e+01
   4.8561580e+06   7.7209473e+01
   4.8678390e+06   2.3925781e+01
   4.8722420e+06   1.9958496e+01
   4.8747400e+06   2.0019531e+01
   4.8841620e+06   2.1118164e+01
   4.8860550e+06   2.0019531e+01
   4.8953640e+06   1.9653320e+01
   4.9013970e+06   2.0141602e+01
   4.9147740e+06   1.9958496e+01
   4.9161030e+06   2.0690918e+01
   4.9216960e+06   1.9836426e+01
   4.9314190e+06   1.9714355e+01
   4.9469400e+06   1.9836426e+01
   4.9704610e+06   2.1057129e+01
   4.9778250e+06   2.0080566e+01
   5.0202930e+06   2.1301270e+01
   5.0249030e+06   2.1179199e+01
   5.0541530e+06   1.9836426e+01
   5.0705880e+06   2.0324707e+01
   5.1026730e+06   1.9775391e+01
   5.1153620e+06   2.0568848e+01
   5.1209940e+06   2.0324707e+01
   5.1647990e+06   2.0690918e+01
   5.1689380e+06   2.2766113e+01
   5.1788170e+06   2.1301270e+01
   5.1807580e+06   2.1484375e+01
   5.1853900e+06   2.1118164e+01
   5.1885790e+06   1.9897461e+01
   5.1943750e+06   2.0568848e+01
   5.2002930e+06   2.0935059e+01
   5.2173220e+06   2.0812988e+01
   5.2173780e+06   6.3171387e+01
   5.2253240e+06   2.0080566e+01
   5.2312970e+06   2.0751953e+01
   5.2613830e+06   2.4536133e+01
   5.2739670e+06   2.0874023e+01
   5.2792350e+06   2.3132324e+01
   5.2897880e+06   2.2094727e+01
   5.3149410e+06   2.0263672e+01
   5.3293010e+06   2.2399902e+01
   5.3398760e+06   2.0080566e+01
   5.3462630e+06   2.1911621e+01
   5.3654930e+06   2.2827148e+01
   5.3971520e+06   2.2644043e+01
   5.4432740e+06   2.1240234e+01
   5.4455630e+06   1.9714355e+01
   5.4713450e+06   2.0446777e+01
   5.4788680e+06   2.0629883e+01
   5.4845010e+06   1.9836426e+01
   5.4933680e+06   2.1179199e+01
   5.5012200e+06   2.0507812e+01
   5.5060210e+06   2.1423340e+01
   5.5102780e+06   2.0263672e+01
   5.5331100e+06   1.9714355e+01
   5.5396510e+06   2.0874023e+01
   5.5438530e+06   2.0141602e+01
   5.5503110e+06   3.3020020e+01
   5.5503550e+06   3.1005859e+01
   5.5503690e+06   6.5246582e+01
   5.5503980e+06   7.2509766e+01
   5.5504120e+06   4.2846680e+01
   5.5504250e+06   4.8278809e+01
   5.5504520e+06   2.9235840e+01
   5.5504710e+06   2.2033691e+01
   5.5504810e+06   2.8015137e+01
   5.5505150e+06   4.1076660e+01
   5.5505250e+06   2.2766113e+01
   5.5505490e+06   3.1555176e+01
   5.5505760e+06   2.4414062e+01
   5.5506110e+06   2.2521973e+01
   5.5506440e+06   2.8991699e+01
   5.5507030e+06   2.0385742e+01
   5.5507920e+06   2.0141602e+01
   5.5509130e+06   2.0446777e+01
   5.5510990e+06   2.3010254e+01
   5.5771070e+06   2.1362305e+01
   5.5793540e+06   1.9836426e+01
   5.5985860e+06   1.9714355e+01
   5.6107790e+06   2.0446777e+01
   5.6113190e+06   2.3254395e+01
   5.6154780e+06   2.2460938e+01
   5.6227840e+06   1.9775391e+01
   5.6260290e+06   2.2460938e+01
   5.6292130e+06   1.9897461e+01
   5.6341400e+06   2.0751953e+01
   5.6352520e+06   2.0812988e+01
   5.6358100e+06   2.0141602e+01
   5.6587230e+06   2.0324707e+01
   5.6691840e+06   1.9897461e+01
   5.6698270e+06   2.0263672e+01
   5.6774830e+06   2.1728516e+01
   5.7005560e+06   2.1179199e+01
   5.7044640e+06   2.0568848e+01
   5.7401790e+06   2.1118164e+01
   5.7406420e+06   1.9653320e+01
   5.7750210e+06   1.9836426e+01
   5.7920850e+06   2.1911621e+01
   5.7989670e+06   2.0019531e+01
   5.8016130e+06   2.0324707e+01
   5.8182960e+06   2.0080566e+01
   5.8455570e+06   1.9653320e+01
   5.8521140e+06   2.0019531e+01
   5.8859570e+06   2.0629883e+01
   5.8865570e+06   2.1240234e+01
   5.8953970e+06   2.0568848e+01
   5.8966440e+06   2.1606445e+01
   5.9004740e+06   1.9836426e+01
   5.9095570e+06   1.9836426e+01
   5.9260840e+06   2.1362305e+01
   5.9512340e+06   2.0690918e+01
   5.9608020e+06   1.9958496e+01
   5.9664950e+06   2.2094727e+01
   5.9838720e+06   2.0263672e+01
   5.9924540e+06   2.0385742e+01
