   5.9990000e+06   0.0000000e+00
   1.7685400e+05   2.0812988e+01
   1.7688400e+05   2.2766113e+01
   1.7692500e+05   2.7099609e+01
   1.9879700e+05   2.4902344e+01
   1.9882000e+05   2.1057129e+01
   1.9931400e+05   1.9958496e+01
   1.0194540e+06   2.2766113e+01
   1.9347680e+06   2.0385742e+01
   1.9348120e+06   2.5390625e+01
   1.9348290e+06   2.1667480e+01
   1.9348730e+06   1.9348145e+01
   1.9349220e+06   1.9348145e+01
   1.9349820e+06   1.9958496e+01
   2.1032960e+06   1.9531250e+01
   2.1033300e+06   2.0629883e+01
   2.1033620e+06   1.9470215e+01
   2.8985100e+06   2.6245117e+01
   3.1979040e+06   2.0507812e+01
   3.1979210e+06   2.3376465e+01
   3.1980080e+06   2.0019531e+01
   3.8232450e+06   2.0385742e+01
   3.8233210e+06   2.0324707e+01
   3.8233430e+06   1.9714355e+01
   3.8234720e+06   2.2460938e+01
   4.5976420e+06   2.1362305e+01
   4.5976610e+06   2.3376465e+01
   4.5976890e+06   2.3254395e+01
   5.5503660e+06   2.6062012e+01
   5.5503900e+06   2.4353027e+01
   5.5504180e+06   2.2033691e+01
   5.5504530e+06   2.0385742e+01
