   5.9990000e+06   0.0000000e+00
   1.0909600e+05   3.7536621e+01
   1.7688900e+05   2.3986816e+01
   1.7690700e+05   3.9428711e+01
   1.7693700e+05   5.0781250e+01
   1.7696700e+05   2.7099609e+01
   1.7698200e+05   2.4841309e+01
   1.7700700e+05   3.5461426e+01
   1.9878200e+05   2.4475098e+01
   1.9883900e+05   4.8095703e+01
   1.9885400e+05   2.6062012e+01
   1.9889500e+05   3.0761719e+01
   1.9891900e+05   2.4719238e+01
   1.9898500e+05   3.4362793e+01
   1.9937100e+05   2.5512695e+01
   2.9164400e+05   4.3762207e+01
   2.9171700e+05   3.8452148e+01
   2.9178100e+05   3.5949707e+01
   2.9222600e+05   4.0710449e+01
   2.9254000e+05   4.1381836e+01
   3.2641800e+05   4.2175293e+01
   3.2657500e+05   3.6193848e+01
   3.3904000e+05   2.4902344e+01
   3.3906100e+05   4.0222168e+01
   3.3915400e+05   3.2897949e+01
   3.3916800e+05   2.4841309e+01
   3.3923900e+05   3.2775879e+01
   3.3942800e+05   2.3803711e+01
   3.3951800e+05   3.0456543e+01
   3.3973900e+05   3.3020020e+01
   3.8254000e+05   3.7536621e+01
   3.8282000e+05   3.5644531e+01
   4.3394200e+05   4.8034668e+01
   4.3402900e+05   3.0761719e+01
   4.3492400e+05   3.6804199e+01
   4.6392700e+05   4.4128418e+01
   4.6397500e+05   2.9907227e+01
   5.0774500e+05   4.0832520e+01
   5.0829200e+05   3.3874512e+01
   5.2951600e+05   4.2358398e+01
   5.2964800e+05   3.6865234e+01
   5.2993800e+05   4.1442871e+01
   5.3092800e+05   3.3264160e+01
   5.3099600e+05   3.1921387e+01
   5.4412700e+05   4.1870117e+01
   5.4424300e+05   3.4057617e+01
   5.4537500e+05   3.5705566e+01
   6.7130900e+05   3.7597656e+01
   6.7182100e+05   2.3925781e+01
   7.2144800e+05   4.1198730e+01
   7.2183200e+05   4.3151855e+01
   7.2192600e+05   3.4545898e+01
   7.2248300e+05   3.8269043e+01
   1.0192050e+06   3.9184570e+01
   1.0193000e+06   5.0354004e+01
   1.0193310e+06   4.0161133e+01
   1.0193770e+06   3.9367676e+01
   1.0194410e+06   2.9052734e+01
   1.0194700e+06   2.6367188e+01
   1.1141270e+06   4.5715332e+01
   1.1141650e+06   2.7893066e+01
   1.1143160e+06   3.7780762e+01
   1.2836270e+06   3.7902832e+01
   1.2836670e+06   2.8198242e+01
   1.2841780e+06   3.7292480e+01
   1.7191970e+06   4.5898438e+01
   1.7192860e+06   3.4790039e+01
   1.7766900e+06   3.9733887e+01
   1.7767170e+06   2.4841309e+01
   1.7767690e+06   2.6367188e+01
   1.7771290e+06   3.6132812e+01
   1.9085290e+06   3.9978027e+01
   1.9085690e+06   3.1921387e+01
   1.9348110e+06   2.6550293e+01
   1.9348390e+06   5.2551270e+01
   1.9348670e+06   4.2785645e+01
   1.9348800e+06   3.6499023e+01
   1.9348970e+06   2.9663086e+01
   1.9349310e+06   2.4841309e+01
   1.9349710e+06   2.4414062e+01
   1.9350260e+06   2.6794434e+01
   2.1023780e+06   4.8889160e+01
   2.1029900e+06   2.4414062e+01
   2.1030320e+06   3.8696289e+01
   2.1030470e+06   2.8503418e+01
   2.1032250e+06   4.3029785e+01
   2.1032580e+06   2.7282715e+01
   2.1033090e+06   2.3925781e+01
   2.1033610e+06   3.4667969e+01
   2.1034650e+06   2.4108887e+01
   2.2086490e+06   4.2907715e+01
   2.2087390e+06   3.5034180e+01
   2.2088090e+06   2.9479980e+01
   2.3817400e+06   2.9296875e+01
   2.3817850e+06   4.3334961e+01
   2.3818280e+06   2.6123047e+01
   2.3819950e+06   2.5939941e+01
   2.3820510e+06   2.7404785e+01
   2.3821850e+06   3.5400391e+01
   2.3826190e+06   3.3752441e+01
   2.8223340e+06   4.0649414e+01
   2.8223690e+06   2.8991699e+01
   2.8225260e+06   4.2114258e+01
   2.8233220e+06   4.1992188e+01
   2.8233330e+06   2.6672363e+01
   2.8984470e+06   2.7465820e+01
   2.8984880e+06   3.8330078e+01
   2.8985010e+06   2.5878906e+01
   2.8985290e+06   3.3508301e+01
   2.8985420e+06   2.8442383e+01
   2.8985670e+06   2.7221680e+01
   2.8985920e+06   2.4047852e+01
   2.8986110e+06   2.3620605e+01
   3.1955050e+06   4.4433594e+01
   3.1976020e+06   4.7424316e+01
   3.1976590e+06   3.3203125e+01
   3.1977840e+06   2.8015137e+01
   3.1979030e+06   2.4169922e+01
   3.1979860e+06   3.7231445e+01
   3.1981880e+06   3.2958984e+01
   3.8231780e+06   3.1860352e+01
   3.8232030e+06   2.7587891e+01
   3.8232320e+06   3.0212402e+01
   3.8232500e+06   3.0517578e+01
   3.8232680e+06   3.6621094e+01
   3.8232780e+06   2.6611328e+01
   3.8233880e+06   3.8330078e+01
   3.8236110e+06   2.3803711e+01
   4.3740920e+06   3.6376953e+01
   4.3741230e+06   2.5146484e+01
   4.3745130e+06   4.0466309e+01
   4.3746460e+06   3.2348633e+01
   4.4237990e+06   3.6193848e+01
   4.5975470e+06   4.6020508e+01
   4.5975780e+06   2.7587891e+01
   4.5976070e+06   2.3681641e+01
   4.5976300e+06   3.5034180e+01
   4.5976470e+06   2.4963379e+01
   4.5976760e+06   3.2653809e+01
   4.5977100e+06   2.6184082e+01
   4.5977880e+06   2.7160645e+01
   4.5978630e+06   2.5085449e+01
   4.5980580e+06   2.3986816e+01
   5.0235950e+06   4.0039063e+01
   5.0236360e+06   2.5451660e+01
   5.0237400e+06   2.6977539e+01
   5.5503390e+06   4.3090820e+01
   5.5503820e+06   2.6306152e+01
   5.5504250e+06   4.1564941e+01
   5.5504610e+06   2.5756836e+01
   5.5504990e+06   2.5939941e+01
   5.5505390e+06   2.3864746e+01
   5.5676550e+06   2.3559570e+01
