   5.9990000e+06   0.0000000e+00
   1.7683300e+05   5.7617188e+01
   1.7684400e+05   2.0446777e+01
   1.7686800e+05   3.8330078e+01
   1.7688400e+05   2.7770996e+01
   1.7689800e+05   3.0761719e+01
   1.7692000e+05   2.8076172e+01
   1.7694900e+05   2.4658203e+01
   1.7696400e+05   2.2827148e+01
   1.7698300e+05   2.2338867e+01
   1.7701900e+05   3.0273438e+01
   1.7704000e+05   2.6184082e+01
   1.7713700e+05   1.9470215e+01
   1.9368100e+05   2.4597168e+01
   1.9817600e+05   2.1850586e+01
   1.9839600e+05   2.4230957e+01
   1.9847900e+05   1.9958496e+01
   1.9868500e+05   1.9409180e+01
   1.9870700e+05   2.0080566e+01
   1.9873400e+05   2.2583008e+01
   1.9874500e+05   7.5012207e+01
   1.9878400e+05   3.5583496e+01
   1.9879800e+05   2.7221680e+01
   1.9882800e+05   4.2541504e+01
   1.9884300e+05   2.4780273e+01
   1.9886800e+05   2.3498535e+01
   1.9891700e+05   2.0446777e+01
   1.9892900e+05   2.1911621e+01
   1.9897700e+05   2.2216797e+01
   1.9917900e+05   1.9470215e+01
   1.9922700e+05   1.9531250e+01
   1.9923800e+05   2.1972656e+01
   1.9937200e+05   2.2033691e+01
   1.9943400e+05   2.4475098e+01
   1.9945900e+05   1.9836426e+01
   1.9948500e+05   2.0446777e+01
   1.9959000e+05   2.4780273e+01
   1.9999900e+05   1.9714355e+01
   3.2756700e+05   6.4941406e+01
   3.3880400e+05   6.4575195e+01
   3.3884600e+05   2.2033691e+01
   3.3895700e+05   1.9470215e+01
   3.3908900e+05   2.0996094e+01
   3.3910300e+05   2.0874023e+01
   3.3915900e+05   5.0537109e+01
   3.3917400e+05   2.2827148e+01
   3.3921600e+05   2.1423340e+01
   3.3927300e+05   4.1992188e+01
   3.3931600e+05   2.3681641e+01
   3.3936700e+05   3.7475586e+01
   3.3939900e+05   2.2888184e+01
   3.3945100e+05   4.3823242e+01
   3.3946100e+05   2.4597168e+01
   3.3952500e+05   2.2766113e+01
   3.3957800e+05   4.0100098e+01
   3.3962000e+05   1.9409180e+01
   3.3971700e+05   1.9775391e+01
   3.4005100e+05   2.0751953e+01
   3.8263400e+05   6.5246582e+01
   3.8271000e+05   2.0324707e+01
   3.8283900e+05   4.4128418e+01
   3.8292800e+05   2.0812988e+01
   3.8300300e+05   2.7893066e+01
   3.8303900e+05   2.2644043e+01
   3.8338200e+05   5.4443359e+01
   3.8367500e+05   5.4748535e+01
   4.3403000e+05   6.0424805e+01
   4.3424600e+05   2.0141602e+01
   4.3476000e+05   2.3437500e+01
   4.3485900e+05   2.1728516e+01
   4.3499900e+05   1.9775391e+01
   4.3509900e+05   1.9470215e+01
   4.3522100e+05   1.9409180e+01
   4.3542800e+05   2.3864746e+01
   4.6404900e+05   5.9020996e+01
   5.0722900e+05   6.7810059e+01
   5.0824100e+05   6.0607910e+01
   5.0830000e+05   3.2165527e+01
   5.0838100e+05   2.0874023e+01
   5.0848100e+05   2.0812988e+01
   5.0857500e+05   2.2155762e+01
   5.0864700e+05   2.0751953e+01
   5.0875600e+05   2.0263672e+01
   5.0917500e+05   1.9409180e+01
   5.4416700e+05   6.5673828e+01
   5.4421400e+05   1.9653320e+01
   5.4456400e+05   2.1118164e+01
   7.2168400e+05   5.8776855e+01
   7.2214600e+05   2.0507812e+01
   7.2225200e+05   2.1667480e+01
   7.2238100e+05   2.1972656e+01
   7.2251500e+05   2.1301270e+01
   7.2280200e+05   2.0385742e+01
   7.2304600e+05   2.0263672e+01
   1.0189980e+06   2.0141602e+01
   1.0192270e+06   7.3608398e+01
   1.0192510e+06   2.0080566e+01
   1.0192800e+06   3.4301758e+01
   1.0193100e+06   3.4851074e+01
   1.0193280e+06   2.1240234e+01
   1.0193590e+06   3.3691406e+01
   1.0193790e+06   2.6245117e+01
   1.0193900e+06   2.4597168e+01
   1.0194240e+06   2.6428223e+01
   1.0194770e+06   2.6062012e+01
   1.0195390e+06   2.0996094e+01
   1.0199970e+06   1.9958496e+01
   1.4951640e+06   2.3193359e+01
   1.7770590e+06   2.1240234e+01
   1.9149150e+06   2.0019531e+01
   1.9347580e+06   6.2744141e+01
   1.9347760e+06   2.2949219e+01
   1.9347950e+06   4.7058105e+01
   1.9348240e+06   3.4057617e+01
   1.9348460e+06   2.1423340e+01
   1.9348750e+06   3.9245605e+01
   1.9349070e+06   2.7526855e+01
   1.9350080e+06   2.3498535e+01
   1.9350180e+06   1.9897461e+01
   1.9350950e+06   1.9714355e+01
   2.1031960e+06   2.4353027e+01
   2.1032400e+06   2.1667480e+01
   2.1032500e+06   3.2775879e+01
   2.1032710e+06   2.8991699e+01
   2.1033310e+06   3.5461426e+01
   2.1033480e+06   3.0639648e+01
   2.1033670e+06   2.3376465e+01
   2.1034120e+06   2.1118164e+01
   2.1034230e+06   2.5146484e+01
   2.1034680e+06   2.5878906e+01
   2.1034870e+06   2.0324707e+01
   2.3818850e+06   2.0935059e+01
   2.3819550e+06   2.0080566e+01
   2.3822310e+06   5.6884766e+01
   2.3822630e+06   2.8137207e+01
   2.3823120e+06   3.9550781e+01
   2.3823790e+06   4.0344238e+01
   2.3824820e+06   4.2053223e+01
   2.3824930e+06   2.2155762e+01
   2.3825690e+06   4.1503906e+01
   2.3826460e+06   2.3742676e+01
   2.3826870e+06   4.6630859e+01
   2.3827460e+06   2.0690918e+01
   2.8984610e+06   2.4719238e+01
   2.8984750e+06   2.4108887e+01
   2.8984950e+06   2.8869629e+01
   2.8985190e+06   2.5390625e+01
   2.8985320e+06   2.0141602e+01
   2.8985750e+06   3.1005859e+01
   2.8986050e+06   2.0996094e+01
   2.8986350e+06   2.4291992e+01
   2.8988300e+06   3.2165527e+01
   3.0639930e+06   2.0568848e+01
   3.1975880e+06   2.1118164e+01
   3.1977770e+06   7.3242188e+01
   3.1978220e+06   5.4260254e+01
   3.1978420e+06   2.4414062e+01
   3.1978680e+06   2.1179199e+01
   3.1978880e+06   2.8259277e+01
   3.1979010e+06   2.4475098e+01
   3.1979220e+06   2.0019531e+01
   3.1979440e+06   2.2583008e+01
   3.1979540e+06   2.8198242e+01
   3.1979820e+06   2.3925781e+01
   3.1980000e+06   2.4353027e+01
   3.1980480e+06   2.3376465e+01
   3.1980660e+06   2.0080566e+01
   3.1980940e+06   2.0874023e+01
   3.2522400e+06   2.0751953e+01
   3.8231770e+06   2.2094727e+01
   3.8231890e+06   6.1706543e+01
   3.8232240e+06   4.4372559e+01
   3.8232470e+06   2.0996094e+01
   3.8232600e+06   2.4047852e+01
   3.8232940e+06   2.0996094e+01
   3.8233070e+06   2.4658203e+01
   3.8233210e+06   2.6245117e+01
   3.8233550e+06   3.1188965e+01
   3.8234110e+06   2.0507812e+01
   3.8235860e+06   2.6428223e+01
   4.5974620e+06   2.4291992e+01
   4.5976160e+06   6.2011719e+01
   4.5976390e+06   2.6855469e+01
   4.5976520e+06   2.9907227e+01
   4.5976890e+06   3.2226562e+01
   4.5977080e+06   2.0446777e+01
   4.5977390e+06   2.0507812e+01
   4.5979520e+06   2.6916504e+01
   4.5980260e+06   2.0324707e+01
   4.5980790e+06   2.0263672e+01
   4.9919330e+06   2.1606445e+01
   5.5499950e+06   2.1484375e+01
   5.5501170e+06   2.2216797e+01
   5.5502190e+06   2.0019531e+01
   5.5503370e+06   6.9580078e+01
   5.5503550e+06   2.1301270e+01
   5.5503770e+06   3.2958984e+01
   5.5503890e+06   2.0202637e+01
   5.5504170e+06   2.5939941e+01
   5.5504440e+06   2.7893066e+01
   5.5504590e+06   1.9836426e+01
   5.5508300e+06   2.3010254e+01
   5.5509730e+06   1.9653320e+01
