   5.9980000e+06   0.0000000e+00
   6.2301000e+04   1.1169434e+01
   4.2666600e+05   1.3916016e+01
   4.2699200e+05   1.3366699e+01
   6.6721900e+05   1.3244629e+01
   6.6728000e+05   1.1535645e+01
   1.0676230e+06   1.2451172e+01
   1.0918500e+06   1.1474609e+01
   1.1320310e+06   1.2207031e+01
   1.6841640e+06   1.1535645e+01
   1.7016670e+06   1.1291504e+01
   1.9141830e+06   1.1291504e+01
   2.0636730e+06   1.1291504e+01
   2.1887360e+06   1.2329102e+01
   2.2653030e+06   1.1657715e+01
   2.7034520e+06   1.1352539e+01
   2.7837830e+06   1.2023926e+01
   2.9007880e+06   1.1474609e+01
   2.9582850e+06   1.1901855e+01
   3.2759300e+06   1.2207031e+01
   3.4075850e+06   1.5136719e+01
   3.4076720e+06   1.2084961e+01
   4.3976420e+06   1.1840820e+01
   5.0856880e+06   1.1840820e+01
   5.4491000e+06   1.1840820e+01
   5.6853450e+06   1.1718750e+01
