   5.9980000e+06   0.0000000e+00
   1.0732700e+05   1.0986328e+01
   3.5088200e+05   1.1840820e+01
   4.2676900e+05   1.2878418e+01
   4.2683800e+05   1.3427734e+01
   4.7376400e+05   1.1352539e+01
   5.5105000e+05   1.1169434e+01
   6.6716500e+05   1.2207031e+01
   6.6720500e+05   1.1413574e+01
   6.6724400e+05   1.3061523e+01
   6.6787200e+05   1.1169434e+01
   8.8914600e+05   1.3916016e+01
   1.0218530e+06   1.1230469e+01
   1.0220040e+06   1.1657715e+01
   1.0220410e+06   1.2084961e+01
   1.0677360e+06   1.1535645e+01
   1.0678550e+06   1.1352539e+01
   1.0679690e+06   1.1901855e+01
   1.0918410e+06   1.1352539e+01
   1.0935260e+06   1.1230469e+01
   1.1117370e+06   1.1718750e+01
   1.1118410e+06   1.2084961e+01
   1.1120480e+06   1.1962891e+01
   1.1124430e+06   1.1718750e+01
   1.1318110e+06   1.0986328e+01
   1.1319370e+06   1.0986328e+01
   1.1506950e+06   1.1657715e+01
   1.1509190e+06   1.1535645e+01
   1.1516800e+06   1.3000488e+01
   1.1696340e+06   1.0986328e+01
   1.1893940e+06   1.0986328e+01
   1.2107080e+06   1.3549805e+01
   1.2111120e+06   1.1291504e+01
   1.2325480e+06   1.0986328e+01
   1.2326390e+06   1.2084961e+01
   1.2791760e+06   1.2512207e+01
   1.2792320e+06   1.2329102e+01
   1.2797000e+06   1.1230469e+01
   1.3013450e+06   1.4404297e+01
   1.3017050e+06   1.2512207e+01
   1.3018530e+06   1.1169434e+01
   1.3023360e+06   1.1840820e+01
   1.3476210e+06   1.2512207e+01
   1.3481530e+06   1.1169434e+01
   1.9800270e+06   1.1047363e+01
   2.0450880e+06   1.1108398e+01
   2.0451600e+06   1.4709473e+01
   2.0451870e+06   1.1047363e+01
   2.0471700e+06   1.1474609e+01
   2.0633000e+06   1.1840820e+01
   2.1466330e+06   1.0986328e+01
   2.4211200e+06   1.2207031e+01
   2.5544880e+06   1.0986328e+01
   2.6042720e+06   1.3244629e+01
   2.6044740e+06   1.1169434e+01
   2.7836330e+06   1.4770508e+01
   2.7837120e+06   1.1352539e+01
   2.7838570e+06   1.1352539e+01
   2.8375360e+06   1.3000488e+01
   2.8376230e+06   1.1352539e+01
   2.8602650e+06   1.3610840e+01
   2.8604030e+06   1.1413574e+01
   2.8810200e+06   1.1230469e+01
   2.8812660e+06   1.3244629e+01
   2.9238690e+06   1.1169434e+01
   2.9545520e+06   1.4343262e+01
   2.9545840e+06   1.0986328e+01
   2.9546400e+06   1.2145996e+01
   2.9548820e+06   1.2756348e+01
   2.9555760e+06   1.1291504e+01
   2.9797520e+06   1.1657715e+01
   2.9800830e+06   1.0986328e+01
   3.2124990e+06   1.2756348e+01
   3.2125100e+06   2.0324707e+01
   3.2125460e+06   1.7211914e+01
   3.2125640e+06   1.1169434e+01
   3.2126040e+06   1.5197754e+01
   3.2126220e+06   1.2634277e+01
   3.2126660e+06   1.2390137e+01
   3.2127230e+06   1.1291504e+01
   3.2127390e+06   1.2207031e+01
   3.2127750e+06   1.3610840e+01
   3.2127940e+06   1.3671875e+01
   3.2128040e+06   1.1901855e+01
   3.2128180e+06   1.4709473e+01
   3.2128300e+06   1.2878418e+01
   3.2128700e+06   1.2756348e+01
   3.2128800e+06   1.1169434e+01
   3.2129160e+06   1.3183594e+01
   3.2132030e+06   1.1169434e+01
   3.2132890e+06   1.2817383e+01
   3.2134450e+06   1.1474609e+01
   3.2136220e+06   1.2634277e+01
   3.2137560e+06   1.1413574e+01
   3.2142170e+06   1.3122559e+01
   3.2143720e+06   1.2451172e+01
   3.2145700e+06   1.2634277e+01
   3.2757560e+06   1.7944336e+01
   3.2758240e+06   1.6052246e+01
   3.2758580e+06   1.9531250e+01
   3.2759220e+06   1.4404297e+01
   3.2759340e+06   1.2817383e+01
   3.2760220e+06   1.2084961e+01
   3.2760960e+06   1.1474609e+01
   3.2774340e+06   1.1291504e+01
   3.2775620e+06   1.2451172e+01
   3.2778420e+06   1.3854980e+01
   3.3451180e+06   1.6906738e+01
   3.3451820e+06   1.1352539e+01
   3.3452100e+06   1.1962891e+01
   3.3454960e+06   1.2695312e+01
   3.3455180e+06   1.1291504e+01
   3.3455500e+06   1.1840820e+01
   3.3456060e+06   1.3549805e+01
   3.3463290e+06   1.1169434e+01
   3.3465100e+06   1.1901855e+01
   3.4074780e+06   2.0568848e+01
   3.4075210e+06   1.6113281e+01
   3.4075420e+06   1.9348145e+01
   3.4075760e+06   1.3854980e+01
   3.4076400e+06   1.1413574e+01
   3.4079070e+06   1.1840820e+01
   3.4092900e+06   1.3793945e+01
   3.4095780e+06   1.4099121e+01
   3.4128560e+06   1.1840820e+01
   3.4518340e+06   1.1596680e+01
   3.5876060e+06   1.1657715e+01
   3.6049210e+06   1.1352539e+01
   3.8078540e+06   1.1596680e+01
   4.2243200e+06   1.1230469e+01
   4.2243420e+06   2.6489258e+01
   4.2243720e+06   1.3732910e+01
   4.2243860e+06   1.6906738e+01
   4.2244320e+06   1.2329102e+01
   4.2244680e+06   1.1474609e+01
   4.2245020e+06   1.4709473e+01
   4.2245360e+06   1.1169434e+01
   4.2245560e+06   1.2268066e+01
   4.2246030e+06   1.1779785e+01
   4.2246470e+06   1.2023926e+01
   4.2247560e+06   1.2756348e+01
   4.2251010e+06   1.1413574e+01
   4.2251610e+06   1.1291504e+01
   4.2251990e+06   1.2390137e+01
   4.2252380e+06   1.1169434e+01
   4.2253100e+06   1.1291504e+01
   4.2253880e+06   1.1352539e+01
   4.2261100e+06   1.1169434e+01
   4.3317680e+06   1.9348145e+01
   4.3317930e+06   1.3793945e+01
   4.3318140e+06   1.3183594e+01
   4.3318380e+06   1.9104004e+01
   4.3318590e+06   1.3183594e+01
   4.3319360e+06   1.5625000e+01
   4.3320070e+06   1.2023926e+01
   4.3320190e+06   1.1840820e+01
   4.3321470e+06   1.1230469e+01
   4.3328850e+06   1.1352539e+01
   4.3974300e+06   2.0385742e+01
   4.3974900e+06   1.1840820e+01
   4.3975680e+06   1.9897461e+01
   4.3976040e+06   1.2084961e+01
   4.3976340e+06   2.0385742e+01
   4.3976680e+06   1.7028809e+01
   4.3976920e+06   1.5563965e+01
   4.3977100e+06   1.1108398e+01
   4.3979470e+06   1.1962891e+01
   4.3994600e+06   1.2634277e+01
   4.4778660e+06   1.6662598e+01
   4.4779700e+06   1.2573242e+01
   4.4780320e+06   1.9592285e+01
   4.4780610e+06   1.1596680e+01
   4.4780800e+06   1.5380859e+01
   4.4780970e+06   1.1169434e+01
   4.4782120e+06   1.1596680e+01
   4.4782910e+06   1.1901855e+01
   4.4783420e+06   1.2390137e+01
   4.4784120e+06   1.1962891e+01
   4.7864470e+06   1.1474609e+01
   5.0856880e+06   2.3498535e+01
   5.0857120e+06   1.1840820e+01
   5.0857240e+06   1.4221191e+01
   5.0857680e+06   1.4404297e+01
   5.0858100e+06   1.1779785e+01
   5.0858260e+06   1.2695312e+01
   5.0858540e+06   1.1779785e+01
   5.0858760e+06   1.5502930e+01
   5.0859190e+06   1.1840820e+01
   5.0859410e+06   1.1962891e+01
   5.0859570e+06   1.1840820e+01
   5.0859690e+06   1.2634277e+01
   5.0860640e+06   1.4587402e+01
   5.0860780e+06   1.5686035e+01
   5.0860980e+06   1.3427734e+01
   5.0861420e+06   1.1291504e+01
   5.0861700e+06   1.2329102e+01
   5.0865150e+06   1.1108398e+01
   5.0865470e+06   1.1230469e+01
   5.0865980e+06   1.2023926e+01
   5.0866340e+06   1.1474609e+01
   5.0877240e+06   1.1413574e+01
   5.4490910e+06   1.3061523e+01
   5.4491060e+06   1.2573242e+01
   5.4491420e+06   1.6113281e+01
   5.4492100e+06   1.1230469e+01
   5.4492780e+06   1.2145996e+01
   5.4492960e+06   1.3732910e+01
   5.4493140e+06   1.1657715e+01
   5.4493510e+06   1.2817383e+01
   5.4493610e+06   1.1962891e+01
   5.4493920e+06   1.2695312e+01
   5.4494160e+06   1.2207031e+01
   5.4494260e+06   1.1108398e+01
   5.4494440e+06   1.4709473e+01
   5.4494560e+06   1.1962891e+01
   5.4500280e+06   1.2634277e+01
   5.4500920e+06   1.1535645e+01
   5.4501900e+06   1.3549805e+01
   5.4507720e+06   1.3244629e+01
   5.5401520e+06   1.4770508e+01
   5.5401640e+06   1.4953613e+01
   5.5402200e+06   1.1840820e+01
   5.5402420e+06   1.3000488e+01
   5.5402680e+06   1.4770508e+01
   5.5402940e+06   1.3305664e+01
   5.5404740e+06   1.2939453e+01
   5.5405330e+06   1.1352539e+01
   5.5405990e+06   1.2634277e+01
   5.5407280e+06   1.3916016e+01
   5.5413900e+06   1.1108398e+01
   5.5415300e+06   1.2023926e+01
   5.5421740e+06   1.1657715e+01
   5.5429540e+06   1.1474609e+01
   5.5974480e+06   1.7211914e+01
   5.5976480e+06   1.3366699e+01
   5.5976580e+06   1.2145996e+01
   5.5976740e+06   1.6601562e+01
   5.5977700e+06   1.4160156e+01
   5.5978020e+06   1.2939453e+01
   5.5978340e+06   1.1962891e+01
   5.5978720e+06   1.1718750e+01
   5.5980950e+06   1.2573242e+01
   5.5981280e+06   1.1352539e+01
   5.5981580e+06   1.1230469e+01
   5.5982160e+06   1.2023926e+01
   5.6851260e+06   1.7089844e+01
   5.6852200e+06   1.2756348e+01
   5.6852680e+06   1.1169434e+01
   5.6854850e+06   1.4099121e+01
   5.6855190e+06   1.2207031e+01
   5.6855660e+06   1.1779785e+01
   5.6856010e+06   1.2207031e+01
   5.6856280e+06   1.2451172e+01
   5.6856660e+06   1.1840820e+01
   5.6860890e+06   1.2207031e+01
   5.6870560e+06   1.3427734e+01
   5.7202660e+06   1.1169434e+01
