   5.9980000e+06   0.0000000e+00
   4.2649700e+05   1.1291504e+01
   4.2650900e+05   1.1352539e+01
   4.2654800e+05   1.5197754e+01
   4.2663900e+05   1.2084961e+01
   4.2666600e+05   1.4709473e+01
   4.4192800e+05   1.1596680e+01
   6.6674900e+05   1.1352539e+01
   6.6713900e+05   1.3305664e+01
   6.6720600e+05   1.2268066e+01
   6.6723700e+05   1.3671875e+01
   8.8894000e+05   1.3916016e+01
   8.8896800e+05   1.1291504e+01
   8.8904200e+05   1.3183594e+01
   1.0218530e+06   1.1657715e+01
   1.0220270e+06   1.5563965e+01
   1.0220460e+06   1.1291504e+01
   1.0221090e+06   1.3061523e+01
   1.0677380e+06   1.6784668e+01
   1.0679600e+06   1.4526367e+01
   1.0916870e+06   1.5563965e+01
   1.0917820e+06   1.1535645e+01
   1.0919180e+06   1.2207031e+01
   1.1116880e+06   1.1779785e+01
   1.1118350e+06   1.3244629e+01
   1.1119300e+06   1.1413574e+01
   1.1119730e+06   1.3793945e+01
   1.1121130e+06   1.3732910e+01
   1.1121470e+06   1.2023926e+01
   1.1122200e+06   1.2390137e+01
   1.1320480e+06   1.2268066e+01
   1.1320770e+06   1.1352539e+01
   1.1321770e+06   1.2390137e+01
   1.1322860e+06   1.1840820e+01
   1.1336420e+06   1.2390137e+01
   1.1506280e+06   1.1413574e+01
   1.1507760e+06   1.1535645e+01
   1.1508790e+06   1.2268066e+01
   1.1512060e+06   1.3305664e+01
   1.1512290e+06   1.1291504e+01
   1.1689910e+06   1.2023926e+01
   1.1692850e+06   1.1779785e+01
   1.1890570e+06   1.1474609e+01
   1.1892600e+06   1.1291504e+01
   1.1895810e+06   1.1230469e+01
   1.2107180e+06   1.4526367e+01
   1.2324110e+06   1.1474609e+01
   1.2325300e+06   1.2329102e+01
   1.2327010e+06   1.2145996e+01
   1.2564680e+06   1.1230469e+01
   1.2570910e+06   1.1535645e+01
   1.2790550e+06   1.1230469e+01
   1.2791250e+06   1.4404297e+01
   1.2792400e+06   1.2756348e+01
   1.2793580e+06   1.3061523e+01
   1.2798540e+06   1.2329102e+01
   1.2894060e+06   1.1840820e+01
   1.3015110e+06   1.1657715e+01
   1.3015300e+06   1.2023926e+01
   1.3016970e+06   1.3549805e+01
   1.3301130e+06   1.1291504e+01
   1.3474780e+06   1.1840820e+01
   1.3475570e+06   1.1291504e+01
   1.3476370e+06   1.1230469e+01
   1.3477260e+06   1.1230469e+01
   1.3784140e+06   1.4770508e+01
   1.3784960e+06   1.1291504e+01
   1.3790510e+06   1.1596680e+01
   1.6948410e+06   1.1230469e+01
   2.0449880e+06   1.3793945e+01
   2.0450970e+06   1.3732910e+01
   2.0451350e+06   1.5075684e+01
   2.0452220e+06   1.2145996e+01
   2.0452450e+06   1.2390137e+01
   2.0452690e+06   1.2695312e+01
   2.0453740e+06   1.1596680e+01
   2.0630480e+06   1.1413574e+01
   2.0631760e+06   1.2817383e+01
   2.0632770e+06   1.3061523e+01
   2.0633470e+06   1.1230469e+01
   2.0635380e+06   1.2023926e+01
   2.4209080e+06   1.3244629e+01
   2.4210900e+06   1.4221191e+01
   2.4211710e+06   1.2451172e+01
   2.4212200e+06   1.2939453e+01
   2.4212620e+06   1.2268066e+01
   2.6042240e+06   1.2023926e+01
   2.6042760e+06   1.1779785e+01
   2.6043120e+06   1.2268066e+01
   2.6043720e+06   1.1901855e+01
   2.6044330e+06   1.1535645e+01
   2.7836200e+06   1.1474609e+01
   2.7836850e+06   1.1657715e+01
   2.7837820e+06   1.2573242e+01
   2.7838090e+06   1.2268066e+01
   2.7838980e+06   1.1352539e+01
   2.7850750e+06   1.2939453e+01
   2.8366280e+06   1.1413574e+01
   2.8373260e+06   1.3366699e+01
   2.8373860e+06   1.1840820e+01
   2.8374430e+06   1.4038086e+01
   2.8375150e+06   1.1657715e+01
   2.8375560e+06   1.3183594e+01
   2.8377390e+06   1.3854980e+01
   2.8602740e+06   1.3549805e+01
   2.8604220e+06   1.2878418e+01
   2.8604480e+06   1.1901855e+01
   2.8613730e+06   1.1718750e+01
   2.8802550e+06   1.2695312e+01
   2.8804340e+06   1.1291504e+01
   2.8806920e+06   1.2268066e+01
   2.8807250e+06   1.2695312e+01
   2.8807500e+06   1.1352539e+01
   2.9007530e+06   1.5258789e+01
   2.9009450e+06   1.2512207e+01
   2.9012670e+06   1.2390137e+01
   2.9236860e+06   1.1840820e+01
   2.9240090e+06   1.1901855e+01
   2.9240470e+06   1.1718750e+01
   2.9241360e+06   1.1840820e+01
   2.9546410e+06   1.2390137e+01
   2.9548870e+06   1.3305664e+01
   2.9549200e+06   1.1962891e+01
   2.9791780e+06   1.1962891e+01
   2.9796950e+06   1.2634277e+01
   2.9797270e+06   1.1413574e+01
   2.9798890e+06   1.1718750e+01
   3.2126240e+06   1.3732910e+01
   3.2758960e+06   1.5319824e+01
   3.3450850e+06   1.2939453e+01
   3.5404040e+06   1.3366699e+01
   4.2241920e+06   1.2817383e+01
   4.3317420e+06   1.2939453e+01
   4.3317880e+06   1.2939453e+01
   4.6524400e+06   1.2878418e+01
   5.0856300e+06   1.2878418e+01
   5.0863760e+06   1.3000488e+01
   5.4454850e+06   1.2817383e+01
   5.5410860e+06   1.3183594e+01
   5.5978640e+06   1.4343262e+01
   5.6851820e+06   1.3854980e+01
