   5.9980000e+06   0.0000000e+00
   3.3006000e+05   1.2451172e+01
   4.2672400e+05   1.2573242e+01
   4.2680400e+05   1.4526367e+01
   6.6733700e+05   1.2878418e+01
   8.8910000e+05   1.2084961e+01
   1.0220060e+06   1.2084961e+01
   1.0221040e+06   1.3244629e+01
   1.0221670e+06   1.2145996e+01
   1.0676980e+06   1.3732910e+01
   1.0677790e+06   1.2695312e+01
   1.0678340e+06   1.3000488e+01
   1.0680750e+06   1.2756348e+01
   1.0917450e+06   1.3793945e+01
   1.0919720e+06   1.3305664e+01
   1.1118240e+06   1.3488770e+01
   1.1320560e+06   1.5869141e+01
   1.1322920e+06   1.2634277e+01
   1.2110170e+06   1.3610840e+01
   1.2325910e+06   1.2756348e+01
   1.2567730e+06   1.2207031e+01
   1.3475670e+06   1.2207031e+01
   2.0452010e+06   1.3366699e+01
   2.0453810e+06   1.2023926e+01
   2.0454190e+06   1.2084961e+01
   2.0632830e+06   1.3000488e+01
   2.0633160e+06   1.2207031e+01
   2.0634320e+06   1.2756348e+01
   2.0639550e+06   1.3061523e+01
   2.0643800e+06   1.2512207e+01
   2.4211520e+06   1.5747070e+01
   2.4211630e+06   1.4343262e+01
   2.6043860e+06   1.3061523e+01
   2.7837280e+06   1.3610840e+01
   2.8375440e+06   1.4770508e+01
   2.8375950e+06   1.2756348e+01
   2.8604740e+06   1.4038086e+01
   2.8806710e+06   1.3671875e+01
   2.8808310e+06   1.2390137e+01
   2.8809890e+06   1.2878418e+01
   2.9011460e+06   1.2084961e+01
   2.9240250e+06   1.2145996e+01
   2.9544980e+06   1.2390137e+01
   3.2125010e+06   1.2634277e+01
   3.2757680e+06   1.6845703e+01
   3.2758450e+06   1.5075684e+01
   3.2759180e+06   1.3061523e+01
   3.4076020e+06   1.3793945e+01
   3.4076750e+06   1.4892578e+01
   4.1234420e+06   1.2695312e+01
   4.2243860e+06   1.3305664e+01
   4.2244220e+06   1.4160156e+01
   4.3307960e+06   1.3183594e+01
   4.3318390e+06   1.4282227e+01
   4.3318620e+06   1.2939453e+01
   4.3319780e+06   1.2939453e+01
   4.3330980e+06   1.2695312e+01
   4.3976220e+06   1.8066406e+01
   4.3976660e+06   1.3732910e+01
   4.3977320e+06   1.3305664e+01
   4.4781410e+06   1.4221191e+01
   5.0856850e+06   1.4465332e+01
   5.0857180e+06   1.2634277e+01
   5.0857420e+06   1.3610840e+01
   5.5402420e+06   1.5686035e+01
   5.5972880e+06   1.3244629e+01
   5.5978790e+06   1.5136719e+01
   5.6852650e+06   1.2634277e+01
   5.6853430e+06   1.4221191e+01
