   5.9980000e+06   0.0000000e+00
   4.2672200e+05   1.1108398e+01
   4.2678700e+05   1.1840820e+01
   4.3116700e+05   1.1291504e+01
   8.8916000e+05   1.1047363e+01
   8.8921800e+05   1.1779785e+01
   8.8930000e+05   1.1779785e+01
   1.0053520e+06   1.1352539e+01
   1.0677930e+06   1.1840820e+01
   1.0914670e+06   1.1169434e+01
   1.1113710e+06   1.1596680e+01
   1.1321360e+06   1.2451172e+01
   1.1689000e+06   1.1047363e+01
   1.2559260e+06   1.1413574e+01
   1.2568800e+06   1.1230469e+01
   1.8760290e+06   1.1352539e+01
   2.0451280e+06   1.1230469e+01
   2.0451950e+06   1.1047363e+01
   2.4205740e+06   1.1596680e+01
   2.4211020e+06   1.2878418e+01
   2.6042240e+06   1.1108398e+01
   2.6043230e+06   1.3916016e+01
   2.6043610e+06   1.1535645e+01
   2.6044020e+06   1.1169434e+01
   2.6891570e+06   1.1047363e+01
   2.7840370e+06   1.1291504e+01
   2.8377320e+06   1.1962891e+01
   2.9543600e+06   1.1596680e+01
   2.9797300e+06   1.3305664e+01
   3.2125330e+06   1.1352539e+01
   3.2125760e+06   1.5197754e+01
   3.2128240e+06   1.1596680e+01
   3.2759310e+06   1.2268066e+01
   3.3445860e+06   1.1413574e+01
   3.3452340e+06   1.1291504e+01
   3.4075910e+06   1.2573242e+01
   4.2244160e+06   1.1291504e+01
   4.2244560e+06   1.1230469e+01
   4.2486960e+06   1.2207031e+01
   4.3318110e+06   1.1352539e+01
   4.3331100e+06   1.2512207e+01
   4.4781420e+06   1.1291504e+01
   5.0857120e+06   1.3305664e+01
   5.0858040e+06   1.1779785e+01
   5.0859810e+06   1.1535645e+01
   5.2908080e+06   1.1962891e+01
   5.4490930e+06   1.2268066e+01
   5.4491610e+06   1.2573242e+01
   5.5403390e+06   1.1901855e+01
   5.5403620e+06   1.1718750e+01
   5.5403980e+06   1.1474609e+01
   5.5436190e+06   1.1291504e+01
   5.5672240e+06   1.1901855e+01
   5.5979480e+06   1.1230469e+01
   5.6854590e+06   1.2512207e+01
   5.6856420e+06   1.1657715e+01
