   5.9980000e+06   0.0000000e+00
   4.2662700e+05   1.2756348e+01
   4.2677200e+05   1.2329102e+01
   6.6728500e+05   1.2390137e+01
   1.0676840e+06   1.3854980e+01
   1.3631610e+06   1.3366699e+01
   2.0451330e+06   1.2268066e+01
   2.0635440e+06   1.2329102e+01
   2.2011290e+06   1.2268066e+01
   2.4211760e+06   1.5441895e+01
   2.6040520e+06   1.2390137e+01
   2.7837040e+06   1.2329102e+01
   2.7849110e+06   1.2634277e+01
   2.8603990e+06   1.3061523e+01
   3.0653140e+06   1.1291504e+01
   3.0826340e+06   1.1901855e+01
   3.1170100e+06   1.1535645e+01
   3.2124660e+06   1.1779785e+01
   3.2125040e+06   1.4526367e+01
   3.2125200e+06   1.5991211e+01
   3.2125410e+06   1.2023926e+01
   3.2126480e+06   1.1291504e+01
   3.2126600e+06   1.3854980e+01
   3.2126880e+06   1.1718750e+01
   3.2127180e+06   1.2451172e+01
   3.2127400e+06   1.2268066e+01
   3.2127580e+06   1.2573242e+01
   3.2128570e+06   1.1352539e+01
   3.2128990e+06   1.1230469e+01
   3.2133560e+06   1.1291504e+01
   3.2133950e+06   1.1779785e+01
   3.2134410e+06   1.1474609e+01
   3.2135200e+06   1.1840820e+01
   3.2273720e+06   1.1535645e+01
   3.2375960e+06   1.2023926e+01
   3.2387960e+06   1.1291504e+01
   3.2469360e+06   1.1657715e+01
   3.2748660e+06   1.1291504e+01
   3.2752260e+06   1.1718750e+01
   3.2758720e+06   1.2939453e+01
   3.2759040e+06   1.2023926e+01
   3.2759500e+06   1.2268066e+01
   3.2759780e+06   1.6113281e+01
   3.2761280e+06   1.3916016e+01
   3.2762020e+06   1.1535645e+01
   3.2762200e+06   1.3793945e+01
   3.2762480e+06   1.1901855e+01
   3.2762910e+06   1.2084961e+01
   3.2763120e+06   1.2023926e+01
   3.2763790e+06   1.2084961e+01
   3.2764180e+06   1.1352539e+01
   3.2772190e+06   1.2451172e+01
   3.3258120e+06   1.1474609e+01
   3.3272820e+06   1.2634277e+01
   3.3280540e+06   1.1413574e+01
   3.3349360e+06   1.2756348e+01
   3.3442900e+06   1.1230469e+01
   3.3451620e+06   1.2084961e+01
   3.3451950e+06   1.1352539e+01
   3.3452320e+06   1.7150879e+01
   3.3452470e+06   1.1657715e+01
   3.3452820e+06   1.4526367e+01
   3.3453340e+06   1.5136719e+01
   3.3453920e+06   1.3183594e+01
   3.3454640e+06   1.2817383e+01
   3.3454860e+06   1.1352539e+01
   3.3455120e+06   1.5319824e+01
   3.3455340e+06   1.1779785e+01
   3.3455480e+06   1.1718750e+01
   3.3456150e+06   1.2817383e+01
   3.3799320e+06   1.1413574e+01
   3.4075380e+06   1.9531250e+01
   3.4075500e+06   1.2695312e+01
   3.4075830e+06   1.1596680e+01
   3.4076170e+06   1.2145996e+01
   3.4076840e+06   1.4648438e+01
   3.4077200e+06   1.5502930e+01
   3.4077540e+06   1.1840820e+01
   3.4077780e+06   1.6845703e+01
   3.4078040e+06   1.2084961e+01
   3.4078480e+06   1.2512207e+01
   3.4078760e+06   1.2390137e+01
   3.4079780e+06   1.2145996e+01
   3.4080690e+06   1.2634277e+01
   3.4084200e+06   1.1901855e+01
   3.4086740e+06   1.2329102e+01
   3.8959480e+06   1.2145996e+01
   4.1008320e+06   1.1230469e+01
   4.2242140e+06   1.2023926e+01
   4.2243220e+06   1.5502930e+01
   4.2243520e+06   1.4160156e+01
   4.2243740e+06   1.3916016e+01
   4.2244060e+06   1.4038086e+01
   4.2244780e+06   1.2878418e+01
   4.2245040e+06   1.4892578e+01
   4.2245160e+06   1.2390137e+01
   4.2245340e+06   1.4038086e+01
   4.2245440e+06   1.7944336e+01
   4.2245720e+06   1.1657715e+01
   4.2245880e+06   1.4770508e+01
   4.2246000e+06   1.1779785e+01
   4.2246260e+06   1.1962891e+01
   4.2246490e+06   1.3305664e+01
   4.2249460e+06   1.1352539e+01
   4.2253450e+06   1.1840820e+01
   4.2468700e+06   1.1413574e+01
   4.2476380e+06   1.1230469e+01
   4.2883340e+06   1.1352539e+01
   4.3315360e+06   1.2084961e+01
   4.3317730e+06   1.2939453e+01
   4.3318540e+06   1.5869141e+01
   4.3318940e+06   1.2207031e+01
   4.3319440e+06   1.2023926e+01
   4.3319960e+06   1.1657715e+01
   4.3320580e+06   1.2084961e+01
   4.3320780e+06   1.1840820e+01
   4.3320960e+06   1.2512207e+01
   4.3321060e+06   1.3122559e+01
   4.3321340e+06   1.1535645e+01
   4.3321640e+06   1.6479492e+01
   4.3326320e+06   1.1535645e+01
   4.3328560e+06   1.1901855e+01
   4.3937520e+06   1.1840820e+01
   4.3975080e+06   1.2084961e+01
   4.3975440e+06   1.1901855e+01
   4.3976050e+06   1.2756348e+01
   4.3976460e+06   1.5258789e+01
   4.3976740e+06   1.1230469e+01
   4.3977720e+06   1.1596680e+01
   4.3978120e+06   1.4404297e+01
   4.3978360e+06   1.1230469e+01
   4.3978800e+06   1.2084961e+01
   4.3979000e+06   1.1840820e+01
   4.3979380e+06   1.2207031e+01
   4.3979480e+06   1.7700195e+01
   4.3979860e+06   1.1840820e+01
   4.3980780e+06   1.2145996e+01
   4.3989320e+06   1.1474609e+01
   4.3993120e+06   1.1413574e+01
   4.4527300e+06   1.1230469e+01
   4.4564820e+06   1.1474609e+01
   4.4654200e+06   1.2390137e+01
   4.4779220e+06   1.3854980e+01
   4.4780270e+06   1.1596680e+01
   4.4780680e+06   1.3610840e+01
   4.4780860e+06   1.1230469e+01
   4.4782020e+06   1.3549805e+01
   4.4782470e+06   1.2939453e+01
   4.4782680e+06   1.5686035e+01
   4.4783060e+06   1.3122559e+01
   4.4783460e+06   1.3549805e+01
   4.4783700e+06   1.4038086e+01
   4.4783840e+06   1.3122559e+01
   4.4784200e+06   1.3244629e+01
   4.4784520e+06   1.2084961e+01
   4.4784740e+06   1.3427734e+01
   4.4785260e+06   1.1657715e+01
   4.4789400e+06   1.1962891e+01
   4.4790020e+06   1.2023926e+01
   4.7675320e+06   1.1474609e+01
   5.0622740e+06   1.1413574e+01
   5.0856830e+06   1.1962891e+01
   5.0856960e+06   1.3549805e+01
   5.0857560e+06   1.2939453e+01
   5.0857830e+06   1.3793945e+01
   5.0857950e+06   1.2573242e+01
   5.0858320e+06   1.3366699e+01
   5.0858640e+06   1.1230469e+01
   5.0859060e+06   1.1840820e+01
   5.0859200e+06   1.1230469e+01
   5.1230020e+06   1.1535645e+01
   5.1281860e+06   1.1291504e+01
   5.1376500e+06   1.1352539e+01
   5.2115590e+06   1.1657715e+01
   5.2124120e+06   1.1291504e+01
   5.4179360e+06   1.2756348e+01
   5.4490840e+06   2.4291992e+01
   5.4491080e+06   1.2451172e+01
   5.4491520e+06   1.3000488e+01
   5.4491700e+06   1.2390137e+01
   5.4492640e+06   1.3427734e+01
   5.4492820e+06   1.2084961e+01
   5.4492960e+06   1.1291504e+01
   5.4493400e+06   1.2329102e+01
   5.4493740e+06   1.1230469e+01
   5.4873620e+06   1.2451172e+01
   5.5354760e+06   1.1230469e+01
   5.5402480e+06   1.4160156e+01
   5.5402690e+06   1.2207031e+01
   5.5403180e+06   1.3427734e+01
   5.5403480e+06   1.1962891e+01
   5.5404380e+06   1.1779785e+01
   5.5405420e+06   1.3916016e+01
   5.5405850e+06   1.2023926e+01
   5.5406340e+06   1.2756348e+01
   5.5977340e+06   1.2390137e+01
   5.5978310e+06   1.2756348e+01
   5.5978620e+06   1.3977051e+01
   5.5979920e+06   1.3366699e+01
   5.5980220e+06   1.2817383e+01
   5.5981100e+06   1.4526367e+01
   5.5981940e+06   1.2878418e+01
   5.5982040e+06   1.2817383e+01
   5.5982180e+06   1.1718750e+01
   5.6370820e+06   1.1535645e+01
   5.6645770e+06   1.1413574e+01
   5.6852160e+06   1.8127441e+01
   5.6852330e+06   1.1962891e+01
   5.6852700e+06   1.2939453e+01
   5.6853320e+06   1.1779785e+01
   5.6853610e+06   1.2207031e+01
   5.6854380e+06   1.2023926e+01
   5.6854800e+06   1.5014648e+01
   5.6854920e+06   1.1596680e+01
   5.6855080e+06   1.2939453e+01
   5.6855460e+06   1.3854980e+01
   5.6855600e+06   1.3183594e+01
   5.6861800e+06   1.2878418e+01
   5.7290120e+06   1.1718750e+01
   5.7704700e+06   1.1352539e+01
   5.9704940e+06   1.2329102e+01
