   5.9980000e+06   0.0000000e+00
   4.2660100e+05   1.2756348e+01
   6.6724200e+05   1.3000488e+01
   8.8892800e+05   1.8005371e+01
   8.8901700e+05   1.2329102e+01
   8.8908900e+05   1.2023926e+01
   8.8912800e+05   1.2023926e+01
   1.0220110e+06   1.3488770e+01
   1.0220560e+06   1.2145996e+01
   1.0221390e+06   1.3183594e+01
   1.0675340e+06   1.3793945e+01
   1.0677800e+06   1.2268066e+01
   1.0917050e+06   1.2817383e+01
   1.1118430e+06   1.2573242e+01
   1.1319560e+06   1.2390137e+01
   1.1690040e+06   1.2390137e+01
   1.1692460e+06   1.2145996e+01
   1.2325280e+06   1.2023926e+01
   1.3014500e+06   1.2512207e+01
   1.3474400e+06   1.2512207e+01
   2.0450930e+06   1.4892578e+01
   2.0451310e+06   1.2145996e+01
   2.0452530e+06   1.2329102e+01
   2.0469960e+06   1.1901855e+01
   2.0630450e+06   1.1901855e+01
   2.0633520e+06   1.3732910e+01
   2.4208880e+06   1.1901855e+01
   2.4210520e+06   1.2451172e+01
   2.4210700e+06   1.2390137e+01
   2.4211100e+06   1.3366699e+01
   2.4211540e+06   1.3305664e+01
   2.4212250e+06   1.3549805e+01
   2.6042280e+06   1.5808105e+01
   2.6043330e+06   1.2268066e+01
   2.7836210e+06   1.2695313e+01
   2.7837690e+06   1.3549805e+01
   2.8371920e+06   1.2573242e+01
   2.8375910e+06   1.2023926e+01
   2.8603480e+06   1.3183594e+01
   2.8604940e+06   1.2939453e+01
   2.8607580e+06   1.2207031e+01
   2.9797130e+06   1.2023926e+01
   3.2759200e+06   1.2756348e+01
   3.3452790e+06   1.3244629e+01
   3.4075200e+06   1.3183594e+01
   3.4076500e+06   1.2695312e+01
   4.1652050e+06   1.2084961e+01
   4.2242960e+06   1.5930176e+01
   4.3317490e+06   1.5747070e+01
   4.4780630e+06   1.4221191e+01
   4.4780790e+06   1.2390137e+01
   5.0855630e+06   1.5197754e+01
   5.0855940e+06   1.3305664e+01
   5.0856460e+06   1.6418457e+01
   5.0857100e+06   1.2878418e+01
   5.4488200e+06   1.4038086e+01
   5.4489940e+06   1.5380859e+01
   5.4490230e+06   1.2512207e+01
   5.4490810e+06   1.2634277e+01
   5.5400610e+06   1.3000488e+01
   5.5973590e+06   1.2329102e+01
   5.6850970e+06   1.3122559e+01
