   5.9980000e+06   0.0000000e+00
   6.2700000e+02   1.1596680e+01
   1.2567000e+04   1.2756348e+01
   1.5275000e+04   1.2756348e+01
   2.2319000e+04   1.2756348e+01
   2.7624000e+04   1.2451172e+01
   2.8300000e+04   1.1413574e+01
   3.5515000e+04   1.1230469e+01
   4.4274000e+04   1.2390137e+01
   4.7941000e+04   1.1352539e+01
   5.5192000e+04   1.1535645e+01
   5.6177000e+04   1.1230469e+01
   6.6772000e+04   1.1169434e+01
   7.6282000e+04   1.4648438e+01
   8.4227000e+04   1.1901855e+01
   9.0844000e+04   1.2573242e+01
   1.1218000e+05   1.1901855e+01
   1.1477100e+05   1.1718750e+01
   1.2254700e+05   1.1413574e+01
   1.3810300e+05   1.1413574e+01
   1.4537800e+05   1.2329102e+01
   1.5406400e+05   1.2390137e+01
   1.5508700e+05   1.1474609e+01
   1.6701800e+05   1.2023926e+01
   1.8085500e+05   1.2268066e+01
   1.8193700e+05   1.2329102e+01
   1.8912400e+05   1.1352539e+01
   1.9021200e+05   1.1657715e+01
   2.0573100e+05   1.4099121e+01
   2.0674500e+05   1.1169434e+01
   2.1472600e+05   1.1962891e+01
   2.1818200e+05   1.1657715e+01
   2.2409600e+05   1.1474609e+01
   2.3138600e+05   1.1169434e+01
   2.3350400e+05   1.2573242e+01
   2.4050600e+05   1.1413574e+01
   2.5936000e+05   1.2084961e+01
   2.7379700e+05   1.1230469e+01
   2.8640800e+05   1.2084961e+01
   2.9210100e+05   1.1352539e+01
   2.9689900e+05   1.1535645e+01
   3.0394500e+05   1.3732910e+01
   3.3029700e+05   1.2207031e+01
   3.4724700e+05   1.1291504e+01
   3.4825600e+05   1.1657715e+01
   3.6153400e+05   1.1657715e+01
   3.7917400e+05   1.2390137e+01
   3.9453200e+05   1.3244629e+01
   3.9921700e+05   1.1657715e+01
   4.0012900e+05   1.3549805e+01
   4.1447400e+05   1.2145996e+01
   4.2465500e+05   1.1657715e+01
   4.2671300e+05   1.2145996e+01
   4.2677400e+05   1.2573242e+01
   4.2684100e+05   1.1901855e+01
   4.2820100e+05   1.1230469e+01
   4.5348800e+05   1.1901855e+01
   4.6969100e+05   1.2207031e+01
   4.7830600e+05   1.3610840e+01
   5.1048500e+05   1.1230469e+01
   5.2097700e+05   1.2512207e+01
   5.3669100e+05   1.2329102e+01
   5.3756300e+05   1.1230469e+01
   5.5108100e+05   1.1474609e+01
   5.5198800e+05   1.4648437e+01
   5.7188400e+05   1.2145996e+01
   5.7679700e+05   1.2756348e+01
   5.9112800e+05   1.1230469e+01
   5.9936200e+05   1.2573242e+01
   6.0753300e+05   1.1779785e+01
   6.1813500e+05   1.1291504e+01
   6.2271100e+05   1.1352539e+01
   6.4203800e+05   1.1230469e+01
   6.5085500e+05   1.1840820e+01
   6.5992400e+05   1.1413574e+01
   6.6085400e+05   1.2512207e+01
   6.6662300e+05   1.1230469e+01
   6.6714600e+05   1.3183594e+01
   6.6720000e+05   1.1169434e+01
   6.6729900e+05   1.2512207e+01
   6.7859700e+05   1.1291504e+01
   6.9223200e+05   1.1291504e+01
   7.0040600e+05   1.1291504e+01
   7.1666500e+05   1.1596680e+01
   7.3208600e+05   1.2390137e+01
   7.3786600e+05   1.1474609e+01
   7.4893200e+05   1.2939453e+01
   7.5890200e+05   1.1474609e+01
   7.7994800e+05   1.1169434e+01
   7.8725300e+05   1.2268066e+01
   7.9498100e+05   1.2817383e+01
   8.0272700e+05   1.1352539e+01
   8.1617400e+05   1.1413574e+01
   8.2855600e+05   1.1901855e+01
   8.2874400e+05   1.1169434e+01
   8.2947300e+05   1.1779785e+01
   8.4506300e+05   1.3671875e+01
   8.4601800e+05   1.1169434e+01
   8.5619000e+05   1.1535645e+01
   8.5795700e+05   1.1535645e+01
   8.6577300e+05   1.1962891e+01
   8.7926000e+05   1.1413574e+01
   8.8020800e+05   1.1535645e+01
   8.8870200e+05   1.3244629e+01
   8.8897400e+05   1.1718750e+01
   8.8904800e+05   1.4587402e+01
   8.8909400e+05   1.1535645e+01
   8.9893900e+05   1.1230469e+01
   9.1274800e+05   1.1230469e+01
   9.2488400e+05   1.1291504e+01
   9.3800000e+05   1.3916016e+01
   9.5393200e+05   1.2939453e+01
   9.6443700e+05   1.1657715e+01
   9.8823000e+05   1.2268066e+01
   9.9364200e+05   1.1169434e+01
   9.9447800e+05   1.1352539e+01
   1.0100120e+06   1.1230469e+01
   1.0109220e+06   1.1291504e+01
   1.0120950e+06   1.2268066e+01
   1.0210330e+06   1.3732910e+01
   1.0218270e+06   1.1718750e+01
   1.0220410e+06   1.1901855e+01
   1.0221010e+06   1.2084961e+01
   1.0221240e+06   1.1718750e+01
   1.0236930e+06   1.1230469e+01
   1.0451750e+06   1.1169434e+01
   1.0658450e+06   1.1169434e+01
   1.0667960e+06   1.1291504e+01
   1.0673710e+06   1.1779785e+01
   1.0676190e+06   1.1169434e+01
   1.0677170e+06   1.2268066e+01
   1.0678890e+06   1.1962891e+01
   1.0741830e+06   1.1718750e+01
   1.0920630e+06   1.1718750e+01
   1.0921940e+06   1.1779785e+01
   1.0924510e+06   1.1169434e+01
   1.1106220e+06   1.1474609e+01
   1.1116190e+06   1.2512207e+01
   1.1117560e+06   1.2329102e+01
   1.1117940e+06   1.2268066e+01
   1.1312720e+06   1.2390137e+01
   1.1315770e+06   1.2756348e+01
   1.1318210e+06   1.3854980e+01
   1.1500370e+06   1.2634277e+01
   1.1503330e+06   1.1535645e+01
   1.1508420e+06   1.2695312e+01
   1.1509780e+06   1.4343262e+01
   1.1685960e+06   1.1840820e+01
   1.1688480e+06   1.2145996e+01
   1.1691900e+06   1.2084961e+01
   1.1693750e+06   1.2023926e+01
   1.1697850e+06   1.1352539e+01
   1.1891010e+06   1.1474609e+01
   1.1897000e+06   1.1413574e+01
   1.2103120e+06   1.1535645e+01
   1.2105390e+06   1.1352539e+01
   1.2107920e+06   1.2023926e+01
   1.2108930e+06   1.1352539e+01
   1.2319700e+06   1.3671875e+01
   1.2322220e+06   1.1962891e+01
   1.2323310e+06   1.2695312e+01
   1.2326080e+06   1.1535645e+01
   1.2328820e+06   1.2817383e+01
   1.2772520e+06   1.2756348e+01
   1.2791020e+06   1.4770508e+01
   1.2793320e+06   1.2207031e+01
   1.3377970e+06   1.1291504e+01
   1.3465160e+06   1.1291504e+01
   1.3471220e+06   1.1535645e+01
   1.3683660e+06   1.2145996e+01
   1.3778100e+06   1.1596680e+01
   1.3786720e+06   1.1657715e+01
   1.3973500e+06   1.1962891e+01
   1.3977620e+06   1.2207031e+01
   1.3982310e+06   1.1291504e+01
   1.3987980e+06   1.1169434e+01
   1.4080860e+06   1.1779785e+01
   1.4186310e+06   1.1230469e+01
   1.4367060e+06   1.1840820e+01
   1.4518720e+06   1.2084961e+01
   1.5087210e+06   1.2023926e+01
   1.5218240e+06   1.2084961e+01
   1.5383950e+06   1.1779785e+01
   1.5949420e+06   1.3183594e+01
   1.6017160e+06   1.1474609e+01
   1.6146680e+06   1.3061523e+01
   1.6255300e+06   1.3549805e+01
   1.6322240e+06   1.3793945e+01
   1.6374230e+06   1.1291504e+01
   1.6482580e+06   1.2451172e+01
   1.6627420e+06   1.1718750e+01
   1.6636510e+06   1.2512207e+01
   1.6681930e+06   1.1779785e+01
   1.6773990e+06   1.2329102e+01
   1.6850960e+06   1.2023926e+01
   1.7000650e+06   1.1962891e+01
   1.7116280e+06   1.1596680e+01
   1.7126580e+06   1.2145996e+01
   1.7429190e+06   1.1413574e+01
   1.7514270e+06   1.2817383e+01
   1.7578240e+06   1.4526367e+01
   1.7823420e+06   1.3183594e+01
   1.7897870e+06   1.1901855e+01
   1.8033770e+06   1.4465332e+01
   1.8247690e+06   1.2084961e+01
   1.8308460e+06   1.3427734e+01
   1.8393630e+06   1.1962891e+01
   1.8497830e+06   1.2023926e+01
   1.8734950e+06   1.1291504e+01
   1.8916440e+06   1.1474609e+01
   1.9048960e+06   1.1840820e+01
   1.9376740e+06   1.3061523e+01
   1.9540490e+06   1.1230469e+01
   1.9628530e+06   1.1901855e+01
   1.9784200e+06   1.1840820e+01
   1.9867120e+06   1.1657715e+01
   1.9966830e+06   1.1230469e+01
   2.0238280e+06   1.2573242e+01
   2.0384540e+06   1.3183594e+01
   2.0430420e+06   1.1901855e+01
   2.0451360e+06   1.1169434e+01
   2.0612690e+06   1.1474609e+01
   2.0619780e+06   1.2145996e+01
   2.0624750e+06   1.2145996e+01
   2.0632390e+06   1.4831543e+01
   2.0635080e+06   1.3610840e+01
   2.0636920e+06   1.2145996e+01
   2.0639010e+06   1.2023926e+01
   2.0645480e+06   1.1169434e+01
   2.0932990e+06   1.2634277e+01
   2.1207040e+06   1.1535645e+01
   2.1290980e+06   1.1779785e+01
   2.1526910e+06   1.2084961e+01
   2.1534340e+06   1.1352539e+01
   2.1799720e+06   1.1779785e+01
   2.1803810e+06   1.1230469e+01
   2.1809590e+06   1.1230469e+01
   2.1847520e+06   1.1169434e+01
   2.1951610e+06   1.1230469e+01
   2.1960680e+06   1.2756348e+01
   2.1977290e+06   1.1352539e+01
   2.2119740e+06   1.1779785e+01
   2.2130310e+06   1.3244629e+01
   2.2225260e+06   1.2268066e+01
   2.2329350e+06   1.1840820e+01
   2.2461760e+06   1.1657715e+01
   2.2472780e+06   1.1657715e+01
   2.2546890e+06   1.1352539e+01
   2.2556120e+06   1.1352539e+01
   2.2678730e+06   1.1901855e+01
   2.2795370e+06   1.1657715e+01
   2.2992840e+06   1.1718750e+01
   2.3228860e+06   1.1657715e+01
   2.3334180e+06   1.2145996e+01
   2.3342330e+06   1.1535645e+01
   2.3461500e+06   1.1596680e+01
   2.3684330e+06   1.1718750e+01
   2.3691950e+06   1.1840820e+01
   2.3864970e+06   1.1413574e+01
   2.3873470e+06   1.3305664e+01
   2.4006070e+06   1.3427734e+01
   2.4054570e+06   1.1840820e+01
   2.4063020e+06   1.3671875e+01
   2.4176930e+06   1.2268066e+01
   2.4184060e+06   1.1230469e+01
   2.4192010e+06   1.1718750e+01
   2.4197940e+06   1.2084961e+01
   2.4207600e+06   1.1840820e+01
   2.4209550e+06   1.2634277e+01
   2.4210880e+06   1.2145996e+01
   2.4211140e+06   1.2512207e+01
   2.4212950e+06   1.1535645e+01
   2.4226640e+06   1.1474609e+01
   2.4456520e+06   1.2145996e+01
   2.4516090e+06   1.1230469e+01
   2.4524790e+06   1.1962891e+01
   2.4744730e+06   1.1230469e+01
   2.4752840e+06   1.3122559e+01
   2.4757750e+06   1.2573242e+01
   2.4932890e+06   1.1169434e+01
   2.4943200e+06   1.1962891e+01
   2.4951140e+06   1.1230469e+01
   2.5073860e+06   1.1535645e+01
   2.5083700e+06   1.1291504e+01
   2.5249740e+06   1.1169434e+01
   2.5256680e+06   1.3183594e+01
   2.5451180e+06   1.1291504e+01
   2.5493280e+06   1.1230469e+01
   2.5502940e+06   1.1901855e+01
   2.5685390e+06   1.1779785e+01
   2.5693730e+06   1.2390137e+01
   2.5701720e+06   1.2329102e+01
   2.5812950e+06   1.2084961e+01
   2.5830250e+06   1.1657715e+01
   2.5906990e+06   1.1291504e+01
   2.5992560e+06   1.1169434e+01
   2.6023540e+06   1.1779785e+01
   2.6034970e+06   1.2207031e+01
   2.6042600e+06   1.4465332e+01
   2.6043550e+06   1.1291504e+01
   2.6253900e+06   1.1474609e+01
   2.6286760e+06   1.2451172e+01
   2.6488040e+06   1.1474609e+01
   2.6508270e+06   1.1413574e+01
   2.6519180e+06   1.2390137e+01
   2.6717920e+06   1.3244629e+01
   2.6837270e+06   1.1901855e+01
   2.6845400e+06   1.2512207e+01
   2.7046310e+06   1.1230469e+01
   2.7209180e+06   1.1352539e+01
   2.7313270e+06   1.1474609e+01
   2.7354110e+06   1.1352539e+01
   2.7588580e+06   1.1779785e+01
   2.7642720e+06   1.1169434e+01
   2.7679620e+06   1.3183594e+01
   2.7817040e+06   1.2207031e+01
   2.7830390e+06   1.2390137e+01
   2.7835140e+06   1.1474609e+01
   2.7836800e+06   1.1413574e+01
   2.8074760e+06   1.2634277e+01
   2.8084440e+06   1.2023926e+01
   2.8187240e+06   1.3916016e+01
   2.8337100e+06   1.1962891e+01
   2.8365330e+06   1.1840820e+01
   2.8368260e+06   1.1962891e+01
   2.8374600e+06   1.2756348e+01
   2.8374700e+06   1.1169434e+01
   2.8377670e+06   1.2268066e+01
   2.8467180e+06   1.1169434e+01
   2.8594110e+06   1.1718750e+01
   2.8602460e+06   1.2756348e+01
   2.8604450e+06   1.2084961e+01
   2.8605900e+06   1.1413574e+01
   2.8606410e+06   1.1169434e+01
   2.8797240e+06   1.1230469e+01
   2.8800380e+06   1.1474609e+01
   2.8802750e+06   1.2329102e+01
   2.8804820e+06   1.3305664e+01
   2.8806240e+06   1.1962891e+01
   2.8808220e+06   1.1230469e+01
   2.8811240e+06   1.1596680e+01
   2.9007050e+06   1.2817383e+01
   2.9009190e+06   1.2084961e+01
   2.9010440e+06   1.2634277e+01
   2.9236220e+06   1.2939453e+01
   2.9238410e+06   1.3061523e+01
   2.9239570e+06   1.1779785e+01
   2.9240350e+06   1.1352539e+01
   2.9545070e+06   1.2023926e+01
   2.9549070e+06   1.2512207e+01
   2.9786760e+06   1.1535645e+01
   2.9795080e+06   1.3183594e+01
   2.9796860e+06   1.1413574e+01
   2.9944490e+06   1.1474609e+01
   3.2125730e+06   1.3000488e+01
   3.2127150e+06   1.2145996e+01
   3.2784780e+06   1.3061523e+01
   3.4089150e+06   1.5625000e+01
   3.4663140e+06   1.2023926e+01
   4.3976610e+06   1.2145996e+01
   4.4781080e+06   1.3000488e+01
   4.5907880e+06   1.2145996e+01
   5.1622440e+06   1.2512207e+01
   5.4502070e+06   1.3427734e+01
   5.4505270e+06   1.3488770e+01
   5.5040080e+06   1.2451172e+01
   5.5405400e+06   1.3549805e+01
   5.5979350e+06   1.3122559e+01
   5.7054720e+06   1.2268066e+01
