   5.9980000e+06   0.0000000e+00
   4.2660700e+05   1.1962891e+01
   4.2669500e+05   1.1657715e+01
   6.6714800e+05   1.1718750e+01
   6.6723900e+05   1.1230469e+01
   8.8886800e+05   1.1291504e+01
   8.8900400e+05   1.1413574e+01
   8.9108000e+05   1.1169434e+01
   1.0220490e+06   1.1169434e+01
   1.0916300e+06   1.1962891e+01
   1.0917940e+06   1.2451172e+01
   1.0918840e+06   1.3488770e+01
   1.1117790e+06   1.2390137e+01
   1.1119270e+06   1.2390137e+01
   1.1320710e+06   1.1352539e+01
   1.1325840e+06   1.1291504e+01
   1.1507970e+06   1.1657715e+01
   1.1690390e+06   1.1596680e+01
   1.1693100e+06   1.1230469e+01
   1.1893460e+06   1.1291504e+01
   1.1894990e+06   1.1901855e+01
   1.2108870e+06   1.1352539e+01
   1.2110260e+06   1.1779785e+01
   1.2325850e+06   1.2207031e+01
   1.2793360e+06   1.1535645e+01
   1.3016530e+06   1.2451172e+01
   1.3476940e+06   1.1779785e+01
   1.3785160e+06   1.2268066e+01
   1.3787990e+06   1.1413574e+01
   1.3789410e+06   1.1474609e+01
   2.0451710e+06   1.2390137e+01
   2.0452760e+06   1.1474609e+01
   2.0633440e+06   1.3244629e+01
   2.3630570e+06   1.1535645e+01
   2.4210710e+06   1.3244629e+01
   2.4211030e+06   1.2512207e+01
   2.4211700e+06   1.3244629e+01
   2.6041570e+06   1.2878418e+01
   2.6042980e+06   1.1962891e+01
   2.7837170e+06   1.1474609e+01
   2.7838170e+06   1.1535645e+01
   2.8373030e+06   1.1291504e+01
   2.8373690e+06   1.2268066e+01
   2.8374530e+06   1.3427734e+01
   2.8603990e+06   1.1840820e+01
   2.9010930e+06   1.1962891e+01
   2.9241460e+06   1.1535645e+01
   2.9241870e+06   1.3488770e+01
   2.9546140e+06   1.4770508e+01
   2.9546720e+06   1.2268066e+01
   2.9548950e+06   1.1230469e+01
   2.9797000e+06   1.2695312e+01
   2.9797200e+06   1.1596680e+01
   3.2123660e+06   1.1535645e+01
   3.2124530e+06   1.4038086e+01
   3.2142590e+06   1.1779785e+01
   3.2780420e+06   1.1230469e+01
   3.3452290e+06   1.1169434e+01
   3.3452620e+06   1.1413574e+01
   3.4075190e+06   1.2023926e+01
   3.4077780e+06   1.2756348e+01
   3.7430150e+06   1.1413574e+01
   4.2243080e+06   1.1779785e+01
   4.3975720e+06   1.2390137e+01
   4.3976200e+06   1.3671875e+01
   5.0452310e+06   1.1169434e+01
   5.0855980e+06   1.1779785e+01
   5.0856160e+06   1.1657715e+01
   5.4489320e+06   1.2145996e+01
   5.4490070e+06   1.2145996e+01
   5.4490280e+06   1.2084961e+01
   5.4490820e+06   1.1840820e+01
   5.4491210e+06   1.2207031e+01
   5.5402450e+06   1.3183594e+01
   5.5403290e+06   1.3854980e+01
   5.5459790e+06   1.1535645e+01
   5.5978810e+06   1.1413574e+01
   5.5997280e+06   1.1169434e+01
   5.6852700e+06   1.1474609e+01
   5.6853750e+06   1.1535645e+01
