   5.9980000e+06   0.0000000e+00
   1.0704280e+06   1.1596680e+01
   1.3476680e+06   1.1840820e+01
   2.0451350e+06   1.2390137e+01
   2.1374830e+06   1.1901855e+01
   2.3368760e+06   1.1718750e+01
   2.6042520e+06   1.2451172e+01
   2.8130070e+06   1.1718750e+01
   3.0014190e+06   1.2084961e+01
   3.0187310e+06   1.2756348e+01
   3.0554550e+06   1.2390137e+01
   3.0668550e+06   1.2329102e+01
   3.0698530e+06   1.2084961e+01
   3.0790370e+06   1.2695312e+01
   3.0812130e+06   1.2145996e+01
   3.0882450e+06   1.2451172e+01
   3.0889570e+06   1.3671875e+01
   3.1019090e+06   1.1962891e+01
   3.1382430e+06   1.3549805e+01
   3.1508250e+06   1.3977051e+01
   3.1515590e+06   1.3000488e+01
   3.2070410e+06   1.4526367e+01
   3.2124210e+06   1.1962891e+01
   3.2124650e+06   1.2084961e+01
   3.2125070e+06   1.2695312e+01
   3.2126690e+06   1.2878418e+01
   3.2127090e+06   1.1901855e+01
   3.2127290e+06   1.2756348e+01
   3.2410390e+06   1.2512207e+01
   3.2630910e+06   1.2390137e+01
   3.2637770e+06   1.2390137e+01
   3.2751070e+06   1.2207031e+01
   3.2755670e+06   1.2817383e+01
   3.2759230e+06   1.4587402e+01
   3.2760310e+06   1.2695312e+01
   3.2762690e+06   1.2084961e+01
   3.2806130e+06   1.2695312e+01
   3.3125070e+06   1.3793945e+01
   3.3215590e+06   1.2573242e+01
   3.3286990e+06   1.2878418e+01
   3.3350530e+06   1.1962891e+01
   3.3361810e+06   1.4282227e+01
   3.3451790e+06   1.3183594e+01
   3.3453770e+06   1.1962891e+01
   3.3921690e+06   1.1840820e+01
   3.3943670e+06   1.1840820e+01
   3.3947590e+06   1.2207031e+01
   3.4075450e+06   1.3610840e+01
   3.4077870e+06   1.3183594e+01
   3.4078010e+06   1.3183594e+01
   3.4213650e+06   1.2451172e+01
   3.4680950e+06   1.1840820e+01
   3.4757790e+06   1.2329102e+01
   3.4795330e+06   1.2573242e+01
   3.5089110e+06   1.4343262e+01
   3.5334950e+06   1.2268066e+01
   3.5341610e+06   1.2390137e+01
   3.5411510e+06   1.3122559e+01
   3.5537310e+06   1.1901855e+01
   3.5571890e+06   1.2268066e+01
   3.5950570e+06   1.3305664e+01
   3.6002570e+06   1.2634277e+01
   3.6011450e+06   1.2268066e+01
   3.6287290e+06   1.2756348e+01
   3.6301770e+06   1.3061523e+01
   3.6536970e+06   1.2695312e+01
   3.6556270e+06   1.3977051e+01
   3.6941410e+06   1.2817383e+01
   3.7191990e+06   1.1901855e+01
   3.7198450e+06   1.2512207e+01
   3.7246410e+06   1.1901855e+01
   3.7643490e+06   1.2023926e+01
   3.7899590e+06   1.2390137e+01
   3.8821500e+06   1.2023926e+01
   3.8957030e+06   1.2084961e+01
   3.8962830e+06   1.2878418e+01
   3.9134870e+06   1.3427734e+01
   3.9206490e+06   1.4526367e+01
   3.9500610e+06   1.3122559e+01
   3.9813070e+06   1.2023926e+01
   3.9820190e+06   1.2756348e+01
   3.9826290e+06   1.2878418e+01
   3.9938310e+06   1.3244629e+01
   4.0485530e+06   1.2084961e+01
   4.0550310e+06   1.4587402e+01
   4.0905710e+06   1.2207031e+01
   4.1114470e+06   1.2451172e+01
   4.1358190e+06   1.2023926e+01
   4.1496450e+06   1.2817383e+01
   4.1512650e+06   1.2451172e+01
   4.1726290e+06   1.2817383e+01
   4.1926650e+06   1.1840820e+01
   4.2021010e+06   1.3000488e+01
   4.2081590e+06   1.2207031e+01
   4.2157110e+06   1.3793945e+01
   4.2243170e+06   1.1840820e+01
   4.2245530e+06   1.2329102e+01
   4.2246410e+06   1.2084961e+01
   4.2748390e+06   1.2756348e+01
   4.3316110e+06   1.2817383e+01
   4.3317730e+06   1.4831543e+01
   4.3321570e+06   1.2084961e+01
   4.3327410e+06   1.3854980e+01
   4.3359400e+06   1.1840820e+01
   4.3550030e+06   1.1962891e+01
   4.3975630e+06   1.1840820e+01
   4.3978030e+06   1.4404297e+01
   4.3978430e+06   1.2512207e+01
   4.3979090e+06   1.2756348e+01
   4.3979730e+06   1.3244629e+01
   4.3986750e+06   1.1840820e+01
   4.4781010e+06   1.2023926e+01
   4.4782050e+06   1.5930176e+01
   4.4784030e+06   1.1962891e+01
   4.4784430e+06   1.2756348e+01
   4.4784690e+06   1.1840820e+01
   4.4784890e+06   1.4404297e+01
   4.5668370e+06   1.3854980e+01
   4.6206390e+06   1.2390137e+01
   4.6337950e+06   1.2084961e+01
   4.6526850e+06   1.1901855e+01
   4.6707730e+06   1.2084961e+01
   4.7017390e+06   1.4160156e+01
   4.8116390e+06   1.2390137e+01
   4.8752410e+06   1.3793945e+01
   4.8870250e+06   1.2207031e+01
   4.9014210e+06   1.2939453e+01
   4.9022150e+06   1.1840820e+01
   4.9216710e+06   1.3610840e+01
   4.9739850e+06   1.2573242e+01
   4.9746290e+06   1.2207031e+01
   4.9834570e+06   1.1901855e+01
   5.0640510e+06   1.1840820e+01
   5.0852150e+06   1.2023926e+01
   5.0858570e+06   1.2268066e+01
   5.1145590e+06   1.1840820e+01
   5.1476730e+06   1.2390137e+01
   5.1796870e+06   1.2268066e+01
   5.2105010e+06   1.2451172e+01
   5.2334970e+06   1.1962891e+01
   5.2517270e+06   1.3427734e+01
   5.3043870e+06   1.3183594e+01
   5.3174930e+06   1.5502930e+01
   5.4490470e+06   1.8371582e+01
   5.4490850e+06   1.2756348e+01
   5.4492830e+06   1.2084961e+01
   5.4493010e+06   1.3183594e+01
   5.4493510e+06   1.2939453e+01
   5.4493650e+06   1.3244629e+01
   5.4515530e+06   1.2207031e+01
   5.5402330e+06   1.5380859e+01
   5.5404190e+06   1.2023926e+01
   5.5404910e+06   1.2084961e+01
   5.5405250e+06   1.3610840e+01
   5.5406220e+06   1.2329102e+01
   5.5411690e+06   1.2512207e+01
   5.5978250e+06   1.2390137e+01
   5.5980770e+06   1.1840820e+01
   5.5981530e+06   1.1840820e+01
   5.6362930e+06   1.2573242e+01
   5.6366170e+06   1.2023926e+01
   5.6613950e+06   1.2939453e+01
   5.6620970e+06   1.2512207e+01
   5.6849750e+06   1.2207031e+01
   5.6851230e+06   1.2695312e+01
   5.6852390e+06   1.3488770e+01
   5.7164350e+06   1.2023926e+01
   5.7429290e+06   1.1840820e+01
   5.7454710e+06   1.1840820e+01
   5.7572450e+06   1.2451172e+01
   5.7804930e+06   1.2329102e+01
   5.7953810e+06   1.3061523e+01
   5.8230070e+06   1.4160156e+01
   5.8380650e+06   1.2023926e+01
   5.8495370e+06   1.2145996e+01
   5.8894150e+06   1.2634277e+01
   5.8949150e+06   1.3000488e+01
   5.9053430e+06   1.1901855e+01
   5.9224110e+06   1.2023926e+01
   5.9233170e+06   1.2207031e+01
   5.9361250e+06   1.2878418e+01
   5.9367970e+06   1.3305664e+01
   5.9375970e+06   1.3183594e+01
   5.9443990e+06   1.2817383e+01
   5.9527030e+06   1.1901855e+01
   5.9658170e+06   1.2451172e+01
   5.9786630e+06   1.2023926e+01
