   5.9980000e+06   0.0000000e+00
   6.0092600e+05   1.1840820e+01
   6.8486900e+05   1.0925293e+01
   9.2919900e+05   1.0986328e+01
   1.1117250e+06   1.0925293e+01
   1.1319430e+06   1.1230469e+01
   1.1908370e+06   1.1108398e+01
   1.3025930e+06   1.1169434e+01
   1.3475220e+06   1.5502930e+01
   2.0451320e+06   1.1230469e+01
   2.0631710e+06   1.0925293e+01
   2.4210990e+06   1.0925293e+01
   2.9796120e+06   1.1108398e+01
   3.0187320e+06   1.2939453e+01
   3.0421020e+06   1.3671875e+01
   3.0882440e+06   1.4770508e+01
   3.0939720e+06   1.4160156e+01
   3.1026440e+06   1.2878418e+01
   3.1120480e+06   1.4038086e+01
   3.1235580e+06   1.2817383e+01
   3.1398420e+06   1.2878418e+01
   3.1708880e+06   1.3000488e+01
   3.2123980e+06   1.2817383e+01
   3.2124260e+06   1.6784668e+01
   3.2124370e+06   1.8005371e+01
   3.2124590e+06   1.4160156e+01
   3.2125140e+06   1.6296387e+01
   3.2126860e+06   1.3000488e+01
   3.2127500e+06   1.2939453e+01
   3.2135140e+06   1.3061523e+01
   3.2411370e+06   1.4282227e+01
   3.2535880e+06   1.2939453e+01
   3.2706340e+06   1.4953613e+01
   3.2758790e+06   1.3000488e+01
   3.2759220e+06   1.3977051e+01
   3.2759510e+06   1.4160156e+01
   3.2760170e+06   1.4831543e+01
   3.2762420e+06   1.4465332e+01
   3.2770900e+06   1.3549805e+01
   3.3106100e+06   1.3305664e+01
   3.3278880e+06   1.2878418e+01
   3.3287000e+06   1.5441895e+01
   3.3350240e+06   1.2817383e+01
   3.3446740e+06   1.3793945e+01
   3.3452000e+06   1.5075684e+01
   3.3718140e+06   1.2939453e+01
   3.4074610e+06   1.7211914e+01
   3.4075490e+06   1.5869141e+01
   3.4075810e+06   1.3305664e+01
   3.4076250e+06   1.3122559e+01
   3.4680960e+06   1.4831543e+01
   3.6002580e+06   1.2939453e+01
   3.6102080e+06   1.2817383e+01
   3.6407680e+06   1.4343262e+01
   3.6413880e+06   1.3122559e+01
   3.6564460e+06   1.4282227e+01
   3.6954640e+06   1.3122559e+01
   3.7062180e+06   1.6784668e+01
   3.7332220e+06   1.3244629e+01
   3.7705000e+06   1.3549805e+01
   3.7889840e+06   1.3549805e+01
   3.8212460e+06   1.3183594e+01
   3.9128360e+06   1.3549805e+01
   3.9513820e+06   1.2817383e+01
   4.1726300e+06   1.3305664e+01
   4.2124920e+06   1.3671875e+01
   4.2241920e+06   1.3122559e+01
   4.2242850e+06   1.3366699e+01
   4.2242960e+06   1.5625000e+01
   4.2243070e+06   1.5625000e+01
   4.2243410e+06   1.5502930e+01
   4.2243710e+06   1.5686035e+01
   4.2253730e+06   1.3671875e+01
   4.2258380e+06   1.3977051e+01
   4.3072040e+06   1.5075684e+01
   4.3313340e+06   1.3366699e+01
   4.3316610e+06   1.3427734e+01
   4.3317130e+06   1.3854980e+01
   4.3317680e+06   1.5319824e+01
   4.3318020e+06   1.3549805e+01
   4.3318330e+06   1.6906738e+01
   4.3318450e+06   1.3122559e+01
   4.3318730e+06   1.4160156e+01
   4.3324620e+06   1.3366699e+01
   4.3496630e+06   1.2817383e+01
   4.3814140e+06   1.3183594e+01
   4.3971260e+06   1.5197754e+01
   4.3975640e+06   1.4648438e+01
   4.3976400e+06   1.3183594e+01
   4.3976780e+06   1.5625000e+01
   4.3977350e+06   1.3061523e+01
   4.3977810e+06   1.3000488e+01
   4.3981090e+06   1.2878418e+01
   4.3985760e+06   1.2817383e+01
   4.4541380e+06   1.3244629e+01
   4.4780710e+06   1.4709473e+01
   4.4782060e+06   1.3183594e+01
   4.4784460e+06   1.3427734e+01
   4.7186340e+06   1.3183594e+01
   4.7194580e+06   1.2939453e+01
   4.7372680e+06   1.3549805e+01
   4.7744500e+06   1.2878418e+01
   4.8108680e+06   1.3061523e+01
   4.8116380e+06   1.3061523e+01
   4.9166760e+06   1.2878418e+01
   4.9429640e+06   1.5625000e+01
   4.9841460e+06   1.3122559e+01
   5.0117200e+06   1.5380859e+01
   5.0147700e+06   1.3244629e+01
   5.0418480e+06   1.3305664e+01
   5.0426060e+06   1.2817383e+01
   5.0855870e+06   1.3610840e+01
   5.0856050e+06   1.3122559e+01
   5.0856550e+06   1.3610840e+01
   5.0874040e+06   1.3305664e+01
   5.1232600e+06   1.5136719e+01
   5.1666920e+06   1.3366699e+01
   5.2241060e+06   1.4770508e+01
   5.2439460e+06   1.3610840e+01
   5.2904860e+06   1.3000488e+01
   5.3394660e+06   1.4282227e+01
   5.3611140e+06   1.3549805e+01
   5.4130010e+06   1.3671875e+01
   5.4490130e+06   1.4038086e+01
   5.4490710e+06   1.2817383e+01
   5.4490840e+06   1.3244629e+01
   5.4499480e+06   1.3000488e+01
   5.4507090e+06   1.6479492e+01
   5.5401680e+06   1.3305664e+01
   5.5402390e+06   1.3793945e+01
   5.5403500e+06   1.3366699e+01
   5.5418000e+06   1.3549805e+01
   5.5918760e+06   1.3610840e+01
   5.5974580e+06   1.3183594e+01
   5.5978310e+06   1.4465332e+01
   5.5979070e+06   1.3061523e+01
   5.5981520e+06   1.3732910e+01
   5.5982230e+06   1.3732910e+01
   5.6001310e+06   1.2817383e+01
   5.6781200e+06   1.4465332e+01
   5.6786040e+06   1.3183594e+01
   5.6847100e+06   1.4709473e+01
   5.6849810e+06   1.3244629e+01
   5.6851240e+06   1.3793945e+01
   5.6852380e+06   1.3549805e+01
   5.7812360e+06   1.5197754e+01
   5.7953820e+06   1.2817383e+01
   5.8452500e+06   1.3610840e+01
   5.8774600e+06   1.4099121e+01
   5.8780740e+06   1.3244629e+01
   5.8942740e+06   1.3183594e+01
   5.9481700e+06   1.3244629e+01
