   5.9990000e+06   0.0000000e+00
   7.6910000e+03   1.6967773e+01
   1.7406000e+04   1.5563965e+01
   2.4965000e+04   1.3854980e+01
   3.1435000e+04   1.5991211e+01
   4.6420000e+04   1.4038086e+01
   8.2053000e+04   1.6235352e+01
   8.3014000e+04   1.4221191e+01
   8.9125000e+04   1.3488770e+01
   9.3203000e+04   1.3916016e+01
   1.0062100e+05   1.5319824e+01
   1.0447200e+05   1.3122559e+01
   1.1056600e+05   1.6113281e+01
   1.1190400e+05   1.3305664e+01
   1.3784700e+05   1.4648438e+01
   1.5528000e+05   1.3549805e+01
   1.6212700e+05   1.3305664e+01
   1.6402200e+05   1.3366699e+01
   1.7006600e+05   1.4892578e+01
   1.8268100e+05   1.7639160e+01
   2.0675100e+05   1.4038086e+01
   2.2124200e+05   2.0996094e+01
   2.3723600e+05   1.3366699e+01
   2.4347700e+05   1.5686035e+01
   2.5646500e+05   1.5014648e+01
   2.6152500e+05   1.3305664e+01
   2.6451600e+05   1.3244629e+01
   2.6729700e+05   1.3977051e+01
   2.7172600e+05   1.4526367e+01
   2.8198000e+05   1.3000488e+01
   2.8436900e+05   1.7150879e+01
   2.8636500e+05   1.4404297e+01
   2.8830100e+05   1.4099121e+01
   2.9329800e+05   1.4526367e+01
   2.9856700e+05   1.3122559e+01
   3.0338200e+05   1.7211914e+01
   3.2701800e+05   1.8981934e+01
   3.3213100e+05   1.3427734e+01
   3.3434600e+05   1.4038086e+01
   3.5757900e+05   1.4343262e+01
   3.7805200e+05   1.3488770e+01
   3.7937100e+05   1.5075684e+01
   3.8777900e+05   1.4282227e+01
   3.9040600e+05   1.3610840e+01
   3.9782800e+05   1.5441895e+01
   4.0415800e+05   1.3610840e+01
   4.2025200e+05   1.3488770e+01
   4.2740300e+05   1.5197754e+01
   4.3950100e+05   1.7333984e+01
   4.4449900e+05   1.7517090e+01
   4.7786500e+05   1.4099121e+01
   5.1266400e+05   1.3916016e+01
   5.1375400e+05   1.7456055e+01
   5.1817200e+05   1.6235352e+01
   5.2035600e+05   1.4038086e+01
   5.2421400e+05   1.3427734e+01
   5.2618300e+05   1.3488770e+01
   5.3302300e+05   1.3427734e+01
   5.3442300e+05   1.5625000e+01
   5.4353400e+05   1.4831543e+01
   5.4580600e+05   1.3488770e+01
   5.4924100e+05   1.4343262e+01
   5.6417100e+05   1.5625000e+01
   5.7835300e+05   1.2939453e+01
   5.8129300e+05   1.5686035e+01
   5.9032800e+05   1.5502930e+01
   5.9142400e+05   1.3549805e+01
   5.9659900e+05   1.5991211e+01
   6.0265400e+05   1.5563965e+01
   6.4081100e+05   1.3549805e+01
   6.4567900e+05   1.3305664e+01
   6.4916200e+05   1.4587402e+01
   6.5348200e+05   1.5808105e+01
   6.7089100e+05   1.3000488e+01
   6.7650000e+05   1.5014648e+01
   7.4261300e+05   1.9348145e+01
   8.1394100e+05   1.4282227e+01
   8.2650100e+05   1.3061523e+01
   8.3090300e+05   1.4831543e+01
   8.4254700e+05   1.4587402e+01
   8.6594900e+05   1.6052246e+01
   8.7696200e+05   1.4282227e+01
   8.8110300e+05   1.6052246e+01
   8.9381500e+05   1.8493652e+01
   9.3990200e+05   1.5014648e+01
   9.4439300e+05   1.6784668e+01
   9.6732000e+05   1.4282227e+01
   9.6736600e+05   2.5817871e+01
   9.6742300e+05   1.3793945e+01
   9.7529600e+05   1.4343262e+01
   9.8142000e+05   1.5563965e+01
   9.9458500e+05   1.6357422e+01
   1.0105070e+06   1.5380859e+01
   1.0208500e+06   1.4160156e+01
   1.0315720e+06   1.2939453e+01
   1.0835750e+06   1.9042969e+01
   1.0836840e+06   1.4099121e+01
   1.0837470e+06   2.2888184e+01
   1.0837600e+06   2.2888184e+01
   1.0837970e+06   1.9226074e+01
   1.0838110e+06   2.2155762e+01
   1.0838260e+06   3.5644531e+01
   1.0838480e+06   1.8371582e+01
   1.0838700e+06   2.2399902e+01
   1.0838840e+06   2.3681641e+01
   1.0839180e+06   1.9592285e+01
   1.0839700e+06   1.6479492e+01
   1.0839810e+06   1.5319824e+01
   1.0840020e+06   1.3793945e+01
   1.0840400e+06   1.3000488e+01
   1.0840660e+06   1.3549805e+01
   1.0842130e+06   1.5441895e+01
   1.0843360e+06   1.7150879e+01
   1.0844110e+06   1.5380859e+01
   1.0846400e+06   1.7578125e+01
   1.0861670e+06   1.5319824e+01
   1.0871110e+06   1.3183594e+01
   1.2577440e+06   1.4953613e+01
   1.2720160e+06   1.4221191e+01
   1.2741670e+06   1.4526367e+01
   1.2831940e+06   1.3854980e+01
   1.2929850e+06   1.5014648e+01
   1.2966590e+06   1.5991211e+01
   1.3147230e+06   1.5319824e+01
   1.3159130e+06   1.4282227e+01
   1.3182900e+06   1.3183594e+01
   1.3198450e+06   1.3488770e+01
   1.3217700e+06   1.5686035e+01
   1.3361570e+06   1.6723633e+01
   1.3456540e+06   1.3549805e+01
   1.3508230e+06   1.3671875e+01
   1.3547810e+06   1.5075684e+01
   1.4173930e+06   1.6296387e+01
   1.4184750e+06   1.4465332e+01
   1.4254590e+06   1.3061523e+01
   1.4588560e+06   1.3977051e+01
   1.4760060e+06   1.3977051e+01
   1.4830440e+06   1.3488770e+01
   1.4987160e+06   1.3793945e+01
   1.5026860e+06   1.6784668e+01
   1.5052730e+06   1.4160156e+01
   1.5167570e+06   1.3366699e+01
   1.5199660e+06   1.6479492e+01
   1.5294780e+06   1.8249512e+01
   1.5295230e+06   1.3305664e+01
   1.5296490e+06   2.0874023e+01
   1.5296690e+06   2.4780273e+01
   1.5297030e+06   2.0324707e+01
   1.5297160e+06   1.8310547e+01
   1.5297320e+06   1.7456055e+01
   1.5297490e+06   1.6174316e+01
   1.5298180e+06   1.9775391e+01
   1.5298520e+06   1.8066406e+01
   1.5298720e+06   1.4587402e+01
   1.5299530e+06   2.2521973e+01
   1.5299670e+06   1.5625000e+01
   1.5300770e+06   1.3427734e+01
   1.5302300e+06   1.4404297e+01
   1.5303010e+06   1.3183594e+01
   1.5303940e+06   1.2939453e+01
   1.5315710e+06   1.4099121e+01
   1.5320400e+06   1.6540527e+01
   1.5400690e+06   1.2939453e+01
   1.5701890e+06   1.3549805e+01
   1.7198040e+06   1.4343262e+01
   1.7239440e+06   1.3122559e+01
   1.7324670e+06   1.3549805e+01
   1.7516690e+06   1.4099121e+01
   1.7690510e+06   1.5991211e+01
   1.7813230e+06   1.3061523e+01
   1.7852210e+06   1.4282227e+01
   1.7900420e+06   1.7822266e+01
   1.7934020e+06   1.5380859e+01
   1.7946550e+06   1.6418457e+01
   1.7990900e+06   1.3610840e+01
   1.8012050e+06   1.4343262e+01
   1.8023760e+06   1.8310547e+01
   1.8077820e+06   1.5625000e+01
   1.8090110e+06   1.3671875e+01
   1.8124340e+06   1.3977051e+01
   1.8212480e+06   1.4099121e+01
   1.8228300e+06   1.3244629e+01
   1.8488200e+06   1.4099121e+01
   1.8528610e+06   1.3183594e+01
   1.8556430e+06   1.3305664e+01
   1.8604000e+06   1.4526367e+01
   1.8631230e+06   1.4404297e+01
   1.8646390e+06   1.4343262e+01
   1.8701310e+06   1.5563965e+01
   1.8799070e+06   1.5014648e+01
   1.8865840e+06   1.8798828e+01
   1.8866380e+06   1.6540527e+01
   1.8868520e+06   3.2104492e+01
   1.8868640e+06   2.5024414e+01
   1.8869070e+06   1.6784668e+01
   1.8869270e+06   1.3061523e+01
   1.8869450e+06   2.5024414e+01
   1.8869600e+06   1.6174316e+01
   1.8869780e+06   1.5686035e+01
   1.8870090e+06   1.8493652e+01
   1.8870560e+06   1.6174316e+01
   1.8871680e+06   1.9592285e+01
   1.8872570e+06   1.7761230e+01
   1.8873460e+06   1.4038086e+01
   1.8874230e+06   1.5075684e+01
   1.8875930e+06   1.7089844e+01
   2.0172750e+06   1.3000488e+01
   2.0413850e+06   1.5014648e+01
   2.0560050e+06   1.6357422e+01
   2.0660660e+06   1.3793945e+01
   2.0749240e+06   1.5197754e+01
   2.0784610e+06   1.9531250e+01
   2.0837840e+06   1.3610840e+01
   2.0881400e+06   1.8493652e+01
   2.1037680e+06   1.4587402e+01
   2.1167750e+06   1.3122559e+01
   2.1402390e+06   1.4282227e+01
   2.1432600e+06   1.4160156e+01
   2.1483700e+06   1.3000488e+01
   2.1500650e+06   1.3610840e+01
   2.1720490e+06   1.4831543e+01
   2.1790180e+06   1.5380859e+01
   2.1907730e+06   1.5686035e+01
   2.2338090e+06   1.8127441e+01
   2.2339220e+06   2.7893066e+01
   2.2339360e+06   2.2705078e+01
   2.2339790e+06   2.2094727e+01
   2.2340220e+06   2.9052734e+01
   2.2340350e+06   1.9714355e+01
   2.2340800e+06   2.5573730e+01
   2.2341060e+06   1.6906738e+01
   2.2341610e+06   2.0080566e+01
   2.2341990e+06   1.5075684e+01
   2.2342420e+06   1.3427734e+01
   2.2346280e+06   1.3061523e+01
   2.2347130e+06   1.3977051e+01
   2.2348040e+06   1.5808105e+01
   2.2355690e+06   1.3916016e+01
   2.2961560e+06   1.3671875e+01
   2.4392630e+06   1.8310547e+01
   2.4467250e+06   1.3549805e+01
   2.4497920e+06   1.3854980e+01
   2.5227620e+06   1.8981934e+01
   2.5320740e+06   1.3122559e+01
   2.5356920e+06   1.4343262e+01
   2.5435980e+06   1.4587402e+01
   2.5827960e+06   1.3183594e+01
   2.6193730e+06   1.6052246e+01
   2.6308990e+06   1.6357422e+01
   2.6399650e+06   1.5136719e+01
   2.6525440e+06   1.7822266e+01
   2.6537590e+06   1.4892578e+01
   2.6603010e+06   1.3549805e+01
   2.6632280e+06   1.7089844e+01
   2.6649410e+06   1.3061523e+01
   2.6707130e+06   1.3549805e+01
   2.6740900e+06   1.4465332e+01
   2.6755730e+06   1.3366699e+01
   2.6769340e+06   1.4343262e+01
   2.6803090e+06   1.5319824e+01
   2.6837980e+06   1.4221191e+01
   2.7440150e+06   1.4587402e+01
   2.7520680e+06   1.4587402e+01
   2.7765270e+06   1.4648438e+01
   2.7913050e+06   1.5747070e+01
   2.7984190e+06   1.3671875e+01
   2.8043110e+06   1.5808105e+01
   2.8135550e+06   1.3732910e+01
   2.8206010e+06   1.3122559e+01
   2.8225630e+06   1.4282227e+01
   2.8255430e+06   1.3854980e+01
   2.8570970e+06   4.9133301e+01
   2.8571240e+06   2.7221680e+01
   2.8571340e+06   2.3010254e+01
   2.8571660e+06   1.8432617e+01
   2.8572010e+06   1.5747070e+01
   2.8572330e+06   2.1667480e+01
   2.8572880e+06   1.3916016e+01
   2.8573170e+06   1.2939453e+01
   2.8573480e+06   1.7456055e+01
   2.8574200e+06   1.5441895e+01
   2.8575020e+06   1.3488770e+01
   2.8575280e+06   1.5319824e+01
   2.8576030e+06   1.6601562e+01
   2.8576840e+06   1.3305664e+01
   2.8584320e+06   1.3122559e+01
   2.8586570e+06   1.5197754e+01
   2.8590210e+06   1.4892578e+01
   2.8596550e+06   1.3977051e+01
   2.8644720e+06   1.3854980e+01
   3.0294570e+06   1.3549805e+01
   3.0388300e+06   1.4770508e+01
   3.0467140e+06   1.9836426e+01
   3.0548400e+06   1.5258789e+01
   3.0590630e+06   1.6662598e+01
   3.0623870e+06   1.5319824e+01
   3.0654530e+06   1.3366699e+01
   3.0666460e+06   1.3305664e+01
   3.0730420e+06   1.3366699e+01
   3.0745120e+06   1.3061523e+01
   3.0774670e+06   1.6723633e+01
   3.0854750e+06   1.6540527e+01
   3.0873900e+06   1.3183594e+01
   3.0981880e+06   1.5075684e+01
   3.1025000e+06   1.3305664e+01
   3.1060390e+06   1.3793945e+01
   3.1273950e+06   1.4404297e+01
   3.1338450e+06   1.5258789e+01
   3.1562230e+06   1.6845703e+01
   3.1596510e+06   1.5075684e+01
   3.1642680e+06   1.5197754e+01
   3.1656960e+06   1.4282227e+01
   3.1717310e+06   1.5686035e+01
   3.1745180e+06   1.8188477e+01
   3.1760900e+06   1.4648438e+01
   3.1810220e+06   1.3732910e+01
   3.1840070e+06   1.4099121e+01
   3.1856120e+06   1.4465332e+01
   3.1903230e+06   1.5747070e+01
   3.1948050e+06   1.5747070e+01
   3.2009810e+06   1.4404297e+01
   3.2048350e+06   1.4648437e+01
   3.2062410e+06   1.3610840e+01
   3.2079020e+06   1.3977051e+01
   3.2168550e+06   1.6418457e+01
   3.2213360e+06   1.5869141e+01
   3.2270470e+06   1.3916016e+01
   3.2296280e+06   1.4648437e+01
   3.2310110e+06   1.3244629e+01
   3.2358540e+06   1.3732910e+01
   3.2388110e+06   1.4282227e+01
   3.2512190e+06   1.4587402e+01
   3.2524350e+06   1.6357422e+01
   3.2617530e+06   1.4831543e+01
   3.2946940e+06   1.3000488e+01
   3.2971260e+06   1.3610840e+01
   3.3006110e+06   1.5502930e+01
   3.3033040e+06   1.3000488e+01
   3.3048260e+06   1.4770508e+01
   3.3214530e+06   1.3671875e+01
   3.3268050e+06   1.3610840e+01
   3.3297630e+06   1.4892578e+01
   3.3314940e+06   1.6967773e+01
   3.3362440e+06   1.3854980e+01
   3.3389820e+06   1.5808105e+01
   3.3421040e+06   1.5930176e+01
   3.3790430e+06   1.5380859e+01
   3.4023100e+06   1.6052246e+01
   3.4060390e+06   1.3427734e+01
   3.4074130e+06   1.7272949e+01
   3.4160560e+06   1.3854980e+01
   3.4224260e+06   1.5808105e+01
   3.4671240e+06   1.3122559e+01
   3.4716030e+06   1.6052246e+01
   3.4732630e+06   1.4892578e+01
   3.5527100e+06   4.4128418e+01
   3.5527210e+06   3.2287598e+01
   3.5527510e+06   2.3742676e+01
   3.5527840e+06   1.6357422e+01
   3.5528010e+06   1.4587402e+01
   3.5528250e+06   1.9165039e+01
   3.5528700e+06   1.3916016e+01
   3.5528980e+06   1.4343262e+01
   3.5529350e+06   1.4099121e+01
   3.5529510e+06   1.5869141e+01
   3.5529910e+06   1.4282227e+01
   3.5531530e+06   1.4648437e+01
   3.5535240e+06   1.3671875e+01
   3.5541200e+06   1.4465332e+01
   3.6830180e+06   1.3610840e+01
   3.8112760e+06   1.3305664e+01
   3.8419860e+06   1.5197754e+01
   3.8472760e+06   1.3244629e+01
   3.8690500e+06   1.4953613e+01
   3.8926140e+06   1.4038086e+01
   3.9363990e+06   1.3000488e+01
   3.9474780e+06   1.8493652e+01
   3.9520810e+06   1.3732910e+01
   3.9548540e+06   1.4282227e+01
   3.9569280e+06   1.3244629e+01
   3.9653970e+06   1.5319824e+01
   3.9809360e+06   1.7150879e+01
   3.9811350e+06   2.3803711e+01
   3.9811530e+06   2.0690918e+01
   3.9811680e+06   1.8859863e+01
   3.9811830e+06   1.8066406e+01
   3.9811930e+06   1.6113281e+01
   3.9812110e+06   1.6357422e+01
   3.9812330e+06   2.1423340e+01
   3.9812480e+06   1.6113281e+01
   3.9812810e+06   1.9287109e+01
   3.9814220e+06   1.3916016e+01
   3.9815060e+06   1.5686035e+01
   3.9816370e+06   1.5380859e+01
   3.9817130e+06   1.3854980e+01
   3.9819060e+06   1.3244629e+01
   4.1537350e+06   1.9226074e+01
   4.1720270e+06   1.5380859e+01
   4.1794730e+06   1.6052246e+01
   4.1947140e+06   1.5319824e+01
   4.1976200e+06   1.6845703e+01
   4.2017250e+06   1.5869141e+01
   4.2074300e+06   1.6601562e+01
   4.2092900e+06   1.6235352e+01
   4.2133790e+06   1.4953613e+01
   4.2332550e+06   1.5625000e+01
   4.2477830e+06   1.4709473e+01
   4.2583380e+06   1.7517090e+01
   4.2600040e+06   1.7700195e+01
   4.2673050e+06   1.3671875e+01
   4.2750930e+06   1.4587402e+01
   4.2777180e+06   1.3610840e+01
   4.2808010e+06   1.6113281e+01
   4.2838930e+06   1.5808105e+01
   4.3107930e+06   1.7089844e+01
   4.3142350e+06   1.4587402e+01
   4.3257770e+06   1.5747070e+01
   4.3309550e+06   1.8127441e+01
   4.3383310e+06   1.7272949e+01
   4.3483670e+06   1.6723633e+01
   4.3503340e+06   1.3305664e+01
   4.3556860e+06   1.5869141e+01
   4.3586640e+06   1.3916016e+01
   4.3645100e+06   1.5441895e+01
   4.3767750e+06   1.6479492e+01
   4.3816230e+06   1.3305664e+01
   4.3865270e+06   1.9775391e+01
   4.3886760e+06   1.6540527e+01
   4.3942440e+06   1.4770508e+01
   4.3984440e+06   1.3977051e+01
   4.4160110e+06   1.6174316e+01
   4.4160280e+06   1.6418457e+01
   4.4161240e+06   1.4648438e+01
   4.4281150e+06   1.3244629e+01
   4.4304630e+06   1.4465332e+01
   4.4319560e+06   1.4038086e+01
   4.4336090e+06   1.4465332e+01
   4.4370010e+06   1.8249512e+01
   4.4439600e+06   1.3549805e+01
   4.4703030e+06   1.3610840e+01
   4.4867900e+06   1.5502930e+01
   4.5008270e+06   1.7456055e+01
   4.5008900e+06   2.9907227e+01
   4.5009060e+06   3.7048340e+01
   4.5009340e+06   3.0029297e+01
   4.5009510e+06   1.7761230e+01
   4.5009690e+06   1.3732910e+01
   4.5009950e+06   1.7456055e+01
   4.5010790e+06   1.7150879e+01
   4.5011220e+06   1.3732910e+01
   4.5011490e+06   1.3244629e+01
   4.5012340e+06   1.6906738e+01
   4.5012440e+06   1.3000488e+01
   4.5013040e+06   1.5014648e+01
   4.5013800e+06   1.3916016e+01
   4.5015730e+06   1.3183594e+01
   4.5021390e+06   1.4038086e+01
   4.5026980e+06   1.5319824e+01
   4.6517440e+06   1.7028809e+01
   4.6750440e+06   1.7944336e+01
   4.7207020e+06   1.6113281e+01
   4.7221190e+06   2.2216797e+01
   4.7221480e+06   3.7292480e+01
   4.7221590e+06   2.5512695e+01
   4.7221990e+06   2.1057129e+01
   4.7222120e+06   2.2888184e+01
   4.7222470e+06   1.8127441e+01
   4.7223190e+06   1.5563965e+01
   4.7224010e+06   1.7639160e+01
   4.7224500e+06   2.0812988e+01
   4.7224810e+06   1.4587402e+01
   4.7226200e+06   1.7578125e+01
   4.7227010e+06   1.3427734e+01
   4.7231360e+06   1.3488770e+01
   4.7232400e+06   1.3610840e+01
   4.7239190e+06   1.7028809e+01
   4.9211080e+06   1.4038086e+01
   4.9404440e+06   1.6235352e+01
   4.9583360e+06   1.4648437e+01
   4.9622670e+06   1.4038086e+01
   4.9689580e+06   1.3183594e+01
   4.9714890e+06   1.7456055e+01
   4.9759680e+06   1.3854980e+01
   4.9863110e+06   1.5563965e+01
   4.9911780e+06   1.3793945e+01
   5.0018590e+06   1.3183594e+01
   5.0112500e+06   1.3061523e+01
   5.0230420e+06   1.5136719e+01
   5.0248510e+06   1.6967773e+01
   5.0268740e+06   1.3671875e+01
   5.0321770e+06   1.5319824e+01
   5.0332700e+06   1.9714355e+01
   5.0334040e+06   1.3427734e+01
   5.0335280e+06   1.4160156e+01
   5.0335460e+06   1.5136719e+01
   5.0335720e+06   1.4709473e+01
   5.0336020e+06   2.9296875e+01
   5.0336210e+06   2.5695801e+01
   5.0336370e+06   1.8493652e+01
   5.0336470e+06   1.3183594e+01
   5.0336760e+06   3.0273437e+01
   5.0337180e+06   2.3925781e+01
   5.0337750e+06   1.3244629e+01
   5.0338080e+06   1.5197754e+01
   5.0338350e+06   1.6113281e+01
   5.0339140e+06   1.8676758e+01
   5.0339330e+06   1.6723633e+01
   5.0340920e+06   1.7578125e+01
   5.0343720e+06   1.6235352e+01
   5.0344440e+06   1.3732910e+01
   5.0350270e+06   1.6662598e+01
   5.0351600e+06   1.3000488e+01
   5.1565300e+06   1.3610840e+01
   5.2545320e+06   1.3061523e+01
   5.2545480e+06   3.0639648e+01
   5.2545800e+06   2.3498535e+01
   5.2546350e+06   2.5085449e+01
   5.2546730e+06   1.8798828e+01
   5.2547000e+06   1.4221191e+01
   5.2547560e+06   1.3122559e+01
   5.2547730e+06   1.3732910e+01
   5.2550310e+06   1.5747070e+01
   5.2553240e+06   1.4038086e+01
   5.2554830e+06   1.6601562e+01
   5.2556040e+06   1.3000488e+01
   5.2557470e+06   1.4038086e+01
   5.2559300e+06   1.7639160e+01
   5.2560510e+06   1.4343262e+01
   5.3727630e+06   1.3183594e+01
   5.3747600e+06   1.3305664e+01
   5.3788720e+06   1.9653320e+01
   5.3789240e+06   1.3854980e+01
   5.3791020e+06   1.5258789e+01
   5.3791400e+06   2.9907227e+01
   5.3791630e+06   2.8930664e+01
   5.3791880e+06   2.9296875e+01
   5.3792180e+06   2.2705078e+01
   5.3792330e+06   1.8859863e+01
   5.3792680e+06   1.4770508e+01
   5.3792830e+06   1.7700195e+01
   5.3793240e+06   1.5686035e+01
   5.3793950e+06   1.3916016e+01
   5.3794170e+06   1.4404297e+01
   5.3794840e+06   1.3122559e+01
   5.3795230e+06   1.6540527e+01
   5.3795550e+06   1.4221191e+01
   5.3796490e+06   1.4343262e+01
   5.3798770e+06   1.4404297e+01
   5.3800160e+06   1.3854980e+01
   5.3802580e+06   1.3977051e+01
   5.3804220e+06   1.3732910e+01
   5.3804550e+06   1.3671875e+01
   5.3808220e+06   1.4953613e+01
   5.4640610e+06   1.7700195e+01
   5.4683920e+06   1.6174316e+01
   5.4774510e+06   1.3427734e+01
   5.4863900e+06   1.4221191e+01
   5.4926820e+06   1.3610840e+01
   5.5160110e+06   1.5930176e+01
   5.5229230e+06   1.5869141e+01
   5.5267200e+06   1.3610840e+01
   5.5328070e+06   1.8432617e+01
   5.5349750e+06   1.4160156e+01
   5.5389980e+06   1.4282227e+01
   5.5447820e+06   1.3793945e+01
   5.5471400e+06   1.5319824e+01
   5.5593700e+06   1.6357422e+01
   5.5758540e+06   1.4892578e+01
   5.5761020e+06   1.4282227e+01
   5.5761520e+06   1.3854980e+01
   5.5762460e+06   1.7761230e+01
   5.5764450e+06   1.3366699e+01
   5.5764790e+06   3.0151367e+01
   5.5764900e+06   1.7822266e+01
   5.5765200e+06   1.9958496e+01
   5.5765360e+06   3.5095215e+01
   5.5765860e+06   2.8381348e+01
   5.5766050e+06   1.6052246e+01
   5.5766330e+06   1.9958496e+01
   5.5766590e+06   1.4343262e+01
   5.5766700e+06   2.2827148e+01
   5.5767280e+06   1.5502930e+01
   5.5767440e+06   1.6418457e+01
   5.5768210e+06   1.6601562e+01
   5.5768770e+06   1.8249512e+01
   5.5769980e+06   1.8981934e+01
   5.5773380e+06   1.4221191e+01
   5.5776350e+06   1.3183594e+01
   5.5778330e+06   1.3916016e+01
   5.5781060e+06   1.4648438e+01
   5.6483360e+06   3.6437988e+01
   5.6483580e+06   3.2104492e+01
   5.6483890e+06   2.1179199e+01
   5.6484130e+06   1.4709473e+01
   5.6484230e+06   1.8188477e+01
   5.6484600e+06   1.6662598e+01
   5.6485100e+06   1.3793945e+01
   5.6485380e+06   1.4099121e+01
   5.6486980e+06   1.7395020e+01
   5.6487610e+06   1.5441895e+01
   5.6487920e+06   1.3427734e+01
   5.6488470e+06   1.6052246e+01
   5.6490240e+06   1.4526367e+01
   5.6490500e+06   1.4953613e+01
   5.6492020e+06   1.3610840e+01
   5.6493610e+06   1.3977051e+01
   5.6496520e+06   1.3549805e+01
   5.6497500e+06   1.4587402e+01
   5.6498840e+06   1.5502930e+01
   5.6500090e+06   1.6235352e+01
   5.6501760e+06   1.7456055e+01
   5.7536250e+06   1.6601562e+01
   5.8124570e+06   1.4892578e+01
   5.8274040e+06   1.4892578e+01
   5.8311730e+06   1.4709473e+01
   5.8391360e+06   1.7028809e+01
   5.8423360e+06   1.3122559e+01
   5.8443900e+06   1.7883301e+01
   5.8471740e+06   1.6296387e+01
   5.8536480e+06   1.4099121e+01
   5.8594300e+06   1.3732910e+01
   5.8618310e+06   1.5808105e+01
   5.8659710e+06   1.5319824e+01
   5.8682280e+06   1.5930176e+01
   5.8704090e+06   1.7700195e+01
   5.8779380e+06   1.3305664e+01
   5.8802490e+06   1.4099121e+01
   5.8857170e+06   1.5258789e+01
   5.8882140e+06   1.3366699e+01
   5.8997250e+06   2.0324707e+01
   5.9076760e+06   1.4343262e+01
   5.9110940e+06   1.4282227e+01
   5.9128360e+06   1.4404297e+01
   5.9192010e+06   1.3671875e+01
   5.9238420e+06   1.4831543e+01
   5.9264160e+06   1.3732910e+01
   5.9281680e+06   1.4587402e+01
   5.9313030e+06   1.4831543e+01
   5.9331370e+06   1.3183594e+01
   5.9476230e+06   1.4770508e+01
   5.9557250e+06   1.6052246e+01
   5.9750960e+06   1.6052246e+01
   5.9796230e+06   1.4648438e+01
   5.9930830e+06   1.4587402e+01
   5.9976120e+06   1.3977051e+01
