   5.9990000e+06   0.0000000e+00
   1.5282800e+05   1.3610840e+01
   2.1359800e+05   1.3671875e+01
   4.7996600e+05   1.4709473e+01
   8.4334300e+05   1.4221191e+01
   9.8088100e+05   1.5808105e+01
   9.8102600e+05   1.3793945e+01
   1.0553370e+06   3.1738281e+01
   1.0837390e+06   1.7822266e+01
   1.0837770e+06   1.4831543e+01
   1.0837890e+06   1.8310547e+01
   1.0838160e+06   3.9367676e+01
   1.0838450e+06   1.7272949e+01
   1.0838570e+06   1.5563965e+01
   1.0838670e+06   4.6936035e+01
   1.0839140e+06   2.1667480e+01
   1.0839310e+06   4.0405273e+01
   1.0839520e+06   2.9296875e+01
   1.0839670e+06   1.8127441e+01
   1.0839820e+06   2.8076172e+01
   1.0840290e+06   3.1127930e+01
   1.0840790e+06   1.3732910e+01
   1.0840910e+06   2.0263672e+01
   1.0841150e+06   1.6418457e+01
   1.0841360e+06   1.3977051e+01
   1.0841500e+06   2.1057129e+01
   1.0842130e+06   2.3254395e+01
   1.0842520e+06   1.5502930e+01
   1.0843020e+06   2.0629883e+01
   1.0843440e+06   1.5197754e+01
   1.0843720e+06   1.5014648e+01
   1.0843960e+06   1.4648438e+01
   1.0844800e+06   1.9653320e+01
   1.0845330e+06   1.4099121e+01
   1.0845820e+06   1.3732910e+01
   1.0846150e+06   2.2094727e+01
   1.0846900e+06   1.6113281e+01
   1.0847050e+06   1.4221191e+01
   1.0847740e+06   1.8676758e+01
   1.0848240e+06   2.4475098e+01
   1.0848820e+06   1.4953613e+01
   1.0849320e+06   1.5197754e+01
   1.0849530e+06   2.4475098e+01
   1.0849960e+06   1.3793945e+01
   1.0850170e+06   1.9836426e+01
   1.0850720e+06   2.0019531e+01
   1.0851460e+06   2.2460938e+01
   1.0851770e+06   1.6357422e+01
   1.0852230e+06   1.8005371e+01
   1.0852810e+06   2.0629883e+01
   1.0853070e+06   1.8371582e+01
   1.0853620e+06   1.8798828e+01
   1.0854350e+06   1.5930176e+01
   1.0855000e+06   1.9897461e+01
   1.0855670e+06   2.2277832e+01
   1.0856410e+06   2.2338867e+01
   1.0857150e+06   1.8432617e+01
   1.0857850e+06   2.0202637e+01
   1.0858570e+06   2.1911621e+01
   1.0859230e+06   1.5502930e+01
   1.0860000e+06   1.7639160e+01
   1.0860740e+06   2.5512695e+01
   1.0861500e+06   2.0019531e+01
   1.0862250e+06   2.2766113e+01
   1.0862940e+06   1.6113281e+01
   1.0863100e+06   1.4404297e+01
   1.0863670e+06   1.3916016e+01
   1.0864430e+06   1.7272949e+01
   1.0865170e+06   2.1789551e+01
   1.0865890e+06   2.1667480e+01
   1.0866650e+06   2.3803711e+01
   1.0867370e+06   2.0507812e+01
   1.0868140e+06   2.0263672e+01
   1.0868900e+06   1.9226074e+01
   1.0869710e+06   1.9470215e+01
   1.0870530e+06   2.1545410e+01
   1.0871300e+06   2.0080566e+01
   1.0872170e+06   2.0141602e+01
   1.0873010e+06   1.9165039e+01
   1.0873720e+06   1.5014648e+01
   1.0873830e+06   1.9470215e+01
   1.0874800e+06   2.1545410e+01
   1.0875700e+06   2.0690918e+01
   1.0876590e+06   1.8127441e+01
   1.0877500e+06   1.8798828e+01
   1.0878320e+06   1.7883301e+01
   1.0879210e+06   1.8005371e+01
   1.0880100e+06   2.1423340e+01
   1.0880930e+06   1.9958496e+01
   1.0881860e+06   1.8127441e+01
   1.0882680e+06   2.1362305e+01
   1.0883570e+06   1.9653320e+01
   1.0884370e+06   1.7822266e+01
   1.0885260e+06   1.4709473e+01
   1.0886150e+06   1.8005371e+01
   1.0886970e+06   1.3610840e+01
   1.0887950e+06   2.2827148e+01
   1.0888930e+06   1.9592285e+01
   1.0889810e+06   1.5014648e+01
   1.0890780e+06   2.1362305e+01
   1.0891780e+06   2.1728516e+01
   1.0892870e+06   1.9042969e+01
   1.0893820e+06   2.3132324e+01
   1.0894770e+06   1.5625000e+01
   1.0895730e+06   1.8066406e+01
   1.0896690e+06   2.0385742e+01
   1.0897610e+06   2.0263672e+01
   1.0898550e+06   1.6235352e+01
   1.0899500e+06   1.5991211e+01
   1.0900570e+06   2.1911621e+01
   1.0901620e+06   2.1118164e+01
   1.0902600e+06   1.6540527e+01
   1.0903670e+06   2.0019531e+01
   1.0904700e+06   2.1301270e+01
   1.0905890e+06   1.8798828e+01
   1.0907040e+06   2.2033691e+01
   1.0908100e+06   2.0385742e+01
   1.0909160e+06   1.7578125e+01
   1.0910320e+06   2.0263672e+01
   1.0911530e+06   2.1057129e+01
   1.0912610e+06   1.7822266e+01
   1.0913650e+06   1.8249512e+01
   1.0914620e+06   1.9287109e+01
   1.0915690e+06   2.0629883e+01
   1.0916760e+06   2.0141602e+01
   1.0917880e+06   1.7639160e+01
   1.0919010e+06   1.9531250e+01
   1.0920220e+06   2.0141602e+01
   1.0921370e+06   1.9714355e+01
   1.0922410e+06   1.5441895e+01
   1.0923700e+06   1.8737793e+01
   1.0924960e+06   2.1850586e+01
   1.0926130e+06   1.9348145e+01
   1.0927160e+06   1.8432617e+01
   1.0928340e+06   1.8310547e+01
   1.0929370e+06   1.7272949e+01
   1.0930810e+06   1.8554688e+01
   1.0932260e+06   1.8737793e+01
   1.0933560e+06   1.7517090e+01
   1.0934560e+06   1.3671875e+01
   1.0935770e+06   1.8371582e+01
   1.0937230e+06   1.6723633e+01
   1.0938480e+06   2.1118164e+01
   1.0939530e+06   1.7639160e+01
   1.0940720e+06   2.1240234e+01
   1.0942240e+06   1.8981934e+01
   1.0943670e+06   1.8066406e+01
   1.4414640e+06   1.4465332e+01
   1.5296260e+06   1.9104004e+01
   1.5296500e+06   1.4587402e+01
   1.5296870e+06   3.3020020e+01
   1.5297130e+06   2.9785156e+01
   1.5297270e+06   3.8696289e+01
   1.5297380e+06   2.2460938e+01
   1.5297570e+06   4.8645020e+01
   1.5297900e+06   2.1179199e+01
   1.5298010e+06   3.6254883e+01
   1.5298180e+06   1.8066406e+01
   1.5298410e+06   2.1789551e+01
   1.5298510e+06   2.5512695e+01
   1.5298800e+06   2.0812988e+01
   1.5299190e+06   2.0507812e+01
   1.5299580e+06   1.7395020e+01
   1.5299850e+06   2.0812988e+01
   1.5300070e+06   1.4221191e+01
   1.5300260e+06   2.7465820e+01
   1.5300510e+06   1.5625000e+01
   1.5300800e+06   2.0202637e+01
   1.5300940e+06   1.6601562e+01
   1.5301110e+06   1.5319824e+01
   1.5301400e+06   1.5991211e+01
   1.5301650e+06   1.3916016e+01
   1.5301900e+06   1.3916016e+01
   1.5302020e+06   1.4099121e+01
   1.5302170e+06   1.4648438e+01
   1.5302430e+06   1.5136719e+01
   1.5302860e+06   1.7517090e+01
   1.5303180e+06   1.4831543e+01
   1.5303390e+06   1.5625000e+01
   1.5305270e+06   1.4221191e+01
   1.5305620e+06   1.5258789e+01
   1.5306300e+06   1.9714355e+01
   1.5306780e+06   1.6296387e+01
   1.5308780e+06   1.9958496e+01
   1.5309460e+06   1.7700195e+01
   1.5309870e+06   1.4648438e+01
   1.5310150e+06   1.8249512e+01
   1.5310850e+06   1.4282227e+01
   1.5311130e+06   1.3793945e+01
   1.5311470e+06   1.5991211e+01
   1.5311740e+06   1.6235352e+01
   1.5312190e+06   1.4343262e+01
   1.5312390e+06   1.4770508e+01
   1.5313130e+06   2.0080566e+01
   1.5313850e+06   2.1728516e+01
   1.5314520e+06   2.0019531e+01
   1.5315230e+06   1.5441895e+01
   1.5315460e+06   1.4221191e+01
   1.5315990e+06   1.6601562e+01
   1.5316680e+06   1.3671875e+01
   1.5316780e+06   1.3977051e+01
   1.5317440e+06   2.4658203e+01
   1.5318130e+06   2.2155762e+01
   1.5318890e+06   2.0019531e+01
   1.5319630e+06   1.9836426e+01
   1.5320410e+06   2.0446777e+01
   1.5321160e+06   1.7578125e+01
   1.5321910e+06   1.7456055e+01
   1.5322470e+06   1.5441895e+01
   1.5322690e+06   1.5808105e+01
   1.5323460e+06   1.6479492e+01
   1.5324220e+06   2.3010254e+01
   1.5324950e+06   2.1545410e+01
   1.5325710e+06   2.0874023e+01
   1.5326520e+06   1.7028809e+01
   1.5327360e+06   2.1972656e+01
   1.5328180e+06   1.9897461e+01
   1.5329050e+06   1.9897461e+01
   1.5329900e+06   2.0690918e+01
   1.5330770e+06   1.7211914e+01
   1.5331310e+06   1.3671875e+01
   1.5331600e+06   1.8859863e+01
   1.5332450e+06   1.9714355e+01
   1.5333360e+06   1.7700195e+01
   1.5334180e+06   1.5869141e+01
   1.5335010e+06   1.8371582e+01
   1.5335840e+06   1.8493652e+01
   1.5336770e+06   1.8188477e+01
   1.5337580e+06   2.0019531e+01
   1.5338420e+06   1.9470215e+01
   1.5339230e+06   1.3671875e+01
   1.5340150e+06   1.7333984e+01
   1.5341040e+06   1.7456055e+01
   1.5341950e+06   1.9042969e+01
   1.5342900e+06   1.9348145e+01
   1.5343820e+06   1.8005371e+01
   1.5344700e+06   1.5686035e+01
   1.5345630e+06   1.9165039e+01
   1.5346600e+06   1.8798828e+01
   1.5347530e+06   1.4465332e+01
   1.5348530e+06   1.8432617e+01
   1.5349550e+06   2.1728516e+01
   1.5350500e+06   1.9470215e+01
   1.5351490e+06   1.6540527e+01
   1.5352480e+06   1.7517090e+01
   1.5353430e+06   1.6967773e+01
   1.5354480e+06   1.5747070e+01
   1.5355500e+06   1.7211914e+01
   1.5356470e+06   1.4526367e+01
   1.5357490e+06   1.7761230e+01
   1.5358530e+06   1.5747070e+01
   1.5359580e+06   1.8676758e+01
   1.5360560e+06   1.3610840e+01
   1.5361590e+06   1.8737793e+01
   1.5362620e+06   2.0263672e+01
   1.5364470e+06   1.8859863e+01
   1.5365420e+06   1.4526367e+01
   1.5366750e+06   1.7150879e+01
   1.5367870e+06   1.6296387e+01
   1.5369010e+06   1.9592285e+01
   1.5370130e+06   1.5991211e+01
   1.5371260e+06   1.8066406e+01
   1.5372300e+06   1.5014648e+01
   1.5373420e+06   1.5380859e+01
   1.5374640e+06   1.8676758e+01
   1.5375840e+06   1.8737793e+01
   1.5376830e+06   1.3977051e+01
   1.5377870e+06   1.4221191e+01
   1.5379000e+06   2.1301270e+01
   1.5380110e+06   1.4892578e+01
   1.5381360e+06   1.8249512e+01
   1.5382410e+06   1.6601562e+01
   1.5383540e+06   1.5869141e+01
   1.5384890e+06   1.4953613e+01
   1.5386330e+06   1.8249512e+01
   1.5387640e+06   1.8554688e+01
   1.5388910e+06   1.8493652e+01
   1.5390280e+06   1.8127441e+01
   1.5391520e+06   1.8676758e+01
   1.5392740e+06   1.7700195e+01
   1.5394280e+06   1.7089844e+01
   1.5395610e+06   1.6540527e+01
   1.5397090e+06   1.7089844e+01
   1.5398380e+06   2.2766113e+01
   1.5399870e+06   1.5869141e+01
   1.5401350e+06   1.8371582e+01
   1.5402770e+06   1.5869141e+01
   1.5404430e+06   1.6601562e+01
   1.5406220e+06   1.8310547e+01
   1.5407920e+06   2.1850586e+01
   1.5409630e+06   1.6723633e+01
   1.7398750e+06   1.3977051e+01
   1.7671160e+06   1.6784668e+01
   1.8868780e+06   1.6906738e+01
   1.8868880e+06   2.0019531e+01
   1.8869120e+06   4.6142578e+01
   1.8869300e+06   1.4404297e+01
   1.8869480e+06   5.6945801e+01
   1.8869710e+06   2.5146484e+01
   1.8869820e+06   3.1066895e+01
   1.8870010e+06   1.8493652e+01
   1.8870130e+06   2.8076172e+01
   1.8870320e+06   2.1118164e+01
   1.8870460e+06   1.3671875e+01
   1.8870900e+06   1.7700195e+01
   1.8871350e+06   2.2949219e+01
   1.8871650e+06   2.2155762e+01
   1.8871890e+06   1.4587402e+01
   1.8872320e+06   1.8249512e+01
   1.8872490e+06   1.6479492e+01
   1.8873030e+06   1.6174316e+01
   1.8873380e+06   1.5930176e+01
   1.8873550e+06   1.3793945e+01
   1.8873740e+06   1.7578125e+01
   1.8873940e+06   1.7211914e+01
   1.8874400e+06   1.6418457e+01
   1.8874910e+06   1.6845703e+01
   1.8875490e+06   1.5563965e+01
   1.8876520e+06   1.6174316e+01
   1.8876750e+06   1.5136719e+01
   1.8876960e+06   1.6174316e+01
   1.8877140e+06   1.3916016e+01
   1.8877690e+06   1.4343262e+01
   1.8877960e+06   1.4648438e+01
   1.8878310e+06   1.4770508e+01
   1.8878500e+06   1.5869141e+01
   1.8879020e+06   1.4770508e+01
   1.8879560e+06   1.3610840e+01
   1.8879770e+06   1.5502930e+01
   1.8880260e+06   1.6479492e+01
   1.8880990e+06   2.4780273e+01
   1.8881570e+06   1.7150879e+01
   1.8882340e+06   1.9531250e+01
   1.8882980e+06   1.5747070e+01
   1.8883780e+06   1.6723633e+01
   1.8884280e+06   1.5930176e+01
   1.8884480e+06   1.7395020e+01
   1.8885170e+06   2.2521973e+01
   1.8885870e+06   2.2521973e+01
   1.8886540e+06   1.7028809e+01
   1.8887240e+06   2.1118164e+01
   1.8887910e+06   1.6601562e+01
   1.8888570e+06   1.9104004e+01
   1.8889300e+06   2.2705078e+01
   1.8890020e+06   1.7700195e+01
   1.8890790e+06   1.8005371e+01
   1.8891520e+06   1.9775391e+01
   1.8892280e+06   1.9653320e+01
   1.8893030e+06   1.7517090e+01
   1.8893730e+06   1.8249512e+01
   1.8894430e+06   2.6367188e+01
   1.8895170e+06   1.8615723e+01
   1.8895930e+06   2.2644043e+01
   1.8896700e+06   2.1057129e+01
   1.8897480e+06   1.7089844e+01
   1.8898280e+06   1.8676758e+01
   1.8899110e+06   1.8920898e+01
   1.8899980e+06   1.5747070e+01
   1.8900790e+06   2.1545410e+01
   1.8901570e+06   1.4160156e+01
   1.8902520e+06   1.8554688e+01
   1.8903400e+06   1.8371582e+01
   1.8904310e+06   1.5136719e+01
   1.8905140e+06   2.3132324e+01
   1.8905970e+06   2.4963379e+01
   1.8906810e+06   1.9226074e+01
   1.8907660e+06   1.6296387e+01
   1.8908510e+06   1.8310547e+01
   1.8909320e+06   1.6357422e+01
   1.8910160e+06   1.9958496e+01
   1.8911030e+06   1.3916016e+01
   1.8912020e+06   1.5869141e+01
   1.8912850e+06   1.8005371e+01
   1.8913700e+06   1.9409180e+01
   1.8914600e+06   2.0141602e+01
   1.8915560e+06   2.1179199e+01
   1.8916490e+06   1.9409180e+01
   1.8917480e+06   1.6357422e+01
   1.8918400e+06   2.1728516e+01
   1.8919360e+06   1.6906738e+01
   1.8920440e+06   1.8676758e+01
   1.8921370e+06   1.7944336e+01
   1.8922320e+06   2.0629883e+01
   1.8923430e+06   1.8249512e+01
   1.8924610e+06   2.1545410e+01
   1.8925700e+06   2.0507812e+01
   1.8926800e+06   2.0446777e+01
   1.8927850e+06   1.8920898e+01
   1.8928930e+06   1.7456055e+01
   1.8930110e+06   2.0141602e+01
   1.8931220e+06   2.1545410e+01
   1.8932190e+06   2.0141602e+01
   1.8933210e+06   2.0324707e+01
   1.8934350e+06   2.1057129e+01
   1.8935570e+06   2.0141602e+01
   1.8936840e+06   2.0263672e+01
   1.8938030e+06   1.8066406e+01
   1.8939340e+06   1.8798828e+01
   1.8940580e+06   2.0690918e+01
   1.8941780e+06   1.9165039e+01
   1.8942990e+06   1.8493652e+01
   1.8944320e+06   1.6052246e+01
   1.8945680e+06   1.9226074e+01
   1.8947100e+06   1.8310547e+01
   1.8948450e+06   1.4160156e+01
   1.8949860e+06   1.6601562e+01
   1.8951030e+06   1.8249512e+01
   1.8952270e+06   1.7272949e+01
   1.8953550e+06   1.7639160e+01
   1.8954890e+06   1.8066406e+01
   1.8956140e+06   1.8859863e+01
   1.8957500e+06   1.6296387e+01
   1.8958940e+06   1.7272949e+01
   1.8960750e+06   2.0507812e+01
   2.2339040e+06   1.3793945e+01
   2.2339190e+06   1.6235352e+01
   2.2339490e+06   1.6967773e+01
   2.2339860e+06   2.9968262e+01
   2.2340060e+06   2.9296875e+01
   2.2340180e+06   1.4160156e+01
   2.2340340e+06   2.6855469e+01
   2.2340490e+06   2.8015137e+01
   2.2340680e+06   1.7517090e+01
   2.2340780e+06   2.1667480e+01
   2.2340920e+06   2.0751953e+01
   2.2341030e+06   1.6357422e+01
   2.2341210e+06   2.6611328e+01
   2.2341510e+06   2.9663086e+01
   2.2341770e+06   2.1484375e+01
   2.2341880e+06   1.7517090e+01
   2.2342230e+06   2.1057129e+01
   2.2342420e+06   1.9348145e+01
   2.2342860e+06   1.9653320e+01
   2.2343160e+06   1.8371582e+01
   2.2343290e+06   1.7395020e+01
   2.2343560e+06   1.6906738e+01
   2.2343770e+06   1.8676758e+01
   2.2344080e+06   1.5502930e+01
   2.2344240e+06   1.6967773e+01
   2.2344480e+06   1.4465332e+01
   2.2344900e+06   1.5686035e+01
   2.2345390e+06   1.9409180e+01
   2.2345530e+06   1.3610840e+01
   2.2345880e+06   1.6052246e+01
   2.2346400e+06   1.7639160e+01
   2.2347920e+06   1.9409180e+01
   2.2348030e+06   1.7700195e+01
   2.2348680e+06   1.8066406e+01
   2.2348970e+06   1.4770508e+01
   2.2349280e+06   1.5625000e+01
   2.2349730e+06   1.4099121e+01
   2.2351090e+06   1.7395020e+01
   2.2351690e+06   1.8920898e+01
   2.2352370e+06   1.4831543e+01
   2.2352640e+06   1.3977051e+01
   2.2353040e+06   1.7822266e+01
   2.2353750e+06   1.7395020e+01
   2.2354330e+06   1.7883301e+01
   2.2354570e+06   1.7395020e+01
   2.2355070e+06   1.9531250e+01
   2.2355740e+06   2.0507812e+01
   2.2356380e+06   1.9592285e+01
   2.2357070e+06   2.3132324e+01
   2.2357700e+06   1.5502930e+01
   2.2358450e+06   2.3986816e+01
   2.2359160e+06   2.1301270e+01
   2.2359850e+06   2.2766113e+01
   2.2360580e+06   1.8249512e+01
   2.2361300e+06   1.8371582e+01
   2.2361920e+06   1.6235352e+01
   2.2362690e+06   1.8005371e+01
   2.2363460e+06   2.0751953e+01
   2.2364200e+06   1.7700195e+01
   2.2364970e+06   1.7333984e+01
   2.2365760e+06   2.3071289e+01
   2.2366530e+06   2.0996094e+01
   2.2367310e+06   1.9653320e+01
   2.2368080e+06   2.2338867e+01
   2.2368870e+06   1.8981934e+01
   2.2369720e+06   2.3559570e+01
   2.2370540e+06   2.1240234e+01
   2.2371380e+06   1.7150879e+01
   2.2372170e+06   1.9042969e+01
   2.2372960e+06   2.1789551e+01
   2.2373780e+06   2.1240234e+01
   2.2374570e+06   2.0324707e+01
   2.2375380e+06   2.1606445e+01
   2.2376210e+06   2.1728516e+01
   2.2377090e+06   1.9470215e+01
   2.2377980e+06   1.8005371e+01
   2.2378800e+06   2.2705078e+01
   2.2379670e+06   1.7456055e+01
   2.2380500e+06   1.9409180e+01
   2.2381410e+06   1.8249512e+01
   2.2382350e+06   2.3681641e+01
   2.2383290e+06   1.9165039e+01
   2.2384210e+06   2.0080566e+01
   2.2385250e+06   2.1545410e+01
   2.2386300e+06   2.1484375e+01
   2.2387210e+06   2.0263672e+01
   2.2388120e+06   1.9409180e+01
   2.2389100e+06   1.5380859e+01
   2.2390100e+06   2.2705078e+01
   2.2391160e+06   1.8249512e+01
   2.2392190e+06   2.0324707e+01
   2.2393240e+06   2.0202637e+01
   2.2394260e+06   1.7883301e+01
   2.2395350e+06   2.0080566e+01
   2.2396610e+06   2.6855469e+01
   2.2397790e+06   1.5808105e+01
   2.2398870e+06   2.0141602e+01
   2.2400010e+06   1.8554688e+01
   2.2401060e+06   2.2460938e+01
   2.2402110e+06   1.8005371e+01
   2.2403200e+06   1.9165039e+01
   2.2404310e+06   2.1179199e+01
   2.2405490e+06   2.0385742e+01
   2.2406740e+06   1.9531250e+01
   2.2407960e+06   1.8432617e+01
   2.2409070e+06   2.0629883e+01
   2.2410320e+06   2.0324707e+01
   2.2411750e+06   1.8920898e+01
   2.2412980e+06   1.5625000e+01
   2.2414240e+06   2.1301270e+01
   2.2415460e+06   1.9897461e+01
   2.2416750e+06   1.9042969e+01
   2.2418070e+06   2.1179199e+01
   2.2419470e+06   1.9042969e+01
   2.2420920e+06   1.8737793e+01
   2.2422540e+06   1.8493652e+01
   2.2424290e+06   1.7456055e+01
   2.2425920e+06   1.8920898e+01
   2.2427580e+06   1.9165039e+01
   2.2429360e+06   2.1362305e+01
   2.3049550e+06   1.3671875e+01
   2.5295540e+06   2.7221680e+01
   2.5296040e+06   2.5451660e+01
   2.6281370e+06   3.4667969e+01
   2.6282460e+06   2.9907227e+01
   2.8570000e+06   1.4526367e+01
   2.8570270e+06   3.8879395e+01
   2.8570430e+06   2.5024414e+01
   2.8570550e+06   4.5349121e+01
   2.8570930e+06   3.3752441e+01
   2.8571190e+06   3.4790039e+01
   2.8571330e+06   4.0527344e+01
   2.8571570e+06   1.7333984e+01
   2.8571730e+06   3.7780762e+01
   2.8571900e+06   2.6855469e+01
   2.8572130e+06   2.3132324e+01
   2.8572400e+06   1.5197754e+01
   2.8572600e+06   1.6906738e+01
   2.8572940e+06   2.5268555e+01
   2.8573060e+06   1.4282227e+01
   2.8573200e+06   1.9531250e+01
   2.8573380e+06   2.2094727e+01
   2.8573690e+06   1.5686035e+01
   2.8574100e+06   1.4465332e+01
   2.8574350e+06   2.1484375e+01
   2.8574640e+06   1.4892578e+01
   2.8574750e+06   1.9470215e+01
   2.8575010e+06   1.4770508e+01
   2.8575330e+06   1.8615723e+01
   2.8576110e+06   1.5625000e+01
   2.8576620e+06   1.5380859e+01
   2.8576950e+06   1.5380859e+01
   2.8577170e+06   1.8249512e+01
   2.8577470e+06   1.6052246e+01
   2.8577640e+06   1.4038086e+01
   2.8578190e+06   1.4465332e+01
   2.8578670e+06   1.6052246e+01
   2.8579350e+06   1.9042969e+01
   2.8579750e+06   1.3610840e+01
   2.8579940e+06   1.6174316e+01
   2.8580480e+06   1.8310547e+01
   2.8581010e+06   2.1789551e+01
   2.8581780e+06   1.4465332e+01
   2.8582010e+06   1.3916016e+01
   2.8582390e+06   1.6357422e+01
   2.8582770e+06   1.7211914e+01
   2.8582960e+06   2.1301270e+01
   2.8583470e+06   1.6357422e+01
   2.8583860e+06   1.5441895e+01
   2.8584310e+06   3.5827637e+01
   2.8584610e+06   1.6784668e+01
   2.8584950e+06   1.8066406e+01
   2.8585570e+06   2.2460938e+01
   2.8586270e+06   1.8188477e+01
   2.8586940e+06   1.9348145e+01
   2.8587590e+06   2.0263672e+01
   2.8588210e+06   2.2827148e+01
   2.8588890e+06   1.9104004e+01
   2.8589600e+06   2.3681641e+01
   2.8590320e+06   2.2033691e+01
   2.8591040e+06   2.3132324e+01
   2.8591750e+06   2.1789551e+01
   2.8592420e+06   2.2460937e+01
   2.8593110e+06   2.1606445e+01
   2.8593800e+06   2.3498535e+01
   2.8594520e+06   2.1728516e+01
   2.8595290e+06   2.4108887e+01
   2.8596030e+06   2.0812988e+01
   2.8596790e+06   2.0690918e+01
   2.8597500e+06   2.0019531e+01
   2.8598260e+06   2.1240234e+01
   2.8599000e+06   2.0019531e+01
   2.8599810e+06   2.3193359e+01
   2.8600590e+06   2.2094727e+01
   2.8601330e+06   2.3315430e+01
   2.8602070e+06   1.6723633e+01
   2.8602860e+06   1.7517090e+01
   2.8603630e+06   2.0507812e+01
   2.8604360e+06   2.2338867e+01
   2.8605230e+06   2.0324707e+01
   2.8606010e+06   2.2521973e+01
   2.8606830e+06   2.4230957e+01
   2.8607740e+06   1.5686035e+01
   2.8608580e+06   2.0141602e+01
   2.8609440e+06   1.9958496e+01
   2.8610310e+06   2.2766113e+01
   2.8611230e+06   2.0996094e+01
   2.8612290e+06   2.3071289e+01
   2.8613240e+06   2.1057129e+01
   2.8614190e+06   1.7883301e+01
   2.8615190e+06   1.8432617e+01
   2.8616150e+06   2.0690918e+01
   2.8617120e+06   1.8798828e+01
   2.8618050e+06   2.2155762e+01
   2.8619030e+06   2.1850586e+01
   2.8619970e+06   2.0019531e+01
   2.8620960e+06   1.9714355e+01
   2.8622030e+06   1.9104004e+01
   2.8623080e+06   1.9775391e+01
   2.8624130e+06   2.0141602e+01
   2.8625230e+06   1.9714355e+01
   2.8626210e+06   2.3498535e+01
   2.8627240e+06   1.9287109e+01
   2.8628270e+06   2.0874023e+01
   2.8629360e+06   1.9531250e+01
   2.8630630e+06   2.1545410e+01
   2.8631830e+06   1.8371582e+01
   2.8633040e+06   1.7395020e+01
   2.8634130e+06   1.8432617e+01
   2.8635310e+06   1.7272949e+01
   2.8636450e+06   2.0385742e+01
   2.8637720e+06   2.2033691e+01
   2.8638980e+06   1.9592285e+01
   2.8640110e+06   2.1423340e+01
   2.8641280e+06   1.9958496e+01
   2.8642640e+06   1.9775391e+01
   2.8643980e+06   1.6906738e+01
   2.8831530e+06   1.4221191e+01
   2.9549530e+06   1.4770508e+01
   3.5525810e+06   1.4770508e+01
   3.5526230e+06   1.4099121e+01
   3.5526330e+06   1.4404297e+01
   3.5526450e+06   3.8452148e+01
   3.5526660e+06   3.9794922e+01
   3.5526770e+06   5.0598145e+01
   3.5526960e+06   2.0385742e+01
   3.5527080e+06   5.1025391e+01
   3.5527520e+06   1.5258789e+01
   3.5527620e+06   2.3071289e+01
   3.5527860e+06   3.1616211e+01
   3.5528090e+06   2.0690918e+01
   3.5528260e+06   2.1728516e+01
   3.5528400e+06   1.3977051e+01
   3.5528580e+06   1.5563965e+01
   3.5528770e+06   1.4831543e+01
   3.5529090e+06   2.6550293e+01
   3.5529380e+06   1.4160156e+01
   3.5529660e+06   1.4404297e+01
   3.5529800e+06   1.9042969e+01
   3.5530110e+06   1.5075684e+01
   3.5530380e+06   1.4770508e+01
   3.5530580e+06   1.8127441e+01
   3.5530900e+06   1.6906738e+01
   3.5531390e+06   1.6784668e+01
   3.5531750e+06   1.5625000e+01
   3.5532130e+06   1.8615723e+01
   3.5532450e+06   1.6906738e+01
   3.5533000e+06   1.4587402e+01
   3.5533620e+06   1.6052246e+01
   3.5534230e+06   2.1911621e+01
   3.5534760e+06   2.0263672e+01
   3.5535270e+06   1.6845703e+01
   3.5535590e+06   1.4221191e+01
   3.5535910e+06   1.3916016e+01
   3.5536390e+06   1.6357422e+01
   3.5537050e+06   1.7089844e+01
   3.5537730e+06   1.8798828e+01
   3.5538360e+06   2.3315430e+01
   3.5539040e+06   2.3803711e+01
   3.5539280e+06   1.4160156e+01
   3.5539530e+06   1.8188477e+01
   3.5539940e+06   1.8371582e+01
   3.5540230e+06   1.6418457e+01
   3.5540390e+06   1.8310547e+01
   3.5541030e+06   1.7883301e+01
   3.5541690e+06   1.8188477e+01
   3.5542320e+06   2.1606445e+01
   3.5542940e+06   1.4160156e+01
   3.5543650e+06   2.0263672e+01
   3.5544350e+06   1.9714355e+01
   3.5545010e+06   1.9470215e+01
   3.5545670e+06   2.0629883e+01
   3.5546330e+06   2.1789551e+01
   3.5547030e+06   2.0202637e+01
   3.5547710e+06   2.4658203e+01
   3.5548450e+06   2.3010254e+01
   3.5549160e+06   2.0751953e+01
   3.5549900e+06   2.1972656e+01
   3.5550620e+06   2.0141602e+01
   3.5551380e+06   2.1362305e+01
   3.5552180e+06   1.9592285e+01
   3.5552910e+06   1.8554688e+01
   3.5553720e+06   1.8737793e+01
   3.5554520e+06   2.0141602e+01
   3.5555430e+06   1.8188477e+01
   3.5556270e+06   2.3254395e+01
   3.5557140e+06   1.9836426e+01
   3.5558000e+06   2.1606445e+01
   3.5558910e+06   1.5686035e+01
   3.5559860e+06   1.7822266e+01
   3.5560730e+06   2.1667480e+01
   3.5561600e+06   1.9897461e+01
   3.5562510e+06   2.0141602e+01
   3.5563480e+06   2.4169922e+01
   3.5564390e+06   2.1606445e+01
   3.5565240e+06   2.3559570e+01
   3.5566150e+06   2.1850586e+01
   3.5567130e+06   2.0324707e+01
   3.5568110e+06   1.9653320e+01
   3.5569000e+06   1.9714355e+01
   3.5569940e+06   1.8615723e+01
   3.5570840e+06   2.3803711e+01
   3.5571790e+06   2.4414062e+01
   3.5572700e+06   1.7883301e+01
   3.5573700e+06   1.8432617e+01
   3.5574700e+06   2.2216797e+01
   3.5575710e+06   2.1606445e+01
   3.5577070e+06   2.0141602e+01
   3.5578290e+06   2.2155762e+01
   3.5579400e+06   2.0874023e+01
   3.5580510e+06   1.9714355e+01
   3.5581670e+06   1.9409180e+01
   3.5582770e+06   2.1667480e+01
   3.5583860e+06   1.5258789e+01
   3.5585020e+06   1.9775391e+01
   3.5586310e+06   2.3315430e+01
   3.5587570e+06   2.1911621e+01
   3.5588910e+06   2.1972656e+01
   3.5590320e+06   2.2338867e+01
   3.5591640e+06   2.2583008e+01
   3.5592890e+06   1.7395020e+01
   3.5594360e+06   1.8554688e+01
   3.5595890e+06   2.1423340e+01
   3.7594170e+06   2.8564453e+01
   3.9549040e+06   1.4221191e+01
   3.9811120e+06   1.6662598e+01
   3.9811340e+06   1.6296387e+01
   3.9811530e+06   1.5563965e+01
   3.9811840e+06   4.8706055e+01
   3.9812050e+06   4.6264648e+01
   3.9812160e+06   3.8513184e+01
   3.9812340e+06   4.0222168e+01
   3.9812510e+06   3.9550781e+01
   3.9812730e+06   2.3376465e+01
   3.9812950e+06   2.2216797e+01
   3.9813120e+06   2.9968262e+01
   3.9813260e+06   2.4841309e+01
   3.9813460e+06   2.1789551e+01
   3.9813590e+06   1.7761230e+01
   3.9813840e+06   2.3803711e+01
   3.9814120e+06   2.2033691e+01
   3.9814260e+06   1.5869141e+01
   3.9814500e+06   1.7639160e+01
   3.9814920e+06   1.8493652e+01
   3.9815230e+06   1.4953613e+01
   3.9815460e+06   2.2827148e+01
   3.9815650e+06   1.4465332e+01
   3.9815770e+06   1.6845703e+01
   3.9816160e+06   2.3254395e+01
   3.9816430e+06   1.7272949e+01
   3.9816920e+06   1.8371582e+01
   3.9817260e+06   1.6906738e+01
   3.9817750e+06   1.3793945e+01
   3.9817960e+06   1.6540527e+01
   3.9818430e+06   1.5625000e+01
   3.9818920e+06   1.3977051e+01
   3.9820000e+06   2.1423340e+01
   3.9821150e+06   1.3916016e+01
   3.9821660e+06   1.5197754e+01
   3.9821760e+06   1.4343262e+01
   3.9822280e+06   2.0935059e+01
   3.9822920e+06   1.7028809e+01
   3.9823670e+06   2.1423340e+01
   3.9824400e+06   2.2155762e+01
   3.9824520e+06   1.3854980e+01
   3.9825150e+06   2.8198242e+01
   3.9825810e+06   1.7456055e+01
   3.9826450e+06   1.5258789e+01
   3.9827180e+06   2.0568848e+01
   3.9827880e+06   1.8066406e+01
   3.9828580e+06   1.9592285e+01
   3.9829220e+06   1.9897461e+01
   3.9829930e+06   1.9836426e+01
   3.9830680e+06   2.0629883e+01
   3.9831380e+06   1.8859863e+01
   3.9832170e+06   1.8432617e+01
   3.9832910e+06   2.4902344e+01
   3.9833710e+06   1.8920898e+01
   3.9834590e+06   2.1240234e+01
   3.9835340e+06   2.4597168e+01
   3.9836170e+06   2.1301270e+01
   3.9837030e+06   2.3376465e+01
   3.9837910e+06   2.0324707e+01
   3.9838760e+06   2.1057129e+01
   3.9839620e+06   2.2766113e+01
   3.9840500e+06   2.0935059e+01
   3.9841420e+06   2.2644043e+01
   3.9842410e+06   2.2399902e+01
   3.9843290e+06   2.2338867e+01
   3.9844250e+06   1.9714355e+01
   3.9845280e+06   1.8615723e+01
   3.9846330e+06   1.9226074e+01
   3.9847400e+06   2.1057129e+01
   3.9848300e+06   2.2644043e+01
   3.9849310e+06   1.8554688e+01
   3.9850300e+06   1.4038086e+01
   3.9851300e+06   2.2033691e+01
   3.9852340e+06   1.8554688e+01
   3.9853530e+06   2.0507812e+01
   3.9854690e+06   2.0141602e+01
   3.9855900e+06   2.0996094e+01
   3.9856980e+06   2.1057129e+01
   3.9858220e+06   2.0141602e+01
   3.9859650e+06   2.0324707e+01
   3.9860980e+06   1.9653320e+01
   3.9862780e+06   2.4719238e+01
   3.9864320e+06   2.5512695e+01
   3.9866150e+06   2.2399902e+01
   3.9867920e+06   1.7944336e+01
   4.1835490e+06   1.5136719e+01
   4.1835800e+06   1.4160156e+01
   4.5008850e+06   1.3977051e+01
   4.5008990e+06   2.9052734e+01
   4.5009210e+06   6.2500000e+01
   4.5009360e+06   2.4291992e+01
   4.5009530e+06   5.1330566e+01
   4.5009700e+06   2.3315430e+01
   4.5009910e+06   3.8330078e+01
   4.5010290e+06   1.7517090e+01
   4.5010530e+06   2.4841309e+01
   4.5010720e+06   2.0263672e+01
   4.5010980e+06   2.6367188e+01
   4.5011310e+06   2.1728516e+01
   4.5011540e+06   1.5563965e+01
   4.5011790e+06   1.5319824e+01
   4.5011940e+06   1.8493652e+01
   4.5012090e+06   2.4353027e+01
   4.5012350e+06   1.7150879e+01
   4.5012490e+06   1.5869141e+01
   4.5012680e+06   2.1606445e+01
   4.5012930e+06   1.4465332e+01
   4.5013290e+06   1.8920898e+01
   4.5013730e+06   1.6662598e+01
   4.5014090e+06   1.7517090e+01
   4.5014730e+06   1.9104004e+01
   4.5015140e+06   1.5014648e+01
   4.5015780e+06   1.6418457e+01
   4.5015980e+06   1.4221191e+01
   4.5016300e+06   1.9287109e+01
   4.5016850e+06   2.1545410e+01
   4.5017340e+06   2.0202637e+01
   4.5017840e+06   1.6296387e+01
   4.5018080e+06   1.5747070e+01
   4.5018580e+06   1.7944336e+01
   4.5019290e+06   1.3977051e+01
   4.5019870e+06   1.6174316e+01
   4.5020660e+06   1.3854980e+01
   4.5021120e+06   1.9470215e+01
   4.5021530e+06   1.5930176e+01
   4.5022020e+06   1.7944336e+01
   4.5022710e+06   1.8920898e+01
   4.5023390e+06   1.6174316e+01
   4.5024110e+06   1.5441895e+01
   4.5024830e+06   1.9348145e+01
   4.5025540e+06   1.9531250e+01
   4.5026270e+06   1.8981934e+01
   4.5026950e+06   1.7150879e+01
   4.5027660e+06   1.6540527e+01
   4.5028390e+06   2.1118164e+01
   4.5029120e+06   2.5817871e+01
   4.5029940e+06   2.0751953e+01
   4.5030710e+06   1.8432617e+01
   4.5031490e+06   1.9897461e+01
   4.5032310e+06   2.2216797e+01
   4.5033150e+06   2.1301270e+01
   4.5033930e+06   2.0507812e+01
   4.5034780e+06   2.0690918e+01
   4.5035670e+06   2.1728516e+01
   4.5036600e+06   2.4475098e+01
   4.5037470e+06   2.0202637e+01
   4.5038320e+06   2.2338867e+01
   4.5039280e+06   2.1118164e+01
   4.5040220e+06   1.7944336e+01
   4.5041200e+06   2.4169922e+01
   4.5042170e+06   2.3925781e+01
   4.5043410e+06   2.4353027e+01
   4.5044640e+06   2.3681641e+01
   4.5045680e+06   2.1606445e+01
   4.5046820e+06   2.1118164e+01
   4.5048140e+06   2.0568848e+01
   4.5049440e+06   2.2338867e+01
   4.5050760e+06   1.8981934e+01
   4.5052000e+06   1.8493652e+01
   4.5053380e+06   2.1667480e+01
   4.5054830e+06   1.8981934e+01
   4.5056090e+06   2.0263672e+01
   4.5057490e+06   2.5939941e+01
   4.5059140e+06   2.3559570e+01
   4.5060700e+06   2.2644043e+01
   4.5062290e+06   2.1423340e+01
   4.5063890e+06   2.1484375e+01
   4.5104500e+06   1.4404297e+01
   4.5390840e+06   1.4953613e+01
   4.7220430e+06   2.8869629e+01
   4.7220550e+06   2.9052734e+01
   4.7220750e+06   6.7199707e+01
   4.7221100e+06   5.2368164e+01
   4.7221210e+06   1.7822266e+01
   4.7221360e+06   3.0822754e+01
   4.7221480e+06   4.2724609e+01
   4.7221730e+06   1.9104004e+01
   4.7221840e+06   2.8808594e+01
   4.7222100e+06   1.7028809e+01
   4.7222290e+06   2.4169922e+01
   4.7222600e+06   1.4831543e+01
   4.7222790e+06   1.9287109e+01
   4.7222990e+06   2.2338867e+01
   4.7223300e+06   1.5930176e+01
   4.7223570e+06   1.6113281e+01
   4.7223840e+06   2.1911621e+01
   4.7224110e+06   1.7578125e+01
   4.7224410e+06   1.5808105e+01
   4.7224590e+06   1.5136719e+01
   4.7224700e+06   1.8554688e+01
   4.7224950e+06   2.6000977e+01
   4.7225450e+06   1.5075684e+01
   4.7226660e+06   1.7211914e+01
   4.7227720e+06   1.8188477e+01
   4.7228180e+06   1.3977051e+01
   4.7228300e+06   1.4831543e+01
   4.7228900e+06   1.8859863e+01
   4.7229470e+06   2.4658203e+01
   4.7230120e+06   1.7578125e+01
   4.7230640e+06   1.9836426e+01
   4.7231110e+06   1.5991211e+01
   4.7231360e+06   1.6113281e+01
   4.7232020e+06   1.5136719e+01
   4.7232240e+06   1.6113281e+01
   4.7232600e+06   1.7272949e+01
   4.7233040e+06   1.4465332e+01
   4.7233510e+06   2.1179199e+01
   4.7234230e+06   1.9592285e+01
   4.7234960e+06   2.4841309e+01
   4.7235680e+06   1.9958496e+01
   4.7236410e+06   2.0324707e+01
   4.7237170e+06   2.2399902e+01
   4.7237990e+06   1.9165039e+01
   4.7238760e+06   2.1423340e+01
   4.7239540e+06   1.8432617e+01
   4.7240310e+06   2.1301270e+01
   4.7241130e+06   2.0751953e+01
   4.7241920e+06   2.0629883e+01
   4.7242780e+06   1.7822266e+01
   4.7243650e+06   2.1789551e+01
   4.7244510e+06   2.8625488e+01
   4.7245370e+06   2.2399902e+01
   4.7246270e+06   2.1423340e+01
   4.7247240e+06   1.9409180e+01
   4.7248200e+06   2.0202637e+01
   4.7249140e+06   2.0324707e+01
   4.7250190e+06   1.9470215e+01
   4.7251300e+06   2.1911621e+01
   4.7252390e+06   2.2094727e+01
   4.7253830e+06   1.7211914e+01
   4.7254930e+06   2.4353027e+01
   4.7256250e+06   2.2583008e+01
   4.7257630e+06   1.9531250e+01
   4.7259140e+06   2.4291992e+01
   4.7260500e+06   2.4291992e+01
   4.7261810e+06   2.4047852e+01
   4.7263130e+06   2.4230957e+01
   4.9278540e+06   1.5991211e+01
   5.0326810e+06   2.1667480e+01
   5.0331650e+06   1.3916016e+01
   5.0332900e+06   1.4526367e+01
   5.0335130e+06   1.6967773e+01
   5.0335250e+06   1.5563965e+01
   5.0335670e+06   1.3916016e+01
   5.0336000e+06   1.3793945e+01
   5.0336290e+06   2.0874023e+01
   5.0336400e+06   1.8676758e+01
   5.0336530e+06   2.8808594e+01
   5.0336760e+06   5.4748535e+01
   5.0337010e+06   4.2480469e+01
   5.0337250e+06   3.1555176e+01
   5.0337440e+06   3.2287598e+01
   5.0337710e+06   1.7272949e+01
   5.0337840e+06   2.5634766e+01
   5.0338210e+06   1.5197754e+01
   5.0338470e+06   1.4160156e+01
   5.0338610e+06   1.7089844e+01
   5.0338820e+06   1.5441895e+01
   5.0339030e+06   2.3071289e+01
   5.0339450e+06   1.7700195e+01
   5.0339730e+06   2.6550293e+01
   5.0339970e+06   1.9165039e+01
   5.0340290e+06   1.7333984e+01
   5.0340670e+06   1.4953613e+01
   5.0341030e+06   1.5380859e+01
   5.0341300e+06   1.4160156e+01
   5.0341730e+06   1.5991211e+01
   5.0342460e+06   1.8737793e+01
   5.0343030e+06   1.5136719e+01
   5.0343430e+06   1.6967773e+01
   5.0344110e+06   2.1911621e+01
   5.0344660e+06   2.1179199e+01
   5.0345230e+06   1.7761230e+01
   5.0345850e+06   1.7883301e+01
   5.0346480e+06   1.5380859e+01
   5.0346900e+06   1.7028809e+01
   5.0347240e+06   2.0080566e+01
   5.0347800e+06   1.5258789e+01
   5.0348500e+06   1.9958496e+01
   5.0348880e+06   1.4892578e+01
   5.0349350e+06   2.2949219e+01
   5.0350050e+06   1.7150879e+01
   5.0350760e+06   2.0568848e+01
   5.0351480e+06   2.1179199e+01
   5.0351750e+06   1.5075684e+01
   5.0352250e+06   2.0080566e+01
   5.0353040e+06   2.0324707e+01
   5.0353300e+06   1.5563965e+01
   5.0353790e+06   2.5024414e+01
   5.0354560e+06   2.1606445e+01
   5.0355320e+06   1.9470215e+01
   5.0356120e+06   2.2521973e+01
   5.0356890e+06   2.1362305e+01
   5.0357760e+06   1.8127441e+01
   5.0358590e+06   1.8066406e+01
   5.0359400e+06   1.8371582e+01
   5.0360250e+06   2.2460938e+01
   5.0361180e+06   2.0751953e+01
   5.0362150e+06   2.3437500e+01
   5.0363170e+06   1.5319824e+01
   5.0364090e+06   2.1423340e+01
   5.0365120e+06   1.8920898e+01
   5.0366150e+06   2.4353027e+01
   5.0367140e+06   2.2888184e+01
   5.0368220e+06   2.3864746e+01
   5.0369440e+06   1.8859863e+01
   5.0370620e+06   2.0568848e+01
   5.0371870e+06   1.7211914e+01
   5.0373000e+06   2.1240234e+01
   5.0374580e+06   1.8920898e+01
   5.0375960e+06   1.8859863e+01
   5.2544420e+06   1.3732910e+01
   5.2544520e+06   3.0334473e+01
   5.2544730e+06   3.0456543e+01
   5.2544930e+06   6.3049316e+01
   5.2545140e+06   1.8859863e+01
   5.2545260e+06   4.6142578e+01
   5.2545410e+06   2.6428223e+01
   5.2545700e+06   2.6611328e+01
   5.2545800e+06   1.7822266e+01
   5.2545970e+06   2.4414062e+01
   5.2546100e+06   3.4362793e+01
   5.2546360e+06   2.2277832e+01
   5.2546480e+06   2.3193359e+01
   5.2546680e+06   1.9653320e+01
   5.2546890e+06   2.1911621e+01
   5.2547500e+06   1.8554688e+01
   5.2547690e+06   2.1911621e+01
   5.2547960e+06   1.6723633e+01
   5.2548080e+06   2.2949219e+01
   5.2548390e+06   1.7578125e+01
   5.2548490e+06   1.8432617e+01
   5.2548760e+06   1.5136719e+01
   5.2548940e+06   1.5563965e+01
   5.2549150e+06   1.6357422e+01
   5.2549480e+06   1.5808105e+01
   5.2549690e+06   2.2766113e+01
   5.2550660e+06   2.2155762e+01
   5.2551740e+06   1.9165039e+01
   5.2552230e+06   2.0019531e+01
   5.2552950e+06   2.0812988e+01
   5.2553550e+06   1.8188477e+01
   5.2554120e+06   1.7944336e+01
   5.2554760e+06   1.7456055e+01
   5.2555460e+06   1.6784668e+01
   5.2556090e+06   2.0446777e+01
   5.2556810e+06   1.8432617e+01
   5.2557600e+06   1.8859863e+01
   5.2558320e+06   2.3498535e+01
   5.2559080e+06   2.1240234e+01
   5.2559870e+06   2.0263672e+01
   5.2560640e+06   1.9226074e+01
   5.2561470e+06   2.2033691e+01
   5.2562290e+06   2.3559570e+01
   5.2563120e+06   1.9958496e+01
   5.2563970e+06   2.0507812e+01
   5.2564860e+06   2.3986816e+01
   5.2565780e+06   2.3132324e+01
   5.2566650e+06   2.2033691e+01
   5.2567590e+06   2.2094727e+01
   5.2568490e+06   2.3010254e+01
   5.2569460e+06   2.1362305e+01
   5.2570390e+06   1.8127441e+01
   5.2571340e+06   2.0324707e+01
   5.2572400e+06   2.1362305e+01
   5.2573420e+06   2.0507813e+01
   5.2574560e+06   2.1789551e+01
   5.2575600e+06   2.0568848e+01
   5.2576720e+06   2.0812988e+01
   5.2578210e+06   1.9897461e+01
   5.2579890e+06   2.2827148e+01
   5.2581510e+06   2.1179199e+01
   5.2582960e+06   2.3010254e+01
   5.2584520e+06   2.6245117e+01
   5.2662390e+06   1.6357422e+01
   5.2849940e+06   1.3854980e+01
   5.3791170e+06   1.4282227e+01
   5.3791470e+06   1.6479492e+01
   5.3791640e+06   2.9724121e+01
   5.3791950e+06   2.4230957e+01
   5.3792080e+06   2.1301270e+01
   5.3792190e+06   6.2927246e+01
   5.3792450e+06   4.6447754e+01
   5.3792550e+06   4.3518066e+01
   5.3792930e+06   3.6010742e+01
   5.3793030e+06   2.3071289e+01
   5.3793160e+06   1.9042969e+01
   5.3793310e+06   2.1484375e+01
   5.3793520e+06   1.5563965e+01
   5.3793710e+06   2.2155762e+01
   5.3793830e+06   1.7883301e+01
   5.3794100e+06   2.1850586e+01
   5.3794340e+06   2.1667480e+01
   5.3794640e+06   1.7395020e+01
   5.3795040e+06   2.0324707e+01
   5.3795350e+06   1.8920898e+01
   5.3795950e+06   1.4648437e+01
   5.3796470e+06   1.5686035e+01
   5.3796990e+06   1.4099121e+01
   5.3797440e+06   1.6601562e+01
   5.3797740e+06   1.9531250e+01
   5.3798700e+06   1.5747070e+01
   5.3798960e+06   1.4038086e+01
   5.3799220e+06   1.4160156e+01
   5.3799520e+06   1.4282227e+01
   5.3799870e+06   1.8981934e+01
   5.3800430e+06   1.6540527e+01
   5.3800740e+06   1.4526367e+01
   5.3801860e+06   2.6123047e+01
   5.3802090e+06   2.4169922e+01
   5.3802190e+06   1.4038086e+01
   5.3802570e+06   1.7700195e+01
   5.3803170e+06   2.1240234e+01
   5.3804040e+06   2.8564453e+01
   5.3804830e+06   2.3620605e+01
   5.3805600e+06   1.8981934e+01
   5.3806390e+06   2.0446777e+01
   5.3807180e+06   2.1850586e+01
   5.3807940e+06   2.1911621e+01
   5.3808740e+06   1.9836426e+01
   5.3809600e+06   2.1118164e+01
   5.3810540e+06   2.1423340e+01
   5.3811460e+06   2.4902344e+01
   5.3812440e+06   2.0935059e+01
   5.3813430e+06   2.2094727e+01
   5.3814440e+06   1.9653320e+01
   5.3815550e+06   2.3925781e+01
   5.3816710e+06   2.2033691e+01
   5.3817860e+06   2.1057129e+01
   5.3819070e+06   2.2583008e+01
   5.3820260e+06   2.8564453e+01
   5.3821640e+06   2.2644043e+01
   5.3823020e+06   2.0629883e+01
   5.3824440e+06   2.3559570e+01
   5.3825940e+06   2.4230957e+01
   5.4720550e+06   1.3916016e+01
   5.5764900e+06   1.5625000e+01
   5.5765100e+06   2.4108887e+01
   5.5765460e+06   4.1992188e+01
   5.5765600e+06   3.1982422e+01
   5.5765820e+06   3.1799316e+01
   5.5766040e+06   2.0690918e+01
   5.5766240e+06   4.0466309e+01
   5.5766490e+06   1.8432617e+01
   5.5766660e+06   1.8493652e+01
   5.5766770e+06   2.0141602e+01
   5.5767110e+06   1.9653320e+01
   5.5767320e+06   1.7822266e+01
   5.5767560e+06   2.1423340e+01
   5.5767870e+06   1.3977051e+01
   5.5768030e+06   2.3437500e+01
   5.5768380e+06   1.8798828e+01
   5.5768750e+06   1.6723633e+01
   5.5769010e+06   1.4221191e+01
   5.5769190e+06   2.0263672e+01
   5.5769650e+06   1.9470215e+01
   5.5770030e+06   1.5747070e+01
   5.5770300e+06   1.4587402e+01
   5.5772080e+06   1.4648438e+01
   5.5772200e+06   1.3854980e+01
   5.5772640e+06   1.4038086e+01
   5.5773320e+06   1.7517090e+01
   5.5774050e+06   1.8310547e+01
   5.5774700e+06   1.5625000e+01
   5.5775300e+06   1.7822266e+01
   5.5775980e+06   2.4475098e+01
   5.5776450e+06   2.4169922e+01
   5.5776680e+06   1.7028809e+01
   5.5777360e+06   1.9714355e+01
   5.5778330e+06   2.4658203e+01
   5.5778500e+06   1.4770508e+01
   5.5779130e+06   1.8310547e+01
   5.5779950e+06   1.7761230e+01
   5.5780790e+06   2.2888184e+01
   5.5781710e+06   2.2399902e+01
   5.5782590e+06   2.1606445e+01
   5.5783530e+06   2.2766113e+01
   5.5784490e+06   2.2033691e+01
   5.5785480e+06   2.1545410e+01
   5.5786460e+06   2.1911621e+01
   5.5787540e+06   2.5939941e+01
   5.5788690e+06   2.2583008e+01
   5.5789910e+06   2.5451660e+01
   5.5791300e+06   2.1301270e+01
   5.5792500e+06   1.9836426e+01
   5.5793790e+06   2.3193359e+01
   5.5795280e+06   2.0080566e+01
   5.5796930e+06   1.9287109e+01
   5.5798550e+06   1.9348145e+01
   5.5800110e+06   2.2155762e+01
   5.5916770e+06   1.4770508e+01
   5.6482150e+06   1.8493652e+01
   5.6482590e+06   4.1198730e+01
   5.6482740e+06   2.1301270e+01
   5.6482920e+06   7.9406738e+01
   5.6483160e+06   1.4160156e+01
   5.6483310e+06   6.4514160e+01
   5.6483560e+06   2.0751953e+01
   5.6483700e+06   4.0588379e+01
   5.6483820e+06   2.5329590e+01
   5.6484090e+06   3.1433105e+01
   5.6484200e+06   1.9531250e+01
   5.6484490e+06   2.7770996e+01
   5.6484690e+06   1.7150879e+01
   5.6484890e+06   2.0080566e+01
   5.6485390e+06   2.8747559e+01
   5.6485780e+06   1.5930176e+01
   5.6486010e+06   1.5441895e+01
   5.6486370e+06   1.4404297e+01
   5.6486650e+06   1.8066406e+01
   5.6486800e+06   1.5563965e+01
   5.6486940e+06   1.4343262e+01
   5.6487620e+06   1.4770508e+01
   5.6487800e+06   1.4953613e+01
   5.6488030e+06   1.7456055e+01
   5.6488210e+06   1.5563965e+01
   5.6488630e+06   2.5451660e+01
   5.6488970e+06   1.7517090e+01
   5.6489120e+06   1.9653320e+01
   5.6489390e+06   1.6967773e+01
   5.6489730e+06   2.4108887e+01
   5.6490820e+06   1.5197754e+01
   5.6491010e+06   1.4343262e+01
   5.6491820e+06   1.8676758e+01
   5.6492470e+06   1.9958496e+01
   5.6492860e+06   1.5991211e+01
   5.6493220e+06   1.9409180e+01
   5.6493530e+06   1.3916016e+01
   5.6494210e+06   1.7883301e+01
   5.6494790e+06   2.2338867e+01
   5.6495010e+06   1.8310547e+01
   5.6495190e+06   1.5258789e+01
   5.6495690e+06   1.7272949e+01
   5.6495840e+06   1.9104004e+01
   5.6496740e+06   2.2521973e+01
   5.6497590e+06   1.9775391e+01
   5.6498490e+06   1.6845703e+01
   5.6498940e+06   1.3977051e+01
   5.6499420e+06   1.8249512e+01
   5.6500400e+06   2.5207520e+01
   5.6501460e+06   2.3132324e+01
   5.6502580e+06   2.3620605e+01
   5.6503610e+06   2.3681641e+01
   5.6504840e+06   2.4963379e+01
   5.6506300e+06   2.4353027e+01
   5.6507650e+06   2.3376465e+01
   5.6514170e+06   1.4648438e+01
