   5.9990000e+06   0.0000000e+00
   1.6150000e+03   1.8005371e+01
   1.0116000e+04   1.4404297e+01
   1.1160000e+04   1.5563965e+01
   2.4630000e+04   1.4770508e+01
   2.7630000e+04   1.5441895e+01
   4.4832000e+04   1.4831543e+01
   5.7922000e+04   1.4831543e+01
   5.7953000e+04   1.5014648e+01
   6.7442000e+04   1.7517090e+01
   7.0690000e+04   1.4770508e+01
   7.5611000e+04   1.4526367e+01
   7.7251000e+04   1.5258789e+01
   8.1217000e+04   1.4770508e+01
   8.2414000e+04   1.5319824e+01
   1.1352700e+05   1.5502930e+01
   1.1607900e+05   1.5808105e+01
   1.3221200e+05   1.6235352e+01
   1.3947500e+05   1.4892578e+01
   1.4432500e+05   1.5869141e+01
   1.5123400e+05   1.4770508e+01
   1.6493700e+05   1.4831543e+01
   1.7364800e+05   1.6662598e+01
   1.7539800e+05   1.8188477e+01
   1.7962500e+05   1.4892578e+01
   1.8354100e+05   1.5258789e+01
   1.8368000e+05   1.4648438e+01
   1.8668700e+05   1.7333984e+01
   2.0159300e+05   1.4892578e+01
   2.0572500e+05   1.5014648e+01
   2.4020500e+05   1.8127441e+01
   2.4390600e+05   1.4892578e+01
   2.4988200e+05   1.5014648e+01
   2.6446300e+05   1.4831543e+01
   2.6706400e+05   1.5319824e+01
   2.7085300e+05   1.4282227e+01
   2.8026300e+05   1.8859863e+01
   2.8034300e+05   1.7089844e+01
   3.0655300e+05   1.5563965e+01
   3.5284500e+05   1.6784668e+01
   3.6545300e+05   1.4404297e+01
   3.9372300e+05   1.5869141e+01
   4.0472400e+05   1.5747070e+01
   4.0718600e+05   1.4465332e+01
   4.0964800e+05   1.5014648e+01
   4.1517300e+05   1.7944336e+01
   4.1541000e+05   1.4953613e+01
   4.3142400e+05   1.5075684e+01
   4.3442600e+05   1.5686035e+01
   4.4180600e+05   1.4465332e+01
   4.5266100e+05   1.6052246e+01
   4.7170200e+05   1.5319824e+01
   5.0123900e+05   1.5380859e+01
   5.1168100e+05   1.4465332e+01
   5.1388700e+05   1.4892578e+01
   5.2967300e+05   1.5014648e+01
   5.3485800e+05   2.3925781e+01
   5.4229700e+05   1.4770508e+01
   5.4250500e+05   1.6540527e+01
   5.8200700e+05   1.4343262e+01
   5.9064700e+05   1.6052246e+01
   5.9253600e+05   1.9042969e+01
   5.9261200e+05   1.8127441e+01
   5.9268300e+05   1.4465332e+01
   5.9276500e+05   1.8676758e+01
   5.9279400e+05   1.5747070e+01
   5.9281500e+05   1.8005371e+01
   5.9292700e+05   1.9897461e+01
   6.0433500e+05   1.4465332e+01
   6.0522000e+05   1.8249512e+01
   6.1133800e+05   1.5441895e+01
   6.4355900e+05   1.5502930e+01
   6.7397500e+05   1.4465332e+01
   6.7888200e+05   2.4841309e+01
   6.8519000e+05   1.4404297e+01
   6.8730100e+05   1.7883301e+01
   6.9263300e+05   1.4953613e+01
   7.1748100e+05   1.4709473e+01
   7.2348900e+05   1.4282227e+01
   7.2797800e+05   1.4709473e+01
   7.3447600e+05   1.5808105e+01
   7.4550300e+05   1.4892578e+01
   7.5178300e+05   1.4709473e+01
   7.6216000e+05   1.4892578e+01
   8.0753400e+05   1.4404297e+01
   8.1393000e+05   1.7822266e+01
   8.2163000e+05   1.4404297e+01
   8.4040200e+05   1.4709473e+01
   9.1064000e+05   1.5075684e+01
   9.1233900e+05   1.6052246e+01
   9.2428100e+05   1.6540527e+01
   9.3933600e+05   1.4831543e+01
   9.6118200e+05   1.4709473e+01
   9.6225100e+05   1.5747070e+01
   9.6459900e+05   1.4343262e+01
   9.8074300e+05   1.7883301e+01
   9.8104500e+05   1.5869141e+01
   9.8117500e+05   2.0202637e+01
   9.8124000e+05   1.5380859e+01
   9.8126900e+05   2.3681641e+01
   9.8136100e+05   1.4343262e+01
   9.8140000e+05   1.5502930e+01
   9.8157300e+05   1.4648438e+01
   9.8174200e+05   1.7456055e+01
   9.8201900e+05   2.2216797e+01
   9.9778900e+05   1.7211914e+01
   1.0033490e+06   1.4526367e+01
   1.0118510e+06   1.6235352e+01
   1.0273250e+06   1.6296387e+01
   1.0435190e+06   1.4648438e+01
   1.0838160e+06   1.9775391e+01
   1.0838440e+06   1.5197754e+01
   1.0838790e+06   2.4169922e+01
   1.0838910e+06   2.8930664e+01
   1.0839270e+06   1.8127441e+01
   1.0839520e+06   5.1818848e+01
   1.0839670e+06   1.9042969e+01
   1.0839870e+06   6.5368652e+01
   1.0840030e+06   3.2409668e+01
   1.0840210e+06   5.0842285e+01
   1.0840580e+06   3.7414551e+01
   1.0840810e+06   2.8747559e+01
   1.0840910e+06   3.2531738e+01
   1.0841140e+06   3.5217285e+01
   1.0841410e+06   3.4667969e+01
   1.0841560e+06   2.1972656e+01
   1.0841850e+06   2.7526855e+01
   1.0841970e+06   1.9592285e+01
   1.0842390e+06   2.3864746e+01
   1.0842580e+06   2.0385742e+01
   1.0842690e+06   2.2216797e+01
   1.0842970e+06   4.1381836e+01
   1.0843180e+06   1.4709473e+01
   1.0843320e+06   2.1728516e+01
   1.0843660e+06   2.1301270e+01
   1.0843800e+06   1.4587402e+01
   1.0843960e+06   2.2705078e+01
   1.0844180e+06   1.5380859e+01
   1.0844680e+06   2.6184082e+01
   1.0845000e+06   1.8127441e+01
   1.0845120e+06   1.9897461e+01
   1.0845750e+06   1.5136719e+01
   1.0846040e+06   1.5319824e+01
   1.0846340e+06   1.5197754e+01
   1.0846850e+06   1.9226074e+01
   1.0847270e+06   1.5319824e+01
   1.0847540e+06   2.4780273e+01
   1.0847860e+06   1.5808105e+01
   1.0848010e+06   1.4587402e+01
   1.0848340e+06   1.5380859e+01
   1.0848750e+06   1.6296387e+01
   1.0848960e+06   1.9775391e+01
   1.0849240e+06   2.3742676e+01
   1.0849410e+06   1.5075684e+01
   1.0850060e+06   1.5136719e+01
   1.0850490e+06   1.5258789e+01
   1.0851080e+06   1.5136719e+01
   1.0851260e+06   1.4892578e+01
   1.0851970e+06   1.6906738e+01
   1.0853410e+06   1.6296387e+01
   1.0856110e+06   1.5563965e+01
   1.0856370e+06   1.5441895e+01
   1.0861300e+06   1.6113281e+01
   1.0861840e+06   1.6357422e+01
   1.0864100e+06   1.4648438e+01
   1.0865150e+06   1.5869141e+01
   1.0869040e+06   1.4587402e+01
   1.0881100e+06   1.4404297e+01
   1.0926820e+06   1.5136719e+01
   1.0929670e+06   1.6601562e+01
   1.0932380e+06   1.4831543e+01
   1.0952850e+06   1.5014648e+01
   1.0954330e+06   1.5014648e+01
   1.0955490e+06   1.7517090e+01
   1.0955710e+06   1.5319824e+01
   1.0958650e+06   1.4282227e+01
   1.0965030e+06   1.6113281e+01
   1.0968330e+06   1.6845703e+01
   1.0975410e+06   1.5258789e+01
   1.0977200e+06   1.4282227e+01
   1.0979340e+06   1.4343262e+01
   1.0984150e+06   1.4465332e+01
   1.1004070e+06   1.9226074e+01
   1.1018810e+06   1.4587402e+01
   1.1020820e+06   2.0935059e+01
   1.1022470e+06   1.5197754e+01
   1.1022690e+06   1.7150879e+01
   1.1024090e+06   1.5014648e+01
   1.1027950e+06   1.4404297e+01
   1.1030000e+06   1.4343262e+01
   1.1032180e+06   1.9958496e+01
   1.1034240e+06   1.4282227e+01
   1.1036960e+06   1.5014648e+01
   1.1039290e+06   1.6906738e+01
   1.1039540e+06   1.5075684e+01
   1.1041450e+06   1.4770508e+01
   1.1043150e+06   1.9226074e+01
   1.1043830e+06   1.4770508e+01
   1.1045300e+06   1.4404297e+01
   1.1047040e+06   1.4587402e+01
   1.1050460e+06   1.5075684e+01
   1.1052110e+06   1.4526367e+01
   1.1062410e+06   1.5563965e+01
   1.1068640e+06   2.0568848e+01
   1.1070590e+06   1.4831543e+01
   1.1076380e+06   1.6540527e+01
   1.1078470e+06   1.5563965e+01
   1.1081990e+06   1.6601562e+01
   1.1085570e+06   1.5869141e+01
   1.1096200e+06   1.5930176e+01
   1.1102140e+06   1.8188477e+01
   1.1102280e+06   1.5625000e+01
   1.1113040e+06   1.4282227e+01
   1.1115010e+06   1.4343262e+01
   1.1116130e+06   1.5808105e+01
   1.1125470e+06   1.5563965e+01
   1.1135260e+06   1.6906738e+01
   1.1138320e+06   1.5563965e+01
   1.1144190e+06   1.5502930e+01
   1.1149810e+06   2.1179199e+01
   1.1243240e+06   2.4291992e+01
   1.1250840e+06   1.9104004e+01
   1.1251050e+06   1.4282227e+01
   1.1264050e+06   1.5502930e+01
   1.1277140e+06   1.8127441e+01
   1.1309010e+06   1.6052246e+01
   1.1332850e+06   1.5258789e+01
   1.1366630e+06   1.4587402e+01
   1.1408270e+06   1.4282227e+01
   1.1659040e+06   1.4770508e+01
   1.1707570e+06   1.4953613e+01
   1.1725840e+06   1.4343262e+01
   1.1945070e+06   1.6906738e+01
   1.1989660e+06   1.5625000e+01
   1.2038850e+06   1.4953613e+01
   1.2078750e+06   1.4282227e+01
   1.2592460e+06   1.4465332e+01
   1.2612600e+06   1.5808105e+01
   1.4055130e+06   1.4770508e+01
   1.4372910e+06   1.5686035e+01
   1.4675730e+06   1.6113281e+01
   1.4695340e+06   1.4404297e+01
   1.5244370e+06   1.4831543e+01
   1.5297030e+06   1.5075684e+01
   1.5297240e+06   1.5991211e+01
   1.5297720e+06   1.6784668e+01
   1.5297860e+06   7.5256348e+01
   1.5297970e+06   1.6784668e+01
   1.5298070e+06   2.0507813e+01
   1.5298220e+06   4.6997070e+01
   1.5298460e+06   2.9968262e+01
   1.5298760e+06   2.4597168e+01
   1.5298920e+06   4.1442871e+01
   1.5299110e+06   2.7709961e+01
   1.5299230e+06   1.7089844e+01
   1.5299460e+06   3.2592773e+01
   1.5299670e+06   2.6489258e+01
   1.5299900e+06   3.4667969e+01
   1.5300070e+06   2.2033691e+01
   1.5300420e+06   2.4047852e+01
   1.5300540e+06   2.4108887e+01
   1.5300700e+06   1.7150879e+01
   1.5300970e+06   1.7822266e+01
   1.5301150e+06   1.6296387e+01
   1.5301280e+06   3.0395508e+01
   1.5301670e+06   1.4587402e+01
   1.5301870e+06   2.0446777e+01
   1.5302030e+06   2.7709961e+01
   1.5302250e+06   1.7944336e+01
   1.5302380e+06   1.5197754e+01
   1.5302570e+06   2.1240234e+01
   1.5302830e+06   1.4343262e+01
   1.5302990e+06   2.3559570e+01
   1.5303730e+06   1.4587402e+01
   1.5303960e+06   1.7700195e+01
   1.5304250e+06   1.5441895e+01
   1.5304390e+06   1.4953613e+01
   1.5304500e+06   1.4831543e+01
   1.5304870e+06   1.9348145e+01
   1.5305380e+06   1.4282227e+01
   1.5306040e+06   1.6235352e+01
   1.5306280e+06   1.7089844e+01
   1.5306530e+06   1.4953613e+01
   1.5306800e+06   1.5563965e+01
   1.5307280e+06   1.4404297e+01
   1.5307800e+06   1.4343262e+01
   1.5308120e+06   1.6052246e+01
   1.5308360e+06   1.5197754e+01
   1.5309390e+06   1.6418457e+01
   1.5310980e+06   1.5258789e+01
   1.5311390e+06   1.6906738e+01
   1.5311780e+06   1.5625000e+01
   1.5312060e+06   1.4648438e+01
   1.5313110e+06   1.5625000e+01
   1.5313590e+06   1.4526367e+01
   1.5314970e+06   1.5869141e+01
   1.5316520e+06   2.0080566e+01
   1.5318270e+06   1.7395020e+01
   1.5318430e+06   1.6967773e+01
   1.5320570e+06   1.4465332e+01
   1.5321820e+06   1.5319824e+01
   1.5325440e+06   1.4526367e+01
   1.5327820e+06   1.5441895e+01
   1.5328340e+06   1.7883301e+01
   1.5331940e+06   1.4404297e+01
   1.5333370e+06   1.4831543e+01
   1.5344890e+06   2.0446777e+01
   1.5346410e+06   1.5014648e+01
   1.5349020e+06   1.5136719e+01
   1.5350960e+06   1.8493652e+01
   1.5354220e+06   1.6052246e+01
   1.5373100e+06   1.4709473e+01
   1.5376120e+06   1.4343262e+01
   1.5384890e+06   1.5197754e+01
   1.5387790e+06   1.5075684e+01
   1.5400190e+06   1.5136719e+01
   1.5403390e+06   1.7822266e+01
   1.5406530e+06   1.5747070e+01
   1.5407970e+06   1.4465332e+01
   1.5413980e+06   1.4526367e+01
   1.5415670e+06   1.4770508e+01
   1.5423340e+06   1.5197754e+01
   1.5428350e+06   1.4343262e+01
   1.5429280e+06   1.4648438e+01
   1.5430840e+06   1.9531250e+01
   1.5432480e+06   1.7456055e+01
   1.5447590e+06   1.4770508e+01
   1.5451560e+06   3.2470703e+01
   1.5456330e+06   1.6235352e+01
   1.5461000e+06   1.4465332e+01
   1.5464410e+06   1.4709473e+01
   1.5466340e+06   1.7211914e+01
   1.5474490e+06   1.4404297e+01
   1.5487550e+06   1.4465332e+01
   1.5488290e+06   1.5808105e+01
   1.5490090e+06   1.5258789e+01
   1.5490200e+06   1.5319824e+01
   1.5492240e+06   1.6052246e+01
   1.5494190e+06   1.5258789e+01
   1.5496490e+06   1.5930176e+01
   1.5498540e+06   1.5258789e+01
   1.5501300e+06   1.5502930e+01
   1.5501440e+06   1.4404297e+01
   1.5504000e+06   1.8371582e+01
   1.5528230e+06   1.4343262e+01
   1.5536850e+06   1.5258789e+01
   1.5574210e+06   1.7089844e+01
   1.5584680e+06   1.6845703e+01
   1.5588640e+06   1.5686035e+01
   1.5598620e+06   1.4770508e+01
   1.5631930e+06   1.5197754e+01
   1.5795990e+06   1.6052246e+01
   1.5869160e+06   1.4343262e+01
   1.6004840e+06   1.4709473e+01
   1.6631580e+06   1.4648438e+01
   1.6678610e+06   1.6601562e+01
   1.7512310e+06   1.4404297e+01
   1.7610880e+06   1.4465332e+01
   1.8411490e+06   1.5014648e+01
   1.8869230e+06   1.5197754e+01
   1.8869510e+06   1.5075684e+01
   1.8869760e+06   2.3925781e+01
   1.8869930e+06   4.3151855e+01
   1.8870050e+06   5.2307129e+01
   1.8870150e+06   4.0771484e+01
   1.8870390e+06   2.7221680e+01
   1.8870570e+06   2.9174805e+01
   1.8870690e+06   1.5502930e+01
   1.8870820e+06   4.3090820e+01
   1.8871220e+06   3.4118652e+01
   1.8871340e+06   2.1484375e+01
   1.8871530e+06   1.8005371e+01
   1.8871820e+06   2.7770996e+01
   1.8871950e+06   2.1606445e+01
   1.8872270e+06   3.3569336e+01
   1.8872410e+06   1.8066406e+01
   1.8872640e+06   1.8127441e+01
   1.8872790e+06   1.9714355e+01
   1.8873010e+06   2.0324707e+01
   1.8873170e+06   1.7700195e+01
   1.8873320e+06   1.5075684e+01
   1.8873480e+06   1.5991211e+01
   1.8873680e+06   1.4648438e+01
   1.8873960e+06   1.5625000e+01
   1.8874140e+06   2.0507812e+01
   1.8874340e+06   1.4465332e+01
   1.8874620e+06   1.9348145e+01
   1.8874960e+06   2.2766113e+01
   1.8875060e+06   1.5380859e+01
   1.8875310e+06   1.5380859e+01
   1.8875640e+06   1.6418457e+01
   1.8876050e+06   1.7456055e+01
   1.8876210e+06   1.6601562e+01
   1.8876410e+06   1.5502930e+01
   1.8876540e+06   1.5625000e+01
   1.8876850e+06   1.5686035e+01
   1.8877060e+06   1.5686035e+01
   1.8877320e+06   1.7395020e+01
   1.8877470e+06   1.8737793e+01
   1.8877660e+06   1.9409180e+01
   1.8878040e+06   1.7395020e+01
   1.8878310e+06   1.6357422e+01
   1.8878410e+06   1.8676758e+01
   1.8878810e+06   1.5136719e+01
   1.8879150e+06   1.7456055e+01
   1.8879360e+06   1.6235352e+01
   1.8879990e+06   1.4892578e+01
   1.8880120e+06   1.5319824e+01
   1.8880550e+06   1.5075684e+01
   1.8880820e+06   1.6113281e+01
   1.8881120e+06   1.4953613e+01
   1.8881300e+06   1.5197754e+01
   1.8882560e+06   1.4770508e+01
   1.8883730e+06   1.5197754e+01
   1.8883850e+06   1.6113281e+01
   1.8884840e+06   1.5441895e+01
   1.8885280e+06   1.4587402e+01
   1.8888100e+06   1.6174316e+01
   1.8889220e+06   1.7822266e+01
   1.8889840e+06   1.5197754e+01
   1.8890530e+06   1.5075684e+01
   1.8891430e+06   1.4831543e+01
   1.8892810e+06   1.6235352e+01
   1.8893450e+06   1.4343262e+01
   1.8895100e+06   1.5075684e+01
   1.8896570e+06   1.6052246e+01
   1.8896840e+06   1.4587402e+01
   1.8913660e+06   1.4831543e+01
   1.8915150e+06   1.4953613e+01
   1.8922740e+06   1.5747070e+01
   1.8937390e+06   1.4831543e+01
   1.8937660e+06   1.4282227e+01
   1.8940400e+06   1.5014648e+01
   1.8946730e+06   1.5136719e+01
   1.8948340e+06   1.4526367e+01
   1.8958130e+06   1.5319824e+01
   1.8965650e+06   1.4648438e+01
   1.8970040e+06   1.5686035e+01
   1.8973450e+06   1.4282227e+01
   1.8982200e+06   1.8798828e+01
   1.8985040e+06   1.5258789e+01
   1.8998860e+06   1.6052246e+01
   1.9004190e+06   1.5563965e+01
   1.9008040e+06   1.4404297e+01
   1.9008740e+06   1.5502930e+01
   1.9018370e+06   1.4526367e+01
   1.9027170e+06   1.4770508e+01
   1.9027530e+06   1.7761230e+01
   1.9034540e+06   1.5991211e+01
   1.9036140e+06   1.4526367e+01
   1.9037770e+06   1.6113281e+01
   1.9069240e+06   1.5441895e+01
   1.9130880e+06   1.4831543e+01
   1.9228850e+06   1.4526367e+01
   1.9392730e+06   1.7761230e+01
   1.9556960e+06   1.5380859e+01
   1.9856580e+06   1.4709473e+01
   2.0213470e+06   1.5502930e+01
   2.0870800e+06   1.5136719e+01
   2.1323890e+06   1.4892578e+01
   2.1377600e+06   1.4709473e+01
   2.2339970e+06   1.8249512e+01
   2.2340220e+06   2.1911621e+01
   2.2340470e+06   1.7028809e+01
   2.2340580e+06   4.7119141e+01
   2.2340790e+06   4.4433594e+01
   2.2341140e+06   2.9479980e+01
   2.2341260e+06   4.3395996e+01
   2.2341530e+06   3.1250000e+01
   2.2341630e+06   2.5390625e+01
   2.2341840e+06   2.6306152e+01
   2.2342190e+06   2.9052734e+01
   2.2342410e+06   2.3193359e+01
   2.2342520e+06   1.8981934e+01
   2.2342710e+06   1.6113281e+01
   2.2342890e+06   1.5197754e+01
   2.2343060e+06   2.0751953e+01
   2.2343160e+06   2.2521973e+01
   2.2343310e+06   2.4475098e+01
   2.2343560e+06   4.0466309e+01
   2.2343780e+06   1.6174316e+01
   2.2343990e+06   2.7526855e+01
   2.2344280e+06   2.3315430e+01
   2.2344800e+06   1.5380859e+01
   2.2345230e+06   1.6113281e+01
   2.2345450e+06   2.2277832e+01
   2.2345730e+06   1.5014648e+01
   2.2345880e+06   1.9470215e+01
   2.2346030e+06   1.4770508e+01
   2.2346300e+06   1.6479492e+01
   2.2346620e+06   1.6601562e+01
   2.2347200e+06   1.4465332e+01
   2.2347430e+06   1.4709473e+01
   2.2347580e+06   1.9409180e+01
   2.2347870e+06   1.5319824e+01
   2.2348030e+06   1.9165039e+01
   2.2348160e+06   1.5441895e+01
   2.2348670e+06   1.9531250e+01
   2.2349030e+06   1.8554688e+01
   2.2349260e+06   1.7272949e+01
   2.2349610e+06   1.6967773e+01
   2.2350380e+06   1.4282227e+01
   2.2350540e+06   1.6662598e+01
   2.2350820e+06   1.5991211e+01
   2.2352330e+06   1.4282227e+01
   2.2352830e+06   1.4465332e+01
   2.2352990e+06   1.4587402e+01
   2.2353770e+06   1.7028809e+01
   2.2354280e+06   1.8493652e+01
   2.2354730e+06   1.7150879e+01
   2.2355820e+06   2.5634766e+01
   2.2355990e+06   1.7761230e+01
   2.2357380e+06   1.5197754e+01
   2.2358000e+06   1.7700195e+01
   2.2359440e+06   1.5075684e+01
   2.2360130e+06   1.5686035e+01
   2.2360660e+06   1.5197754e+01
   2.2362000e+06   1.4831543e+01
   2.2363330e+06   1.7700195e+01
   2.2370710e+06   1.7333984e+01
   2.2371830e+06   1.9531250e+01
   2.2371930e+06   1.4709473e+01
   2.2373520e+06   1.4526367e+01
   2.2379110e+06   1.4892578e+01
   2.2384380e+06   1.4831543e+01
   2.2386420e+06   1.4343262e+01
   2.2394290e+06   1.4465332e+01
   2.2397060e+06   1.4526367e+01
   2.2398910e+06   1.4648438e+01
   2.2400260e+06   1.5563965e+01
   2.2401540e+06   1.4343262e+01
   2.2415100e+06   1.4465332e+01
   2.2416680e+06   1.5197754e+01
   2.2417730e+06   1.4465332e+01
   2.2418980e+06   1.6357422e+01
   2.2420320e+06   1.5808105e+01
   2.2421610e+06   1.4587402e+01
   2.2437770e+06   1.4709473e+01
   2.2444690e+06   1.5747070e+01
   2.2461040e+06   1.4343262e+01
   2.2463530e+06   1.8188477e+01
   2.2475570e+06   1.5441895e+01
   2.2480680e+06   1.4892578e+01
   2.2499110e+06   1.4648438e+01
   2.2534870e+06   1.7944336e+01
   2.2550530e+06   1.5502930e+01
   2.2590670e+06   1.5563965e+01
   2.3317140e+06   1.4343262e+01
   2.3517140e+06   1.4282227e+01
   2.4322840e+06   4.1442871e+01
   2.4394210e+06   1.4465332e+01
   2.6440480e+06   1.4648438e+01
   2.7659530e+06   1.5197754e+01
   2.7737670e+06   1.6235352e+01
   2.8565280e+06   1.5319824e+01
   2.8568340e+06   1.7944336e+01
   2.8568860e+06   2.2521973e+01
   2.8569180e+06   2.5085449e+01
   2.8569320e+06   6.9885254e+01
   2.8569690e+06   4.9194336e+01
   2.8569820e+06   2.1850586e+01
   2.8569960e+06   1.6906738e+01
   2.8570120e+06   2.8015137e+01
   2.8570230e+06   2.5756836e+01
   2.8570480e+06   2.7282715e+01
   2.8570580e+06   1.9165039e+01
   2.8570710e+06   2.1301270e+01
   2.8570960e+06   3.4057617e+01
   2.8571130e+06   1.8127441e+01
   2.8571510e+06   2.4353027e+01
   2.8571770e+06   2.1423340e+01
   2.8571950e+06   1.7089844e+01
   2.8572190e+06   2.3864746e+01
   2.8572320e+06   1.6723633e+01
   2.8572490e+06   2.7526855e+01
   2.8572700e+06   2.3254395e+01
   2.8572960e+06   2.5817871e+01
   2.8573230e+06   1.5136719e+01
   2.8573430e+06   1.4587402e+01
   2.8573680e+06   1.8737793e+01
   2.8573840e+06   1.4770508e+01
   2.8574020e+06   2.6977539e+01
   2.8574670e+06   1.4587402e+01
   2.8575030e+06   2.1728516e+01
   2.8575450e+06   1.5625000e+01
   2.8575780e+06   1.8066406e+01
   2.8576120e+06   2.1545410e+01
   2.8576330e+06   1.9653320e+01
   2.8576580e+06   1.6662598e+01
   2.8576730e+06   1.4831543e+01
   2.8576890e+06   1.7333984e+01
   2.8577270e+06   1.5258789e+01
   2.8577570e+06   1.5258789e+01
   2.8577810e+06   1.4709473e+01
   2.8577910e+06   1.4770508e+01
   2.8578110e+06   1.5563965e+01
   2.8578310e+06   1.7028809e+01
   2.8578740e+06   2.2277832e+01
   2.8579040e+06   1.9287109e+01
   2.8579450e+06   1.5014648e+01
   2.8579650e+06   1.5014648e+01
   2.8579940e+06   1.6967773e+01
   2.8580320e+06   1.5808105e+01
   2.8581250e+06   1.4587402e+01
   2.8581540e+06   1.5625000e+01
   2.8582060e+06   1.7700195e+01
   2.8582340e+06   1.4282227e+01
   2.8582710e+06   1.7333984e+01
   2.8583410e+06   1.6235352e+01
   2.8585320e+06   1.6418457e+01
   2.8585840e+06   1.7150879e+01
   2.8586910e+06   1.4831543e+01
   2.8587370e+06   1.5441895e+01
   2.8588060e+06   1.6357422e+01
   2.8588570e+06   1.5930176e+01
   2.8592970e+06   1.9958496e+01
   2.8594030e+06   1.5258789e+01
   2.8600160e+06   1.6784668e+01
   2.8602170e+06   1.4709473e+01
   2.8610470e+06   1.4404297e+01
   2.8616570e+06   1.5441895e+01
   2.8617740e+06   1.6784668e+01
   2.8623410e+06   1.7883301e+01
   2.8629670e+06   1.4770508e+01
   2.8640210e+06   1.5747070e+01
   2.8649020e+06   1.8188477e+01
   2.8662640e+06   1.9775391e+01
   2.8667100e+06   1.6174316e+01
   2.8667520e+06   1.8371582e+01
   2.8671680e+06   1.7028809e+01
   2.8697870e+06   1.6723633e+01
   2.8698630e+06   1.7028809e+01
   2.8701540e+06   1.5563965e+01
   2.8742860e+06   1.5258789e+01
   2.8784640e+06   1.4831543e+01
   2.8825720e+06   1.4648438e+01
   2.8861960e+06   1.4648438e+01
   2.9564400e+06   1.5075684e+01
   3.5524120e+06   1.9287109e+01
   3.5524950e+06   1.6479492e+01
   3.5525080e+06   2.0324707e+01
   3.5525300e+06   1.8737793e+01
   3.5525630e+06   5.8898926e+01
   3.5525790e+06   5.5053711e+01
   3.5526000e+06   4.4067383e+01
   3.5526120e+06   3.0883789e+01
   3.5526380e+06   4.7485352e+01
   3.5526490e+06   4.6997070e+01
   3.5526690e+06   2.4169922e+01
   3.5526800e+06   2.2033691e+01
   3.5527040e+06   2.6977539e+01
   3.5527200e+06   2.9235840e+01
   3.5527340e+06   2.7893066e+01
   3.5527550e+06   2.5939941e+01
   3.5527900e+06   2.2399902e+01
   3.5528020e+06   2.3193359e+01
   3.5528290e+06   1.7150879e+01
   3.5528430e+06   1.5136719e+01
   3.5528650e+06   2.6306152e+01
   3.5528890e+06   3.0273438e+01
   3.5529030e+06   1.6479492e+01
   3.5529180e+06   2.1545410e+01
   3.5529350e+06   2.4963379e+01
   3.5529600e+06   1.9714355e+01
   3.5529750e+06   2.1301270e+01
   3.5529920e+06   1.4892578e+01
   3.5530070e+06   2.0080566e+01
   3.5530170e+06   1.6662598e+01
   3.5530320e+06   1.5136719e+01
   3.5530650e+06   2.3010254e+01
   3.5530950e+06   2.1179199e+01
   3.5531120e+06   1.5502930e+01
   3.5531340e+06   1.5380859e+01
   3.5531590e+06   1.7395020e+01
   3.5531850e+06   1.4648438e+01
   3.5532200e+06   1.4648438e+01
   3.5532660e+06   1.6418457e+01
   3.5533030e+06   1.5136719e+01
   3.5533390e+06   1.8615723e+01
   3.5534350e+06   1.6723633e+01
   3.5534810e+06   1.8920898e+01
   3.5535380e+06   1.7456055e+01
   3.5536060e+06   1.7456055e+01
   3.5536680e+06   1.5502930e+01
   3.5536790e+06   1.9287109e+01
   3.5537060e+06   1.5869141e+01
   3.5537530e+06   2.5451660e+01
   3.5538840e+06   1.4831543e+01
   3.5538990e+06   1.4770508e+01
   3.5539290e+06   1.7211914e+01
   3.5541440e+06   1.6418457e+01
   3.5542560e+06   1.4831543e+01
   3.5550590e+06   1.5075684e+01
   3.5556120e+06   1.5014648e+01
   3.5565090e+06   1.6235352e+01
   3.5565560e+06   1.4587402e+01
   3.5566690e+06   1.5258789e+01
   3.5572530e+06   1.4953613e+01
   3.5582880e+06   1.4770508e+01
   3.5588970e+06   1.4587402e+01
   3.5591530e+06   1.4770508e+01
   3.5598230e+06   1.6845703e+01
   3.5599570e+06   1.5502930e+01
   3.5611240e+06   1.6052246e+01
   3.5615860e+06   1.6174316e+01
   3.5618450e+06   2.2521973e+01
   3.5618800e+06   1.5380859e+01
   3.5621630e+06   1.5747070e+01
   3.5622090e+06   1.7517090e+01
   3.5658030e+06   1.5441895e+01
   3.5697650e+06   1.5014648e+01
   3.5733390e+06   1.5136719e+01
   3.5770070e+06   1.5563965e+01
   3.6114730e+06   1.6357422e+01
   3.6314160e+06   1.5136719e+01
   3.8684130e+06   1.5319824e+01
   3.9812050e+06   1.4587402e+01
   3.9812350e+06   1.5563965e+01
   3.9812550e+06   7.4096680e+01
   3.9812740e+06   6.1096191e+01
   3.9812970e+06   1.9409180e+01
   3.9813240e+06   3.2775879e+01
   3.9813380e+06   4.9865723e+01
   3.9813740e+06   3.2653809e+01
   3.9813910e+06   3.2531738e+01
   3.9814130e+06   2.6611328e+01
   3.9814300e+06   4.3640137e+01
   3.9814500e+06   3.5034180e+01
   3.9814710e+06   1.4953613e+01
   3.9814880e+06   2.2705078e+01
   3.9815100e+06   1.7761230e+01
   3.9815280e+06   2.5451660e+01
   3.9815510e+06   1.9897461e+01
   3.9815750e+06   1.5869141e+01
   3.9816030e+06   2.2583008e+01
   3.9816130e+06   1.7761230e+01
   3.9816420e+06   1.9042969e+01
   3.9816640e+06   1.7333984e+01
   3.9816790e+06   2.0446777e+01
   3.9817020e+06   1.7761230e+01
   3.9817230e+06   2.2033691e+01
   3.9817390e+06   2.2399902e+01
   3.9817720e+06   1.4953613e+01
   3.9817910e+06   2.1484375e+01
   3.9818070e+06   1.5014648e+01
   3.9818360e+06   1.5197754e+01
   3.9818810e+06   2.1850586e+01
   3.9818970e+06   1.4465332e+01
   3.9819540e+06   1.6418457e+01
   3.9819820e+06   1.8737793e+01
   3.9820090e+06   1.5808105e+01
   3.9820350e+06   1.7028809e+01
   3.9820700e+06   1.4709473e+01
   3.9822010e+06   1.7700195e+01
   3.9822280e+06   1.4892578e+01
   3.9822600e+06   1.6418457e+01
   3.9822870e+06   1.5258789e+01
   3.9823700e+06   1.6662598e+01
   3.9824200e+06   1.8066406e+01
   3.9824700e+06   1.4648438e+01
   3.9825500e+06   1.6479492e+01
   3.9826810e+06   1.5502930e+01
   3.9827240e+06   1.4648438e+01
   3.9828810e+06   1.4831543e+01
   3.9829540e+06   1.5441895e+01
   3.9832330e+06   1.8432617e+01
   3.9832720e+06   1.7456055e+01
   3.9835230e+06   1.6418457e+01
   3.9837970e+06   1.4587402e+01
   3.9839090e+06   1.4648438e+01
   3.9839660e+06   1.5502930e+01
   3.9841090e+06   1.6357422e+01
   3.9841220e+06   1.5625000e+01
   3.9842500e+06   1.5930176e+01
   3.9844500e+06   1.4709473e+01
   3.9855690e+06   1.5380859e+01
   3.9859510e+06   1.4648438e+01
   3.9864450e+06   1.5747070e+01
   3.9869360e+06   1.9348145e+01
   3.9874140e+06   1.4709473e+01
   3.9882650e+06   1.4465332e+01
   3.9909320e+06   1.5319824e+01
   3.9912960e+06   1.5991211e+01
   3.9926890e+06   1.5319824e+01
   4.1270040e+06   3.9367676e+01
   4.1836570e+06   1.4587402e+01
   4.5007530e+06   1.4465332e+01
   4.5007640e+06   1.8371582e+01
   4.5007970e+06   1.6235352e+01
   4.5008110e+06   4.4616699e+01
   4.5008320e+06   3.4729004e+01
   4.5008450e+06   3.3874512e+01
   4.5008670e+06   7.3059082e+01
   4.5008850e+06   4.7363281e+01
   4.5008950e+06   2.3010254e+01
   4.5009080e+06   3.9978027e+01
   4.5009390e+06   3.4484863e+01
   4.5009520e+06   2.2888184e+01
   4.5009740e+06   2.6977539e+01
   4.5009950e+06   2.7954102e+01
   4.5010100e+06   2.2888184e+01
   4.5010210e+06   2.2583008e+01
   4.5010370e+06   1.7395020e+01
   4.5010550e+06   1.5563965e+01
   4.5010690e+06   2.8076172e+01
   4.5011000e+06   2.1179199e+01
   4.5011290e+06   2.7709961e+01
   4.5011570e+06   1.7333984e+01
   4.5011850e+06   2.1545410e+01
   4.5011990e+06   2.3986816e+01
   4.5012340e+06   2.5878906e+01
   4.5012710e+06   2.0202637e+01
   4.5013070e+06   1.5686035e+01
   4.5013300e+06   2.3925781e+01
   4.5013590e+06   1.7944336e+01
   4.5013710e+06   1.5258789e+01
   4.5014010e+06   2.5573730e+01
   4.5014160e+06   1.5136719e+01
   4.5014350e+06   1.7822266e+01
   4.5014630e+06   2.1667480e+01
   4.5014800e+06   1.7822266e+01
   4.5015120e+06   1.8432617e+01
   4.5015270e+06   1.5502930e+01
   4.5015560e+06   1.5014648e+01
   4.5015920e+06   1.8920898e+01
   4.5016210e+06   1.7395020e+01
   4.5016330e+06   1.4831543e+01
   4.5016630e+06   1.8615723e+01
   4.5016940e+06   2.1850586e+01
   4.5017120e+06   1.4770508e+01
   4.5017680e+06   1.5563965e+01
   4.5017900e+06   1.5625000e+01
   4.5018320e+06   1.6418457e+01
   4.5018880e+06   1.8493652e+01
   4.5019580e+06   1.6845703e+01
   4.5020880e+06   1.5808105e+01
   4.5023410e+06   1.4770508e+01
   4.5023860e+06   1.4587402e+01
   4.5024300e+06   1.6540527e+01
   4.5024940e+06   1.4953613e+01
   4.5026220e+06   1.5686035e+01
   4.5026520e+06   1.4709473e+01
   4.5031280e+06   1.4648438e+01
   4.5035090e+06   1.5136719e+01
   4.5039580e+06   1.7272949e+01
   4.5046960e+06   1.7761230e+01
   4.5048580e+06   1.4953613e+01
   4.5052920e+06   1.4892578e+01
   4.5055110e+06   1.4770508e+01
   4.5056060e+06   1.5686035e+01
   4.5056460e+06   1.4709473e+01
   4.5085500e+06   1.5075684e+01
   4.5101860e+06   1.6723633e+01
   4.5118530e+06   1.4587402e+01
   4.5130270e+06   2.1606445e+01
   4.5175030e+06   1.6296387e+01
   4.5175280e+06   1.5441895e+01
   4.5205650e+06   1.5319824e+01
   4.5544030e+06   1.4892578e+01
   4.5824530e+06   1.4770508e+01
   4.7219500e+06   1.8432617e+01
   4.7219690e+06   4.1503906e+01
   4.7219930e+06   6.7443848e+01
   4.7220060e+06   4.1015625e+01
   4.7220240e+06   3.7963867e+01
   4.7220440e+06   4.8339844e+01
   4.7220590e+06   4.9560547e+01
   4.7220780e+06   3.9062500e+01
   4.7220990e+06   3.6193848e+01
   4.7221160e+06   2.0141602e+01
   4.7221290e+06   2.6306152e+01
   4.7221440e+06   2.6611328e+01
   4.7221630e+06   2.2888184e+01
   4.7221810e+06   2.7648926e+01
   4.7222080e+06   3.5339355e+01
   4.7222290e+06   2.8991699e+01
   4.7222530e+06   1.9287109e+01
   4.7222740e+06   1.7883301e+01
   4.7222890e+06   2.5085449e+01
   4.7223190e+06   1.8493652e+01
   4.7223310e+06   1.5563965e+01
   4.7223560e+06   1.5441895e+01
   4.7223820e+06   1.7822266e+01
   4.7224140e+06   1.6662598e+01
   4.7224440e+06   1.6723633e+01
   4.7224650e+06   1.6662598e+01
   4.7224810e+06   1.7028809e+01
   4.7225040e+06   1.5930176e+01
   4.7225370e+06   1.4526367e+01
   4.7225580e+06   1.5319824e+01
   4.7225880e+06   1.9714355e+01
   4.7226030e+06   1.7211914e+01
   4.7226330e+06   1.6906738e+01
   4.7226600e+06   1.5625000e+01
   4.7226920e+06   1.5197754e+01
   4.7227750e+06   1.6235352e+01
   4.7229040e+06   1.6967773e+01
   4.7229210e+06   1.4648438e+01
   4.7229910e+06   1.5747070e+01
   4.7230620e+06   1.4892578e+01
   4.7231190e+06   1.4648438e+01
   4.7231560e+06   1.4648438e+01
   4.7231930e+06   1.6723633e+01
   4.7232620e+06   1.4709473e+01
   4.7233470e+06   1.5502930e+01
   4.7234320e+06   1.5441895e+01
   4.7236100e+06   1.5502930e+01
   4.7236600e+06   1.4770508e+01
   4.7236710e+06   1.4892578e+01
   4.7239660e+06   1.8066406e+01
   4.7240040e+06   1.6723633e+01
   4.7241390e+06   1.4831543e+01
   4.7243010e+06   2.0996094e+01
   4.7244470e+06   1.5625000e+01
   4.7244630e+06   1.5014648e+01
   4.7249630e+06   1.4770508e+01
   4.7251540e+06   1.6174316e+01
   4.7255360e+06   1.5747070e+01
   4.7260910e+06   1.5380859e+01
   4.7262900e+06   1.6906738e+01
   4.7266500e+06   1.4648438e+01
   4.7301870e+06   1.4465332e+01
   4.7304680e+06   1.6662598e+01
   4.7322750e+06   1.6174316e+01
   4.7342460e+06   1.4465332e+01
   4.7354070e+06   2.3254395e+01
   4.7375040e+06   1.4526367e+01
   4.7697020e+06   1.4648438e+01
   5.0326880e+06   1.6052246e+01
   5.0336520e+06   1.6113281e+01
   5.0336920e+06   1.9165039e+01
   5.0337100e+06   4.9011230e+01
   5.0337230e+06   5.6884766e+01
   5.0337530e+06   6.8298340e+01
   5.0337740e+06   6.2927246e+01
   5.0337870e+06   1.8005371e+01
   5.0338080e+06   2.9846191e+01
   5.0338190e+06   3.5949707e+01
   5.0338380e+06   5.1025391e+01
   5.0338770e+06   3.2348633e+01
   5.0338890e+06   2.8320312e+01
   5.0339250e+06   3.8574219e+01
   5.0339530e+06   2.2460938e+01
   5.0339710e+06   2.9724121e+01
   5.0339970e+06   2.3559570e+01
   5.0340220e+06   2.7099609e+01
   5.0340490e+06   2.7282715e+01
   5.0340780e+06   3.4912109e+01
   5.0341110e+06   2.5512695e+01
   5.0341360e+06   2.4902344e+01
   5.0341460e+06   1.8798828e+01
   5.0341750e+06   2.2399902e+01
   5.0341980e+06   1.8859863e+01
   5.0342140e+06   1.6052246e+01
   5.0342380e+06   1.9287109e+01
   5.0342520e+06   1.4770508e+01
   5.0342850e+06   1.5075684e+01
   5.0343070e+06   1.7089844e+01
   5.0343570e+06   1.5808105e+01
   5.0344080e+06   1.7639160e+01
   5.0344960e+06   1.5319824e+01
   5.0345820e+06   1.6479492e+01
   5.0345930e+06   1.6296387e+01
   5.0346290e+06   1.4648438e+01
   5.0346550e+06   1.4953613e+01
   5.0346830e+06   1.5686035e+01
   5.0351280e+06   1.5258789e+01
   5.0351900e+06   1.5502930e+01
   5.0352560e+06   1.5930176e+01
   5.0356660e+06   1.5258789e+01
   5.0358030e+06   1.5930176e+01
   5.0365150e+06   1.6845703e+01
   5.0365410e+06   1.4465332e+01
   5.0367220e+06   1.5441895e+01
   5.0367610e+06   1.5136719e+01
   5.0369560e+06   1.5930176e+01
   5.0372600e+06   1.4587402e+01
   5.0376010e+06   1.5136719e+01
   5.0390380e+06   1.4465332e+01
   5.0397640e+06   1.6296387e+01
   5.0399100e+06   1.7517090e+01
   5.0413160e+06   1.4953613e+01
   5.0416740e+06   1.5258789e+01
   5.0419660e+06   1.5258789e+01
   5.0423490e+06   1.4953613e+01
   5.0427130e+06   1.4953613e+01
   5.0478850e+06   1.4953613e+01
   5.2542840e+06   1.5319824e+01
   5.2543140e+06   2.3498535e+01
   5.2543500e+06   3.0029297e+01
   5.2543780e+06   5.6579590e+01
   5.2543910e+06   4.5288086e+01
   5.2544050e+06   2.7404785e+01
   5.2544150e+06   3.7536621e+01
   5.2544370e+06   3.9978027e+01
   5.2544560e+06   3.5644531e+01
   5.2544660e+06   3.6437988e+01
   5.2544970e+06   3.5278320e+01
   5.2545220e+06   2.6733398e+01
   5.2545370e+06   2.8991699e+01
   5.2545670e+06   2.9479980e+01
   5.2545830e+06   1.6418457e+01
   5.2546010e+06   2.3315430e+01
   5.2546210e+06   2.6184082e+01
   5.2546480e+06   2.5085449e+01
   5.2546600e+06   1.7700195e+01
   5.2546750e+06   1.6052246e+01
   5.2547000e+06   1.4831543e+01
   5.2547100e+06   1.5808105e+01
   5.2547240e+06   2.4169922e+01
   5.2548030e+06   1.5563965e+01
   5.2548290e+06   1.9531250e+01
   5.2548450e+06   1.5991211e+01
   5.2548880e+06   1.6601562e+01
   5.2549040e+06   1.4465332e+01
   5.2549290e+06   2.1850586e+01
   5.2549600e+06   1.6296387e+01
   5.2549940e+06   1.7883301e+01
   5.2550370e+06   1.4892578e+01
   5.2550650e+06   1.4587402e+01
   5.2551340e+06   1.5258789e+01
   5.2552480e+06   1.4648438e+01
   5.2552760e+06   1.5686035e+01
   5.2552930e+06   1.7395020e+01
   5.2554240e+06   1.9409180e+01
   5.2555180e+06   1.7517090e+01
   5.2556410e+06   1.6235352e+01
   5.2557050e+06   1.5563965e+01
   5.2562400e+06   1.5380859e+01
   5.2562890e+06   1.4831543e+01
   5.2563050e+06   1.5014648e+01
   5.2568520e+06   1.7150879e+01
   5.2569110e+06   1.9226074e+01
   5.2572090e+06   1.5319824e+01
   5.2573170e+06   1.5502930e+01
   5.2575380e+06   1.5991211e+01
   5.2577000e+06   1.6113281e+01
   5.2580130e+06   1.4526367e+01
   5.2590130e+06   1.5869141e+01
   5.2599970e+06   1.5441895e+01
   5.2688780e+06   1.5502930e+01
   5.2737140e+06   1.4587402e+01
   5.3147340e+06   1.4465332e+01
   5.3171860e+06   1.4831543e+01
   5.3792340e+06   1.6723633e+01
   5.3792580e+06   2.4475098e+01
   5.3792850e+06   7.8369141e+01
   5.3792970e+06   1.8066406e+01
   5.3793090e+06   3.1311035e+01
   5.3793260e+06   4.0771484e+01
   5.3793390e+06   3.1738281e+01
   5.3793680e+06   2.9602051e+01
   5.3793910e+06   3.0395508e+01
   5.3794110e+06   2.4658203e+01
   5.3794260e+06   3.1982422e+01
   5.3794470e+06   3.1860352e+01
   5.3794760e+06   2.0019531e+01
   5.3794890e+06   2.5329590e+01
   5.3795300e+06   2.8015137e+01
   5.3795440e+06   2.1972656e+01
   5.3795630e+06   1.8188477e+01
   5.3795800e+06   2.1179199e+01
   5.3796090e+06   2.8320312e+01
   5.3796360e+06   2.0446777e+01
   5.3796480e+06   1.5686035e+01
   5.3796630e+06   2.6794434e+01
   5.3796900e+06   2.6123047e+01
   5.3797190e+06   2.0568848e+01
   5.3797860e+06   1.6418457e+01
   5.3798060e+06   1.9836426e+01
   5.3798430e+06   2.7893066e+01
   5.3798680e+06   2.1362305e+01
   5.3799390e+06   1.4892578e+01
   5.3799540e+06   1.5258789e+01
   5.3799910e+06   1.4831543e+01
   5.3800040e+06   1.5808105e+01
   5.3800520e+06   1.7517090e+01
   5.3800830e+06   1.8798828e+01
   5.3800940e+06   1.7517090e+01
   5.3801690e+06   1.4709473e+01
   5.3802580e+06   1.6052246e+01
   5.3803180e+06   1.5686035e+01
   5.3804470e+06   1.5686035e+01
   5.3806470e+06   1.5747070e+01
   5.3806800e+06   1.5075684e+01
   5.3807610e+06   1.6113281e+01
   5.3819570e+06   1.7639160e+01
   5.3820520e+06   1.4526367e+01
   5.3823300e+06   1.6479492e+01
   5.3826000e+06   1.5197754e+01
   5.3848530e+06   1.5197754e+01
   5.4229790e+06   1.4648438e+01
   5.5765720e+06   1.7150879e+01
   5.5765920e+06   2.2583008e+01
   5.5766120e+06   5.4748535e+01
   5.5766300e+06   3.0822754e+01
   5.5766440e+06   3.5217285e+01
   5.5766790e+06   3.9184570e+01
   5.5766910e+06   4.0222168e+01
   5.5767170e+06   4.1015625e+01
   5.5767450e+06   2.9846191e+01
   5.5767680e+06   2.8442383e+01
   5.5767900e+06   3.1127930e+01
   5.5768070e+06   1.8005371e+01
   5.5768420e+06   1.8249512e+01
   5.5768550e+06   2.1972656e+01
   5.5768920e+06   3.4545898e+01
   5.5769200e+06   2.1423340e+01
   5.5769450e+06   2.0202637e+01
   5.5769700e+06   1.5014648e+01
   5.5769900e+06   1.5686035e+01
   5.5770040e+06   1.4831543e+01
   5.5770430e+06   1.6479492e+01
   5.5770650e+06   3.1433105e+01
   5.5770840e+06   1.5686035e+01
   5.5771010e+06   1.7944336e+01
   5.5771460e+06   1.5014648e+01
   5.5771950e+06   1.8249512e+01
   5.5772330e+06   1.6052246e+01
   5.5773370e+06   1.5563965e+01
   5.5773760e+06   1.9470215e+01
   5.5774120e+06   1.7150879e+01
   5.5774800e+06   1.4648438e+01
   5.5777220e+06   1.8798828e+01
   5.5778800e+06   1.5686035e+01
   5.5781440e+06   1.6174316e+01
   5.5782390e+06   1.6723633e+01
   5.5784070e+06   1.8798828e+01
   5.5785370e+06   1.5258789e+01
   5.5791870e+06   1.6540527e+01
   5.5792320e+06   1.4526367e+01
   5.5798110e+06   1.5380859e+01
   5.5808930e+06   1.5991211e+01
   5.5818940e+06   1.5258789e+01
   5.5837530e+06   1.4709473e+01
   5.5901120e+06   1.4770508e+01
   5.5929770e+06   1.4953613e+01
   5.5933320e+06   1.8676758e+01
   5.5957630e+06   1.4526367e+01
   5.6474540e+06   2.1728516e+01
   5.6480260e+06   2.3071289e+01
   5.6480980e+06   1.6113281e+01
   5.6481200e+06   2.2766113e+01
   5.6481330e+06   1.6784668e+01
   5.6481430e+06   2.2949219e+01
   5.6481700e+06   5.8898926e+01
   5.6481850e+06   3.7963867e+01
   5.6482120e+06   4.5104980e+01
   5.6482230e+06   5.0842285e+01
   5.6482540e+06   3.1372070e+01
   5.6482780e+06   2.4597168e+01
   5.6483020e+06   1.4648438e+01
   5.6483160e+06   2.3498535e+01
   5.6483400e+06   2.6184082e+01
   5.6483500e+06   2.6855469e+01
   5.6483700e+06   3.1433105e+01
   5.6483870e+06   1.5625000e+01
   5.6484120e+06   2.5817871e+01
   5.6484410e+06   1.9592285e+01
   5.6484710e+06   2.0446777e+01
   5.6485010e+06   1.7822266e+01
   5.6485160e+06   1.8981934e+01
   5.6485300e+06   2.6245117e+01
   5.6485580e+06   1.8066406e+01
   5.6485720e+06   1.4648438e+01
   5.6486160e+06   1.5441895e+01
   5.6486400e+06   1.5747070e+01
   5.6486790e+06   1.7395020e+01
   5.6486970e+06   1.7089844e+01
   5.6487130e+06   1.5563965e+01
   5.6487390e+06   1.5747070e+01
   5.6487500e+06   1.7639160e+01
   5.6487830e+06   1.9226074e+01
   5.6487980e+06   1.5686035e+01
   5.6488340e+06   1.4953613e+01
   5.6488520e+06   2.2155762e+01
   5.6488820e+06   1.5319824e+01
   5.6489030e+06   1.4648438e+01
   5.6489430e+06   1.4953613e+01
   5.6489540e+06   1.5258789e+01
   5.6489890e+06   1.7456055e+01
   5.6490000e+06   1.5930176e+01
   5.6490770e+06   1.5075684e+01
   5.6490930e+06   1.5869141e+01
   5.6491240e+06   1.7944336e+01
   5.6491550e+06   1.8554688e+01
   5.6492580e+06   1.7456055e+01
   5.6492710e+06   2.0202637e+01
   5.6493710e+06   1.4465332e+01
   5.6495200e+06   1.4709473e+01
   5.6495780e+06   1.5075684e+01
   5.6497730e+06   1.6906738e+01
   5.6498110e+06   1.5014648e+01
   5.6499670e+06   1.5075684e+01
   5.6501220e+06   1.6479492e+01
   5.6501550e+06   1.6601562e+01
   5.6506280e+06   1.4892578e+01
   5.6509410e+06   1.5991211e+01
   5.6514650e+06   1.5380859e+01
   5.6552800e+06   1.4648438e+01
   5.6557350e+06   1.4831543e+01
   5.6675090e+06   1.4465332e+01
   5.7038170e+06   1.6174316e+01
   5.7349220e+06   1.4892578e+01
