   5.9990000e+06   0.0000000e+00
   2.5284700e+05   1.3183594e+01
   8.9069000e+05   1.5808105e+01
   9.1512400e+05   1.3610840e+01
   9.2511200e+05   1.4648438e+01
   9.4155500e+05   1.4770508e+01
   9.4538300e+05   1.3488770e+01
   9.5043300e+05   1.4526367e+01
   9.5661100e+05   1.3366699e+01
   9.5664600e+05   1.3977051e+01
   9.6003300e+05   1.3732910e+01
   9.6104500e+05   1.4160156e+01
   9.6312800e+05   1.4648438e+01
   9.6552000e+05   1.4160156e+01
   9.6701800e+05   1.3305664e+01
   9.6948500e+05   1.3854980e+01
   9.7016100e+05   1.5808105e+01
   9.9410300e+05   1.3366699e+01
   1.0005990e+06   1.5563965e+01
   1.0039620e+06   1.3427734e+01
   1.0123190e+06   1.3610840e+01
   1.0237080e+06   1.4587402e+01
   1.0243660e+06   1.4465332e+01
   1.0387680e+06   1.4038086e+01
   1.0409380e+06   1.3427734e+01
   1.0435430e+06   1.4404297e+01
   1.0523500e+06   1.3305664e+01
   1.0601140e+06   1.4770508e+01
   1.0685810e+06   1.3793945e+01
   1.0750190e+06   1.4038086e+01
   1.0768030e+06   1.5075684e+01
   1.0839100e+06   1.3854980e+01
   1.0839320e+06   4.0649414e+01
   1.0839470e+06   3.1555176e+01
   1.0839570e+06   1.6174316e+01
   1.0839870e+06   3.0334473e+01
   1.0840100e+06   1.5991211e+01
   1.0840390e+06   2.1118164e+01
   1.0840680e+06   1.5930176e+01
   1.0841120e+06   1.5075684e+01
   1.0841640e+06   1.4770508e+01
   1.0841970e+06   1.8798828e+01
   1.0842220e+06   1.3916016e+01
   1.0842840e+06   1.8249512e+01
   1.0847040e+06   1.4709473e+01
   1.0849350e+06   1.7578125e+01
   1.0850210e+06   1.3183594e+01
   1.1143860e+06   1.3183594e+01
   1.1268670e+06   1.4099121e+01
   1.1448080e+06   1.4221191e+01
   1.1529100e+06   1.3183594e+01
   1.1546670e+06   1.4709473e+01
   1.1554370e+06   1.3244629e+01
   1.1571860e+06   1.3854980e+01
   1.1592770e+06   1.3122559e+01
   1.1730820e+06   1.3488770e+01
   1.1852260e+06   1.3183594e+01
   1.1907990e+06   1.3183594e+01
   1.1973930e+06   1.3854980e+01
   1.1993490e+06   1.3183594e+01
   1.2132000e+06   1.4892578e+01
   1.2448020e+06   1.3427734e+01
   1.2642260e+06   1.3732910e+01
   1.2848390e+06   1.3732910e+01
   1.2995010e+06   1.5014648e+01
   1.3048120e+06   1.3061523e+01
   1.3119450e+06   1.3610840e+01
   1.3136380e+06   1.4831543e+01
   1.3271130e+06   1.3977051e+01
   1.3584550e+06   1.3061523e+01
   1.3692690e+06   1.3061523e+01
   1.3774750e+06   1.3916016e+01
   1.4111220e+06   1.4038086e+01
   1.4183340e+06   1.3122559e+01
   1.4324140e+06   1.3610840e+01
   1.4967820e+06   1.5808105e+01
   1.5184420e+06   1.3427734e+01
   1.5297990e+06   4.2602539e+01
   1.5298170e+06   2.0324707e+01
   1.5298390e+06   2.5329590e+01
   1.5298620e+06   1.4282227e+01
   1.5298970e+06   1.7578125e+01
   1.5299150e+06   1.3610840e+01
   1.5299710e+06   1.9592285e+01
   1.5300010e+06   1.4587402e+01
   1.5300420e+06   1.3061523e+01
   1.5300950e+06   1.3061523e+01
   1.5301700e+06   1.4160156e+01
   1.5303560e+06   1.8249512e+01
   1.5304150e+06   1.3122559e+01
   1.6248070e+06   1.3549805e+01
   1.6538570e+06   1.4282227e+01
   1.6675390e+06   1.3183594e+01
   1.8870090e+06   3.6560059e+01
   1.8870360e+06   1.8432617e+01
   1.8870480e+06   2.9663086e+01
   1.8870840e+06   2.3132324e+01
   1.8871190e+06   1.3366699e+01
   1.8872030e+06   1.3488770e+01
   1.8873270e+06   1.5625000e+01
   1.8873890e+06   1.5441895e+01
   2.2340670e+06   3.5888672e+01
   2.2340820e+06   2.5207520e+01
   2.2341140e+06   2.4475098e+01
   2.2341320e+06   2.9968262e+01
   2.2341540e+06   1.4709473e+01
   2.2341880e+06   1.9531250e+01
   2.2342130e+06   1.7272949e+01
   2.2342400e+06   1.6662598e+01
   2.2342650e+06   1.4892578e+01
   2.2343000e+06   2.2399902e+01
   2.2343890e+06   1.5136719e+01
   2.2344460e+06   1.3061523e+01
   2.2346130e+06   1.4831543e+01
   2.2348500e+06   1.4465332e+01
   2.2358670e+06   1.4221191e+01
   2.3591370e+06   1.3183594e+01
   2.4613120e+06   1.4038086e+01
   2.4831870e+06   1.4099121e+01
   2.5276430e+06   1.3122559e+01
   2.5276700e+06   1.3488770e+01
   2.6227480e+06   1.4404297e+01
   2.6431870e+06   1.4099121e+01
   2.6724720e+06   1.3488770e+01
   2.7597140e+06   1.3549805e+01
   2.7798700e+06   1.5258789e+01
   2.7839390e+06   1.3183594e+01
   2.8471580e+06   1.3549805e+01
   2.8569090e+06   3.3325195e+01
   2.8569450e+06   5.6640625e+01
   2.8569570e+06   1.4282227e+01
   2.8569790e+06   2.0080566e+01
   2.8569930e+06   2.2155762e+01
   2.8570270e+06   1.9042969e+01
   2.8570780e+06   1.6296387e+01
   2.8571280e+06   1.3610840e+01
   2.8571770e+06   2.4719238e+01
   2.8572110e+06   1.6906738e+01
   2.8572460e+06   1.4099121e+01
   2.8572830e+06   1.3610840e+01
   2.8573040e+06   1.8615723e+01
   2.8573710e+06   1.5014648e+01
   2.8574560e+06   1.4526367e+01
   2.8574940e+06   1.4160156e+01
   2.8576640e+06   1.3366699e+01
   2.8580770e+06   1.4038086e+01
   2.8683910e+06   1.4038086e+01
   2.8780200e+06   1.3305664e+01
   2.8794490e+06   1.4709473e+01
   2.8814680e+06   1.3183594e+01
   2.8916370e+06   1.3244629e+01
   2.8952590e+06   1.4404297e+01
   2.9110000e+06   1.3427734e+01
   2.9186140e+06   1.5075684e+01
   2.9262180e+06   1.3488770e+01
   2.9286820e+06   1.3488770e+01
   2.9366180e+06   1.3305664e+01
   2.9383850e+06   1.3732910e+01
   2.9789210e+06   1.3305664e+01
   2.9907940e+06   1.3977051e+01
   2.9990500e+06   1.3305664e+01
   3.0514420e+06   1.3061523e+01
   3.1961350e+06   1.3732910e+01
   3.3382490e+06   1.3671875e+01
   3.3858880e+06   1.3244629e+01
   3.5525100e+06   1.4404297e+01
   3.5525310e+06   2.8442383e+01
   3.5525590e+06   1.8493652e+01
   3.5525930e+06   2.1972656e+01
   3.5526170e+06   2.1301270e+01
   3.5526390e+06   2.0996094e+01
   3.5526550e+06   2.1545410e+01
   3.5526770e+06   1.4526367e+01
   3.5527320e+06   1.4953613e+01
   3.5527870e+06   1.5014648e+01
   3.5528280e+06   1.3488770e+01
   3.5528540e+06   1.3427734e+01
   3.5529270e+06   1.8005371e+01
   3.5531100e+06   1.6784668e+01
   3.5612440e+06   1.3549805e+01
   3.5617460e+06   1.3732910e+01
   3.5623300e+06   1.4404297e+01
   3.5632810e+06   1.4404297e+01
   3.5761610e+06   1.4038086e+01
   3.5769600e+06   1.3122559e+01
   3.5796560e+06   1.3793945e+01
   3.5874740e+06   1.4038086e+01
   3.5971830e+06   1.3854980e+01
   3.6036150e+06   1.3610840e+01
   3.6193350e+06   1.3061523e+01
   3.6309150e+06   1.3793945e+01
   3.6544160e+06   1.6479492e+01
   3.9506090e+06   1.3366699e+01
   3.9506430e+06   1.3427734e+01
   3.9812390e+06   1.5258789e+01
   3.9812640e+06   6.5246582e+01
   3.9812750e+06   2.1118164e+01
   3.9812990e+06   2.8991699e+01
   3.9813160e+06   2.2766113e+01
   3.9813480e+06   1.8554688e+01
   3.9813740e+06   1.7028809e+01
   3.9814050e+06   1.9042969e+01
   3.9814240e+06   2.4963379e+01
   3.9814520e+06   1.7578125e+01
   3.9816430e+06   1.3549805e+01
   3.9839180e+06   1.4953613e+01
   3.9973650e+06   1.5502930e+01
   4.0027910e+06   1.4892578e+01
   4.0082770e+06   1.3671875e+01
   4.0115020e+06   1.4770508e+01
   4.0226430e+06   1.3610840e+01
   4.0266770e+06   1.3671875e+01
   4.0357160e+06   1.4221191e+01
   4.0396410e+06   1.4099121e+01
   4.0417810e+06   1.3488770e+01
   4.0488600e+06   1.4465332e+01
   4.0544570e+06   1.4953613e+01
   4.0584200e+06   1.3183594e+01
   4.0589670e+06   1.3977051e+01
   4.0687750e+06   1.6479492e+01
   4.0695370e+06   1.4709473e+01
   4.0695610e+06   1.4038086e+01
   4.0959380e+06   1.4648438e+01
   4.4136690e+06   1.3061523e+01
   4.5008110e+06   2.7099609e+01
   4.5008340e+06   3.2043457e+01
   4.5008560e+06   4.4311523e+01
   4.5008790e+06   2.3437500e+01
   4.5009140e+06   1.8249512e+01
   4.5009460e+06   2.4291992e+01
   4.5009780e+06   1.9226074e+01
   4.5010070e+06   1.6662598e+01
   4.5010420e+06   1.4099121e+01
   4.5011090e+06   1.3244629e+01
   4.5011340e+06   1.4343262e+01
   4.5011670e+06   1.9897461e+01
   4.5012790e+06   1.4953613e+01
   4.5029320e+06   1.3977051e+01
   4.5077750e+06   1.3671875e+01
   4.5086640e+06   1.3122559e+01
   4.5203550e+06   1.5625000e+01
   4.5234300e+06   1.7578125e+01
   4.5261700e+06   1.3793945e+01
   4.5419400e+06   1.3916016e+01
   4.5670470e+06   1.3183594e+01
   4.5825600e+06   1.3549805e+01
   4.7219720e+06   3.7231445e+01
   4.7219900e+06   2.7526855e+01
   4.7220080e+06   3.8818359e+01
   4.7220180e+06   2.2338867e+01
   4.7220480e+06   1.6357422e+01
   4.7220790e+06   2.4047852e+01
   4.7221560e+06   1.3854980e+01
   4.7221800e+06   1.3366699e+01
   4.7221950e+06   1.5319824e+01
   4.7222650e+06   1.4831543e+01
   4.7222770e+06   1.6479492e+01
   4.7222920e+06   1.4099121e+01
   4.7223230e+06   1.3366699e+01
   4.7235720e+06   1.3061523e+01
   4.7364200e+06   1.3549805e+01
   4.7410620e+06   1.3366699e+01
   4.7473410e+06   1.3854980e+01
   4.7610330e+06   1.3000488e+01
   4.7610660e+06   1.5136719e+01
   4.7722010e+06   1.3000488e+01
   4.7753710e+06   1.5441895e+01
   4.7806360e+06   1.6662598e+01
   4.7831730e+06   1.4221191e+01
   4.8488040e+06   1.3793945e+01
   5.0336870e+06   2.1972656e+01
   5.0337010e+06   1.4587402e+01
   5.0337180e+06   3.4667969e+01
   5.0337310e+06   3.5217285e+01
   5.0337450e+06   1.9409180e+01
   5.0337680e+06   2.7587891e+01
   5.0337880e+06   1.4221191e+01
   5.0338110e+06   1.9775391e+01
   5.0338300e+06   1.7944336e+01
   5.0338800e+06   1.3305664e+01
   5.0339020e+06   1.3244629e+01
   5.0339310e+06   2.1179199e+01
   5.0339460e+06   1.3488770e+01
   5.0340080e+06   1.8859863e+01
   5.0340890e+06   1.5869141e+01
   5.0341300e+06   1.4526367e+01
   5.0393940e+06   1.3916016e+01
   5.0400910e+06   1.4587402e+01
   5.0536640e+06   1.3183594e+01
   5.0543880e+06   1.3244629e+01
   5.0553390e+06   1.3916016e+01
   5.0564780e+06   1.3977051e+01
   5.0577800e+06   1.5136719e+01
   5.0886960e+06   1.4709473e+01
   5.1137770e+06   1.3427734e+01
   5.2543250e+06   2.7587891e+01
   5.2543540e+06   4.2053223e+01
   5.2543680e+06   1.8066406e+01
   5.2544010e+06   4.3395996e+01
   5.2544250e+06   1.7822266e+01
   5.2544550e+06   2.8625488e+01
   5.2544850e+06   1.3122559e+01
   5.2545070e+06   1.6418457e+01
   5.2545240e+06   1.7456055e+01
   5.2545590e+06   1.4648438e+01
   5.2546170e+06   2.0324707e+01
   5.2546430e+06   1.5075684e+01
   5.2546750e+06   1.6601562e+01
   5.2546980e+06   1.6357422e+01
   5.2547310e+06   1.8249512e+01
   5.2550220e+06   1.3854980e+01
   5.2718920e+06   1.5686035e+01
   5.2747330e+06   1.4221191e+01
   5.2765510e+06   1.4343262e+01
   5.2779950e+06   1.5502930e+01
   5.3008200e+06   1.6113281e+01
   5.3169140e+06   1.3183594e+01
   5.3246950e+06   1.3183594e+01
   5.3415090e+06   1.3061523e+01
   5.3792840e+06   4.0222168e+01
   5.3793150e+06   2.3986816e+01
   5.3793290e+06   1.3610840e+01
   5.3793510e+06   2.5573730e+01
   5.3793660e+06   2.0019531e+01
   5.3793880e+06   1.6723633e+01
   5.3794580e+06   1.5380859e+01
   5.3794800e+06   1.3366699e+01
   5.3795170e+06   1.5869141e+01
   5.3795690e+06   1.6601562e+01
   5.3795920e+06   1.3366699e+01
   5.3796730e+06   1.6601563e+01
   5.3796830e+06   1.3244629e+01
   5.3798290e+06   1.4038086e+01
   5.3799220e+06   1.4404297e+01
   5.3990550e+06   1.5319824e+01
   5.4056870e+06   1.3854980e+01
   5.4300250e+06   1.4282227e+01
   5.4322570e+06   1.3732910e+01
   5.4600770e+06   1.3610840e+01
   5.4850300e+06   1.3122559e+01
   5.5766130e+06   3.3935547e+01
   5.5766470e+06   1.9226074e+01
   5.5766780e+06   1.7822266e+01
   5.5766940e+06   1.7456055e+01
   5.5767070e+06   1.8493652e+01
   5.5767240e+06   2.5878906e+01
   5.5767460e+06   1.6906738e+01
   5.5767780e+06   1.7395020e+01
   5.5767970e+06   1.8859863e+01
   5.5768150e+06   1.4038086e+01
   5.5768830e+06   1.7089844e+01
   5.5769110e+06   1.4282227e+01
   5.5769900e+06   1.5502930e+01
   5.5770120e+06   1.3854980e+01
   5.5771210e+06   1.7883301e+01
   5.5772400e+06   1.3061523e+01
   5.5931220e+06   1.3000488e+01
   5.5937080e+06   1.3305664e+01
   5.5937320e+06   1.4587402e+01
   5.5976460e+06   1.5869141e+01
   5.6010110e+06   1.3244629e+01
   5.6010320e+06   1.3488770e+01
   5.6195060e+06   1.4160156e+01
   5.6402260e+06   1.3000488e+01
   5.6480250e+06   3.2531738e+01
   5.6480920e+06   2.2521973e+01
   5.6481040e+06   2.5817871e+01
   5.6481290e+06   2.2033691e+01
   5.6481440e+06   1.5808105e+01
   5.6481650e+06   4.3090820e+01
   5.6481830e+06   2.5146484e+01
   5.6481980e+06   1.7395020e+01
   5.6482180e+06   1.6235352e+01
   5.6482290e+06   1.9775391e+01
   5.6482730e+06   1.5197754e+01
   5.6483130e+06   1.7395020e+01
   5.6483890e+06   1.6723633e+01
   5.6484280e+06   1.3549805e+01
   5.6488320e+06   1.3916016e+01
   5.6656250e+06   1.6601562e+01
   5.6676790e+06   1.5258789e+01
   5.6756510e+06   1.3732910e+01
   5.6822960e+06   1.4282227e+01
   5.6823180e+06   1.3977051e+01
   5.6919640e+06   1.3732910e+01
   5.7095250e+06   1.4587402e+01
   5.7173910e+06   1.3671875e+01
   5.7351530e+06   1.3488770e+01
