   5.9990000e+06   0.0000000e+00
   8.2623000e+04   1.4831543e+01
   4.9952900e+05   1.5441895e+01
   6.0071500e+05   1.5075684e+01
   6.0602800e+05   1.5502930e+01
   8.5510400e+05   1.4709473e+01
   1.0838600e+06   2.0568848e+01
   1.0838930e+06   1.6479492e+01
   1.0839200e+06   1.5625000e+01
   1.0839300e+06   1.6540527e+01
   1.0839590e+06   1.8859863e+01
   1.0839710e+06   1.8066406e+01
   1.0839950e+06   4.8278809e+01
   1.0840100e+06   7.5378418e+01
   1.0840380e+06   2.9296875e+01
   1.0840610e+06   3.8269043e+01
   1.0840770e+06   2.0629883e+01
   1.0840870e+06   3.0883789e+01
   1.0841020e+06   3.0700684e+01
   1.0841220e+06   3.6010742e+01
   1.0841360e+06   2.0324707e+01
   1.0841590e+06   2.8381348e+01
   1.0841700e+06   3.4667969e+01
   1.0842070e+06   1.9226074e+01
   1.0842290e+06   4.3151855e+01
   1.0842630e+06   1.7028809e+01
   1.0842940e+06   5.2551270e+01
   1.0843620e+06   1.5991211e+01
   1.0843760e+06   1.5747070e+01
   1.0844120e+06   1.9042969e+01
   1.0844290e+06   1.9714355e+01
   1.0844570e+06   3.9855957e+01
   1.0844860e+06   2.1057129e+01
   1.0845170e+06   2.3498535e+01
   1.0845580e+06   1.9775391e+01
   1.0845760e+06   1.7517090e+01
   1.0846040e+06   1.8798828e+01
   1.0846490e+06   1.8676758e+01
   1.0847010e+06   1.8920898e+01
   1.0847230e+06   1.9592285e+01
   1.0847660e+06   1.4953613e+01
   1.0847920e+06   1.9348145e+01
   1.0849600e+06   1.5014648e+01
   1.0857760e+06   1.5869141e+01
   1.0859570e+06   1.5563965e+01
   1.0861450e+06   1.7028809e+01
   1.0864390e+06   1.5625000e+01
   1.0885210e+06   1.5808105e+01
   1.0952230e+06   1.4953613e+01
   1.0976220e+06   1.5441895e+01
   1.1011590e+06   1.6235352e+01
   1.1066600e+06   1.5014648e+01
   1.1108780e+06   1.5808105e+01
   1.1138310e+06   1.5197754e+01
   1.1170280e+06   1.4709473e+01
   1.1207830e+06   1.4709473e+01
   1.1366330e+06   1.5625000e+01
   1.1552410e+06   1.4770508e+01
   1.1662560e+06   1.4770508e+01
   1.2748900e+06   1.6906738e+01
   1.4248690e+06   1.5747070e+01
   1.5085370e+06   1.5258789e+01
   1.5296390e+06   1.5075684e+01
   1.5297190e+06   1.5502930e+01
   1.5297870e+06   1.6052246e+01
   1.5298030e+06   2.9357910e+01
   1.5298200e+06   2.6733398e+01
   1.5298420e+06   2.7648926e+01
   1.5298560e+06   6.1767578e+01
   1.5298730e+06   3.0700684e+01
   1.5298880e+06   4.1625977e+01
   1.5299050e+06   2.0751953e+01
   1.5299290e+06   3.2165527e+01
   1.5299510e+06   3.5461426e+01
   1.5299800e+06   2.8564453e+01
   1.5300170e+06   1.8554688e+01
   1.5300690e+06   3.4790039e+01
   1.5300980e+06   2.1423340e+01
   1.5301160e+06   1.6967773e+01
   1.5301320e+06   2.1972656e+01
   1.5301480e+06   1.4953613e+01
   1.5301610e+06   2.6367188e+01
   1.5302050e+06   3.8024902e+01
   1.5302340e+06   2.0202637e+01
   1.5302780e+06   1.7883301e+01
   1.5302960e+06   1.8310547e+01
   1.5303230e+06   4.2236328e+01
   1.5303620e+06   1.5014648e+01
   1.5304000e+06   2.4108887e+01
   1.5304150e+06   1.5258789e+01
   1.5305080e+06   1.5136719e+01
   1.5305480e+06   2.1850586e+01
   1.5305920e+06   1.4892578e+01
   1.5306150e+06   1.5319824e+01
   1.5306710e+06   1.4892578e+01
   1.5307490e+06   1.7517090e+01
   1.5309090e+06   1.7639160e+01
   1.5313270e+06   1.5441895e+01
   1.5314050e+06   1.5136719e+01
   1.5317880e+06   1.4709473e+01
   1.5318510e+06   1.6296387e+01
   1.5326810e+06   1.4648438e+01
   1.5368850e+06   1.4953613e+01
   1.5391830e+06   1.5258789e+01
   1.5394130e+06   1.7150879e+01
   1.5396750e+06   1.5075684e+01
   1.5397990e+06   1.7150879e+01
   1.5400330e+06   1.5686035e+01
   1.5443610e+06   1.7211914e+01
   1.5487530e+06   1.5136719e+01
   1.5548900e+06   1.4831543e+01
   1.5550950e+06   1.4892578e+01
   1.5637780e+06   1.5319824e+01
   1.5648020e+06   1.5869141e+01
   1.5767270e+06   1.5686035e+01
   1.5779430e+06   1.5563965e+01
   1.5838990e+06   1.5258789e+01
   1.5882530e+06   1.5014648e+01
   1.5887850e+06   1.4648438e+01
   1.5940030e+06   1.4709473e+01
   1.5983590e+06   1.4892578e+01
   1.6001540e+06   1.4953613e+01
   1.6029770e+06   1.4770508e+01
   1.6077780e+06   1.5625000e+01
   1.6976900e+06   1.4770508e+01
   1.6995210e+06   5.8837891e+01
   1.8869300e+06   1.6601562e+01
   1.8869610e+06   1.5136719e+01
   1.8869790e+06   1.9714355e+01
   1.8870090e+06   3.4606934e+01
   1.8870310e+06   2.9541016e+01
   1.8870480e+06   7.2753906e+01
   1.8870740e+06   1.7456055e+01
   1.8870840e+06   5.0170898e+01
   1.8871020e+06   2.4780273e+01
   1.8871160e+06   3.7475586e+01
   1.8871340e+06   1.4709473e+01
   1.8871500e+06   2.4169922e+01
   1.8871780e+06   1.9165039e+01
   1.8871890e+06   2.1423340e+01
   1.8872130e+06   1.7456055e+01
   1.8872290e+06   1.9592285e+01
   1.8872560e+06   3.0395508e+01
   1.8872980e+06   2.4291992e+01
   1.8873100e+06   1.6235352e+01
   1.8873300e+06   1.6601563e+01
   1.8873520e+06   4.0405273e+01
   1.8874050e+06   1.9775391e+01
   1.8874190e+06   2.6672363e+01
   1.8874530e+06   2.6550293e+01
   1.8875000e+06   3.9733887e+01
   1.8875410e+06   1.7272949e+01
   1.8875600e+06   1.7639160e+01
   1.8876070e+06   2.3498535e+01
   1.8876410e+06   1.7395020e+01
   1.8876850e+06   1.6845703e+01
   1.8877300e+06   3.4179688e+01
   1.8877690e+06   2.4963379e+01
   1.8878140e+06   1.7089844e+01
   1.8878710e+06   1.8493652e+01
   1.8879580e+06   1.4770508e+01
   1.8881100e+06   1.5319824e+01
   1.8882150e+06   1.5075684e+01
   1.8886080e+06   1.5502930e+01
   1.8887450e+06   1.4648438e+01
   1.8888600e+06   1.5869141e+01
   1.8889670e+06   1.5625000e+01
   1.8892360e+06   1.4770508e+01
   1.8893750e+06   1.5014648e+01
   1.8894670e+06   1.4892578e+01
   1.8899500e+06   1.5075684e+01
   1.8918510e+06   1.6723633e+01
   1.8946390e+06   1.4831543e+01
   1.8967910e+06   1.5014648e+01
   1.9017240e+06   1.5136719e+01
   1.9460000e+06   1.5808105e+01
   2.0637370e+06   1.5869141e+01
   2.2340220e+06   1.9775391e+01
   2.2340530e+06   1.6540527e+01
   2.2340810e+06   2.2766113e+01
   2.2340970e+06   3.7170410e+01
   2.2341150e+06   3.5400391e+01
   2.2341370e+06   5.5419922e+01
   2.2341570e+06   1.9348145e+01
   2.2341810e+06   2.0263672e+01
   2.2342020e+06   1.6113281e+01
   2.2342170e+06   1.6662598e+01
   2.2342340e+06   2.6794434e+01
   2.2342500e+06   1.6540527e+01
   2.2342910e+06   2.9907227e+01
   2.2343230e+06   2.5024414e+01
   2.2343500e+06   1.5258789e+01
   2.2343790e+06   3.6315918e+01
   2.2343960e+06   2.1789551e+01
   2.2344210e+06   1.5380859e+01
   2.2344430e+06   3.4545898e+01
   2.2344620e+06   2.2277832e+01
   2.2344900e+06   2.1179199e+01
   2.2345140e+06   5.4626465e+01
   2.2345450e+06   1.5258789e+01
   2.2345640e+06   1.6296387e+01
   2.2346250e+06   1.5869141e+01
   2.2346410e+06   2.8808594e+01
   2.2347230e+06   1.7944336e+01
   2.2347350e+06   1.6113281e+01
   2.2347620e+06   1.5991211e+01
   2.2348540e+06   1.6784668e+01
   2.2349020e+06   1.4770508e+01
   2.2349190e+06   1.9287109e+01
   2.2349430e+06   1.7944336e+01
   2.2349940e+06   2.3376465e+01
   2.2351320e+06   1.6906738e+01
   2.2356820e+06   1.6235352e+01
   2.2356920e+06   1.5014648e+01
   2.2357650e+06   1.5625000e+01
   2.2359080e+06   1.4831543e+01
   2.2365910e+06   1.6540527e+01
   2.2366760e+06   1.4648438e+01
   2.2367670e+06   1.5197754e+01
   2.2368560e+06   1.5747070e+01
   2.2380730e+06   1.4709473e+01
   2.2388260e+06   1.5258789e+01
   2.2413340e+06   1.7822266e+01
   2.2470270e+06   1.6174316e+01
   2.8569470e+06   1.8066406e+01
   2.8569710e+06   2.0446777e+01
   2.8569870e+06   2.4536133e+01
   2.8569980e+06   1.8676758e+01
   2.8570100e+06   2.8320312e+01
   2.8570220e+06   6.0119629e+01
   2.8570320e+06   4.1564941e+01
   2.8570420e+06   3.6621094e+01
   2.8570530e+06   5.5114746e+01
   2.8570790e+06   4.3151855e+01
   2.8570920e+06   1.8493652e+01
   2.8571090e+06   2.3498535e+01
   2.8571240e+06   1.7456055e+01
   2.8571390e+06   2.4230957e+01
   2.8571670e+06   3.0517578e+01
   2.8571860e+06   1.5136719e+01
   2.8572080e+06   1.9348145e+01
   2.8572460e+06   2.0690918e+01
   2.8572650e+06   1.7761230e+01
   2.8572750e+06   1.5258789e+01
   2.8572870e+06   2.6000977e+01
   2.8573150e+06   1.5136719e+01
   2.8573450e+06   3.5583496e+01
   2.8573660e+06   1.7211914e+01
   2.8573820e+06   2.3254395e+01
   2.8573990e+06   1.6845703e+01
   2.8574340e+06   4.7790527e+01
   2.8574750e+06   1.7456055e+01
   2.8575120e+06   1.5686035e+01
   2.8575560e+06   1.6357422e+01
   2.8575870e+06   1.6540527e+01
   2.8575970e+06   1.9348145e+01
   2.8576310e+06   1.4648438e+01
   2.8576570e+06   1.6479492e+01
   2.8576700e+06   1.8249512e+01
   2.8577050e+06   1.7333984e+01
   2.8577280e+06   1.5502930e+01
   2.8578230e+06   1.9104004e+01
   2.8578360e+06   1.5258789e+01
   2.8578730e+06   1.5869141e+01
   2.8580570e+06   1.6174316e+01
   2.8584630e+06   1.7089844e+01
   2.8588460e+06   1.4770508e+01
   2.8616010e+06   1.4953613e+01
   2.8616760e+06   1.4831543e+01
   2.8708340e+06   1.5197754e+01
   2.8737150e+06   1.5991211e+01
   2.9078740e+06   1.4831543e+01
   3.2564970e+06   1.5502930e+01
   3.5525810e+06   2.3193359e+01
   3.5525940e+06   1.6845703e+01
   3.5526160e+06   2.6123047e+01
   3.5526330e+06   3.6437988e+01
   3.5526470e+06   5.0659180e+01
   3.5526770e+06   6.4514160e+01
   3.5526900e+06   2.3925781e+01
   3.5527020e+06   4.5837402e+01
   3.5527300e+06   3.1799316e+01
   3.5527420e+06   1.6540527e+01
   3.5527580e+06   3.7170410e+01
   3.5527850e+06   4.1442871e+01
   3.5528050e+06   1.7761230e+01
   3.5528200e+06   2.2521973e+01
   3.5528320e+06   1.4587402e+01
   3.5528530e+06   2.6428223e+01
   3.5528680e+06   2.3193359e+01
   3.5528910e+06   1.8066406e+01
   3.5529070e+06   1.4831543e+01
   3.5529190e+06   2.3925781e+01
   3.5529460e+06   2.2644043e+01
   3.5529600e+06   1.9714355e+01
   3.5529720e+06   1.8432617e+01
   3.5529960e+06   4.1564941e+01
   3.5530100e+06   2.1545410e+01
   3.5530290e+06   1.5319824e+01
   3.5530680e+06   1.5869141e+01
   3.5530930e+06   1.5808105e+01
   3.5531280e+06   1.6113281e+01
   3.5531460e+06   1.8371582e+01
   3.5531760e+06   1.8737793e+01
   3.5532220e+06   1.7578125e+01
   3.5532650e+06   1.6296387e+01
   3.5534480e+06   1.4709473e+01
   3.5535200e+06   1.5258789e+01
   3.5535300e+06   1.6174316e+01
   3.5535680e+06   1.5502930e+01
   3.5536790e+06   1.4770508e+01
   3.5537240e+06   1.7822266e+01
   3.5541380e+06   1.7272949e+01
   3.5545530e+06   1.5686035e+01
   3.5549280e+06   1.5319824e+01
   3.5554740e+06   1.7944336e+01
   3.5563580e+06   1.4770508e+01
   3.6812470e+06   2.3254395e+01
   3.9481100e+06   1.4648438e+01
   3.9811810e+06   1.7700195e+01
   3.9812250e+06   2.1057129e+01
   3.9812550e+06   3.4301758e+01
   3.9812730e+06   3.9672852e+01
   3.9813010e+06   8.6486816e+01
   3.9813150e+06   3.1311035e+01
   3.9813280e+06   4.0222168e+01
   3.9813530e+06   2.7282715e+01
   3.9813690e+06   1.8737793e+01
   3.9813840e+06   2.9174805e+01
   3.9814140e+06   3.6926270e+01
   3.9814260e+06   1.8493652e+01
   3.9814360e+06   1.4709473e+01
   3.9814500e+06   1.8859863e+01
   3.9814920e+06   3.6621094e+01
   3.9815220e+06   2.7099609e+01
   3.9815330e+06   2.3498535e+01
   3.9815640e+06   3.0029297e+01
   3.9816190e+06   1.7578125e+01
   3.9816320e+06   2.2827148e+01
   3.9816780e+06   2.2644043e+01
   3.9817290e+06   2.3376465e+01
   3.9817430e+06   1.5075684e+01
   3.9817640e+06   1.8859863e+01
   3.9818020e+06   2.3437500e+01
   3.9818310e+06   2.4047852e+01
   3.9818810e+06   1.4892578e+01
   3.9819010e+06   1.5014648e+01
   3.9819230e+06   1.4465332e+01
   3.9820100e+06   1.9409180e+01
   3.9820220e+06   1.4526367e+01
   3.9820730e+06   1.5686035e+01
   3.9822370e+06   1.4770508e+01
   3.9823010e+06   1.6845703e+01
   3.9823790e+06   1.7639160e+01
   3.9828450e+06   1.4770508e+01
   3.9832520e+06   1.4709473e+01
   3.9835620e+06   1.4831543e+01
   3.9846000e+06   1.8493652e+01
   3.9858250e+06   1.5075684e+01
   4.0005830e+06   1.5197754e+01
   4.0806480e+06   1.4587402e+01
   4.5006480e+06   1.9042969e+01
   4.5006760e+06   1.9836426e+01
   4.5006960e+06   1.5869141e+01
   4.5007060e+06   2.2827148e+01
   4.5007260e+06   2.7587891e+01
   4.5007470e+06   1.5258789e+01
   4.5007660e+06   2.1728516e+01
   4.5008060e+06   6.1279297e+01
   4.5008180e+06   1.4709473e+01
   4.5008410e+06   4.7790527e+01
   4.5008650e+06   2.0874023e+01
   4.5008800e+06   2.3742676e+01
   4.5009060e+06   2.0996094e+01
   4.5009200e+06   3.5949707e+01
   4.5009540e+06   3.4667969e+01
   4.5009670e+06   2.3498535e+01
   4.5009860e+06   3.7231445e+01
   4.5010110e+06   1.8005371e+01
   4.5010280e+06   1.6723633e+01
   4.5010430e+06   2.2033691e+01
   4.5010580e+06   2.3742676e+01
   4.5010690e+06   2.6367188e+01
   4.5010950e+06   1.8676758e+01
   4.5011110e+06   2.1240234e+01
   4.5011340e+06   1.8371582e+01
   4.5011720e+06   2.3010254e+01
   4.5012160e+06   2.5573730e+01
   4.5012420e+06   1.9714355e+01
   4.5012640e+06   1.7395020e+01
   4.5012970e+06   1.6723633e+01
   4.5013280e+06   2.1423340e+01
   4.5013500e+06   1.5747070e+01
   4.5013680e+06   2.1423340e+01
   4.5013980e+06   1.8737793e+01
   4.5014800e+06   1.5197754e+01
   4.5017480e+06   1.5563965e+01
   4.5022170e+06   1.8371582e+01
   4.5060840e+06   1.4648438e+01
   4.5075870e+06   1.6662598e+01
   4.7220240e+06   1.8005371e+01
   4.7220360e+06   2.5268555e+01
   4.7220550e+06   6.4392090e+01
   4.7220760e+06   2.2094727e+01
   4.7220970e+06   3.8269043e+01
   4.7221170e+06   2.2644043e+01
   4.7221350e+06   3.1982422e+01
   4.7221480e+06   2.7038574e+01
   4.7221650e+06   1.9592285e+01
   4.7221780e+06   2.0141602e+01
   4.7221940e+06   1.6967773e+01
   4.7222100e+06   2.8564453e+01
   4.7222400e+06   3.1188965e+01
   4.7222620e+06   2.0202637e+01
   4.7222780e+06   3.4851074e+01
   4.7223010e+06   1.6235352e+01
   4.7223260e+06   2.4353027e+01
   4.7223400e+06   3.6071777e+01
   4.7223650e+06   1.5136719e+01
   4.7223880e+06   2.7343750e+01
   4.7224210e+06   1.4831543e+01
   4.7224320e+06   4.1076660e+01
   4.7224770e+06   1.7700195e+01
   4.7225120e+06   2.1911621e+01
   4.7225450e+06   3.7231445e+01
   4.7225670e+06   1.9897461e+01
   4.7226710e+06   1.5869141e+01
   4.7228180e+06   1.8859863e+01
   4.7230340e+06   1.9470215e+01
   4.7230920e+06   2.8320313e+01
   4.7231570e+06   1.8981934e+01
   4.7232610e+06   1.5014648e+01
   4.7233200e+06   1.4465332e+01
   4.7235520e+06   1.5075684e+01
   4.7236810e+06   1.5930176e+01
   4.7237440e+06   1.5075684e+01
   4.7238020e+06   1.5808105e+01
   4.7240340e+06   1.5197754e+01
   4.7242080e+06   1.4526367e+01
   4.7242930e+06   1.6174316e+01
   4.7269610e+06   1.4831543e+01
   5.0336670e+06   1.6784668e+01
   5.0337170e+06   2.0446777e+01
   5.0337280e+06   2.3315430e+01
   5.0337430e+06   3.1127930e+01
   5.0337580e+06   3.0212402e+01
   5.0337810e+06   7.3547363e+01
   5.0337910e+06   1.9470215e+01
   5.0338030e+06   2.4047852e+01
   5.0338270e+06   2.0996094e+01
   5.0338400e+06   2.8930664e+01
   5.0338540e+06   2.4658203e+01
   5.0338780e+06   3.9062500e+01
   5.0339030e+06   2.7099609e+01
   5.0339200e+06   1.6479492e+01
   5.0339400e+06   2.2460938e+01
   5.0339510e+06   2.5451660e+01
   5.0339730e+06   3.3508301e+01
   5.0339920e+06   2.6672363e+01
   5.0340300e+06   3.8330078e+01
   5.0340790e+06   3.0761719e+01
   5.0341110e+06   2.2583008e+01
   5.0341260e+06   2.0141602e+01
   5.0341430e+06   2.0874023e+01
   5.0341750e+06   2.2399902e+01
   5.0342380e+06   1.8188477e+01
   5.0342560e+06   1.6479492e+01
   5.0343020e+06   1.9653320e+01
   5.0343150e+06   1.4831543e+01
   5.0343560e+06   1.8432617e+01
   5.0344120e+06   1.9226074e+01
   5.0344400e+06   1.6967773e+01
   5.0344670e+06   1.4770508e+01
   5.0346190e+06   1.4709473e+01
   5.0346700e+06   2.1423340e+01
   5.0347380e+06   1.5869141e+01
   5.0347700e+06   1.5747070e+01
   5.0347910e+06   1.7272949e+01
   5.0348990e+06   1.6418457e+01
   5.0351390e+06   1.5930176e+01
   5.0354800e+06   1.5747070e+01
   5.0358520e+06   1.5319824e+01
   5.0392720e+06   1.4831543e+01
   5.0860190e+06   1.7761230e+01
   5.2544010e+06   2.1240234e+01
   5.2544290e+06   2.4841309e+01
   5.2544390e+06   1.7333984e+01
   5.2544550e+06   2.7770996e+01
   5.2544740e+06   7.3974609e+01
   5.2544870e+06   2.7770996e+01
   5.2545030e+06   4.6386719e+01
   5.2545300e+06   2.2766113e+01
   5.2545520e+06   2.2338867e+01
   5.2545620e+06   2.7099609e+01
   5.2545890e+06   3.3386230e+01
   5.2546140e+06   2.3071289e+01
   5.2546340e+06   1.9775391e+01
   5.2546760e+06   2.2521973e+01
   5.2547070e+06   1.5747070e+01
   5.2547240e+06   2.5695801e+01
   5.2547390e+06   2.1667480e+01
   5.2547520e+06   1.6845703e+01
   5.2547680e+06   1.5869141e+01
   5.2547780e+06   2.0446777e+01
   5.2548010e+06   1.5014648e+01
   5.2548210e+06   2.8686523e+01
   5.2548510e+06   1.7700195e+01
   5.2548620e+06   1.6296387e+01
   5.2548900e+06   2.2644043e+01
   5.2549360e+06   1.4465332e+01
   5.2549660e+06   1.4831543e+01
   5.2549900e+06   2.5390625e+01
   5.2550220e+06   1.5991211e+01
   5.2550920e+06   2.0568848e+01
   5.2551230e+06   1.4892578e+01
   5.2551910e+06   1.4831543e+01
   5.2552400e+06   1.5808105e+01
   5.2553150e+06   1.5136719e+01
   5.2553660e+06   2.2827148e+01
   5.2560170e+06   1.4465332e+01
   5.2563040e+06   1.5808105e+01
   5.3791970e+06   1.4709473e+01
   5.3792410e+06   1.8249512e+01
   5.3792720e+06   2.0324707e+01
   5.3792950e+06   3.6560059e+01
   5.3793060e+06   2.1362305e+01
   5.3793240e+06   7.6782227e+01
   5.3793370e+06   1.8066406e+01
   5.3793550e+06   5.2734375e+01
   5.3793700e+06   2.7038574e+01
   5.3793840e+06   1.8981934e+01
   5.3793970e+06   2.4841309e+01
   5.3794200e+06   2.3193359e+01
   5.3794500e+06   2.3681641e+01
   5.3794610e+06   1.5380859e+01
   5.3794830e+06   1.6052246e+01
   5.3795120e+06   2.6916504e+01
   5.3795380e+06   1.4831543e+01
   5.3795570e+06   2.8076172e+01
   5.3795760e+06   1.4526367e+01
   5.3795940e+06   1.7028809e+01
   5.3796050e+06   1.5930176e+01
   5.3796260e+06   1.8188477e+01
   5.3796580e+06   2.8869629e+01
   5.3796710e+06   4.0893555e+01
   5.3796950e+06   2.2216797e+01
   5.3797130e+06   1.6662598e+01
   5.3797400e+06   3.2409668e+01
   5.3797670e+06   1.8676758e+01
   5.3798030e+06   1.4770508e+01
   5.3798220e+06   2.2033691e+01
   5.3799130e+06   1.6906738e+01
   5.3799410e+06   1.4892578e+01
   5.3799650e+06   1.9958496e+01
   5.3799880e+06   1.4648438e+01
   5.3800740e+06   1.5014648e+01
   5.3800940e+06   1.5869141e+01
   5.3801270e+06   2.3498535e+01
   5.3801870e+06   1.6906738e+01
   5.3802410e+06   1.8737793e+01
   5.3802820e+06   1.5441895e+01
   5.3803690e+06   1.6052246e+01
   5.3805700e+06   1.4953613e+01
   5.3806930e+06   1.9226074e+01
   5.3807120e+06   1.5075684e+01
   5.3808040e+06   1.4953613e+01
   5.3808790e+06   1.4465332e+01
   5.3810900e+06   1.5625000e+01
   5.3817840e+06   1.8066406e+01
   5.3832500e+06   1.4465332e+01
   5.3842680e+06   1.4465332e+01
   5.4169740e+06   1.5075684e+01
   5.5765820e+06   1.6967773e+01
   5.5766100e+06   2.0874023e+01
   5.5766390e+06   3.6987305e+01
   5.5766530e+06   3.5217285e+01
   5.5766670e+06   3.4240723e+01
   5.5766960e+06   5.0170898e+01
   5.5767060e+06   2.5268555e+01
   5.5767320e+06   3.1738281e+01
   5.5767670e+06   4.2114258e+01
   5.5767890e+06   2.6489258e+01
   5.5768080e+06   2.3315430e+01
   5.5768190e+06   2.1423340e+01
   5.5768500e+06   3.3996582e+01
   5.5768790e+06   2.5207520e+01
   5.5769080e+06   3.1555176e+01
   5.5769550e+06   1.6540527e+01
   5.5769710e+06   1.8859863e+01
   5.5769950e+06   1.6296387e+01
   5.5770120e+06   2.7404785e+01
   5.5770670e+06   1.8310547e+01
   5.5771020e+06   1.5930176e+01
   5.5771150e+06   1.9226074e+01
   5.5771580e+06   1.5625000e+01
   5.5772140e+06   2.2399902e+01
   5.5772280e+06   1.6723633e+01
   5.5772720e+06   1.6357422e+01
   5.5772850e+06   1.4892578e+01
   5.5772970e+06   1.4709473e+01
   5.5773540e+06   1.8493652e+01
   5.5774680e+06   1.5930176e+01
   5.5775730e+06   1.8615723e+01
   5.5776440e+06   1.7150879e+01
   5.5776980e+06   1.5258789e+01
   5.5784710e+06   1.6357422e+01
   5.5792700e+06   1.4526367e+01
   5.5809260e+06   1.5502930e+01
   5.5810790e+06   1.4892578e+01
   5.5833480e+06   1.4587402e+01
   5.6481760e+06   2.0202637e+01
   5.6482060e+06   1.8493652e+01
   5.6482160e+06   2.2521973e+01
   5.6482360e+06   3.3935547e+01
   5.6482530e+06   3.5339355e+01
   5.6482730e+06   2.7770996e+01
   5.6482910e+06   4.0893555e+01
   5.6483110e+06   5.3833008e+01
   5.6483330e+06   1.5747070e+01
   5.6483450e+06   4.1198730e+01
   5.6483650e+06   2.8503418e+01
   5.6483790e+06   1.4526367e+01
   5.6483900e+06   2.0629883e+01
   5.6484010e+06   1.9409180e+01
   5.6484190e+06   1.8432617e+01
   5.6484330e+06   2.0385742e+01
   5.6484480e+06   1.6296387e+01
   5.6484790e+06   2.8808594e+01
   5.6484960e+06   1.4831543e+01
   5.6485100e+06   1.6479492e+01
   5.6485500e+06   2.4536133e+01
   5.6485620e+06   1.7761230e+01
   5.6485850e+06   1.5014648e+01
   5.6486090e+06   1.4709473e+01
   5.6486300e+06   2.0385742e+01
   5.6486490e+06   1.6784668e+01
   5.6486660e+06   2.4597168e+01
   5.6486820e+06   2.1667480e+01
   5.6487080e+06   2.7770996e+01
   5.6487240e+06   1.4892578e+01
   5.6487580e+06   1.9348145e+01
   5.6487920e+06   1.4953613e+01
   5.6488110e+06   2.4719238e+01
   5.6488460e+06   2.7343750e+01
   5.6488850e+06   2.1972656e+01
   5.6489050e+06   2.3681641e+01
   5.6489670e+06   1.6052246e+01
   5.6489790e+06   1.7578125e+01
   5.6490040e+06   4.2968750e+01
   5.6490480e+06   1.4770508e+01
   5.6490800e+06   1.5014648e+01
   5.6490930e+06   1.8798828e+01
   5.6491190e+06   2.7038574e+01
   5.6491490e+06   1.6296387e+01
   5.6491640e+06   1.6113281e+01
   5.6493630e+06   1.6235352e+01
   5.6494650e+06   1.5563965e+01
   5.6495350e+06   1.5075684e+01
   5.6500850e+06   1.5869141e+01
   5.6501590e+06   1.5563965e+01
   5.6501780e+06   1.4709473e+01
   5.6502270e+06   1.5563965e+01
   5.6506260e+06   1.4526367e+01
   5.6517120e+06   1.4770508e+01
