   5.9990000e+06   0.0000000e+00
   4.0711000e+04   1.6723633e+01
   5.9265600e+05   1.6235352e+01
   5.9288700e+05   1.7944336e+01
   7.1304300e+05   3.0334473e+01
   9.8093600e+05   1.6235352e+01
   9.8119100e+05   2.0996094e+01
   1.0839560e+06   2.8503418e+01
   1.0839670e+06   2.0568848e+01
   1.0839930e+06   1.9958496e+01
   1.0840270e+06   1.6540527e+01
   1.0840430e+06   1.4770508e+01
   1.0840610e+06   2.3071289e+01
   1.0840790e+06   1.9348145e+01
   1.5298220e+06   2.2033691e+01
   1.5298460e+06   2.0446777e+01
   1.5298630e+06   2.9235840e+01
   1.5298940e+06   1.4404297e+01
   1.5299110e+06   1.8798828e+01
   1.5299280e+06   1.5014648e+01
   1.8870290e+06   2.6672363e+01
   1.8870590e+06   1.9836426e+01
   1.8871000e+06   2.0446777e+01
   1.8871180e+06   1.6967773e+01
   1.8871360e+06   1.5258789e+01
   1.8884410e+06   1.6723633e+01
   2.2340890e+06   2.6123047e+01
   2.2341040e+06   2.2399902e+01
   2.2341260e+06   1.7272949e+01
   2.2341440e+06   1.6296387e+01
   2.2341610e+06   2.3681641e+01
   2.2341790e+06   1.6479492e+01
   2.2342320e+06   1.7028809e+01
   2.8568710e+06   1.4282227e+01
   2.8569000e+06   1.8066406e+01
   2.8569310e+06   2.6733398e+01
   2.8569590e+06   1.4831543e+01
   2.8569710e+06   1.5563965e+01
   2.8569930e+06   1.5502930e+01
   2.8570970e+06   1.7395020e+01
   2.8583810e+06   1.5686035e+01
   3.5525440e+06   2.4047852e+01
   3.5525780e+06   1.9531250e+01
   3.5526050e+06   2.0568848e+01
   3.5526380e+06   1.4404297e+01
   3.5526720e+06   1.5014648e+01
   3.5526850e+06   1.6235352e+01
   3.5527170e+06   1.5258789e+01
   3.5527360e+06   1.6723633e+01
   3.9812850e+06   2.2338867e+01
   3.9813160e+06   2.2216797e+01
   3.9813290e+06   1.4648438e+01
   3.9813530e+06   1.5625000e+01
   3.9813720e+06   2.2521973e+01
   3.9813960e+06   1.8249512e+01
   3.9814330e+06   1.5197754e+01
   4.5007900e+06   1.4953613e+01
   4.5008290e+06   3.3386230e+01
   4.5008570e+06   1.9165039e+01
   4.5008730e+06   1.4648438e+01
   4.5008850e+06   1.4282227e+01
   4.5009330e+06   1.6296387e+01
   4.5009870e+06   1.4343262e+01
   4.5019120e+06   1.4465332e+01
   4.7219320e+06   2.0874023e+01
   4.7219760e+06   1.7272949e+01
   4.7219920e+06   1.9348145e+01
   4.7220100e+06   2.3132324e+01
   4.7220390e+06   1.9470215e+01
   4.7220650e+06   1.5502930e+01
   4.7221280e+06   1.6357422e+01
   5.0337370e+06   2.1545410e+01
   5.0337500e+06   1.7883301e+01
   5.0337670e+06   1.7761230e+01
   5.0337900e+06   1.7150879e+01
   5.0338140e+06   1.8188477e+01
   5.0338410e+06   1.5197754e+01
   5.0338660e+06   1.8310547e+01
   5.0338820e+06   1.4526367e+01
   5.0339320e+06   1.6357422e+01
   5.2357000e+06   1.7944336e+01
   5.2543560e+06   2.0629883e+01
   5.2543700e+06   1.4465332e+01
   5.2543960e+06   1.5258789e+01
   5.2544080e+06   2.2888184e+01
   5.2544270e+06   1.7578125e+01
   5.2544450e+06   1.8493652e+01
   5.2544930e+06   1.5930176e+01
   5.2545080e+06   2.0141602e+01
   5.2545380e+06   1.4648438e+01
   5.2545870e+06   1.6357422e+01
   5.2549250e+06   1.6357422e+01
   5.2555460e+06   1.7883301e+01
   5.3793040e+06   2.2338867e+01
   5.3793190e+06   1.9104004e+01
   5.3793420e+06   2.0874023e+01
   5.3793570e+06   1.9897461e+01
   5.3793830e+06   1.9287109e+01
   5.3794360e+06   1.4831543e+01
   5.3794640e+06   1.5258789e+01
   5.3794860e+06   1.8554688e+01
   5.3797650e+06   1.5075684e+01
   5.3807580e+06   1.4343262e+01
   5.5766480e+06   2.8137207e+01
   5.5766700e+06   2.3864746e+01
   5.5766920e+06   1.9775391e+01
   5.5767090e+06   1.5258789e+01
   5.5767430e+06   1.5991211e+01
   5.5767630e+06   1.6723633e+01
   5.5767800e+06   1.5563965e+01
   5.5771010e+06   1.5319824e+01
   5.5772330e+06   1.4709473e+01
   5.5772590e+06   1.4465332e+01
   5.6479210e+06   1.5991211e+01
   5.6481500e+06   1.4709473e+01
   5.6481860e+06   1.5747070e+01
   5.6482040e+06   1.4831543e+01
   5.6482240e+06   1.7517090e+01
   5.6482410e+06   2.0019531e+01
   5.6482620e+06   1.5197754e+01
   5.6483040e+06   1.9714355e+01
   5.6498840e+06   1.4343262e+01
