   5.9990000e+06   0.0000000e+00
   6.5980000e+03   1.3488770e+01
   1.6185700e+05   1.4587402e+01
   2.7583300e+05   1.3793945e+01
   1.0839690e+06   1.6479492e+01
   1.0839880e+06   1.4526367e+01
   1.0840200e+06   1.7578125e+01
   1.0840420e+06   3.0883789e+01
   1.0840630e+06   2.4536133e+01
   1.0840970e+06   1.6845703e+01
   1.0841080e+06   1.8554688e+01
   1.0841410e+06   1.5502930e+01
   1.0841520e+06   1.7944336e+01
   1.0841790e+06   1.6296387e+01
   1.0842350e+06   1.4648438e+01
   1.0845570e+06   1.3488770e+01
   1.0865160e+06   1.3488770e+01
   1.5298550e+06   2.1240234e+01
   1.5298790e+06   1.8005371e+01
   1.5299160e+06   1.5319824e+01
   1.5299430e+06   2.4291992e+01
   1.5299920e+06   1.6662598e+01
   1.5300030e+06   1.4709473e+01
   1.8870270e+06   1.3549805e+01
   1.8870520e+06   1.6723633e+01
   1.8870790e+06   2.1484375e+01
   1.8871090e+06   1.6174316e+01
   1.8871210e+06   1.9836426e+01
   1.8871420e+06   1.8493652e+01
   1.8871550e+06   1.6540527e+01
   1.8871740e+06   1.6113281e+01
   1.8872770e+06   1.6845703e+01
   1.8876660e+06   1.3610840e+01
   1.8895970e+06   1.3793945e+01
   1.9507020e+06   1.4038086e+01
   2.1203000e+06   1.4282227e+01
   2.2340840e+06   1.4099121e+01
   2.2341060e+06   2.5390625e+01
   2.2341390e+06   3.1372070e+01
   2.2341540e+06   1.7395020e+01
   2.2341770e+06   1.9287109e+01
   2.2341890e+06   2.1728516e+01
   2.2342240e+06   1.4770508e+01
   2.2342590e+06   1.3916016e+01
   2.2343570e+06   1.4343262e+01
   2.2345220e+06   1.3671875e+01
   2.2348750e+06   1.4587402e+01
   2.4262090e+06   1.3488770e+01
   2.8570150e+06   2.3437500e+01
   2.8570430e+06   2.1423340e+01
   2.8570640e+06   2.4841309e+01
   2.8570820e+06   1.5197754e+01
   2.8571010e+06   2.3315430e+01
   2.8571170e+06   1.7578125e+01
   2.8571300e+06   1.6540527e+01
   2.8571680e+06   1.3488770e+01
   2.8572480e+06   1.3427734e+01
   2.8572850e+06   1.4343262e+01
   2.8575180e+06   1.4282227e+01
   2.8575770e+06   1.4648438e+01
   2.8580410e+06   1.4038086e+01
   2.8585160e+06   1.3488770e+01
   2.8642390e+06   1.3488770e+01
   3.1648930e+06   1.3793945e+01
   3.5526350e+06   2.1362305e+01
   3.5526490e+06   1.6235352e+01
   3.5526710e+06   1.8676758e+01
   3.5526810e+06   1.9836426e+01
   3.5527130e+06   2.2216797e+01
   3.5527780e+06   1.4099121e+01
   3.5528060e+06   1.6662598e+01
   3.5528800e+06   1.4831543e+01
   3.5529850e+06   1.5808105e+01
   3.5530910e+06   1.4099121e+01
   3.8947940e+06   1.3854980e+01
   3.9812850e+06   2.4108887e+01
   3.9812970e+06   2.3742676e+01
   3.9813230e+06   3.2836914e+01
   3.9813330e+06   1.7272949e+01
   3.9813550e+06   2.4536133e+01
   3.9813730e+06   1.8005371e+01
   3.9814000e+06   1.9592285e+01
   3.9814300e+06   1.4587402e+01
   3.9814410e+06   1.9348145e+01
   3.9815010e+06   1.3732910e+01
   3.9818950e+06   1.4404297e+01
   3.9831560e+06   1.4343262e+01
   4.0763750e+06   1.4221191e+01
   4.1544430e+06   1.3427734e+01
   4.2022030e+06   1.3366699e+01
   4.5006830e+06   1.3732910e+01
   4.5007130e+06   1.3366699e+01
   4.5007430e+06   1.3916016e+01
   4.5007740e+06   2.7648926e+01
   4.5008080e+06   3.0456543e+01
   4.5008420e+06   2.1789551e+01
   4.5008570e+06   1.4099121e+01
   4.5008700e+06   1.3793945e+01
   4.5009030e+06   1.7944336e+01
   4.5009340e+06   1.8432617e+01
   4.5009510e+06   1.5502930e+01
   4.5010240e+06   1.3793945e+01
   4.5010550e+06   1.5136719e+01
   4.5010820e+06   1.3732910e+01
   4.5013590e+06   1.3671875e+01
   4.5014410e+06   1.5075684e+01
   4.5014950e+06   1.4709473e+01
   4.5021900e+06   1.3427734e+01
   4.7220490e+06   1.3427734e+01
   4.7220680e+06   1.6784668e+01
   4.7220850e+06   2.0935059e+01
   4.7221000e+06   2.0996094e+01
   4.7221270e+06   1.4038086e+01
   4.7221530e+06   1.5197754e+01
   4.7222120e+06   1.4770508e+01
   4.7222540e+06   1.6479492e+01
   4.7222890e+06   1.6418457e+01
   4.7224530e+06   1.3427734e+01
   4.7224960e+06   1.3488770e+01
   4.7227380e+06   1.4099121e+01
   5.0336870e+06   1.5747070e+01
   5.0337530e+06   1.4953613e+01
   5.0337650e+06   1.9348145e+01
   5.0337920e+06   1.6174316e+01
   5.0338100e+06   1.5014648e+01
   5.0338200e+06   2.0935059e+01
   5.0338500e+06   2.4047852e+01
   5.0338620e+06   1.9775391e+01
   5.0339040e+06   1.3549805e+01
   5.0339170e+06   1.7944336e+01
   5.0339470e+06   1.4770508e+01
   5.0339860e+06   1.4099121e+01
   5.0341000e+06   1.3793945e+01
   5.0345930e+06   1.4770508e+01
   5.2544530e+06   1.8432617e+01
   5.2544730e+06   1.9714355e+01
   5.2545100e+06   1.4099121e+01
   5.2545410e+06   2.1362305e+01
   5.2545530e+06   1.6601562e+01
   5.2545750e+06   1.6357422e+01
   5.2545900e+06   1.3366699e+01
   5.2546290e+06   1.3916016e+01
   5.2546810e+06   1.3732910e+01
   5.2548750e+06   1.3488770e+01
   5.3792990e+06   2.1667480e+01
   5.3793120e+06   3.1127930e+01
   5.3793390e+06   1.9592285e+01
   5.3793610e+06   1.8859863e+01
   5.3793950e+06   1.5075684e+01
   5.3794140e+06   1.3366699e+01
   5.3794820e+06   1.4892578e+01
   5.3796920e+06   1.4404297e+01
   5.3797290e+06   1.4343262e+01
   5.3800940e+06   1.3854980e+01
   5.5766350e+06   1.3427734e+01
   5.5766500e+06   2.0507812e+01
   5.5766650e+06   2.5085449e+01
   5.5766870e+06   2.7832031e+01
   5.5767170e+06   2.7648926e+01
   5.5767340e+06   1.4770508e+01
   5.5767570e+06   1.6357422e+01
   5.5767870e+06   1.7761230e+01
   5.5768010e+06   1.3366699e+01
   5.5768180e+06   1.4221191e+01
   5.5768440e+06   1.3854980e+01
   5.5772090e+06   1.3671875e+01
   5.5772670e+06   1.3610840e+01
   5.6482520e+06   1.7700195e+01
   5.6482630e+06   3.5705566e+01
   5.6482850e+06   1.8371582e+01
   5.6482990e+06   2.5512695e+01
   5.6483190e+06   2.4353027e+01
   5.6483390e+06   1.7578125e+01
   5.6483710e+06   2.2460938e+01
   5.6483850e+06   1.5014648e+01
   5.6484050e+06   1.6113281e+01
   5.6484530e+06   1.5930176e+01
   5.6485330e+06   1.4160156e+01
   5.6488500e+06   1.3977051e+01
   5.8148780e+06   1.4221191e+01
   5.8587940e+06   1.8371582e+01
   5.9035220e+06   1.6113281e+01
   5.9499180e+06   1.5869141e+01
