   5.9990000e+06   0.0000000e+00
   4.0935700e+05   1.2329102e+01
   4.0969700e+05   1.1535645e+01
   4.0976900e+05   1.1657715e+01
   4.0984900e+05   1.2878418e+01
   4.0993300e+05   1.2023926e+01
   4.8641500e+05   1.1718750e+01
   6.7177900e+05   1.3244629e+01
   6.7184300e+05   1.2084961e+01
   6.7213800e+05   1.3366699e+01
   8.5625800e+05   1.3732910e+01
   8.5668500e+05   1.2573242e+01
   1.6417520e+06   1.2084961e+01
   1.6420500e+06   1.1657715e+01
   1.8053170e+06   1.3061523e+01
   1.8056420e+06   1.3244629e+01
   1.8057240e+06   1.1535645e+01
   2.0552230e+06   1.1718750e+01
   2.0556240e+06   1.2329102e+01
   2.1129630e+06   1.1840820e+01
   2.4255720e+06   1.1901855e+01
   3.2645310e+06   1.3305664e+01
   3.4782050e+06   1.3244629e+01
   3.4786580e+06   1.3366699e+01
   3.7988900e+06   1.3244629e+01
   3.8372870e+06   1.1779785e+01
   3.9664900e+06   1.1474609e+01
   3.9669230e+06   1.2268066e+01
   3.9669980e+06   1.3671875e+01
   4.1812980e+06   1.3916016e+01
   4.1816630e+06   1.4221191e+01
   4.1817380e+06   1.3305664e+01
   4.3752130e+06   1.1657715e+01
   4.4245760e+06   1.1535645e+01
   4.5016400e+06   1.5441895e+01
   4.5647790e+06   1.2207031e+01
   4.5648360e+06   1.2207031e+01
   4.6045930e+06   1.2756348e+01
   5.4110170e+06   1.3000488e+01
   5.4112350e+06   1.3183594e+01
   5.4113880e+06   1.3732910e+01
   5.4115180e+06   1.1779785e+01
   5.6216490e+06   1.1474609e+01
   5.9614640e+06   1.3427734e+01
   5.9617590e+06   1.2268066e+01
   5.9618230e+06   1.3610840e+01
