   5.9990000e+06   0.0000000e+00
   1.8718000e+05   1.9226074e+01
   2.0287700e+05   1.7578125e+01
   4.0902100e+05   1.1779785e+01
   4.0906600e+05   1.2390137e+01
   4.0911400e+05   1.2939453e+01
   4.0913800e+05   1.7761230e+01
   4.0914800e+05   1.2756348e+01
   4.0922000e+05   1.3122559e+01
   4.0928800e+05   1.2329102e+01
   4.0930600e+05   1.4038086e+01
   4.0980500e+05   1.5014648e+01
   4.1016400e+05   1.1901855e+01
   6.7123100e+05   1.2451172e+01
   6.7145200e+05   1.2023926e+01
   6.7150100e+05   2.0507812e+01
   6.7154600e+05   1.3610840e+01
   6.7156400e+05   1.4770508e+01
   6.7158500e+05   1.4404297e+01
   6.7160300e+05   1.6540527e+01
   6.7166100e+05   1.4648438e+01
   6.7227600e+05   2.4658203e+01
   8.5602500e+05   1.6418457e+01
   8.5605900e+05   1.7456055e+01
   8.5607000e+05   1.5441895e+01
   8.5609600e+05   1.3427734e+01
   8.5615100e+05   1.3305664e+01
   8.5620400e+05   1.2084961e+01
   8.5626200e+05   1.3427734e+01
   1.2441920e+06   1.6540527e+01
   1.2442590e+06   1.5991211e+01
   1.2443810e+06   1.4587402e+01
   1.4423080e+06   1.3977051e+01
   1.6414890e+06   1.2512207e+01
   1.6415450e+06   1.7089844e+01
   1.6415710e+06   1.2939453e+01
   1.6415970e+06   1.2207031e+01
   1.6416110e+06   1.5014648e+01
   1.6417540e+06   1.1840820e+01
   1.6418790e+06   1.2451172e+01
   1.6423780e+06   2.1545410e+01
   1.6465570e+06   2.0996094e+01
   1.8050370e+06   1.2023926e+01
   1.8050520e+06   1.4282227e+01
   1.8050800e+06   1.8798828e+01
   1.8050970e+06   1.3854980e+01
   1.8051330e+06   1.5991211e+01
   1.8051450e+06   1.5319824e+01
   1.8051600e+06   1.2084961e+01
   1.8051840e+06   1.2145996e+01
   1.8052350e+06   1.2573242e+01
   1.8052760e+06   1.2268066e+01
   1.8057090e+06   2.3803711e+01
   2.0549450e+06   1.4160156e+01
   2.0549680e+06   1.2573242e+01
   2.0549940e+06   2.4108887e+01
   2.0550200e+06   1.1840820e+01
   2.0550560e+06   1.9958496e+01
   2.0550740e+06   1.4526367e+01
   2.0551230e+06   1.6235352e+01
   2.1126520e+06   1.3793945e+01
   2.1126830e+06   1.3916016e+01
   2.1127050e+06   1.3854980e+01
   2.1127230e+06   1.7761230e+01
   2.1127410e+06   1.9775391e+01
   2.1127850e+06   1.3183594e+01
   2.1128560e+06   1.6052246e+01
   2.3618170e+06   1.1718750e+01
   2.3618570e+06   2.0629883e+01
   2.3619000e+06   2.0324707e+01
   2.3619300e+06   1.4282227e+01
   2.3619430e+06   1.3061523e+01
   2.3622030e+06   1.2451172e+01
   2.3622730e+06   1.4953613e+01
   2.3716400e+06   1.2512207e+01
   2.4249850e+06   1.1596680e+01
   2.4252770e+06   1.3305664e+01
   2.4253000e+06   1.5686035e+01
   2.4253410e+06   1.7456055e+01
   2.4253590e+06   1.3366699e+01
   2.4253950e+06   1.5380859e+01
   2.4254440e+06   1.4160156e+01
   3.4779880e+06   1.5869141e+01
   3.4780040e+06   1.6479492e+01
   3.4780330e+06   1.5441895e+01
   3.4780640e+06   1.5747070e+01
   3.4781100e+06   1.1718750e+01
   3.4782020e+06   1.2573242e+01
   3.4784980e+06   1.1901855e+01
   3.5203580e+06   1.2023926e+01
   3.7989140e+06   1.1901855e+01
   3.8360850e+06   1.8249512e+01
   3.8644810e+06   1.6052246e+01
   3.8645220e+06   1.1474609e+01
   3.8661290e+06   1.7333984e+01
   3.9663150e+06   1.1840820e+01
   3.9663270e+06   1.1840820e+01
   3.9663390e+06   1.6479492e+01
   3.9663680e+06   1.3732910e+01
   3.9663930e+06   1.4892578e+01
   3.9664460e+06   1.7883301e+01
   4.1809660e+06   1.2451172e+01
   4.1810310e+06   1.1535645e+01
   4.1811050e+06   1.5197754e+01
   4.1811630e+06   1.7272949e+01
   4.1811920e+06   1.1840820e+01
   4.1812230e+06   1.2634277e+01
   4.1816850e+06   2.2949219e+01
   4.1823450e+06   2.2583008e+01
   4.3020660e+06   1.9348145e+01
   4.3020900e+06   1.1779785e+01
   4.3021230e+06   1.9958496e+01
   4.3022010e+06   1.2939453e+01
   4.3022240e+06   1.1535645e+01
   4.3023550e+06   1.2390137e+01
   4.3742920e+06   1.1474609e+01
   4.3744910e+06   1.6601562e+01
   4.3745390e+06   1.3366699e+01
   4.3745720e+06   1.7150879e+01
   4.3746170e+06   1.2084961e+01
   4.3746360e+06   1.4221191e+01
   4.3747050e+06   1.2573242e+01
   4.3747640e+06   1.1413574e+01
   4.4243140e+06   1.1962891e+01
   4.4243380e+06   1.1779785e+01
   4.4243670e+06   1.2390137e+01
   4.4243780e+06   1.5441895e+01
   4.4244110e+06   1.1657715e+01
   4.4244460e+06   1.7272949e+01
   4.4251320e+06   1.1901855e+01
   4.5013270e+06   1.1840820e+01
   4.5013770e+06   1.2512207e+01
   4.5014280e+06   1.3610840e+01
   4.5017110e+06   1.3061523e+01
   4.5287920e+06   1.2512207e+01
   4.5643290e+06   1.1718750e+01
   4.5644440e+06   1.3793945e+01
   4.5644790e+06   1.3549805e+01
   4.5646920e+06   1.2756348e+01
   4.5647790e+06   1.2756348e+01
   4.5648870e+06   1.3427734e+01
   4.6040580e+06   1.3793945e+01
   4.6041050e+06   1.7944336e+01
   4.6041160e+06   1.1718750e+01
   4.6041580e+06   1.4892578e+01
   4.6041880e+06   1.3244629e+01
   4.6043400e+06   1.2207031e+01
   4.6044550e+06   1.1535645e+01
   4.7260200e+06   1.2451172e+01
   4.7262520e+06   1.4709473e+01
   4.7301140e+06   1.3305664e+01
   4.9793100e+06   1.1901855e+01
   5.3477110e+06   1.2023926e+01
   5.3582540e+06   1.1657715e+01
   5.4109510e+06   1.5319824e+01
   5.4110230e+06   1.6052246e+01
   5.4110630e+06   1.2084961e+01
   5.4110860e+06   1.2512207e+01
   5.4111810e+06   1.7944336e+01
   5.4112350e+06   1.1657715e+01
   5.4114210e+06   1.1901855e+01
   5.4255200e+06   1.1474609e+01
   5.6194450e+06   1.1840820e+01
   5.6561340e+06   1.3610840e+01
   5.7236180e+06   1.1718750e+01
   5.7236480e+06   1.2329102e+01
   5.7577770e+06   1.1962891e+01
   5.7954460e+06   1.2145996e+01
   5.7954610e+06   1.1962891e+01
   5.9612400e+06   1.3427734e+01
   5.9612810e+06   1.4221191e+01
   5.9613810e+06   1.8920898e+01
   5.9615350e+06   1.2329102e+01
   5.9636230e+06   1.1718750e+01
