   5.9990000e+06   0.0000000e+00
   2.2336400e+05   1.1535645e+01
   3.5005200e+05   1.1718750e+01
   4.0930600e+05   1.2329102e+01
   4.0935600e+05   1.1352539e+01
   4.0937900e+05   1.4221191e+01
   1.1700840e+06   1.1840820e+01
   1.2449040e+06   1.1657715e+01
   1.5840120e+06   1.1352539e+01
   1.6417730e+06   1.1352539e+01
   1.6490520e+06   1.2634277e+01
   1.7951960e+06   1.1291504e+01
   1.8053010e+06   1.1230469e+01
   2.0551620e+06   1.3671875e+01
   2.1129890e+06   1.2084961e+01
   2.9409460e+06   1.1474609e+01
   3.0331460e+06   1.1535645e+01
   3.4781970e+06   1.1657715e+01
   3.4828050e+06   1.3427734e+01
   3.4841320e+06   1.3305664e+01
   3.7987260e+06   1.1413574e+01
   3.7988970e+06   1.1230469e+01
   3.9664850e+06   1.2023926e+01
   3.9665050e+06   1.2756348e+01
   4.1812510e+06   1.1657715e+01
   4.1812930e+06   1.2390137e+01
   4.3021520e+06   1.1291504e+01
   4.3747150e+06   1.1535645e+01
   4.3747390e+06   1.2084961e+01
   4.3751490e+06   1.1779785e+01
   4.3806690e+06   1.2084961e+01
   4.5015240e+06   1.1718750e+01
   4.5016110e+06   1.5625000e+01
   4.5016740e+06   1.1718750e+01
   5.0924000e+06   1.4221191e+01
   5.0926820e+06   1.1230469e+01
   5.4110410e+06   1.2939453e+01
   5.7232040e+06   1.1901855e+01
   5.8455910e+06   1.1535645e+01
   5.9614600e+06   1.1657715e+01
