   5.9990000e+06   0.0000000e+00
   1.9779800e+05   1.1840820e+01
   4.0961800e+05   1.2268066e+01
   8.4253600e+05   1.1657715e+01
   8.5645500e+05   1.7211914e+01
   1.3679790e+06   1.1596680e+01
   1.6419060e+06   1.2634277e+01
   1.8053100e+06   1.5380859e+01
   1.8054000e+06   1.5747070e+01
   1.8054570e+06   1.3549805e+01
   1.8054780e+06   1.2695312e+01
   2.0552450e+06   1.2634277e+01
   2.0552730e+06   1.3366699e+01
   2.1129440e+06   1.4526367e+01
   2.2900870e+06   1.4526367e+01
   2.3621770e+06   1.1718750e+01
   2.3622070e+06   1.1962891e+01
   2.3622860e+06   1.2207031e+01
   2.4256630e+06   1.4587402e+01
   3.2647610e+06   1.2268066e+01
   3.4783050e+06   1.5747070e+01
   3.7991130e+06   1.3977051e+01
   3.9664670e+06   1.2145996e+01
   3.9665330e+06   1.2207031e+01
   3.9665700e+06   1.3732910e+01
   3.9666320e+06   1.2145996e+01
   4.1813070e+06   1.1779785e+01
   4.1813580e+06   1.9531250e+01
   4.3748340e+06   1.5686035e+01
   4.4246960e+06   1.3305664e+01
   4.4247090e+06   1.2390137e+01
   4.5016270e+06   1.3793945e+01
   4.5646850e+06   1.2634277e+01
   4.5647070e+06   1.2084961e+01
   4.5647540e+06   1.2573242e+01
   4.5647960e+06   1.6845703e+01
   4.6044060e+06   1.1779785e+01
   4.6044290e+06   1.3244629e+01
   4.6045090e+06   1.2817383e+01
   5.2356620e+06   1.1901855e+01
   5.5403840e+06   1.6235352e+01
   5.5987990e+06   1.5319824e+01
   5.7236040e+06   1.1596680e+01
   5.9614420e+06   1.3183594e+01
   5.9615480e+06   1.3488770e+01
