   5.9990000e+06   0.0000000e+00
   3.4035000e+04   1.1474609e+01
   4.0929600e+05   1.4160156e+01
   4.0936700e+05   1.3793945e+01
   4.0948700e+05   1.5014648e+01
   6.7175400e+05   1.1413574e+01
   6.7186100e+05   1.3793945e+01
   6.7189100e+05   1.2390137e+01
   8.5616100e+05   1.3122559e+01
   8.5630200e+05   1.1779785e+01
   1.1387800e+06   1.1718750e+01
   1.6417580e+06   1.1596680e+01
   1.6418310e+06   1.2268066e+01
   1.6418640e+06   1.1901855e+01
   1.6418990e+06   1.1901855e+01
   1.6425330e+06   1.1657715e+01
   1.8052180e+06   1.2084961e+01
   1.8052730e+06   1.4770508e+01
   1.8053950e+06   1.1657715e+01
   1.8054440e+06   1.2023926e+01
   2.0551580e+06   1.2207031e+01
   2.0552290e+06   1.4831543e+01
   2.0552910e+06   1.2695312e+01
   2.1129610e+06   1.1779785e+01
   2.3620190e+06   1.4404297e+01
   2.3620990e+06   1.2634277e+01
   2.3623120e+06   1.3122559e+01
   2.4254360e+06   1.3000488e+01
   2.9648050e+06   1.5258789e+01
   3.4781260e+06   1.5136719e+01
   3.4781990e+06   1.1718750e+01
   3.4782630e+06   1.2573242e+01
   3.4782960e+06   1.1718750e+01
   3.4783700e+06   1.3183594e+01
   3.7988120e+06   1.1718750e+01
   3.9664320e+06   1.4099121e+01
   3.9665660e+06   1.1840820e+01
   4.1812820e+06   1.1840820e+01
   4.1813630e+06   1.2451172e+01
   4.3020920e+06   1.1657715e+01
   4.3021860e+06   1.1535645e+01
   4.3023060e+06   1.2207031e+01
   4.3746190e+06   1.4953613e+01
   4.3747170e+06   1.1596680e+01
   4.3747660e+06   1.2390137e+01
   4.4244280e+06   1.3000488e+01
   4.4245020e+06   1.4221191e+01
   4.5016190e+06   1.1840820e+01
   4.5648410e+06   1.1474609e+01
   4.5649300e+06   1.1535645e+01
   4.6042480e+06   1.1718750e+01
   4.6319610e+06   1.1535645e+01
   4.7266580e+06   1.1718750e+01
   5.1861100e+06   1.1535645e+01
   5.4111840e+06   1.1352539e+01
   5.9613830e+06   1.2084961e+01
   5.9614240e+06   1.1718750e+01
   5.9615350e+06   1.1657715e+01
