   5.9990000e+06   0.0000000e+00
   2.1502300e+05   1.3732910e+01
   2.1512300e+05   1.2512207e+01
   2.1541000e+05   1.1779785e+01
   2.1571500e+05   1.1535645e+01
   3.2099500e+05   1.2207031e+01
   4.0937900e+05   1.2084961e+01
   4.0942400e+05   1.1901855e+01
   4.1410700e+05   1.2329102e+01
   4.7306300e+05   1.3122559e+01
   4.7322700e+05   1.2207031e+01
   4.7388100e+05   1.1657715e+01
   4.7414400e+05   1.1901855e+01
   5.5755300e+05   1.3244629e+01
   5.5782800e+05   1.1535645e+01
   6.7166700e+05   1.2268066e+01
   6.7174000e+05   1.2451172e+01
   6.7175300e+05   1.2329102e+01
   6.7178500e+05   1.4099121e+01
   6.7181400e+05   1.1840820e+01
   6.7184500e+05   1.3610840e+01
   6.7187200e+05   1.2390137e+01
   6.7188700e+05   1.1657715e+01
   8.0326300e+05   1.1596680e+01
   8.5622700e+05   1.6784668e+01
   8.5628000e+05   1.3549805e+01
   8.5631700e+05   1.7272949e+01
   8.5646400e+05   1.1535645e+01
   1.2097250e+06   1.2634277e+01
   1.2440760e+06   1.2145996e+01
   1.2443130e+06   1.2207031e+01
   1.3358170e+06   1.1962891e+01
   1.3675770e+06   1.1840820e+01
   1.4429370e+06   1.1413574e+01
   1.6417650e+06   2.2766113e+01
   1.6417830e+06   1.2329102e+01
   1.6418270e+06   1.3977051e+01
   1.6420470e+06   1.3122559e+01
   1.8052840e+06   1.5197754e+01
   1.8053510e+06   1.6174316e+01
   1.8054110e+06   1.2756348e+01
   1.8054260e+06   1.2756348e+01
   1.9604370e+06   1.1718750e+01
   2.0551900e+06   1.3122559e+01
   2.0552750e+06   1.2390137e+01
   2.1129450e+06   1.2512207e+01
   2.1130040e+06   1.9836426e+01
   2.3143360e+06   1.1901855e+01
   2.3620940e+06   1.5197754e+01
   2.3621050e+06   1.7272949e+01
   2.3621530e+06   1.2878418e+01
   2.3622090e+06   1.3122559e+01
   2.4255270e+06   1.1596680e+01
   2.4255710e+06   1.1474609e+01
   2.4255980e+06   1.6235352e+01
   2.4256100e+06   1.3732910e+01
   2.4256700e+06   1.3427734e+01
   2.4257630e+06   1.1535645e+01
   2.8475680e+06   1.1962891e+01
   2.9011610e+06   1.1718750e+01
   2.9012410e+06   1.3244629e+01
   2.9013540e+06   1.1779785e+01
   3.4402900e+06   1.1596680e+01
   3.4781220e+06   1.3916016e+01
   3.4782100e+06   1.7822266e+01
   3.4784670e+06   1.2634277e+01
   3.4824860e+06   1.1657715e+01
   3.7985710e+06   1.4343262e+01
   3.7987020e+06   1.1779785e+01
   3.7987730e+06   1.2695312e+01
   3.7995020e+06   1.3366699e+01
   3.7996450e+06   1.1779785e+01
   3.9664850e+06   1.3000488e+01
   3.9665210e+06   1.5197754e+01
   3.9665410e+06   1.5563965e+01
   3.9666160e+06   1.5563965e+01
   4.1768890e+06   1.1657715e+01
   4.1812890e+06   2.2094727e+01
   4.1813240e+06   1.2451172e+01
   4.1813440e+06   1.2634277e+01
   4.1813740e+06   1.1718750e+01
   4.1814640e+06   1.2939453e+01
   4.3018020e+06   1.2451172e+01
   4.3018450e+06   1.2207031e+01
   4.3018970e+06   1.2145996e+01
   4.3019540e+06   1.3000488e+01
   4.3023830e+06   1.1718750e+01
   4.3025300e+06   1.2145996e+01
   4.3746920e+06   1.1535645e+01
   4.3747390e+06   1.1962891e+01
   4.3747910e+06   1.1901855e+01
   4.3748430e+06   1.3061523e+01
   4.3779830e+06   1.3427734e+01
   4.4245820e+06   1.7089844e+01
   4.4247760e+06   1.1535645e+01
   4.5015610e+06   1.3977051e+01
   4.5016420e+06   1.7089844e+01
   4.5646770e+06   1.1901855e+01
   4.5647450e+06   1.1840820e+01
   4.5647660e+06   1.1901855e+01
   4.5648180e+06   1.1718750e+01
   4.6043220e+06   1.2023926e+01
   4.6044840e+06   1.1901855e+01
   4.6045590e+06   1.8493652e+01
   4.6045780e+06   1.1596680e+01
   4.6046430e+06   1.2878418e+01
   4.7265360e+06   1.3061523e+01
   4.8817610e+06   1.1596680e+01
   4.8819120e+06   1.6479492e+01
   5.0918250e+06   1.2023926e+01
   5.0921430e+06   1.1840820e+01
   5.2227410e+06   1.1718750e+01
   5.4107640e+06   1.2329102e+01
   5.4108630e+06   1.1718750e+01
   5.4109130e+06   1.2512207e+01
   5.4109950e+06   1.2207031e+01
   5.4113100e+06   1.2268066e+01
   5.4114150e+06   1.2268066e+01
   5.4120340e+06   1.2695312e+01
   5.7232930e+06   1.2756348e+01
   5.7946440e+06   1.4282227e+01
   5.7948040e+06   1.2268066e+01
   5.7949310e+06   1.2268066e+01
   5.9613760e+06   1.2878418e+01
   5.9614510e+06   1.1596680e+01
   5.9614630e+06   1.2878418e+01
   5.9614960e+06   1.6601562e+01
