   5.9990000e+06   0.0000000e+00
   2.8769600e+05   1.3061523e+01
   4.0912800e+05   1.7272949e+01
   4.0920900e+05   1.2207031e+01
   4.0926500e+05   1.1901855e+01
   4.8060000e+05   1.1291504e+01
   4.9102300e+05   1.1291504e+01
   6.7151700e+05   1.1352539e+01
   6.7159100e+05   1.5686035e+01
   6.7180100e+05   1.1779785e+01
   8.5603300e+05   1.2573242e+01
   8.5605600e+05   1.4526367e+01
   8.5606900e+05   1.5991211e+01
   1.2442930e+06   1.4099121e+01
   1.2443590e+06   1.2084961e+01
   1.2443710e+06   1.1962891e+01
   1.2444070e+06   1.2451172e+01
   1.2444460e+06   1.3916016e+01
   1.2474960e+06   1.1474609e+01
   1.3372510e+06   1.2268066e+01
   1.3669050e+06   1.1474609e+01
   1.4426270e+06   1.1169434e+01
   1.6415210e+06   1.4160156e+01
   1.6415770e+06   1.6235352e+01
   1.6416360e+06   1.4038086e+01
   1.8050460e+06   1.3305664e+01
   1.8051030e+06   1.6296387e+01
   1.8166980e+06   1.1718750e+01
   2.0549710e+06   1.9470215e+01
   2.0550040e+06   1.3061523e+01
   2.1126470e+06   1.6052246e+01
   2.1126590e+06   1.6540527e+01
   2.1126890e+06   1.3610840e+01
   2.1127140e+06   1.2268066e+01
   2.1127400e+06   1.3061523e+01
   2.3039200e+06   1.1169434e+01
   2.3618200e+06   1.7944336e+01
   2.3618560e+06   1.1840820e+01
   2.3619000e+06   1.1840820e+01
   2.3620150e+06   1.1657715e+01
   2.4252460e+06   1.7089844e+01
   2.4252790e+06   1.5441895e+01
   2.4272030e+06   1.1901855e+01
   2.9022530e+06   1.2329102e+01
   3.2646770e+06   1.2817383e+01
   3.2647630e+06   1.1352539e+01
   3.3166450e+06   1.2145996e+01
   3.4780000e+06   1.2634277e+01
   3.4780360e+06   1.1169434e+01
   3.4780730e+06   1.3793945e+01
   3.4890790e+06   1.1962891e+01
   3.4930050e+06   1.1596680e+01
   3.6443580e+06   1.1596680e+01
   3.7989270e+06   1.2695312e+01
   3.7989980e+06   1.2145996e+01
   3.7990210e+06   1.2023926e+01
   3.9662770e+06   1.1962891e+01
   3.9663020e+06   1.1718750e+01
   3.9663410e+06   1.4221191e+01
   3.9664060e+06   1.1291504e+01
   3.9664710e+06   1.2573242e+01
   3.9837300e+06   1.1413574e+01
   4.1810860e+06   1.3854980e+01
   4.1811310e+06   1.2573242e+01
   4.3019580e+06   1.1352539e+01
   4.3020470e+06   1.2512207e+01
   4.3020940e+06   1.1535645e+01
   4.3021810e+06   1.1718750e+01
   4.3744560e+06   1.3977051e+01
   4.4241970e+06   1.5197754e+01
   4.4242360e+06   1.2207031e+01
   4.4242850e+06   1.1474609e+01
   4.5012730e+06   1.2329102e+01
   4.5013120e+06   1.1779785e+01
   4.5013750e+06   1.3488770e+01
   4.5644640e+06   1.1352539e+01
   4.5644960e+06   1.2756348e+01
   4.5646160e+06   1.1596680e+01
   4.6040020e+06   1.1779785e+01
   4.7262280e+06   1.2084961e+01
   4.7263190e+06   1.4343262e+01
   5.4110360e+06   1.1962891e+01
   5.4110620e+06   1.2939453e+01
   5.4111480e+06   1.2695312e+01
   5.4158490e+06   1.2756348e+01
   5.6761730e+06   1.3671875e+01
   5.6824170e+06   1.2451172e+01
   5.7235240e+06   1.1840820e+01
   5.7235710e+06   1.1840820e+01
   5.7236480e+06   1.2390137e+01
   5.7954190e+06   1.1413574e+01
   5.7959070e+06   1.1901855e+01
   5.7960950e+06   1.1291504e+01
   5.7965160e+06   1.2329102e+01
   5.9612370e+06   1.2145996e+01
   5.9612610e+06   1.1474609e+01
   5.9612880e+06   1.4892578e+01
   5.9613090e+06   1.1779785e+01
   5.9613510e+06   1.2207031e+01
