   5.9990000e+06   0.0000000e+00
   9.0908000e+04   1.4770508e+01
   9.6449000e+04   1.3610840e+01
   2.1492300e+05   1.2207031e+01
   2.1500800e+05   1.2023926e+01
   2.1517700e+05   1.5136719e+01
   2.1520600e+05   1.2268066e+01
   2.1526200e+05   1.1779785e+01
   2.1535300e+05   1.5563965e+01
   2.1552600e+05   1.5441895e+01
   2.1558800e+05   1.2084961e+01
   2.1566000e+05   1.3122559e+01
   2.1574600e+05   1.2268066e+01
   2.1585900e+05   1.2451172e+01
   2.1618300e+05   1.3000488e+01
   2.1642400e+05   1.3427734e+01
   3.1988400e+05   1.2939453e+01
   3.2002300e+05   1.3854980e+01
   3.2018100e+05   1.3061523e+01
   3.2042100e+05   1.6174316e+01
   3.2057300e+05   1.4770508e+01
   3.2066800e+05   1.4038086e+01
   3.2087400e+05   1.3671875e+01
   3.2109800e+05   1.2512207e+01
   3.2146900e+05   1.1962891e+01
   3.2193500e+05   1.3427734e+01
   3.2228600e+05   1.2084961e+01
   3.8786000e+05   1.4404297e+01
   4.0917200e+05   1.4953613e+01
   4.0936100e+05   1.9531250e+01
   4.0938900e+05   2.3681641e+01
   4.0941800e+05   1.9775391e+01
   4.0943800e+05   1.5075684e+01
   4.0948300e+05   1.5014648e+01
   4.0950200e+05   1.4099121e+01
   4.0972300e+05   1.3793945e+01
   4.0977400e+05   1.1779785e+01
   4.0988800e+05   1.3793945e+01
   4.0992900e+05   1.3732910e+01
   4.1003100e+05   1.4404297e+01
   4.1006700e+05   1.4404297e+01
   4.1011500e+05   1.4953613e+01
   4.1014500e+05   1.3549805e+01
   4.1016700e+05   1.5075684e+01
   4.1021200e+05   1.3610840e+01
   4.1030400e+05   1.7333984e+01
   4.1035300e+05   1.7272949e+01
   4.1046000e+05   1.2634277e+01
   4.1055600e+05   1.5441895e+01
   4.1065500e+05   1.2084961e+01
   4.1075100e+05   1.6113281e+01
   4.1077100e+05   1.2756348e+01
   4.1083400e+05   1.5197754e+01
   4.1092300e+05   1.3916016e+01
   4.1101400e+05   1.2573242e+01
   4.1104000e+05   1.3366699e+01
   4.1110600e+05   1.4465332e+01
   4.1119500e+05   1.2329102e+01
   4.1128800e+05   1.4343262e+01
   4.1140000e+05   1.3732910e+01
   4.1162600e+05   1.2145996e+01
   4.1210100e+05   1.4526367e+01
   4.1224100e+05   1.2207031e+01
   4.1236400e+05   1.2695312e+01
   4.1249200e+05   1.2512207e+01
   4.1262900e+05   1.2817383e+01
   4.1386700e+05   1.2573242e+01
   4.1440600e+05   1.2023926e+01
   4.7287000e+05   1.1962891e+01
   4.7301100e+05   1.3427734e+01
   4.7317800e+05   1.3000488e+01
   4.7368000e+05   1.9775391e+01
   4.7380400e+05   1.1962891e+01
   4.7408700e+05   1.1962891e+01
   4.7437900e+05   1.3305664e+01
   4.8971400e+05   1.3854980e+01
   4.8975000e+05   1.1840820e+01
   4.8978900e+05   1.2512207e+01
   5.0449600e+05   1.1901855e+01
   5.4035000e+05   1.7578125e+01
   5.5733500e+05   1.4526367e+01
   5.5743800e+05   1.2634277e+01
   5.5752700e+05   1.2451172e+01
   5.5762300e+05   1.6479492e+01
   5.5773800e+05   1.2451172e+01
   5.5813900e+05   1.6540527e+01
   5.5841700e+05   1.3061523e+01
   6.4427800e+05   1.2451172e+01
   6.7108400e+05   1.3732910e+01
   6.7149800e+05   1.2573242e+01
   6.7160500e+05   1.3183594e+01
   6.7166700e+05   1.3916016e+01
   6.7176800e+05   1.3000488e+01
   6.7182700e+05   1.5441895e+01
   6.7185100e+05   1.4953613e+01
   6.7187700e+05   1.6113281e+01
   6.7192200e+05   1.7883301e+01
   6.7193200e+05   1.2451172e+01
   6.7198100e+05   1.5502930e+01
   6.7199600e+05   1.6479492e+01
   6.7203500e+05   2.2399902e+01
   6.7209900e+05   1.3305664e+01
   6.7220100e+05   1.2451172e+01
   6.7223000e+05   1.2878418e+01
   6.7228400e+05   1.4038086e+01
   6.7232400e+05   1.7578125e+01
   6.7234900e+05   1.3671875e+01
   6.7242000e+05   1.2634277e+01
   6.7249900e+05   1.2145996e+01
   6.7265000e+05   1.5075684e+01
   6.7271900e+05   1.4770508e+01
   6.7281600e+05   1.4160156e+01
   6.7290700e+05   1.6296387e+01
   6.7292900e+05   1.2512207e+01
   6.7299300e+05   1.1779785e+01
   6.7316800e+05   1.3244629e+01
   6.7317800e+05   1.4526367e+01
   6.7327500e+05   1.4099121e+01
   6.7333900e+05   1.2817383e+01
   6.7336500e+05   1.2512207e+01
   6.7345400e+05   1.2451172e+01
   6.7354900e+05   1.2939453e+01
   6.7365900e+05   1.2023926e+01
   6.7376100e+05   1.2268066e+01
   6.7387000e+05   1.5502930e+01
   6.7397700e+05   1.2084961e+01
   6.7400200e+05   1.2695312e+01
   6.7407300e+05   1.4404297e+01
   6.7417900e+05   1.2390137e+01
   6.7502500e+05   1.1840820e+01
   7.1410200e+05   1.2390137e+01
   7.2774400e+05   1.2268066e+01
   7.4585400e+05   1.2512207e+01
   7.5172700e+05   1.2084961e+01
   7.5215600e+05   1.3977051e+01
   7.7850000e+05   1.8005371e+01
   8.1315900e+05   1.6113281e+01
   8.5618000e+05   1.2695312e+01
   8.5624400e+05   1.9714355e+01
   8.5628100e+05   1.8127441e+01
   8.5630400e+05   1.6784668e+01
   8.5632100e+05   1.6357422e+01
   8.5633300e+05   1.8798828e+01
   8.5637000e+05   1.7333984e+01
   8.5640800e+05   1.9531250e+01
   8.5644500e+05   1.4892578e+01
   8.5645600e+05   1.3122559e+01
   8.5659800e+05   1.1901855e+01
   8.5665800e+05   1.2451172e+01
   8.5669500e+05   1.2329102e+01
   8.5674800e+05   1.6052246e+01
   8.5680900e+05   1.3977051e+01
   8.5683400e+05   1.5319824e+01
   8.5694100e+05   2.1362305e+01
   8.5706600e+05   1.5502930e+01
   8.5709000e+05   1.5502930e+01
   8.5725000e+05   1.3732910e+01
   8.5731800e+05   1.6601562e+01
   8.5733500e+05   1.7944336e+01
   8.5738400e+05   1.5075684e+01
   8.5742200e+05   1.3122559e+01
   8.5746700e+05   1.2084961e+01
   8.5750100e+05   1.2695312e+01
   8.5752300e+05   1.2084961e+01
   8.5756700e+05   1.4221191e+01
   8.5768800e+05   1.1840820e+01
   8.5775700e+05   1.6784668e+01
   8.5784900e+05   1.3305664e+01
   8.5786200e+05   1.4770508e+01
   8.5794400e+05   1.3549805e+01
   8.5804200e+05   2.3254395e+01
   8.5813000e+05   1.1962891e+01
   8.5823100e+05   1.2756348e+01
   8.5840400e+05   1.2878418e+01
   8.5874000e+05   1.4587402e+01
   8.5903700e+05   1.3000488e+01
   8.5962700e+05   1.2268066e+01
   8.5985100e+05   1.1901855e+01
   8.5997400e+05   1.5197754e+01
   8.6032900e+05   1.2023926e+01
   8.6073900e+05   1.4221191e+01
   8.7893900e+05   1.2573242e+01
   8.8901300e+05   1.2145996e+01
   9.6181200e+05   1.3183594e+01
   9.7176000e+05   1.2695312e+01
   9.7178900e+05   1.2756348e+01
   1.0228190e+06   1.4709473e+01
   1.0229900e+06   1.3427734e+01
   1.0230210e+06   1.2023926e+01
   1.1252690e+06   1.3122559e+01
   1.1529200e+06   1.2268066e+01
   1.1530910e+06   1.3610840e+01
   1.2088430e+06   1.3061523e+01
   1.2091910e+06   1.2329102e+01
   1.2092970e+06   1.2634277e+01
   1.2093870e+06   1.6113281e+01
   1.2094300e+06   1.2573242e+01
   1.2096780e+06   1.5075684e+01
   1.2100060e+06   1.6113281e+01
   1.2102080e+06   1.8798828e+01
   1.2103250e+06   1.2390137e+01
   1.2104520e+06   1.3916016e+01
   1.2105250e+06   1.2145996e+01
   1.2106610e+06   1.2084961e+01
   1.2107530e+06   1.4099121e+01
   1.2110290e+06   1.5747070e+01
   1.2207900e+06   1.5075684e+01
   1.2357460e+06   1.2817383e+01
   1.2438470e+06   1.4099121e+01
   1.2439470e+06   1.2207031e+01
   1.2441320e+06   1.5014648e+01
   1.2442710e+06   1.3549805e+01
   1.2442870e+06   1.4648438e+01
   1.2443580e+06   1.2695312e+01
   1.2444420e+06   1.6723633e+01
   1.2445400e+06   1.2023926e+01
   1.2446070e+06   1.3488770e+01
   1.2446290e+06   1.7211914e+01
   1.2446650e+06   1.2084961e+01
   1.2447310e+06   1.2573242e+01
   1.2448260e+06   1.3793945e+01
   1.2449260e+06   1.5014648e+01
   1.2450340e+06   1.5319824e+01
   1.2451600e+06   1.3183594e+01
   1.2452680e+06   1.4038086e+01
   1.2940350e+06   1.1901855e+01
   1.2940620e+06   1.2756348e+01
   1.3070760e+06   1.2268066e+01
   1.3357560e+06   1.4770508e+01
   1.3357850e+06   1.2023926e+01
   1.3358830e+06   1.2268066e+01
   1.3362050e+06   1.3488770e+01
   1.3362550e+06   1.3854980e+01
   1.3364400e+06   1.6052246e+01
   1.3365680e+06   1.2756348e+01
   1.3367010e+06   1.3488770e+01
   1.3367690e+06   1.4648438e+01
   1.3369100e+06   1.2084961e+01
   1.3369370e+06   1.4648438e+01
   1.3371250e+06   1.2207031e+01
   1.3379360e+06   1.2390137e+01
   1.3615910e+06   1.4343262e+01
   1.3670380e+06   1.4404297e+01
   1.3672860e+06   1.2695312e+01
   1.3674500e+06   1.5441895e+01
   1.3676010e+06   1.1901855e+01
   1.3677060e+06   1.4099121e+01
   1.3678810e+06   1.2634277e+01
   1.3680050e+06   1.2390137e+01
   1.3682990e+06   1.2207031e+01
   1.4426810e+06   1.2207031e+01
   1.4428110e+06   1.3183594e+01
   1.4429650e+06   1.3000488e+01
   1.4430550e+06   1.2023926e+01
   1.4430840e+06   1.2145996e+01
   1.4431160e+06   1.1962891e+01
   1.4434130e+06   1.2817383e+01
   1.4435870e+06   1.5747070e+01
   1.4438140e+06   1.2023926e+01
   1.4443780e+06   1.4160156e+01
   1.4588930e+06   1.1962891e+01
   1.4784030e+06   1.2878418e+01
   1.5300440e+06   1.2939453e+01
   1.5437400e+06   1.4099121e+01
   1.5811610e+06   1.1840820e+01
   1.6116800e+06   1.6601562e+01
   1.6415770e+06   1.3916016e+01
   1.6416060e+06   1.2329102e+01
   1.6417390e+06   1.1779785e+01
   1.6417800e+06   1.3122559e+01
   1.6417940e+06   2.6977539e+01
   1.6418160e+06   2.1240234e+01
   1.6418360e+06   1.5808105e+01
   1.6418730e+06   1.9592285e+01
   1.6419090e+06   2.1850586e+01
   1.6423040e+06   1.4831543e+01
   1.6423890e+06   1.8493652e+01
   1.6424730e+06   1.4038086e+01
   1.6426230e+06   1.4831543e+01
   1.6426910e+06   1.7028809e+01
   1.6427200e+06   1.5747070e+01
   1.6428140e+06   1.5869141e+01
   1.6428520e+06   1.6784668e+01
   1.6429010e+06   1.4160156e+01
   1.6429720e+06   1.3061523e+01
   1.6431260e+06   1.7517090e+01
   1.6431500e+06   1.2023926e+01
   1.6432170e+06   1.3183594e+01
   1.6433050e+06   1.1901855e+01
   1.6433870e+06   2.0019531e+01
   1.6434570e+06   1.2878418e+01
   1.6435420e+06   1.2207031e+01
   1.6436290e+06   1.2145996e+01
   1.6437130e+06   1.2695312e+01
   1.6437510e+06   2.0812988e+01
   1.6437760e+06   1.3122559e+01
   1.6438560e+06   1.2023926e+01
   1.6438870e+06   1.3854980e+01
   1.6439340e+06   1.2878418e+01
   1.6439710e+06   1.3305664e+01
   1.6440550e+06   1.3488770e+01
   1.6441400e+06   1.2817383e+01
   1.6442750e+06   1.4282227e+01
   1.6443140e+06   1.2817383e+01
   1.6444030e+06   1.2145996e+01
   1.6444760e+06   1.1901855e+01
   1.6445020e+06   1.4221191e+01
   1.6445920e+06   1.2573242e+01
   1.6446870e+06   1.3244629e+01
   1.6447770e+06   1.1901855e+01
   1.6449710e+06   1.3366699e+01
   1.6453360e+06   1.2084961e+01
   1.6463790e+06   1.4160156e+01
   1.6465930e+06   1.2207031e+01
   1.6467320e+06   1.1901855e+01
   1.6467800e+06   1.1779785e+01
   1.6468460e+06   1.1901855e+01
   1.6468990e+06   1.1840820e+01
   1.6469570e+06   1.2023926e+01
   1.6473430e+06   1.1840820e+01
   1.6477260e+06   1.2023926e+01
   1.6479800e+06   1.1840820e+01
   1.6481160e+06   1.2878418e+01
   1.6482370e+06   1.1840820e+01
   1.6483930e+06   1.2207031e+01
   1.6690460e+06   1.5563965e+01
   1.6823360e+06   1.2573242e+01
   1.6824990e+06   1.2878418e+01
   1.6825310e+06   1.2084961e+01
   1.7362960e+06   1.1779785e+01
   1.7612190e+06   1.2023926e+01
   1.7773920e+06   1.2939453e+01
   1.8050870e+06   1.2695312e+01
   1.8052770e+06   1.1840820e+01
   1.8053020e+06   1.6723633e+01
   1.8053190e+06   1.8432617e+01
   1.8053410e+06   2.4536133e+01
   1.8053540e+06   2.2216797e+01
   1.8054070e+06   1.2939453e+01
   1.8054360e+06   1.3549805e+01
   1.8054500e+06   1.1901855e+01
   1.8054960e+06   1.2329102e+01
   1.8055750e+06   1.3366699e+01
   1.8057420e+06   1.2451172e+01
   1.8059060e+06   1.2756348e+01
   1.8059270e+06   1.4953613e+01
   1.8059670e+06   1.2145996e+01
   1.8060020e+06   1.3488770e+01
   1.8061910e+06   1.1840820e+01
   1.8062150e+06   1.7028809e+01
   1.8063080e+06   1.7517090e+01
   1.8063490e+06   1.7028809e+01
   1.8063720e+06   1.2207031e+01
   1.8064390e+06   1.2512207e+01
   1.8065560e+06   1.4404297e+01
   1.8066180e+06   1.4099121e+01
   1.8066370e+06   1.6967773e+01
   1.8066780e+06   1.3671875e+01
   1.8067060e+06   1.2817383e+01
   1.8068610e+06   1.2145996e+01
   1.8068930e+06   1.2756348e+01
   1.8069660e+06   1.1779785e+01
   1.8070790e+06   1.2817383e+01
   1.8071450e+06   1.4404297e+01
   1.8072310e+06   1.3732910e+01
   1.8073920e+06   1.2512207e+01
   1.8075120e+06   1.4404297e+01
   1.8075700e+06   1.5075684e+01
   1.8076600e+06   1.2207031e+01
   1.8077590e+06   1.2329102e+01
   1.8077980e+06   1.7150879e+01
   1.8078880e+06   1.2512207e+01
   1.8079820e+06   1.1962891e+01
   1.8080820e+06   1.3061523e+01
   1.8081770e+06   1.1779785e+01
   1.8092500e+06   1.2756348e+01
   1.8108760e+06   1.4282227e+01
   1.8320780e+06   2.0141602e+01
   1.8482780e+06   1.2084961e+01
   1.8768330e+06   1.1962891e+01
   1.9531810e+06   1.3366699e+01
   1.9683120e+06   1.2817383e+01
   1.9683460e+06   1.1779785e+01
   1.9711600e+06   1.2695312e+01
   2.0125540e+06   1.4465332e+01
   2.0550530e+06   1.2145996e+01
   2.0551660e+06   1.4953613e+01
   2.0551940e+06   1.3000488e+01
   2.0552120e+06   2.0446777e+01
   2.0552240e+06   1.3549805e+01
   2.0552550e+06   1.8737793e+01
   2.0552730e+06   1.5380859e+01
   2.0553280e+06   1.2512207e+01
   2.0553800e+06   1.2634277e+01
   2.0554160e+06   1.3549805e+01
   2.0555980e+06   1.2145996e+01
   2.0556500e+06   1.4221191e+01
   2.0557360e+06   1.4953613e+01
   2.0557630e+06   1.2329102e+01
   2.0558320e+06   1.2451172e+01
   2.0559290e+06   1.1901855e+01
   2.0559490e+06   1.2023926e+01
   2.0560190e+06   1.2329102e+01
   2.0561600e+06   1.2084961e+01
   2.0562020e+06   1.7333984e+01
   2.0562300e+06   1.2939453e+01
   2.0562560e+06   1.5747070e+01
   2.0562940e+06   1.4526367e+01
   2.0563450e+06   1.2451172e+01
   2.0563720e+06   1.4160156e+01
   2.0564470e+06   1.1962891e+01
   2.0565370e+06   1.3854980e+01
   2.0566200e+06   1.2939453e+01
   2.0566870e+06   1.7333984e+01
   2.0567110e+06   1.5747070e+01
   2.0567640e+06   1.2573242e+01
   2.0567880e+06   1.3671875e+01
   2.0568690e+06   1.2329102e+01
   2.0569500e+06   1.2023926e+01
   2.0571220e+06   1.1901855e+01
   2.0572100e+06   1.3183594e+01
   2.0573030e+06   1.6357422e+01
   2.0574820e+06   1.3916016e+01
   2.0575760e+06   1.3732910e+01
   2.0576100e+06   1.3732910e+01
   2.0577090e+06   1.1840820e+01
   2.0579570e+06   1.4221191e+01
   2.0580920e+06   1.3183594e+01
   2.0582730e+06   1.1901855e+01
   2.0586560e+06   1.2084961e+01
   2.0587050e+06   1.2145996e+01
   2.0587630e+06   1.2512207e+01
   2.0588830e+06   1.1901855e+01
   2.0592630e+06   1.2207031e+01
   2.0602430e+06   1.1962891e+01
   2.0606930e+06   1.2268066e+01
   2.1128150e+06   1.3671875e+01
   2.1128880e+06   1.5808105e+01
   2.1129120e+06   1.4038086e+01
   2.1129800e+06   1.8188477e+01
   2.1129940e+06   1.6357422e+01
   2.1130200e+06   1.7395020e+01
   2.1130530e+06   1.8798828e+01
   2.1130820e+06   1.4587402e+01
   2.1131310e+06   1.2023926e+01
   2.1135180e+06   1.2878418e+01
   2.1136480e+06   1.2939453e+01
   2.1137210e+06   1.2695312e+01
   2.1137600e+06   1.2390137e+01
   2.1137970e+06   1.3000488e+01
   2.1138760e+06   1.1779785e+01
   2.1139240e+06   1.8127441e+01
   2.1139700e+06   1.1901855e+01
   2.1140060e+06   1.3610840e+01
   2.1141050e+06   1.2451172e+01
   2.1141920e+06   2.1789551e+01
   2.1142510e+06   1.3977051e+01
   2.1143870e+06   2.1728516e+01
   2.1144400e+06   1.2023926e+01
   2.1148110e+06   1.3061523e+01
   2.1149480e+06   1.2207031e+01
   2.1152680e+06   1.1840820e+01
   2.1153900e+06   1.1779785e+01
   2.1157440e+06   1.1901855e+01
   2.1159350e+06   1.1901855e+01
   2.1162000e+06   1.4648438e+01
   2.1162420e+06   1.3732910e+01
   2.1326490e+06   1.2512207e+01
   2.1329150e+06   1.1840820e+01
   2.1329440e+06   1.3549805e+01
   2.1373930e+06   1.1840820e+01
   2.1981510e+06   1.2634277e+01
   2.2295580e+06   1.3793945e+01
   2.3619140e+06   1.3427734e+01
   2.3619930e+06   1.3305664e+01
   2.3620220e+06   1.9042969e+01
   2.3620810e+06   1.1779785e+01
   2.3620920e+06   1.8188477e+01
   2.3621030e+06   2.1423340e+01
   2.3621380e+06   2.1606445e+01
   2.3621730e+06   1.7333984e+01
   2.3622060e+06   1.9042969e+01
   2.3622180e+06   1.3793945e+01
   2.3623080e+06   1.2390137e+01
   2.3623510e+06   1.3610840e+01
   2.3624560e+06   1.2023926e+01
   2.3625220e+06   1.4831543e+01
   2.3625780e+06   1.2451172e+01
   2.3626010e+06   1.8249512e+01
   2.3626380e+06   1.1840820e+01
   2.3626630e+06   1.3793945e+01
   2.3627840e+06   1.6479492e+01
   2.3628750e+06   1.3854980e+01
   2.3628950e+06   1.3854980e+01
   2.3629390e+06   1.3000488e+01
   2.3629700e+06   1.3427734e+01
   2.3629850e+06   1.8310547e+01
   2.3630110e+06   1.5075684e+01
   2.3630910e+06   1.2084961e+01
   2.3631550e+06   1.4221191e+01
   2.3632000e+06   1.6967773e+01
   2.3634190e+06   1.8005371e+01
   2.3635780e+06   1.1840820e+01
   2.3636700e+06   1.2512207e+01
   2.3638430e+06   1.1779785e+01
   2.3639370e+06   1.3244629e+01
   2.3640290e+06   1.2939453e+01
   2.3643540e+06   1.2145996e+01
   2.3646430e+06   1.3183594e+01
   2.3647400e+06   1.2695312e+01
   2.3648330e+06   1.3671875e+01
   2.3649320e+06   1.1962891e+01
   2.3650140e+06   1.4343262e+01
   2.3651150e+06   1.3610840e+01
   2.3654670e+06   1.2329102e+01
   2.3657360e+06   1.1840820e+01
   2.3662300e+06   1.3366699e+01
   2.3667250e+06   1.2390137e+01
   2.3920100e+06   1.2207031e+01
   2.4254090e+06   1.3122559e+01
   2.4255170e+06   1.4892578e+01
   2.4255730e+06   1.3549805e+01
   2.4255870e+06   1.2878418e+01
   2.4256220e+06   1.1901855e+01
   2.4256510e+06   1.3549805e+01
   2.4256770e+06   1.4648438e+01
   2.4257160e+06   1.2207031e+01
   2.4261000e+06   1.2634277e+01
   2.4262620e+06   1.1779785e+01
   2.4263020e+06   1.4343262e+01
   2.4263310e+06   1.2573242e+01
   2.4264200e+06   1.2634277e+01
   2.4264610e+06   1.2512207e+01
   2.4265020e+06   1.9226074e+01
   2.4265320e+06   1.2084961e+01
   2.4265740e+06   1.3183594e+01
   2.4267070e+06   1.4465332e+01
   2.4267460e+06   1.2756348e+01
   2.4270250e+06   1.2756348e+01
   2.4271650e+06   1.2207031e+01
   2.4273000e+06   1.3305664e+01
   2.4277790e+06   1.4709473e+01
   2.4278960e+06   1.3854980e+01
   2.4281680e+06   1.2084961e+01
   2.4283020e+06   1.2756348e+01
   2.4285840e+06   1.1962891e+01
   2.4450210e+06   1.6174316e+01
   2.4719570e+06   1.4160156e+01
   2.4750490e+06   1.4282227e+01
   2.4750760e+06   1.2268066e+01
   2.5527720e+06   1.3916016e+01
   2.6356720e+06   1.2939453e+01
   2.6357010e+06   1.2573242e+01
   2.6365570e+06   1.2634277e+01
   2.7566380e+06   1.2268066e+01
   2.9010180e+06   1.2329102e+01
   2.9011120e+06   1.3549805e+01
   2.9011530e+06   1.8310547e+01
   2.9012660e+06   1.5747070e+01
   2.9013360e+06   1.4709473e+01
   2.9014080e+06   1.3854980e+01
   2.9014870e+06   1.2512207e+01
   2.9015340e+06   1.2451172e+01
   2.9015650e+06   1.3610840e+01
   2.9016210e+06   1.7883301e+01
   2.9016500e+06   1.6540527e+01
   2.9016760e+06   1.2512207e+01
   2.9017400e+06   1.3854980e+01
   2.9018290e+06   2.2277832e+01
   2.9019260e+06   1.2756348e+01
   2.9020230e+06   1.3000488e+01
   2.9021240e+06   1.2939453e+01
   3.0058260e+06   1.3732910e+01
   3.1093700e+06   1.2939453e+01
   3.1246830e+06   1.2390137e+01
   3.2608040e+06   1.8249512e+01
   3.2608500e+06   1.4099121e+01
   3.2609220e+06   1.3854980e+01
   3.2642070e+06   1.5808105e+01
   3.2643120e+06   1.4404297e+01
   3.2643760e+06   1.4038086e+01
   3.2644550e+06   1.6052246e+01
   3.2645320e+06   1.1718750e+01
   3.2645720e+06   1.1718750e+01
   3.2645990e+06   1.8615723e+01
   3.2646630e+06   1.4770508e+01
   3.2646740e+06   1.5258789e+01
   3.2647160e+06   1.3183594e+01
   3.2647480e+06   1.3122559e+01
   3.2648040e+06   1.3061523e+01
   3.2648200e+06   1.1901855e+01
   3.2648980e+06   1.6113281e+01
   3.2649110e+06   1.3122559e+01
   3.2649800e+06   1.2451172e+01
   3.2650020e+06   1.1840820e+01
   3.2650650e+06   1.1901855e+01
   3.2651570e+06   1.7150879e+01
   3.2652510e+06   1.1962891e+01
   3.2653400e+06   1.4953613e+01
   3.2658010e+06   1.1901855e+01
   3.3701800e+06   1.3183594e+01
   3.3839960e+06   1.5625000e+01
   3.3843850e+06   1.7028809e+01
   3.3846160e+06   1.7456055e+01
   3.4400470e+06   1.1718750e+01
   3.4402690e+06   1.2023926e+01
   3.4618360e+06   1.2207031e+01
   3.4737220e+06   1.2512207e+01
   3.4737500e+06   1.1779785e+01
   3.4780240e+06   1.2145996e+01
   3.4781740e+06   1.2634277e+01
   3.4782010e+06   1.5258789e+01
   3.4782180e+06   1.8493652e+01
   3.4782340e+06   1.3610840e+01
   3.4782470e+06   1.6113281e+01
   3.4782630e+06   1.3061523e+01
   3.4782800e+06   1.7333984e+01
   3.4783230e+06   1.2145996e+01
   3.4783660e+06   1.4099121e+01
   3.4783940e+06   1.3671875e+01
   3.4784300e+06   1.2512207e+01
   3.4784910e+06   1.1718750e+01
   3.4785770e+06   1.4709473e+01
   3.4786290e+06   1.3549805e+01
   3.4786830e+06   1.3061523e+01
   3.4787550e+06   1.2390137e+01
   3.4788200e+06   1.2145996e+01
   3.4789020e+06   1.5380859e+01
   3.4789390e+06   1.1962891e+01
   3.4789560e+06   1.5136719e+01
   3.4790260e+06   1.8066406e+01
   3.4790810e+06   2.0141602e+01
   3.4791220e+06   1.3671875e+01
   3.4791600e+06   1.2634277e+01
   3.4791990e+06   1.2451172e+01
   3.4792400e+06   1.4587402e+01
   3.4792770e+06   1.1840820e+01
   3.4793720e+06   1.2390137e+01
   3.4794810e+06   1.2695312e+01
   3.4795030e+06   1.2390137e+01
   3.4795600e+06   1.8859863e+01
   3.4796290e+06   1.5747070e+01
   3.4797020e+06   1.3122559e+01
   3.4797600e+06   1.5747070e+01
   3.4798120e+06   1.7883301e+01
   3.4799190e+06   1.2084961e+01
   3.4799970e+06   1.3305664e+01
   3.4800760e+06   1.1779785e+01
   3.4801030e+06   1.3061523e+01
   3.4801570e+06   1.7456055e+01
   3.4802410e+06   1.6723633e+01
   3.4803160e+06   2.0141602e+01
   3.4803950e+06   1.1901855e+01
   3.4804940e+06   1.1962891e+01
   3.4805420e+06   1.2573242e+01
   3.4806170e+06   1.1779785e+01
   3.4807510e+06   1.2451172e+01
   3.4807620e+06   1.2634277e+01
   3.4808400e+06   1.1962891e+01
   3.4808580e+06   1.3122559e+01
   3.4809320e+06   1.8859863e+01
   3.4810150e+06   1.2145996e+01
   3.4810980e+06   1.3793945e+01
   3.4812210e+06   1.2084961e+01
   3.4814020e+06   1.2329102e+01
   3.4814450e+06   1.2023926e+01
   3.4816200e+06   1.1962891e+01
   3.4817040e+06   1.3000488e+01
   3.4820330e+06   1.3732910e+01
   3.4826940e+06   1.3305664e+01
   3.4831730e+06   1.2451172e+01
   3.6203030e+06   1.3183594e+01
   3.6203310e+06   1.1962891e+01
   3.6259970e+06   1.2573242e+01
   3.6281750e+06   1.1718750e+01
   3.7985030e+06   1.1901855e+01
   3.7985430e+06   1.2084961e+01
   3.7986170e+06   1.3549805e+01
   3.7987080e+06   1.6174316e+01
   3.7987640e+06   1.3427734e+01
   3.7988020e+06   1.2634277e+01
   3.7988270e+06   1.2817383e+01
   3.7988850e+06   1.1962891e+01
   3.7988970e+06   1.5319824e+01
   3.7989370e+06   1.7028809e+01
   3.7989480e+06   1.2268066e+01
   3.7990300e+06   1.1840820e+01
   3.7990620e+06   1.3305664e+01
   3.7991040e+06   1.4160156e+01
   3.7991280e+06   1.7456055e+01
   3.7991680e+06   1.7456055e+01
   3.7992620e+06   1.2329102e+01
   3.7993310e+06   1.6845703e+01
   3.7993670e+06   1.3000488e+01
   3.7994020e+06   1.3366699e+01
   3.7994400e+06   1.2573242e+01
   3.7994770e+06   1.6174316e+01
   3.7995080e+06   1.1962891e+01
   3.7995530e+06   1.3549805e+01
   3.7995830e+06   1.6845703e+01
   3.7996270e+06   1.3732910e+01
   3.7996990e+06   1.4404297e+01
   3.7997950e+06   1.1718750e+01
   3.7999030e+06   1.2145996e+01
   3.7999610e+06   1.6052246e+01
   3.8000520e+06   1.7150879e+01
   3.8000970e+06   1.1718750e+01
   3.8001370e+06   1.2329102e+01
   3.8002520e+06   1.6418457e+01
   3.8006000e+06   1.3122559e+01
   3.9664380e+06   1.2390137e+01
   3.9664710e+06   1.2329102e+01
   3.9664900e+06   1.5991211e+01
   3.9665290e+06   2.2094727e+01
   3.9665400e+06   2.4536133e+01
   3.9665640e+06   2.4597168e+01
   3.9665820e+06   1.4648438e+01
   3.9666020e+06   1.5502930e+01
   3.9666320e+06   1.3183594e+01
   3.9666880e+06   1.4099121e+01
   3.9667220e+06   1.8676758e+01
   3.9670060e+06   1.1840820e+01
   3.9670840e+06   1.4587402e+01
   3.9671630e+06   1.1840820e+01
   3.9671970e+06   1.2695312e+01
   3.9672400e+06   2.0874023e+01
   3.9672800e+06   1.3183594e+01
   3.9673600e+06   1.9531250e+01
   3.9673940e+06   1.9287109e+01
   3.9674550e+06   1.5197754e+01
   3.9674960e+06   1.2939453e+01
   3.9675630e+06   1.3793945e+01
   3.9675920e+06   1.6235352e+01
   3.9676220e+06   1.2512207e+01
   3.9677050e+06   1.4404297e+01
   3.9677680e+06   1.7272949e+01
   3.9678720e+06   1.2756348e+01
   3.9679100e+06   1.1962891e+01
   3.9679690e+06   1.8554688e+01
   3.9679880e+06   1.2023926e+01
   3.9680590e+06   1.5625000e+01
   3.9681340e+06   1.2878418e+01
   3.9682090e+06   1.7578125e+01
   3.9682960e+06   1.2268066e+01
   3.9683960e+06   1.8066406e+01
   3.9684380e+06   1.8554688e+01
   3.9685070e+06   1.2756348e+01
   3.9685750e+06   1.5686035e+01
   3.9685890e+06   1.6662598e+01
   3.9686720e+06   1.2878418e+01
   3.9687060e+06   1.3732910e+01
   3.9687670e+06   1.2390137e+01
   3.9688510e+06   1.3061523e+01
   3.9690220e+06   1.2329102e+01
   3.9691360e+06   2.1118164e+01
   3.9691830e+06   1.1962891e+01
   3.9695130e+06   1.3122559e+01
   3.9695920e+06   1.2512207e+01
   3.9696580e+06   1.4160156e+01
   3.9699140e+06   1.7150879e+01
   3.9700080e+06   1.2573242e+01
   3.9705380e+06   1.2695312e+01
   3.9708490e+06   1.3916016e+01
   3.9709400e+06   1.2207031e+01
   3.9710330e+06   1.2207031e+01
   3.9711230e+06   1.2878418e+01
   3.9711790e+06   1.3305664e+01
   3.9713330e+06   1.2817383e+01
   3.9715420e+06   1.1718750e+01
   3.9716500e+06   1.3488770e+01
   3.9717770e+06   1.2878418e+01
   4.0016720e+06   1.2084961e+01
   4.0510480e+06   1.3671875e+01
   4.1768150e+06   1.4038086e+01
   4.1768490e+06   1.2573242e+01
   4.1770750e+06   1.3366699e+01
   4.1811920e+06   1.3916016e+01
   4.1812580e+06   1.3671875e+01
   4.1812970e+06   1.2207031e+01
   4.1813160e+06   2.3620605e+01
   4.1813490e+06   1.3366699e+01
   4.1813860e+06   1.2023926e+01
   4.1814180e+06   1.2939453e+01
   4.1814430e+06   1.9104004e+01
   4.1814690e+06   1.5380859e+01
   4.1815230e+06   1.1718750e+01
   4.1818170e+06   1.6235352e+01
   4.1818680e+06   1.9104004e+01
   4.1819230e+06   1.3305664e+01
   4.1819430e+06   1.1779785e+01
   4.1819930e+06   1.5319824e+01
   4.1820610e+06   1.4404297e+01
   4.1821090e+06   1.1840820e+01
   4.1821470e+06   1.1779785e+01
   4.1821870e+06   1.4160156e+01
   4.1822310e+06   1.3000488e+01
   4.1822850e+06   2.2766113e+01
   4.1824290e+06   1.1962891e+01
   4.1825740e+06   1.2390137e+01
   4.1826680e+06   1.6967773e+01
   4.1827250e+06   1.2329102e+01
   4.1827410e+06   1.9470215e+01
   4.1829290e+06   1.2573242e+01
   4.1832700e+06   1.1840820e+01
   4.1834680e+06   1.7944336e+01
   4.1835820e+06   1.2329102e+01
   4.1838270e+06   1.3061523e+01
   4.1839160e+06   1.1840820e+01
   4.1840940e+06   1.2268066e+01
   4.1841900e+06   1.4282227e+01
   4.1842750e+06   1.2817383e+01
   4.1842960e+06   1.3916016e+01
   4.1843620e+06   1.2145996e+01
   4.1844490e+06   1.4709473e+01
   4.1845410e+06   1.2756348e+01
   4.1846210e+06   1.3183594e+01
   4.1847090e+06   1.2084961e+01
   4.1848050e+06   1.2695312e+01
   4.1848260e+06   1.2573242e+01
   4.1849040e+06   1.2145996e+01
   4.1850040e+06   1.3732910e+01
   4.1850810e+06   1.2207031e+01
   4.1850980e+06   1.3244629e+01
   4.1852030e+06   1.9714355e+01
   4.1853030e+06   1.2390137e+01
   4.1853350e+06   1.5808105e+01
   4.1854940e+06   1.2451172e+01
   4.1857260e+06   1.1718750e+01
   4.1858420e+06   1.2512207e+01
   4.1861160e+06   1.1779785e+01
   4.1864760e+06   1.3610840e+01
   4.1906810e+06   1.4221191e+01
   4.1945320e+06   1.6723633e+01
   4.1954700e+06   1.6113281e+01
   4.1955530e+06   1.4892578e+01
   4.2735430e+06   1.6601562e+01
   4.2737420e+06   1.4953613e+01
   4.2758240e+06   1.8432617e+01
   4.2760580e+06   1.7822266e+01
   4.2761720e+06   1.4831543e+01
   4.2791070e+06   1.7578125e+01
   4.2803460e+06   1.8066406e+01
   4.2816330e+06   1.7700195e+01
   4.2904140e+06   1.4404297e+01
   4.2905620e+06   1.3305664e+01
   4.2910110e+06   1.6296387e+01
   4.2911490e+06   1.7456055e+01
   4.2912530e+06   1.6418457e+01
   4.3006600e+06   1.5136719e+01
   4.3014090e+06   1.2939453e+01
   4.3018270e+06   2.2277832e+01
   4.3019120e+06   1.6540527e+01
   4.3019770e+06   1.2268066e+01
   4.3020590e+06   1.3305664e+01
   4.3021110e+06   1.4465332e+01
   4.3021930e+06   1.3610840e+01
   4.3022750e+06   1.7761230e+01
   4.3023100e+06   2.0019531e+01
   4.3023460e+06   1.4953613e+01
   4.3023580e+06   1.5380859e+01
   4.3023840e+06   2.1423340e+01
   4.3024090e+06   1.6601563e+01
   4.3024380e+06   2.3254395e+01
   4.3024700e+06   1.4221191e+01
   4.3025780e+06   1.5380859e+01
   4.3026000e+06   1.3183594e+01
   4.3026560e+06   1.3671875e+01
   4.3026700e+06   1.3977051e+01
   4.3027370e+06   1.2268066e+01
   4.3028090e+06   1.2207031e+01
   4.3028460e+06   1.3427734e+01
   4.3029370e+06   1.2451172e+01
   4.3029690e+06   2.0324707e+01
   4.3030500e+06   1.3244629e+01
   4.3030630e+06   1.4465332e+01
   4.3032220e+06   1.6540527e+01
   4.3141890e+06   1.3183594e+01
   4.3176610e+06   1.3732910e+01
   4.3178150e+06   1.3793945e+01
   4.3234390e+06   1.6479492e+01
   4.3415170e+06   1.1718750e+01
   4.3415410e+06   1.1901855e+01
   4.3746570e+06   1.6723633e+01
   4.3747000e+06   1.3854980e+01
   4.3747470e+06   2.6916504e+01
   4.3747580e+06   1.2939453e+01
   4.3747940e+06   1.6479492e+01
   4.3748220e+06   1.5991211e+01
   4.3748710e+06   1.5991211e+01
   4.3748830e+06   1.2268066e+01
   4.3749420e+06   1.4587402e+01
   4.3749710e+06   1.1962891e+01
   4.3750070e+06   1.7150879e+01
   4.3750870e+06   1.1901855e+01
   4.3751810e+06   1.2817383e+01
   4.3752260e+06   1.2268066e+01
   4.3753120e+06   1.8188477e+01
   4.3753460e+06   1.2634277e+01
   4.3754070e+06   2.2033691e+01
   4.3754790e+06   1.2695312e+01
   4.3755220e+06   1.5747070e+01
   4.3755600e+06   1.5075684e+01
   4.3756630e+06   1.1901855e+01
   4.3758280e+06   2.3681641e+01
   4.3758780e+06   1.4160156e+01
   4.3759620e+06   1.8127441e+01
   4.3760370e+06   1.3061523e+01
   4.3762120e+06   1.2451172e+01
   4.3762870e+06   1.2145996e+01
   4.3763760e+06   1.5136719e+01
   4.3764430e+06   1.2023926e+01
   4.3766630e+06   1.2023926e+01
   4.3775330e+06   1.2145996e+01
   4.3789250e+06   1.3305664e+01
   4.3790910e+06   1.2451172e+01
   4.4092760e+06   1.4892578e+01
   4.4244150e+06   1.5075684e+01
   4.4244950e+06   1.9592285e+01
   4.4245630e+06   1.6967773e+01
   4.4245840e+06   2.2277832e+01
   4.4246080e+06   1.2207031e+01
   4.4246290e+06   1.9592285e+01
   4.4246430e+06   1.4587402e+01
   4.4246780e+06   2.0202637e+01
   4.4247090e+06   2.2338867e+01
   4.4247550e+06   1.3305664e+01
   4.4248730e+06   1.1962891e+01
   4.4251430e+06   1.2390137e+01
   4.4251610e+06   1.2145996e+01
   4.4252030e+06   1.3366699e+01
   4.4252800e+06   1.1718750e+01
   4.4253460e+06   1.2512207e+01
   4.4254130e+06   2.0874023e+01
   4.4254280e+06   1.1840820e+01
   4.4255070e+06   1.4221191e+01
   4.4255550e+06   1.7761230e+01
   4.4255800e+06   1.3488770e+01
   4.4256470e+06   1.1840820e+01
   4.4256780e+06   1.3916016e+01
   4.4257360e+06   1.2268066e+01
   4.4258360e+06   1.7944336e+01
   4.4258700e+06   1.2207031e+01
   4.4259380e+06   1.1779785e+01
   4.4259920e+06   1.1901855e+01
   4.4260490e+06   1.3854980e+01
   4.4261410e+06   1.3854980e+01
   4.4262090e+06   1.3183594e+01
   4.4262470e+06   1.1901855e+01
   4.4264270e+06   1.2817383e+01
   4.4269530e+06   1.1779785e+01
   4.4271230e+06   1.6235352e+01
   4.4272520e+06   1.6967773e+01
   4.4282590e+06   1.1718750e+01
   4.4284940e+06   1.1901855e+01
   4.4302150e+06   1.3000488e+01
   4.5014300e+06   1.2084961e+01
   4.5015410e+06   1.6174316e+01
   4.5015850e+06   1.2023926e+01
   4.5016060e+06   1.4831543e+01
   4.5016210e+06   1.4221191e+01
   4.5016470e+06   1.5380859e+01
   4.5016780e+06   1.8432617e+01
   4.5016990e+06   1.5380859e+01
   4.5017400e+06   1.4892578e+01
   4.5017530e+06   1.3488770e+01
   4.5018230e+06   1.2268066e+01
   4.5021300e+06   1.3610840e+01
   4.5021980e+06   1.2023926e+01
   4.5022440e+06   1.1840820e+01
   4.5022690e+06   1.3854980e+01
   4.5023020e+06   1.7822266e+01
   4.5023660e+06   1.1962891e+01
   4.5024060e+06   1.5991211e+01
   4.5025510e+06   1.2695312e+01
   4.5025750e+06   1.3488770e+01
   4.5026200e+06   2.1118164e+01
   4.5027350e+06   1.2634277e+01
   4.5027870e+06   1.3732910e+01
   4.5028140e+06   1.2390137e+01
   4.5028970e+06   1.1779785e+01
   4.5029870e+06   1.2329102e+01
   4.5030710e+06   1.5808105e+01
   4.5031520e+06   1.3671875e+01
   4.5031770e+06   1.2573242e+01
   4.5032700e+06   1.3061523e+01
   4.5033220e+06   1.9531250e+01
   4.5033860e+06   1.2878418e+01
   4.5034650e+06   1.2939453e+01
   4.5035190e+06   1.2390137e+01
   4.5035610e+06   1.1779785e+01
   4.5037850e+06   1.3732910e+01
   4.5039720e+06   1.2329102e+01
   4.5043830e+06   1.3854980e+01
   4.5046120e+06   1.1962891e+01
   4.5049900e+06   1.2023926e+01
   4.5055020e+06   1.4587402e+01
   4.5058230e+06   1.2634277e+01
   4.5070910e+06   1.1840820e+01
   4.5316160e+06   1.3610840e+01
   4.5316450e+06   1.1718750e+01
   4.5645810e+06   1.2023926e+01
   4.5646620e+06   2.2216797e+01
   4.5646900e+06   1.2634277e+01
   4.5647220e+06   1.3061523e+01
   4.5647410e+06   2.4536133e+01
   4.5647610e+06   1.9226074e+01
   4.5647880e+06   2.2277832e+01
   4.5648000e+06   1.2451172e+01
   4.5648310e+06   2.4414063e+01
   4.5648490e+06   1.3000488e+01
   4.5648920e+06   1.8432617e+01
   4.5649860e+06   1.4892578e+01
   4.5651970e+06   1.2695313e+01
   4.5653110e+06   1.2390137e+01
   4.5654720e+06   1.4709473e+01
   4.5655790e+06   1.4953613e+01
   4.5655950e+06   1.3366699e+01
   4.5656670e+06   1.3000488e+01
   4.5657000e+06   1.5625000e+01
   4.5657370e+06   1.4831543e+01
   4.5657500e+06   1.1779785e+01
   4.5658250e+06   1.4587402e+01
   4.5659040e+06   1.3000488e+01
   4.5659430e+06   1.3610840e+01
   4.5660680e+06   1.3366699e+01
   4.5661810e+06   1.1779785e+01
   4.5662490e+06   1.1901855e+01
   4.5665310e+06   1.1962891e+01
   4.5665570e+06   1.2695313e+01
   4.5674140e+06   1.2573242e+01
   4.5678230e+06   1.2451172e+01
   4.5904670e+06   1.4160156e+01
   4.5977170e+06   1.3671875e+01
   4.6042300e+06   1.3305664e+01
   4.6042930e+06   1.2634277e+01
   4.6043070e+06   1.1901855e+01
   4.6043590e+06   1.2329102e+01
   4.6043880e+06   1.2817383e+01
   4.6043990e+06   1.4099121e+01
   4.6044140e+06   1.4770508e+01
   4.6044800e+06   2.3742676e+01
   4.6045410e+06   1.6479492e+01
   4.6045690e+06   1.4099121e+01
   4.6045950e+06   1.9897461e+01
   4.6046110e+06   1.1901855e+01
   4.6046580e+06   2.0568848e+01
   4.6047750e+06   1.8920898e+01
   4.6048020e+06   1.2817383e+01
   4.6048270e+06   1.2145996e+01
   4.6048470e+06   1.1840820e+01
   4.6048850e+06   1.5502930e+01
   4.6049490e+06   1.3305664e+01
   4.6049790e+06   1.3122559e+01
   4.6050180e+06   1.6052246e+01
   4.6051880e+06   1.2023926e+01
   4.6052780e+06   1.3122559e+01
   4.6053890e+06   1.3366699e+01
   4.6054590e+06   1.2207031e+01
   4.6056350e+06   1.2145996e+01
   4.6058540e+06   1.1840820e+01
   4.6064380e+06   1.2207031e+01
   4.6661970e+06   1.3549805e+01
   4.7263640e+06   1.3549805e+01
   4.7263940e+06   1.1779785e+01
   4.7264560e+06   1.7456055e+01
   4.7265580e+06   1.2023926e+01
   4.7266180e+06   1.6662598e+01
   4.7267360e+06   1.7517090e+01
   4.7267630e+06   1.2634277e+01
   4.7268530e+06   1.3549805e+01
   4.7269770e+06   1.8188477e+01
   4.7271040e+06   1.5136719e+01
   4.7271950e+06   1.2145996e+01
   4.7273400e+06   1.2329102e+01
   4.8814670e+06   1.2451172e+01
   4.8815820e+06   1.3671875e+01
   4.8817260e+06   1.7456055e+01
   4.8818080e+06   1.2939453e+01
   4.8818340e+06   2.2888184e+01
   4.8818460e+06   1.2390137e+01
   4.8819020e+06   2.0751953e+01
   4.8819820e+06   1.9042969e+01
   4.8820890e+06   1.2756348e+01
   4.8822070e+06   1.2207031e+01
   4.9706670e+06   1.2939453e+01
   5.0311740e+06   1.2512207e+01
   5.0915950e+06   1.2390137e+01
   5.0917960e+06   1.2207031e+01
   5.0919490e+06   1.6418457e+01
   5.0919720e+06   1.3122559e+01
   5.0920900e+06   1.2695313e+01
   5.0921600e+06   1.4343262e+01
   5.0921790e+06   1.2390137e+01
   5.0922520e+06   1.3854980e+01
   5.0923090e+06   1.3366699e+01
   5.0923870e+06   1.3916016e+01
   5.0924190e+06   1.3916016e+01
   5.0924390e+06   1.3977051e+01
   5.0925490e+06   1.5502930e+01
   5.0926680e+06   1.7578125e+01
   5.0927710e+06   1.2329102e+01
   5.0929520e+06   1.2145996e+01
   5.4106780e+06   1.1718750e+01
   5.4106980e+06   1.1962891e+01
   5.4107240e+06   1.2878418e+01
   5.4107780e+06   1.2512207e+01
   5.4108570e+06   1.4587402e+01
   5.4109260e+06   1.4465332e+01
   5.4109930e+06   1.7089844e+01
   5.4110340e+06   1.3244629e+01
   5.4110460e+06   2.8076172e+01
   5.4110900e+06   1.5441895e+01
   5.4111170e+06   1.9836426e+01
   5.4111690e+06   1.2512207e+01
   5.4112270e+06   1.2573242e+01
   5.4112510e+06   1.4892578e+01
   5.4112710e+06   1.6845703e+01
   5.4112830e+06   1.5808105e+01
   5.4113120e+06   1.2512207e+01
   5.4113650e+06   1.4770508e+01
   5.4113850e+06   1.2207031e+01
   5.4114400e+06   2.0141602e+01
   5.4114880e+06   1.3000488e+01
   5.4115170e+06   1.2084961e+01
   5.4115520e+06   1.4526367e+01
   5.4116100e+06   1.7761230e+01
   5.4116680e+06   1.3977051e+01
   5.4117250e+06   1.2817383e+01
   5.4117560e+06   1.2329102e+01
   5.4118630e+06   1.2756348e+01
   5.4118870e+06   1.3671875e+01
   5.4119320e+06   1.2878418e+01
   5.4119640e+06   1.3061523e+01
   5.4120000e+06   1.8371582e+01
   5.4120730e+06   1.8554688e+01
   5.4120970e+06   1.2145996e+01
   5.4121440e+06   1.6418457e+01
   5.4121990e+06   1.5258789e+01
   5.4122200e+06   1.3366699e+01
   5.4122740e+06   1.2145996e+01
   5.4122960e+06   1.2878418e+01
   5.4123210e+06   1.2939453e+01
   5.4123670e+06   1.2023926e+01
   5.4124530e+06   1.3305664e+01
   5.4124660e+06   1.3488770e+01
   5.4125330e+06   1.3427734e+01
   5.4125540e+06   1.3854980e+01
   5.4126130e+06   2.0324707e+01
   5.4128590e+06   1.2084961e+01
   5.4128930e+06   1.2329102e+01
   5.4130030e+06   2.1789551e+01
   5.4130910e+06   1.2573242e+01
   5.4131930e+06   1.2878418e+01
   5.4132850e+06   1.3061523e+01
   5.4133320e+06   1.1718750e+01
   5.4133900e+06   1.3000488e+01
   5.4134700e+06   1.1779785e+01
   5.4135110e+06   1.3366699e+01
   5.7228070e+06   1.2145996e+01
   5.7231510e+06   1.3366699e+01
   5.7232180e+06   1.4343262e+01
   5.7233110e+06   1.1962891e+01
   5.7233210e+06   1.7944336e+01
   5.7233640e+06   1.3000488e+01
   5.7233870e+06   1.4587402e+01
   5.7234210e+06   1.2817383e+01
   5.7234440e+06   1.3244629e+01
   5.7235200e+06   1.5747070e+01
   5.7235900e+06   1.3061523e+01
   5.7236420e+06   1.2084961e+01
   5.7236740e+06   1.3671875e+01
   5.7237070e+06   1.2512207e+01
   5.7237740e+06   1.5869141e+01
   5.7238300e+06   1.2573242e+01
   5.7238410e+06   1.2695312e+01
   5.7238990e+06   1.2023926e+01
   5.7239110e+06   1.2573242e+01
   5.7239700e+06   1.4160156e+01
   5.7240030e+06   1.2329102e+01
   5.7240380e+06   1.2512207e+01
   5.7241060e+06   1.4831543e+01
   5.7242250e+06   1.4221191e+01
   5.7242640e+06   1.2878418e+01
   5.7243420e+06   1.5563965e+01
   5.7244200e+06   1.2390137e+01
   5.7244940e+06   1.3122559e+01
   5.7245840e+06   1.4221191e+01
   5.7246810e+06   1.3427734e+01
   5.7247890e+06   1.3000488e+01
   5.7249070e+06   1.2451172e+01
   5.7442420e+06   1.2084961e+01
   5.7444740e+06   1.2512207e+01
   5.7944600e+06   1.2878418e+01
   5.7945660e+06   1.2084961e+01
   5.7945880e+06   1.2268066e+01
   5.7946930e+06   1.2145996e+01
   5.7947310e+06   1.9042969e+01
   5.7948860e+06   1.5136719e+01
   5.7948970e+06   1.1840820e+01
   5.7949590e+06   1.2695312e+01
   5.7950050e+06   1.3244629e+01
   5.7950460e+06   1.1840820e+01
   5.7950930e+06   1.2573242e+01
   5.7951120e+06   1.6357422e+01
   5.7951260e+06   1.1779785e+01
   5.7952040e+06   1.4343262e+01
   5.7952550e+06   1.3427734e+01
   5.7952860e+06   1.2145996e+01
   5.7953900e+06   1.4831543e+01
   5.7954610e+06   1.2878418e+01
   5.7954830e+06   1.6296387e+01
   5.7955760e+06   1.2817383e+01
   5.7956680e+06   1.3977051e+01
   5.7957660e+06   1.2084961e+01
   5.7957840e+06   1.3000488e+01
   5.7959900e+06   1.6235352e+01
   5.8663230e+06   1.4099121e+01
   5.9073670e+06   1.6052246e+01
   5.9612750e+06   1.2634277e+01
   5.9614210e+06   1.2512207e+01
   5.9614830e+06   1.6174316e+01
   5.9614980e+06   1.5563965e+01
   5.9615260e+06   1.5625000e+01
   5.9615410e+06   1.7089844e+01
   5.9615580e+06   1.3488770e+01
   5.9615710e+06   1.2878418e+01
   5.9615950e+06   1.3366699e+01
   5.9616140e+06   1.2634277e+01
   5.9616870e+06   1.3244629e+01
   5.9618100e+06   1.3732910e+01
   5.9619010e+06   1.4282227e+01
   5.9619700e+06   1.2512207e+01
   5.9620160e+06   1.4099121e+01
   5.9620690e+06   1.1840820e+01
   5.9620990e+06   1.3793945e+01
   5.9621670e+06   2.0141602e+01
   5.9622360e+06   1.2634277e+01
   5.9622550e+06   1.4404297e+01
   5.9622860e+06   1.2451172e+01
   5.9623170e+06   1.8249512e+01
   5.9623430e+06   1.5747070e+01
   5.9624500e+06   1.8127441e+01
   5.9624970e+06   1.3793945e+01
   5.9625850e+06   1.5441895e+01
   5.9626120e+06   1.2634277e+01
   5.9626680e+06   1.4587402e+01
   5.9627400e+06   1.5502930e+01
   5.9627820e+06   1.5502930e+01
   5.9628420e+06   1.2268066e+01
   5.9628590e+06   1.2268066e+01
   5.9629530e+06   1.3732910e+01
   5.9630010e+06   1.6479492e+01
   5.9630730e+06   1.4160156e+01
   5.9631410e+06   1.3183594e+01
   5.9633440e+06   1.2329102e+01
   5.9634170e+06   1.6296387e+01
   5.9634840e+06   1.2695312e+01
   5.9636830e+06   1.1840820e+01
   5.9637040e+06   2.6367188e+01
   5.9637750e+06   1.2451172e+01
   5.9638510e+06   1.2512207e+01
   5.9639050e+06   1.2573242e+01
   5.9639960e+06   1.2084961e+01
   5.9640160e+06   2.0568848e+01
   5.9640690e+06   1.3427734e+01
   5.9642130e+06   1.3000488e+01
   5.9642320e+06   1.5563965e+01
   5.9642760e+06   1.2329102e+01
   5.9643930e+06   1.1962891e+01
   5.9646250e+06   1.1718750e+01
   5.9647750e+06   1.2084961e+01
   5.9647880e+06   1.1718750e+01
   5.9648780e+06   1.1779785e+01
   5.9649540e+06   1.2145996e+01
   5.9650410e+06   1.6174316e+01
   5.9651240e+06   1.4221191e+01
   5.9654930e+06   1.3366699e+01
   5.9655120e+06   1.2145996e+01
   5.9655840e+06   1.3061523e+01
   5.9656710e+06   1.2329102e+01
   5.9657610e+06   1.2573242e+01
   5.9658300e+06   1.2634277e+01
   5.9658530e+06   1.1840820e+01
   5.9659400e+06   1.2207031e+01
   5.9659800e+06   1.3061523e+01
   5.9660230e+06   1.2939453e+01
   5.9663800e+06   1.3000488e+01
   5.9664050e+06   1.1718750e+01
   5.9664980e+06   1.3183594e+01
   5.9665950e+06   1.1718750e+01
   5.9669330e+06   1.1840820e+01
   5.9670170e+06   1.1779785e+01
   5.9674520e+06   1.2390137e+01
   5.9688830e+06   1.2817383e+01
