   5.9990000e+06   0.0000000e+00
   6.5368000e+04   1.2084961e+01
   1.2513800e+05   1.2145996e+01
   1.5120500e+05   1.1901855e+01
   2.1550800e+05   1.1840820e+01
   2.1572800e+05   1.2817383e+01
   3.2107800e+05   1.2573242e+01
   3.2115300e+05   1.2451172e+01
   4.0940700e+05   1.2451172e+01
   4.0951800e+05   1.3916016e+01
   4.0956200e+05   2.4963379e+01
   4.0958800e+05   1.3061523e+01
   4.0961000e+05   1.9531250e+01
   4.0965400e+05   1.2939453e+01
   4.0969500e+05   1.3549805e+01
   4.0973200e+05   1.2512207e+01
   4.1223300e+05   1.2878418e+01
   4.1256800e+05   1.4404297e+01
   7.4487600e+05   1.7517090e+01
   8.5619600e+05   1.3305664e+01
   8.5624000e+05   1.4587402e+01
   8.5627200e+05   1.1718750e+01
   8.5630700e+05   2.1301270e+01
   8.5634200e+05   1.2390137e+01
   8.5635300e+05   1.3793945e+01
   8.5637300e+05   2.6123047e+01
   8.5638700e+05   2.0202637e+01
   8.5645500e+05   1.1657715e+01
   8.5647100e+05   1.3244629e+01
   8.5680500e+05   1.2573242e+01
   8.5850300e+05   1.2695312e+01
   8.5889900e+05   1.2512207e+01
   8.5916600e+05   1.2145996e+01
   8.5945100e+05   1.3000488e+01
   1.2441500e+06   1.1779785e+01
   1.2442030e+06   1.4892578e+01
   1.2442380e+06   1.2512207e+01
   1.2442550e+06   1.2390137e+01
   1.2443070e+06   1.1779785e+01
   1.2697010e+06   1.2145996e+01
   1.3370300e+06   1.4343262e+01
   1.3372690e+06   1.3244629e+01
   1.3373370e+06   1.1840820e+01
   1.3673080e+06   1.1596680e+01
   1.3674230e+06   1.5625000e+01
   1.3676440e+06   1.2451172e+01
   1.4425190e+06   1.4892578e+01
   1.4428260e+06   1.1657715e+01
   1.4430230e+06   1.3122559e+01
   1.4430780e+06   1.2207031e+01
   1.6417380e+06   1.6662598e+01
   1.6417750e+06   1.2390137e+01
   1.6418020e+06   1.2207031e+01
   1.6418290e+06   1.2634277e+01
   1.6418590e+06   1.6906738e+01
   1.6418690e+06   1.4770508e+01
   1.6419020e+06   1.6235352e+01
   1.6419430e+06   1.4099121e+01
   1.6419800e+06   1.2145996e+01
   1.6421430e+06   1.2817383e+01
   1.6442800e+06   1.4709473e+01
   1.6454610e+06   1.2023926e+01
   1.8052610e+06   1.4282227e+01
   1.8052950e+06   1.5075684e+01
   1.8053290e+06   1.4282227e+01
   1.8053710e+06   1.2695312e+01
   1.8054100e+06   1.8859863e+01
   1.8054290e+06   1.4770508e+01
   1.8057510e+06   1.2329102e+01
   1.8058130e+06   1.2268066e+01
   1.8073380e+06   1.3305664e+01
   1.8078510e+06   1.1962891e+01
   1.8081340e+06   1.2390137e+01
   2.0551420e+06   1.1718750e+01
   2.0551550e+06   1.5686035e+01
   2.0551960e+06   1.3122559e+01
   2.0552350e+06   2.4475098e+01
   2.0553020e+06   1.4160156e+01
   2.0553300e+06   1.4038086e+01
   2.0574810e+06   1.2390137e+01
   2.0596480e+06   1.5319824e+01
   2.1129040e+06   1.3183594e+01
   2.1129310e+06   1.2512207e+01
   2.1130390e+06   2.4902344e+01
   2.1130840e+06   1.4648437e+01
   2.1136080e+06   1.1901855e+01
   2.1139970e+06   1.2512207e+01
   2.1148800e+06   1.2207031e+01
   2.1149910e+06   1.2512207e+01
   2.1150250e+06   1.4160156e+01
   2.1153200e+06   1.1596680e+01
   2.1156670e+06   1.2145996e+01
   2.1162560e+06   1.1840820e+01
   2.2351090e+06   1.1779785e+01
   2.3619100e+06   1.2023926e+01
   2.3620220e+06   1.4648438e+01
   2.3620730e+06   1.8127441e+01
   2.3621380e+06   1.2512207e+01
   2.3621550e+06   1.7578125e+01
   2.3621830e+06   2.1179199e+01
   2.3622070e+06   1.3549805e+01
   2.3625830e+06   1.2451172e+01
   2.3641750e+06   1.1657715e+01
   2.3651560e+06   1.2268066e+01
   2.3791560e+06   1.2512207e+01
   2.4255050e+06   1.2817383e+01
   2.4255500e+06   1.8554688e+01
   2.4255660e+06   1.9348145e+01
   2.4255800e+06   1.4282227e+01
   2.4256190e+06   1.2145996e+01
   2.4256580e+06   1.5075684e+01
   2.4257090e+06   1.1596680e+01
   2.4259100e+06   1.2145996e+01
   2.4260350e+06   1.2695312e+01
   2.4260560e+06   1.1840820e+01
   2.4274000e+06   1.2207031e+01
   2.4284690e+06   1.4038086e+01
   2.4287910e+06   1.4648438e+01
   2.9015880e+06   1.2756348e+01
   2.9017100e+06   1.3244629e+01
   2.9017710e+06   1.1962891e+01
   2.9019920e+06   1.3977051e+01
   3.2644240e+06   1.3977051e+01
   3.2645820e+06   1.5930176e+01
   3.2646210e+06   2.2094727e+01
   3.2646430e+06   1.3305664e+01
   3.2646820e+06   1.4526367e+01
   3.2646980e+06   1.2268066e+01
   3.2647620e+06   1.3122559e+01
   3.2648130e+06   1.2512207e+01
   3.2649630e+06   1.2268066e+01
   3.4103560e+06   1.2451172e+01
   3.4779640e+06   1.3244629e+01
   3.4780550e+06   1.5258789e+01
   3.4781940e+06   1.8981934e+01
   3.4782220e+06   1.8005371e+01
   3.4782320e+06   1.6357422e+01
   3.4782530e+06   1.8981934e+01
   3.4782760e+06   1.5075684e+01
   3.4783030e+06   1.6845703e+01
   3.4783190e+06   1.2145996e+01
   3.4783720e+06   1.3854980e+01
   3.4785970e+06   1.3000488e+01
   3.4786320e+06   1.2207031e+01
   3.4798850e+06   1.3549805e+01
   3.4810600e+06   1.3427734e+01
   3.4920600e+06   1.2695312e+01
   3.7704230e+06   1.4160156e+01
   3.7988180e+06   1.2390137e+01
   3.7988720e+06   1.2207031e+01
   3.7989280e+06   2.3437500e+01
   3.7989870e+06   1.3916016e+01
   3.7990280e+06   1.4038086e+01
   3.7990450e+06   1.9226074e+01
   3.7990970e+06   2.1423340e+01
   3.7991090e+06   1.5197754e+01
   3.7991310e+06   1.4343262e+01
   3.7992130e+06   1.3000488e+01
   3.7998900e+06   1.3183594e+01
   3.8000300e+06   1.3610840e+01
   3.8002350e+06   1.2573242e+01
   3.8004290e+06   1.5380859e+01
   3.8006480e+06   1.4709473e+01
   3.8008760e+06   1.3488770e+01
   3.8016780e+06   1.5441895e+01
   3.8604390e+06   1.3366699e+01
   3.9663910e+06   1.6235352e+01
   3.9664460e+06   1.8493652e+01
   3.9664630e+06   1.2939453e+01
   3.9664760e+06   1.8798828e+01
   3.9665110e+06   2.5146484e+01
   3.9665680e+06   1.5747070e+01
   3.9665820e+06   1.2207031e+01
   3.9666190e+06   1.3427734e+01
   3.9669550e+06   1.2634277e+01
   3.9688490e+06   1.3488770e+01
   3.9730170e+06   1.4709473e+01
   4.1812230e+06   1.3305664e+01
   4.1812360e+06   1.3305664e+01
   4.1812630e+06   1.4282227e+01
   4.1813000e+06   2.0446777e+01
   4.1813240e+06   1.2695312e+01
   4.1813420e+06   1.7822266e+01
   4.1813800e+06   1.2451172e+01
   4.1816420e+06   1.2817383e+01
   4.3015150e+06   1.6357422e+01
   4.3016400e+06   1.3671875e+01
   4.3017260e+06   2.2094727e+01
   4.3017450e+06   1.2878418e+01
   4.3018140e+06   1.4099121e+01
   4.3018320e+06   1.3916016e+01
   4.3018970e+06   1.4038086e+01
   4.3020570e+06   1.3732910e+01
   4.3083750e+06   1.3244629e+01
   4.3746350e+06   1.2268066e+01
   4.3746480e+06   1.3366699e+01
   4.3746790e+06   1.5380859e+01
   4.3747070e+06   1.3366699e+01
   4.3747490e+06   1.3061523e+01
   4.3748020e+06   1.9470215e+01
   4.3748520e+06   1.5747070e+01
   4.3749200e+06   1.2634277e+01
   4.3758890e+06   1.2329102e+01
   4.3763840e+06   1.2573242e+01
   4.3767880e+06   1.3061523e+01
   4.3774100e+06   1.3977051e+01
   4.3785630e+06   1.2390137e+01
   4.4244530e+06   1.2756348e+01
   4.4244890e+06   1.7639160e+01
   4.4245260e+06   1.4892578e+01
   4.4245440e+06   1.4221191e+01
   4.4246010e+06   1.3488770e+01
   4.4246120e+06   1.3793945e+01
   4.4246330e+06   1.8005371e+01
   4.4246620e+06   1.4831543e+01
   4.4246900e+06   1.5075684e+01
   4.4247000e+06   1.4953613e+01
   4.4262730e+06   1.3244629e+01
   4.4264010e+06   1.2268066e+01
   4.4285050e+06   1.4770508e+01
   4.4294190e+06   1.3732910e+01
   4.5015050e+06   1.2573242e+01
   4.5015310e+06   1.3305664e+01
   4.5015590e+06   1.3977051e+01
   4.5015920e+06   1.2573242e+01
   4.5016110e+06   1.8127441e+01
   4.5016400e+06   1.4709473e+01
   4.5016680e+06   1.5625000e+01
   4.5016880e+06   1.3916016e+01
   4.5019650e+06   1.3244629e+01
   4.5019970e+06   1.3854980e+01
   4.5030800e+06   1.2512207e+01
   4.5035470e+06   1.2634277e+01
   4.5037090e+06   1.2695312e+01
   4.5040480e+06   1.3488770e+01
   4.5049380e+06   1.3549805e+01
   4.5052460e+06   1.3610840e+01
   4.5077890e+06   1.2268066e+01
   4.5646090e+06   1.2268066e+01
   4.5646590e+06   2.7832031e+01
   4.5647150e+06   1.5075684e+01
   4.5647440e+06   1.7700195e+01
   4.5647610e+06   1.5441895e+01
   4.5648230e+06   1.3671875e+01
   4.5652850e+06   1.2756348e+01
   4.5666350e+06   1.2329102e+01
   4.5673110e+06   1.3427734e+01
   4.5676500e+06   1.2207031e+01
   4.5681990e+06   1.2878418e+01
   4.5685210e+06   1.2451172e+01
   4.6042660e+06   1.7089844e+01
   4.6043330e+06   1.5380859e+01
   4.6043460e+06   1.4526367e+01
   4.6043580e+06   1.7517090e+01
   4.6043720e+06   1.3122559e+01
   4.6043910e+06   1.4282227e+01
   4.6044280e+06   1.2634277e+01
   4.6045460e+06   1.2268066e+01
   4.6052890e+06   1.3183594e+01
   4.6060290e+06   1.4038086e+01
   4.6062350e+06   1.5014648e+01
   4.6065940e+06   1.3671875e+01
   4.6067720e+06   1.2451172e+01
   4.7265220e+06   1.5991211e+01
   4.7266020e+06   1.5014648e+01
   4.7266910e+06   1.5625000e+01
   4.7267030e+06   1.6540527e+01
   4.7267650e+06   1.2939453e+01
   4.7267830e+06   1.6235352e+01
   4.8814490e+06   1.2451172e+01
   4.8815250e+06   1.3122559e+01
   4.8815470e+06   1.3732910e+01
   4.8815910e+06   1.4892578e+01
   4.8817220e+06   1.2756348e+01
   4.8817810e+06   1.3732910e+01
   4.8817940e+06   1.4038086e+01
   4.8818220e+06   1.2207031e+01
   4.8818840e+06   1.2268066e+01
   4.9706230e+06   1.2695312e+01
   4.9707210e+06   1.2512207e+01
   5.0925800e+06   1.2145996e+01
   5.0927500e+06   1.2756348e+01
   5.0929310e+06   1.2390137e+01
   5.4107830e+06   1.4099121e+01
   5.4108080e+06   1.3244629e+01
   5.4108240e+06   1.6540527e+01
   5.4108840e+06   1.2390137e+01
   5.4109360e+06   1.4770508e+01
   5.4109730e+06   1.4770508e+01
   5.4110660e+06   1.2817383e+01
   5.7234770e+06   1.6723633e+01
   5.7235780e+06   1.2817383e+01
   5.7236020e+06   1.4892578e+01
   5.7236510e+06   1.9714355e+01
   5.7237000e+06   1.5930176e+01
   5.7237190e+06   1.9714355e+01
   5.7237530e+06   1.4343262e+01
   5.7237740e+06   2.1850586e+01
   5.7238410e+06   1.6967773e+01
   5.7238780e+06   2.0385742e+01
   5.7238890e+06   1.3366699e+01
   5.7239080e+06   1.5991211e+01
   5.7240020e+06   1.6418457e+01
   5.7241070e+06   1.6784668e+01
   5.7246570e+06   1.2207031e+01
   5.7952690e+06   1.4953613e+01
   5.7953380e+06   1.5075684e+01
   5.7953630e+06   1.5869141e+01
   5.7954300e+06   1.8859863e+01
   5.7954570e+06   1.3122559e+01
   5.7955110e+06   1.3793945e+01
   5.9613990e+06   1.5441895e+01
   5.9614090e+06   1.9714355e+01
   5.9614370e+06   1.3793945e+01
   5.9614650e+06   1.9714355e+01
   5.9614830e+06   1.9165039e+01
   5.9615020e+06   2.3132324e+01
   5.9615270e+06   1.6601562e+01
   5.9615470e+06   1.4282227e+01
   5.9615860e+06   1.4160156e+01
   5.9616130e+06   1.5258789e+01
   5.9617950e+06   1.4892578e+01
   5.9618740e+06   1.2878418e+01
   5.9619060e+06   1.2634277e+01
   5.9619570e+06   1.4404297e+01
