   5.9990000e+06   0.0000000e+00
   4.5200000e+02   1.3427734e+01
   3.5610000e+03   1.1779785e+01
   6.6670000e+03   1.1779785e+01
   7.7280000e+03   1.3366699e+01
   9.6490000e+03   1.1901855e+01
   1.0979000e+04   1.2145996e+01
   1.6037000e+04   1.3732910e+01
   2.3600000e+04   1.3488770e+01
   2.4601000e+04   1.1779785e+01
   2.8491000e+04   1.2329102e+01
   3.1255000e+04   1.2145996e+01
   3.4324000e+04   1.5075684e+01
   3.5344000e+04   1.1779785e+01
   3.7126000e+04   1.1657715e+01
   4.3837000e+04   1.1413574e+01
   4.5089000e+04   1.3183594e+01
   4.8750000e+04   1.3793945e+01
   5.1171000e+04   1.3061523e+01
   6.4425000e+04   1.3366699e+01
   6.5465000e+04   1.2023926e+01
   7.2207000e+04   1.1718750e+01
   8.6164000e+04   1.1962891e+01
   8.7195000e+04   1.2023926e+01
   9.1946000e+04   1.5686035e+01
   1.0638900e+05   1.4343262e+01
   1.1184500e+05   1.3000488e+01
   1.2116600e+05   1.2817383e+01
   1.3168900e+05   1.1718750e+01
   1.3927700e+05   1.2268066e+01
   1.4196100e+05   1.1535645e+01
   1.5080500e+05   1.2756348e+01
   1.5801200e+05   1.3732910e+01
   1.6266200e+05   1.1718750e+01
   1.7620700e+05   1.3183594e+01
   1.8563000e+05   1.1779785e+01
   1.9038100e+05   1.1718750e+01
   1.9312900e+05   1.3916016e+01
   2.0549900e+05   1.2756348e+01
   2.0905100e+05   1.1596680e+01
   2.1310700e+05   1.2084961e+01
   2.1529000e+05   1.1413574e+01
   2.1561800e+05   1.3549805e+01
   2.1575700e+05   1.4709473e+01
   2.1594600e+05   1.2023926e+01
   2.1597700e+05   1.2023926e+01
   2.1607800e+05   1.2268066e+01
   2.2626200e+05   1.1901855e+01
   2.3107900e+05   1.2756348e+01
   2.3358900e+05   1.2756348e+01
   2.3855500e+05   1.2695312e+01
   2.5266800e+05   1.4343262e+01
   2.6105300e+05   1.2390137e+01
   2.6567200e+05   1.1535645e+01
   2.7194800e+05   1.2695312e+01
   2.7726200e+05   1.3122559e+01
   2.8615700e+05   1.1413574e+01
   2.9936400e+05   1.3488770e+01
   3.0069400e+05   1.3977051e+01
   3.0984400e+05   1.1779785e+01
   3.1618400e+05   1.3488770e+01
   3.2002300e+05   1.1535645e+01
   3.2101700e+05   1.3916016e+01
   3.2130200e+05   1.1596680e+01
   3.2157200e+05   1.2573242e+01
   3.3444800e+05   1.2451172e+01
   3.4054000e+05   1.2756348e+01
   3.4524600e+05   1.1962891e+01
   3.5081400e+05   1.2695312e+01
   3.5523700e+05   1.3549805e+01
   3.5660500e+05   1.1901855e+01
   3.6028800e+05   1.3854980e+01
   3.7267100e+05   1.4099121e+01
   3.8140100e+05   1.2329102e+01
   3.8750900e+05   1.2878418e+01
   3.9524100e+05   1.5014648e+01
   4.0924700e+05   1.1779785e+01
   4.0933800e+05   1.1779785e+01
   4.0959900e+05   1.5869141e+01
   4.0962900e+05   1.1718750e+01
   4.3760700e+05   1.3549805e+01
   4.3882600e+05   1.2023926e+01
   4.4435200e+05   1.1718750e+01
   4.4742300e+05   1.3854980e+01
   4.4939300e+05   1.2268066e+01
   4.5146800e+05   1.2573242e+01
   4.5357400e+05   1.1474609e+01
   4.5748900e+05   1.1779785e+01
   4.6061600e+05   1.2817383e+01
   4.6164700e+05   1.3732910e+01
   4.6271100e+05   1.2023926e+01
   4.6361800e+05   1.2329102e+01
   4.6556400e+05   1.1657715e+01
   4.6758200e+05   1.1718750e+01
   4.7000700e+05   1.1596680e+01
   4.7108400e+05   1.1718750e+01
   4.7200300e+05   1.3793945e+01
   4.7310700e+05   1.2023926e+01
   4.7506700e+05   1.2573242e+01
   4.7722500e+05   1.2145996e+01
   4.7942900e+05   1.3122559e+01
   4.8230700e+05   1.1596680e+01
   4.8392300e+05   1.2695312e+01
   4.8619600e+05   1.4953613e+01
   4.8725400e+05   1.2329102e+01
   4.8857400e+05   1.1901855e+01
   4.8953100e+05   1.2939453e+01
   4.9168400e+05   1.2695312e+01
   4.9546900e+05   1.2023926e+01
   4.9642000e+05   1.2084961e+01
   4.9821700e+05   1.1901855e+01
   5.0181900e+05   1.2939453e+01
   5.0359900e+05   1.2756348e+01
   5.0464600e+05   1.2512207e+01
   5.0850200e+05   1.3000488e+01
   5.1054300e+05   1.2939453e+01
   5.1248200e+05   1.1718750e+01
   5.1428000e+05   1.3610840e+01
   5.1521200e+05   1.2756348e+01
   5.1561300e+05   1.1474609e+01
   5.1944600e+05   1.3000488e+01
   5.2049900e+05   1.2573242e+01
   5.2283800e+05   1.2451172e+01
   5.2785200e+05   1.2878418e+01
   5.2903200e+05   1.1535645e+01
   5.3008300e+05   1.1779785e+01
   5.3128600e+05   1.2634277e+01
   5.3264900e+05   1.2512207e+01
   5.3742000e+05   1.1657715e+01
   5.3867900e+05   1.2023926e+01
   5.4261700e+05   1.2329102e+01
   5.4634100e+05   1.1718750e+01
   5.4756600e+05   1.3366699e+01
   5.4882700e+05   1.3183594e+01
   5.5001200e+05   1.1901855e+01
   5.5100800e+05   1.2207031e+01
   5.5249900e+05   1.2817383e+01
   5.5359600e+05   1.1840820e+01
   5.5622300e+05   1.1901855e+01
   5.5977600e+05   1.5563965e+01
   5.6256000e+05   1.1413574e+01
   5.6594600e+05   1.3916016e+01
   5.6726400e+05   1.2023926e+01
   5.7066400e+05   1.2817383e+01
   5.7278700e+05   1.3671875e+01
   5.7482200e+05   1.2756348e+01
   5.7916900e+05   1.1901855e+01
   5.8142700e+05   1.1535645e+01
   5.8412900e+05   1.2084961e+01
   5.8922600e+05   1.2573242e+01
   5.9055100e+05   1.1474609e+01
   5.9157500e+05   1.5319824e+01
   5.9895400e+05   1.5502930e+01
   6.0035600e+05   1.1779785e+01
   6.0206000e+05   1.1657715e+01
   6.0358300e+05   1.1901855e+01
   6.0900000e+05   1.1901855e+01
   6.1115600e+05   1.1840820e+01
   6.1248900e+05   1.1962891e+01
   6.1373500e+05   1.2207031e+01
   6.1705600e+05   1.1962891e+01
   6.1996100e+05   1.3793945e+01
   6.2233600e+05   1.3000488e+01
   6.2426300e+05   1.2329102e+01
   6.2638100e+05   1.2268066e+01
   6.2909700e+05   1.1718750e+01
   6.3293100e+05   1.3854980e+01
   6.3538100e+05   1.1779785e+01
   6.4379200e+05   1.1962891e+01
   6.4498700e+05   1.1840820e+01
   6.4829800e+05   1.2207031e+01
   6.4946400e+05   1.3488770e+01
   6.5188200e+05   1.2695313e+01
   6.5779400e+05   1.2878418e+01
   6.5927200e+05   1.1474609e+01
   6.6309500e+05   1.1413574e+01
   6.6890800e+05   1.2817383e+01
   6.7007100e+05   1.4038086e+01
   6.7096100e+05   1.2573242e+01
   6.7159500e+05   1.2329102e+01
   6.7173200e+05   1.7028809e+01
   6.7204100e+05   1.3977051e+01
   6.9063400e+05   1.3610840e+01
   6.9504700e+05   1.2573242e+01
   6.9783700e+05   1.2451172e+01
   7.0641700e+05   1.3305664e+01
   7.1277300e+05   1.2329102e+01
   7.1941000e+05   1.2512207e+01
   7.2841700e+05   1.3366699e+01
   7.3259600e+05   1.3183594e+01
   7.3803500e+05   1.2756348e+01
   7.4233700e+05   1.1657715e+01
   7.4445200e+05   1.2084961e+01
   7.4691800e+05   1.2023926e+01
   7.5209300e+05   1.2390137e+01
   7.5739100e+05   1.2207031e+01
   7.6216400e+05   1.2390137e+01
   7.6324500e+05   1.2084961e+01
   7.6811000e+05   1.2451172e+01
   7.6924700e+05   1.2390137e+01
   7.7220200e+05   1.2512207e+01
   7.7333500e+05   1.1474609e+01
   7.7813700e+05   1.2207031e+01
   7.8796200e+05   1.2023926e+01
   7.8968600e+05   1.3427734e+01
   7.9272900e+05   1.1718750e+01
   7.9471300e+05   1.5991211e+01
   7.9752000e+05   1.2756348e+01
   7.9880300e+05   1.1596680e+01
   8.0368300e+05   1.2023926e+01
   8.0875600e+05   1.2268066e+01
   8.1443500e+05   1.1962891e+01
   8.1812800e+05   1.2756348e+01
   8.1971900e+05   1.2756348e+01
   8.2094700e+05   1.2207031e+01
   8.2393500e+05   1.1596680e+01
   8.2993000e+05   1.1779785e+01
   8.3381500e+05   1.1901855e+01
   8.3804500e+05   1.2390137e+01
   8.4139400e+05   1.2512207e+01
   8.4702400e+05   1.3000488e+01
   8.5107200e+05   1.2390137e+01
   8.5360900e+05   1.1596680e+01
   8.5611000e+05   1.3061523e+01
   8.5614200e+05   1.2451172e+01
   8.5624000e+05   1.1596680e+01
   8.5634100e+05   1.7761230e+01
   8.5641300e+05   1.4526367e+01
   8.5651200e+05   1.1474609e+01
   8.9342800e+05   1.5197754e+01
   9.0328200e+05   1.1718750e+01
   9.0433000e+05   1.4587402e+01
   9.0536900e+05   1.2634277e+01
   9.0745000e+05   1.3122559e+01
   9.0834800e+05   1.1779785e+01
   9.1037500e+05   1.1962891e+01
   9.1156800e+05   1.1718750e+01
   9.1261900e+05   1.1474609e+01
   9.1443200e+05   1.1718750e+01
   9.1555200e+05   1.4099121e+01
   9.1995600e+05   1.2084961e+01
   9.2102800e+05   1.3427734e+01
   9.2207900e+05   1.3305664e+01
   9.2425300e+05   1.3122559e+01
   9.2621800e+05   1.2451172e+01
   9.2770900e+05   1.2084961e+01
   9.2882700e+05   1.3549805e+01
   9.3090300e+05   1.4709473e+01
   9.3306900e+05   1.1474609e+01
   9.3541200e+05   1.2145996e+01
   9.3677100e+05   1.1718750e+01
   9.4108500e+05   1.2390137e+01
   9.4211000e+05   1.3916016e+01
   9.4308700e+05   1.1413574e+01
   9.4598200e+05   1.2145996e+01
   9.4713500e+05   1.1962891e+01
   9.5215800e+05   1.2756348e+01
   9.5314900e+05   1.2512207e+01
   9.6452500e+05   1.1962891e+01
   9.6557100e+05   1.1718750e+01
   9.6748600e+05   1.2695312e+01
   9.6840800e+05   1.2756348e+01
   9.7178900e+05   1.1657715e+01
   9.7390600e+05   1.4038086e+01
   9.7855200e+05   1.3061523e+01
   9.7968700e+05   1.2023926e+01
   9.8295000e+05   1.1413574e+01
   9.8452700e+05   1.1413574e+01
   9.8679000e+05   1.3122559e+01
   9.9011600e+05   1.3061523e+01
   9.9112000e+05   1.1962891e+01
   9.9220400e+05   1.1474609e+01
   9.9962800e+05   1.2634277e+01
   1.0011020e+06   1.2084961e+01
   1.0024760e+06   1.1779785e+01
   1.0047430e+06   1.3488770e+01
   1.0068940e+06   1.2451172e+01
   1.0078830e+06   1.1413574e+01
   1.0100820e+06   1.2573242e+01
   1.0124210e+06   1.1962891e+01
   1.0135530e+06   1.1657715e+01
   1.0146750e+06   1.3000488e+01
   1.0203060e+06   1.2939453e+01
   1.0213700e+06   1.5625000e+01
   1.0224900e+06   1.3610840e+01
   1.0235750e+06   1.1901855e+01
   1.0258110e+06   1.1657715e+01
   1.0346670e+06   1.2634277e+01
   1.0397020e+06   1.3549805e+01
   1.0409280e+06   1.1413574e+01
   1.0427640e+06   1.1779785e+01
   1.0440040e+06   1.2695312e+01
   1.0461910e+06   1.4709473e+01
   1.0502500e+06   1.2451172e+01
   1.0526940e+06   1.1840820e+01
   1.0538480e+06   1.2329102e+01
   1.0594070e+06   1.1840820e+01
   1.0627730e+06   1.1779785e+01
   1.0652920e+06   1.2512207e+01
   1.0664360e+06   1.2023926e+01
   1.0678830e+06   1.1840820e+01
   1.0701450e+06   1.1596680e+01
   1.0713610e+06   1.1413574e+01
   1.0725310e+06   1.1535645e+01
   1.0774750e+06   1.3061523e+01
   1.0826300e+06   1.1962891e+01
   1.0838230e+06   1.2756348e+01
   1.0850400e+06   1.2756348e+01
   1.0901790e+06   1.3793945e+01
   1.0917970e+06   1.3122559e+01
   1.0930890e+06   1.2695312e+01
   1.0994210e+06   1.1657715e+01
   1.1005310e+06   1.2756348e+01
   1.1019590e+06   1.6418457e+01
   1.1066950e+06   1.3671875e+01
   1.1091200e+06   1.1718750e+01
   1.1100840e+06   1.2207031e+01
   1.1114630e+06   1.2756348e+01
   1.1126840e+06   1.1535645e+01
   1.1150320e+06   1.2695312e+01
   1.1200320e+06   1.1779785e+01
   1.1210490e+06   1.1840820e+01
   1.1253070e+06   1.2268066e+01
   1.1290780e+06   1.1657715e+01
   1.1380970e+06   1.2329102e+01
   1.1441530e+06   1.1840820e+01
   1.1468490e+06   1.3854980e+01
   1.1490790e+06   1.1718750e+01
   1.1550860e+06   1.1840820e+01
   1.1562720e+06   1.2878418e+01
   1.1591120e+06   1.2084961e+01
   1.1602300e+06   1.3854980e+01
   1.1675910e+06   1.2512207e+01
   1.1745490e+06   1.1474609e+01
   1.1812930e+06   1.3549805e+01
   1.1836640e+06   1.3488770e+01
   1.1847290e+06   1.1718750e+01
   1.1894890e+06   1.1657715e+01
   1.1905910e+06   1.3366699e+01
   1.1922540e+06   1.2573242e+01
   1.1933450e+06   1.3366699e+01
   1.1948850e+06   1.1474609e+01
   1.1980200e+06   1.1474609e+01
   1.2036680e+06   1.1413574e+01
   1.2129680e+06   1.2695312e+01
   1.2162520e+06   1.2268066e+01
   1.2256110e+06   1.4099121e+01
   1.2267190e+06   1.1779785e+01
   1.2330080e+06   1.1474609e+01
   1.2343240e+06   1.2268066e+01
   1.2370300e+06   1.2268066e+01
   1.2408200e+06   1.2512207e+01
   1.2442760e+06   1.2878418e+01
   1.2445330e+06   1.1718750e+01
   1.2452040e+06   1.2207031e+01
   1.2614860e+06   1.1840820e+01
   1.2650470e+06   1.2084961e+01
   1.2714460e+06   1.2634277e+01
   1.2728400e+06   1.1962891e+01
   1.2783550e+06   1.2023926e+01
   1.2794460e+06   1.1779785e+01
   1.2818090e+06   1.1718750e+01
   1.2867500e+06   1.4526367e+01
   1.2943610e+06   1.2329102e+01
   1.2968180e+06   1.1474609e+01
   1.2994300e+06   1.4892578e+01
   1.3019360e+06   1.2451172e+01
   1.3047010e+06   1.3244629e+01
   1.3118190e+06   1.2268066e+01
   1.3154780e+06   1.2084961e+01
   1.3171340e+06   1.3305664e+01
   1.3193830e+06   1.2634277e+01
   1.3286900e+06   1.1474609e+01
   1.3330720e+06   1.1840820e+01
   1.3344840e+06   1.1413574e+01
   1.3371790e+06   1.5014648e+01
   1.3372600e+06   1.2145996e+01
   1.3376050e+06   1.3244629e+01
   1.3485050e+06   1.1657715e+01
   1.3518430e+06   1.3977051e+01
   1.3558620e+06   1.3610840e+01
   1.3570460e+06   1.3793945e+01
   1.3619190e+06   1.2695313e+01
   1.3631300e+06   1.1718750e+01
   1.3784960e+06   1.1474609e+01
   1.3818270e+06   1.2268066e+01
   1.3843600e+06   1.1413574e+01
   1.3956930e+06   1.2451172e+01
   1.3969420e+06   1.1474609e+01
   1.4002070e+06   1.1596680e+01
   1.4036550e+06   1.2451172e+01
   1.4047500e+06   1.1474609e+01
   1.4062450e+06   1.2023926e+01
   1.4091970e+06   1.2268066e+01
   1.4104300e+06   1.2451172e+01
   1.4117240e+06   1.1474609e+01
   1.4269940e+06   1.3061523e+01
   1.4319900e+06   1.4465332e+01
   1.4349490e+06   1.5930176e+01
   1.4360700e+06   1.1474609e+01
   1.4371840e+06   1.1657715e+01
   1.4510790e+06   1.2512207e+01
   1.4617170e+06   1.1962891e+01
   1.4699130e+06   1.4038086e+01
   1.4745940e+06   1.3366699e+01
   1.4760040e+06   1.4831543e+01
   1.4854860e+06   1.1535645e+01
   1.4892750e+06   1.1840820e+01
   1.4943900e+06   1.1718750e+01
   1.4954480e+06   1.3305664e+01
   1.4989910e+06   1.2268066e+01
   1.5001130e+06   1.1962891e+01
   1.5080320e+06   1.3610840e+01
   1.5091250e+06   1.2939453e+01
   1.5117680e+06   1.1962891e+01
   1.5141050e+06   1.1474609e+01
   1.5198030e+06   1.4099121e+01
   1.5245280e+06   1.2634277e+01
   1.5304890e+06   1.2573242e+01
   1.5333430e+06   1.1413574e+01
   1.5345650e+06   1.1840820e+01
   1.5373780e+06   1.3610840e+01
   1.5386440e+06   1.4404297e+01
   1.5444150e+06   1.3732910e+01
   1.5465110e+06   1.3183594e+01
   1.5559960e+06   1.1535645e+01
   1.5596190e+06   1.4587402e+01
   1.5662460e+06   1.2390137e+01
   1.5707150e+06   1.2573242e+01
   1.5720240e+06   1.1535645e+01
   1.5757300e+06   1.1901855e+01
   1.5766940e+06   1.3366699e+01
   1.5792520e+06   1.2878418e+01
   1.5802900e+06   1.1413574e+01
   1.5877500e+06   1.2268066e+01
   1.5914550e+06   1.2756348e+01
   1.5948270e+06   1.1657715e+01
   1.5989020e+06   1.1413574e+01
   1.5993280e+06   1.1596680e+01
   1.6027300e+06   1.2207031e+01
   1.6038090e+06   1.7883301e+01
   1.6052970e+06   1.4099121e+01
   1.6074980e+06   1.2634277e+01
   1.6092070e+06   1.2756348e+01
   1.6158750e+06   1.3610840e+01
   1.6197360e+06   1.1657715e+01
   1.6222900e+06   1.1901855e+01
   1.6235440e+06   1.2268066e+01
   1.6275610e+06   1.1901855e+01
   1.6300930e+06   1.2756348e+01
   1.6331090e+06   1.2573242e+01
   1.6362150e+06   1.3061523e+01
   1.6398250e+06   1.3977051e+01
   1.6411600e+06   1.1596680e+01
   1.6416500e+06   1.4282227e+01
   1.6417870e+06   1.1962891e+01
   1.6417980e+06   1.2634277e+01
   1.6418560e+06   1.4343262e+01
   1.6418710e+06   1.6174316e+01
   1.6456420e+06   1.3732910e+01
   1.6960950e+06   1.2817383e+01
   1.7019540e+06   1.4526367e+01
   1.7070120e+06   1.3122559e+01
   1.7180310e+06   1.1840820e+01
   1.7212460e+06   1.3366699e+01
   1.7248250e+06   1.1962891e+01
   1.7307840e+06   1.1657715e+01
   1.7350670e+06   1.4404297e+01
   1.7404130e+06   1.1901855e+01
   1.7438620e+06   1.3122559e+01
   1.7534630e+06   1.3549805e+01
   1.7557830e+06   1.4587402e+01
   1.7568210e+06   1.1779785e+01
   1.7577960e+06   1.4282227e+01
   1.7625460e+06   1.2084961e+01
   1.7637890e+06   1.1840820e+01
   1.7647740e+06   1.1413574e+01
   1.7658280e+06   1.2207031e+01
   1.7668900e+06   1.2512207e+01
   1.7709080e+06   1.1413574e+01
   1.7722120e+06   1.1596680e+01
   1.7744480e+06   1.3244629e+01
   1.7768520e+06   1.3244629e+01
   1.7788870e+06   1.3671875e+01
   1.7815390e+06   1.3549805e+01
   1.7838090e+06   1.3366699e+01
   1.7871310e+06   1.1901855e+01
   1.7883410e+06   1.1596680e+01
   1.7912800e+06   1.2207031e+01
   1.7923770e+06   1.1901855e+01
   1.7950480e+06   1.1901855e+01
   1.7980700e+06   1.1413574e+01
   1.7992890e+06   1.4953613e+01
   1.8014340e+06   1.2451172e+01
   1.8050720e+06   1.1657715e+01
   1.8051010e+06   1.2329102e+01
   1.8051960e+06   1.2023926e+01
   1.8052670e+06   1.2207031e+01
   1.8053020e+06   1.6784668e+01
   1.8053240e+06   1.4587402e+01
   1.8053600e+06   1.1657715e+01
   1.8054190e+06   1.1779785e+01
   1.8538650e+06   1.1596680e+01
   1.8587590e+06   1.3732910e+01
   1.8630850e+06   1.2390137e+01
   1.8765670e+06   1.1657715e+01
   1.8815670e+06   1.2023926e+01
   1.8828030e+06   1.2268066e+01
   1.8841120e+06   1.1718750e+01
   1.8952410e+06   1.2329102e+01
   1.9002850e+06   1.1413574e+01
   1.9012350e+06   1.1840820e+01
   1.9020770e+06   1.2878418e+01
   1.9045860e+06   1.3000488e+01
   1.9075500e+06   1.2451172e+01
   1.9119080e+06   1.1962891e+01
   1.9147870e+06   1.2817383e+01
   1.9195790e+06   1.1596680e+01
   1.9218150e+06   1.3549805e+01
   1.9304660e+06   1.1718750e+01
   1.9326810e+06   1.4038086e+01
   1.9379720e+06   1.2695312e+01
   1.9402300e+06   1.3366699e+01
   1.9415520e+06   1.2145996e+01
   1.9471410e+06   1.3000488e+01
   1.9483010e+06   1.2756348e+01
   1.9541840e+06   1.2390137e+01
   1.9554140e+06   1.2512207e+01
   1.9579860e+06   1.4648438e+01
   1.9607350e+06   1.3671875e+01
   1.9635820e+06   1.1962891e+01
   1.9693730e+06   1.1596680e+01
   1.9723170e+06   1.1474609e+01
   1.9737110e+06   1.3366699e+01
   1.9745760e+06   1.2023926e+01
   1.9876170e+06   1.1779785e+01
   1.9912100e+06   1.5075684e+01
   2.0034950e+06   1.3549805e+01
   2.0072540e+06   1.1413574e+01
   2.0117360e+06   1.5686035e+01
   2.0257680e+06   1.3793945e+01
   2.0273480e+06   1.3000488e+01
   2.0311590e+06   1.2573242e+01
   2.0323160e+06   1.2145996e+01
   2.0443750e+06   1.1535645e+01
   2.0514300e+06   1.2390137e+01
   2.0549270e+06   1.3793945e+01
   2.0550320e+06   1.3854980e+01
   2.0551680e+06   1.3061523e+01
   2.0552020e+06   1.2023926e+01
   2.0552800e+06   1.2023926e+01
   2.0553040e+06   1.2451172e+01
   2.0881710e+06   1.2573242e+01
   2.0925150e+06   1.3366699e+01
   2.0949590e+06   1.1901855e+01
   2.0960360e+06   1.1657715e+01
   2.1022250e+06   1.2695312e+01
   2.1031730e+06   1.3122559e+01
   2.1042760e+06   1.3916016e+01
   2.1063310e+06   1.1962891e+01
   2.1083900e+06   1.2878418e+01
   2.1104990e+06   1.1901855e+01
   2.1126520e+06   1.1596680e+01
   2.1127580e+06   1.1779785e+01
   2.1128390e+06   1.5563965e+01
   2.1128660e+06   1.7761230e+01
   2.1129410e+06   1.2145996e+01
   2.1458530e+06   1.2939453e+01
   2.1469850e+06   1.1779785e+01
   2.1541580e+06   1.1413574e+01
   2.1591230e+06   1.1596680e+01
   2.1613640e+06   1.2390137e+01
   2.1718500e+06   1.2207031e+01
   2.1733090e+06   1.3427734e+01
   2.1772700e+06   1.1962891e+01
   2.1786670e+06   1.1413574e+01
   2.1847050e+06   1.1596680e+01
   2.1883070e+06   1.1779785e+01
   2.1919190e+06   1.4953613e+01
   2.1964590e+06   1.3183594e+01
   2.1975490e+06   1.2695313e+01
   2.2013090e+06   1.2756348e+01
   2.2100770e+06   1.1596680e+01
   2.2122410e+06   1.3183594e+01
   2.2163560e+06   1.1840820e+01
   2.2190900e+06   1.2573242e+01
   2.2315870e+06   1.3366699e+01
   2.2327630e+06   1.1962891e+01
   2.2341940e+06   1.1413574e+01
   2.2388950e+06   1.1901855e+01
   2.2399450e+06   1.5563965e+01
   2.2411280e+06   1.2023926e+01
   2.2422060e+06   1.2023926e+01
   2.2431930e+06   1.2390137e+01
   2.2494730e+06   1.5563965e+01
   2.2504240e+06   1.3183594e+01
   2.2542550e+06   1.1962891e+01
   2.2553780e+06   1.2573242e+01
   2.2641840e+06   1.2390137e+01
   2.2650320e+06   1.1718750e+01
   2.2689100e+06   1.1657715e+01
   2.2721200e+06   1.1840820e+01
   2.2750560e+06   1.1596680e+01
   2.2776440e+06   1.1718750e+01
   2.2811130e+06   1.2084961e+01
   2.2821780e+06   1.2512207e+01
   2.2850250e+06   1.2573242e+01
   2.2860360e+06   1.2451172e+01
   2.2910690e+06   1.3183594e+01
   2.2954310e+06   1.2207031e+01
   2.2987930e+06   1.1596680e+01
   2.3044220e+06   1.1474609e+01
   2.3084560e+06   1.3671875e+01
   2.3107190e+06   1.2390137e+01
   2.3119860e+06   1.2817383e+01
   2.3176390e+06   1.2451172e+01
   2.3186260e+06   1.3122559e+01
   2.3210160e+06   1.3488770e+01
   2.3219970e+06   1.1596680e+01
   2.3253610e+06   1.2023926e+01
   2.3339450e+06   1.3183594e+01
   2.3364450e+06   1.1779785e+01
   2.3375690e+06   1.2268066e+01
   2.3436100e+06   1.2023926e+01
   2.3510890e+06   1.2023926e+01
   2.3546920e+06   1.3793945e+01
   2.3584610e+06   1.3427734e+01
   2.3617760e+06   1.2084961e+01
   2.3618940e+06   1.5686035e+01
   2.3620280e+06   1.1596680e+01
   2.3621660e+06   1.3000488e+01
   2.3622010e+06   1.2939453e+01
   2.3622320e+06   1.1413574e+01
   2.3622660e+06   1.1474609e+01
   2.3644220e+06   1.1596680e+01
   2.3922690e+06   1.1962891e+01
   2.3931800e+06   1.3061523e+01
   2.3966740e+06   1.3793945e+01
   2.4031600e+06   1.1535645e+01
   2.4053400e+06   1.2329102e+01
   2.4063280e+06   1.2390137e+01
   2.4071860e+06   1.1474609e+01
   2.4079830e+06   1.1596680e+01
   2.4129820e+06   1.2451172e+01
   2.4148970e+06   1.3793945e+01
   2.4170120e+06   1.2512207e+01
   2.4228310e+06   1.3122559e+01
   2.4238090e+06   1.1535645e+01
   2.4252960e+06   1.3244629e+01
   2.4254720e+06   1.1779785e+01
   2.4255640e+06   1.5686035e+01
   2.4255950e+06   1.1474609e+01
   2.4256430e+06   1.2817383e+01
   2.4259450e+06   1.1657715e+01
   2.4558030e+06   1.2268066e+01
   2.4583190e+06   1.2023926e+01
   2.4655920e+06   1.2878418e+01
   2.4724260e+06   1.3000488e+01
   2.4743570e+06   1.3305664e+01
   2.4781790e+06   1.3244629e+01
   2.4822730e+06   1.2756348e+01
   2.4833330e+06   1.1718750e+01
   2.4848870e+06   1.1779785e+01
   2.4916730e+06   1.2573242e+01
   2.4954770e+06   1.1962891e+01
   2.4962560e+06   1.1535645e+01
   2.5044090e+06   1.1962891e+01
   2.5065010e+06   1.2939453e+01
   2.5074590e+06   1.1657715e+01
   2.5131510e+06   1.2573242e+01
   2.5139570e+06   1.1962891e+01
   2.5252800e+06   1.3366699e+01
   2.5338750e+06   1.1840820e+01
   2.5378400e+06   1.1718750e+01
   2.5447490e+06   1.2451172e+01
   2.5479180e+06   1.2756348e+01
   2.5552370e+06   1.3305664e+01
   2.5563450e+06   1.2817383e+01
   2.5692990e+06   1.1413574e+01
   2.5704520e+06   1.1718750e+01
   2.5753370e+06   1.3793945e+01
   2.5786250e+06   1.1657715e+01
   2.5817260e+06   1.1474609e+01
   2.5890740e+06   1.1413574e+01
   2.6012450e+06   1.2268066e+01
   2.6045190e+06   1.3916016e+01
   2.6097370e+06   1.3366699e+01
   2.6122370e+06   1.2512207e+01
   2.6132550e+06   1.1657715e+01
   2.6229110e+06   1.4282227e+01
   2.6238830e+06   1.3427734e+01
   2.6247940e+06   1.1474609e+01
   2.6256210e+06   1.3977051e+01
   2.6303440e+06   1.2023926e+01
   2.6336750e+06   1.1718750e+01
   2.6351990e+06   1.2390137e+01
   2.6422510e+06   1.4038086e+01
   2.6443340e+06   1.3000488e+01
   2.6478060e+06   1.1474609e+01
   2.6539520e+06   1.2084961e+01
   2.6582540e+06   1.1413574e+01
   2.6606860e+06   1.4282227e+01
   2.6628470e+06   1.4831543e+01
   2.6692310e+06   1.3549805e+01
   2.6733570e+06   1.2084961e+01
   2.6745470e+06   1.1657715e+01
   2.6783370e+06   1.1596680e+01
   2.6810280e+06   1.4709473e+01
   2.6823460e+06   1.1657715e+01
   2.6843640e+06   1.3305664e+01
   2.6920980e+06   1.1535645e+01
   2.6947620e+06   1.2145996e+01
   2.6977760e+06   1.3000488e+01
   2.6998170e+06   1.4587402e+01
   2.7087800e+06   1.2329102e+01
   2.7160550e+06   1.2390137e+01
   2.7170430e+06   1.2207031e+01
   2.7266990e+06   1.2512207e+01
   2.7317690e+06   1.2451172e+01
   2.7327420e+06   1.3366699e+01
   2.7480770e+06   1.1718750e+01
   2.7525950e+06   1.2695312e+01
   2.7612050e+06   1.5441895e+01
   2.7631560e+06   1.3549805e+01
   2.7666410e+06   1.2268066e+01
   2.7682240e+06   1.3488770e+01
   2.7712630e+06   1.1596680e+01
   2.7794580e+06   1.4343262e+01
   2.7817930e+06   1.4892578e+01
   2.7847840e+06   1.2634277e+01
   2.7891440e+06   1.3366699e+01
   2.7901330e+06   1.1413574e+01
   2.7946190e+06   1.4587402e+01
   2.8003690e+06   1.2023926e+01
   2.8014000e+06   1.2573242e+01
   2.8055230e+06   1.3305664e+01
   2.8114630e+06   1.3000488e+01
   2.8154120e+06   1.4526367e+01
   2.8177640e+06   1.2145996e+01
   2.8226140e+06   1.1779785e+01
   2.8270490e+06   1.1962891e+01
   2.8305410e+06   1.1413574e+01
   2.8357000e+06   1.1596680e+01
   2.8369070e+06   1.2329102e+01
   2.8414730e+06   1.2329102e+01
   2.8463310e+06   1.1718750e+01
   2.8474020e+06   1.3000488e+01
   2.8555270e+06   1.1596680e+01
   2.8665950e+06   1.4465332e+01
   2.8677560e+06   1.3549805e+01
   2.8706980e+06   1.2573242e+01
   2.8727110e+06   1.1474609e+01
   2.8779010e+06   1.2268066e+01
   2.8868100e+06   1.2084961e+01
   2.8905560e+06   1.1413574e+01
   2.8932430e+06   1.2207031e+01
   2.8977610e+06   1.3732910e+01
   2.8989670e+06   1.1779785e+01
   2.9000500e+06   1.2390137e+01
   2.9015370e+06   1.4221191e+01
   2.9017070e+06   1.3305664e+01
   2.9019150e+06   1.3549805e+01
   2.9173840e+06   1.4160156e+01
   2.9314790e+06   1.2145996e+01
   2.9418180e+06   1.2145996e+01
   2.9429340e+06   1.2268066e+01
   2.9439030e+06   1.1413574e+01
   2.9523920e+06   1.1962891e+01
   2.9542930e+06   1.1718750e+01
   2.9576110e+06   1.6052246e+01
   2.9652250e+06   1.2084961e+01
   2.9700750e+06   1.2939453e+01
   2.9709770e+06   1.3549805e+01
   2.9735690e+06   1.1657715e+01
   2.9760800e+06   1.2145996e+01
   2.9789110e+06   1.2512207e+01
   2.9849890e+06   1.4465332e+01
   2.9892720e+06   1.1840820e+01
   2.9962300e+06   1.2695313e+01
   2.9973210e+06   1.1535645e+01
   3.0008440e+06   1.5319824e+01
   3.0019050e+06   1.1474609e+01
   3.0033360e+06   1.3000488e+01
   3.0043190e+06   1.1718750e+01
   3.0101320e+06   1.3183594e+01
   3.0135930e+06   1.5014648e+01
   3.0168780e+06   1.3305664e+01
   3.0207370e+06   1.3366699e+01
   3.0234500e+06   1.2878418e+01
   3.0284330e+06   1.2512207e+01
   3.0293960e+06   1.2695312e+01
   3.0312560e+06   1.3916016e+01
   3.0323290e+06   1.2023926e+01
   3.0370210e+06   1.1962891e+01
   3.0413420e+06   1.2756348e+01
   3.0423280e+06   1.1840820e+01
   3.0447300e+06   1.1840820e+01
   3.0491430e+06   1.3549805e+01
   3.0582060e+06   1.3122559e+01
   3.0592020e+06   1.1657715e+01
   3.0612600e+06   1.2390137e+01
   3.0649700e+06   1.2207031e+01
   3.0689740e+06   1.2573242e+01
   3.0702330e+06   1.2390137e+01
   3.0714020e+06   1.2023926e+01
   3.0739870e+06   1.2634277e+01
   3.0895450e+06   1.5502930e+01
   3.0905640e+06   1.4160156e+01
   3.0957520e+06   1.2268066e+01
   3.0979160e+06   1.3305664e+01
   3.1103480e+06   1.1962891e+01
   3.1146760e+06   1.1657715e+01
   3.1156570e+06   1.3122559e+01
   3.1175880e+06   1.5258789e+01
   3.1278280e+06   1.1901855e+01
   3.1322190e+06   1.2145996e+01
   3.1364200e+06   1.1901855e+01
   3.1389460e+06   1.5075684e+01
   3.1416990e+06   1.2390137e+01
   3.1428060e+06   1.3061523e+01
   3.1503170e+06   1.2145996e+01
   3.1514000e+06   1.2512207e+01
   3.1523940e+06   1.2145996e+01
   3.1556520e+06   1.2573242e+01
   3.1617210e+06   1.2756348e+01
   3.1682500e+06   1.1718750e+01
   3.1698950e+06   1.2329102e+01
   3.1765770e+06   1.1779785e+01
   3.1814590e+06   1.1718750e+01
   3.1835430e+06   1.2512207e+01
   3.1877380e+06   1.1962891e+01
   3.1889660e+06   1.2573242e+01
   3.1956870e+06   1.2329102e+01
   3.2003470e+06   1.3488770e+01
   3.2129630e+06   1.1718750e+01
   3.2140110e+06   1.1779785e+01
   3.2181710e+06   1.4953613e+01
   3.2209830e+06   1.4465332e+01
   3.2347540e+06   1.1535645e+01
   3.2359050e+06   1.2268066e+01
   3.2377350e+06   1.1901855e+01
   3.2402580e+06   1.1840820e+01
   3.2412220e+06   1.3732910e+01
   3.2437400e+06   1.3366699e+01
   3.2446410e+06   1.2878418e+01
   3.2509090e+06   1.3549805e+01
   3.2534790e+06   1.3671875e+01
   3.2554580e+06   1.1535645e+01
   3.2645950e+06   1.1840820e+01
   3.2646760e+06   1.3305664e+01
   3.2647100e+06   1.4038086e+01
   3.2648030e+06   1.1962891e+01
   3.2651970e+06   1.1779785e+01
   3.2654820e+06   1.1535645e+01
   3.2841150e+06   1.1718750e+01
   3.2851380e+06   1.2390137e+01
   3.2908780e+06   1.3183594e+01
   3.2940490e+06   1.1535645e+01
   3.2950310e+06   1.4038086e+01
   3.3035330e+06   1.1779785e+01
   3.3058780e+06   1.5441895e+01
   3.3137370e+06   1.5686035e+01
   3.3310020e+06   1.2512207e+01
   3.3321690e+06   1.3549805e+01
   3.3356480e+06   1.1840820e+01
   3.3432510e+06   1.2512207e+01
   3.3609230e+06   1.4038086e+01
   3.3648830e+06   1.2145996e+01
   3.3722680e+06   1.1718750e+01
   3.3757500e+06   1.2390137e+01
   3.3859930e+06   1.3366699e+01
   3.3899370e+06   1.2145996e+01
   3.3909420e+06   1.2207031e+01
   3.3982920e+06   1.3244629e+01
   3.4005010e+06   1.2573242e+01
   3.4012420e+06   1.2207031e+01
   3.4047560e+06   1.2695312e+01
   3.4072480e+06   1.3366699e+01
   3.4124020e+06   1.2695312e+01
   3.4168120e+06   1.2023926e+01
   3.4203450e+06   1.5441895e+01
   3.4313360e+06   1.3977051e+01
   3.4342100e+06   1.1962891e+01
   3.4385930e+06   1.4648438e+01
   3.4395270e+06   1.3732910e+01
   3.4406120e+06   1.1962891e+01
   3.4426080e+06   1.2023926e+01
   3.4532110e+06   1.2207031e+01
   3.4559420e+06   1.2695312e+01
   3.4601960e+06   1.2145996e+01
   3.4622500e+06   1.2817383e+01
   3.4731930e+06   1.1474609e+01
   3.4757520e+06   1.2878418e+01
   3.4781150e+06   1.3488770e+01
   3.4782530e+06   1.3305664e+01
   3.4782920e+06   1.3366699e+01
   3.4819600e+06   1.4282227e+01
   3.5244690e+06   1.3793945e+01
   3.5313360e+06   1.3000488e+01
   3.5323730e+06   1.2878418e+01
   3.5334560e+06   1.2878418e+01
   3.5344290e+06   1.2695312e+01
   3.5367070e+06   1.4770508e+01
   3.5388700e+06   1.2756348e+01
   3.5448800e+06   1.2329102e+01
   3.5497860e+06   1.2695312e+01
   3.5509060e+06   1.1962891e+01
   3.5530390e+06   1.3671875e+01
   3.5549580e+06   1.1901855e+01
   3.5558980e+06   1.3549805e+01
   3.5645980e+06   1.1474609e+01
   3.5666160e+06   1.1718750e+01
   3.5675630e+06   1.1962891e+01
   3.5731760e+06   1.2390137e+01
   3.5739450e+06   1.1657715e+01
   3.5793090e+06   1.1535645e+01
   3.5811290e+06   1.3427734e+01
   3.5820280e+06   1.3244629e+01
   3.5853790e+06   1.4953613e+01
   3.5921700e+06   1.2207031e+01
   3.5941340e+06   1.1657715e+01
   3.5962640e+06   1.2817383e+01
   3.5973580e+06   1.3549805e+01
   3.6008310e+06   1.2329102e+01
   3.6018430e+06   1.3793945e+01
   3.6041580e+06   1.4587402e+01
   3.6052700e+06   1.2817383e+01
   3.6112750e+06   1.2939453e+01
   3.6122590e+06   1.5075684e+01
   3.6202490e+06   1.1779785e+01
   3.6234080e+06   1.3671875e+01
   3.6242860e+06   1.3916016e+01
   3.6291400e+06   1.1962891e+01
   3.6321430e+06   1.2573242e+01
   3.6331510e+06   1.2084961e+01
   3.6351410e+06   1.3610840e+01
   3.6374310e+06   1.2023926e+01
   3.6414500e+06   1.2268066e+01
   3.6454060e+06   1.3610840e+01
   3.6495250e+06   1.1840820e+01
   3.6552680e+06   1.1596680e+01
   3.6566690e+06   1.4831543e+01
   3.6587400e+06   1.4648438e+01
   3.6626680e+06   1.3732910e+01
   3.6636180e+06   1.2390137e+01
   3.6658500e+06   1.1962891e+01
   3.6667300e+06   1.5380859e+01
   3.6719380e+06   1.1901855e+01
   3.6767280e+06   1.2145996e+01
   3.6794620e+06   1.2268066e+01
   3.6854900e+06   1.3549805e+01
   3.6864940e+06   1.2756348e+01
   3.6884340e+06   1.2756348e+01
   3.6894510e+06   1.2268066e+01
   3.6906380e+06   1.1657715e+01
   3.6926230e+06   1.1535645e+01
   3.6935030e+06   1.2390137e+01
   3.6975640e+06   1.1474609e+01
   3.6985240e+06   1.1596680e+01
   3.7018990e+06   1.1779785e+01
   3.7028560e+06   1.2451172e+01
   3.7080030e+06   1.2634277e+01
   3.7089740e+06   1.2145996e+01
   3.7137720e+06   1.5014648e+01
   3.7147300e+06   1.3549805e+01
   3.7216310e+06   1.4038086e+01
   3.7234180e+06   1.2512207e+01
   3.7244280e+06   1.1962891e+01
   3.7262940e+06   1.2145996e+01
   3.7297950e+06   1.2084961e+01
   3.7307430e+06   1.1474609e+01
   3.7337260e+06   1.1779785e+01
   3.7377300e+06   1.3000488e+01
   3.7410240e+06   1.2084961e+01
   3.7437010e+06   1.1901855e+01
   3.7446620e+06   1.4526367e+01
   3.7564120e+06   1.2451172e+01
   3.7581480e+06   1.1535645e+01
   3.7594350e+06   1.2329102e+01
   3.7661980e+06   1.2084961e+01
   3.7672680e+06   1.1962891e+01
   3.7740770e+06   1.3061523e+01
   3.7749270e+06   1.3305664e+01
   3.7813570e+06   1.1840820e+01
   3.7837350e+06   1.2817383e+01
   3.7875100e+06   1.5380859e+01
   3.7884750e+06   1.3610840e+01
   3.7942430e+06   1.3854980e+01
   3.7953980e+06   1.2756348e+01
   3.7988610e+06   1.1535645e+01
   3.7989110e+06   1.2756348e+01
   3.7990230e+06   1.1779785e+01
   3.7990870e+06   1.3122559e+01
   3.7991120e+06   1.7517090e+01
   3.7992110e+06   1.3183594e+01
   3.7992400e+06   1.1474609e+01
   3.8229300e+06   1.1474609e+01
   3.8279210e+06   1.2268066e+01
   3.8298260e+06   1.1901855e+01
   3.8317320e+06   1.1657715e+01
   3.8325150e+06   1.2451172e+01
   3.8342450e+06   1.2512207e+01
   3.8350080e+06   1.2939453e+01
   3.8357690e+06   1.1962891e+01
   3.8381840e+06   1.3122559e+01
   3.8389380e+06   1.1657715e+01
   3.8397970e+06   1.2817383e+01
   3.8406840e+06   1.5136719e+01
   3.8441620e+06   1.2634277e+01
   3.8485230e+06   1.2451172e+01
   3.8493780e+06   1.2573242e+01
   3.8509100e+06   1.1474609e+01
   3.8517860e+06   1.2023926e+01
   3.8526320e+06   1.2329102e+01
   3.8553720e+06   1.1840820e+01
   3.8562400e+06   1.3549805e+01
   3.8580650e+06   1.2023926e+01
   3.8608250e+06   1.2329102e+01
   3.8615840e+06   1.2939453e+01
   3.8646800e+06   1.2939453e+01
   3.8680900e+06   1.1840820e+01
   3.8699630e+06   1.3732910e+01
   3.8721360e+06   1.3427734e+01
   3.8732270e+06   1.2207031e+01
   3.8741000e+06   1.4282227e+01
   3.8748700e+06   1.5014648e+01
   3.8760030e+06   1.2573242e+01
   3.8800000e+06   1.3732910e+01
   3.8808830e+06   1.1535645e+01
   3.8830880e+06   1.2878418e+01
   3.8850160e+06   1.4404297e+01
   3.8858050e+06   1.2207031e+01
   3.8867300e+06   1.3488770e+01
   3.8883210e+06   1.1840820e+01
   3.8914530e+06   1.3549805e+01
   3.8924050e+06   1.3732910e+01
   3.8943430e+06   1.1779785e+01
   3.8952090e+06   1.2268066e+01
   3.9005930e+06   1.3183594e+01
   3.9072690e+06   1.3000488e+01
   3.9123370e+06   1.2573242e+01
   3.9131290e+06   1.3488770e+01
   3.9140530e+06   1.3854980e+01
   3.9149640e+06   1.3061523e+01
   3.9172150e+06   1.1535645e+01
   3.9201660e+06   1.1779785e+01
   3.9218870e+06   1.4892578e+01
   3.9228480e+06   1.2939453e+01
   3.9269800e+06   1.2329102e+01
   3.9278770e+06   1.2268066e+01
   3.9332230e+06   1.1718750e+01
   3.9341430e+06   1.3000488e+01
   3.9383840e+06   1.2817383e+01
   3.9389680e+06   1.2390137e+01
   3.9474890e+06   1.2084961e+01
   3.9484700e+06   1.2145996e+01
   3.9504670e+06   1.1779785e+01
   3.9567090e+06   1.1474609e+01
   3.9642170e+06   1.3366699e+01
   3.9661230e+06   1.1535645e+01
   3.9663630e+06   1.2084961e+01
   3.9663840e+06   1.2145996e+01
   3.9664680e+06   1.3000488e+01
   3.9665400e+06   1.4465332e+01
   3.9665610e+06   1.3122559e+01
   3.9665990e+06   1.2512207e+01
   3.9666930e+06   1.1474609e+01
   4.0108820e+06   1.2451172e+01
   4.0166620e+06   1.1596680e+01
   4.0250550e+06   1.2817383e+01
   4.0286930e+06   1.1718750e+01
   4.0297170e+06   1.2512207e+01
   4.0307590e+06   1.2573242e+01
   4.0355260e+06   1.2207031e+01
   4.0391250e+06   1.3061523e+01
   4.0417320e+06   1.1840820e+01
   4.0445020e+06   1.2573242e+01
   4.0480140e+06   1.1535645e+01
   4.0489170e+06   1.2084961e+01
   4.0496690e+06   1.3916016e+01
   4.0539210e+06   1.1840820e+01
   4.0595210e+06   1.3366699e+01
   4.0603240e+06   1.3610840e+01
   4.0648310e+06   1.2512207e+01
   4.0656240e+06   1.1657715e+01
   4.0686830e+06   1.1962891e+01
   4.0694790e+06   1.2695312e+01
   4.0740020e+06   1.1840820e+01
   4.0782060e+06   1.2817383e+01
   4.0810630e+06   1.2573242e+01
   4.0842180e+06   1.2268066e+01
   4.0902690e+06   1.1962891e+01
   4.0942800e+06   1.1474609e+01
   4.0967720e+06   1.2268066e+01
   4.0975310e+06   1.2817383e+01
   4.1002030e+06   1.3732910e+01
   4.1024560e+06   1.3305664e+01
   4.1042870e+06   1.1779785e+01
   4.1072950e+06   1.1962891e+01
   4.1084110e+06   1.3183594e+01
   4.1104190e+06   1.1901855e+01
   4.1138180e+06   1.3549805e+01
   4.1165730e+06   1.2817383e+01
   4.1196650e+06   1.1718750e+01
   4.1204530e+06   1.2390137e+01
   4.1240830e+06   1.1474609e+01
   4.1282510e+06   1.2817383e+01
   4.1300060e+06   1.1901855e+01
   4.1343010e+06   1.3061523e+01
   4.1410210e+06   1.1596680e+01
   4.1469690e+06   1.3000488e+01
   4.1477800e+06   1.1718750e+01
   4.1520400e+06   1.2145996e+01
   4.1528750e+06   1.2207031e+01
   4.1570670e+06   1.1657715e+01
   4.1631470e+06   1.4282227e+01
   4.1640370e+06   1.3244629e+01
   4.1690610e+06   1.4038086e+01
   4.1721390e+06   1.1962891e+01
   4.1731270e+06   1.2939453e+01
   4.1753220e+06   1.1535645e+01
   4.1763620e+06   1.4526367e+01
   4.1786380e+06   1.2878418e+01
   4.1808700e+06   1.1840820e+01
   4.1811500e+06   1.5808105e+01
   4.1813190e+06   1.4892578e+01
   4.2325640e+06   1.3793945e+01
   4.2345850e+06   1.2084961e+01
   4.2354650e+06   1.4770508e+01
   4.2484870e+06   1.2451172e+01
   4.2558520e+06   1.2695312e+01
   4.2694900e+06   1.1779785e+01
   4.2731840e+06   1.3488770e+01
   4.2744170e+06   1.3977051e+01
   4.2776280e+06   1.2451172e+01
   4.2869410e+06   1.2145996e+01
   4.2891090e+06   1.3244629e+01
   4.2910170e+06   1.1962891e+01
   4.2959090e+06   1.3549805e+01
   4.2988540e+06   1.3122559e+01
   4.3008370e+06   1.2207031e+01
   4.3011050e+06   1.1718750e+01
   4.3011410e+06   1.1718750e+01
   4.3013620e+06   1.2268066e+01
   4.3016380e+06   1.3854980e+01
   4.3017380e+06   1.1657715e+01
   4.3020060e+06   1.2451172e+01
   4.3188810e+06   1.3366699e+01
   4.3210130e+06   1.1840820e+01
   4.3239470e+06   1.1901855e+01
   4.3286030e+06   1.3122559e+01
   4.3311620e+06   1.5258789e+01
   4.3420620e+06   1.2512207e+01
   4.3441360e+06   1.3549805e+01
   4.3489210e+06   1.1901855e+01
   4.3541880e+06   1.1718750e+01
   4.3550180e+06   1.4709473e+01
   4.3586700e+06   1.3000488e+01
   4.3617840e+06   1.1962891e+01
   4.3710460e+06   1.2084961e+01
   4.3745230e+06   1.2512207e+01
   4.3745810e+06   1.5930176e+01
   4.3746550e+06   1.4709473e+01
   4.3746670e+06   1.1474609e+01
   4.3747450e+06   1.3305664e+01
   4.3748050e+06   1.5441895e+01
   4.3748320e+06   1.5014648e+01
   4.3748940e+06   1.3793945e+01
   4.3761910e+06   1.1657715e+01
   4.3783420e+06   1.1535645e+01
   4.4194070e+06   1.2451172e+01
   4.4241560e+06   1.1474609e+01
   4.4243230e+06   1.4465332e+01
   4.4244430e+06   1.3549805e+01
   4.4245550e+06   1.2878418e+01
   4.4245800e+06   1.4160156e+01
   4.4246150e+06   1.4465332e+01
   4.4246310e+06   1.2268066e+01
   4.4246550e+06   1.1962891e+01
   4.4247280e+06   1.1901855e+01
   4.4281680e+06   1.2268066e+01
   4.4368870e+06   1.2145996e+01
   4.4658730e+06   1.2390137e+01
   4.4736720e+06   1.1657715e+01
   4.4751940e+06   1.6479492e+01
   4.4790430e+06   1.2329102e+01
   4.4832500e+06   1.4709473e+01
   4.4851600e+06   1.2451172e+01
   4.4870490e+06   1.2023926e+01
   4.4880140e+06   1.1474609e+01
   4.4917800e+06   1.3122559e+01
   4.4926790e+06   1.1901855e+01
   4.4935800e+06   1.2145996e+01
   4.4979330e+06   1.4038086e+01
   4.5011960e+06   1.2878418e+01
   4.5013890e+06   1.2512207e+01
   4.5014000e+06   1.4160156e+01
   4.5015210e+06   1.2145996e+01
   4.5015810e+06   1.1535645e+01
   4.5415220e+06   1.4160156e+01
   4.5422620e+06   1.1535645e+01
   4.5442880e+06   1.1962891e+01
   4.5509160e+06   1.4892578e+01
   4.5558670e+06   1.3122559e+01
   4.5589850e+06   1.4221191e+01
   4.5643310e+06   1.3671875e+01
   4.5644800e+06   1.1535645e+01
   4.5645510e+06   1.3366699e+01
   4.5645890e+06   1.2695312e+01
   4.5647370e+06   1.1535645e+01
   4.5648150e+06   1.1901855e+01
   4.5891950e+06   1.2023926e+01
   4.5913620e+06   1.3549805e+01
   4.5932800e+06   1.4953613e+01
   4.5952500e+06   1.6967773e+01
   4.6013170e+06   1.5563965e+01
   4.6033240e+06   1.1840820e+01
   4.6037650e+06   1.1657715e+01
   4.6041110e+06   1.2084961e+01
   4.6042370e+06   1.1657715e+01
   4.6043470e+06   1.2573242e+01
   4.6043680e+06   1.3610840e+01
   4.6043970e+06   1.3916016e+01
   4.6044400e+06   1.2573242e+01
   4.6045030e+06   1.3000488e+01
   4.6045130e+06   1.2512207e+01
   4.6100280e+06   1.2207031e+01
   4.6270330e+06   1.2573242e+01
   4.6298070e+06   1.3549805e+01
   4.6405400e+06   1.2329102e+01
   4.6455430e+06   1.4526367e+01
   4.6505930e+06   1.4526367e+01
   4.6532020e+06   1.2329102e+01
   4.6561190e+06   1.2817383e+01
   4.6587220e+06   1.1901855e+01
   4.6615720e+06   1.4526367e+01
   4.6642830e+06   1.2207031e+01
   4.6672020e+06   1.2329102e+01
   4.6719310e+06   1.3061523e+01
   4.6745000e+06   1.2451172e+01
   4.6769830e+06   1.1535645e+01
   4.6779750e+06   1.2756348e+01
   4.6870910e+06   1.4587402e+01
   4.6893900e+06   1.5808105e+01
   4.6918100e+06   1.4282227e+01
   4.6966270e+06   1.3732910e+01
   4.6990960e+06   1.1840820e+01
   4.6997040e+06   1.1779785e+01
   4.7012750e+06   1.2390137e+01
   4.7057610e+06   1.1718750e+01
   4.7079660e+06   1.1474609e+01
   4.7104040e+06   1.2756348e+01
   4.7144880e+06   1.4465332e+01
   4.7227920e+06   1.2145996e+01
   4.7247970e+06   1.3671875e+01
   4.7261960e+06   1.1840820e+01
   4.7263230e+06   1.6113281e+01
   4.7263940e+06   1.1657715e+01
   4.7267880e+06   1.2451172e+01
   4.7270850e+06   1.1718750e+01
   4.7343590e+06   1.2573242e+01
   4.7363750e+06   1.2817383e+01
   4.7430870e+06   1.1718750e+01
   4.7451070e+06   1.2939453e+01
   4.7467390e+06   1.2939453e+01
   4.7488080e+06   1.1596680e+01
   4.7509920e+06   1.3122559e+01
   4.7591250e+06   1.2023926e+01
   4.7769640e+06   1.2695312e+01
   4.7809790e+06   1.4282227e+01
   4.8222610e+06   1.2329102e+01
   4.8336870e+06   1.4465332e+01
   4.8392990e+06   1.3183594e+01
   4.8549140e+06   1.3427734e+01
   4.8764130e+06   1.2512207e+01
   4.8813160e+06   1.2451172e+01
   4.8815240e+06   1.4892578e+01
   4.8815710e+06   1.4831543e+01
   4.8817420e+06   1.2023926e+01
   4.8818520e+06   1.1718750e+01
   4.8819160e+06   1.2756348e+01
   4.9133390e+06   1.1474609e+01
   4.9332040e+06   1.2084961e+01
   4.9436840e+06   1.1535645e+01
   4.9530130e+06   1.3854980e+01
   4.9679400e+06   1.1962891e+01
   4.9704290e+06   1.1718750e+01
   4.9840640e+06   1.3244629e+01
   5.0018240e+06   1.1596680e+01
   5.0028070e+06   1.2329102e+01
   5.0068470e+06   1.1901855e+01
   5.0104950e+06   1.2695312e+01
   5.0252220e+06   1.4404297e+01
   5.0261800e+06   1.3000488e+01
   5.0326360e+06   1.2023926e+01
   5.0411590e+06   1.2268066e+01
   5.0481980e+06   1.4404297e+01
   5.0534950e+06   1.3610840e+01
   5.0576250e+06   1.2451172e+01
   5.0605970e+06   1.2390137e+01
   5.0645520e+06   1.2023926e+01
   5.0699440e+06   1.2390137e+01
   5.0733150e+06   1.1962891e+01
   5.0742010e+06   1.2817383e+01
   5.0828970e+06   1.2023926e+01
   5.0843440e+06   1.1901855e+01
   5.0879500e+06   1.1718750e+01
   5.0925600e+06   1.5625000e+01
   5.0926210e+06   1.2145996e+01
   5.0926930e+06   1.1840820e+01
   5.0929170e+06   1.3549805e+01
   5.1026550e+06   1.3183594e+01
   5.1116220e+06   1.1535645e+01
   5.1136640e+06   1.1596680e+01
   5.1149160e+06   1.2023926e+01
   5.1209280e+06   1.1657715e+01
   5.1237240e+06   1.1657715e+01
   5.1270930e+06   1.2390137e+01
   5.1297680e+06   1.3122559e+01
   5.1324810e+06   1.2451172e+01
   5.1459430e+06   1.5197754e+01
   5.1483860e+06   1.3916016e+01
   5.1536430e+06   1.4038086e+01
   5.1616950e+06   1.2268066e+01
   5.1651080e+06   1.1901855e+01
   5.1678260e+06   1.2573242e+01
   5.1740110e+06   1.1535645e+01
   5.1768360e+06   1.3793945e+01
   5.1794970e+06   1.3549805e+01
   5.1829410e+06   1.3671875e+01
   5.1904430e+06   1.1596680e+01
   5.1941400e+06   1.2756348e+01
   5.2013240e+06   1.2145996e+01
   5.2142320e+06   1.1535645e+01
   5.2194520e+06   1.3305664e+01
   5.2233150e+06   1.2023926e+01
   5.2276240e+06   1.1779785e+01
   5.2309420e+06   1.1779785e+01
   5.2329530e+06   1.3183594e+01
   5.2458480e+06   1.2023926e+01
   5.2502290e+06   1.2756348e+01
   5.2512320e+06   1.5014648e+01
   5.2530930e+06   1.6052246e+01
   5.2552860e+06   1.3061523e+01
   5.2579410e+06   1.2207031e+01
   5.2600740e+06   1.1962891e+01
   5.2646660e+06   1.1596680e+01
   5.2754830e+06   1.2084961e+01
   5.2794350e+06   1.2207031e+01
   5.2802930e+06   1.5258789e+01
   5.2840760e+06   1.1718750e+01
   5.2869950e+06   1.3061523e+01
   5.2990250e+06   1.2145996e+01
   5.3025300e+06   1.4953613e+01
   5.3058440e+06   1.1962891e+01
   5.3138740e+06   1.1718750e+01
   5.3161250e+06   1.2390137e+01
   5.3303290e+06   1.3488770e+01
   5.3338710e+06   1.2573242e+01
   5.3365120e+06   1.6052246e+01
   5.3374530e+06   1.1718750e+01
   5.3406240e+06   1.3305664e+01
   5.3438880e+06   1.1474609e+01
   5.3538780e+06   1.1840820e+01
   5.3579380e+06   1.2145996e+01
   5.3683110e+06   1.2451172e+01
   5.3807410e+06   1.2451172e+01
   5.3869700e+06   1.1901855e+01
   5.3878580e+06   1.1718750e+01
   5.3925540e+06   1.2878418e+01
   5.3936270e+06   1.1657715e+01
   5.4016890e+06   1.3671875e+01
   5.4108230e+06   1.4282227e+01
   5.4108940e+06   1.6845703e+01
   5.4110220e+06   1.9470215e+01
   5.4111000e+06   1.2756348e+01
   5.4271330e+06   1.4648438e+01
   5.4279900e+06   1.2939453e+01
   5.4290450e+06   1.2634277e+01
   5.4320370e+06   1.2695312e+01
   5.4328010e+06   1.2207031e+01
   5.4336360e+06   1.3366699e+01
   5.4356390e+06   1.2634277e+01
   5.4388870e+06   1.1657715e+01
   5.4396570e+06   1.1657715e+01
   5.4405290e+06   1.3732910e+01
   5.4432210e+06   1.2268066e+01
   5.4441010e+06   1.2145996e+01
   5.4466780e+06   1.3793945e+01
   5.4483010e+06   1.2634277e+01
   5.4520790e+06   1.4709473e+01
   5.4529340e+06   1.2207031e+01
   5.4538280e+06   1.4160156e+01
   5.4567090e+06   1.2756348e+01
   5.4622770e+06   1.2268066e+01
   5.4656750e+06   1.4099121e+01
   5.4667300e+06   1.2268066e+01
   5.4732710e+06   1.1718750e+01
   5.4740740e+06   1.3305664e+01
   5.4783630e+06   1.2634277e+01
   5.4802970e+06   1.3000488e+01
   5.4946250e+06   1.1596680e+01
   5.5007690e+06   1.3122559e+01
   5.5059280e+06   1.2878418e+01
   5.5108890e+06   1.2756348e+01
   5.5135090e+06   1.1962891e+01
   5.5157720e+06   1.1535645e+01
   5.5167330e+06   1.2390137e+01
   5.5194600e+06   1.2145996e+01
   5.5228370e+06   1.3916016e+01
   5.5262860e+06   1.1901855e+01
   5.5270700e+06   1.2268066e+01
   5.5320040e+06   1.2390137e+01
   5.5352260e+06   1.2939453e+01
   5.5481560e+06   1.1657715e+01
   5.5500780e+06   1.1840820e+01
   5.5522510e+06   1.4099121e+01
   5.5574310e+06   1.2084961e+01
   5.5583490e+06   1.2512207e+01
   5.5615510e+06   1.1901855e+01
   5.5662070e+06   1.2023926e+01
   5.5741380e+06   1.2512207e+01
   5.5783080e+06   1.1779785e+01
   5.5791790e+06   1.5563965e+01
   5.5821580e+06   1.4038086e+01
   5.5838770e+06   1.4038086e+01
   5.5879000e+06   1.2512207e+01
   5.5900660e+06   1.3122559e+01
   5.5923340e+06   1.3793945e+01
   5.5983600e+06   1.4282227e+01
   5.6069370e+06   1.1840820e+01
   5.6105490e+06   1.3000488e+01
   5.6227190e+06   1.4343262e+01
   5.6237670e+06   1.3305664e+01
   5.6268510e+06   1.1657715e+01
   5.6307140e+06   1.1901855e+01
   5.6409690e+06   1.2145996e+01
   5.6477480e+06   1.1596680e+01
   5.6487220e+06   1.3427734e+01
   5.6531120e+06   1.2878418e+01
   5.6601290e+06   1.1657715e+01
   5.6627670e+06   1.2145996e+01
   5.6653390e+06   1.2451172e+01
   5.6664270e+06   1.3183594e+01
   5.6691670e+06   1.1474609e+01
   5.6715040e+06   1.1779785e+01
   5.6746690e+06   1.1840820e+01
   5.6778340e+06   1.3183594e+01
   5.6811530e+06   1.2268066e+01
   5.6835900e+06   1.2756348e+01
   5.6886710e+06   1.2268066e+01
   5.6971870e+06   1.2145996e+01
   5.6980170e+06   1.2390137e+01
   5.7020420e+06   1.4892578e+01
   5.7068830e+06   1.1901855e+01
   5.7076710e+06   1.3549805e+01
   5.7113410e+06   1.2145996e+01
   5.7194320e+06   1.2390137e+01
   5.7235030e+06   1.2268066e+01
   5.7236060e+06   1.8371582e+01
   5.7237030e+06   1.3000488e+01
   5.7396240e+06   1.3305664e+01
   5.7404930e+06   1.2573242e+01
   5.7426720e+06   1.1596680e+01
   5.7435070e+06   1.1657715e+01
   5.7440410e+06   1.3732910e+01
   5.7441080e+06   1.1779785e+01
   5.7441320e+06   1.3366699e+01
   5.7467420e+06   1.1657715e+01
   5.7475410e+06   1.3366699e+01
   5.7481920e+06   1.1535645e+01
   5.7490250e+06   1.3427734e+01
   5.7506490e+06   1.3183594e+01
   5.7524800e+06   1.4709473e+01
   5.7550050e+06   1.2268066e+01
   5.7557020e+06   1.1596680e+01
   5.7572070e+06   1.2023926e+01
   5.7579760e+06   1.3122559e+01
   5.7589010e+06   1.1962891e+01
   5.7619720e+06   1.2207031e+01
   5.7628440e+06   1.1840820e+01
   5.7636120e+06   1.4038086e+01
   5.7644770e+06   1.3061523e+01
   5.7652880e+06   1.2084961e+01
   5.7668510e+06   1.1657715e+01
   5.7677280e+06   1.3183594e+01
   5.7700310e+06   1.3244629e+01
   5.7708200e+06   1.2207031e+01
   5.7716670e+06   1.1718750e+01
   5.7724910e+06   1.3244629e+01
   5.7744530e+06   1.2451172e+01
   5.7751780e+06   1.2023926e+01
   5.7761130e+06   1.2084961e+01
   5.7770050e+06   1.1718750e+01
   5.7788860e+06   1.3366699e+01
   5.7796320e+06   1.3366699e+01
   5.7814830e+06   1.2878418e+01
   5.7867090e+06   1.3366699e+01
   5.7874870e+06   1.3305664e+01
   5.7895160e+06   1.1535645e+01
   5.7916130e+06   1.1718750e+01
   5.7925530e+06   1.2145996e+01
   5.7952180e+06   1.2207031e+01
   5.7953300e+06   1.8066406e+01
   5.7953520e+06   1.3977051e+01
   5.7954350e+06   1.7517090e+01
   5.7955190e+06   1.7700195e+01
   5.7955680e+06   1.2512207e+01
   5.7961840e+06   1.2695312e+01
   5.8099650e+06   1.3916016e+01
   5.8178190e+06   1.1596680e+01
   5.8232110e+06   1.2695312e+01
   5.8271930e+06   1.2084961e+01
   5.8281810e+06   1.1596680e+01
   5.8340680e+06   1.3183594e+01
   5.8383540e+06   1.2329102e+01
   5.8393110e+06   1.2023926e+01
   5.8411250e+06   1.1535645e+01
   5.8466670e+06   1.2329102e+01
   5.8510070e+06   1.1535645e+01
   5.8518570e+06   1.2512207e+01
   5.8558190e+06   1.2878418e+01
   5.8566190e+06   1.1718750e+01
   5.8615530e+06   1.2084961e+01
   5.8635540e+06   1.2268066e+01
   5.8664700e+06   1.3977051e+01
   5.8682610e+06   1.2207031e+01
   5.8734060e+06   1.6174316e+01
   5.8797020e+06   1.4160156e+01
   5.8835830e+06   1.3854980e+01
   5.8845300e+06   1.2573242e+01
   5.8898180e+06   1.4221191e+01
   5.8910280e+06   1.2756348e+01
   5.8938340e+06   1.2817383e+01
   5.8956530e+06   1.3122559e+01
   5.8976110e+06   1.4404297e+01
   5.8996360e+06   1.5319824e+01
   5.9095350e+06   1.3183594e+01
   5.9144240e+06   1.1657715e+01
   5.9185850e+06   1.2084961e+01
   5.9195540e+06   1.3977051e+01
   5.9204300e+06   1.2023926e+01
   5.9257550e+06   1.1840820e+01
   5.9296860e+06   1.2451172e+01
   5.9325670e+06   1.2023926e+01
   5.9355970e+06   1.4343262e+01
   5.9383270e+06   1.2695312e+01
   5.9392120e+06   1.2512207e+01
   5.9409840e+06   1.2084961e+01
   5.9449390e+06   1.3793945e+01
   5.9468900e+06   1.3793945e+01
   5.9531680e+06   1.1596680e+01
   5.9538290e+06   1.2084961e+01
   5.9565060e+06   1.1596680e+01
   5.9574020e+06   1.1718750e+01
   5.9601780e+06   1.1962891e+01
   5.9613210e+06   1.3854980e+01
   5.9613760e+06   1.1596680e+01
   5.9614060e+06   1.3061523e+01
   5.9614880e+06   1.1718750e+01
   5.9615560e+06   1.4221191e+01
   5.9615680e+06   1.2695312e+01
   5.9616010e+06   1.2634277e+01
