   5.9990000e+06   0.0000000e+00
   9.5786000e+04   1.1840820e+01
   2.1575600e+05   1.2023926e+01
   8.5624300e+05   1.2512207e+01
   1.2441300e+06   1.2145996e+01
   1.3672270e+06   1.2084961e+01
   1.3992270e+06   1.1901855e+01
   1.6418630e+06   1.1901855e+01
   2.0552140e+06   1.2145996e+01
   2.1129920e+06   1.2268066e+01
   2.3499800e+06   1.1779785e+01
   2.3620370e+06   1.1779785e+01
   3.4784050e+06   1.5686035e+01
   3.7991210e+06   1.4221191e+01
   3.9664950e+06   1.3793945e+01
   4.1814210e+06   1.2329102e+01
   4.4246390e+06   1.4343262e+01
   4.4247380e+06   1.2634277e+01
   4.6044030e+06   1.2634277e+01
   4.6044610e+06   1.3549805e+01
   5.7236460e+06   1.2329102e+01
   5.7954080e+06   1.4465332e+01
   5.9613910e+06   1.4038086e+01
   5.9614500e+06   1.3854980e+01
