   5.9990000e+06   0.0000000e+00
   2.1565300e+05   1.1474609e+01
   2.1583200e+05   1.2390137e+01
   3.2114200e+05   1.2023926e+01
   4.0953800e+05   1.2207031e+01
   4.0959600e+05   1.7822266e+01
   4.0960700e+05   1.8310547e+01
   4.0965600e+05   1.7395020e+01
   4.0967300e+05   1.3305664e+01
   4.0970800e+05   1.3854980e+01
   4.0972700e+05   1.2329102e+01
   4.0975900e+05   1.4038086e+01
   4.0979800e+05   1.2512207e+01
   4.0989500e+05   1.4160156e+01
   4.1030100e+05   1.1596680e+01
   4.1060400e+05   1.2023926e+01
   4.1152800e+05   1.1596680e+01
   4.1837800e+05   1.2512207e+01
   4.1869500e+05   1.2390137e+01
   6.7189200e+05   1.2512207e+01
   8.5630400e+05   1.3916016e+01
   8.5637200e+05   1.5380859e+01
   8.5639400e+05   2.1850586e+01
   8.5642600e+05   1.9958496e+01
   8.5644700e+05   2.0568848e+01
   8.5647600e+05   1.1596680e+01
   8.5651000e+05   1.3366699e+01
   8.5655200e+05   1.1962891e+01
   8.5657300e+05   1.2390137e+01
   8.5662000e+05   1.1779785e+01
   8.5676300e+05   1.6906738e+01
   8.5740500e+05   1.2268066e+01
   8.5757900e+05   1.1474609e+01
   8.5904000e+05   1.1535645e+01
   8.5985500e+05   1.2451172e+01
   8.6001400e+05   1.1596680e+01
   8.6062800e+05   1.2878418e+01
   8.6414600e+05   1.2268066e+01
   8.6651000e+05   1.1962891e+01
   8.6826500e+05   1.2145996e+01
   1.0749780e+06   1.2451172e+01
   1.1305790e+06   1.2268066e+01
   1.2440870e+06   1.6906738e+01
   1.2442900e+06   1.8188477e+01
   1.2443020e+06   1.3000488e+01
   1.2446240e+06   1.1840820e+01
   1.2446570e+06   1.2695312e+01
   1.2451030e+06   1.1657715e+01
   1.2451500e+06   1.2329102e+01
   1.2451930e+06   1.3488770e+01
   1.2453870e+06   1.2512207e+01
   1.2454810e+06   1.1779785e+01
   1.2455700e+06   1.2084961e+01
   1.2457760e+06   1.2268066e+01
   1.2460170e+06   1.2573242e+01
   1.2461370e+06   1.3488770e+01
   1.2462540e+06   1.2084961e+01
   1.2465080e+06   1.1596680e+01
   1.2467990e+06   1.4282227e+01
   1.3376340e+06   1.2145996e+01
   1.3673560e+06   1.2145996e+01
   1.3674800e+06   1.1474609e+01
   1.4425830e+06   1.1779785e+01
   1.4429550e+06   1.1535645e+01
   1.6417790e+06   1.5563965e+01
   1.6418030e+06   1.2451172e+01
   1.6418340e+06   1.4038086e+01
   1.6418660e+06   2.3010254e+01
   1.6418930e+06   1.4038086e+01
   1.6419170e+06   1.1779785e+01
   1.6419400e+06   1.4099121e+01
   1.6420480e+06   1.7517090e+01
   1.6422240e+06   1.3122559e+01
   1.6424990e+06   1.1596680e+01
   1.6448060e+06   1.1779785e+01
   1.6461360e+06   1.1596680e+01
   1.6501370e+06   1.2329102e+01
   1.6503290e+06   1.1596680e+01
   1.6524110e+06   1.2512207e+01
   1.6527950e+06   1.1718750e+01
   1.6530570e+06   1.1962891e+01
   1.6571450e+06   1.2084961e+01
   1.8053320e+06   1.6113281e+01
   1.8053840e+06   1.1657715e+01
   1.8054010e+06   1.5808105e+01
   1.8054350e+06   1.3671875e+01
   1.8054450e+06   1.4038086e+01
   2.0491780e+06   1.2084961e+01
   2.0551810e+06   2.2033691e+01
   2.0552190e+06   1.1535645e+01
   2.0552410e+06   2.1850586e+01
   2.0552630e+06   1.3549805e+01
   2.0552840e+06   1.4465332e+01
   2.0553040e+06   1.3610840e+01
   2.0553580e+06   1.4343262e+01
   2.0553900e+06   1.1474609e+01
   2.1129050e+06   1.5808105e+01
   2.1129590e+06   1.2817383e+01
   2.1129840e+06   1.7211914e+01
   2.1130140e+06   1.3366699e+01
   2.1130480e+06   1.4221191e+01
   2.1130640e+06   1.5930176e+01
   2.3620460e+06   1.3000488e+01
   2.3620770e+06   1.3305664e+01
   2.3621160e+06   1.2268066e+01
   2.3621510e+06   1.9592285e+01
   2.3621670e+06   1.4648438e+01
   2.3621920e+06   1.7456055e+01
   2.3622040e+06   1.3671875e+01
   2.3622140e+06   1.1901855e+01
   2.3622540e+06   1.7456055e+01
   2.3623180e+06   1.1962891e+01
   2.3623290e+06   1.5991211e+01
   2.3627960e+06   1.2695312e+01
   2.3638800e+06   1.1657715e+01
   2.3648800e+06   1.3122559e+01
   2.3662370e+06   1.1840820e+01
   2.3663560e+06   1.1474609e+01
   2.4255050e+06   1.7211914e+01
   2.4255480e+06   1.2878418e+01
   2.4255620e+06   1.4526367e+01
   2.4256110e+06   1.2634277e+01
   2.4256400e+06   2.2521973e+01
   2.4256620e+06   1.1718750e+01
   2.4256920e+06   2.0874023e+01
   2.4257920e+06   1.1474609e+01
   2.4274240e+06   1.1718750e+01
   2.9016250e+06   1.3305664e+01
   2.9018470e+06   1.4831543e+01
   2.9019700e+06   1.2023926e+01
   3.0799090e+06   1.2939453e+01
   3.2646440e+06   1.4526367e+01
   3.2647200e+06   1.3854980e+01
   3.2647630e+06   1.2695312e+01
   3.2648010e+06   1.2207031e+01
   3.2648190e+06   1.3671875e+01
   3.2648990e+06   1.2207031e+01
   3.2652550e+06   1.2634277e+01
   3.2654420e+06   1.2023926e+01
   3.2656240e+06   1.6479492e+01
   3.2996800e+06   1.6479492e+01
   3.3726310e+06   1.2634277e+01
   3.4782180e+06   1.4526367e+01
   3.4782360e+06   1.9958496e+01
   3.4782710e+06   1.4404297e+01
   3.4782870e+06   1.9897461e+01
   3.4783380e+06   1.2084961e+01
   3.4783530e+06   1.6479492e+01
   3.4783860e+06   1.2451172e+01
   3.4784470e+06   1.3000488e+01
   3.4785800e+06   1.2145996e+01
   3.7717400e+06   1.2634277e+01
   3.7988820e+06   1.3244629e+01
   3.7989570e+06   1.4404297e+01
   3.7990760e+06   1.2390137e+01
   3.7991150e+06   1.7089844e+01
   3.7991640e+06   1.7761230e+01
   3.7992180e+06   1.2512207e+01
   3.7996560e+06   1.2145996e+01
   3.8010370e+06   1.2451172e+01
   3.9664720e+06   2.1179199e+01
   3.9664860e+06   1.6723633e+01
   3.9665570e+06   3.0151367e+01
   3.9665800e+06   1.4892578e+01
   3.9666170e+06   1.1962891e+01
   3.9666770e+06   1.4648437e+01
   3.9667450e+06   1.2268066e+01
   3.9695020e+06   1.2451172e+01
   3.9697760e+06   1.2023926e+01
   4.1812340e+06   1.3854980e+01
   4.1812520e+06   1.2023926e+01
   4.1813130e+06   1.2817383e+01
   4.1813480e+06   2.2827148e+01
   4.1813590e+06   1.2145996e+01
   4.1813950e+06   1.3000488e+01
   4.1814650e+06   1.4587402e+01
   4.1815910e+06   1.2451172e+01
   4.3017370e+06   1.3000488e+01
   4.3017590e+06   1.3000488e+01
   4.3017830e+06   1.2084961e+01
   4.3020330e+06   1.3427734e+01
   4.3746160e+06   1.2573242e+01
   4.3746770e+06   1.4282227e+01
   4.3746960e+06   1.2084961e+01
   4.3747310e+06   1.2512207e+01
   4.3747460e+06   1.9287109e+01
   4.3747770e+06   1.3305664e+01
   4.3748100e+06   2.0141602e+01
   4.3748210e+06   2.1301270e+01
   4.3748470e+06   1.2268066e+01
   4.3749440e+06   1.3732910e+01
   4.3768770e+06   1.2023926e+01
   4.3781600e+06   1.2573242e+01
   4.4244950e+06   1.3000488e+01
   4.4245300e+06   1.3488770e+01
   4.4245480e+06   1.3061523e+01
   4.4246200e+06   2.5268555e+01
   4.4246720e+06   1.2084961e+01
   4.4246850e+06   1.3488770e+01
   4.4247350e+06   1.5075684e+01
   4.4279340e+06   1.2268066e+01
   4.5015320e+06   1.5747070e+01
   4.5015550e+06   1.3610840e+01
   4.5015830e+06   1.7272949e+01
   4.5016290e+06   1.6723633e+01
   4.5016400e+06   2.4902344e+01
   4.5016810e+06   1.3366699e+01
   4.5017260e+06   1.2207031e+01
   4.5047970e+06   1.2756348e+01
   4.5646330e+06   1.6967773e+01
   4.5646790e+06   1.7944336e+01
   4.5647050e+06   1.1962891e+01
   4.5647260e+06   1.5136719e+01
   4.5647400e+06   2.1850586e+01
   4.5647820e+06   1.4648438e+01
   4.5651310e+06   1.1962891e+01
   4.5669710e+06   1.2329102e+01
   4.5690490e+06   1.2207031e+01
   4.6043250e+06   1.6296387e+01
   4.6043900e+06   2.1667480e+01
   4.6044420e+06   2.2827148e+01
   4.6045030e+06   1.4160156e+01
   4.6046130e+06   1.3977051e+01
   4.6054880e+06   1.3122559e+01
   4.6057190e+06   1.2878418e+01
   4.6065610e+06   1.4160156e+01
   4.6080690e+06   1.1962891e+01
   4.6084590e+06   1.2695312e+01
   4.7265830e+06   1.3732910e+01
   4.7266840e+06   1.4343262e+01
   4.7267580e+06   1.2878418e+01
   4.7269320e+06   1.4953613e+01
   4.8816680e+06   1.3977051e+01
   4.8818100e+06   1.4099121e+01
   4.8818240e+06   1.2084961e+01
   4.9532670e+06   1.2023926e+01
   4.9710590e+06   1.2268066e+01
   5.0924490e+06   1.2878418e+01
   5.0928320e+06   1.2145996e+01
   5.3830980e+06   1.2023926e+01
   5.4107920e+06   1.5319824e+01
   5.4108190e+06   1.2695312e+01
   5.4109940e+06   1.5075684e+01
   5.4110540e+06   1.4099121e+01
   5.4111260e+06   1.4587402e+01
   5.4112480e+06   1.5441895e+01
   5.4113940e+06   1.4648438e+01
   5.4116010e+06   1.3916016e+01
   5.4117920e+06   1.1962891e+01
   5.4126050e+06   1.3610840e+01
   5.4126870e+06   1.2939453e+01
   5.4129950e+06   1.2756348e+01
   5.7236070e+06   1.3732910e+01
   5.7236760e+06   1.2268066e+01
   5.7237170e+06   2.4719238e+01
   5.7237640e+06   1.5502930e+01
   5.7238060e+06   1.3610840e+01
   5.7238900e+06   1.3244629e+01
   5.7239470e+06   1.3366699e+01
   5.7239910e+06   1.3244629e+01
   5.7241280e+06   1.1962891e+01
   5.7245260e+06   1.2695312e+01
   5.7246330e+06   1.2207031e+01
   5.7248030e+06   1.3366699e+01
   5.7249250e+06   1.2084961e+01
   5.7260190e+06   1.2145996e+01
   5.7262610e+06   1.5258789e+01
   5.7265620e+06   1.2084961e+01
   5.7269430e+06   1.2145996e+01
   5.7276430e+06   1.1962891e+01
   5.7953010e+06   1.1962891e+01
   5.7953520e+06   1.5258789e+01
   5.7954320e+06   1.3000488e+01
   5.7955810e+06   1.3549805e+01
   5.9614350e+06   1.2634277e+01
   5.9614980e+06   1.2939453e+01
   5.9615190e+06   1.5258789e+01
   5.9615510e+06   1.3488770e+01
   5.9615630e+06   1.2329102e+01
   5.9615800e+06   1.3549805e+01
   5.9615920e+06   1.5258789e+01
   5.9616320e+06   1.5319824e+01
   5.9616690e+06   1.3610840e+01
   5.9617070e+06   1.3427734e+01
   5.9619350e+06   1.2023926e+01
   5.9642480e+06   1.1962891e+01
   5.9829930e+06   1.3732910e+01
