   5.9990000e+06   0.0000000e+00
   1.0538500e+05   1.1840820e+01
   3.4751500e+05   1.1596680e+01
   4.2247700e+05   1.1962891e+01
   7.5692300e+05   1.2634277e+01
   8.3813200e+05   1.2573242e+01
   8.3829200e+05   1.1840820e+01
   8.7837300e+05   1.3488770e+01
   8.9805600e+05   1.2023926e+01
   9.1104400e+05   1.1657715e+01
   9.1144200e+05   1.1535645e+01
   9.6792200e+05   1.2573242e+01
   9.8707700e+05   1.1718750e+01
   1.0094140e+06   1.1718750e+01
   1.0414560e+06   1.2695312e+01
   1.0864140e+06   1.2573242e+01
   1.1370910e+06   1.1779785e+01
   1.2281670e+06   1.2084961e+01
   1.3624950e+06   1.1779785e+01
   1.4050070e+06   1.1779785e+01
   1.4700160e+06   1.1901855e+01
   1.5464160e+06   1.1657715e+01
   1.6036630e+06   1.1901855e+01
   1.6522760e+06   1.1535645e+01
   1.6963850e+06   1.1840820e+01
   1.6967750e+06   1.2207031e+01
   1.7155890e+06   1.1718750e+01
   1.7773360e+06   1.2023926e+01
   1.7925140e+06   1.1901855e+01
   1.8152460e+06   1.1535645e+01
   1.8864370e+06   1.1840820e+01
   1.9728370e+06   1.2023926e+01
   1.9731440e+06   1.1840820e+01
   2.0274220e+06   1.1718750e+01
   3.3304430e+06   1.1840820e+01
   3.4035650e+06   1.1962891e+01
   3.4039240e+06   1.1596680e+01
   3.4369200e+06   1.2817383e+01
   3.4369530e+06   1.1840820e+01
   3.4374810e+06   1.1779785e+01
   3.5084730e+06   1.2939453e+01
   3.5085050e+06   1.2084961e+01
   3.5313090e+06   1.3488770e+01
   3.5475250e+06   1.1474609e+01
   3.5632410e+06   1.1596680e+01
   3.5633870e+06   1.1718750e+01
   3.5880030e+06   1.1596680e+01
   3.6200000e+06   1.1962891e+01
   3.6978590e+06   1.2390137e+01
   3.7255920e+06   1.1535645e+01
   3.7719890e+06   1.1840820e+01
   3.8256700e+06   1.1474609e+01
   3.8893870e+06   1.2145996e+01
   3.9203490e+06   1.1840820e+01
   3.9692670e+06   1.1718750e+01
   4.3258080e+06   1.2756348e+01
   4.3261420e+06   1.2207031e+01
   4.3384090e+06   1.1596680e+01
   4.8848620e+06   1.3305664e+01
   4.8849410e+06   1.1840820e+01
   5.4395060e+06   1.2329102e+01
   5.5190580e+06   1.1718750e+01
   5.5192270e+06   1.2145996e+01
   5.6079180e+06   1.1657715e+01
   5.6302290e+06   1.3854980e+01
   5.6313380e+06   1.1474609e+01
   5.6439230e+06   1.1474609e+01
   5.9470200e+06   1.1474609e+01
   5.9809530e+06   1.3244629e+01
