   5.9990000e+06   0.0000000e+00
   3.6877300e+05   1.2084961e+01
   4.0351500e+05   1.1901855e+01
   4.2240700e+05   1.3916016e+01
   5.3244900e+05   1.2512207e+01
   6.7926900e+05   1.2390137e+01
   6.9186300e+05   1.2268066e+01
   8.1745500e+05   1.3244629e+01
   9.1086900e+05   1.1962891e+01
   9.1103900e+05   1.2512207e+01
   9.3582900e+05   1.2634277e+01
   9.5291100e+05   1.2878418e+01
   1.0094290e+06   1.2329102e+01
   1.0411430e+06   1.3916016e+01
   1.0862790e+06   1.2084961e+01
   1.1026730e+06   1.2268066e+01
   1.1369730e+06   1.2329102e+01
   1.1562750e+06   1.3000488e+01
   1.1858430e+06   1.2207031e+01
   1.2836350e+06   1.3366699e+01
   1.3622170e+06   1.4282227e+01
   1.3624250e+06   1.2207031e+01
   1.4049390e+06   1.2817383e+01
   1.4294270e+06   1.2878418e+01
   1.4295690e+06   1.2023926e+01
   1.4479310e+06   1.4343262e+01
   1.4573950e+06   1.2390137e+01
   1.4697930e+06   1.2084961e+01
   1.5270870e+06   1.2207031e+01
   1.5714650e+06   1.2512207e+01
   1.6341510e+06   1.2878418e+01
   1.6959070e+06   1.4404297e+01
   1.6964050e+06   1.2145996e+01
   1.7150390e+06   1.3061523e+01
   1.7744190e+06   1.1901855e+01
   1.7772070e+06   1.3488770e+01
   1.7782510e+06   1.1901855e+01
   1.8587250e+06   1.2207031e+01
   1.8961690e+06   1.3244629e+01
   1.9098110e+06   1.4221191e+01
   1.9479410e+06   1.2084961e+01
   1.9727230e+06   1.3854980e+01
   2.0272450e+06   1.2512207e+01
   2.0272810e+06   1.2329102e+01
   2.0846290e+06   1.2023926e+01
   2.1000690e+06   1.4343262e+01
   2.1992810e+06   1.2268066e+01
   2.6685050e+06   1.1962891e+01
   2.7588890e+06   1.2329102e+01
   2.8380790e+06   1.2390137e+01
   2.9015670e+06   1.2939453e+01
   2.9801010e+06   1.3244629e+01
   3.3305410e+06   1.3488770e+01
   3.3430350e+06   1.3549805e+01
   3.3431430e+06   1.2023926e+01
   3.3445550e+06   1.1962891e+01
   3.3735150e+06   1.4587402e+01
   3.4030090e+06   1.4648438e+01
   3.4368690e+06   1.5075684e+01
   3.4370530e+06   1.2084961e+01
   3.4393310e+06   1.2084961e+01
   3.4621590e+06   1.2023926e+01
   3.4926870e+06   1.1962891e+01
   3.5302590e+06   1.2207031e+01
   3.5816790e+06   1.2207031e+01
   3.6200390e+06   1.2878418e+01
   3.7255830e+06   1.2145996e+01
   3.7255970e+06   1.2207031e+01
   3.7271610e+06   1.2695312e+01
   3.7398790e+06   1.1901855e+01
   3.7805650e+06   1.1962891e+01
   3.8055770e+06   1.2939453e+01
   3.8245830e+06   1.2084961e+01
   3.9693770e+06   1.3244629e+01
   3.9694970e+06   1.1901855e+01
   4.0163630e+06   1.2023926e+01
   4.1561630e+06   1.1962891e+01
   4.1872210e+06   1.2145996e+01
   4.3247130e+06   1.2145996e+01
   4.3261670e+06   1.2023926e+01
   4.3380030e+06   1.2390137e+01
   4.5297230e+06   1.2268066e+01
   4.6278110e+06   1.2390137e+01
   4.6715890e+06   1.2390137e+01
   4.8846570e+06   1.1901855e+01
   4.8974330e+06   1.3488770e+01
   5.2570390e+06   1.2145996e+01
   5.2860150e+06   1.1901855e+01
   5.2941450e+06   1.2268066e+01
   5.2962990e+06   1.2023926e+01
   5.4272590e+06   1.1901855e+01
   5.4274570e+06   1.2695312e+01
   5.4392290e+06   1.3366699e+01
   5.4393810e+06   1.3732910e+01
   5.4526930e+06   1.1962891e+01
   5.4534690e+06   1.2512207e+01
   5.5188050e+06   1.3122559e+01
   5.5192590e+06   1.2390137e+01
   5.6190650e+06   1.2512207e+01
   5.6311930e+06   1.2451172e+01
   5.6313230e+06   1.2084961e+01
   5.6313730e+06   1.1962891e+01
   5.6436950e+06   1.3427734e+01
   5.9807630e+06   1.2207031e+01
   5.9808590e+06   1.2207031e+01
   5.9811770e+06   1.2756348e+01
   5.9816110e+06   1.2207031e+01
   5.9923870e+06   1.1962891e+01
