   5.9990000e+06   0.0000000e+00
   1.9860900e+05   1.1657715e+01
   9.5283700e+05   1.2207031e+01
   1.0461870e+06   1.1657715e+01
   1.5275050e+06   1.3610840e+01
   1.6028360e+06   1.1840820e+01
   1.6521480e+06   1.2451172e+01
   1.7924920e+06   1.1962891e+01
   1.8355100e+06   1.2390137e+01
   1.9100130e+06   1.1657715e+01
   2.1001070e+06   1.2084961e+01
   2.7591670e+06   1.2268066e+01
   2.8379310e+06   1.2573242e+01
   2.8868950e+06   1.2268066e+01
   2.9039160e+06   1.2634277e+01
   2.9415520e+06   1.1901855e+01
   2.9662850e+06   1.1779785e+01
   3.1310780e+06   1.2939453e+01
   3.1518530e+06   1.1901855e+01
   3.3306020e+06   1.2329102e+01
   3.3431730e+06   1.3000488e+01
   3.3432180e+06   1.2268066e+01
   3.4029850e+06   1.3305664e+01
   3.5315130e+06   1.1657715e+01
   3.6200570e+06   1.3000488e+01
   3.6604450e+06   1.1962891e+01
   3.6977060e+06   1.2329102e+01
   3.6978370e+06   1.2817383e+01
   3.7718900e+06   1.2451172e+01
   3.8055270e+06   1.2817383e+01
   3.8891150e+06   1.2573242e+01
   3.9693780e+06   1.1901855e+01
   4.3259590e+06   1.2756348e+01
   4.6114560e+06   1.2268066e+01
   4.8890970e+06   1.1779785e+01
   5.4253960e+06   1.2512207e+01
   5.5191370e+06   1.2023926e+01
   5.6313750e+06   1.3244629e+01
   5.6314310e+06   1.4038086e+01
   5.6437050e+06   1.2573242e+01
   5.9808140e+06   1.2268066e+01
   5.9809160e+06   1.1962891e+01
   5.9920960e+06   1.2512207e+01
   5.9924890e+06   1.1779785e+01
