   5.9990000e+06   0.0000000e+00
   2.1734500e+05   1.1535645e+01
   2.1767900e+05   1.1779785e+01
   4.2244900e+05   1.1962891e+01
   4.6199600e+05   1.1718750e+01
   5.7227500e+05   1.2084961e+01
   6.9185500e+05   1.2756348e+01
   8.3820100e+05   1.3000488e+01
   8.7838500e+05   1.4282227e+01
   8.9799900e+05   1.2329102e+01
   9.6757900e+05   1.1718750e+01
   9.6775500e+05   1.1901855e+01
   9.8256700e+05   1.1596680e+01
   1.0416330e+06   1.1840820e+01
   1.1562530e+06   1.2634277e+01
   1.2088070e+06   1.1962891e+01
   1.2095370e+06   1.1352539e+01
   1.3023330e+06   1.3366699e+01
   1.3226590e+06   1.2207031e+01
   1.3439010e+06   1.1962891e+01
   1.3440550e+06   1.1352539e+01
   1.3801330e+06   1.1352539e+01
   1.4296350e+06   1.1474609e+01
   1.4702110e+06   1.1962891e+01
   1.4903870e+06   1.3488770e+01
   1.5274450e+06   1.1291504e+01
   1.6282510e+06   1.1474609e+01
   1.6303330e+06   1.1840820e+01
   1.7573670e+06   1.1596680e+01
   1.7928890e+06   1.1657715e+01
   1.9491670e+06   1.1718750e+01
   2.0273830e+06   1.1596680e+01
   2.1002650e+06   1.1718750e+01
   2.1003470e+06   1.2512207e+01
   2.8927670e+06   1.1413574e+01
   3.3305210e+06   1.4038086e+01
   3.3305810e+06   1.2451172e+01
   3.3306690e+06   1.1596680e+01
   3.3307510e+06   1.3610840e+01
   3.3308270e+06   1.1596680e+01
   3.3434430e+06   1.2084961e+01
   3.3434870e+06   1.3366699e+01
   3.4371910e+06   1.2329102e+01
   3.4698070e+06   1.2390137e+01
   3.5054480e+06   1.1596680e+01
   3.5632670e+06   1.2939453e+01
   3.5633310e+06   1.1291504e+01
   3.5633870e+06   1.7944336e+01
   3.5635250e+06   1.1291504e+01
   3.5961620e+06   1.1474609e+01
   3.6199850e+06   1.1230469e+01
   3.6204410e+06   1.2268066e+01
   3.6979810e+06   1.1352539e+01
   3.7257070e+06   1.2268066e+01
   3.7265650e+06   1.1657715e+01
   3.7452350e+06   1.2512207e+01
   3.8056030e+06   1.1596680e+01
   3.8246490e+06   1.1901855e+01
   3.8897050e+06   1.1718750e+01
   3.8909580e+06   1.1352539e+01
   3.9202090e+06   1.1779785e+01
   4.3262110e+06   1.2329102e+01
   4.3262710e+06   1.1962891e+01
   4.3262930e+06   1.2207031e+01
   4.3263090e+06   1.1474609e+01
   4.3379890e+06   1.4038086e+01
   4.3383250e+06   1.3732910e+01
   4.8848570e+06   1.1779785e+01
   4.8849570e+06   1.2451172e+01
   4.8849710e+06   1.2329102e+01
   4.8849890e+06   1.1596680e+01
   4.8850370e+06   1.1230469e+01
   4.8850570e+06   1.1596680e+01
   4.8850830e+06   1.1718750e+01
   4.8850930e+06   1.1474609e+01
   4.8851270e+06   1.2268066e+01
   4.8864030e+06   1.1779785e+01
   4.8978040e+06   1.1474609e+01
   5.4272090e+06   1.2451172e+01
   5.4273830e+06   1.4709473e+01
   5.4273990e+06   1.2451172e+01
   5.4274670e+06   1.2756348e+01
   5.4274870e+06   1.5686035e+01
   5.4406430e+06   1.1413574e+01
   5.4532150e+06   1.2878418e+01
   5.5193910e+06   1.1230469e+01
   5.6266440e+06   1.1657715e+01
   5.6313470e+06   1.2023926e+01
   5.6314550e+06   1.3122559e+01
   5.6315170e+06   1.3671875e+01
   5.6315610e+06   1.3183594e+01
   5.6458470e+06   1.1535645e+01
   5.8586620e+06   1.1230469e+01
   5.9809570e+06   1.1535645e+01
   5.9809730e+06   1.2329102e+01
   5.9809950e+06   1.2023926e+01
   5.9810370e+06   1.2756348e+01
   5.9810770e+06   1.3671875e+01
   5.9810970e+06   1.1596680e+01
   5.9811270e+06   1.3183594e+01
   5.9811430e+06   1.2939453e+01
   5.9811650e+06   1.1352539e+01
   5.9811750e+06   1.1535645e+01
   5.9811850e+06   1.2939453e+01
   5.9923170e+06   1.1535645e+01
