   5.9990000e+06   0.0000000e+00
   4.0680000e+03   1.3000488e+01
   4.6283800e+05   1.2512207e+01
   5.7217100e+05   1.6418457e+01
   6.9094600e+05   1.3183594e+01
   7.3537600e+05   1.3244629e+01
   7.3543800e+05   1.6967773e+01
   8.9779700e+05   1.2634277e+01
   9.5293200e+05   1.3916016e+01
   9.5297100e+05   1.3549805e+01
   9.9658800e+05   1.2939453e+01
   1.0412380e+06   1.2939453e+01
   1.0414180e+06   1.4892578e+01
   1.0564060e+06   1.3000488e+01
   1.1370690e+06   1.3732910e+01
   1.1563560e+06   1.3366699e+01
   1.1909280e+06   1.3061523e+01
   1.2281560e+06   1.2756348e+01
   1.2282390e+06   1.2878418e+01
   1.2837060e+06   1.2939453e+01
   1.3218580e+06   1.2634277e+01
   1.3624170e+06   1.4648438e+01
   1.3626030e+06   1.3549805e+01
   1.4049850e+06   1.2756348e+01
   1.4051400e+06   1.5136719e+01
   1.4482670e+06   1.3244629e+01
   1.4699960e+06   1.3671875e+01
   1.4700730e+06   1.4099121e+01
   1.5088600e+06   1.2695312e+01
   1.6029060e+06   1.2756348e+01
   1.6521020e+06   1.3122559e+01
   1.6965350e+06   1.3366699e+01
   1.6967200e+06   1.2695312e+01
   1.7157910e+06   1.2817383e+01
   1.7554090e+06   1.4526367e+01
   1.7774420e+06   1.6052246e+01
   1.7924030e+06   1.3610840e+01
   1.8155740e+06   1.2756348e+01
   1.8355920e+06   1.3244629e+01
   1.8589170e+06   1.4709473e+01
   1.8858960e+06   1.3061523e+01
   1.8859450e+06   1.2939453e+01
   1.9100310e+06   1.2512207e+01
   1.9106160e+06   1.3183594e+01
   1.9726660e+06   1.3916016e+01
   2.0272680e+06   1.4343262e+01
   2.9797130e+06   1.2634277e+01
   3.0028860e+06   1.3610840e+01
   3.1464930e+06   1.3488770e+01
   3.1933240e+06   1.3305664e+01
   3.3288370e+06   1.3549805e+01
   3.3305700e+06   1.3671875e+01
   3.3306180e+06   2.1362305e+01
   3.3306350e+06   1.3000488e+01
   3.3307000e+06   1.2817383e+01
   3.3431780e+06   1.3854980e+01
   3.3451470e+06   1.3427734e+01
   3.4030220e+06   1.2817383e+01
   3.4031310e+06   1.4038086e+01
   3.4368580e+06   1.5869141e+01
   3.4378310e+06   1.2878418e+01
   3.4691450e+06   1.4343262e+01
   3.5084800e+06   1.3793945e+01
   3.5085950e+06   1.2756348e+01
   3.5311600e+06   1.2695312e+01
   3.5312330e+06   1.3488770e+01
   3.5313280e+06   1.3000488e+01
   3.5632460e+06   1.3000488e+01
   3.5632610e+06   1.2817383e+01
   3.5633190e+06   1.4160156e+01
   3.5878120e+06   1.6235352e+01
   3.6198930e+06   1.3000488e+01
   3.6200210e+06   1.5380859e+01
   3.6200880e+06   1.4099121e+01
   3.6602950e+06   1.3061523e+01
   3.6604370e+06   1.3427734e+01
   3.6980500e+06   1.3305664e+01
   3.7257550e+06   1.5075684e+01
   3.8054720e+06   1.2939453e+01
   3.8055640e+06   1.3122559e+01
   3.8424060e+06   1.3793945e+01
   3.8893070e+06   1.4160156e+01
   3.9201710e+06   1.2695312e+01
   3.9202470e+06   1.3671875e+01
   3.9202750e+06   1.3000488e+01
   4.3260350e+06   1.3916016e+01
   4.3260660e+06   1.3000488e+01
   4.3261090e+06   1.3122559e+01
   4.4917080e+06   1.2695312e+01
   4.6287480e+06   1.3671875e+01
   4.8849370e+06   1.6540527e+01
   4.8850200e+06   1.3183594e+01
   4.8870070e+06   1.3122559e+01
   4.8975840e+06   1.3000488e+01
   4.8977200e+06   1.7761230e+01
   4.8979440e+06   1.3427734e+01
   4.9916690e+06   1.3061523e+01
   5.4273310e+06   1.3366699e+01
   5.4392810e+06   1.4404297e+01
   5.4393150e+06   1.5136719e+01
   5.4393630e+06   1.6540527e+01
   5.4396360e+06   1.2878418e+01
   5.4403800e+06   1.3549805e+01
   5.4411060e+06   1.3000488e+01
   5.4528390e+06   1.2939453e+01
   5.4528820e+06   1.4648438e+01
   5.4538130e+06   1.3122559e+01
   5.5190950e+06   1.4282227e+01
   5.5714570e+06   1.3000488e+01
   5.9809230e+06   1.3427734e+01
   5.9809470e+06   1.4160156e+01
   5.9809960e+06   1.4648438e+01
