   5.9990000e+06   0.0000000e+00
   1.0472100e+05   1.2207031e+01
   1.0480000e+05   1.2145996e+01
   1.0489900e+05   1.1901855e+01
   1.0493400e+05   1.4404297e+01
   1.0505700e+05   1.2390137e+01
   1.0574700e+05   1.3916016e+01
   1.8822100e+05   1.2084961e+01
   2.1436800e+05   1.2451172e+01
   2.1713900e+05   1.1901855e+01
   2.1734800e+05   1.1962891e+01
   2.1761700e+05   1.4038086e+01
   2.1765900e+05   1.2390137e+01
   2.1779300e+05   1.2573242e+01
   2.4414500e+05   1.1840820e+01
   2.6119400e+05   1.1779785e+01
   3.4709900e+05   1.4770508e+01
   3.4737300e+05   1.4831543e+01
   3.4746200e+05   1.3671875e+01
   3.4749500e+05   1.1901855e+01
   3.4755100e+05   1.3793945e+01
   3.4757600e+05   1.6296387e+01
   3.4762100e+05   1.2023926e+01
   3.4775700e+05   1.2145996e+01
   3.7606800e+05   1.2451172e+01
   3.8601000e+05   1.1962891e+01
   3.9127300e+05   1.1901855e+01
   4.2220400e+05   1.2573242e+01
   4.2229400e+05   1.3732910e+01
   4.2240500e+05   1.3000488e+01
   4.2251100e+05   1.2573242e+01
   4.2255000e+05   1.2329102e+01
   4.2272500e+05   1.2817383e+01
   4.7478000e+05   1.2084961e+01
   5.7208400e+05   1.4587402e+01
   5.7220100e+05   1.2512207e+01
   5.7226600e+05   1.3305664e+01
   5.7255200e+05   1.2023926e+01
   5.7317700e+05   1.4038086e+01
   5.9333200e+05   1.1840820e+01
   6.0960000e+05   1.2207031e+01
   6.6516400e+05   1.2634277e+01
   6.9171700e+05   1.3000488e+01
   6.9179700e+05   1.4648438e+01
   6.9187400e+05   1.4404297e+01
   6.9202000e+05   1.4831543e+01
   6.9211000e+05   1.2145996e+01
   6.9217400e+05   1.2145996e+01
   6.9224600e+05   1.1840820e+01
   7.3503200e+05   1.2390137e+01
   7.3508900e+05   1.2207031e+01
   7.3510900e+05   1.3305664e+01
   7.3516200e+05   1.2634277e+01
   7.3521500e+05   1.4587402e+01
   7.3523300e+05   1.4343262e+01
   7.3527500e+05   1.2634277e+01
   7.3530500e+05   1.2329102e+01
   7.3537000e+05   1.2695312e+01
   7.3547500e+05   1.2451172e+01
   7.3557600e+05   1.4587402e+01
   7.3616200e+05   1.3366699e+01
   7.6703300e+05   1.2023926e+01
   7.6709200e+05   1.1779785e+01
   7.6712800e+05   1.1962891e+01
   7.6733500e+05   1.4587402e+01
   7.6740300e+05   1.3000488e+01
   7.6746400e+05   1.8249512e+01
   7.6749300e+05   1.5991211e+01
   7.6752800e+05   1.3183594e+01
   7.6760300e+05   1.4099121e+01
   7.6826900e+05   1.3366699e+01
   8.0662100e+05   1.2634277e+01
   8.3813800e+05   1.9348145e+01
   8.3818500e+05   1.2390137e+01
   8.3821400e+05   1.4770508e+01
   8.3835300e+05   1.2390137e+01
   8.3847300e+05   1.1901855e+01
   8.3855000e+05   1.3061523e+01
   8.3864400e+05   1.2573242e+01
   8.3892400e+05   1.2084961e+01
   8.3905500e+05   1.1840820e+01
   8.3957500e+05   1.1779785e+01
   8.7813300e+05   1.1779785e+01
   8.7815300e+05   1.1962891e+01
   8.7818100e+05   1.3366699e+01
   8.7825200e+05   1.6845703e+01
   8.7829100e+05   1.2634277e+01
   8.7836500e+05   1.3122559e+01
   8.7843900e+05   1.3671875e+01
   8.7846400e+05   1.2145996e+01
   8.7873000e+05   1.5075684e+01
   8.7884600e+05   1.2145996e+01
   8.8026400e+05   1.2451172e+01
   8.9784300e+05   1.1962891e+01
   8.9802100e+05   1.3488770e+01
   8.9830500e+05   1.1962891e+01
   8.9841100e+05   1.1840820e+01
   8.9857100e+05   1.2573242e+01
   8.9884500e+05   1.3305664e+01
   9.1075400e+05   1.2573242e+01
   9.1089700e+05   1.1962891e+01
   9.1092500e+05   1.2390137e+01
   9.1107900e+05   1.2145996e+01
   9.1158400e+05   1.3549805e+01
   9.2287300e+05   1.2939453e+01
   9.5279300e+05   1.5930176e+01
   9.5286600e+05   1.6540527e+01
   9.5308700e+05   1.2390137e+01
   9.5311700e+05   1.6113281e+01
   9.5329000e+05   1.2939453e+01
   9.5586300e+05   1.2145996e+01
   9.6758500e+05   1.4892578e+01
   9.6772400e+05   1.3549805e+01
   9.6793300e+05   1.3671875e+01
   9.6804700e+05   1.2451172e+01
   9.6813600e+05   1.1779785e+01
   9.7016600e+05   1.2145996e+01
   9.8201400e+05   1.5563965e+01
   9.8207400e+05   1.3732910e+01
   9.8220200e+05   1.5014648e+01
   9.8222300e+05   1.2512207e+01
   9.8228400e+05   1.3732910e+01
   9.8249400e+05   1.1962891e+01
   9.9626800e+05   1.4709473e+01
   9.9627900e+05   1.4160156e+01
   9.9648100e+05   1.2268066e+01
   9.9666500e+05   1.1779785e+01
   9.9725400e+05   1.1779785e+01
   1.0094910e+06   1.2145996e+01
   1.0095160e+06   1.2695312e+01
   1.0095550e+06   1.2390137e+01
   1.0095860e+06   1.2207031e+01
   1.0096660e+06   1.1901855e+01
   1.0097690e+06   1.1962891e+01
   1.0098080e+06   1.2268066e+01
   1.0099040e+06   1.1779785e+01
   1.0108320e+06   1.2207031e+01
   1.0237100e+06   1.2084961e+01
   1.0237970e+06   1.2512207e+01
   1.0239230e+06   1.2634277e+01
   1.0240600e+06   1.3183594e+01
   1.0242110e+06   1.4892578e+01
   1.0243350e+06   1.4282227e+01
   1.0248880e+06   1.1840820e+01
   1.0412040e+06   1.5625000e+01
   1.0412270e+06   1.1840820e+01
   1.0412610e+06   1.2084961e+01
   1.0412830e+06   1.2451172e+01
   1.0413580e+06   1.2023926e+01
   1.0414240e+06   1.3488770e+01
   1.0414340e+06   1.3793945e+01
   1.0415190e+06   1.4160156e+01
   1.0416410e+06   1.2023926e+01
   1.0418610e+06   1.1962891e+01
   1.0547240e+06   1.4526367e+01
   1.0563020e+06   1.8554688e+01
   1.0563140e+06   1.4770508e+01
   1.0564480e+06   1.4831543e+01
   1.0715930e+06   1.2207031e+01
   1.0718650e+06   1.3366699e+01
   1.0719280e+06   1.2268066e+01
   1.0722980e+06   1.1840820e+01
   1.0861120e+06   1.1840820e+01
   1.0861460e+06   1.2695312e+01
   1.0861620e+06   1.2329102e+01
   1.0862280e+06   1.2207031e+01
   1.0863000e+06   1.2390137e+01
   1.0864160e+06   1.3854980e+01
   1.0865370e+06   1.4709473e+01
   1.0867210e+06   1.1779785e+01
   1.0871220e+06   1.1779785e+01
   1.1009870e+06   1.2268066e+01
   1.1010800e+06   1.4160156e+01
   1.1012040e+06   1.2207031e+01
   1.1012660e+06   1.3549805e+01
   1.1013570e+06   1.2634277e+01
   1.1014510e+06   1.2451172e+01
   1.1014970e+06   1.1779785e+01
   1.1019140e+06   1.2939453e+01
   1.1204960e+06   1.5441895e+01
   1.1205950e+06   1.2634277e+01
   1.1207380e+06   1.5502930e+01
   1.1208430e+06   1.4099121e+01
   1.1208960e+06   1.3732910e+01
   1.1220860e+06   1.2756348e+01
   1.1368350e+06   1.2451172e+01
   1.1368890e+06   1.3000488e+01
   1.1370100e+06   1.2329102e+01
   1.1371520e+06   1.1962891e+01
   1.1372960e+06   1.2084961e+01
   1.1387340e+06   1.1962891e+01
   1.1560950e+06   1.1962891e+01
   1.1561890e+06   1.5991211e+01
   1.1562630e+06   1.1962891e+01
   1.1564050e+06   1.3305664e+01
   1.1564760e+06   1.2329102e+01
   1.1565080e+06   1.2023926e+01
   1.1565580e+06   1.5747070e+01
   1.1568150e+06   1.5014648e+01
   1.1728910e+06   1.2573242e+01
   1.1729190e+06   1.3244629e+01
   1.1729740e+06   1.5441895e+01
   1.1730840e+06   1.4404297e+01
   1.1736930e+06   1.2878418e+01
   1.1905680e+06   1.1901855e+01
   1.1905980e+06   1.4587402e+01
   1.1906590e+06   1.2939453e+01
   1.1907920e+06   1.2329102e+01
   1.1908040e+06   1.4587402e+01
   1.1908550e+06   1.2207031e+01
   1.1909580e+06   1.1901855e+01
   1.1910990e+06   1.2817383e+01
   1.1922040e+06   1.2451172e+01
   1.2085410e+06   1.4404297e+01
   1.2085950e+06   1.2634277e+01
   1.2086490e+06   1.2023926e+01
   1.2087610e+06   1.2756348e+01
   1.2088630e+06   1.2145996e+01
   1.2089180e+06   1.3854980e+01
   1.2090180e+06   1.1901855e+01
   1.2090340e+06   1.2817383e+01
   1.2091640e+06   1.2451172e+01
   1.2281810e+06   1.2573242e+01
   1.2282500e+06   1.1779785e+01
   1.2284840e+06   1.2512207e+01
   1.2436970e+06   1.2878418e+01
   1.2438600e+06   1.3854980e+01
   1.2663510e+06   1.5258789e+01
   1.2665310e+06   1.3916016e+01
   1.2666670e+06   1.1779785e+01
   1.2668410e+06   1.6174316e+01
   1.2669530e+06   1.3000488e+01
   1.2673050e+06   1.3488770e+01
   1.2833900e+06   1.1962891e+01
   1.2834160e+06   1.3244629e+01
   1.3021750e+06   1.2939453e+01
   1.3022380e+06   1.2634277e+01
   1.3024520e+06   1.2145996e+01
   1.3024910e+06   1.4160156e+01
   1.3025040e+06   1.2817383e+01
   1.3025450e+06   1.4770508e+01
   1.3025680e+06   1.2573242e+01
   1.3028250e+06   1.2329102e+01
   1.3217070e+06   1.1840820e+01
   1.3218640e+06   1.3366699e+01
   1.3219320e+06   1.5380859e+01
   1.3220760e+06   1.2390137e+01
   1.3222120e+06   1.3000488e+01
   1.3224210e+06   1.3183594e+01
   1.3436650e+06   1.4892578e+01
   1.3437080e+06   1.3977051e+01
   1.3437980e+06   1.4953613e+01
   1.3438390e+06   1.2634277e+01
   1.3438860e+06   1.2634277e+01
   1.3439380e+06   1.1840820e+01
   1.3439900e+06   1.3793945e+01
   1.3440820e+06   1.2207031e+01
   1.3444330e+06   1.4526367e+01
   1.3622970e+06   1.4038086e+01
   1.3623890e+06   1.3671875e+01
   1.3624410e+06   1.2756348e+01
   1.3625580e+06   1.2695312e+01
   1.3631230e+06   1.2756348e+01
   1.3632570e+06   1.2451172e+01
   1.3795820e+06   1.2268066e+01
   1.3796450e+06   1.4221191e+01
   1.3799540e+06   1.2084961e+01
   1.3799930e+06   1.1901855e+01
   1.3800890e+06   1.2817383e+01
   1.3809860e+06   1.2329102e+01
   1.4049970e+06   1.2695312e+01
   1.4050230e+06   1.3671875e+01
   1.4050590e+06   1.2390137e+01
   1.4051660e+06   1.2084961e+01
   1.4052070e+06   1.3122559e+01
   1.4052360e+06   1.1962891e+01
   1.4057400e+06   1.2207031e+01
   1.4295210e+06   1.5136719e+01
   1.4295900e+06   1.2695312e+01
   1.4296350e+06   1.2451172e+01
   1.4296930e+06   1.2207031e+01
   1.4298990e+06   1.2145996e+01
   1.4303770e+06   1.2268066e+01
   1.4307680e+06   1.2695312e+01
   1.4482360e+06   1.3549805e+01
   1.4484320e+06   1.3793945e+01
   1.4488250e+06   1.3610840e+01
   1.4699850e+06   1.6296387e+01
   1.4700410e+06   1.2390137e+01
   1.4701520e+06   1.3488770e+01
   1.4702130e+06   1.3732910e+01
   1.4702650e+06   1.2512207e+01
   1.4703970e+06   1.3366699e+01
   1.4704280e+06   1.3549805e+01
   1.4704620e+06   1.2634277e+01
   1.4709730e+06   1.2207031e+01
   1.4903950e+06   1.3000488e+01
   1.4904140e+06   1.5380859e+01
   1.4904460e+06   1.3610840e+01
   1.4907910e+06   1.1779785e+01
   1.4913070e+06   1.2329102e+01
   1.4985450e+06   1.1779785e+01
   1.5087270e+06   1.3122559e+01
   1.5089120e+06   1.6052246e+01
   1.5103340e+06   1.2145996e+01
   1.5107970e+06   1.1962891e+01
   1.5270450e+06   1.2084961e+01
   1.5272070e+06   1.2573242e+01
   1.5272590e+06   1.2512207e+01
   1.5273080e+06   1.4770508e+01
   1.5278700e+06   1.1962891e+01
   1.5461590e+06   1.3427734e+01
   1.5462060e+06   1.4160156e+01
   1.5463920e+06   1.2756348e+01
   1.5464180e+06   1.1962891e+01
   1.5464550e+06   1.3183594e+01
   1.5465120e+06   1.2756348e+01
   1.5465490e+06   1.4831543e+01
   1.5467350e+06   1.3305664e+01
   1.5716570e+06   1.3122559e+01
   1.5716920e+06   1.3671875e+01
   1.5717100e+06   1.2207031e+01
   1.5717460e+06   1.2512207e+01
   1.5718010e+06   1.2207031e+01
   1.5718340e+06   1.4038086e+01
   1.5719740e+06   1.2145996e+01
   1.5720940e+06   1.4221191e+01
   1.5899920e+06   1.1962891e+01
   1.6027180e+06   1.3671875e+01
   1.6027620e+06   1.2939453e+01
   1.6028050e+06   1.4099121e+01
   1.6028390e+06   1.2145996e+01
   1.6028770e+06   1.1962891e+01
   1.6029200e+06   1.2634277e+01
   1.6035420e+06   1.3122559e+01
   1.6281670e+06   1.2023926e+01
   1.6282640e+06   1.1779785e+01
   1.6284520e+06   1.3000488e+01
   1.6285320e+06   1.3671875e+01
   1.6285600e+06   1.2634277e+01
   1.6287970e+06   1.2878418e+01
   1.6519710e+06   1.5258789e+01
   1.6521390e+06   1.2268066e+01
   1.6523490e+06   1.2207031e+01
   1.6524400e+06   1.2817383e+01
   1.6524540e+06   1.3427734e+01
   1.6756440e+06   1.4343262e+01
   1.6756890e+06   1.4648438e+01
   1.6757740e+06   1.3732910e+01
   1.6758150e+06   1.4221191e+01
   1.6758520e+06   1.2939453e+01
   1.6961840e+06   1.6296387e+01
   1.6962110e+06   1.4038086e+01
   1.6962550e+06   1.3488770e+01
   1.6963240e+06   1.2695313e+01
   1.6963890e+06   1.3854980e+01
   1.6965540e+06   1.4038086e+01
   1.6965810e+06   1.2390137e+01
   1.7156940e+06   1.2756348e+01
   1.7157710e+06   1.3122559e+01
   1.7158240e+06   1.3671875e+01
   1.7160670e+06   1.1779785e+01
   1.7161980e+06   1.2390137e+01
   1.7166420e+06   1.2084961e+01
   1.7358660e+06   1.3916016e+01
   1.7358850e+06   1.1962891e+01
   1.7551980e+06   1.2329102e+01
   1.7552250e+06   1.3488770e+01
   1.7554340e+06   1.2756348e+01
   1.7556110e+06   1.4831543e+01
   1.7773430e+06   1.5441895e+01
   1.7773620e+06   1.3916016e+01
   1.7774030e+06   1.3305664e+01
   1.7774760e+06   1.2634277e+01
   1.7775700e+06   1.1962891e+01
   1.7776630e+06   1.3671875e+01
   1.7777000e+06   1.4709473e+01
   1.7924420e+06   1.3000488e+01
   1.7925990e+06   1.2634277e+01
   1.7928160e+06   1.2390137e+01
   1.7928430e+06   1.4221191e+01
   1.8151220e+06   1.2390137e+01
   1.8151980e+06   1.2207031e+01
   1.8152410e+06   1.6784668e+01
   1.8153670e+06   1.4099121e+01
   1.8154080e+06   1.2145996e+01
   1.8157270e+06   1.3183594e+01
   1.8353540e+06   1.3000488e+01
   1.8354240e+06   1.2634277e+01
   1.8355630e+06   1.1779785e+01
   1.8356290e+06   1.5441895e+01
   1.8359080e+06   1.2145996e+01
   1.8589770e+06   1.3854980e+01
   1.8591430e+06   1.1962891e+01
   1.8592560e+06   1.2084961e+01
   1.8593080e+06   1.4587402e+01
   1.8594320e+06   1.1962891e+01
   1.8594780e+06   1.2207031e+01
   1.8859350e+06   1.3305664e+01
   1.8859630e+06   1.3000488e+01
   1.8860660e+06   1.1779785e+01
   1.8861420e+06   1.3183594e+01
   1.8865460e+06   1.1901855e+01
   1.9098890e+06   1.3061523e+01
   1.9099140e+06   1.4526367e+01
   1.9099920e+06   1.3671875e+01
   1.9100820e+06   1.2573242e+01
   1.9100930e+06   1.2390137e+01
   1.9101440e+06   1.2878418e+01
   1.9103470e+06   1.4343262e+01
   1.9107740e+06   1.1840820e+01
   1.9484790e+06   1.2390137e+01
   1.9485070e+06   1.6601562e+01
   1.9486250e+06   1.1901855e+01
   1.9487830e+06   1.2573242e+01
   1.9490070e+06   1.2878418e+01
   1.9491730e+06   1.2878418e+01
   1.9725860e+06   1.2573242e+01
   1.9726610e+06   1.8127441e+01
   1.9726750e+06   1.3916016e+01
   1.9727140e+06   1.2390137e+01
   1.9727500e+06   1.3854980e+01
   1.9727620e+06   1.2878418e+01
   1.9727960e+06   1.1779785e+01
   1.9733680e+06   1.2268066e+01
   1.9736660e+06   1.2817383e+01
   2.0272500e+06   1.3488770e+01
   2.0273130e+06   1.2695312e+01
   2.0273800e+06   1.1840820e+01
   2.0274110e+06   1.1779785e+01
   2.0274700e+06   1.2939453e+01
   2.0275050e+06   1.1779785e+01
   2.0275200e+06   1.3427734e+01
   2.0276070e+06   1.3061523e+01
   2.0278080e+06   1.3488770e+01
   2.0280820e+06   1.1840820e+01
   2.0283050e+06   1.2878418e+01
   2.1001050e+06   1.5625000e+01
   2.1001390e+06   1.3000488e+01
   2.1002000e+06   1.2695312e+01
   2.1003780e+06   1.1962891e+01
   2.1013880e+06   1.1962891e+01
   2.9563350e+06   1.1962891e+01
   3.3305240e+06   1.4892578e+01
   3.3305760e+06   1.2329102e+01
   3.3305890e+06   1.3977051e+01
   3.3306110e+06   1.4770508e+01
   3.3306500e+06   1.3549805e+01
   3.3306880e+06   1.2573242e+01
   3.3307320e+06   1.6296387e+01
   3.3404040e+06   1.3854980e+01
   3.3432110e+06   1.3427734e+01
   3.3432260e+06   1.4465332e+01
   3.3433820e+06   1.3488770e+01
   3.3434620e+06   1.6296387e+01
   3.3434870e+06   1.5808105e+01
   3.3435820e+06   1.2878418e+01
   3.3436430e+06   1.2451172e+01
   3.3436550e+06   1.3549805e+01
   3.3437850e+06   1.2084961e+01
   3.3527310e+06   1.2451172e+01
   3.3598650e+06   1.2756348e+01
   3.4028970e+06   1.2573242e+01
   3.4029340e+06   1.4587402e+01
   3.4029580e+06   1.3000488e+01
   3.4029910e+06   1.2268066e+01
   3.4030430e+06   1.3671875e+01
   3.4030540e+06   1.3488770e+01
   3.4030810e+06   1.2145996e+01
   3.4031530e+06   1.2451172e+01
   3.4033340e+06   1.6967773e+01
   3.4043260e+06   1.7272949e+01
   3.4309220e+06   1.4221191e+01
   3.4367710e+06   1.4770508e+01
   3.4368540e+06   1.3427734e+01
   3.4368810e+06   1.4465332e+01
   3.4369570e+06   1.2634277e+01
   3.4369880e+06   1.2573242e+01
   3.4370290e+06   1.2451172e+01
   3.4370740e+06   1.2512207e+01
   3.4371150e+06   1.4221191e+01
   3.4371580e+06   1.2084961e+01
   3.4371720e+06   1.2817383e+01
   3.4374300e+06   1.2268066e+01
   3.4388010e+06   1.4465332e+01
   3.4571990e+06   1.2390137e+01
   3.4695930e+06   1.3549805e+01
   3.4696540e+06   1.2451172e+01
   3.4697090e+06   1.3977051e+01
   3.4697380e+06   1.2512207e+01
   3.4698610e+06   1.8249512e+01
   3.4699010e+06   1.5197754e+01
   3.5083400e+06   1.4526367e+01
   3.5084220e+06   1.2145996e+01
   3.5084600e+06   1.8920898e+01
   3.5084930e+06   1.3549805e+01
   3.5085550e+06   1.7272949e+01
   3.5085890e+06   1.3000488e+01
   3.5086230e+06   1.5808105e+01
   3.5086660e+06   1.2634277e+01
   3.5087680e+06   1.4465332e+01
   3.5090170e+06   1.2695313e+01
   3.5309970e+06   1.2084961e+01
   3.5310430e+06   1.2084961e+01
   3.5310670e+06   1.4404297e+01
   3.5311080e+06   1.6113281e+01
   3.5311350e+06   1.2634277e+01
   3.5312010e+06   1.5563965e+01
   3.5312590e+06   1.4160156e+01
   3.5313040e+06   1.2451172e+01
   3.5314490e+06   1.3061523e+01
   3.5316070e+06   1.4953613e+01
   3.5630850e+06   1.4038086e+01
   3.5631200e+06   1.3000488e+01
   3.5631670e+06   1.4465332e+01
   3.5632030e+06   1.3793945e+01
   3.5632260e+06   1.6052246e+01
   3.5632680e+06   1.3427734e+01
   3.5632800e+06   1.5869141e+01
   3.5634530e+06   1.4038086e+01
   3.5636990e+06   1.3916016e+01
   3.5637570e+06   1.2145996e+01
   3.5876500e+06   1.2084961e+01
   3.5876780e+06   1.3671875e+01
   3.5878350e+06   1.5625000e+01
   3.5878960e+06   1.2451172e+01
   3.5879440e+06   1.2145996e+01
   3.5879900e+06   1.3366699e+01
   3.5880130e+06   1.3000488e+01
   3.5880270e+06   1.3732910e+01
   3.5883530e+06   1.2145996e+01
   3.5883960e+06   1.2573242e+01
   3.5885860e+06   1.3671875e+01
   3.6199260e+06   1.3305664e+01
   3.6199580e+06   1.4282227e+01
   3.6200150e+06   1.4892578e+01
   3.6200520e+06   1.5136719e+01
   3.6200850e+06   1.3671875e+01
   3.6202360e+06   1.2634277e+01
   3.6202580e+06   1.3610840e+01
   3.6204210e+06   1.2817383e+01
   3.6602320e+06   1.5197754e+01
   3.6602560e+06   1.5258789e+01
   3.6604450e+06   1.5869141e+01
   3.6604610e+06   1.5136719e+01
   3.6611450e+06   1.2145996e+01
   3.6977450e+06   1.4221191e+01
   3.6977720e+06   1.5075684e+01
   3.6978440e+06   1.6357422e+01
   3.6978780e+06   1.3549805e+01
   3.6978900e+06   1.2878418e+01
   3.6979940e+06   1.5502930e+01
   3.6980200e+06   1.3732910e+01
   3.6981320e+06   1.2939453e+01
   3.7093730e+06   1.4282227e+01
   3.7255210e+06   1.3977051e+01
   3.7257500e+06   1.3000488e+01
   3.7259270e+06   1.7700195e+01
   3.7259900e+06   1.2390137e+01
   3.7260000e+06   1.3549805e+01
   3.7260280e+06   1.4160156e+01
   3.7340140e+06   1.2939453e+01
   3.7451460e+06   1.2939453e+01
   3.7453430e+06   1.2512207e+01
   3.7455950e+06   1.3366699e+01
   3.7456870e+06   1.3000488e+01
   3.7560750e+06   1.2573242e+01
   3.7718190e+06   1.4160156e+01
   3.7718540e+06   1.4770508e+01
   3.7719230e+06   1.2634277e+01
   3.7720210e+06   1.2878418e+01
   3.7723040e+06   1.3671875e+01
   3.7727250e+06   1.2573242e+01
   3.7808360e+06   1.2268066e+01
   3.8054550e+06   1.4526367e+01
   3.8054800e+06   1.2756348e+01
   3.8055140e+06   1.2451172e+01
   3.8055380e+06   1.2084961e+01
   3.8056500e+06   1.3732910e+01
   3.8057070e+06   1.6601562e+01
   3.8057540e+06   1.2329102e+01
   3.8244880e+06   1.7211914e+01
   3.8245660e+06   1.2268066e+01
   3.8248190e+06   1.5808105e+01
   3.8248490e+06   1.2512207e+01
   3.8423710e+06   1.3061523e+01
   3.8424180e+06   1.2573242e+01
   3.8425650e+06   1.6052246e+01
   3.8426570e+06   1.4160156e+01
   3.8427260e+06   1.5197754e+01
   3.8428100e+06   1.2878418e+01
   3.8588660e+06   1.3793945e+01
   3.8589390e+06   1.4953613e+01
   3.8589900e+06   1.3305664e+01
   3.8590260e+06   1.2390137e+01
   3.8590680e+06   1.2451172e+01
   3.8592320e+06   1.5441895e+01
   3.8598200e+06   1.2573242e+01
   3.8893570e+06   1.3488770e+01
   3.8894090e+06   1.3244629e+01
   3.8895380e+06   1.8371582e+01
   3.8895670e+06   1.2634277e+01
   3.8896580e+06   1.3488770e+01
   3.8898840e+06   1.3122559e+01
   3.8905340e+06   1.2390137e+01
   3.8916740e+06   1.2634277e+01
   3.9202720e+06   1.3488770e+01
   3.9203070e+06   1.4709473e+01
   3.9203500e+06   1.2084961e+01
   3.9203840e+06   1.3427734e+01
   3.9204320e+06   1.3610840e+01
   3.9205150e+06   1.7089844e+01
   3.9208230e+06   1.2145996e+01
   3.9691620e+06   1.2268066e+01
   3.9692030e+06   1.2817383e+01
   3.9692570e+06   1.5136719e+01
   3.9693280e+06   1.4770508e+01
   3.9693390e+06   1.2634277e+01
   3.9693810e+06   1.4282227e+01
   3.9694130e+06   1.8310547e+01
   3.9694470e+06   1.3610840e+01
   3.9694960e+06   1.3000488e+01
   3.9695450e+06   1.2329102e+01
   3.9704220e+06   1.2268066e+01
   4.3260030e+06   1.5441895e+01
   4.3260740e+06   1.3793945e+01
   4.3261630e+06   1.2207031e+01
   4.3262110e+06   1.2084961e+01
   4.3262750e+06   1.2573242e+01
   4.3273020e+06   1.2084961e+01
   4.3379380e+06   1.3977051e+01
   4.3380450e+06   1.2084961e+01
   4.3381760e+06   1.3305664e+01
   4.3381860e+06   1.3671875e+01
   4.3383010e+06   1.3305664e+01
   4.3383310e+06   1.3000488e+01
   4.3384010e+06   1.4160156e+01
   4.3385880e+06   1.4831543e+01
   4.3471860e+06   1.2390137e+01
   4.3482050e+06   1.2695312e+01
   4.7257650e+06   1.2390137e+01
   4.8847260e+06   1.2207031e+01
   4.8848090e+06   1.5502930e+01
   4.8848240e+06   1.2756348e+01
   4.8848560e+06   1.2268066e+01
   4.8849010e+06   1.4587402e+01
   4.8849300e+06   1.4709473e+01
   4.8850120e+06   1.2268066e+01
   4.8853430e+06   1.4221191e+01
   4.8859550e+06   1.4221191e+01
   4.8918930e+06   1.4282227e+01
   4.8950100e+06   1.2878418e+01
   4.8975380e+06   1.2878418e+01
   4.8975840e+06   1.3122559e+01
   4.8976290e+06   1.6418457e+01
   4.8976820e+06   1.4221191e+01
   4.8977510e+06   1.3061523e+01
   4.8977790e+06   1.5197754e+01
   4.8978790e+06   1.2329102e+01
   4.8982420e+06   1.2329102e+01
   4.8982970e+06   1.2084961e+01
   4.8984940e+06   1.3488770e+01
   4.8987310e+06   1.2268066e+01
   4.9136000e+06   1.2817383e+01
   5.4270920e+06   1.3549805e+01
   5.4271830e+06   1.4038086e+01
   5.4272300e+06   1.6235352e+01
   5.4272540e+06   1.5319824e+01
   5.4272990e+06   1.4404297e+01
   5.4273460e+06   1.4404297e+01
   5.4273700e+06   1.3244629e+01
   5.4273860e+06   1.4282227e+01
   5.4275150e+06   1.3732910e+01
   5.4275550e+06   1.2512207e+01
   5.4275790e+06   1.2512207e+01
   5.4392030e+06   1.2756348e+01
   5.4392490e+06   1.4892578e+01
   5.4393450e+06   1.4343262e+01
   5.4393810e+06   1.2512207e+01
   5.4394180e+06   1.4587402e+01
   5.4395260e+06   1.5747070e+01
   5.4397290e+06   1.2512207e+01
   5.4400690e+06   1.2084961e+01
   5.4402990e+06   1.3000488e+01
   5.4527710e+06   1.3671875e+01
   5.4528930e+06   1.3793945e+01
   5.4529550e+06   1.2390137e+01
   5.4531810e+06   1.2695312e+01
   5.4534070e+06   1.2939453e+01
   5.4536210e+06   1.2573242e+01
   5.4618470e+06   1.3549805e+01
   5.4827970e+06   1.2817383e+01
   5.5190400e+06   1.2390137e+01
   5.5190850e+06   1.5441895e+01
   5.5191030e+06   1.5441895e+01
   5.5191170e+06   1.4465332e+01
   5.5191860e+06   1.2329102e+01
   5.5192510e+06   1.2451172e+01
   5.5193090e+06   1.3122559e+01
   5.5193860e+06   1.4587402e+01
   5.5194770e+06   1.3977051e+01
   5.5195560e+06   1.2756348e+01
   5.5204410e+06   1.2573242e+01
   5.5321610e+06   1.3671875e+01
   5.5421170e+06   1.2573242e+01
   5.6313020e+06   1.3732910e+01
   5.6313570e+06   2.0446777e+01
   5.6313840e+06   1.5502930e+01
   5.6314430e+06   1.3244629e+01
   5.6316990e+06   1.2634277e+01
   5.6318790e+06   1.3000488e+01
   5.6437230e+06   1.2084961e+01
   5.6437440e+06   1.2451172e+01
   5.6440730e+06   1.3732910e+01
   5.6442290e+06   1.4892578e+01
   5.6444120e+06   1.2817383e+01
   5.6450940e+06   1.2695312e+01
   5.9809240e+06   1.3732910e+01
   5.9809660e+06   1.4953613e+01
   5.9810130e+06   1.5747070e+01
   5.9810480e+06   1.6845703e+01
   5.9811170e+06   1.5258789e+01
   5.9811540e+06   1.4282227e+01
   5.9922000e+06   1.9104004e+01
   5.9922500e+06   1.3427734e+01
   5.9923010e+06   1.3977051e+01
   5.9923590e+06   1.3366699e+01
   5.9924320e+06   1.2817383e+01
   5.9925130e+06   1.3610840e+01
   5.9926070e+06   1.2512207e+01
   5.9926980e+06   1.7761230e+01
   5.9928780e+06   1.2878418e+01
