   5.9990000e+06   0.0000000e+00
   8.0814000e+04   1.1413574e+01
   1.0471200e+05   1.1901855e+01
   1.0472600e+05   1.2145996e+01
   2.1707800e+05   1.1169434e+01
   2.1717400e+05   1.1169434e+01
   2.1743000e+05   1.1657715e+01
   3.4761000e+05   1.2084961e+01
   5.7215800e+05   1.4526367e+01
   5.7227200e+05   1.1840820e+01
   5.7230400e+05   1.1474609e+01
   6.9202400e+05   1.2512207e+01
   6.9236400e+05   1.1474609e+01
   6.9424400e+05   1.1169434e+01
   7.3557400e+05   1.1169434e+01
   7.4921900e+05   1.1230469e+01
   7.6732600e+05   1.5502930e+01
   8.3810600e+05   1.1230469e+01
   8.3827400e+05   1.1230469e+01
   8.3836200e+05   1.2023926e+01
   8.9791800e+05   1.1413574e+01
   9.1125800e+05   1.2084961e+01
   9.1139400e+05   1.1718750e+01
   9.5305800e+05   1.3061523e+01
   9.5357000e+05   1.1413574e+01
   9.6755200e+05   1.2573242e+01
   9.9630800e+05   1.2268066e+01
   1.0093320e+06   1.1596680e+01
   1.0094700e+06   1.2573242e+01
   1.0098660e+06   1.1291504e+01
   1.0237420e+06   1.4038086e+01
   1.0563280e+06   1.1596680e+01
   1.0565620e+06   1.1840820e+01
   1.0715480e+06   1.1779785e+01
   1.1011940e+06   1.1169434e+01
   1.1015440e+06   1.1169434e+01
   1.1206240e+06   1.2023926e+01
   1.1562040e+06   1.1901855e+01
   1.1563060e+06   1.1779785e+01
   1.1571720e+06   1.2145996e+01
   1.1728580e+06   1.1413574e+01
   1.1906280e+06   1.3122559e+01
   1.2085690e+06   1.3244629e+01
   1.2436760e+06   1.3305664e+01
   1.2665470e+06   1.1230469e+01
   1.2834020e+06   1.4526367e+01
   1.2844940e+06   1.1718750e+01
   1.3027360e+06   1.2207031e+01
   1.3623080e+06   1.3061523e+01
   1.3625020e+06   1.1535645e+01
   1.3797440e+06   1.1962891e+01
   1.4050060e+06   1.1413574e+01
   1.4053900e+06   1.1169434e+01
   1.4295940e+06   1.1962891e+01
   1.4478650e+06   1.2878418e+01
   1.4480200e+06   1.1413574e+01
   1.4484220e+06   1.1840820e+01
   1.4701040e+06   1.3000488e+01
   1.4903120e+06   1.5014648e+01
   1.4907460e+06   1.1657715e+01
   1.5087040e+06   1.1230469e+01
   1.5270340e+06   1.1596680e+01
   1.5270940e+06   1.1413574e+01
   1.5275660e+06   1.1657715e+01
   1.5278800e+06   1.1291504e+01
   1.6027020e+06   1.3061523e+01
   1.6284520e+06   1.1779785e+01
   1.6519920e+06   1.1474609e+01
   1.6756220e+06   1.1291504e+01
   1.6758240e+06   1.2573242e+01
   1.6962060e+06   1.2084961e+01
   1.6962960e+06   1.1169434e+01
   1.6972140e+06   1.3061523e+01
   1.7165420e+06   1.1413574e+01
   1.7358800e+06   1.4160156e+01
   1.7362300e+06   1.1169434e+01
   1.7551280e+06   1.1169434e+01
   1.7557420e+06   1.1169434e+01
   1.7774820e+06   1.1413574e+01
   1.8151600e+06   1.2145996e+01
   1.8154730e+06   1.1352539e+01
   1.8353500e+06   1.1169434e+01
   1.8361220e+06   1.1840820e+01
   1.8591760e+06   1.2084961e+01
   1.8858580e+06   1.2634277e+01
   1.8860440e+06   1.1901855e+01
   1.8863460e+06   1.2207031e+01
   1.9486380e+06   1.1413574e+01
   1.9489580e+06   1.1474609e+01
   1.9725540e+06   1.1230469e+01
   1.9727430e+06   1.3000488e+01
   2.0272400e+06   1.2145996e+01
   2.0281640e+06   1.1352539e+01
   2.1000760e+06   1.1535645e+01
   2.1001740e+06   1.2878418e+01
   2.1002430e+06   1.1230469e+01
   2.1002700e+06   1.2207031e+01
   2.1004120e+06   1.1413574e+01
   2.1139770e+06   1.2207031e+01
   3.1763270e+06   1.1840820e+01
   3.2239930e+06   1.2023926e+01
   3.3289310e+06   1.1962891e+01
   3.3304620e+06   1.1596680e+01
   3.3305460e+06   1.1291504e+01
   3.3306300e+06   1.1901855e+01
   3.3324410e+06   1.3183594e+01
   3.3431280e+06   1.1779785e+01
   3.3433260e+06   1.2695312e+01
   3.4029020e+06   1.1413574e+01
   3.4030020e+06   1.1413574e+01
   3.4030260e+06   1.2329102e+01
   3.4035900e+06   1.2939453e+01
   3.4368060e+06   1.2939453e+01
   3.4368900e+06   1.3793945e+01
   3.4371580e+06   1.2695312e+01
   3.4694680e+06   1.2512207e+01
   3.4695440e+06   1.1291504e+01
   3.4695680e+06   1.4160156e+01
   3.4696580e+06   1.1169434e+01
   3.4697480e+06   1.1474609e+01
   3.4698040e+06   1.1230469e+01
   3.5085360e+06   1.5380859e+01
   3.5086500e+06   1.1169434e+01
   3.5310060e+06   1.3244629e+01
   3.5311780e+06   1.1291504e+01
   3.5312300e+06   1.2084961e+01
   3.5631420e+06   1.4343262e+01
   3.5632100e+06   1.1596680e+01
   3.5632300e+06   1.4831543e+01
   3.5632500e+06   1.1840820e+01
   3.5879740e+06   1.4038086e+01
   3.6593270e+06   1.1169434e+01
   3.6602300e+06   1.1535645e+01
   3.6603220e+06   1.1169434e+01
   3.6603480e+06   1.1718750e+01
   3.6607360e+06   1.1596680e+01
   3.6978310e+06   1.1291504e+01
   3.6978600e+06   1.2207031e+01
   3.6982500e+06   1.1352539e+01
   3.7255300e+06   1.2756348e+01
   3.7258760e+06   1.1169434e+01
   3.7259360e+06   1.2329102e+01
   3.7436590e+06   1.1596680e+01
   3.7452140e+06   1.2390137e+01
   3.7453540e+06   1.2451172e+01
   3.7464680e+06   1.3305664e+01
   3.7719380e+06   1.4221191e+01
   3.7723140e+06   1.1352539e+01
   3.8054540e+06   1.2756348e+01
   3.8057200e+06   1.1413574e+01
   3.8244960e+06   1.1596680e+01
   3.8424530e+06   1.1230469e+01
   3.8425220e+06   1.4404297e+01
   3.8428480e+06   1.2023926e+01
   3.8893620e+06   1.1779785e+01
   3.8894030e+06   1.2084961e+01
   3.8912140e+06   1.1535645e+01
   3.9024300e+06   1.1474609e+01
   3.9199050e+06   1.2145996e+01
   3.9690830e+06   1.2939453e+01
   3.9692580e+06   1.2451172e+01
   3.9693280e+06   1.2145996e+01
   3.9695830e+06   1.1291504e+01
   3.9696600e+06   1.1291504e+01
   3.9698200e+06   1.3061523e+01
   4.3258460e+06   1.2084961e+01
   4.3259560e+06   1.1169434e+01
   4.3259750e+06   1.3549805e+01
   4.3260800e+06   1.2329102e+01
   4.3265080e+06   1.1169434e+01
   4.3272300e+06   1.1352539e+01
   4.3381200e+06   1.3854980e+01
   4.3385160e+06   1.1413574e+01
   4.7257490e+06   1.1352539e+01
   4.8848040e+06   1.2512207e+01
   4.8848720e+06   1.3793945e+01
   4.8850140e+06   1.2084961e+01
   4.8851060e+06   1.1291504e+01
   5.0165610e+06   1.2207031e+01
   5.4272660e+06   1.2207031e+01
   5.4272760e+06   1.1291504e+01
   5.4273140e+06   1.1169434e+01
   5.4392820e+06   1.1901855e+01
   5.5192700e+06   1.1901855e+01
   5.5193180e+06   1.1413574e+01
   5.5461750e+06   1.1413574e+01
   5.5834040e+06   1.1596680e+01
   5.6313200e+06   1.3305664e+01
   5.6314540e+06   1.1291504e+01
   5.6437040e+06   1.1291504e+01
   5.6437800e+06   1.3549805e+01
   5.6439420e+06   1.2512207e+01
   5.6852410e+06   1.1291504e+01
   5.9809140e+06   1.1901855e+01
   5.9809870e+06   1.2084961e+01
   5.9810360e+06   1.1291504e+01
   5.9810540e+06   1.1169434e+01
   5.9825660e+06   1.1413574e+01
   5.9921960e+06   1.2268066e+01
   5.9924400e+06   1.1291504e+01
   5.9931280e+06   1.1718750e+01
