   5.9990000e+06   0.0000000e+00
   3.1686000e+04   1.2145996e+01
   1.3218370e+06   1.3366699e+01
   1.3235580e+06   1.2268066e+01
   1.3438270e+06   1.2023926e+01
   1.6520750e+06   1.2023926e+01
   1.7661720e+06   1.2084961e+01
   1.8153250e+06   1.2695312e+01
   1.9102810e+06   1.2634277e+01
   2.0273030e+06   1.2084961e+01
   2.0325720e+06   1.2817383e+01
   2.4246000e+06   1.3732910e+01
   2.6018210e+06   1.2084961e+01
   3.1639640e+06   1.2451172e+01
   3.3421630e+06   1.2817383e+01
   3.3431590e+06   1.3122559e+01
   3.4697580e+06   1.2145996e+01
   3.5449650e+06   1.1901855e+01
   3.6166330e+06   1.2573242e+01
   3.6201150e+06   1.2329102e+01
   3.7670170e+06   1.2451172e+01
   3.9693730e+06   1.1962891e+01
   4.1714100e+06   1.1962891e+01
   4.2019370e+06   1.2145996e+01
   4.3259910e+06   1.2634277e+01
   4.3260430e+06   1.1962891e+01
   4.3387300e+06   1.2084961e+01
   4.8849760e+06   1.2268066e+01
   4.8975670e+06   1.3610840e+01
   4.9103780e+06   1.2145996e+01
   5.3999270e+06   1.2084961e+01
   5.4272340e+06   1.2573242e+01
   5.4273810e+06   1.2939453e+01
   5.5193190e+06   1.2023926e+01
   5.5360680e+06   1.2573242e+01
   5.6313370e+06   1.3305664e+01
   5.7133510e+06   1.2207031e+01
   5.8670750e+06   1.2268066e+01
   5.9923270e+06   1.2451172e+01
