   5.9990000e+06   0.0000000e+00
   2.1737200e+05   1.0925293e+01
   3.4777200e+05   1.1169434e+01
   5.3812400e+05   1.0803223e+01
   6.9198200e+05   1.1413574e+01
   7.3533800e+05   1.1169434e+01
   8.7835000e+05   1.1291504e+01
   1.0101580e+06   1.1047363e+01
   1.4051860e+06   1.1291504e+01
   1.4052620e+06   1.1535645e+01
   1.4534160e+06   1.1230469e+01
   1.4705300e+06   1.2634277e+01
   1.4799220e+06   1.1108398e+01
   1.8152900e+06   1.2573242e+01
   1.8858880e+06   1.1108398e+01
   2.0275760e+06   1.0803223e+01
   2.0281840e+06   1.0986328e+01
   2.0283500e+06   1.0986328e+01
   2.4869140e+06   1.0864258e+01
   2.5449000e+06   1.2023926e+01
   2.5603490e+06   1.1169434e+01
   3.3305180e+06   1.2023926e+01
   3.3305840e+06   1.1352539e+01
   3.3306520e+06   1.0986328e+01
   3.4032280e+06   1.1230469e+01
   3.4035120e+06   1.1047363e+01
   3.4368580e+06   1.1047363e+01
   3.5320060e+06   1.1169434e+01
   3.5630800e+06   1.0925293e+01
   3.7047680e+06   1.0986328e+01
   3.7256680e+06   1.1169434e+01
   3.7258660e+06   1.1291504e+01
   3.8863880e+06   1.1718750e+01
   3.9204240e+06   1.1596680e+01
   4.3259180e+06   1.1230469e+01
   4.3381500e+06   1.1596680e+01
   4.8848560e+06   1.2512207e+01
   4.8854620e+06   1.1047363e+01
   4.8854820e+06   1.1962891e+01
   5.4274200e+06   1.2939453e+01
   5.4279540e+06   1.1657715e+01
   5.4279680e+06   1.1657715e+01
   5.5190160e+06   1.2023926e+01
   5.5193220e+06   1.1230469e+01
   5.6315300e+06   1.0925293e+01
   5.6319500e+06   1.1047363e+01
   5.9809300e+06   1.3061523e+01
   5.9810020e+06   1.1230469e+01
   5.9817240e+06   1.0925293e+01
