   5.9990000e+06   0.0000000e+00
   3.4751400e+05   1.1840820e+01
   3.4755000e+05   1.2451172e+01
   3.4769000e+05   1.1657715e+01
   6.9181800e+05   1.1596680e+01
   6.9184000e+05   1.1535645e+01
   6.9193200e+05   1.1657715e+01
   6.9201300e+05   1.1840820e+01
   7.3542400e+05   1.1840820e+01
   8.3825000e+05   1.1657715e+01
   8.3837800e+05   1.3305664e+01
   9.8299600e+05   1.1352539e+01
   9.9654000e+05   1.1779785e+01
   1.0863160e+06   1.1596680e+01
   1.1371600e+06   1.1535645e+01
   1.2439960e+06   1.2084961e+01
   1.2555570e+06   1.1718750e+01
   1.2671950e+06   1.1535645e+01
   1.2974230e+06   1.1901855e+01
   1.3025680e+06   1.1413574e+01
   1.4050890e+06   1.1413574e+01
   1.4483610e+06   1.1413574e+01
   1.4904860e+06   1.1779785e+01
   1.5088000e+06   1.1718750e+01
   1.5462480e+06   1.2573242e+01
   1.5717390e+06   1.3244629e+01
   1.6029970e+06   1.2207031e+01
   1.7161240e+06   1.1901855e+01
   1.7362320e+06   1.1413574e+01
   1.8034840e+06   1.1474609e+01
   1.8151820e+06   1.1962891e+01
   1.8153000e+06   1.1657715e+01
   1.9101040e+06   1.2023926e+01
   1.9484260e+06   1.1901855e+01
   1.9489300e+06   1.1413574e+01
   2.1002400e+06   1.1352539e+01
   2.2948380e+06   1.1535645e+01
   3.3305560e+06   1.1840820e+01
   3.3306180e+06   1.1596680e+01
   3.3306370e+06   1.1413574e+01
   3.3306620e+06   1.2573242e+01
   3.4369000e+06   1.1352539e+01
   3.4369970e+06   1.2329102e+01
   3.4697360e+06   1.2084961e+01
   3.5085100e+06   1.2145996e+01
   3.5085500e+06   1.1474609e+01
   3.5086470e+06   1.1657715e+01
   3.5312060e+06   1.2268066e+01
   3.5632820e+06   1.6601562e+01
   3.5633040e+06   1.3183594e+01
   3.5879690e+06   1.2207031e+01
   3.6202040e+06   1.2023926e+01
   3.6202420e+06   1.1901855e+01
   3.6202760e+06   1.1352539e+01
   3.6654100e+06   1.1291504e+01
   3.6980750e+06   1.3488770e+01
   3.7720320e+06   1.2207031e+01
   3.8055540e+06   1.4099121e+01
   3.8935380e+06   1.1352539e+01
   3.9205400e+06   1.1352539e+01
   3.9691950e+06   1.1535645e+01
   3.9692980e+06   1.2023926e+01
   3.9696130e+06   1.1535645e+01
   4.3261540e+06   1.1291504e+01
   4.3381630e+06   1.1657715e+01
   4.8847380e+06   1.3793945e+01
   4.8848760e+06   1.2084961e+01
   4.8850070e+06   1.1718750e+01
   4.8850320e+06   1.2084961e+01
   4.8852520e+06   1.1352539e+01
   4.8975620e+06   1.1657715e+01
   4.8982790e+06   1.1352539e+01
   5.4273460e+06   1.3549805e+01
   5.4273740e+06   1.3244629e+01
   5.4274290e+06   1.3061523e+01
   5.4528680e+06   1.1657715e+01
   5.5190610e+06   1.2084961e+01
   5.5191630e+06   1.1535645e+01
   5.5192000e+06   1.4038086e+01
   5.5192430e+06   1.1840820e+01
   5.5192750e+06   1.1596680e+01
   5.5194260e+06   1.1779785e+01
   5.6312660e+06   1.1474609e+01
   5.6313320e+06   1.1962891e+01
   5.6313820e+06   1.1596680e+01
   5.6314270e+06   1.1352539e+01
   5.6314610e+06   1.1474609e+01
   5.6320690e+06   1.1535645e+01
   5.9810200e+06   1.1596680e+01
