   5.9990000e+06   0.0000000e+00
   1.0472700e+05   1.3549805e+01
   1.9402900e+05   1.1352539e+01
   2.1722600e+05   1.1657715e+01
   2.5929500e+05   1.1535645e+01
   3.4755700e+05   1.2512207e+01
   3.4770000e+05   1.1230469e+01
   4.2261300e+05   1.1230469e+01
   6.9195800e+05   1.2268066e+01
   7.6737000e+05   1.2817383e+01
   9.6784300e+05   1.1718750e+01
   1.0413440e+06   1.1352539e+01
   1.0569320e+06   1.1840820e+01
   1.2281870e+06   1.1230469e+01
   1.3623940e+06   1.2023926e+01
   1.4050870e+06   1.2023926e+01
   1.4905980e+06   1.1535645e+01
   1.5728810e+06   1.2084961e+01
   1.6028950e+06   1.1230469e+01
   1.8377080e+06   1.1779785e+01
   1.8590580e+06   1.1718750e+01
   1.9487980e+06   1.2390137e+01
   2.0273920e+06   1.2329102e+01
   2.1081180e+06   1.1718750e+01
   2.1158960e+06   1.1291504e+01
   3.4029240e+06   1.1840820e+01
   3.4029450e+06   1.1291504e+01
   3.4030680e+06   1.3549805e+01
   3.4031360e+06   1.2390137e+01
   3.4034230e+06   1.1718750e+01
   3.4369200e+06   1.2390137e+01
   3.4370200e+06   1.1291504e+01
   3.4370420e+06   1.3732910e+01
   3.4699850e+06   1.1230469e+01
   3.5312640e+06   1.2023926e+01
   3.5642270e+06   1.1413574e+01
   3.5879570e+06   1.2390137e+01
   3.5881740e+06   1.2512207e+01
   3.6201280e+06   1.1962891e+01
   3.6979430e+06   1.4770508e+01
   3.6979780e+06   1.1230469e+01
   3.6980180e+06   1.1291504e+01
   3.7261710e+06   1.2268066e+01
   3.7718880e+06   1.1718750e+01
   3.8425090e+06   1.2634277e+01
   3.8590490e+06   1.1657715e+01
   3.9204520e+06   1.4343262e+01
   3.9701510e+06   1.3122559e+01
   4.6334540e+06   1.1535645e+01
   4.8848620e+06   1.1474609e+01
   4.8848860e+06   1.1657715e+01
   4.8977240e+06   1.1901855e+01
   5.0164110e+06   1.1352539e+01
   5.1070220e+06   1.1718750e+01
   5.1730480e+06   1.1291504e+01
   5.3752110e+06   1.1657715e+01
   5.3911120e+06   1.1596680e+01
   5.4387400e+06   1.1352539e+01
   5.4390420e+06   1.1230469e+01
   5.5191470e+06   1.1596680e+01
   5.6313010e+06   1.1596680e+01
   5.6314810e+06   1.3061523e+01
   5.6316070e+06   1.3000488e+01
   5.9809280e+06   1.1596680e+01
   5.9810530e+06   1.1535645e+01
   5.9922450e+06   1.2268066e+01
