   5.9990000e+06   0.0000000e+00
   6.9944000e+04   1.2939453e+01
   1.0467700e+05   1.3061523e+01
   1.0474900e+05   1.3549805e+01
   2.1600700e+05   1.3732910e+01
   2.1713200e+05   1.3000488e+01
   2.2481600e+05   1.3061523e+01
   3.4739300e+05   1.3793945e+01
   3.4771400e+05   1.3671875e+01
   5.7235900e+05   1.2878418e+01
   6.9181800e+05   1.5991211e+01
   6.9194600e+05   1.3488770e+01
   7.3552100e+05   1.3122559e+01
   7.3561500e+05   1.2817383e+01
   7.6680700e+05   1.2878418e+01
   8.3817000e+05   1.3366699e+01
   8.3833400e+05   1.3916016e+01
   8.7696000e+05   1.3122559e+01
   9.1091400e+05   1.3366699e+01
   9.5274700e+05   1.3610840e+01
   9.5282600e+05   1.3488770e+01
   9.5286600e+05   1.3183594e+01
   9.5327800e+05   1.3488770e+01
   9.6765800e+05   1.3610840e+01
   9.6775500e+05   1.2817383e+01
   9.6796500e+05   1.3244629e+01
   9.9649800e+05   1.3549805e+01
   1.0240710e+06   1.4099121e+01
   1.0412750e+06   1.4831543e+01
   1.0557210e+06   1.3488770e+01
   1.0562820e+06   1.3793945e+01
   1.1011140e+06   1.2817383e+01
   1.1015000e+06   1.3610840e+01
   1.1206740e+06   1.3427734e+01
   1.1562770e+06   1.3488770e+01
   1.1564110e+06   1.6723633e+01
   1.1565440e+06   1.6052246e+01
   1.3023570e+06   1.2817383e+01
   1.3024870e+06   1.3305664e+01
   1.3436670e+06   1.4404297e+01
   1.3438590e+06   1.3061523e+01
   1.3622660e+06   1.8005371e+01
   1.3623900e+06   1.7883301e+01
   1.3796090e+06   1.5075684e+01
   1.4047290e+06   1.4465332e+01
   1.4050030e+06   1.3488770e+01
   1.4051630e+06   1.4648438e+01
   1.4294300e+06   1.4282227e+01
   1.4295310e+06   1.2878418e+01
   1.4296470e+06   1.3671875e+01
   1.4298320e+06   1.3366699e+01
   1.4314530e+06   1.3122559e+01
   1.4479570e+06   1.6967773e+01
   1.4696470e+06   1.2817383e+01
   1.4700160e+06   1.2817383e+01
   1.4904760e+06   1.3305664e+01
   1.4906190e+06   1.3366699e+01
   1.5089560e+06   1.3244629e+01
   1.5262410e+06   1.3061523e+01
   1.5269300e+06   1.3427734e+01
   1.5272750e+06   1.2878418e+01
   1.5715840e+06   1.5197754e+01
   1.5719840e+06   1.3916016e+01
   1.6281250e+06   1.4160156e+01
   1.6283390e+06   1.4221191e+01
   1.6487580e+06   1.2817383e+01
   1.6522740e+06   1.4038086e+01
   1.6754640e+06   1.3488770e+01
   1.6757240e+06   1.2878418e+01
   1.6960370e+06   1.3610840e+01
   1.6961810e+06   1.3061523e+01
   1.6962120e+06   1.4526367e+01
   1.6965960e+06   1.2939453e+01
   1.7151400e+06   1.2817383e+01
   1.7358360e+06   1.2878418e+01
   1.7359590e+06   1.3305664e+01
   1.7545010e+06   1.2878418e+01
   1.7549960e+06   1.3061523e+01
   1.8148990e+06   1.3488770e+01
   1.8151260e+06   1.2817383e+01
   1.8353290e+06   1.4892578e+01
   1.8355940e+06   1.3244629e+01
   1.8588470e+06   1.2939453e+01
   1.8590570e+06   1.3061523e+01
   1.8591570e+06   1.2878418e+01
   1.9099740e+06   1.4770508e+01
   1.9483760e+06   1.6540527e+01
   1.9486880e+06   1.2817383e+01
   1.9727250e+06   1.3549805e+01
   1.9734610e+06   1.4160156e+01
   2.0999320e+06   1.4587402e+01
   2.1000670e+06   1.2939453e+01
   2.2266410e+06   1.4221191e+01
   2.5854730e+06   1.4038086e+01
   2.6537720e+06   1.3977051e+01
   2.6944690e+06   1.6967773e+01
   2.7138520e+06   1.3000488e+01
   2.7216460e+06   1.3366699e+01
   2.7490760e+06   1.3610840e+01
   2.7755140e+06   1.2817383e+01
   2.7968320e+06   1.3183594e+01
   2.8069690e+06   1.3244629e+01
   2.8267750e+06   1.5625000e+01
   2.8272960e+06   1.3061523e+01
   2.8371670e+06   1.4587402e+01
   3.0104010e+06   1.3061523e+01
   3.0417820e+06   1.3854980e+01
   3.0660240e+06   1.3244629e+01
   3.0944510e+06   1.3305664e+01
   3.1103210e+06   1.2939453e+01
   3.1396720e+06   1.3244629e+01
   3.1638610e+06   1.5686035e+01
   3.1867390e+06   1.4343262e+01
   3.2426880e+06   1.3366699e+01
   3.2868320e+06   1.3183594e+01
   3.3305600e+06   1.2878418e+01
   3.3433500e+06   1.3366699e+01
   3.3784090e+06   1.3549805e+01
   3.4030580e+06   1.3061523e+01
   3.4231100e+06   1.2939453e+01
   3.4369130e+06   1.3183594e+01
   3.4696780e+06   1.3000488e+01
   3.4697090e+06   1.4892578e+01
   3.4698160e+06   1.3183594e+01
   3.5000160e+06   1.2939453e+01
   3.5009930e+06   1.4526367e+01
   3.5083210e+06   1.6662598e+01
   3.5083810e+06   1.3122559e+01
   3.5311720e+06   1.3183594e+01
   3.5312800e+06   1.3183594e+01
   3.5316680e+06   1.3183594e+01
   3.5632580e+06   1.3427734e+01
   3.5634450e+06   1.3610840e+01
   3.5876920e+06   1.3122559e+01
   3.5879390e+06   1.3183594e+01
   3.5879680e+06   1.4587402e+01
   3.6200860e+06   1.4282227e+01
   3.6978930e+06   1.3183594e+01
   3.7111930e+06   1.3854980e+01
   3.7257330e+06   1.7822266e+01
   3.7259770e+06   1.3854980e+01
   3.7439670e+06   1.7150879e+01
   3.7720020e+06   1.4892578e+01
   3.8053480e+06   1.3854980e+01
   3.8246880e+06   1.5380859e+01
   3.8247190e+06   1.4099121e+01
   3.8249980e+06   1.4160156e+01
   3.8426410e+06   1.3061523e+01
   3.8427030e+06   1.4282227e+01
   3.8589950e+06   1.4526367e+01
   3.8591870e+06   1.3244629e+01
   3.8894840e+06   1.5991211e+01
   3.8896110e+06   1.5625000e+01
   3.9205360e+06   1.3122559e+01
   3.9212630e+06   1.3366699e+01
   3.9693640e+06   1.5625000e+01
   3.9693860e+06   1.3977051e+01
   4.3258070e+06   1.3122559e+01
   4.3258930e+06   1.3305664e+01
   4.3260780e+06   1.3977051e+01
   4.3376110e+06   1.3183594e+01
   4.4279570e+06   1.3793945e+01
   4.5624940e+06   1.3610840e+01
   4.6293860e+06   1.3061523e+01
   4.6505390e+06   1.3854980e+01
   4.6709670e+06   1.7211914e+01
   4.6717330e+06   1.3671875e+01
   4.6926690e+06   1.3732910e+01
   4.7064320e+06   1.3183594e+01
   4.7261380e+06   1.3488770e+01
   4.7572290e+06   1.4038086e+01
   4.8243570e+06   1.4160156e+01
   4.8512530e+06   1.3000488e+01
   4.8834770e+06   1.4526367e+01
   4.8848060e+06   1.2939453e+01
   4.8849010e+06   1.3427734e+01
   4.8975120e+06   1.3183594e+01
   4.8976020e+06   1.3549805e+01
   4.9267080e+06   1.3610840e+01
   4.9689400e+06   1.3427734e+01
   5.0326380e+06   1.3305664e+01
   5.0672240e+06   1.4404297e+01
   5.0729450e+06   1.3122559e+01
   5.0736130e+06   1.3488770e+01
   5.2142280e+06   1.4282227e+01
   5.2879810e+06   1.2939453e+01
   5.3250260e+06   1.2939453e+01
   5.3805980e+06   1.3427734e+01
   5.4253900e+06   1.2878418e+01
   5.4257370e+06   1.3671875e+01
   5.4272100e+06   1.6052246e+01
   5.4272250e+06   1.3610840e+01
   5.4273440e+06   1.3061523e+01
   5.4526900e+06   1.4038086e+01
   5.4528510e+06   1.3061523e+01
   5.4529670e+06   1.3488770e+01
   5.4791490e+06   1.3977051e+01
   5.4830720e+06   1.4099121e+01
   5.5006280e+06   1.3366699e+01
   5.5172940e+06   1.5136719e+01
   5.5191110e+06   1.3244629e+01
   5.5383650e+06   1.3244629e+01
   5.5823580e+06   1.2939453e+01
   5.5982310e+06   1.2878418e+01
   5.6312400e+06   1.4160156e+01
   5.6313290e+06   1.4526367e+01
   5.6314390e+06   1.3610840e+01
   5.6439690e+06   1.5441895e+01
   5.9808340e+06   1.4221191e+01
   5.9809080e+06   1.6784668e+01
   5.9809810e+06   1.4892578e+01
   5.9818250e+06   1.3549805e+01
   5.9822150e+06   1.5075684e+01
   5.9919510e+06   1.3366699e+01
   5.9922190e+06   1.3671875e+01
