   5.9990000e+06   0.0000000e+00
   2.4000000e+03   1.3793945e+01
   2.7760200e+05   1.4282227e+01
   2.7768800e+05   1.4099121e+01
   7.2155700e+05   1.5869141e+01
   7.2158400e+05   1.6235352e+01
   7.2167400e+05   1.4099121e+01
   1.0495550e+06   1.5197754e+01
   1.0495960e+06   1.7700195e+01
   1.0496220e+06   1.5930176e+01
   1.1939620e+06   1.4587402e+01
   1.3782620e+06   1.6662598e+01
   1.3782940e+06   1.3916016e+01
   1.3783140e+06   1.8981934e+01
   1.4852320e+06   1.6235352e+01
   1.4852650e+06   1.3671875e+01
   1.4853130e+06   1.5441895e+01
   1.7117800e+06   1.4587402e+01
   1.7118300e+06   1.7456055e+01
   1.7118510e+06   1.3916016e+01
   2.4800980e+06   1.9775391e+01
   2.7545940e+06   1.3549805e+01
   2.7546310e+06   1.8676758e+01
   2.7546690e+06   2.1118164e+01
   3.3752160e+06   1.3916016e+01
   3.3752310e+06   2.0324707e+01
   3.6015430e+06   1.3488770e+01
   3.6015790e+06   1.6845703e+01
   3.8711350e+06   1.5197754e+01
   3.8711730e+06   1.5319824e+01
   4.0306640e+06   1.4099121e+01
   4.8130250e+06   1.7517090e+01
   4.8131200e+06   1.4709473e+01
   4.8131510e+06   1.6967773e+01
   4.8132050e+06   1.4160156e+01
   4.8295930e+06   1.3793945e+01
   4.8296130e+06   1.5136719e+01
   4.8297390e+06   1.3854980e+01
   5.0441610e+06   1.5380859e+01
   5.0443220e+06   1.4648438e+01
   5.2355590e+06   2.1728516e+01
   5.2355790e+06   1.5869141e+01
   5.2355990e+06   1.7211914e+01
   5.2356350e+06   1.6418457e+01
   5.2362780e+06   1.5441895e+01
   5.6279500e+06   1.4648438e+01
   5.6279930e+06   1.8066406e+01
   5.6280210e+06   1.5747070e+01
   5.6280590e+06   1.6723633e+01
   5.6290510e+06   1.3793945e+01
   5.8260120e+06   1.3732910e+01
   5.8260530e+06   2.1728516e+01
