   5.9990000e+06   0.0000000e+00
   1.4912200e+05   1.4770508e+01
   2.7834200e+05   1.3183594e+01
   2.7855500e+05   1.4465332e+01
   2.7880000e+05   1.3977051e+01
   2.7909100e+05   1.3671875e+01
   2.7924800e+05   1.5625000e+01
   7.2158300e+05   1.4648438e+01
   7.2253900e+05   1.2878418e+01
   7.2265900e+05   1.3610840e+01
   1.0506430e+06   1.2878418e+01
   1.0509180e+06   1.3793945e+01
   1.0510600e+06   1.3793945e+01
   1.2193550e+06   1.3488770e+01
   1.3782540e+06   1.5686035e+01
   1.3793320e+06   1.4831543e+01
   1.3794870e+06   1.3977051e+01
   1.3796650e+06   1.4038086e+01
   1.4852840e+06   1.2878418e+01
   1.4863610e+06   1.3000488e+01
   1.7117970e+06   1.5869141e+01
   1.7129650e+06   1.3732910e+01
   1.7710110e+06   1.3061523e+01
   2.4800690e+06   1.3549805e+01
   2.4812630e+06   1.3488770e+01
   2.7546460e+06   1.3427734e+01
   2.7546830e+06   1.4282227e+01
   2.7553540e+06   1.3549805e+01
   2.7556350e+06   1.3305664e+01
   2.8516660e+06   1.2817383e+01
   3.3751850e+06   1.3305664e+01
   3.3757440e+06   1.7822266e+01
   3.3762500e+06   1.2939453e+01
   3.6016030e+06   1.7089844e+01
   3.6024310e+06   1.4892578e+01
   3.6028920e+06   1.3610840e+01
   3.8711860e+06   1.3977051e+01
   3.8717320e+06   1.5747070e+01
   3.8721550e+06   1.3183594e+01
   3.8723020e+06   1.3061523e+01
   3.8724510e+06   1.2878418e+01
   4.1497000e+06   1.2878418e+01
   4.3769690e+06   1.2817383e+01
   4.4865460e+06   1.3610840e+01
   4.8131130e+06   1.4099121e+01
   4.8136290e+06   1.3183594e+01
   4.8137690e+06   1.3977051e+01
   5.0450190e+06   1.3549805e+01
   5.0451990e+06   1.2878418e+01
   5.1541240e+06   1.6540527e+01
   5.6280140e+06   1.3000488e+01
   5.6289020e+06   1.2756348e+01
   5.8260650e+06   1.2878418e+01
   5.8269230e+06   1.2695312e+01
   5.9460480e+06   1.2695312e+01
   5.9716180e+06   1.4343262e+01
   5.9718540e+06   1.7272949e+01
