   5.9990000e+06   0.0000000e+00
   2.7738000e+05   1.7944336e+01
   2.7744600e+05   1.8493652e+01
   2.7747500e+05   1.9470215e+01
   2.7751300e+05   1.9714355e+01
   2.7753200e+05   2.6489258e+01
   2.7755800e+05   1.8493652e+01
   2.7758500e+05   2.9663086e+01
   2.7761200e+05   2.3193359e+01
   2.7765100e+05   5.2307129e+01
   2.7772200e+05   4.8095703e+01
   2.7778700e+05   3.4423828e+01
   2.7786800e+05   3.9367676e+01
   2.7795500e+05   4.2358398e+01
   4.0692600e+05   1.8615723e+01
   5.1405000e+05   1.8615723e+01
   7.2134400e+05   1.8188477e+01
   7.2140200e+05   1.9836426e+01
   7.2154800e+05   1.8615723e+01
   7.2156600e+05   2.2827148e+01
   7.2158900e+05   4.7973633e+01
   7.2162700e+05   2.2888184e+01
   7.2165700e+05   3.1494141e+01
   7.2173200e+05   2.7709961e+01
   7.2180400e+05   2.9113770e+01
   7.2194400e+05   2.0629883e+01
   7.3720700e+05   2.0019531e+01
   1.0494440e+06   1.8249512e+01
   1.0494680e+06   1.8310547e+01
   1.0495060e+06   1.8615723e+01
   1.0495420e+06   2.1911621e+01
   1.0496110e+06   4.2053223e+01
   1.0496860e+06   4.2480469e+01
   1.0497540e+06   3.3752441e+01
   1.0498270e+06   3.3996582e+01
   1.0499060e+06   4.1503906e+01
   1.0500520e+06   3.6499023e+01
   1.0500620e+06   1.8554688e+01
   1.0502070e+06   1.8188477e+01
   1.3776120e+06   2.0080566e+01
   1.3777510e+06   1.7639160e+01
   1.3778470e+06   2.0080566e+01
   1.3779460e+06   1.8615723e+01
   1.3780430e+06   2.3620605e+01
   1.3782280e+06   2.1606445e+01
   1.3783400e+06   1.9714355e+01
   1.3784010e+06   1.7700195e+01
   1.3784260e+06   3.8818359e+01
   1.3784450e+06   2.2155762e+01
   1.3785080e+06   3.7536621e+01
   1.3785810e+06   3.0456543e+01
   1.3786480e+06   3.1433105e+01
   1.3787380e+06   3.6437988e+01
   1.4806880e+06   2.6977539e+01
   1.4844580e+06   2.0385742e+01
   1.4845800e+06   1.7761230e+01
   1.4846570e+06   2.2460938e+01
   1.4847380e+06   1.8127441e+01
   1.4848020e+06   2.0629883e+01
   1.4848630e+06   1.9592285e+01
   1.4850650e+06   1.7944336e+01
   1.4851020e+06   1.8188477e+01
   1.4851560e+06   1.8676758e+01
   1.4852210e+06   2.1484375e+01
   1.4853440e+06   4.2358398e+01
   1.4854430e+06   3.8330078e+01
   1.4854540e+06   2.0080566e+01
   1.4854950e+06   1.7700195e+01
   1.4855330e+06   3.4729004e+01
   1.4856190e+06   3.6865234e+01
   1.4857020e+06   2.9296875e+01
   1.4858060e+06   3.4240723e+01
   1.4859380e+06   3.5034180e+01
   1.4860830e+06   3.2470703e+01
   1.4862170e+06   3.6071777e+01
   1.4863610e+06   3.2653809e+01
   1.7115600e+06   2.2216797e+01
   1.7116820e+06   2.4414062e+01
   1.7117230e+06   2.2460938e+01
   1.7117590e+06   1.7639160e+01
   1.7117750e+06   1.8676758e+01
   1.7118010e+06   4.1931152e+01
   1.7118270e+06   2.1179199e+01
   1.7118550e+06   1.7822266e+01
   1.7118800e+06   4.3579102e+01
   1.7119520e+06   3.5888672e+01
   1.7120260e+06   3.2470703e+01
   1.7120990e+06   3.0395508e+01
   1.7121200e+06   1.9714355e+01
   1.7122190e+06   3.7597656e+01
   1.7123340e+06   3.8757324e+01
   1.7123600e+06   1.9409180e+01
   1.7125370e+06   3.9428711e+01
   1.9675130e+06   1.9836426e+01
   2.4799080e+06   2.3925781e+01
   2.4799470e+06   2.6184082e+01
   2.4800000e+06   1.8127441e+01
   2.4800370e+06   2.0812988e+01
   2.4800560e+06   3.1127930e+01
   2.4801230e+06   4.2968750e+01
   2.4801860e+06   3.8940430e+01
   2.4802180e+06   1.7578125e+01
   2.4802640e+06   4.2480469e+01
   2.4803390e+06   3.0456543e+01
   2.4803830e+06   1.8249512e+01
   2.4804830e+06   3.3325195e+01
   2.4805350e+06   1.7822266e+01
   2.4811860e+06   1.7578125e+01
   2.7544560e+06   1.8920898e+01
   2.7544920e+06   1.8676758e+01
   2.7545790e+06   1.8859863e+01
   2.7546020e+06   2.4719238e+01
   2.7546520e+06   3.9489746e+01
   2.7546970e+06   2.0202637e+01
   2.7547210e+06   2.7526855e+01
   2.7547870e+06   3.3813477e+01
   2.7548230e+06   2.5695801e+01
   2.7548630e+06   4.2358398e+01
   2.7549140e+06   1.7578125e+01
   2.7549300e+06   3.3325195e+01
   2.7549670e+06   1.9042969e+01
   2.7550070e+06   3.8024902e+01
   2.7550960e+06   1.8188477e+01
   2.7552370e+06   3.6254883e+01
   3.3748780e+06   2.0019531e+01
   3.3749770e+06   1.8859863e+01
   3.3750310e+06   1.9165039e+01
   3.3750670e+06   1.8981934e+01
   3.3751030e+06   3.3142090e+01
   3.3751240e+06   2.0507812e+01
   3.3751420e+06   1.8371582e+01
   3.3751810e+06   5.1086426e+01
   3.3752510e+06   3.4606934e+01
   3.3753100e+06   4.5166016e+01
   3.3753590e+06   2.0263672e+01
   3.3753860e+06   2.6611328e+01
   3.3754560e+06   3.9733887e+01
   3.3754760e+06   2.0080566e+01
   3.3755300e+06   3.9672852e+01
   3.3756010e+06   3.8024902e+01
   3.3756220e+06   1.9592285e+01
   3.6014740e+06   1.8554688e+01
   3.6015010e+06   2.5085449e+01
   3.6015560e+06   2.5085449e+01
   3.6016030e+06   3.3325195e+01
   3.6016170e+06   1.8554688e+01
   3.6016440e+06   1.7944336e+01
   3.6016680e+06   3.1494141e+01
   3.6017370e+06   3.3935547e+01
   3.6018070e+06   4.6630859e+01
   3.6018840e+06   3.2348633e+01
   3.6019190e+06   1.8920898e+01
   3.6020430e+06   3.7170410e+01
   3.8709760e+06   1.7883301e+01
   3.8710160e+06   2.0263672e+01
   3.8710390e+06   1.8310547e+01
   3.8710950e+06   1.8859863e+01
   3.8711330e+06   2.4353027e+01
   3.8711530e+06   2.1911621e+01
   3.8711850e+06   2.3620605e+01
   3.8712410e+06   2.1972656e+01
   3.8712550e+06   3.2653809e+01
   3.8713190e+06   4.1564941e+01
   3.8713920e+06   3.1677246e+01
   3.8714670e+06   3.0883789e+01
   3.8715460e+06   2.8625488e+01
   4.2515670e+06   1.8188477e+01
   4.2517060e+06   1.9409180e+01
   4.2521610e+06   1.8859863e+01
   4.2522980e+06   1.9104004e+01
   4.8123150e+06   2.0324707e+01
   4.8128300e+06   2.0935059e+01
   4.8130040e+06   1.8249512e+01
   4.8130930e+06   1.9409180e+01
   4.8131980e+06   2.2644043e+01
   4.8132730e+06   1.8859863e+01
   4.8289600e+06   2.0568848e+01
   4.8290520e+06   1.9226074e+01
   4.8291030e+06   1.7822266e+01
   4.8292290e+06   2.0385742e+01
   4.8292890e+06   2.0080566e+01
   4.8293210e+06   1.8188477e+01
   4.8293580e+06   2.1850586e+01
   4.8294120e+06   4.5104980e+01
   4.8294810e+06   4.4738770e+01
   4.8295480e+06   3.3874512e+01
   4.8296250e+06   4.0344238e+01
   4.8297070e+06   4.9743652e+01
   4.8297880e+06   3.2409668e+01
   4.8298920e+06   3.5217285e+01
   4.8300040e+06   3.6560059e+01
   5.0437190e+06   2.0874023e+01
   5.0437660e+06   2.0568848e+01
   5.0438150e+06   1.8493652e+01
   5.0438550e+06   2.3071289e+01
   5.0438990e+06   2.3437500e+01
   5.0439450e+06   2.0629883e+01
   5.0440820e+06   1.8249512e+01
   5.0441980e+06   1.8676758e+01
   5.0442600e+06   1.8310547e+01
   5.0443380e+06   1.8676758e+01
   5.2354450e+06   1.9531250e+01
   5.2354740e+06   1.9165039e+01
   5.2355320e+06   2.1118164e+01
   5.2355420e+06   1.9409180e+01
   5.2355660e+06   2.0446777e+01
   5.2355930e+06   2.4475098e+01
   5.2356350e+06   4.8889160e+01
   5.2356480e+06   1.9775391e+01
   5.2356850e+06   1.9409180e+01
   5.2357030e+06   3.7292480e+01
   5.2357730e+06   2.9052734e+01
   5.2358430e+06   3.3081055e+01
   5.2358800e+06   1.8981934e+01
   5.2359190e+06   3.7231445e+01
   5.2359710e+06   1.8188477e+01
   5.5256100e+06   2.4780273e+01
   5.5662050e+06   1.8188477e+01
   5.6278650e+06   1.8371582e+01
   5.6278940e+06   1.9042969e+01
   5.6279380e+06   2.0812988e+01
   5.6279600e+06   3.0822754e+01
   5.6279880e+06   1.8737793e+01
   5.6280150e+06   3.9916992e+01
   5.6280290e+06   2.1728516e+01
   5.6280680e+06   2.4841309e+01
   5.6280830e+06   3.1005859e+01
   5.6281370e+06   3.6499023e+01
   5.6282000e+06   3.3874512e+01
   5.6282830e+06   3.9733887e+01
   5.7298410e+06   1.8066406e+01
   5.8259170e+06   2.1667480e+01
   5.8259360e+06   1.8371582e+01
   5.8259600e+06   2.5146484e+01
   5.8259880e+06   1.8005371e+01
   5.8260110e+06   1.8615723e+01
   5.8260210e+06   2.4291992e+01
   5.8260630e+06   4.0954590e+01
   5.8261160e+06   2.5207520e+01
   5.8261290e+06   2.6367188e+01
   5.8261630e+06   1.9958496e+01
   5.8261980e+06   2.8320312e+01
   5.8262650e+06   3.4118652e+01
   5.8263330e+06   2.9418945e+01
   5.8264270e+06   3.6376953e+01
   5.8265500e+06   3.2470703e+01
