   5.9990000e+06   0.0000000e+00
   2.7746200e+05   1.5136719e+01
   2.7754100e+05   1.9348145e+01
   2.7757100e+05   1.6906738e+01
   2.7761400e+05   1.5808105e+01
   2.7766000e+05   1.7028809e+01
   7.2152400e+05   1.5502930e+01
   7.2155800e+05   1.5991211e+01
   7.2162600e+05   1.5197754e+01
   7.2169500e+05   1.5808105e+01
   1.0494780e+06   1.8432617e+01
   1.0495240e+06   1.8127441e+01
   1.0495790e+06   2.0141602e+01
   1.3781590e+06   1.7639160e+01
   1.3783320e+06   1.5319824e+01
   1.3783990e+06   1.6479492e+01
   1.4850250e+06   1.5563965e+01
   1.4851680e+06   1.7333984e+01
   1.4852420e+06   1.7517090e+01
   1.4852790e+06   1.7456055e+01
   1.7117260e+06   1.6540527e+01
   1.7117580e+06   1.6235352e+01
   1.7118100e+06   1.5441895e+01
   2.4795750e+06   1.5563965e+01
   2.4798900e+06   1.6662598e+01
   2.4799480e+06   2.5512695e+01
   2.4799670e+06   1.5380859e+01
   2.4801000e+06   1.7578125e+01
   2.5596860e+06   1.5258789e+01
   2.7545500e+06   1.6845703e+01
   2.7545820e+06   2.3071289e+01
   2.7546080e+06   1.5258789e+01
   3.3750730e+06   1.7639160e+01
   3.3751080e+06   1.5197754e+01
   3.3751490e+06   1.5625000e+01
   3.3751760e+06   1.5869141e+01
   3.6014490e+06   1.5747070e+01
   3.6014920e+06   1.6906738e+01
   3.6016080e+06   1.5197754e+01
   3.8710680e+06   1.6418457e+01
   3.8711220e+06   2.0629883e+01
   3.8712090e+06   1.5563965e+01
   4.8131500e+06   1.6418457e+01
   4.8132720e+06   1.7944336e+01
   4.8134110e+06   1.5380859e+01
   4.8134230e+06   1.6479492e+01
   4.8292640e+06   1.6845703e+01
   4.8293230e+06   2.2521973e+01
   4.8293690e+06   1.7028809e+01
   4.8294270e+06   1.7944336e+01
   5.0446660e+06   1.5441895e+01
   5.2354550e+06   1.6784668e+01
   5.2355040e+06   1.5991211e+01
   5.2355460e+06   1.6723633e+01
   5.2355570e+06   1.6784668e+01
   5.2356190e+06   1.6723633e+01
   5.6278630e+06   1.6784668e+01
   5.6279400e+06   2.0812988e+01
   5.8259990e+06   1.8676758e+01
   5.8260290e+06   1.6723633e+01
