   5.9990000e+06   0.0000000e+00
   6.5000000e+01   1.5930176e+01
   2.5720000e+03   1.6052246e+01
   3.5980000e+03   1.6540527e+01
   4.6390000e+03   1.8920898e+01
   5.3360000e+03   1.6723633e+01
   7.3730000e+03   1.6357422e+01
   8.3030000e+03   1.6174316e+01
   1.1358000e+04   1.6479492e+01
   1.5295000e+04   1.6906738e+01
   1.9048000e+04   1.7700195e+01
   2.0210000e+04   1.6723633e+01
   2.2230000e+04   1.7028809e+01
   2.3300000e+04   1.6906738e+01
   2.4414000e+04   1.7150879e+01
   2.5999000e+04   1.5808105e+01
   2.6869000e+04   1.5502930e+01
   3.0842000e+04   1.6784668e+01
   3.1982000e+04   1.6967773e+01
   3.2932000e+04   1.5930176e+01
   3.3763000e+04   1.6845703e+01
   3.5313000e+04   1.6235352e+01
   3.7807000e+04   2.0141602e+01
   3.9023000e+04   1.5319824e+01
   3.9950000e+04   1.9958496e+01
   4.0729000e+04   1.6418457e+01
   4.3192000e+04   1.7395020e+01
   4.5574000e+04   1.7700195e+01
   4.6689000e+04   1.5319824e+01
   5.0404000e+04   1.5808105e+01
   5.6100000e+04   1.5258789e+01
   5.7477000e+04   1.5625000e+01
   5.8558000e+04   1.6174316e+01
   5.9351000e+04   1.6052246e+01
   6.2530000e+04   1.5686035e+01
   6.4512000e+04   1.6052246e+01
   6.5330000e+04   1.5930176e+01
   6.6509000e+04   1.5686035e+01
   7.0379000e+04   1.5319824e+01
   7.1506000e+04   1.7089844e+01
   8.3349000e+04   1.5686035e+01
   8.6633000e+04   1.7822266e+01
   8.9158000e+04   1.5380859e+01
   9.0157000e+04   1.9714355e+01
   9.3829000e+04   1.5869141e+01
   9.4674000e+04   1.5747070e+01
   9.6042000e+04   1.7456055e+01
   1.0336000e+05   1.5991211e+01
   1.0541700e+05   1.6296387e+01
   1.0708900e+05   1.6296387e+01
   1.1020400e+05   1.7822266e+01
   1.1729300e+05   1.6479492e+01
   1.2110300e+05   1.7639160e+01
   1.2191300e+05   1.5625000e+01
   1.2346000e+05   1.6540527e+01
   1.2450500e+05   1.5991211e+01
   1.2756400e+05   1.7761230e+01
   1.2939800e+05   1.5930176e+01
   1.4362000e+05   1.5991211e+01
   1.4445700e+05   1.5930176e+01
   1.4663600e+05   1.8737793e+01
   1.4975900e+05   1.6418457e+01
   1.5082400e+05   1.5930176e+01
   1.5220100e+05   1.6357422e+01
   1.5644900e+05   1.5930176e+01
   1.5716700e+05   1.7395020e+01
   1.6368300e+05   1.5563965e+01
   1.6485900e+05   1.7333984e+01
   1.6856300e+05   1.6235352e+01
   1.7417100e+05   1.8493652e+01
   1.7572100e+05   1.5869141e+01
   1.7670500e+05   1.7333984e+01
   1.8171200e+05   1.6174316e+01
   1.8307200e+05   1.5625000e+01
   1.8407900e+05   1.7456055e+01
   1.8759100e+05   1.5258789e+01
   1.8905000e+05   1.6174316e+01
   1.8987600e+05   1.5502930e+01
   1.9458200e+05   1.6296387e+01
   1.9766700e+05   1.5625000e+01
   2.0258200e+05   1.7761230e+01
   2.0467800e+05   1.9714355e+01
   2.0621300e+05   1.7395020e+01
   2.0826400e+05   1.6845703e+01
   2.0943900e+05   1.5563965e+01
   2.1224900e+05   1.6296387e+01
   2.1355300e+05   1.5258789e+01
   2.1522900e+05   1.5563965e+01
   2.1614400e+05   1.5380859e+01
   2.1995300e+05   1.5930176e+01
   2.2062200e+05   1.6052246e+01
   2.3033900e+05   1.6723633e+01
   2.3180700e+05   1.8371582e+01
   2.3707700e+05   1.5258789e+01
   2.3940800e+05   1.8310547e+01
   2.4294100e+05   1.8981934e+01
   2.4615100e+05   1.6113281e+01
   2.5307400e+05   1.6418457e+01
   2.5665700e+05   1.6662598e+01
   2.5739700e+05   1.5563965e+01
   2.5976900e+05   2.0202637e+01
   2.6435300e+05   1.5869141e+01
   2.6639100e+05   1.5991211e+01
   2.6714100e+05   1.6662598e+01
   2.6814000e+05   1.8859863e+01
   2.6900200e+05   1.5686035e+01
   2.7000700e+05   1.6113281e+01
   2.7226600e+05   1.5991211e+01
   2.7384400e+05   1.6174316e+01
   2.7617600e+05   1.6174316e+01
   2.7750700e+05   2.0019531e+01
   2.7763400e+05   1.9226074e+01
   2.7768100e+05   2.4169922e+01
   2.7811100e+05   1.7333984e+01
   3.0384000e+05   1.6113281e+01
   3.0868200e+05   1.8554688e+01
   3.1180800e+05   1.5991211e+01
   3.1308500e+05   1.6784668e+01
   3.1731400e+05   1.7639160e+01
   3.2073000e+05   1.6052246e+01
   3.2354000e+05   1.5319824e+01
   3.2444000e+05   1.8066406e+01
   3.2524700e+05   1.7578125e+01
   3.2632700e+05   1.6662598e+01
   3.2811500e+05   1.7822266e+01
   3.3267400e+05   1.5563965e+01
   3.3298300e+05   2.1362305e+01
   3.3589800e+05   1.5930176e+01
   3.3640600e+05   1.5686035e+01
   3.4053900e+05   1.5625000e+01
   3.4152900e+05   1.6662598e+01
   3.4335800e+05   1.5930176e+01
   3.4725300e+05   1.6418457e+01
   3.4797100e+05   1.5686035e+01
   3.5038400e+05   1.5930176e+01
   3.5115400e+05   1.5686035e+01
   3.5198200e+05   1.8188477e+01
   3.5299300e+05   1.6967773e+01
   3.5352200e+05   1.7700195e+01
   3.5463400e+05   1.6052246e+01
   3.6031500e+05   1.6662598e+01
   3.6196800e+05   1.6174316e+01
   3.6302600e+05   1.5686035e+01
   3.6466500e+05   1.5747070e+01
   3.6677200e+05   1.5686035e+01
   3.7137100e+05   1.7822266e+01
   3.7309100e+05   1.6357422e+01
   3.7756100e+05   1.6845703e+01
   3.8278200e+05   1.6174316e+01
   3.8613300e+05   1.6357422e+01
   3.8678000e+05   1.5991211e+01
   3.8764700e+05   1.7395020e+01
   3.8860900e+05   1.5625000e+01
   3.9063300e+05   1.5747070e+01
   3.9142700e+05   1.8005371e+01
   3.9460800e+05   1.6174316e+01
   3.9515400e+05   1.5869141e+01
   3.9704800e+05   1.6723633e+01
   4.0312500e+05   1.6174316e+01
   4.0375300e+05   1.5686035e+01
   4.0921400e+05   1.5502930e+01
   4.1133800e+05   1.5563965e+01
   4.1222700e+05   1.6601562e+01
   4.1318000e+05   1.5686035e+01
   4.1559300e+05   1.8005371e+01
   4.1643900e+05   1.5319824e+01
   4.1724300e+05   1.7272949e+01
   4.1959900e+05   1.5319824e+01
   4.2059200e+05   1.5625000e+01
   4.2139100e+05   1.5625000e+01
   4.2235500e+05   1.7150879e+01
   4.2463300e+05   1.9042969e+01
   4.2536000e+05   1.6540527e+01
   4.3350100e+05   1.6052246e+01
   4.3451900e+05   1.6723633e+01
   4.3695100e+05   1.6845703e+01
   4.3961700e+05   1.6174316e+01
   4.4113200e+05   1.5502930e+01
   4.4214000e+05   1.7639160e+01
   4.4558800e+05   1.5808105e+01
   4.5149700e+05   1.6418457e+01
   4.5269600e+05   1.6906738e+01
   4.5387700e+05   1.5258789e+01
   4.5648600e+05   1.6845703e+01
   4.5973400e+05   1.5380859e+01
   4.6166300e+05   1.5563965e+01
   4.6252000e+05   1.8371582e+01
   4.6430500e+05   1.7028809e+01
   4.6847900e+05   1.6113281e+01
   4.6925900e+05   1.7517090e+01
   4.7028300e+05   1.5625000e+01
   4.7268700e+05   1.5930176e+01
   4.8166000e+05   1.6174316e+01
   4.8591700e+05   1.8920898e+01
   4.8866500e+05   1.5502930e+01
   4.9439700e+05   1.7395020e+01
   4.9902400e+05   1.5563965e+01
   5.0845600e+05   1.8066406e+01
   5.1245800e+05   1.7883301e+01
   5.1577400e+05   1.7883301e+01
   5.1840600e+05   1.5502930e+01
   5.1931400e+05   1.6723633e+01
   5.2476700e+05   1.7028809e+01
   5.2605500e+05   1.6540527e+01
   5.3038200e+05   1.6601562e+01
   5.3384000e+05   1.8676758e+01
   5.3465800e+05   1.6967773e+01
   5.3549200e+05   1.6723633e+01
   5.3642800e+05   1.5808105e+01
   5.3738800e+05   1.6723633e+01
   5.3944100e+05   1.5808105e+01
   5.4321000e+05   1.7700195e+01
   5.4418900e+05   1.5747070e+01
   5.4545200e+05   1.8798828e+01
   5.4635700e+05   1.6296387e+01
   5.4949300e+05   1.6296387e+01
   5.5274900e+05   1.5808105e+01
   5.5494500e+05   1.5380859e+01
   5.5823900e+05   1.7333984e+01
   5.6171100e+05   1.6662598e+01
   5.6299400e+05   1.6174316e+01
   5.6443500e+05   1.6967773e+01
   5.6589700e+05   1.6235352e+01
   5.6820500e+05   1.5380859e+01
   5.6982500e+05   1.6784668e+01
   5.7007300e+05   1.8920898e+01
   5.7101200e+05   1.8615723e+01
   5.7725600e+05   1.7211914e+01
   5.8020000e+05   1.6418457e+01
   5.8068400e+05   1.5991211e+01
   5.8394100e+05   1.6845703e+01
   5.8613400e+05   1.5380859e+01
   5.9009500e+05   1.5808105e+01
   5.9290000e+05   1.5319824e+01
   5.9407300e+05   1.6845703e+01
   5.9840600e+05   1.5686035e+01
   6.0061300e+05   1.8188477e+01
   6.0181600e+05   1.7639160e+01
   6.0304900e+05   1.7700195e+01
   6.0621600e+05   1.5991211e+01
   6.0629200e+05   1.5502930e+01
   6.0755600e+05   1.7333984e+01
   6.1223900e+05   1.7822266e+01
   6.1368200e+05   1.6235352e+01
   6.1686600e+05   1.7700195e+01
   6.1799300e+05   1.6418457e+01
   6.2070200e+05   1.7578125e+01
   6.2154000e+05   1.6967773e+01
   6.2631800e+05   1.5747070e+01
   6.3191200e+05   1.5625000e+01
   6.3381000e+05   1.6235352e+01
   6.3512000e+05   1.7761230e+01
   6.3712900e+05   1.7517090e+01
   6.3837500e+05   1.6418457e+01
   6.4313100e+05   1.5686035e+01
   6.4541700e+05   1.5991211e+01
   6.4772700e+05   1.7150879e+01
   6.4920400e+05   1.6296387e+01
   6.5361600e+05   1.5686035e+01
   6.5721400e+05   1.5441895e+01
   6.5811300e+05   1.8066406e+01
   6.6490600e+05   1.6479492e+01
   6.6594500e+05   1.7517090e+01
   6.6808600e+05   1.5625000e+01
   6.7020500e+05   1.6662598e+01
   6.7139500e+05   1.6479492e+01
   6.7208900e+05   1.7395020e+01
   6.7442900e+05   1.5502930e+01
   6.7520800e+05   1.5808105e+01
   6.7746200e+05   1.5869141e+01
   6.8098000e+05   1.8066406e+01
   6.8279300e+05   1.8798828e+01
   6.8383000e+05   1.5747070e+01
   6.8572200e+05   1.5869141e+01
   6.9096300e+05   1.5258789e+01
   6.9217400e+05   1.5380859e+01
   6.9315900e+05   1.5625000e+01
   6.9486000e+05   1.5258789e+01
   6.9756000e+05   1.8371582e+01
   6.9889200e+05   1.8432617e+01
   7.0122900e+05   1.9653320e+01
   7.0211100e+05   1.7395020e+01
   7.0295900e+05   1.5502930e+01
   7.0391200e+05   1.5258789e+01
   7.1092000e+05   1.6784668e+01
   7.1782600e+05   1.5441895e+01
   7.2154000e+05   1.6601562e+01
   7.2156500e+05   2.1850586e+01
   7.2158300e+05   2.4169922e+01
   7.2161000e+05   3.1616211e+01
   7.2163900e+05   1.5625000e+01
   7.2170700e+05   1.5625000e+01
   7.5324200e+05   1.5441895e+01
   7.5428300e+05   1.6418457e+01
   7.5802600e+05   1.5563965e+01
   7.5899100e+05   1.7700195e+01
   7.6039100e+05   1.5808105e+01
   7.6877900e+05   1.7150879e+01
   7.7198800e+05   1.5808105e+01
   7.8229500e+05   1.5319824e+01
   7.8340500e+05   1.6418457e+01
   7.8743200e+05   1.6967773e+01
   7.8926000e+05   1.7456055e+01
   7.9189500e+05   1.8188477e+01
   7.9420700e+05   1.7639160e+01
   7.9549100e+05   1.8859863e+01
   7.9680000e+05   1.5441895e+01
   7.9879000e+05   1.9531250e+01
   7.9977400e+05   1.8188477e+01
   8.0452200e+05   1.6052246e+01
   8.0636200e+05   1.7150879e+01
   8.0786700e+05   1.8554688e+01
   8.0929800e+05   1.9531250e+01
   8.1112300e+05   1.5441895e+01
   8.1289800e+05   1.7639160e+01
   8.1373800e+05   1.8310547e+01
   8.1450200e+05   1.8188477e+01
   8.1532100e+05   1.7211914e+01
   8.1713400e+05   1.6479492e+01
   8.1863700e+05   1.7700195e+01
   8.2014900e+05   1.5625000e+01
   8.2083000e+05   1.8066406e+01
   8.2151600e+05   2.1179199e+01
   8.2440400e+05   1.5625000e+01
   8.2628900e+05   1.6906738e+01
   8.2706800e+05   1.5747070e+01
   8.2888800e+05   1.5319824e+01
   8.3079600e+05   1.5319824e+01
   8.3455200e+05   1.6662598e+01
   8.3635100e+05   1.6418457e+01
   8.3741500e+05   1.6479492e+01
   8.3762400e+05   1.5319824e+01
   8.4028500e+05   1.7639160e+01
   8.4099200e+05   1.5380859e+01
   8.4440400e+05   1.5380859e+01
   8.4577300e+05   1.5380859e+01
   8.5028100e+05   1.6357422e+01
   8.5414400e+05   1.7456055e+01
   8.5620700e+05   1.5930176e+01
   8.5973300e+05   1.5319824e+01
   8.6077400e+05   1.6479492e+01
   8.6222400e+05   1.5441895e+01
   8.6287900e+05   1.5930176e+01
   8.6573400e+05   1.6906738e+01
   8.6692000e+05   1.5441895e+01
   8.7062200e+05   1.5319824e+01
   8.7252900e+05   1.6235352e+01
   8.7426200e+05   2.0080566e+01
   8.7528500e+05   1.6174316e+01
   8.7971300e+05   1.9226074e+01
   8.8054500e+05   1.6235352e+01
   8.8141400e+05   1.6174316e+01
   8.8486300e+05   1.6357422e+01
   8.8749300e+05   1.6540527e+01
   8.9012500e+05   1.9592285e+01
   8.9205200e+05   1.9409180e+01
   8.9298000e+05   1.8554688e+01
   8.9488100e+05   1.5625000e+01
   8.9717400e+05   1.5747070e+01
   8.9773300e+05   1.5502930e+01
   8.9847600e+05   1.9287109e+01
   9.0442200e+05   1.5930176e+01
   9.0561400e+05   1.6662598e+01
   9.0740400e+05   1.9165039e+01
   9.0908600e+05   1.5869141e+01
   9.0988400e+05   1.5380859e+01
   9.1277600e+05   1.5380859e+01
   9.1388500e+05   1.5869141e+01
   9.2228500e+05   1.6662598e+01
   9.2598300e+05   1.5686035e+01
   9.2765100e+05   1.5441895e+01
   9.2873200e+05   1.5319824e+01
   9.3055600e+05   1.7028809e+01
   9.3681400e+05   1.6479492e+01
   9.3867800e+05   1.7211914e+01
   9.4152500e+05   1.5441895e+01
   9.4311800e+05   1.5625000e+01
   9.4532500e+05   1.6784668e+01
   9.4779900e+05   1.7822266e+01
   9.5092200e+05   1.6174316e+01
   9.5169400e+05   1.6845703e+01
   9.5404400e+05   1.8310547e+01
   9.5534200e+05   1.5441895e+01
   9.5668200e+05   1.6357422e+01
   9.5928400e+05   1.5930176e+01
   9.6100000e+05   1.6174316e+01
   9.6313400e+05   1.6906738e+01
   9.6401800e+05   1.9531250e+01
   9.6608700e+05   1.5991211e+01
   9.6735100e+05   1.6235352e+01
   9.7137400e+05   1.7883301e+01
   9.7224200e+05   1.7517090e+01
   9.7405000e+05   1.5502930e+01
   9.7624700e+05   1.8249512e+01
   9.8014200e+05   1.5258789e+01
   9.8334200e+05   1.6784668e+01
   9.8409700e+05   1.6662598e+01
   9.8604100e+05   1.5991211e+01
   9.8681900e+05   1.6235352e+01
   9.8997900e+05   1.8005371e+01
   9.9065600e+05   1.8432617e+01
   9.9471200e+05   1.5563965e+01
   9.9567100e+05   1.5747070e+01
   9.9644300e+05   1.5258789e+01
   1.0038540e+06   1.5686035e+01
   1.0046540e+06   1.7883301e+01
   1.0055550e+06   1.6113281e+01
   1.0068860e+06   1.5441895e+01
   1.0086760e+06   1.5808105e+01
   1.0126860e+06   1.5502930e+01
   1.0135940e+06   1.5808105e+01
   1.0149500e+06   1.6601562e+01
   1.0166140e+06   1.8737793e+01
   1.0178320e+06   1.6052246e+01
   1.0192260e+06   1.7272949e+01
   1.0229960e+06   1.8371582e+01
   1.0247920e+06   1.6296387e+01
   1.0262870e+06   1.6906738e+01
   1.0271130e+06   1.5380859e+01
   1.0281360e+06   1.8859863e+01
   1.0338340e+06   1.6662598e+01
   1.0353960e+06   1.5930176e+01
   1.0377650e+06   1.6967773e+01
   1.0412180e+06   1.5991211e+01
   1.0420370e+06   1.6357422e+01
   1.0443660e+06   1.9653320e+01
   1.0464990e+06   1.7395020e+01
   1.0473970e+06   1.5258789e+01
   1.0494540e+06   1.5869141e+01
   1.0495120e+06   1.8493652e+01
   1.0495800e+06   1.5380859e+01
   1.0495930e+06   1.8432617e+01
   1.0496180e+06   1.6174316e+01
   1.0496510e+06   1.8859863e+01
   1.0498520e+06   1.6052246e+01
   1.0502570e+06   1.6113281e+01
   1.0763800e+06   1.5686035e+01
   1.0775440e+06   1.6418457e+01
   1.0811250e+06   1.6845703e+01
   1.0821590e+06   1.6113281e+01
   1.0871330e+06   1.5441895e+01
   1.0912930e+06   1.5502930e+01
   1.0925310e+06   1.5258789e+01
   1.0929650e+06   1.5747070e+01
   1.0933120e+06   1.5686035e+01
   1.0956030e+06   1.7761230e+01
   1.0988410e+06   1.6052246e+01
   1.1009560e+06   1.5991211e+01
   1.1027460e+06   1.5625000e+01
   1.1034920e+06   1.5747070e+01
   1.1042760e+06   1.6235352e+01
   1.1051010e+06   1.6357422e+01
   1.1060310e+06   1.5441895e+01
   1.1105180e+06   1.7761230e+01
   1.1117700e+06   1.6296387e+01
   1.1164760e+06   1.5930176e+01
   1.1215290e+06   1.6235352e+01
   1.1224020e+06   1.8493652e+01
   1.1256660e+06   1.6906738e+01
   1.1265580e+06   1.8249512e+01
   1.1278800e+06   1.6052246e+01
   1.1285280e+06   1.5380859e+01
   1.1304820e+06   1.5502930e+01
   1.1314670e+06   1.6723633e+01
   1.1350240e+06   1.7395020e+01
   1.1367890e+06   1.5625000e+01
   1.1458230e+06   1.5319824e+01
   1.1473980e+06   1.6601562e+01
   1.1488460e+06   1.5441895e+01
   1.1504140e+06   1.6784668e+01
   1.1529840e+06   1.5747070e+01
   1.1537750e+06   1.6357422e+01
   1.1544580e+06   1.5808105e+01
   1.1671910e+06   1.5441895e+01
   1.1703250e+06   1.7150879e+01
   1.1712610e+06   1.5563965e+01
   1.1727970e+06   1.6296387e+01
   1.1752700e+06   1.5258789e+01
   1.1759690e+06   1.6235352e+01
   1.1766990e+06   1.5991211e+01
   1.1774070e+06   1.6540527e+01
   1.1807100e+06   1.5625000e+01
   1.1860880e+06   1.7150879e+01
   1.1884890e+06   1.6357422e+01
   1.1971300e+06   1.5930176e+01
   1.1996640e+06   1.7089844e+01
   1.2012660e+06   1.5808105e+01
   1.2015270e+06   1.7761230e+01
   1.2028170e+06   1.6174316e+01
   1.2065350e+06   1.5747070e+01
   1.2104850e+06   1.8127441e+01
   1.2114250e+06   1.5930176e+01
   1.2165310e+06   1.6113281e+01
   1.2171160e+06   1.5625000e+01
   1.2199150e+06   1.5258789e+01
   1.2222880e+06   1.6235352e+01
   1.2245400e+06   2.0690918e+01
   1.2334290e+06   1.5991211e+01
   1.2351520e+06   1.6601562e+01
   1.2367120e+06   1.7761230e+01
   1.2393180e+06   1.6906738e+01
   1.2458310e+06   1.5747070e+01
   1.2476770e+06   1.5563965e+01
   1.2497090e+06   1.6296387e+01
   1.2517690e+06   1.7333984e+01
   1.2525650e+06   1.7517090e+01
   1.2544490e+06   1.6479492e+01
   1.2553910e+06   1.7028809e+01
   1.2586190e+06   1.6296387e+01
   1.2626630e+06   1.5625000e+01
   1.2678600e+06   1.6113281e+01
   1.2708590e+06   1.7150879e+01
   1.2716510e+06   1.6906738e+01
   1.2735330e+06   2.0507812e+01
   1.2742350e+06   1.6723633e+01
   1.2781460e+06   1.5625000e+01
   1.2792200e+06   1.5625000e+01
   1.2824880e+06   1.5625000e+01
   1.2832750e+06   1.6906738e+01
   1.2862710e+06   1.7089844e+01
   1.2872260e+06   1.5563965e+01
   1.2898960e+06   1.5991211e+01
   1.2930180e+06   1.5686035e+01
   1.2944730e+06   1.7456055e+01
   1.2970270e+06   1.5319824e+01
   1.2980920e+06   1.7700195e+01
   1.2990150e+06   1.6357422e+01
   1.3000040e+06   1.5808105e+01
   1.3034340e+06   1.9226074e+01
   1.3055180e+06   1.5686035e+01
   1.3087160e+06   1.6235352e+01
   1.3137000e+06   1.5991211e+01
   1.3194130e+06   1.7028809e+01
   1.3203210e+06   1.6601562e+01
   1.3220400e+06   1.5625000e+01
   1.3256950e+06   1.5319824e+01
   1.3265560e+06   1.5625000e+01
   1.3275220e+06   1.5502930e+01
   1.3285430e+06   1.5747070e+01
   1.3293460e+06   1.8127441e+01
   1.3311170e+06   1.5380859e+01
   1.3339030e+06   1.7211914e+01
   1.3362490e+06   1.7883301e+01
   1.3381350e+06   1.6540527e+01
   1.3412160e+06   1.5441895e+01
   1.3433570e+06   1.6845703e+01
   1.3459420e+06   1.5808105e+01
   1.3492240e+06   1.5808105e+01
   1.3512310e+06   1.6784668e+01
   1.3546120e+06   1.5686035e+01
   1.3557230e+06   1.5869141e+01
   1.3590680e+06   1.7211914e+01
   1.3599880e+06   1.6723633e+01
   1.3616010e+06   1.5930176e+01
   1.3625380e+06   1.7456055e+01
   1.3671150e+06   1.7211914e+01
   1.3687730e+06   1.7395020e+01
   1.3719420e+06   1.7883301e+01
   1.3727430e+06   1.5930176e+01
   1.3738940e+06   1.8188477e+01
   1.3757070e+06   1.7028809e+01
   1.3769150e+06   1.6601562e+01
   1.3775640e+06   1.5808105e+01
   1.3780890e+06   1.5258789e+01
   1.3782230e+06   1.7944336e+01
   1.3782370e+06   1.6479492e+01
   1.3782810e+06   1.5441895e+01
   1.3783350e+06   1.8005371e+01
   1.3783980e+06   1.5747070e+01
   1.3784370e+06   1.7211914e+01
   1.3785410e+06   1.6418457e+01
   1.3786330e+06   1.5991211e+01
   1.3787070e+06   1.5686035e+01
   1.4021750e+06   1.6662598e+01
   1.4075920e+06   1.8188477e+01
   1.4095820e+06   2.2155762e+01
   1.4107610e+06   1.7150879e+01
   1.4154510e+06   1.6357422e+01
   1.4161470e+06   1.6906738e+01
   1.4168810e+06   1.7211914e+01
   1.4184600e+06   1.5808105e+01
   1.4224700e+06   1.6174316e+01
   1.4242400e+06   1.6113281e+01
   1.4249210e+06   1.6113281e+01
   1.4256390e+06   1.7517090e+01
   1.4265070e+06   1.6357422e+01
   1.4296070e+06   1.5441895e+01
   1.4308930e+06   1.6418457e+01
   1.4319370e+06   1.6296387e+01
   1.4327090e+06   1.7578125e+01
   1.4335290e+06   1.5441895e+01
   1.4354290e+06   1.7456055e+01
   1.4371660e+06   1.7822266e+01
   1.4402760e+06   1.6967773e+01
   1.4411550e+06   1.5441895e+01
   1.4420280e+06   1.5502930e+01
   1.4437750e+06   1.5380859e+01
   1.4445570e+06   1.5502930e+01
   1.4463490e+06   1.5930176e+01
   1.4478200e+06   1.6967773e+01
   1.4495010e+06   1.8737793e+01
   1.4518540e+06   1.8676758e+01
   1.4533710e+06   1.7150879e+01
   1.4540200e+06   1.5686035e+01
   1.4564730e+06   1.5502930e+01
   1.4590610e+06   1.5258789e+01
   1.4606300e+06   1.6723633e+01
   1.4610940e+06   1.5747070e+01
   1.4622560e+06   1.5686035e+01
   1.4637200e+06   1.5686035e+01
   1.4645770e+06   1.5380859e+01
   1.4669640e+06   1.7333984e+01
   1.4685030e+06   1.6479492e+01
   1.4711200e+06   1.5441895e+01
   1.4742570e+06   1.8371582e+01
   1.4781830e+06   1.8005371e+01
   1.4801900e+06   1.5319824e+01
   1.4810810e+06   1.5747070e+01
   1.4851740e+06   1.9836426e+01
   1.4852520e+06   2.3742676e+01
   1.4852920e+06   1.8432617e+01
   1.4853290e+06   1.5502930e+01
   1.4860790e+06   1.6601562e+01
   1.5082010e+06   1.7944336e+01
   1.5115130e+06   1.8737793e+01
   1.5124370e+06   1.5563965e+01
   1.5134240e+06   1.8188477e+01
   1.5151230e+06   1.6601562e+01
   1.5159580e+06   1.6113281e+01
   1.5168720e+06   1.5563965e+01
   1.5218740e+06   1.5747070e+01
   1.5250290e+06   1.6235352e+01
   1.5258040e+06   1.5625000e+01
   1.5294860e+06   1.5808105e+01
   1.5320400e+06   1.5625000e+01
   1.5328510e+06   1.5441895e+01
   1.5361500e+06   1.6113281e+01
   1.5370150e+06   1.6235352e+01
   1.5386910e+06   1.6357422e+01
   1.5411820e+06   1.5991211e+01
   1.5413810e+06   1.6662598e+01
   1.5458960e+06   1.6174316e+01
   1.5478820e+06   1.5380859e+01
   1.5487240e+06   1.9836426e+01
   1.5496160e+06   1.5319824e+01
   1.5503880e+06   1.7272949e+01
   1.5510160e+06   1.7822266e+01
   1.5549090e+06   1.5441895e+01
   1.5581320e+06   1.5258789e+01
   1.5598400e+06   1.6235352e+01
   1.5606640e+06   1.7272949e+01
   1.5649340e+06   1.5991211e+01
   1.5658070e+06   1.5258789e+01
   1.5665270e+06   1.8310547e+01
   1.5673100e+06   1.5380859e+01
   1.5697380e+06   1.5991211e+01
   1.5740580e+06   1.7517090e+01
   1.5757220e+06   1.6540527e+01
   1.5771360e+06   1.5563965e+01
   1.5786700e+06   1.5930176e+01
   1.5796830e+06   1.6906738e+01
   1.5839790e+06   1.8615723e+01
   1.5863650e+06   1.5258789e+01
   1.5896700e+06   1.6967773e+01
   1.5952240e+06   1.6723633e+01
   1.6024230e+06   1.6601562e+01
   1.6030980e+06   1.5441895e+01
   1.6036780e+06   1.6662598e+01
   1.6044910e+06   1.7761230e+01
   1.6053320e+06   1.5258789e+01
   1.6061800e+06   1.5441895e+01
   1.6070410e+06   1.5502930e+01
   1.6080000e+06   1.6174316e+01
   1.6114820e+06   1.7456055e+01
   1.6128560e+06   1.6418457e+01
   1.6136340e+06   1.5686035e+01
   1.6162810e+06   1.6906738e+01
   1.6204390e+06   1.6296387e+01
   1.6270540e+06   1.6479492e+01
   1.6309360e+06   1.8615723e+01
   1.6345880e+06   1.7761230e+01
   1.6392400e+06   1.7822266e+01
   1.6399570e+06   1.5441895e+01
   1.6407700e+06   1.7517090e+01
   1.6448570e+06   1.5991211e+01
   1.6460330e+06   1.6418457e+01
   1.6468030e+06   1.5747070e+01
   1.6477790e+06   1.7700195e+01
   1.6496410e+06   1.7150879e+01
   1.6505240e+06   1.5258789e+01
   1.6515920e+06   1.5380859e+01
   1.6559580e+06   1.5991211e+01
   1.6568120e+06   1.5502930e+01
   1.6576650e+06   1.7517090e+01
   1.6671040e+06   1.6235352e+01
   1.6686500e+06   1.5502930e+01
   1.6694210e+06   1.7517090e+01
   1.6703140e+06   1.6357422e+01
   1.6721760e+06   1.5686035e+01
   1.6732150e+06   1.6906738e+01
   1.6741080e+06   1.7517090e+01
   1.6783300e+06   1.8310547e+01
   1.6802130e+06   1.5869141e+01
   1.6809550e+06   1.5563965e+01
   1.6838030e+06   2.2460938e+01
   1.6845520e+06   1.8432617e+01
   1.6863340e+06   1.5441895e+01
   1.6876050e+06   1.6784668e+01
   1.6893600e+06   1.5563965e+01
   1.6901620e+06   1.5319824e+01
   1.6924360e+06   1.5808105e+01
   1.6933180e+06   1.5869141e+01
   1.6940990e+06   1.6052246e+01
   1.6958240e+06   1.6418457e+01
   1.6972230e+06   1.6967773e+01
   1.6998220e+06   1.5319824e+01
   1.7007770e+06   1.6357422e+01
   1.7055540e+06   1.6418457e+01
   1.7093110e+06   1.6967773e+01
   1.7109450e+06   1.5686035e+01
   1.7116450e+06   1.6235352e+01
   1.7117480e+06   1.6601562e+01
   1.7117750e+06   1.9775391e+01
   1.7118100e+06   1.5380859e+01
   1.7118680e+06   1.9592285e+01
   1.7119220e+06   1.8554688e+01
   1.7119400e+06   1.5625000e+01
   1.7123650e+06   1.8005371e+01
   1.7130960e+06   1.5930176e+01
   1.7290190e+06   1.5319824e+01
   1.7350210e+06   1.5808105e+01
   1.7384190e+06   1.5686035e+01
   1.7394060e+06   2.4047852e+01
   1.7424580e+06   1.5258789e+01
   1.7428520e+06   1.5258789e+01
   1.7436760e+06   1.6235352e+01
   1.7446890e+06   1.5319824e+01
   1.7455710e+06   1.5319824e+01
   1.7463680e+06   1.6235352e+01
   1.7473520e+06   1.7028809e+01
   1.7482820e+06   1.5808105e+01
   1.7498150e+06   1.5625000e+01
   1.7535960e+06   1.5563965e+01
   1.7544100e+06   1.8737793e+01
   1.7560750e+06   1.5258789e+01
   1.7568590e+06   1.7578125e+01
   1.7595290e+06   1.6784668e+01
   1.7603790e+06   1.5625000e+01
   1.7612680e+06   1.5808105e+01
   1.7661330e+06   1.6662598e+01
   1.7719430e+06   1.9409180e+01
   1.7727300e+06   1.8737793e+01
   1.7746640e+06   1.5869141e+01
   1.7770130e+06   1.6174316e+01
   1.7803620e+06   1.8554688e+01
   1.7869130e+06   1.5686035e+01
   1.7892260e+06   1.6296387e+01
   1.7917180e+06   1.7089844e+01
   1.7940230e+06   1.5441895e+01
   1.7948890e+06   1.8188477e+01
   1.7956580e+06   1.5319824e+01
   1.7972390e+06   1.6662598e+01
   1.7988680e+06   1.9531250e+01
   1.8004620e+06   1.9042969e+01
   1.8029900e+06   1.5686035e+01
   1.8043110e+06   1.6235352e+01
   1.8044710e+06   1.5808105e+01
   1.8095380e+06   1.5258789e+01
   1.8131290e+06   1.6601562e+01
   1.8145590e+06   1.5625000e+01
   1.8187670e+06   1.7211914e+01
   1.8190700e+06   1.9287109e+01
   1.8206640e+06   1.5380859e+01
   1.8297350e+06   1.7456055e+01
   1.8320360e+06   1.6052246e+01
   1.8376540e+06   1.7211914e+01
   1.8384630e+06   1.8920898e+01
   1.8406140e+06   1.7272949e+01
   1.8438320e+06   1.5319824e+01
   1.8465200e+06   1.7272949e+01
   1.8480090e+06   1.9653320e+01
   1.8515500e+06   1.5686035e+01
   1.8523280e+06   1.8249512e+01
   1.8533960e+06   1.5625000e+01
   1.8537920e+06   1.5441895e+01
   1.8680550e+06   1.5991211e+01
   1.8724120e+06   1.5686035e+01
   1.8758580e+06   1.9592285e+01
   1.8766770e+06   1.5319824e+01
   1.8788180e+06   1.5319824e+01
   1.8805440e+06   1.6113281e+01
   1.8813350e+06   1.6723633e+01
   1.8831850e+06   1.5625000e+01
   1.8885780e+06   1.5869141e+01
   1.8893980e+06   1.5686035e+01
   1.8902210e+06   1.6662598e+01
   1.8921310e+06   1.6052246e+01
   1.8933000e+06   1.6296387e+01
   1.8947690e+06   1.6174316e+01
   1.8958620e+06   1.6418457e+01
   1.8990640e+06   1.5258789e+01
   1.9013910e+06   1.7150879e+01
   1.9021390e+06   1.6845703e+01
   1.9068760e+06   1.8127441e+01
   1.9078960e+06   2.1179199e+01
   1.9118220e+06   1.5441895e+01
   1.9153900e+06   1.6296387e+01
   1.9164940e+06   1.5380859e+01
   1.9174360e+06   1.6296387e+01
   1.9201420e+06   1.6845703e+01
   1.9211650e+06   1.5686035e+01
   1.9238720e+06   1.6052246e+01
   1.9246670e+06   1.5258789e+01
   1.9255420e+06   1.5686035e+01
   1.9280230e+06   1.5319824e+01
   1.9298460e+06   1.6296387e+01
   1.9309170e+06   1.6479492e+01
   1.9337410e+06   1.6296387e+01
   1.9374110e+06   1.5319824e+01
   1.9404500e+06   1.7089844e+01
   1.9412520e+06   1.7639160e+01
   1.9494840e+06   1.9470215e+01
   1.9520530e+06   1.5258789e+01
   1.9570610e+06   1.7517090e+01
   1.9586300e+06   1.6113281e+01
   1.9618820e+06   1.5625000e+01
   1.9705070e+06   2.1972656e+01
   1.9713100e+06   1.5625000e+01
   1.9720640e+06   1.5625000e+01
   1.9747920e+06   1.6723633e+01
   1.9805970e+06   1.5686035e+01
   1.9845060e+06   1.5869141e+01
   1.9854870e+06   1.7700195e+01
   1.9866000e+06   1.5747070e+01
   1.9875280e+06   1.5380859e+01
   1.9893610e+06   1.9104004e+01
   1.9924510e+06   1.5319824e+01
   1.9999900e+06   1.6662598e+01
   2.0017810e+06   1.6784668e+01
   2.0105480e+06   1.6357422e+01
   2.0162290e+06   1.5930176e+01
   2.0180050e+06   1.6845703e+01
   2.0188210e+06   1.7761230e+01
   2.0235190e+06   1.7700195e+01
   2.0293440e+06   1.6418457e+01
   2.0304100e+06   1.6357422e+01
   2.0314450e+06   1.5563965e+01
   2.0347980e+06   1.5380859e+01
   2.0358360e+06   1.5686035e+01
   2.0374220e+06   1.5502930e+01
   2.0385510e+06   1.8310547e+01
   2.0405510e+06   1.6235352e+01
   2.0445640e+06   1.7517090e+01
   2.0470830e+06   1.5502930e+01
   2.0476910e+06   1.5930176e+01
   2.0503090e+06   1.5930176e+01
   2.0520100e+06   1.7333984e+01
   2.0528600e+06   1.5563965e+01
   2.0538620e+06   1.7944336e+01
   2.0545820e+06   1.5258789e+01
   2.0563200e+06   1.6540527e+01
   2.0580410e+06   1.5319824e+01
   2.0590830e+06   1.6052246e+01
   2.0609690e+06   1.6845703e+01
   2.0627530e+06   1.5441895e+01
   2.0644150e+06   1.6662598e+01
   2.0659190e+06   1.5319824e+01
   2.0667310e+06   1.6418457e+01
   2.0684890e+06   1.5380859e+01
   2.0714720e+06   1.8737793e+01
   2.0739450e+06   1.5258789e+01
   2.0741420e+06   1.7150879e+01
   2.0767790e+06   1.5930176e+01
   2.0779300e+06   1.5625000e+01
   2.0785580e+06   1.7456055e+01
   2.0793590e+06   1.5319824e+01
   2.0811150e+06   1.6479492e+01
   2.0835610e+06   1.6601562e+01
   2.0850540e+06   1.5625000e+01
   2.0882100e+06   1.5380859e+01
   2.0896990e+06   1.6662598e+01
   2.0922060e+06   2.0507812e+01
   2.0940490e+06   1.5441895e+01
   2.0956340e+06   1.7944336e+01
   2.1086220e+06   1.8005371e+01
   2.1124590e+06   1.7822266e+01
   2.1133240e+06   1.5747070e+01
   2.1171180e+06   1.6845703e+01
   2.1200230e+06   1.6113281e+01
   2.1235610e+06   1.5808105e+01
   2.1247000e+06   1.5747070e+01
   2.1253280e+06   1.8493652e+01
   2.1261590e+06   1.5319824e+01
   2.1281320e+06   1.5808105e+01
   2.1307300e+06   1.5808105e+01
   2.1344420e+06   1.9653320e+01
   2.1352820e+06   1.5441895e+01
   2.1381900e+06   1.9226074e+01
   2.1440640e+06   1.6479492e+01
   2.1461160e+06   1.7700195e+01
   2.1470360e+06   1.9104004e+01
   2.1477910e+06   1.5930176e+01
   2.1494630e+06   1.5808105e+01
   2.1511990e+06   1.5930176e+01
   2.1559540e+06   1.6174316e+01
   2.1575360e+06   1.7639160e+01
   2.1608710e+06   2.0568848e+01
   2.1620740e+06   1.6113281e+01
   2.1645650e+06   1.6967773e+01
   2.1664990e+06   1.6601562e+01
   2.1683700e+06   1.6906738e+01
   2.1697820e+06   1.7944336e+01
   2.1706390e+06   1.5747070e+01
   2.1733020e+06   1.8249512e+01
   2.1741640e+06   1.6845703e+01
   2.1749080e+06   1.5625000e+01
   2.1783050e+06   1.6479492e+01
   2.1802930e+06   1.9165039e+01
   2.1811790e+06   1.6418457e+01
   2.1843540e+06   1.5380859e+01
   2.1862780e+06   1.5808105e+01
   2.1881370e+06   1.6601562e+01
   2.1909260e+06   1.8371582e+01
   2.1926520e+06   1.5686035e+01
   2.1936530e+06   1.6723633e+01
   2.1959150e+06   1.7639160e+01
   2.1993840e+06   1.8127441e+01
   2.2040610e+06   1.6052246e+01
   2.2103470e+06   1.6357422e+01
   2.2110500e+06   1.6601562e+01
   2.2117370e+06   1.9287109e+01
   2.2143860e+06   1.5991211e+01
   2.2160650e+06   1.6052246e+01
   2.2186060e+06   1.5563965e+01
   2.2194750e+06   1.5563965e+01
   2.2201920e+06   1.6845703e+01
   2.2230340e+06   1.7089844e+01
   2.2242660e+06   1.6967773e+01
   2.2250790e+06   1.5319824e+01
   2.2263090e+06   1.8127441e+01
   2.2275460e+06   1.9958496e+01
   2.2316180e+06   1.5502930e+01
   2.2324970e+06   1.7028809e+01
   2.2344070e+06   1.6174316e+01
   2.2393670e+06   1.7150879e+01
   2.2405290e+06   1.6845703e+01
   2.2413160e+06   1.6418457e+01
   2.2422260e+06   1.5563965e+01
   2.2440670e+06   1.6174316e+01
   2.2448870e+06   1.6174316e+01
   2.2456020e+06   1.5258789e+01
   2.2482170e+06   1.5441895e+01
   2.2499150e+06   1.5808105e+01
   2.2525760e+06   1.5625000e+01
   2.2546010e+06   1.6418457e+01
   2.2554880e+06   1.6235352e+01
   2.2575510e+06   1.6784668e+01
   2.2583420e+06   1.5441895e+01
   2.2620300e+06   1.5441895e+01
   2.2683590e+06   1.5869141e+01
   2.2702390e+06   1.5319824e+01
   2.2736700e+06   1.6174316e+01
   2.2761570e+06   1.6235352e+01
   2.2863510e+06   1.6235352e+01
   2.2873460e+06   1.8798828e+01
   2.2880830e+06   1.6845703e+01
   2.2899000e+06   1.5625000e+01
   2.2902650e+06   1.5991211e+01
   2.2915260e+06   1.5258789e+01
   2.2924950e+06   1.6723633e+01
   2.2933290e+06   1.5441895e+01
   2.2946230e+06   1.8127441e+01
   2.2956650e+06   1.6723633e+01
   2.3014060e+06   1.7272949e+01
   2.3033150e+06   1.6357422e+01
   2.3060800e+06   1.7456055e+01
   2.3077410e+06   1.5930176e+01
   2.3085300e+06   1.5808105e+01
   2.3094310e+06   1.5258789e+01
   2.3120210e+06   1.6174316e+01
   2.3132940e+06   1.6113281e+01
   2.3141120e+06   1.5258789e+01
   2.3199810e+06   1.7272949e+01
   2.3209170e+06   1.6357422e+01
   2.3248580e+06   1.6601562e+01
   2.3256560e+06   1.6418457e+01
   2.3310170e+06   1.9226074e+01
   2.3319510e+06   1.6357422e+01
   2.3355620e+06   1.6418457e+01
   2.3360290e+06   1.5869141e+01
   2.3371890e+06   1.6174316e+01
   2.3410550e+06   1.6418457e+01
   2.3426290e+06   1.7028809e+01
   2.3434410e+06   1.5625000e+01
   2.3443590e+06   1.9653320e+01
   2.3472310e+06   1.5319824e+01
   2.3486990e+06   1.5930176e+01
   2.3504020e+06   1.6296387e+01
   2.3521600e+06   1.6967773e+01
   2.3530140e+06   1.5747070e+01
   2.3537830e+06   1.6052246e+01
   2.3559600e+06   1.5747070e+01
   2.3567920e+06   1.7578125e+01
   2.3604000e+06   1.5380859e+01
   2.3611710e+06   1.5686035e+01
   2.3642520e+06   1.6967773e+01
   2.3685840e+06   1.5258789e+01
   2.3693200e+06   1.5686035e+01
   2.3701450e+06   1.5686035e+01
   2.3726420e+06   1.7456055e+01
   2.3764630e+06   1.6845703e+01
   2.3773870e+06   2.0812988e+01
   2.3783420e+06   1.5563965e+01
   2.3792910e+06   1.6845703e+01
   2.3810810e+06   1.6296387e+01
   2.3838210e+06   1.5808105e+01
   2.3846940e+06   1.6113281e+01
   2.3869600e+06   1.6357422e+01
   2.3885100e+06   1.5686035e+01
   2.3951370e+06   1.9042969e+01
   2.3964980e+06   1.5991211e+01
   2.4002420e+06   1.6357422e+01
   2.4038350e+06   1.5991211e+01
   2.4046790e+06   1.6418457e+01
   2.4050590e+06   1.5625000e+01
   2.4057220e+06   1.5319824e+01
   2.4077700e+06   1.6479492e+01
   2.4091870e+06   1.6174316e+01
   2.4099500e+06   1.5502930e+01
   2.4117180e+06   1.6357422e+01
   2.4128900e+06   1.7272949e+01
   2.4146830e+06   1.5441895e+01
   2.4161900e+06   1.7639160e+01
   2.4171690e+06   1.5258789e+01
   2.4181450e+06   1.5380859e+01
   2.4200190e+06   1.9714355e+01
   2.4209040e+06   1.6052246e+01
   2.4217700e+06   1.7028809e+01
   2.4227700e+06   1.5258789e+01
   2.4237280e+06   1.7395020e+01
   2.4255000e+06   2.0019531e+01
   2.4275940e+06   1.5686035e+01
   2.4295070e+06   1.8371582e+01
   2.4331130e+06   1.6296387e+01
   2.4351330e+06   1.6418457e+01
   2.4361000e+06   1.6357422e+01
   2.4362640e+06   1.5991211e+01
   2.4379450e+06   1.6174316e+01
   2.4387560e+06   1.7028809e+01
   2.4396690e+06   1.5930176e+01
   2.4408050e+06   1.5258789e+01
   2.4431700e+06   1.5808105e+01
   2.4464140e+06   1.6052246e+01
   2.4488900e+06   1.5258789e+01
   2.4511490e+06   1.5502930e+01
   2.4526800e+06   1.5991211e+01
   2.4536970e+06   1.5319824e+01
   2.4558940e+06   1.7578125e+01
   2.4589920e+06   1.8554688e+01
   2.4599050e+06   1.6967773e+01
   2.4608010e+06   1.5930176e+01
   2.4661820e+06   1.5441895e+01
   2.4688740e+06   1.5808105e+01
   2.4698130e+06   1.7639160e+01
   2.4743840e+06   1.6174316e+01
   2.4760320e+06   1.5991211e+01
   2.4761330e+06   1.5747070e+01
   2.4788510e+06   1.5258789e+01
   2.4800080e+06   2.3071289e+01
   2.4800670e+06   1.7211914e+01
   2.4801100e+06   1.5380859e+01
   2.4802310e+06   1.6967773e+01
   2.5001800e+06   2.0019531e+01
   2.5057850e+06   1.5930176e+01
   2.5092850e+06   1.7150879e+01
   2.5107300e+06   1.5380859e+01
   2.5143270e+06   1.5502930e+01
   2.5165530e+06   1.5380859e+01
   2.5177450e+06   1.7333984e+01
   2.5203320e+06   1.5502930e+01
   2.5208330e+06   1.5991211e+01
   2.5216840e+06   1.5258789e+01
   2.5225220e+06   1.7028809e+01
   2.5232800e+06   1.5441895e+01
   2.5264520e+06   1.5686035e+01
   2.5279020e+06   1.8249512e+01
   2.5301490e+06   1.5563965e+01
   2.5338320e+06   1.9775391e+01
   2.5347830e+06   1.6113281e+01
   2.5356010e+06   1.5319824e+01
   2.5372790e+06   1.5258789e+01
   2.5389810e+06   1.7517090e+01
   2.5405210e+06   1.5441895e+01
   2.5426540e+06   1.8737793e+01
   2.5441270e+06   1.5502930e+01
   2.5456630e+06   1.5686035e+01
   2.5463350e+06   1.5625000e+01
   2.5479040e+06   1.6235352e+01
   2.5488820e+06   1.5502930e+01
   2.5504000e+06   1.6784668e+01
   2.5512680e+06   1.7150879e+01
   2.5535410e+06   1.6540527e+01
   2.5543930e+06   1.5380859e+01
   2.5567270e+06   1.6967773e+01
   2.5583540e+06   1.5258789e+01
   2.5599830e+06   1.5686035e+01
   2.5606800e+06   1.7333984e+01
   2.5646070e+06   1.5625000e+01
   2.5649580e+06   1.5563965e+01
   2.5653900e+06   1.6174316e+01
   2.5686960e+06   1.5502930e+01
   2.5702580e+06   1.5930176e+01
   2.5724730e+06   1.7211914e+01
   2.5739300e+06   1.5441895e+01
   2.5746090e+06   1.7028809e+01
   2.5760990e+06   1.6357422e+01
   2.5846500e+06   1.6296387e+01
   2.5859750e+06   1.6845703e+01
   2.5877480e+06   1.7028809e+01
   2.5915490e+06   1.6662598e+01
   2.5952000e+06   1.6845703e+01
   2.5995230e+06   1.5258789e+01
   2.6018230e+06   1.5441895e+01
   2.6043820e+06   1.5808105e+01
   2.6051360e+06   1.7211914e+01
   2.6077040e+06   1.5441895e+01
   2.6084140e+06   1.5930176e+01
   2.6101200e+06   1.6418457e+01
   2.6108330e+06   1.6174316e+01
   2.6156290e+06   1.5808105e+01
   2.6163710e+06   2.2888184e+01
   2.6186210e+06   1.5380859e+01
   2.6214720e+06   1.5869141e+01
   2.6223550e+06   2.1179199e+01
   2.6231820e+06   1.8798828e+01
   2.6241690e+06   1.7639160e+01
   2.6251320e+06   1.5808105e+01
   2.6258910e+06   1.7639160e+01
   2.6276510e+06   1.5625000e+01
   2.6302110e+06   1.5441895e+01
   2.6325950e+06   1.5502930e+01
   2.6334590e+06   1.7028809e+01
   2.6341950e+06   1.8676758e+01
   2.6351450e+06   1.5869141e+01
   2.6360180e+06   1.5869141e+01
   2.6367150e+06   1.5930176e+01
   2.6393510e+06   1.6967773e+01
   2.6402060e+06   1.8371582e+01
   2.6418190e+06   1.7150879e+01
   2.6426360e+06   1.7700195e+01
   2.6444300e+06   1.6357422e+01
   2.6475770e+06   1.9897461e+01
   2.6506250e+06   1.5625000e+01
   2.6560430e+06   1.8554688e+01
   2.6568250e+06   1.6113281e+01
   2.6583980e+06   1.5930176e+01
   2.6596180e+06   1.5319824e+01
   2.6604070e+06   1.5258789e+01
   2.6629080e+06   1.6601562e+01
   2.6637500e+06   1.5625000e+01
   2.6646820e+06   1.6418457e+01
   2.6655960e+06   1.5502930e+01
   2.6672090e+06   1.5747070e+01
   2.6679390e+06   1.5502930e+01
   2.6697920e+06   1.5563965e+01
   2.6705610e+06   1.7089844e+01
   2.6738800e+06   1.5380859e+01
   2.6756390e+06   1.5380859e+01
   2.6778540e+06   1.6906738e+01
   2.6825960e+06   1.5625000e+01
   2.6844240e+06   1.7333984e+01
   2.6857730e+06   1.5380859e+01
   2.6879170e+06   1.5319824e+01
   2.6897990e+06   1.6418457e+01
   2.6919260e+06   1.5747070e+01
   2.6936480e+06   1.8066406e+01
   2.6958190e+06   1.9714355e+01
   2.6966180e+06   1.9348145e+01
   2.6995410e+06   1.6967773e+01
   2.7052890e+06   1.7944336e+01
   2.7069640e+06   1.6967773e+01
   2.7079440e+06   1.5319824e+01
   2.7099020e+06   1.6540527e+01
   2.7121160e+06   1.6784668e+01
   2.7138940e+06   1.5808105e+01
   2.7152280e+06   1.6784668e+01
   2.7169360e+06   1.6357422e+01
   2.7178390e+06   1.5625000e+01
   2.7196660e+06   1.9104004e+01
   2.7223970e+06   1.5747070e+01
   2.7235200e+06   1.6113281e+01
   2.7268400e+06   1.6174316e+01
   2.7306100e+06   1.6296387e+01
   2.7347490e+06   1.6967773e+01
   2.7376820e+06   1.5808105e+01
   2.7408270e+06   1.9470215e+01
   2.7424140e+06   1.5930176e+01
   2.7451170e+06   1.5563965e+01
   2.7475650e+06   1.7639160e+01
   2.7483260e+06   1.5319824e+01
   2.7528640e+06   1.7028809e+01
   2.7546310e+06   2.0935059e+01
   2.7546470e+06   1.8371582e+01
   2.7546640e+06   1.9836426e+01
   2.7546970e+06   1.7822266e+01
   2.7547380e+06   1.9836426e+01
   2.7547610e+06   1.8310547e+01
   2.7548270e+06   1.7333984e+01
   2.7548970e+06   1.7333984e+01
   2.7550590e+06   2.0507812e+01
   2.7552250e+06   1.6662598e+01
   2.7767770e+06   1.8066406e+01
   2.7812970e+06   1.5563965e+01
   2.7839790e+06   1.7150879e+01
   2.7841450e+06   1.6052246e+01
   2.7887170e+06   1.7761230e+01
   2.7902040e+06   1.5258789e+01
   2.7916220e+06   1.7700195e+01
   2.7932770e+06   1.5441895e+01
   2.7946240e+06   1.8005371e+01
   2.8008640e+06   1.5563965e+01
   2.8022790e+06   1.7395020e+01
   2.8069610e+06   1.5319824e+01
   2.8075380e+06   1.6601562e+01
   2.8081590e+06   1.6967773e+01
   2.8090940e+06   1.6967773e+01
   2.8105500e+06   1.6662598e+01
   2.8119940e+06   1.6235352e+01
   2.8142560e+06   1.5319824e+01
   2.8150740e+06   1.6052246e+01
   2.8165220e+06   1.6967773e+01
   2.8188590e+06   1.7333984e+01
   2.8195690e+06   1.8371582e+01
   2.8203980e+06   1.6906738e+01
   2.8231280e+06   1.7089844e+01
   2.8304360e+06   1.5869141e+01
   2.8331060e+06   1.7456055e+01
   2.8354010e+06   1.6784668e+01
   2.8361180e+06   1.5747070e+01
   2.8376560e+06   1.5625000e+01
   2.8391880e+06   1.6296387e+01
   2.8399070e+06   1.7272949e+01
   2.8412470e+06   1.5625000e+01
   2.8420170e+06   1.7028809e+01
   2.8435210e+06   1.7333984e+01
   2.8442170e+06   1.5625000e+01
   2.8474950e+06   1.5930176e+01
   2.8482600e+06   1.6235352e+01
   2.8506170e+06   1.6662598e+01
   2.8521300e+06   1.5258789e+01
   2.8567030e+06   1.9531250e+01
   2.8580520e+06   1.5808105e+01
   2.8615390e+06   1.5563965e+01
   2.8624080e+06   1.6113281e+01
   2.8632440e+06   1.5563965e+01
   2.8647080e+06   1.5808105e+01
   2.8654830e+06   1.8005371e+01
   2.8675580e+06   1.6113281e+01
   2.8683090e+06   1.7700195e+01
   2.8712180e+06   1.5930176e+01
   2.8767490e+06   1.5563965e+01
   2.8821930e+06   1.5319824e+01
   2.8841710e+06   1.6174316e+01
   2.8848180e+06   1.6113281e+01
   2.8883360e+06   1.6967773e+01
   2.8890700e+06   1.6906738e+01
   2.8939840e+06   1.9287109e+01
   2.8990830e+06   1.5563965e+01
   2.9001600e+06   1.5319824e+01
   2.9060370e+06   1.6723633e+01
   2.9077010e+06   1.6723633e+01
   2.9094250e+06   1.6601562e+01
   2.9102120e+06   1.7272949e+01
   2.9134740e+06   1.5869141e+01
   2.9176690e+06   1.5686035e+01
   2.9201060e+06   1.5747070e+01
   2.9209980e+06   1.6296387e+01
   2.9218870e+06   1.6052246e+01
   2.9227740e+06   1.7822266e+01
   2.9235900e+06   1.7944336e+01
   2.9270660e+06   1.7822266e+01
   2.9289730e+06   1.6967773e+01
   2.9299620e+06   1.5747070e+01
   2.9327080e+06   1.5258789e+01
   2.9362730e+06   1.7761230e+01
   2.9434210e+06   1.5380859e+01
   2.9454840e+06   1.5441895e+01
   2.9477680e+06   1.6235352e+01
   2.9503500e+06   1.5258789e+01
   2.9513130e+06   1.6418457e+01
   2.9521970e+06   1.9104004e+01
   2.9532520e+06   1.7395020e+01
   2.9554060e+06   1.6906738e+01
   2.9579130e+06   1.5686035e+01
   2.9621430e+06   1.7517090e+01
   2.9641130e+06   1.7211914e+01
   2.9652690e+06   1.7333984e+01
   2.9659970e+06   1.9775391e+01
   2.9673110e+06   1.6174316e+01
   2.9700880e+06   1.5991211e+01
   2.9758640e+06   1.5380859e+01
   2.9777490e+06   1.7211914e+01
   2.9796150e+06   1.5625000e+01
   2.9805400e+06   1.5319824e+01
   2.9841570e+06   1.7333984e+01
   2.9903100e+06   1.6296387e+01
   2.9942900e+06   1.5563965e+01
   2.9974090e+06   1.6845703e+01
   2.9989230e+06   1.7395020e+01
   2.9993360e+06   1.5380859e+01
   3.0012340e+06   1.6113281e+01
   3.0021440e+06   1.5686035e+01
   3.0032640e+06   1.5563965e+01
   3.0040780e+06   1.5563965e+01
   3.0066700e+06   1.7761230e+01
   3.0077970e+06   1.5808105e+01
   3.0101150e+06   1.5869141e+01
   3.0110020e+06   1.6418457e+01
   3.0119090e+06   1.5441895e+01
   3.0175280e+06   1.5991211e+01
   3.0185840e+06   1.8676758e+01
   3.0222030e+06   1.7395020e+01
   3.0230540e+06   1.9714355e+01
   3.0269010e+06   1.5686035e+01
   3.0281610e+06   1.6784668e+01
   3.0289600e+06   1.6296387e+01
   3.0297620e+06   1.6601562e+01
   3.0316100e+06   1.5380859e+01
   3.0323970e+06   1.6418457e+01
   3.0334640e+06   1.5563965e+01
   3.0376420e+06   1.5808105e+01
   3.0402200e+06   1.6174316e+01
   3.0410570e+06   1.7395020e+01
   3.0429380e+06   1.5991211e+01
   3.0480280e+06   1.7028809e+01
   3.0554610e+06   1.7089844e+01
   3.0566270e+06   1.5441895e+01
   3.0611780e+06   1.6296387e+01
   3.0622530e+06   1.7578125e+01
   3.0635150e+06   1.7578125e+01
   3.0655090e+06   1.6906738e+01
   3.0681370e+06   1.5625000e+01
   3.0711100e+06   1.7150879e+01
   3.0737530e+06   1.5991211e+01
   3.0756830e+06   1.5869141e+01
   3.0766810e+06   1.6418457e+01
   3.0776510e+06   1.6540527e+01
   3.0849210e+06   1.5869141e+01
   3.0889250e+06   1.6784668e+01
   3.0906970e+06   1.8493652e+01
   3.0916170e+06   1.6296387e+01
   3.0946760e+06   1.5747070e+01
   3.0955850e+06   1.5319824e+01
   3.0974570e+06   1.8127441e+01
   3.0986990e+06   1.6967773e+01
   3.0997080e+06   1.6174316e+01
   3.1014880e+06   1.7517090e+01
   3.1043590e+06   1.7211914e+01
   3.1060500e+06   1.5991211e+01
   3.1069580e+06   1.7883301e+01
   3.1107910e+06   1.5380859e+01
   3.1124220e+06   1.5991211e+01
   3.1134470e+06   1.5869141e+01
   3.1150250e+06   1.5502930e+01
   3.1168710e+06   1.6357422e+01
   3.1218430e+06   1.5747070e+01
   3.1229970e+06   1.5502930e+01
   3.1247060e+06   1.6784668e+01
   3.1258020e+06   1.5441895e+01
   3.1279630e+06   1.5502930e+01
   3.1286720e+06   1.7333984e+01
   3.1310500e+06   1.6601562e+01
   3.1322790e+06   1.6235352e+01
   3.1330940e+06   1.6113281e+01
   3.1342290e+06   1.6967773e+01
   3.1358500e+06   1.5563965e+01
   3.1368190e+06   1.6540527e+01
   3.1379350e+06   1.6357422e+01
   3.1416640e+06   1.7395020e+01
   3.1435840e+06   1.7822266e+01
   3.1466890e+06   1.5563965e+01
   3.1476880e+06   1.6479492e+01
   3.1489320e+06   1.8432617e+01
   3.1514330e+06   1.8554688e+01
   3.1528420e+06   1.5258789e+01
   3.1530470e+06   1.8249512e+01
   3.1539050e+06   1.6723633e+01
   3.1557360e+06   1.5747070e+01
   3.1574810e+06   1.6357422e+01
   3.1583200e+06   1.7944336e+01
   3.1595460e+06   1.5563965e+01
   3.1604870e+06   1.5991211e+01
   3.1650700e+06   1.6784668e+01
   3.1684220e+06   1.6845703e+01
   3.1706730e+06   1.5808105e+01
   3.1718370e+06   1.5625000e+01
   3.1746020e+06   1.7333984e+01
   3.1778250e+06   1.5441895e+01
   3.1795330e+06   1.5686035e+01
   3.1813670e+06   1.7150879e+01
   3.1879450e+06   1.7395020e+01
   3.1889430e+06   1.7639160e+01
   3.1897500e+06   1.7578125e+01
   3.1917230e+06   1.5563965e+01
   3.1982800e+06   1.6479492e+01
   3.1993240e+06   1.6601562e+01
   3.2009570e+06   1.6540527e+01
   3.2018360e+06   1.6235352e+01
   3.2047130e+06   1.6357422e+01
   3.2076330e+06   1.7456055e+01
   3.2085190e+06   1.6113281e+01
   3.2150840e+06   1.6845703e+01
   3.2178680e+06   2.1118164e+01
   3.2197220e+06   1.5869141e+01
   3.2242060e+06   1.6967773e+01
   3.2250070e+06   1.5869141e+01
   3.2269720e+06   1.5258789e+01
   3.2289350e+06   1.5380859e+01
   3.2298040e+06   1.5930176e+01
   3.2305440e+06   1.6479492e+01
   3.2339900e+06   1.5808105e+01
   3.2364800e+06   1.5319824e+01
   3.2375270e+06   1.6418457e+01
   3.2392260e+06   1.5686035e+01
   3.2394550e+06   1.5502930e+01
   3.2414890e+06   1.9714355e+01
   3.2443100e+06   1.6845703e+01
   3.2454950e+06   1.8127441e+01
   3.2498180e+06   1.6357422e+01
   3.2546360e+06   1.7944336e+01
   3.2571630e+06   1.6540527e+01
   3.2620570e+06   1.6540527e+01
   3.2629070e+06   1.5441895e+01
   3.2695340e+06   1.7211914e+01
   3.2726740e+06   1.9104004e+01
   3.2736260e+06   1.6845703e+01
   3.2745820e+06   1.7211914e+01
   3.2754830e+06   1.6418457e+01
   3.2772360e+06   1.5441895e+01
   3.2789230e+06   1.5258789e+01
   3.2797180e+06   1.7150879e+01
   3.2805260e+06   1.8005371e+01
   3.2815400e+06   1.5930176e+01
   3.2826960e+06   1.9042969e+01
   3.2865910e+06   1.5258789e+01
   3.2883730e+06   1.7700195e+01
   3.2900770e+06   1.6479492e+01
   3.2929370e+06   1.5319824e+01
   3.2946090e+06   1.5380859e+01
   3.2967170e+06   1.6662598e+01
   3.2974880e+06   1.6662598e+01
   3.2983760e+06   1.6723633e+01
   3.3012450e+06   1.5747070e+01
   3.3014400e+06   1.5258789e+01
   3.3020910e+06   1.5319824e+01
   3.3047070e+06   1.6906738e+01
   3.3058870e+06   1.5380859e+01
   3.3076830e+06   1.7150879e+01
   3.3085000e+06   1.5502930e+01
   3.3109840e+06   1.5930176e+01
   3.3126550e+06   1.7761230e+01
   3.3143680e+06   1.7578125e+01
   3.3151850e+06   1.6784668e+01
   3.3176060e+06   1.9531250e+01
   3.3186040e+06   1.5502930e+01
   3.3194470e+06   1.7150879e+01
   3.3203200e+06   1.8127441e+01
   3.3211850e+06   1.5625000e+01
   3.3222220e+06   1.6967773e+01
   3.3247810e+06   1.5502930e+01
   3.3256880e+06   1.5686035e+01
   3.3274650e+06   1.5869141e+01
   3.3302090e+06   1.6418457e+01
   3.3312840e+06   1.6723633e+01
   3.3327530e+06   2.0019531e+01
   3.3335770e+06   1.5808105e+01
   3.3344340e+06   1.8493652e+01
   3.3373440e+06   1.5930176e+01
   3.3390090e+06   1.6540527e+01
   3.3407450e+06   1.6784668e+01
   3.3416720e+06   1.6540527e+01
   3.3444990e+06   1.5991211e+01
   3.3472560e+06   1.6174316e+01
   3.3479730e+06   1.8432617e+01
   3.3499750e+06   1.6357422e+01
   3.3510350e+06   1.6906738e+01
   3.3521050e+06   1.5441895e+01
   3.3543110e+06   1.9104004e+01
   3.3551710e+06   1.5686035e+01
   3.3562540e+06   1.8005371e+01
   3.3587930e+06   1.5930176e+01
   3.3598670e+06   1.5258789e+01
   3.3600470e+06   1.6479492e+01
   3.3646040e+06   1.5380859e+01
   3.3742760e+06   1.5319824e+01
   3.3749630e+06   1.8066406e+01
   3.3750880e+06   1.8066406e+01
   3.3751220e+06   1.8737793e+01
   3.3751600e+06   2.1057129e+01
   3.3751820e+06   1.6540527e+01
   3.3751980e+06   1.7272949e+01
   3.3752150e+06   1.6235352e+01
   3.3752750e+06   1.6052246e+01
   3.3753610e+06   1.7395020e+01
   3.3753810e+06   1.9409180e+01
   3.3765230e+06   1.6723633e+01
   3.4004570e+06   1.6723633e+01
   3.4005210e+06   1.5747070e+01
   3.4031690e+06   1.6235352e+01
   3.4033990e+06   1.6113281e+01
   3.4053140e+06   1.7150879e+01
   3.4103460e+06   1.7578125e+01
   3.4119000e+06   1.5319824e+01
   3.4124710e+06   1.5869141e+01
   3.4125260e+06   1.6601562e+01
   3.4149290e+06   1.5380859e+01
   3.4156670e+06   1.5869141e+01
   3.4178140e+06   1.6967773e+01
   3.4207620e+06   1.5625000e+01
   3.4210250e+06   1.5930176e+01
   3.4230470e+06   1.7089844e+01
   3.4235290e+06   1.5441895e+01
   3.4245740e+06   1.8310547e+01
   3.4251500e+06   1.5747070e+01
   3.4274910e+06   1.7333984e+01
   3.4291870e+06   1.6723633e+01
   3.4300450e+06   1.5441895e+01
   3.4314650e+06   1.6113281e+01
   3.4323110e+06   1.9104004e+01
   3.4351390e+06   1.5625000e+01
   3.4359110e+06   1.5258789e+01
   3.4365610e+06   1.5747070e+01
   3.4373820e+06   1.5563965e+01
   3.4396930e+06   1.6418457e+01
   3.4406390e+06   1.5808105e+01
   3.4414380e+06   1.6113281e+01
   3.4435770e+06   1.5258789e+01
   3.4443230e+06   1.6357422e+01
   3.4457810e+06   1.5625000e+01
   3.4473980e+06   1.7822266e+01
   3.4482290e+06   1.6113281e+01
   3.4537190e+06   1.5625000e+01
   3.4543720e+06   1.6113281e+01
   3.4547600e+06   1.6601562e+01
   3.4555850e+06   1.7150879e+01
   3.4563000e+06   1.6052246e+01
   3.4571160e+06   1.5625000e+01
   3.4577830e+06   1.5869141e+01
   3.4584580e+06   1.7578125e+01
   3.4608600e+06   1.6235352e+01
   3.4639680e+06   1.5319824e+01
   3.4662900e+06   1.8310547e+01
   3.4676470e+06   1.6296387e+01
   3.4697710e+06   1.5686035e+01
   3.4706330e+06   1.9409180e+01
   3.4714270e+06   1.5502930e+01
   3.4745740e+06   1.5686035e+01
   3.4753980e+06   1.6357422e+01
   3.4768670e+06   1.6906738e+01
   3.4775620e+06   1.6052246e+01
   3.4782860e+06   1.5930176e+01
   3.4798830e+06   1.5380859e+01
   3.4806810e+06   1.5686035e+01
   3.4813130e+06   1.5991211e+01
   3.4851420e+06   1.5380859e+01
   3.4858840e+06   1.5808105e+01
   3.4873830e+06   1.6418457e+01
   3.4898530e+06   1.5258789e+01
   3.4899710e+06   1.7089844e+01
   3.4961930e+06   1.6601562e+01
   3.4970610e+06   1.7211914e+01
   3.4985360e+06   1.7883301e+01
   3.5013960e+06   1.7211914e+01
   3.5022130e+06   1.6418457e+01
   3.5038510e+06   1.5686035e+01
   3.5046630e+06   1.6784668e+01
   3.5054090e+06   1.9714355e+01
   3.5061440e+06   1.6906738e+01
   3.5097390e+06   1.5258789e+01
   3.5115320e+06   1.7272949e+01
   3.5160050e+06   1.5991211e+01
   3.5168500e+06   1.5869141e+01
   3.5185490e+06   1.6967773e+01
   3.5200830e+06   1.6235352e+01
   3.5217270e+06   1.7944336e+01
   3.5224350e+06   1.6479492e+01
   3.5232860e+06   1.5808105e+01
   3.5250680e+06   1.6967773e+01
   3.5273750e+06   1.6784668e+01
   3.5282380e+06   1.7578125e+01
   3.5289840e+06   1.5808105e+01
   3.5303950e+06   1.7944336e+01
   3.5339310e+06   1.6479492e+01
   3.5347300e+06   1.7883301e+01
   3.5360250e+06   1.7456055e+01
   3.5368830e+06   1.5869141e+01
   3.5373390e+06   1.5747070e+01
   3.5376940e+06   1.7211914e+01
   3.5386280e+06   1.7272949e+01
   3.5394690e+06   1.6174316e+01
   3.5403300e+06   1.7028809e+01
   3.5419120e+06   1.6845703e+01
   3.5431810e+06   1.5991211e+01
   3.5448920e+06   1.9897461e+01
   3.5463890e+06   1.6784668e+01
   3.5517500e+06   1.6174316e+01
   3.5529310e+06   1.6113281e+01
   3.5586610e+06   1.9897461e+01
   3.5628570e+06   1.7272949e+01
   3.5634570e+06   1.5808105e+01
   3.5636760e+06   1.5686035e+01
   3.5647730e+06   1.5808105e+01
   3.5667170e+06   1.6845703e+01
   3.5679040e+06   1.5686035e+01
   3.5700280e+06   1.5258789e+01
   3.5707800e+06   1.5380859e+01
   3.5746920e+06   1.6540527e+01
   3.5773640e+06   1.6113281e+01
   3.5781720e+06   1.6113281e+01
   3.5790080e+06   1.5747070e+01
   3.5797570e+06   1.6784668e+01
   3.5810180e+06   1.5930176e+01
   3.5843280e+06   1.5563965e+01
   3.5866190e+06   1.5502930e+01
   3.5924490e+06   1.5563965e+01
   3.5941450e+06   1.6540527e+01
   3.5951940e+06   1.7333984e+01
   3.5961320e+06   1.6357422e+01
   3.5972950e+06   1.8432617e+01
   3.5982150e+06   1.9165039e+01
   3.5990080e+06   1.6052246e+01
   3.6009850e+06   1.6235352e+01
   3.6015860e+06   2.2827148e+01
   3.6016330e+06   2.8503418e+01
   3.6016650e+06   1.8066406e+01
   3.6017220e+06   1.7456055e+01
   3.6017940e+06   1.6174316e+01
   3.6019430e+06   1.6357422e+01
   3.6021050e+06   1.5930176e+01
   3.6021480e+06   1.7578125e+01
   3.6022040e+06   1.8127441e+01
   3.6215080e+06   1.6052246e+01
   3.6227650e+06   1.5380859e+01
   3.6235630e+06   1.6296387e+01
   3.6265410e+06   1.7150879e+01
   3.6275770e+06   1.6418457e+01
   3.6294940e+06   1.7272949e+01
   3.6312380e+06   1.5991211e+01
   3.6319780e+06   1.5319824e+01
   3.6323290e+06   1.5930176e+01
   3.6326630e+06   1.5502930e+01
   3.6343970e+06   1.7333984e+01
   3.6353700e+06   1.5502930e+01
   3.6388850e+06   1.5686035e+01
   3.6416730e+06   1.5625000e+01
   3.6439720e+06   1.7150879e+01
   3.6446980e+06   1.7211914e+01
   3.6477450e+06   1.6601562e+01
   3.6484190e+06   1.7211914e+01
   3.6491970e+06   1.5747070e+01
   3.6499160e+06   1.5869141e+01
   3.6507440e+06   1.6784668e+01
   3.6550460e+06   1.5380859e+01
   3.6557850e+06   1.9958496e+01
   3.6572050e+06   1.6052246e+01
   3.6583020e+06   1.5380859e+01
   3.6586500e+06   1.5747070e+01
   3.6609880e+06   1.5686035e+01
   3.6623410e+06   1.5869141e+01
   3.6631460e+06   1.5258789e+01
   3.6638360e+06   1.6540527e+01
   3.6654250e+06   1.5319824e+01
   3.6669360e+06   1.5747070e+01
   3.6676700e+06   1.7211914e+01
   3.6692270e+06   1.5380859e+01
   3.6693470e+06   1.5686035e+01
   3.6715970e+06   1.7211914e+01
   3.6728750e+06   1.6174316e+01
   3.6744850e+06   1.5563965e+01
   3.6759500e+06   1.5747070e+01
   3.6768200e+06   1.6174316e+01
   3.6806250e+06   1.5502930e+01
   3.6814430e+06   1.5869141e+01
   3.6821120e+06   1.6479492e+01
   3.6824330e+06   1.5258789e+01
   3.6834160e+06   1.8981934e+01
   3.6850270e+06   1.7028809e+01
   3.6857890e+06   1.5930176e+01
   3.6865010e+06   1.5319824e+01
   3.6911720e+06   1.8554688e+01
   3.6919550e+06   1.5380859e+01
   3.6942020e+06   1.6357422e+01
   3.6943140e+06   1.6113281e+01
   3.6961320e+06   1.8249512e+01
   3.6975930e+06   1.6235352e+01
   3.6982280e+06   1.9897461e+01
   3.7001700e+06   1.8554688e+01
   3.7009850e+06   1.5625000e+01
   3.7024440e+06   1.6906738e+01
   3.7030770e+06   1.6235352e+01
   3.7037660e+06   1.7700195e+01
   3.7051050e+06   1.6113281e+01
   3.7080750e+06   1.5319824e+01
   3.7119990e+06   1.6662598e+01
   3.7136300e+06   1.5991211e+01
   3.7168180e+06   1.7150879e+01
   3.7212760e+06   1.7272949e+01
   3.7219880e+06   1.8371582e+01
   3.7236500e+06   1.9470215e+01
   3.7250850e+06   1.7944336e+01
   3.7266370e+06   1.5808105e+01
   3.7274020e+06   1.5258789e+01
   3.7281920e+06   1.5625000e+01
   3.7290000e+06   1.6845703e+01
   3.7299030e+06   1.9348145e+01
   3.7324530e+06   1.7456055e+01
   3.7338910e+06   1.5808105e+01
   3.7377220e+06   1.5319824e+01
   3.7411720e+06   1.8859863e+01
   3.7419640e+06   1.5319824e+01
   3.7426810e+06   1.5747070e+01
   3.7434340e+06   1.6723633e+01
   3.7450800e+06   1.6845703e+01
   3.7457590e+06   1.6357422e+01
   3.7465920e+06   1.8371582e+01
   3.7473930e+06   1.6296387e+01
   3.7482750e+06   1.5258789e+01
   3.7542500e+06   1.6296387e+01
   3.7550090e+06   1.7272949e+01
   3.7607670e+06   1.5747070e+01
   3.7614040e+06   1.8981934e+01
   3.7661590e+06   1.5991211e+01
   3.7671520e+06   1.6967773e+01
   3.7705180e+06   1.5258789e+01
   3.7727760e+06   1.5319824e+01
   3.7743500e+06   1.7272949e+01
   3.7775240e+06   1.9226074e+01
   3.7801190e+06   1.6052246e+01
   3.7810360e+06   1.7333984e+01
   3.7827650e+06   1.6479492e+01
   3.7845900e+06   1.5258789e+01
   3.7861350e+06   1.5319824e+01
   3.7926620e+06   1.6906738e+01
   3.7950440e+06   1.5930176e+01
   3.7958120e+06   1.5808105e+01
   3.7968960e+06   1.5930176e+01
   3.7997240e+06   1.5625000e+01
   3.8004880e+06   1.5625000e+01
   3.8018300e+06   1.8737793e+01
   3.8044610e+06   1.6113281e+01
   3.8062970e+06   1.6357422e+01
   3.8086000e+06   1.5686035e+01
   3.8097350e+06   1.6052246e+01
   3.8105600e+06   1.6540527e+01
   3.8129150e+06   1.7761230e+01
   3.8151100e+06   1.7517090e+01
   3.8212280e+06   1.6906738e+01
   3.8246440e+06   1.7456055e+01
   3.8258430e+06   1.6418457e+01
   3.8307300e+06   1.5380859e+01
   3.8348850e+06   1.6540527e+01
   3.8356760e+06   1.6357422e+01
   3.8366610e+06   1.6235352e+01
   3.8380130e+06   1.5625000e+01
   3.8388910e+06   1.7517090e+01
   3.8443810e+06   1.5869141e+01
   3.8461650e+06   1.5930176e+01
   3.8478920e+06   1.5625000e+01
   3.8516210e+06   1.5258789e+01
   3.8539380e+06   2.0812988e+01
   3.8547360e+06   1.7578125e+01
   3.8558440e+06   1.5930176e+01
   3.8570080e+06   1.6357422e+01
   3.8601530e+06   1.5441895e+01
   3.8621590e+06   1.8554687e+01
   3.8629070e+06   1.6967773e+01
   3.8648810e+06   1.5625000e+01
   3.8678170e+06   1.5502930e+01
   3.8686200e+06   1.5502930e+01
   3.8697940e+06   1.6662598e+01
   3.8705080e+06   1.6052246e+01
   3.8711070e+06   1.8981934e+01
   3.8711580e+06   2.9846191e+01
   3.8711690e+06   2.0141602e+01
   3.8711990e+06   1.7272949e+01
   3.8712270e+06   1.6296387e+01
   3.8712460e+06   1.6967773e+01
   3.8712990e+06   1.7639160e+01
   3.8713210e+06   1.6723633e+01
   3.8713720e+06   1.6906738e+01
   3.8715580e+06   1.5502930e+01
   3.8917440e+06   1.5563965e+01
   3.8929830e+06   1.7028809e+01
   3.8975560e+06   1.6906738e+01
   3.8976210e+06   1.5686035e+01
   3.8982610e+06   1.6784668e+01
   3.8996980e+06   1.7761230e+01
   3.9013110e+06   1.5258789e+01
   3.9053810e+06   1.5686035e+01
   3.9074260e+06   1.5441895e+01
   3.9140490e+06   1.7578125e+01
   3.9155340e+06   1.6296387e+01
   3.9169750e+06   1.8310547e+01
   3.9184910e+06   1.5502930e+01
   3.9191490e+06   1.8737793e+01
   3.9198560e+06   1.6601562e+01
   3.9206410e+06   1.6296387e+01
   3.9213320e+06   1.6784668e+01
   3.9220260e+06   1.5869141e+01
   3.9228190e+06   1.7150879e+01
   3.9266420e+06   1.5319824e+01
   3.9273920e+06   1.7028809e+01
   3.9280910e+06   1.5502930e+01
   3.9288120e+06   1.6662598e+01
   3.9296040e+06   1.5869141e+01
   3.9328250e+06   1.5930176e+01
   3.9335740e+06   1.6357422e+01
   3.9349180e+06   1.5930176e+01
   3.9361580e+06   1.5808105e+01
   3.9366910e+06   1.5808105e+01
   3.9388550e+06   1.6540527e+01
   3.9424190e+06   1.6845703e+01
   3.9433010e+06   1.7150879e+01
   3.9446450e+06   1.5991211e+01
   3.9460350e+06   1.5502930e+01
   3.9467430e+06   1.5319824e+01
   3.9475450e+06   1.7028809e+01
   3.9489160e+06   1.5258789e+01
   3.9495470e+06   1.5808105e+01
   3.9501230e+06   1.6235352e+01
   3.9538940e+06   1.6113281e+01
   3.9565540e+06   1.5319824e+01
   3.9624730e+06   1.6601562e+01
   3.9639630e+06   1.6601562e+01
   3.9691230e+06   1.5686035e+01
   3.9692070e+06   1.5747070e+01
   3.9699530e+06   1.7700195e+01
   3.9709010e+06   1.6418457e+01
   3.9722720e+06   1.7272949e+01
   3.9729640e+06   2.0446777e+01
   3.9735330e+06   1.5869141e+01
   3.9742980e+06   1.5258789e+01
   3.9790760e+06   1.5686035e+01
   3.9798460e+06   1.5319824e+01
   3.9806330e+06   1.7700195e+01
   3.9825430e+06   1.7150879e+01
   3.9864100e+06   1.5808105e+01
   3.9871480e+06   1.6784668e+01
   3.9880060e+06   1.7761230e+01
   3.9887190e+06   1.5502930e+01
   3.9896020e+06   1.7089844e+01
   3.9904170e+06   1.6723633e+01
   3.9920040e+06   1.6906738e+01
   3.9926340e+06   1.6235352e+01
   3.9940780e+06   1.6967773e+01
   3.9988520e+06   1.5502930e+01
   4.0034970e+06   1.5502930e+01
   4.0054430e+06   1.5502930e+01
   4.0061770e+06   1.7089844e+01
   4.0069240e+06   1.5747070e+01
   4.0099260e+06   1.5441895e+01
   4.0116940e+06   1.5258789e+01
   4.0141670e+06   1.5808105e+01
   4.0150120e+06   1.6906738e+01
   4.0186080e+06   1.7395020e+01
   4.0193780e+06   1.5380859e+01
   4.0220080e+06   1.7272949e+01
   4.0229210e+06   1.6418457e+01
   4.0248000e+06   1.5991211e+01
   4.0255980e+06   1.6967773e+01
   4.0263680e+06   1.5686035e+01
   4.0357420e+06   1.7517090e+01
   4.0372170e+06   1.5502930e+01
   4.0395390e+06   1.8432617e+01
   4.0403090e+06   1.6723633e+01
   4.0432340e+06   2.0202637e+01
   4.0440370e+06   1.5258789e+01
   4.0447590e+06   1.6906738e+01
   4.0471090e+06   1.5808105e+01
   4.0476500e+06   1.6174316e+01
   4.0486430e+06   1.5319824e+01
   4.0524360e+06   1.8188477e+01
   4.0531290e+06   1.5991211e+01
   4.0571430e+06   1.7395020e+01
   4.0579950e+06   1.5319824e+01
   4.0606330e+06   1.5686035e+01
   4.0629240e+06   1.5441895e+01
   4.0697350e+06   1.9409180e+01
   4.0705240e+06   1.5441895e+01
   4.0723640e+06   1.7150879e+01
   4.0732090e+06   1.6906738e+01
   4.0736940e+06   1.6906738e+01
   4.0741840e+06   1.7028809e+01
   4.0750410e+06   1.5319824e+01
   4.0791860e+06   1.6235352e+01
   4.0799500e+06   1.7089844e+01
   4.0839210e+06   1.8066406e+01
   4.0845990e+06   1.5686035e+01
   4.0854560e+06   1.6845703e+01
   4.0877500e+06   1.6052246e+01
   4.0897980e+06   1.6784668e+01
   4.0905880e+06   1.5319824e+01
   4.0915700e+06   1.7395020e+01
   4.0930450e+06   1.6113281e+01
   4.0958470e+06   1.5563965e+01
   4.0985460e+06   1.5258789e+01
   4.1002910e+06   1.6357422e+01
   4.1032170e+06   1.7028809e+01
   4.1040880e+06   1.6662598e+01
   4.1050180e+06   1.6357422e+01
   4.1059270e+06   1.5930176e+01
   4.1074760e+06   1.7517090e+01
   4.1090930e+06   1.6235352e+01
   4.1103190e+06   1.5502930e+01
   4.1137350e+06   1.6174316e+01
   4.1144910e+06   1.6296387e+01
   4.1192350e+06   1.7089844e+01
   4.1209030e+06   1.6052246e+01
   4.1216810e+06   1.5319824e+01
   4.1257880e+06   1.6479492e+01
   4.1302510e+06   1.7395020e+01
   4.1318310e+06   1.5502930e+01
   4.1327800e+06   1.5747070e+01
   4.1346360e+06   1.8798828e+01
   4.1365480e+06   1.6479492e+01
   4.1373150e+06   1.6113281e+01
   4.1384360e+06   1.5869141e+01
   4.1402860e+06   1.6174316e+01
   4.1425530e+06   1.7395020e+01
   4.1450490e+06   1.6296387e+01
   4.1496360e+06   1.5808105e+01
   4.1505370e+06   1.5319824e+01
   4.1557560e+06   1.5502930e+01
   4.1575600e+06   1.7211914e+01
   4.1589900e+06   1.5808105e+01
   4.1600390e+06   1.5563965e+01
   4.1614240e+06   1.7456055e+01
   4.1633570e+06   1.8920898e+01
   4.1644490e+06   1.8981934e+01
   4.1677800e+06   1.8737793e+01
   4.1693130e+06   1.5441895e+01
   4.1761530e+06   1.6601562e+01
   4.1814110e+06   1.6967773e+01
   4.1821210e+06   1.5563965e+01
   4.1848880e+06   1.8737793e+01
   4.1856410e+06   1.7272949e+01
   4.1868010e+06   1.6052246e+01
   4.1894030e+06   1.5258789e+01
   4.1972940e+06   1.5502930e+01
   4.1990570e+06   1.7150879e+01
   4.2010530e+06   1.7517090e+01
   4.2019490e+06   1.8981934e+01
   4.2072100e+06   1.7883301e+01
   4.2096680e+06   1.7150879e+01
   4.2109500e+06   1.7456055e+01
   4.2117480e+06   1.5441895e+01
   4.2125770e+06   1.7272949e+01
   4.2132480e+06   1.8981934e+01
   4.2154480e+06   1.6052246e+01
   4.2161880e+06   1.9348145e+01
   4.2178250e+06   1.5869141e+01
   4.2186540e+06   1.5441895e+01
   4.2201880e+06   1.5747070e+01
   4.2228830e+06   1.6845703e+01
   4.2245910e+06   1.5869141e+01
   4.2274820e+06   1.6296387e+01
   4.2282700e+06   1.6662598e+01
   4.2300050e+06   1.7517090e+01
   4.2345280e+06   1.9958496e+01
   4.2371390e+06   1.5563965e+01
   4.2390980e+06   1.5380859e+01
   4.2398090e+06   1.6113281e+01
   4.2405820e+06   1.5319824e+01
   4.2413000e+06   1.9714355e+01
   4.2421510e+06   1.5258789e+01
   4.2440400e+06   1.7150879e+01
   4.2449380e+06   1.6784668e+01
   4.2478710e+06   1.5930176e+01
   4.2497610e+06   1.5502930e+01
   4.2507100e+06   1.5686035e+01
   4.2532420e+06   2.1362305e+01
   4.2591950e+06   1.6540527e+01
   4.2608370e+06   1.8005371e+01
   4.2637260e+06   1.5625000e+01
   4.2649160e+06   1.5808105e+01
   4.2672460e+06   1.5502930e+01
   4.2688160e+06   1.7456055e+01
   4.2701290e+06   1.6296387e+01
   4.2739290e+06   1.6113281e+01
   4.2754500e+06   1.5808105e+01
   4.2762150e+06   1.6845703e+01
   4.2779480e+06   1.7028809e+01
   4.2787580e+06   1.5380859e+01
   4.2811220e+06   1.6845703e+01
   4.2858840e+06   1.7150879e+01
   4.2868280e+06   1.6662598e+01
   4.2876610e+06   1.5380859e+01
   4.2886340e+06   1.7883301e+01
   4.2919010e+06   1.5502930e+01
   4.2929040e+06   1.5319824e+01
   4.2936900e+06   1.5319824e+01
   4.2938020e+06   1.8676758e+01
   4.2963340e+06   1.5747070e+01
   4.2973250e+06   1.6296387e+01
   4.2980820e+06   1.8310547e+01
   4.2996540e+06   1.5380859e+01
   4.3012070e+06   1.7211914e+01
   4.3031570e+06   1.5869141e+01
   4.3050620e+06   1.6906738e+01
   4.3074940e+06   1.5319824e+01
   4.3092430e+06   1.5441895e+01
   4.3144890e+06   1.7700195e+01
   4.3160810e+06   1.5563965e+01
   4.3168690e+06   1.5258789e+01
   4.3195190e+06   1.6906738e+01
   4.3220490e+06   1.7211914e+01
   4.3230030e+06   1.5258789e+01
   4.3245120e+06   1.5563965e+01
   4.3263230e+06   1.5808105e+01
   4.3283370e+06   1.5747070e+01
   4.3299840e+06   1.6601562e+01
   4.3308000e+06   1.6235352e+01
   4.3328880e+06   1.5869141e+01
   4.3341490e+06   1.5625000e+01
   4.3352330e+06   1.9714355e+01
   4.3378280e+06   1.6174316e+01
   4.3405980e+06   1.5808105e+01
   4.3423560e+06   1.5991211e+01
   4.3433320e+06   1.6662598e+01
   4.3450970e+06   1.5686035e+01
   4.3470370e+06   1.6418457e+01
   4.3479260e+06   1.5258789e+01
   4.3512420e+06   1.8005371e+01
   4.3529510e+06   2.0385742e+01
   4.3603700e+06   1.6784668e+01
   4.3612740e+06   1.5869141e+01
   4.3622650e+06   1.6662598e+01
   4.3630160e+06   1.5808105e+01
   4.3638650e+06   1.5441895e+01
   4.3648090e+06   1.5808105e+01
   4.3707980e+06   1.6845703e+01
   4.3738990e+06   1.6662598e+01
   4.3746890e+06   1.9958496e+01
   4.3754970e+06   1.7028809e+01
   4.3787950e+06   1.5869141e+01
   4.3833860e+06   1.5625000e+01
   4.3850080e+06   1.6052246e+01
   4.3883840e+06   1.7517090e+01
   4.3898730e+06   1.6357422e+01
   4.3909820e+06   1.8066406e+01
   4.3922230e+06   1.6906738e+01
   4.3938640e+06   1.6601562e+01
   4.3977770e+06   1.5563965e+01
   4.3994900e+06   1.5991211e+01
   4.4004060e+06   1.5991211e+01
   4.4033850e+06   1.5625000e+01
   4.4051090e+06   1.5441895e+01
   4.4061010e+06   2.2155762e+01
   4.4069420e+06   1.6479492e+01
   4.4146630e+06   1.6479492e+01
   4.4157830e+06   1.7944336e+01
   4.4165480e+06   1.6967773e+01
   4.4191440e+06   1.5930176e+01
   4.4200280e+06   1.9287109e+01
   4.4252320e+06   1.7639160e+01
   4.4262960e+06   1.6540527e+01
   4.4278480e+06   2.0446777e+01
   4.4307290e+06   1.5869141e+01
   4.4313830e+06   1.5380859e+01
   4.4343520e+06   1.5502930e+01
   4.4343800e+06   1.8859863e+01
   4.4353380e+06   1.5869141e+01
   4.4354510e+06   1.6357422e+01
   4.4361560e+06   1.6662598e+01
   4.4382270e+06   1.7578125e+01
   4.4393520e+06   1.5502930e+01
   4.4397940e+06   1.7822266e+01
   4.4405830e+06   1.5625000e+01
   4.4414420e+06   1.6906738e+01
   4.4430540e+06   1.6113281e+01
   4.4446220e+06   1.5258789e+01
   4.4470540e+06   1.5380859e+01
   4.4477080e+06   1.5686035e+01
   4.4479190e+06   1.5380859e+01
   4.4489340e+06   1.5380859e+01
   4.4557260e+06   1.5258789e+01
   4.4565360e+06   1.6052246e+01
   4.4614600e+06   1.5869141e+01
   4.4638970e+06   1.7028809e+01
   4.4655660e+06   1.5502930e+01
   4.4672730e+06   1.5380859e+01
   4.4699180e+06   1.7395020e+01
   4.4726480e+06   1.7211914e+01
   4.4739190e+06   1.6235352e+01
   4.4747060e+06   1.6967773e+01
   4.4754960e+06   1.5319824e+01
   4.4773160e+06   1.6906738e+01
   4.4780870e+06   1.5747070e+01
   4.4816410e+06   1.5441895e+01
   4.4824840e+06   1.5930176e+01
   4.4844430e+06   1.5441895e+01
   4.4849230e+06   1.5808105e+01
   4.4861310e+06   1.5319824e+01
   4.4894050e+06   1.7822266e+01
   4.4902330e+06   1.7700195e+01
   4.4914770e+06   1.6479492e+01
   4.4972250e+06   1.5869141e+01
   4.4980980e+06   1.5869141e+01
   4.4990600e+06   1.8432617e+01
   4.4999600e+06   1.9714355e+01
   4.5006100e+06   1.5319824e+01
   4.5025590e+06   1.8310547e+01
   4.5044590e+06   1.5319824e+01
   4.5053550e+06   1.5502930e+01
   4.5074480e+06   1.5808105e+01
   4.5097090e+06   1.7028809e+01
   4.5105120e+06   1.5258789e+01
   4.5130090e+06   1.5991211e+01
   4.5161910e+06   1.6174316e+01
   4.5170560e+06   1.8859863e+01
   4.5179010e+06   1.9714355e+01
   4.5197530e+06   1.5258789e+01
   4.5205100e+06   1.6723633e+01
   4.5249730e+06   1.8249512e+01
   4.5273740e+06   1.5869141e+01
   4.5282730e+06   1.6235352e+01
   4.5290500e+06   1.7028809e+01
   4.5308160e+06   1.6662598e+01
   4.5347660e+06   1.6052246e+01
   4.5356060e+06   1.7517090e+01
   4.5374330e+06   2.1057129e+01
   4.5390410e+06   1.5502930e+01
   4.5415360e+06   1.7211914e+01
   4.5422800e+06   1.7578125e+01
   4.5456800e+06   1.7883301e+01
   4.5465160e+06   1.6052246e+01
   4.5494140e+06   1.5441895e+01
   4.5494380e+06   1.7211914e+01
   4.5544270e+06   1.7456055e+01
   4.5604670e+06   1.7517090e+01
   4.5607650e+06   1.6113281e+01
   4.5616400e+06   1.6662598e+01
   4.5624690e+06   1.6174316e+01
   4.5640500e+06   1.6723633e+01
   4.5665020e+06   1.6784668e+01
   4.5678640e+06   1.6113281e+01
   4.5708490e+06   1.7211914e+01
   4.5718600e+06   1.5808105e+01
   4.5737960e+06   1.6113281e+01
   4.5778070e+06   1.7395020e+01
   4.5794520e+06   1.5441895e+01
   4.5812420e+06   1.8798828e+01
   4.5832580e+06   1.5686035e+01
   4.5840150e+06   2.3010254e+01
   4.5848720e+06   1.5930176e+01
   4.5867250e+06   1.5502930e+01
   4.5883510e+06   1.5869141e+01
   4.5910930e+06   1.6052246e+01
   4.5919140e+06   1.5502930e+01
   4.5928080e+06   1.5502930e+01
   4.5937460e+06   1.8310547e+01
   4.5945400e+06   1.8127441e+01
   4.5962200e+06   1.5869141e+01
   4.5971310e+06   1.9470215e+01
   4.5980230e+06   1.5625000e+01
   4.6000890e+06   1.5808105e+01
   4.6036700e+06   1.5991211e+01
   4.6046060e+06   1.7150879e+01
   4.6054450e+06   1.5258789e+01
   4.6084350e+06   1.6662598e+01
   4.6107750e+06   1.5991211e+01
   4.6135550e+06   1.6357422e+01
   4.6143870e+06   1.6479492e+01
   4.6151310e+06   1.7578125e+01
   4.6159470e+06   1.6967773e+01
   4.6187310e+06   1.6113281e+01
   4.6205380e+06   1.6784668e+01
   4.6258980e+06   1.5808105e+01
   4.6272590e+06   1.6662598e+01
   4.6283010e+06   1.5258789e+01
   4.6321560e+06   1.6723633e+01
   4.6334480e+06   1.5319824e+01
   4.6343890e+06   1.5930176e+01
   4.6352690e+06   1.5258789e+01
   4.6360610e+06   1.5441895e+01
   4.6369540e+06   1.6723633e+01
   4.6378920e+06   1.7395020e+01
   4.6389300e+06   1.6174316e+01
   4.6397250e+06   1.6845703e+01
   4.6405480e+06   1.6418457e+01
   4.6422810e+06   1.6296387e+01
   4.6431940e+06   1.6967773e+01
   4.6451020e+06   1.6296387e+01
   4.6482410e+06   1.5380859e+01
   4.6519820e+06   1.5319824e+01
   4.6528250e+06   1.5258789e+01
   4.6537480e+06   1.5808105e+01
   4.6546510e+06   1.6052246e+01
   4.6554960e+06   1.5380859e+01
   4.6564550e+06   1.7578125e+01
   4.6571870e+06   1.6662598e+01
   4.6591040e+06   1.6906738e+01
   4.6623520e+06   2.0690918e+01
   4.6648890e+06   1.5808105e+01
   4.6659580e+06   1.5319824e+01
   4.6667460e+06   1.7700195e+01
   4.6767680e+06   1.6479492e+01
   4.6776280e+06   1.6113281e+01
   4.6803350e+06   1.8615723e+01
   4.6820230e+06   1.5319824e+01
   4.6835460e+06   1.5930176e+01
   4.6871870e+06   1.6601562e+01
   4.6901550e+06   1.5686035e+01
   4.6919020e+06   1.6906738e+01
   4.6955990e+06   1.6723633e+01
   4.6963870e+06   1.9958496e+01
   4.6985380e+06   1.9470215e+01
   4.6992690e+06   1.5747070e+01
   4.7007350e+06   1.6052246e+01
   4.7060040e+06   1.7700195e+01
   4.7068110e+06   1.8615723e+01
   4.7075870e+06   1.6784668e+01
   4.7133100e+06   1.9714355e+01
   4.7152060e+06   1.7456055e+01
   4.7161200e+06   1.5258789e+01
   4.7190110e+06   1.8127441e+01
   4.7198720e+06   1.7456055e+01
   4.7208580e+06   1.5380859e+01
   4.7219660e+06   1.6784668e+01
   4.7237750e+06   1.6418457e+01
   4.7248320e+06   1.5441895e+01
   4.7258590e+06   1.5747070e+01
   4.7268950e+06   1.6601562e+01
   4.7313380e+06   1.5502930e+01
   4.7360770e+06   1.5808105e+01
   4.7386430e+06   1.6967773e+01
   4.7406620e+06   1.5258789e+01
   4.7423470e+06   1.9592285e+01
   4.7448440e+06   1.5563965e+01
   4.7458510e+06   1.6967773e+01
   4.7466770e+06   1.8737793e+01
   4.7495750e+06   1.6601562e+01
   4.7502490e+06   1.5686035e+01
   4.7520110e+06   1.5625000e+01
   4.7548600e+06   1.8066406e+01
   4.7576910e+06   1.6235352e+01
   4.7585150e+06   1.8493652e+01
   4.7593870e+06   2.0385742e+01
   4.7621310e+06   1.6540527e+01
   4.7669490e+06   1.7028809e+01
   4.7687810e+06   1.5380859e+01
   4.7717440e+06   1.6784668e+01
   4.7727580e+06   1.5686035e+01
   4.7735070e+06   1.6967773e+01
   4.7743840e+06   1.6784668e+01
   4.7770400e+06   1.6723633e+01
   4.7778900e+06   1.5869141e+01
   4.7788040e+06   1.6052246e+01
   4.7806040e+06   1.6418457e+01
   4.7823460e+06   1.5625000e+01
   4.7842720e+06   1.6784668e+01
   4.7870350e+06   1.5991211e+01
   4.7887530e+06   1.5686035e+01
   4.7887930e+06   1.5380859e+01
   4.7897520e+06   1.6235352e+01
   4.7906560e+06   1.6235352e+01
   4.7962820e+06   1.7639160e+01
   4.7996400e+06   1.8737793e+01
   4.8048580e+06   1.5747070e+01
   4.8074410e+06   1.7456055e+01
   4.8085560e+06   1.6845703e+01
   4.8094470e+06   1.9836426e+01
   4.8117770e+06   1.5991211e+01
   4.8119980e+06   1.5808105e+01
   4.8128340e+06   1.8371582e+01
   4.8128930e+06   1.5747070e+01
   4.8130000e+06   1.9714355e+01
   4.8130440e+06   2.6123047e+01
   4.8130570e+06   2.0996094e+01
   4.8131310e+06   1.9653320e+01
   4.8133130e+06   1.6784668e+01
   4.8134190e+06   1.8432617e+01
   4.8135210e+06   1.7211914e+01
   4.8136940e+06   2.2338867e+01
   4.8139540e+06   1.5380859e+01
   4.8234700e+06   1.5380859e+01
   4.8292940e+06   2.2583008e+01
   4.8294250e+06   3.2470703e+01
   4.8294740e+06   1.6357422e+01
   4.8295350e+06   1.5563965e+01
   4.8295680e+06   2.0874023e+01
   4.8296000e+06   1.6418457e+01
   4.8296560e+06   1.5747070e+01
   4.8296840e+06   1.6540527e+01
   4.8299600e+06   1.5625000e+01
   4.8300440e+06   1.9042969e+01
   4.8303140e+06   1.8676758e+01
   4.8304610e+06   1.6357422e+01
   4.8405080e+06   1.5502930e+01
   4.8473970e+06   1.5869141e+01
   4.8486160e+06   1.7395020e+01
   4.8519910e+06   1.9226074e+01
   4.8532000e+06   1.7761230e+01
   4.8541670e+06   1.8066406e+01
   4.8569410e+06   1.5319824e+01
   4.8589750e+06   1.7211914e+01
   4.8599010e+06   1.8859863e+01
   4.8607050e+06   1.5869141e+01
   4.8637380e+06   1.7150879e+01
   4.8653520e+06   1.5930176e+01
   4.8660350e+06   1.6723633e+01
   4.8671060e+06   1.6784668e+01
   4.8688750e+06   1.8737793e+01
   4.8714020e+06   1.5563965e+01
   4.8722360e+06   1.5380859e+01
   4.8737710e+06   1.6723633e+01
   4.8745370e+06   1.6418457e+01
   4.8763100e+06   1.5869141e+01
   4.8770950e+06   1.6235352e+01
   4.8801590e+06   1.5319824e+01
   4.8809400e+06   1.7700195e+01
   4.8833170e+06   1.5686035e+01
   4.8848430e+06   1.6357422e+01
   4.8857260e+06   1.7578125e+01
   4.8864310e+06   1.6174316e+01
   4.8872190e+06   1.6418457e+01
   4.8888500e+06   1.7150879e+01
   4.8924520e+06   1.8249512e+01
   4.8945570e+06   1.5991211e+01
   4.8945870e+06   1.9348145e+01
   4.8954100e+06   1.5991211e+01
   4.8990620e+06   1.5502930e+01
   4.9011190e+06   1.5930176e+01
   4.9019390e+06   1.6906738e+01
   4.9033260e+06   1.5258789e+01
   4.9042120e+06   1.5625000e+01
   4.9047660e+06   1.7517090e+01
   4.9053940e+06   1.5380859e+01
   4.9061600e+06   1.7944336e+01
   4.9069240e+06   1.7211914e+01
   4.9095500e+06   1.6479492e+01
   4.9111370e+06   1.6113281e+01
   4.9141430e+06   1.5563965e+01
   4.9156750e+06   1.6296387e+01
   4.9171700e+06   1.5258789e+01
   4.9207530e+06   1.7944336e+01
   4.9213910e+06   1.5319824e+01
   4.9220330e+06   1.5747070e+01
   4.9235310e+06   1.6357422e+01
   4.9283590e+06   1.7700195e+01
   4.9299020e+06   1.5991211e+01
   4.9312990e+06   1.5319824e+01
   4.9320850e+06   1.5563965e+01
   4.9340770e+06   1.5686035e+01
   4.9407530e+06   1.6540527e+01
   4.9430710e+06   1.6052246e+01
   4.9446030e+06   1.5319824e+01
   4.9451760e+06   1.5380859e+01
   4.9465420e+06   1.5625000e+01
   4.9471510e+06   1.8310547e+01
   4.9493480e+06   1.5808105e+01
   4.9501180e+06   1.5747070e+01
   4.9509330e+06   1.6662598e+01
   4.9517040e+06   1.5747070e+01
   4.9540280e+06   1.6540527e+01
   4.9562980e+06   1.8371582e+01
   4.9578720e+06   1.8005371e+01
   4.9594670e+06   1.8249512e+01
   4.9601880e+06   1.6845703e+01
   4.9621130e+06   1.5869141e+01
   4.9637260e+06   1.6052246e+01
   4.9645820e+06   1.5991211e+01
   4.9656320e+06   1.8188477e+01
   4.9660970e+06   1.8249512e+01
   4.9729510e+06   1.8249512e+01
   4.9764240e+06   1.6662598e+01
   4.9791540e+06   1.8615723e+01
   4.9816100e+06   1.5808105e+01
   4.9823200e+06   1.5625000e+01
   4.9853600e+06   1.6967773e+01
   4.9902510e+06   2.1240234e+01
   4.9909130e+06   1.5930176e+01
   4.9920930e+06   1.5869141e+01
   4.9927630e+06   1.7517090e+01
   4.9950700e+06   1.5258789e+01
   4.9959940e+06   1.6845703e+01
   4.9968720e+06   1.8188477e+01
   4.9988630e+06   1.5319824e+01
   5.0026180e+06   1.5747070e+01
   5.0033120e+06   1.6052246e+01
   5.0074000e+06   1.5380859e+01
   5.0090810e+06   1.6967773e+01
   5.0099950e+06   1.6235352e+01
   5.0109010e+06   1.6784668e+01
   5.0118210e+06   1.6174316e+01
   5.0125740e+06   1.7883301e+01
   5.0149610e+06   1.5258789e+01
   5.0156240e+06   1.8676758e+01
   5.0162140e+06   1.7639160e+01
   5.0182870e+06   1.5319824e+01
   5.0191340e+06   2.0019531e+01
   5.0200360e+06   1.5563965e+01
   5.0201310e+06   1.5625000e+01
   5.0237020e+06   1.5991211e+01
   5.0259650e+06   1.6174316e+01
   5.0268940e+06   1.5502930e+01
   5.0309790e+06   1.5625000e+01
   5.0317060e+06   1.5808105e+01
   5.0361000e+06   1.6906738e+01
   5.0369710e+06   1.5441895e+01
   5.0377930e+06   1.5869141e+01
   5.0387580e+06   1.6174316e+01
   5.0405900e+06   1.6540527e+01
   5.0422290e+06   1.5625000e+01
   5.0429840e+06   1.5563965e+01
   5.0439140e+06   2.0935059e+01
   5.0440750e+06   1.9531250e+01
   5.0441100e+06   1.5991211e+01
   5.0441820e+06   2.0141602e+01
   5.0442350e+06   2.0263672e+01
   5.0442460e+06   1.9470215e+01
   5.0442650e+06   1.8798828e+01
   5.0443010e+06   1.9165039e+01
   5.0443400e+06   1.9531250e+01
   5.0443600e+06   1.6113281e+01
   5.0443780e+06   1.9836426e+01
   5.0444450e+06   2.1911621e+01
   5.0446490e+06   1.8493652e+01
   5.0446850e+06   1.6052246e+01
   5.0447710e+06   1.7456055e+01
   5.0629200e+06   1.5625000e+01
   5.0639130e+06   1.8737793e+01
   5.0653850e+06   1.6418457e+01
   5.0682860e+06   1.6723633e+01
   5.0723720e+06   1.8310547e+01
   5.0730640e+06   1.6540527e+01
   5.0736250e+06   2.3681641e+01
   5.0765070e+06   1.6479492e+01
   5.0800800e+06   2.2033691e+01
   5.0819860e+06   1.5563965e+01
   5.0851540e+06   1.5319824e+01
   5.0879180e+06   1.6906738e+01
   5.0915910e+06   1.6601562e+01
   5.0943330e+06   1.6174316e+01
   5.0987040e+06   1.7211914e+01
   5.0995280e+06   1.5625000e+01
   5.1014930e+06   1.8493652e+01
   5.1021740e+06   1.5441895e+01
   5.1027210e+06   1.6296387e+01
   5.1035320e+06   1.7395020e+01
   5.1048050e+06   1.7944336e+01
   5.1053280e+06   1.7028809e+01
   5.1060710e+06   1.5747070e+01
   5.1074930e+06   1.5869141e+01
   5.1081720e+06   1.6296387e+01
   5.1094710e+06   2.0507812e+01
   5.1101570e+06   1.5319824e+01
   5.1110620e+06   1.6662598e+01
   5.1124610e+06   1.5380859e+01
   5.1131240e+06   1.6418457e+01
   5.1145650e+06   1.6357422e+01
   5.1161330e+06   1.5747070e+01
   5.1169370e+06   1.6906738e+01
   5.1176200e+06   1.7150879e+01
   5.1179950e+06   1.5930176e+01
   5.1185710e+06   1.5808105e+01
   5.1201620e+06   1.7211914e+01
   5.1231360e+06   1.7395020e+01
   5.1237980e+06   1.5441895e+01
   5.1252880e+06   1.6723633e+01
   5.1257640e+06   1.6113281e+01
   5.1263580e+06   1.7333984e+01
   5.1317940e+06   1.5625000e+01
   5.1337840e+06   1.5441895e+01
   5.1343960e+06   1.5319824e+01
   5.1349690e+06   1.7944336e+01
   5.1358080e+06   1.7150879e+01
   5.1360140e+06   1.8127441e+01
   5.1378010e+06   1.7089844e+01
   5.1383390e+06   1.5502930e+01
   5.1391460e+06   1.6845703e+01
   5.1431990e+06   1.7700195e+01
   5.1468370e+06   1.9165039e+01
   5.1475670e+06   1.5502930e+01
   5.1518770e+06   1.5319824e+01
   5.1547150e+06   1.6235352e+01
   5.1565920e+06   1.5869141e+01
   5.1645140e+06   1.5502930e+01
   5.1658090e+06   1.7578125e+01
   5.1665160e+06   1.6113281e+01
   5.1694510e+06   1.8005371e+01
   5.1701160e+06   1.7578125e+01
   5.1721320e+06   2.0263672e+01
   5.1729670e+06   1.5930176e+01
   5.1743830e+06   1.8127441e+01
   5.1758850e+06   1.8188477e+01
   5.1765620e+06   1.5563965e+01
   5.1772940e+06   1.5319824e+01
   5.1780530e+06   2.2094727e+01
   5.1786900e+06   1.5502930e+01
   5.1827570e+06   1.5258789e+01
   5.1834600e+06   1.5747070e+01
   5.1839230e+06   1.5991211e+01
   5.1883280e+06   1.5686035e+01
   5.1917730e+06   1.5625000e+01
   5.1930590e+06   1.6540527e+01
   5.1983660e+06   1.5563965e+01
   5.1992430e+06   1.7456055e+01
   5.2014690e+06   1.5686035e+01
   5.2020870e+06   1.7822266e+01
   5.2047540e+06   1.6662598e+01
   5.2054590e+06   1.6723633e+01
   5.2069210e+06   1.5319824e+01
   5.2087600e+06   1.8432617e+01
   5.2097480e+06   1.5502930e+01
   5.2103490e+06   1.5930176e+01
   5.2114200e+06   1.5441895e+01
   5.2120960e+06   1.6662598e+01
   5.2141540e+06   1.6052246e+01
   5.2150240e+06   1.5747070e+01
   5.2188770e+06   1.7456055e+01
   5.2222260e+06   1.5686035e+01
   5.2233380e+06   1.6479492e+01
   5.2249820e+06   1.7639160e+01
   5.2258190e+06   1.5441895e+01
   5.2299520e+06   1.9165039e+01
   5.2308250e+06   1.7089844e+01
   5.2323570e+06   1.6723633e+01
   5.2332950e+06   1.5991211e+01
   5.2351230e+06   1.6662598e+01
   5.2355790e+06   1.5808105e+01
   5.2355980e+06   2.3071289e+01
   5.2356090e+06   1.8371582e+01
   5.2356590e+06   2.1850586e+01
   5.2357140e+06   1.8127441e+01
   5.2358080e+06   1.5502930e+01
   5.2361520e+06   1.6540527e+01
   5.2574040e+06   1.5319824e+01
   5.2599600e+06   1.5930176e+01
   5.2609590e+06   1.8798828e+01
   5.2643660e+06   2.0385742e+01
   5.2658750e+06   1.8127441e+01
   5.2664900e+06   1.8920898e+01
   5.2669970e+06   1.9775391e+01
   5.2677960e+06   1.7395020e+01
   5.2692170e+06   1.7089844e+01
   5.2709770e+06   1.6540527e+01
   5.2717100e+06   1.5563965e+01
   5.2732330e+06   1.5930176e+01
   5.2737340e+06   1.7883301e+01
   5.2757120e+06   1.5319824e+01
   5.2762990e+06   1.7028809e+01
   5.2775230e+06   1.5808105e+01
   5.2782710e+06   1.5686035e+01
   5.2795530e+06   1.5991211e+01
   5.2804740e+06   1.7883301e+01
   5.2825900e+06   1.5686035e+01
   5.2851520e+06   1.6113281e+01
   5.2858610e+06   1.7517090e+01
   5.2865410e+06   1.5502930e+01
   5.2872020e+06   1.5686035e+01
   5.2878460e+06   1.6479492e+01
   5.2884290e+06   1.6906738e+01
   5.2891530e+06   1.5930176e+01
   5.2899350e+06   1.6540527e+01
   5.2926150e+06   1.8493652e+01
   5.2956760e+06   1.7150879e+01
   5.2988730e+06   1.5258789e+01
   5.2999600e+06   1.6601562e+01
   5.3011310e+06   1.7883301e+01
   5.3032080e+06   1.5869141e+01
   5.3041580e+06   1.7089844e+01
   5.3052880e+06   1.5319824e+01
   5.3065810e+06   1.5686035e+01
   5.3072410e+06   1.7089844e+01
   5.3079240e+06   1.5808105e+01
   5.3087590e+06   1.6113281e+01
   5.3107870e+06   1.5441895e+01
   5.3128110e+06   1.7517090e+01
   5.3141770e+06   1.5869141e+01
   5.3170490e+06   1.6113281e+01
   5.3191770e+06   1.8859863e+01
   5.3198680e+06   1.5380859e+01
   5.3210060e+06   1.6906738e+01
   5.3222970e+06   1.8188477e+01
   5.3228760e+06   1.5686035e+01
   5.3234740e+06   1.5380859e+01
   5.3271150e+06   1.5319824e+01
   5.3277290e+06   1.6601562e+01
   5.3294330e+06   1.7028809e+01
   5.3302040e+06   1.6967773e+01
   5.3307450e+06   1.5869141e+01
   5.3343290e+06   1.8493652e+01
   5.3363040e+06   1.5258789e+01
   5.3368970e+06   1.6723633e+01
   5.3382170e+06   1.6296387e+01
   5.3388410e+06   1.7333984e+01
   5.3399260e+06   1.6052246e+01
   5.3436080e+06   1.7089844e+01
   5.3443760e+06   1.6418457e+01
   5.3450540e+06   1.5441895e+01
   5.3456390e+06   1.9531250e+01
   5.3463140e+06   1.6906738e+01
   5.3469240e+06   1.5991211e+01
   5.3484810e+06   1.5625000e+01
   5.3526590e+06   1.7944336e+01
   5.3539720e+06   1.5441895e+01
   5.3547160e+06   1.5319824e+01
   5.3577120e+06   1.6784668e+01
   5.3584380e+06   1.9165039e+01
   5.3596860e+06   1.5441895e+01
   5.3603650e+06   1.6052246e+01
   5.3610360e+06   1.6784668e+01
   5.3625830e+06   1.7517090e+01
   5.3633900e+06   1.6723633e+01
   5.3642020e+06   1.6296387e+01
   5.3649860e+06   1.6052246e+01
   5.3656650e+06   1.6479492e+01
   5.3680310e+06   1.5319824e+01
   5.3710780e+06   1.6479492e+01
   5.3717010e+06   1.7761230e+01
   5.3742750e+06   1.5319824e+01
   5.3750360e+06   1.5930176e+01
   5.3763570e+06   1.6235352e+01
   5.3798580e+06   1.5869141e+01
   5.3813840e+06   1.7028809e+01
   5.3831990e+06   1.5808105e+01
   5.3845670e+06   1.5380859e+01
   5.3862500e+06   1.5991211e+01
   5.3865730e+06   1.5319824e+01
   5.3888870e+06   1.7150879e+01
   5.3934830e+06   1.5319824e+01
   5.3944500e+06   1.7272949e+01
   5.3952480e+06   1.9653320e+01
   5.3979570e+06   1.9531250e+01
   5.3987110e+06   1.5319824e+01
   5.3995870e+06   1.6174316e+01
   5.4011810e+06   1.5319824e+01
   5.4052830e+06   1.7395020e+01
   5.4075380e+06   1.5930176e+01
   5.4083290e+06   1.5625000e+01
   5.4091690e+06   1.5258789e+01
   5.4099730e+06   1.7456055e+01
   5.4108040e+06   1.6601562e+01
   5.4115260e+06   1.5625000e+01
   5.4144830e+06   1.5502930e+01
   5.4152440e+06   1.6052246e+01
   5.4161020e+06   1.5808105e+01
   5.4183710e+06   1.5808105e+01
   5.4191770e+06   1.7761230e+01
   5.4200700e+06   1.5563965e+01
   5.4217980e+06   1.7089844e+01
   5.4233620e+06   1.6052246e+01
   5.4250350e+06   1.9592285e+01
   5.4275080e+06   1.6967773e+01
   5.4308100e+06   1.6601562e+01
   5.4315020e+06   1.7211914e+01
   5.4324070e+06   1.6235352e+01
   5.4355010e+06   1.7700195e+01
   5.4360840e+06   1.5869141e+01
   5.4369410e+06   1.6357422e+01
   5.4376970e+06   1.5747070e+01
   5.4385090e+06   1.7883301e+01
   5.4392620e+06   1.5258789e+01
   5.4403680e+06   1.5563965e+01
   5.4410880e+06   1.7456055e+01
   5.4426940e+06   1.5747070e+01
   5.4435270e+06   1.6906738e+01
   5.4461860e+06   1.8493652e+01
   5.4468290e+06   1.6357422e+01
   5.4497670e+06   1.5563965e+01
   5.4530120e+06   1.5441895e+01
   5.4547290e+06   1.5869141e+01
   5.4571790e+06   1.5380859e+01
   5.4587110e+06   1.7150879e+01
   5.4612280e+06   1.5930176e+01
   5.4622580e+06   1.5869141e+01
   5.4628290e+06   1.5991211e+01
   5.4644290e+06   1.6235352e+01
   5.4652800e+06   1.7150879e+01
   5.4725690e+06   1.6052246e+01
   5.4748510e+06   1.5258789e+01
   5.4755080e+06   1.6052246e+01
   5.4786580e+06   1.5869141e+01
   5.4797460e+06   1.5380859e+01
   5.4805210e+06   1.7639160e+01
   5.4815440e+06   1.5686035e+01
   5.4839360e+06   1.5686035e+01
   5.4862260e+06   1.5441895e+01
   5.4917330e+06   1.7700195e+01
   5.4926290e+06   1.5808105e+01
   5.4982770e+06   2.0141602e+01
   5.4994030e+06   1.5625000e+01
   5.5002920e+06   1.6967773e+01
   5.5013010e+06   1.5747070e+01
   5.5020080e+06   1.6906738e+01
   5.5029700e+06   1.5991211e+01
   5.5037310e+06   1.5441895e+01
   5.5049540e+06   1.6357422e+01
   5.5079990e+06   1.7517090e+01
   5.5105130e+06   1.6235352e+01
   5.5115360e+06   1.6662598e+01
   5.5131250e+06   1.5625000e+01
   5.5137810e+06   1.5930176e+01
   5.5155590e+06   1.5258789e+01
   5.5175950e+06   1.9165039e+01
   5.5194880e+06   1.7211914e+01
   5.5209600e+06   1.8981934e+01
   5.5218600e+06   1.5625000e+01
   5.5283190e+06   1.8127441e+01
   5.5291580e+06   1.8127441e+01
   5.5314070e+06   1.5625000e+01
   5.5330800e+06   1.5380859e+01
   5.5342450e+06   1.7456055e+01
   5.5365710e+06   1.9592285e+01
   5.5379600e+06   1.5258789e+01
   5.5386630e+06   1.6296387e+01
   5.5404400e+06   1.9592285e+01
   5.5414640e+06   1.7578125e+01
   5.5448630e+06   1.5319824e+01
   5.5511730e+06   1.5808105e+01
   5.5519180e+06   1.5441895e+01
   5.5530840e+06   1.5625000e+01
   5.5581680e+06   1.6601562e+01
   5.5624350e+06   1.5747070e+01
   5.5643260e+06   1.6052246e+01
   5.5678140e+06   1.6052246e+01
   5.5687110e+06   1.6235352e+01
   5.5698650e+06   1.5319824e+01
   5.5754050e+06   1.8310547e+01
   5.5779150e+06   1.5991211e+01
   5.5813230e+06   1.6174316e+01
   5.5821110e+06   1.5869141e+01
   5.5829170e+06   1.7578125e+01
   5.5847550e+06   1.8615723e+01
   5.5885050e+06   1.7333984e+01
   5.5913490e+06   1.7028809e+01
   5.5923130e+06   1.6174316e+01
   5.5930850e+06   1.5991211e+01
   5.5952060e+06   1.6235352e+01
   5.5976440e+06   1.5380859e+01
   5.6009490e+06   1.7395020e+01
   5.6017920e+06   1.7395020e+01
   5.6027630e+06   1.5258789e+01
   5.6041170e+06   1.5441895e+01
   5.6049290e+06   1.7517090e+01
   5.6058600e+06   1.9042969e+01
   5.6114030e+06   1.5625000e+01
   5.6124040e+06   1.8676758e+01
   5.6132790e+06   1.5930176e+01
   5.6148530e+06   1.5686035e+01
   5.6159180e+06   1.7089844e+01
   5.6194730e+06   1.8615723e+01
   5.6202640e+06   1.9287109e+01
   5.6219710e+06   1.5441895e+01
   5.6220540e+06   1.6174316e+01
   5.6226570e+06   1.5991211e+01
   5.6249240e+06   1.5502930e+01
   5.6252450e+06   1.5502930e+01
   5.6270920e+06   1.8493652e+01
   5.6279920e+06   1.7028809e+01
   5.6280060e+06   1.9470215e+01
   5.6280390e+06   1.5502930e+01
   5.6280590e+06   1.6357422e+01
   5.6281970e+06   2.0629883e+01
   5.6282370e+06   1.5502930e+01
   5.6282810e+06   1.6601562e+01
   5.6284250e+06   1.5625000e+01
   5.6285090e+06   1.7700195e+01
   5.6286190e+06   1.8859863e+01
   5.6496610e+06   1.6906738e+01
   5.6503300e+06   1.6845703e+01
   5.6525130e+06   1.5319824e+01
   5.6535610e+06   1.5441895e+01
   5.6545360e+06   1.5380859e+01
   5.6553070e+06   1.8127441e+01
   5.6574760e+06   1.5502930e+01
   5.6584150e+06   1.5319824e+01
   5.6590270e+06   1.5319824e+01
   5.6604130e+06   1.5380859e+01
   5.6631320e+06   1.6662598e+01
   5.6644540e+06   1.6357422e+01
   5.6665010e+06   1.5441895e+01
   5.6681350e+06   1.8859863e+01
   5.6688830e+06   1.5869141e+01
   5.6695360e+06   1.5747070e+01
   5.6715580e+06   1.6723633e+01
   5.6724340e+06   1.6052246e+01
   5.6746310e+06   1.5502930e+01
   5.6753100e+06   1.5625000e+01
   5.6767620e+06   1.6418457e+01
   5.6824210e+06   1.5869141e+01
   5.6839240e+06   1.5625000e+01
   5.6882180e+06   1.6418457e+01
   5.6888830e+06   1.7639160e+01
   5.6903470e+06   1.5563965e+01
   5.6918120e+06   1.7272949e+01
   5.6959170e+06   2.1179199e+01
   5.6965980e+06   1.5380859e+01
   5.6974500e+06   1.5869141e+01
   5.6995690e+06   1.5258789e+01
   5.7002120e+06   1.5747070e+01
   5.7009040e+06   1.8615723e+01
   5.7022350e+06   1.5869141e+01
   5.7036530e+06   1.7150879e+01
   5.7074160e+06   1.5380859e+01
   5.7087860e+06   1.7822266e+01
   5.7099690e+06   1.5319824e+01
   5.7115510e+06   1.5930176e+01
   5.7136930e+06   1.7822266e+01
   5.7178760e+06   1.5502930e+01
   5.7194000e+06   1.6540527e+01
   5.7200990e+06   1.5380859e+01
   5.7207760e+06   1.8676758e+01
   5.7222300e+06   1.5869141e+01
   5.7239090e+06   1.7517090e+01
   5.7246310e+06   1.5686035e+01
   5.7252140e+06   1.5625000e+01
   5.7258760e+06   1.5319824e+01
   5.7263620e+06   1.9836426e+01
   5.7271870e+06   2.0263672e+01
   5.7285050e+06   1.5930176e+01
   5.7318820e+06   1.8859863e+01
   5.7326500e+06   1.7822266e+01
   5.7333580e+06   1.7211914e+01
   5.7352830e+06   1.5808105e+01
   5.7359110e+06   1.5869141e+01
   5.7366860e+06   1.5808105e+01
   5.7373270e+06   1.5869141e+01
   5.7385430e+06   1.7333984e+01
   5.7398440e+06   1.7395020e+01
   5.7418910e+06   1.5930176e+01
   5.7425020e+06   1.8249512e+01
   5.7440810e+06   1.8493652e+01
   5.7476850e+06   1.5808105e+01
   5.7483230e+06   1.7211914e+01
   5.7506330e+06   1.6540527e+01
   5.7520810e+06   1.5502930e+01
   5.7542340e+06   1.5563965e+01
   5.7558500e+06   1.5625000e+01
   5.7565390e+06   1.9348145e+01
   5.7631010e+06   1.7517090e+01
   5.7639480e+06   1.6479492e+01
   5.7655560e+06   1.5563965e+01
   5.7669030e+06   1.7272949e+01
   5.7697530e+06   1.7333984e+01
   5.7707190e+06   1.6479492e+01
   5.7707380e+06   1.5380859e+01
   5.7714320e+06   1.5258789e+01
   5.7733210e+06   1.5747070e+01
   5.7741860e+06   1.6052246e+01
   5.7761050e+06   1.7089844e+01
   5.7770960e+06   1.5869141e+01
   5.7778160e+06   1.6906738e+01
   5.7785150e+06   1.6601562e+01
   5.7793220e+06   1.5930176e+01
   5.7825530e+06   1.5991211e+01
   5.7834720e+06   1.6052246e+01
   5.7856950e+06   1.5380859e+01
   5.7865990e+06   1.5747070e+01
   5.7884540e+06   1.5686035e+01
   5.7889880e+06   1.5258789e+01
   5.7897020e+06   1.6174316e+01
   5.7905490e+06   1.6662598e+01
   5.7912170e+06   1.5747070e+01
   5.7919790e+06   1.8676758e+01
   5.7927560e+06   1.5258789e+01
   5.7949550e+06   1.7272949e+01
   5.7975020e+06   1.5930176e+01
   5.7981780e+06   1.7150879e+01
   5.7998450e+06   1.6235352e+01
   5.8023040e+06   1.5502930e+01
   5.8029080e+06   1.5747070e+01
   5.8046010e+06   1.8188477e+01
   5.8072160e+06   1.6967773e+01
   5.8081100e+06   1.5808105e+01
   5.8088910e+06   1.5441895e+01
   5.8129420e+06   1.6235352e+01
   5.8150610e+06   1.6052246e+01
   5.8166130e+06   1.6174316e+01
   5.8203660e+06   1.6174316e+01
   5.8256250e+06   1.8920898e+01
   5.8260440e+06   2.7465820e+01
   5.8260850e+06   1.6906738e+01
   5.8261250e+06   1.6479492e+01
   5.8264130e+06   1.5258789e+01
   5.8265080e+06   1.6296387e+01
   5.8266860e+06   2.0019531e+01
   5.8443290e+06   1.7395020e+01
   5.8490530e+06   1.5441895e+01
   5.8498000e+06   1.7761230e+01
   5.8505750e+06   1.5563965e+01
   5.8527170e+06   1.7028809e+01
   5.8544320e+06   1.8005371e+01
   5.8564070e+06   1.9775391e+01
   5.8569630e+06   1.8249512e+01
   5.8576830e+06   1.6052246e+01
   5.8591990e+06   1.5319824e+01
   5.8606220e+06   1.6296387e+01
   5.8621530e+06   1.7089844e+01
   5.8641220e+06   1.6296387e+01
   5.8648220e+06   1.7578125e+01
   5.8660250e+06   1.5686035e+01
   5.8684410e+06   1.5808105e+01
   5.8715020e+06   1.5686035e+01
   5.8728500e+06   1.6479492e+01
   5.8736070e+06   1.5991211e+01
   5.8743900e+06   1.5258789e+01
   5.8750740e+06   2.3132324e+01
   5.8763580e+06   1.5747070e+01
   5.8771930e+06   1.5808105e+01
   5.8778460e+06   1.6845703e+01
   5.8784960e+06   1.5991211e+01
   5.8800680e+06   1.5869141e+01
   5.8841820e+06   1.5502930e+01
   5.8847280e+06   1.5502930e+01
   5.8855210e+06   1.5258789e+01
   5.8881930e+06   1.7089844e+01
   5.8888440e+06   1.6845703e+01
   5.8917940e+06   1.5380859e+01
   5.9000530e+06   1.9714355e+01
   5.9007120e+06   1.5991211e+01
   5.9018360e+06   1.6662598e+01
   5.9047160e+06   1.5380859e+01
   5.9089660e+06   1.6113281e+01
   5.9097850e+06   1.5502930e+01
   5.9104100e+06   1.7089844e+01
   5.9111380e+06   1.7211914e+01
   5.9131790e+06   1.6357422e+01
   5.9138240e+06   1.9104004e+01
   5.9152040e+06   1.8554688e+01
   5.9224620e+06   1.6113281e+01
   5.9246620e+06   1.5258789e+01
   5.9278130e+06   1.6662598e+01
   5.9288440e+06   1.5258789e+01
   5.9295420e+06   1.8066406e+01
   5.9308490e+06   1.5930176e+01
   5.9324070e+06   1.5930176e+01
   5.9338740e+06   1.6967773e+01
   5.9354470e+06   1.8188477e+01
   5.9382150e+06   1.5563965e+01
   5.9389340e+06   1.6174316e+01
   5.9420280e+06   1.6540527e+01
   5.9429620e+06   1.5258789e+01
   5.9450490e+06   1.5686035e+01
   5.9458480e+06   1.8188477e+01
   5.9499970e+06   1.5808105e+01
   5.9507170e+06   1.5258789e+01
   5.9520930e+06   1.6662598e+01
   5.9533310e+06   1.7761230e+01
   5.9542220e+06   1.6479492e+01
   5.9549810e+06   1.8310547e+01
   5.9571220e+06   1.6845703e+01
   5.9598160e+06   1.5441895e+01
   5.9605620e+06   1.5869141e+01
   5.9630010e+06   1.8249512e+01
   5.9645860e+06   1.6174316e+01
   5.9659220e+06   1.5991211e+01
   5.9667190e+06   1.5563965e+01
   5.9675570e+06   1.7028809e+01
   5.9685800e+06   1.7822266e+01
   5.9700200e+06   1.5502930e+01
   5.9721260e+06   1.7333984e+01
   5.9750050e+06   1.7517090e+01
   5.9758830e+06   1.9348145e+01
   5.9763690e+06   1.5258789e+01
   5.9802570e+06   1.6296387e+01
   5.9818450e+06   1.9165039e+01
   5.9828020e+06   1.8737793e+01
   5.9843190e+06   1.6723633e+01
   5.9861220e+06   1.7089844e+01
   5.9867770e+06   1.5991211e+01
   5.9876230e+06   1.5625000e+01
   5.9885600e+06   1.7639160e+01
   5.9910980e+06   1.5625000e+01
   5.9918580e+06   1.5808105e+01
   5.9963660e+06   1.5930176e+01
   5.9972560e+06   1.5258789e+01
   5.9979910e+06   1.5319824e+01
