   5.9990000e+06   0.0000000e+00
   2.7717900e+05   1.7578125e+01
   2.7723100e+05   2.4841309e+01
   2.7732800e+05   1.7883301e+01
   2.7734400e+05   2.2583008e+01
   2.7737400e+05   1.7028809e+01
   2.7739300e+05   2.0019531e+01
   2.7743400e+05   1.5625000e+01
   2.7744700e+05   2.6062012e+01
   2.7746100e+05   2.1667480e+01
   2.7748400e+05   2.6306152e+01
   2.7750500e+05   2.5085449e+01
   2.7754600e+05   2.5390625e+01
   2.7755700e+05   2.2094727e+01
   2.7758800e+05   3.1677246e+01
   2.7760000e+05   1.6784668e+01
   2.7761000e+05   2.6245117e+01
   2.7764000e+05   1.8798828e+01
   2.7767000e+05   4.4189453e+01
   2.7769500e+05   1.7761230e+01
   2.7771500e+05   2.5390625e+01
   2.7774000e+05   2.0202637e+01
   2.7775700e+05   1.7456055e+01
   2.7780500e+05   1.7272949e+01
   2.7784500e+05   2.0996094e+01
   2.7788400e+05   1.7700195e+01
   2.7797000e+05   2.0202637e+01
   2.7801500e+05   1.5991211e+01
   2.7806500e+05   1.5930176e+01
   2.7811000e+05   1.7028809e+01
   2.7812500e+05   1.6662598e+01
   2.8186600e+05   1.5808105e+01
   4.6475300e+05   1.6418457e+01
   5.1415600e+05   1.5930176e+01
   7.0420100e+05   2.1057129e+01
   7.2123200e+05   1.8432617e+01
   7.2129100e+05   1.8188477e+01
   7.2131400e+05   3.1555176e+01
   7.2137000e+05   3.2409668e+01
   7.2138300e+05   1.9287109e+01
   7.2139700e+05   3.1982422e+01
   7.2144200e+05   3.8269043e+01
   7.2145900e+05   3.3386230e+01
   7.2147600e+05   2.0629883e+01
   7.2150700e+05   4.4860840e+01
   7.2152100e+05   4.2968750e+01
   7.2154300e+05   2.0751953e+01
   7.2157500e+05   1.9165039e+01
   7.2160400e+05   2.1179199e+01
   7.2167600e+05   1.8371582e+01
   7.2170800e+05   1.9653320e+01
   7.2176500e+05   1.5930176e+01
   7.2181200e+05   2.3803711e+01
   7.2190400e+05   1.6479492e+01
   7.2208900e+05   1.5625000e+01
   7.2233200e+05   1.5747070e+01
   8.9883100e+05   2.5451660e+01
   1.0492050e+06   2.3254395e+01
   1.0493220e+06   2.2521973e+01
   1.0493490e+06   1.5991211e+01
   1.0493840e+06   1.8737793e+01
   1.0494050e+06   2.5207520e+01
   1.0494240e+06   2.3437500e+01
   1.0494540e+06   3.2897949e+01
   1.0494860e+06   5.0476074e+01
   1.0494970e+06   3.3752441e+01
   1.0495390e+06   4.9255371e+01
   1.0495690e+06   2.5024414e+01
   1.0495980e+06   2.2094727e+01
   1.0496320e+06   2.1606445e+01
   1.0497110e+06   1.9165039e+01
   1.0497470e+06   2.0812988e+01
   1.0497740e+06   1.5686035e+01
   1.0497850e+06   2.2705078e+01
   1.0498250e+06   2.0874023e+01
   1.0499050e+06   1.7211914e+01
   1.0499740e+06   2.1118164e+01
   1.0500150e+06   2.0568848e+01
   1.1880220e+06   3.1250000e+01
   1.1993400e+06   2.3925781e+01
   1.3780040e+06   1.9775391e+01
   1.3780620e+06   1.7761230e+01
   1.3781010e+06   2.6550293e+01
   1.3781330e+06   2.8564453e+01
   1.3781430e+06   2.0141602e+01
   1.3781570e+06   2.3925781e+01
   1.3781950e+06   4.4616699e+01
   1.3782150e+06   4.0161133e+01
   1.3782270e+06   4.3273926e+01
   1.3782630e+06   2.8320312e+01
   1.3782730e+06   3.8879395e+01
   1.3782830e+06   1.9104004e+01
   1.3783190e+06   2.2949219e+01
   1.3783450e+06   2.3986816e+01
   1.3783790e+06   1.9592285e+01
   1.3783940e+06   1.7639160e+01
   1.3784920e+06   2.0446777e+01
   1.3785160e+06   1.7333984e+01
   1.3785280e+06   2.2033691e+01
   1.3785690e+06   1.7395020e+01
   1.3785870e+06   1.6052246e+01
   1.3786970e+06   1.6174316e+01
   1.3787170e+06   1.9592285e+01
   1.3788770e+06   1.6723633e+01
   1.3792380e+06   1.6357422e+01
   1.4848330e+06   1.7150879e+01
   1.4848780e+06   1.6723633e+01
   1.4848960e+06   1.6174316e+01
   1.4849110e+06   1.9409180e+01
   1.4849290e+06   1.7761230e+01
   1.4849850e+06   1.9714355e+01
   1.4850090e+06   1.9409180e+01
   1.4850830e+06   1.8981934e+01
   1.4851090e+06   2.9785156e+01
   1.4851240e+06   3.2653809e+01
   1.4851530e+06   3.3081055e+01
   1.4851780e+06   2.9052734e+01
   1.4852050e+06   3.7536621e+01
   1.4852350e+06   4.2236328e+01
   1.4852470e+06   3.5461426e+01
   1.4852710e+06   2.1179199e+01
   1.4852920e+06   2.8503418e+01
   1.4853180e+06   1.8859863e+01
   1.4853420e+06   1.5808105e+01
   1.4853530e+06   1.7700195e+01
   1.4853700e+06   2.9052734e+01
   1.4853930e+06   2.1118164e+01
   1.4854280e+06   1.5747070e+01
   1.4854780e+06   1.6418457e+01
   1.4855070e+06   2.4169922e+01
   1.4856060e+06   1.7089844e+01
   1.4856240e+06   1.7272949e+01
   1.4858020e+06   1.9714355e+01
   1.4858910e+06   1.6906738e+01
   1.4866170e+06   1.8310547e+01
   1.7113890e+06   2.0568848e+01
   1.7114770e+06   1.9226074e+01
   1.7115700e+06   2.5329590e+01
   1.7115860e+06   2.1728516e+01
   1.7116270e+06   2.8808594e+01
   1.7116440e+06   3.2226562e+01
   1.7116700e+06   2.6672363e+01
   1.7116800e+06   4.0527344e+01
   1.7117130e+06   3.7780762e+01
   1.7117310e+06   2.8137207e+01
   1.7117600e+06   4.2114258e+01
   1.7117980e+06   3.0822754e+01
   1.7118100e+06   1.6662598e+01
   1.7118240e+06   1.7395020e+01
   1.7118730e+06   2.4169922e+01
   1.7118900e+06   1.7395020e+01
   1.7119320e+06   1.7761230e+01
   1.7119460e+06   1.8981934e+01
   1.7119600e+06   2.0812988e+01
   1.7120160e+06   2.3986816e+01
   1.7120550e+06   1.5686035e+01
   1.7120810e+06   1.6174316e+01
   1.7121100e+06   1.7333984e+01
   1.7122070e+06   1.6174316e+01
   1.7122360e+06   1.8371582e+01
   1.7123210e+06   1.6723633e+01
   1.7126610e+06   1.6357422e+01
   1.7128040e+06   1.5686035e+01
   1.7131110e+06   1.7150879e+01
   1.7305030e+06   1.7456055e+01
   1.8178500e+06   3.4179688e+01
   2.1188520e+06   3.1433105e+01
   2.1963090e+06   1.5930176e+01
   2.4799800e+06   2.4169922e+01
   2.4800010e+06   4.4250488e+01
   2.4800140e+06   4.8645020e+01
   2.4800310e+06   5.3039551e+01
   2.4800530e+06   2.9113770e+01
   2.4800850e+06   1.8249512e+01
   2.4801000e+06   2.0141602e+01
   2.4801360e+06   1.5625000e+01
   2.4801640e+06   1.9042969e+01
   2.4801780e+06   1.6357422e+01
   2.4802320e+06   2.6611328e+01
   2.4802710e+06   1.7761230e+01
   2.4802850e+06   1.8371582e+01
   2.4803190e+06   2.1606445e+01
   2.4803380e+06   1.7028809e+01
   2.4804000e+06   1.7517090e+01
   2.4804100e+06   2.6733398e+01
   2.4804470e+06   2.0629883e+01
   2.4804720e+06   1.9165039e+01
   2.4805220e+06   1.7517090e+01
   2.4808560e+06   2.0507812e+01
   2.7543060e+06   2.8869629e+01
   2.7543990e+06   2.2216797e+01
   2.7544090e+06   2.3742676e+01
   2.7544430e+06   2.3071289e+01
   2.7544660e+06   2.4414062e+01
   2.7545040e+06   4.4616699e+01
   2.7545210e+06   3.5705566e+01
   2.7545440e+06   3.3142090e+01
   2.7545580e+06   5.2551270e+01
   2.7545860e+06   2.2583008e+01
   2.7546020e+06   2.0080566e+01
   2.7546290e+06   2.8259277e+01
   2.7546770e+06   1.7639160e+01
   2.7546970e+06   1.9653320e+01
   2.7547220e+06   1.6784668e+01
   2.7547320e+06   2.0324707e+01
   2.7547610e+06   1.7211914e+01
   2.7547740e+06   1.5930176e+01
   2.7547980e+06   1.5930176e+01
   2.7548360e+06   1.5808105e+01
   2.7548540e+06   1.9592285e+01
   2.7549250e+06   1.5686035e+01
   2.7550260e+06   1.5686035e+01
   2.7550560e+06   1.6235352e+01
   2.7550810e+06   1.9897461e+01
   2.7551060e+06   1.6052246e+01
   2.7551990e+06   1.8676758e+01
   2.7553560e+06   2.0629883e+01
   2.9722140e+06   2.2583008e+01
   3.3750720e+06   2.2766113e+01
   3.3750890e+06   1.5747070e+01
   3.3751220e+06   6.0974121e+01
   3.3751420e+06   5.1391602e+01
   3.3751680e+06   4.1687012e+01
   3.3751810e+06   3.1860352e+01
   3.3751980e+06   2.8320312e+01
   3.3752150e+06   1.6418457e+01
   3.3752300e+06   2.9968262e+01
   3.3752610e+06   1.9226074e+01
   3.3752810e+06   1.9287109e+01
   3.3753100e+06   1.7272949e+01
   3.3753270e+06   1.7944336e+01
   3.3753770e+06   1.5869141e+01
   3.3753980e+06   2.7404785e+01
   3.3754310e+06   2.4353027e+01
   3.3754840e+06   2.2277832e+01
   3.3755930e+06   2.1484375e+01
   3.3756280e+06   1.7211914e+01
   3.3756740e+06   2.8015137e+01
   3.3760550e+06   1.6113281e+01
   3.3763550e+06   1.5686035e+01
   3.6009310e+06   2.1362305e+01
   3.6011420e+06   1.7028809e+01
   3.6013690e+06   2.6428223e+01
   3.6013970e+06   2.6062012e+01
   3.6014140e+06   1.6601562e+01
   3.6014330e+06   2.0812988e+01
   3.6014600e+06   3.1921387e+01
   3.6014730e+06   2.0690918e+01
   3.6014980e+06   3.4240723e+01
   3.6015150e+06   3.0456543e+01
   3.6015370e+06   3.1555176e+01
   3.6015710e+06   1.8920898e+01
   3.6015900e+06   3.6437988e+01
   3.6016290e+06   4.2907715e+01
   3.6016400e+06   1.6174316e+01
   3.6016750e+06   1.7578125e+01
   3.6016990e+06   1.5502930e+01
   3.6017930e+06   1.6418457e+01
   3.6018130e+06   2.3193359e+01
   3.6018920e+06   1.8310547e+01
   3.6019040e+06   1.5869141e+01
   3.6019260e+06   1.6113281e+01
   3.6019810e+06   1.6235352e+01
   3.6022400e+06   1.5808105e+01
   3.6023630e+06   1.6174316e+01
   3.6986570e+06   2.2338867e+01
   3.8705670e+06   1.5625000e+01
   3.8706730e+06   2.2094727e+01
   3.8707450e+06   1.7211914e+01
   3.8709130e+06   2.4353027e+01
   3.8709270e+06   2.0446777e+01
   3.8709620e+06   1.8920898e+01
   3.8709960e+06   2.1911621e+01
   3.8710270e+06   1.6906738e+01
   3.8710380e+06   3.3325195e+01
   3.8710560e+06   4.3762207e+01
   3.8710900e+06   4.1137695e+01
   3.8711010e+06   3.9489746e+01
   3.8711210e+06   2.0202637e+01
   3.8711380e+06   2.0080566e+01
   3.8711560e+06   2.5695801e+01
   3.8711760e+06   1.6235352e+01
   3.8711930e+06   1.7944336e+01
   3.8712240e+06   1.9958496e+01
   3.8712340e+06   1.5808105e+01
   3.8712620e+06   1.6906738e+01
   3.8713190e+06   2.0324707e+01
   3.8713750e+06   1.9165039e+01
   3.8714160e+06   2.0751953e+01
   3.8715530e+06   1.6052246e+01
   3.8715830e+06   1.6784668e+01
   3.8717970e+06   1.5808105e+01
   3.8726500e+06   1.5502930e+01
   4.2379950e+06   1.7272949e+01
   4.2518750e+06   1.5502930e+01
   4.2522370e+06   2.2827148e+01
   4.2783170e+06   2.8564453e+01
   4.5769480e+06   1.5563965e+01
   4.5784410e+06   1.6418457e+01
   4.8125980e+06   2.5878906e+01
   4.8127000e+06   1.9958496e+01
   4.8128030e+06   1.5930176e+01
   4.8128140e+06   1.7456055e+01
   4.8128580e+06   2.3437500e+01
   4.8128980e+06   2.1850586e+01
   4.8129570e+06   1.6296387e+01
   4.8130110e+06   1.8127441e+01
   4.8130380e+06   1.5930176e+01
   4.8131010e+06   2.7282715e+01
   4.8131120e+06   1.6540527e+01
   4.8131360e+06   1.7333984e+01
   4.8131570e+06   1.6357422e+01
   4.8132120e+06   1.6174316e+01
   4.8132400e+06   2.5329590e+01
   4.8132520e+06   1.6418457e+01
   4.8132830e+06   1.8127441e+01
   4.8133180e+06   1.7883301e+01
   4.8133450e+06   1.6784668e+01
   4.8133720e+06   1.7028809e+01
   4.8133900e+06   1.8432617e+01
   4.8134670e+06   1.8066406e+01
   4.8136140e+06   1.8249512e+01
   4.8137760e+06   1.6418457e+01
   4.8138000e+06   1.7761230e+01
   4.8140270e+06   1.5808105e+01
   4.8284830e+06   1.6113281e+01
   4.8287280e+06   1.6662598e+01
   4.8289200e+06   1.5686035e+01
   4.8289480e+06   1.6662598e+01
   4.8289830e+06   1.8005371e+01
   4.8290220e+06   1.5563965e+01
   4.8290510e+06   1.9165039e+01
   4.8290930e+06   1.5502930e+01
   4.8291190e+06   1.6052246e+01
   4.8291540e+06   1.5808105e+01
   4.8291920e+06   2.8503418e+01
   4.8292310e+06   1.9348145e+01
   4.8292670e+06   1.7883301e+01
   4.8292780e+06   2.0935059e+01
   4.8293180e+06   1.7578125e+01
   4.8293410e+06   1.6845703e+01
   4.8293740e+06   3.0029297e+01
   4.8294030e+06   3.4729004e+01
   4.8294200e+06   1.7517090e+01
   4.8294370e+06   2.0019531e+01
   4.8294540e+06   1.5930176e+01
   4.8294720e+06   2.7954102e+01
   4.8294970e+06   3.2714844e+01
   4.8295260e+06   3.9489746e+01
   4.8295410e+06   2.7343750e+01
   4.8295710e+06   2.3315430e+01
   4.8296020e+06   1.8615723e+01
   4.8296230e+06   2.6794434e+01
   4.8296530e+06   1.5502930e+01
   4.8296800e+06   1.7272949e+01
   4.8296970e+06   2.0080566e+01
   4.8297300e+06   2.2705078e+01
   4.8297850e+06   1.5808105e+01
   4.8298210e+06   2.3559570e+01
   4.8298810e+06   1.6174316e+01
   4.8299290e+06   1.5686035e+01
   4.8301310e+06   1.7150879e+01
   4.8302020e+06   1.9592285e+01
   4.8303080e+06   1.5930176e+01
   4.8352530e+06   1.5808105e+01
   4.9682570e+06   3.0273438e+01
   4.9836270e+06   3.1433105e+01
   5.0438430e+06   1.5991211e+01
   5.0439460e+06   1.6845703e+01
   5.0439660e+06   2.1911621e+01
   5.0439920e+06   2.8808594e+01
   5.0440220e+06   3.2470703e+01
   5.0440400e+06   1.5502930e+01
   5.0440590e+06   2.6672363e+01
   5.0440790e+06   1.5563965e+01
   5.0441060e+06   2.8564453e+01
   5.0441260e+06   2.1484375e+01
   5.0441450e+06   2.3437500e+01
   5.0441560e+06   3.2653809e+01
   5.0441750e+06   4.4677734e+01
   5.0441930e+06   2.8381348e+01
   5.0442240e+06   2.1423340e+01
   5.0442340e+06   3.4362793e+01
   5.0442580e+06   2.3193359e+01
   5.0442840e+06   3.0822754e+01
   5.0443010e+06   2.1850586e+01
   5.0443300e+06   2.0324707e+01
   5.0443520e+06   2.6184082e+01
   5.0443680e+06   2.0202637e+01
   5.0443880e+06   1.6540527e+01
   5.0444190e+06   1.9104004e+01
   5.0444830e+06   2.1667480e+01
   5.0445240e+06   1.7028809e+01
   5.0445810e+06   1.6845703e+01
   5.0445970e+06   1.8188477e+01
   5.0448760e+06   1.5930176e+01
   5.0964040e+06   1.6418457e+01
   5.2350170e+06   2.2827148e+01
   5.2350720e+06   1.8493652e+01
   5.2352960e+06   2.0141602e+01
   5.2353390e+06   1.6052246e+01
   5.2353800e+06   1.6357422e+01
   5.2354180e+06   1.7944336e+01
   5.2354450e+06   2.6123047e+01
   5.2354570e+06   2.5634766e+01
   5.2354710e+06   2.5329590e+01
   5.2355050e+06   2.1057129e+01
   5.2355300e+06   3.8879395e+01
   5.2355570e+06   4.7607422e+01
   5.2355700e+06   4.2785645e+01
   5.2355880e+06   2.5451660e+01
   5.2356180e+06   3.1127930e+01
   5.2356330e+06   1.7639160e+01
   5.2356740e+06   2.1057129e+01
   5.2356870e+06   1.6784668e+01
   5.2357500e+06   2.1545410e+01
   5.2358420e+06   1.5563965e+01
   5.2358780e+06   1.7028809e+01
   5.2359220e+06   1.5991211e+01
   5.2359830e+06   1.5502930e+01
   5.2360210e+06   1.7822266e+01
   5.2361790e+06   1.8554688e+01
   5.6275020e+06   2.4719238e+01
   5.6277260e+06   1.7395020e+01
   5.6277690e+06   1.6540527e+01
   5.6277800e+06   1.9653320e+01
   5.6278070e+06   1.6479492e+01
   5.6278240e+06   3.5217285e+01
   5.6278400e+06   1.7028809e+01
   5.6278720e+06   4.9072266e+01
   5.6278940e+06   3.7902832e+01
   5.6279170e+06   2.3986816e+01
   5.6279270e+06   3.9428711e+01
   5.6279500e+06   3.6926270e+01
   5.6279620e+06   1.8859863e+01
   5.6279870e+06   1.9836426e+01
   5.6280100e+06   2.5939941e+01
   5.6280210e+06   2.2155762e+01
   5.6280350e+06   1.9042969e+01
   5.6282010e+06   1.8676758e+01
   5.6282260e+06   2.0874023e+01
   5.6283250e+06   1.7089844e+01
   5.6283390e+06   1.5563965e+01
   5.6283670e+06   1.5930176e+01
   5.6289060e+06   1.6418457e+01
   5.6317920e+06   1.5563965e+01
   5.8255620e+06   2.1911621e+01
   5.8257230e+06   1.6052246e+01
   5.8258240e+06   2.4963379e+01
   5.8258540e+06   1.9348145e+01
   5.8258800e+06   2.3864746e+01
   5.8258960e+06   1.7639160e+01
   5.8259140e+06   1.9104004e+01
   5.8259260e+06   4.5349121e+01
   5.8259640e+06   3.2714844e+01
   5.8259750e+06   2.5146484e+01
   5.8260010e+06   2.3864746e+01
   5.8260190e+06   2.8930664e+01
   5.8260440e+06   2.0507812e+01
   5.8260580e+06   2.5268555e+01
   5.8260690e+06   1.8798828e+01
   5.8260950e+06   2.7221680e+01
   5.8261120e+06   2.2827148e+01
   5.8261300e+06   1.7456055e+01
   5.8261450e+06   1.6235352e+01
   5.8261570e+06   1.8371582e+01
   5.8262070e+06   2.7770996e+01
   5.8262500e+06   1.8798828e+01
   5.8263210e+06   1.5563965e+01
   5.8263460e+06   1.5930176e+01
   5.8263960e+06   1.5563965e+01
   5.8265280e+06   1.6906738e+01
   5.8267130e+06   1.7639160e+01
   5.8269660e+06   1.5808105e+01
