   5.9990000e+06   0.0000000e+00
   2.1036200e+05   3.0883789e+01
   2.7747800e+05   1.8188477e+01
   2.7751000e+05   1.5380859e+01
   2.7754000e+05   2.2216797e+01
   2.7755000e+05   1.8676758e+01
   2.7756600e+05   2.8808594e+01
   2.7758500e+05   3.2958984e+01
   2.7761500e+05   3.3996582e+01
   2.7769700e+05   1.5014648e+01
   2.7774600e+05   1.5869141e+01
   2.7782300e+05   1.9409180e+01
   2.7787500e+05   1.6540527e+01
   2.7790700e+05   1.5747070e+01
   2.7795200e+05   1.6662598e+01
   2.7804200e+05   1.5991211e+01
   2.7819900e+05   1.5930176e+01
   5.1411500e+05   1.5197754e+01
   5.3004200e+05   1.4831543e+01
   7.2138900e+05   1.5991211e+01
   7.2145700e+05   1.7395020e+01
   7.2150000e+05   2.5390625e+01
   7.2152100e+05   1.6906738e+01
   7.2154300e+05   2.1484375e+01
   7.2156100e+05   1.8188477e+01
   7.2160300e+05   1.4953613e+01
   7.2165000e+05   1.8859863e+01
   7.2176200e+05   1.5441895e+01
   7.2180100e+05   1.7456055e+01
   1.0494690e+06   1.7089844e+01
   1.0495090e+06   2.9357910e+01
   1.0495250e+06   2.5146484e+01
   1.0495480e+06   2.1911621e+01
   1.0495670e+06   2.0141602e+01
   1.0496240e+06   1.7761230e+01
   1.0497150e+06   1.6174316e+01
   1.0497370e+06   1.5502930e+01
   1.0498940e+06   1.7700195e+01
   1.0499430e+06   1.5991211e+01
   1.1885570e+06   1.5014648e+01
   1.2688050e+06   1.7822266e+01
   1.3780090e+06   1.5563965e+01
   1.3781270e+06   1.5747070e+01
   1.3781480e+06   1.5441895e+01
   1.3781970e+06   1.9042969e+01
   1.3782140e+06   2.5207520e+01
   1.3782570e+06   2.7526855e+01
   1.3782790e+06   1.6174316e+01
   1.3783140e+06   2.6184082e+01
   1.3783290e+06   1.6723633e+01
   1.3783840e+06   2.3925781e+01
   1.3785370e+06   1.5686035e+01
   1.3786060e+06   1.4831543e+01
   1.3786350e+06   1.6296387e+01
   1.4844970e+06   1.6174316e+01
   1.4846300e+06   1.5930176e+01
   1.4848340e+06   1.9348145e+01
   1.4851530e+06   1.7089844e+01
   1.4851840e+06   1.5197754e+01
   1.4851940e+06   1.4953613e+01
   1.4852240e+06   1.6052246e+01
   1.4852650e+06   2.0812988e+01
   1.4852970e+06   1.6174316e+01
   1.4853210e+06   1.6723633e+01
   1.4853310e+06   2.0812988e+01
   1.4854030e+06   1.6662598e+01
   1.4854600e+06   1.5502930e+01
   1.4855010e+06   1.9287109e+01
   1.4856180e+06   1.7211914e+01
   1.4857260e+06   1.8249512e+01
   1.4859240e+06   1.5258789e+01
   1.7116510e+06   1.7700195e+01
   1.7116690e+06   1.6174316e+01
   1.7116820e+06   2.0385742e+01
   1.7117130e+06   1.9897461e+01
   1.7117240e+06   3.1311035e+01
   1.7117630e+06   2.7160645e+01
   1.7117840e+06   2.0629883e+01
   1.7118290e+06   1.8493652e+01
   1.7118510e+06   1.5319824e+01
   1.7118760e+06   1.4953613e+01
   1.7119030e+06   1.9348145e+01
   1.7119650e+06   1.4831543e+01
   1.7125010e+06   1.5014648e+01
   2.4799230e+06   1.8310547e+01
   2.4799360e+06   1.7822266e+01
   2.4799540e+06   2.4597168e+01
   2.4799650e+06   2.2216797e+01
   2.4799900e+06   2.6855469e+01
   2.4800070e+06   3.7841797e+01
   2.4800420e+06   2.0019531e+01
   2.4800730e+06   1.4892578e+01
   2.4800950e+06   1.9470215e+01
   2.4801280e+06   1.7028809e+01
   2.4801810e+06   1.6113281e+01
   2.4802020e+06   1.6357422e+01
   2.4803010e+06   1.5991211e+01
   2.4803440e+06   1.7944336e+01
   2.4803840e+06   1.5075684e+01
   2.4806000e+06   1.5563965e+01
   2.7544280e+06   1.6174316e+01
   2.7545150e+06   1.6113281e+01
   2.7545290e+06   1.9104004e+01
   2.7545650e+06   2.1545410e+01
   2.7545910e+06   2.5939941e+01
   2.7546140e+06   2.6550293e+01
   2.7546450e+06   1.9348145e+01
   2.7546670e+06   1.5441895e+01
   2.7547100e+06   1.6357422e+01
   2.7547680e+06   1.5014648e+01
   2.7548080e+06   1.6113281e+01
   2.7548960e+06   1.6052246e+01
   2.7549980e+06   1.6113281e+01
   2.7550440e+06   1.6113281e+01
   2.8041540e+06   1.5075684e+01
   3.3749980e+06   1.4709473e+01
   3.3750700e+06   2.2094727e+01
   3.3750820e+06   1.6967773e+01
   3.3751270e+06   1.7639160e+01
   3.3751440e+06   1.5136719e+01
   3.3751700e+06   1.6418457e+01
   3.3752450e+06   1.5441895e+01
   3.3752880e+06   1.8554687e+01
   3.3753630e+06   1.7639160e+01
   3.3754420e+06   1.6235352e+01
   3.3754780e+06   1.4953613e+01
   3.3756870e+06   1.5625000e+01
   3.6014790e+06   1.9531250e+01
   3.6014930e+06   1.7028809e+01
   3.6015270e+06   3.1066895e+01
   3.6015510e+06   2.9418945e+01
   3.6015630e+06   2.7160645e+01
   3.6015970e+06   2.1972656e+01
   3.6016270e+06   1.5808105e+01
   3.6016860e+06   1.8432617e+01
   3.6017510e+06   1.4953613e+01
   3.6017960e+06   1.6540527e+01
   3.6018460e+06   1.5625000e+01
   3.6018610e+06   1.5136719e+01
   3.6018840e+06   1.5686035e+01
   3.6019260e+06   1.5014648e+01
   3.7042640e+06   1.6052246e+01
   3.7049750e+06   1.4831543e+01
   3.8449120e+06   1.4648438e+01
   3.8710370e+06   2.0446777e+01
   3.8710880e+06   2.1789551e+01
   3.8711040e+06   3.8085938e+01
   3.8711240e+06   2.0751953e+01
   3.8711400e+06   1.4892578e+01
   3.8711620e+06   2.0874023e+01
   3.8712020e+06   2.0935059e+01
   3.8712330e+06   1.5502930e+01
   3.8712620e+06   1.5380859e+01
   3.8713230e+06   1.5319824e+01
   3.8713460e+06   1.5502930e+01
   3.8713750e+06   1.5930176e+01
   3.8714560e+06   1.4648438e+01
   3.8714790e+06   1.5136719e+01
   3.8715170e+06   1.6235352e+01
   3.8717090e+06   1.4709473e+01
   3.8720770e+06   1.5991211e+01
   4.2516770e+06   1.5625000e+01
   4.2517550e+06   1.4770508e+01
   4.2522390e+06   1.5563965e+01
   4.3282860e+06   1.4831543e+01
   4.8131170e+06   1.5625000e+01
   4.8131340e+06   1.6723633e+01
   4.8131920e+06   1.8310547e+01
   4.8132750e+06   1.7089844e+01
   4.8133200e+06   1.5380859e+01
   4.8133410e+06   1.5075684e+01
   4.8133680e+06   1.8371582e+01
   4.8134720e+06   1.9714355e+01
   4.8136200e+06   1.5563965e+01
   4.8292070e+06   1.6540527e+01
   4.8292290e+06   1.6662598e+01
   4.8292630e+06   1.7028809e+01
   4.8292780e+06   1.5808105e+01
   4.8293060e+06   1.8493652e+01
   4.8293190e+06   2.0080566e+01
   4.8293470e+06   2.5329590e+01
   4.8293640e+06   1.8493652e+01
   4.8293930e+06   2.7465820e+01
   4.8294580e+06   1.5014648e+01
   4.8294970e+06   1.5197754e+01
   4.8295440e+06   1.6418457e+01
   4.8297160e+06   1.4648438e+01
   4.8297490e+06   1.5502930e+01
   4.8298900e+06   1.7150879e+01
   4.9902280e+06   1.5441895e+01
   5.0438150e+06   1.5258789e+01
   5.0439680e+06   1.7456055e+01
   5.0440360e+06   1.5808105e+01
   5.0440640e+06   1.7578125e+01
   5.0441090e+06   1.6113281e+01
   5.0441520e+06   2.0812988e+01
   5.0441880e+06   2.0019531e+01
   5.0442410e+06   3.1372070e+01
   5.0442970e+06   2.3681641e+01
   5.0443140e+06   1.4953613e+01
   5.0443400e+06   1.6723633e+01
   5.0443850e+06   1.6540527e+01
   5.0443980e+06   2.2216797e+01
   5.0447050e+06   1.5991211e+01
   5.0456500e+06   1.6113281e+01
   5.1759960e+06   1.5136719e+01
   5.2354040e+06   1.5319824e+01
   5.2354360e+06   1.8310547e+01
   5.2354930e+06   1.4831543e+01
   5.2355440e+06   4.2846680e+01
   5.2355830e+06   4.2785645e+01
   5.2356470e+06   1.7517090e+01
   5.2356900e+06   1.5747070e+01
   5.2357970e+06   1.5197754e+01
   5.2358460e+06   1.5258789e+01
   5.2358910e+06   1.4648437e+01
   5.2359180e+06   1.5136719e+01
   5.2359830e+06   1.4892578e+01
   5.2360480e+06   1.5197754e+01
   5.6278390e+06   1.7517090e+01
   5.6278690e+06   1.9714355e+01
   5.6278810e+06   1.5930176e+01
   5.6279040e+06   2.0202637e+01
   5.6279260e+06   3.3386230e+01
   5.6279370e+06   1.7883301e+01
   5.6279610e+06   2.5878906e+01
   5.6279820e+06   1.8493652e+01
   5.6279950e+06   1.8066406e+01
   5.6280700e+06   2.0141602e+01
   5.6280800e+06   1.5319824e+01
   5.6281250e+06   1.4770508e+01
   5.6281600e+06   1.4709473e+01
   5.6281910e+06   1.5014648e+01
   5.6282320e+06   1.7456055e+01
   5.6282710e+06   1.4770508e+01
   5.6283400e+06   1.6662598e+01
   5.6283850e+06   1.5258789e+01
   5.8259100e+06   1.5869141e+01
   5.8259370e+06   1.6052246e+01
   5.8259510e+06   2.3742676e+01
   5.8259760e+06   2.3864746e+01
   5.8259920e+06   2.5634766e+01
   5.8260150e+06   2.5024414e+01
   5.8260290e+06   2.1667480e+01
   5.8260520e+06   1.8737793e+01
   5.8262790e+06   1.6723633e+01
