   5.9990000e+06   0.0000000e+00
   2.8383200e+05   1.2145996e+01
   2.8385300e+05   1.1169434e+01
   2.8391800e+05   1.1535645e+01
   2.8401300e+05   1.2695313e+01
   4.0726200e+05   1.1413574e+01
   6.8284300e+05   1.1291504e+01
   7.3892600e+05   1.1901855e+01
   7.3894500e+05   1.5380859e+01
   7.3898500e+05   1.1535645e+01
   7.3908000e+05   1.1230469e+01
   7.3931000e+05   1.1962891e+01
   8.4149700e+05   1.1169434e+01
   8.4174400e+05   1.2390137e+01
   8.4177700e+05   1.2451172e+01
   8.4190800e+05   1.2207031e+01
   8.4208300e+05   1.3000488e+01
   9.3163000e+05   1.1352539e+01
   1.0915300e+06   1.1291504e+01
   1.0916150e+06   1.6479492e+01
   1.0917060e+06   1.1718750e+01
   1.5179600e+06   1.2207031e+01
   1.5180810e+06   1.1962891e+01
   1.5180950e+06   1.1657715e+01
   1.5181120e+06   1.1901855e+01
   1.5184540e+06   1.1657715e+01
   1.5206780e+06   1.1169434e+01
   1.5247220e+06   1.1474609e+01
   1.9219230e+06   1.1962891e+01
   2.2380070e+06   1.1718750e+01
   2.2381510e+06   1.4709473e+01
   2.2381680e+06   1.3244629e+01
   2.2381870e+06   1.3305664e+01
   2.2382510e+06   1.1962891e+01
   2.2399610e+06   1.1230469e+01
   2.2425820e+06   1.2634277e+01
   2.3292890e+06   1.1230469e+01
   2.4446050e+06   1.4038086e+01
   2.4447040e+06   1.1474609e+01
   2.4450090e+06   1.1474609e+01
   2.4452650e+06   1.2939453e+01
   2.4514600e+06   1.1596680e+01
   3.1160180e+06   1.1352539e+01
   3.2794850e+06   1.3122559e+01
   3.2794950e+06   1.0986328e+01
   3.2795200e+06   1.0986328e+01
   3.2795520e+06   1.1047363e+01
   3.2797690e+06   1.1413574e+01
   3.5118420e+06   1.1230469e+01
   3.5120110e+06   1.1230469e+01
   3.5120640e+06   1.1352539e+01
   3.5193830e+06   1.1718750e+01
   3.5237390e+06   1.1108398e+01
   3.8032560e+06   1.1230469e+01
   3.9328820e+06   1.1169434e+01
   4.7034850e+06   1.1291504e+01
   4.7035250e+06   1.2512207e+01
   4.7035530e+06   1.6357422e+01
   4.7035810e+06   1.1352539e+01
   4.7036080e+06   1.1718750e+01
   4.7038770e+06   1.1230469e+01
   4.7109990e+06   1.1108398e+01
   4.9557840e+06   1.1718750e+01
   5.2148210e+06   1.2390137e+01
   5.2149630e+06   1.1901855e+01
   5.2193040e+06   1.1352539e+01
   5.3710760e+06   1.3000488e+01
   5.3710870e+06   1.1535645e+01
   5.3711260e+06   1.1718750e+01
   5.3713690e+06   1.1291504e+01
   5.5333010e+06   1.1352539e+01
   5.8397690e+06   1.2268066e+01
   5.8398010e+06   1.2512207e+01
   5.8398150e+06   1.1718750e+01
   5.8399000e+06   1.0986328e+01
   5.8399340e+06   1.1474609e+01
   5.8406970e+06   1.2145996e+01
   5.8488670e+06   1.1535645e+01
   5.8601150e+06   1.2451172e+01
