   5.9990000e+06   0.0000000e+00
   9.6140000e+04   1.2084961e+01
   2.8397100e+05   1.4099121e+01
   2.8400900e+05   1.4648438e+01
   2.8405400e+05   1.2878418e+01
   2.8409300e+05   1.2817383e+01
   2.8415400e+05   1.1657715e+01
   2.8421600e+05   1.2573242e+01
   7.3875000e+05   1.1779785e+01
   7.3880400e+05   1.2023926e+01
   7.3883100e+05   1.1962891e+01
   7.3885500e+05   1.2084961e+01
   7.3887200e+05   1.7333984e+01
   7.3891200e+05   1.8981934e+01
   7.3893400e+05   1.2878418e+01
   7.3898700e+05   1.6418457e+01
   7.3915100e+05   1.2207031e+01
   7.9455900e+05   1.1901855e+01
   8.4185900e+05   1.2207031e+01
   8.4189400e+05   1.4160156e+01
   8.4191100e+05   1.3793945e+01
   8.4195500e+05   1.2207031e+01
   8.4212500e+05   1.4526367e+01
   8.4355700e+05   1.1840820e+01
   1.0916650e+06   1.5197754e+01
   1.0916950e+06   1.5136719e+01
   1.0917510e+06   1.2817383e+01
   1.0925040e+06   1.1657715e+01
   1.2892030e+06   1.2573242e+01
   1.4483920e+06   1.1413574e+01
   1.5180880e+06   1.7456055e+01
   1.5181200e+06   1.5502930e+01
   1.5181300e+06   1.5014648e+01
   1.5181650e+06   1.3366699e+01
   1.5181960e+06   1.2207031e+01
   1.5182070e+06   1.5625000e+01
   1.5182380e+06   1.2695312e+01
   1.6955410e+06   1.1474609e+01
   2.2233830e+06   1.1413574e+01
   2.2381180e+06   2.1911621e+01
   2.2381500e+06   1.7211914e+01
   2.2381850e+06   1.3671875e+01
   2.2382250e+06   1.1474609e+01
   2.2382410e+06   1.3000488e+01
   2.2382880e+06   1.2756348e+01
   2.2395970e+06   1.2023926e+01
   2.4445160e+06   1.1596680e+01
   2.4445440e+06   1.1413574e+01
   2.4445780e+06   1.9470215e+01
   2.4446080e+06   1.2817383e+01
   2.4446330e+06   1.2084961e+01
   2.4446710e+06   1.1779785e+01
   2.4447460e+06   1.2084961e+01
   2.4448130e+06   1.3366699e+01
   3.2793510e+06   1.2817383e+01
   3.2793960e+06   1.2390137e+01
   3.2794160e+06   1.1779785e+01
   3.2794370e+06   1.6479492e+01
   3.2794850e+06   1.5014648e+01
   3.2795270e+06   1.1962891e+01
   3.2799140e+06   1.2084961e+01
   3.5119360e+06   1.8493652e+01
   3.5119660e+06   1.4465332e+01
   3.5119990e+06   1.2207031e+01
   3.5120430e+06   1.1718750e+01
   3.5134330e+06   1.1474609e+01
   4.7034170e+06   1.2390137e+01
   4.7034460e+06   1.6357422e+01
   4.7034620e+06   1.7089844e+01
   4.7034780e+06   1.1962891e+01
   4.7034880e+06   1.1840820e+01
   4.7035140e+06   1.3549805e+01
   4.7035700e+06   1.1962891e+01
   4.7036090e+06   1.2939453e+01
   4.7037620e+06   1.3244629e+01
   4.7040050e+06   1.1901855e+01
   5.2148970e+06   1.6296387e+01
   5.2149090e+06   1.2023926e+01
   5.2149300e+06   1.9897461e+01
   5.2149680e+06   1.4282227e+01
   5.2150090e+06   1.4953613e+01
   5.2150560e+06   1.1474609e+01
   5.2153070e+06   1.3427734e+01
   5.3711430e+06   1.5808105e+01
   5.3711530e+06   1.4038086e+01
   5.3711760e+06   1.4160156e+01
   5.3712010e+06   1.1779785e+01
   5.3715150e+06   1.1657715e+01
   5.3715770e+06   1.2023926e+01
   5.8397340e+06   1.4587402e+01
   5.8397690e+06   1.7700195e+01
   5.8399800e+06   1.1596680e+01
   5.8402000e+06   1.2268066e+01
