   5.9990000e+06   0.0000000e+00
   2.8057300e+05   1.4160156e+01
   2.8397500e+05   1.6479492e+01
   2.8398800e+05   2.3925781e+01
   2.8401600e+05   2.0324707e+01
   2.8402600e+05   2.0324707e+01
   2.8407900e+05   1.3000488e+01
   2.8411600e+05   1.2878418e+01
   2.8419900e+05   1.1962891e+01
   2.8432200e+05   1.1840820e+01
   2.8452800e+05   1.5808105e+01
   7.3883200e+05   1.8310547e+01
   7.3886200e+05   1.7272949e+01
   7.3889200e+05   1.8188477e+01
   7.3890900e+05   1.5258789e+01
   7.3898300e+05   1.3488770e+01
   7.3974200e+05   1.2084961e+01
   7.4060100e+05   1.4892578e+01
   8.4185500e+05   1.2939453e+01
   8.4189600e+05   1.8432617e+01
   8.4194000e+05   1.4404297e+01
   8.4199300e+05   1.2084961e+01
   8.4201600e+05   1.3000488e+01
   8.4206300e+05   1.2084961e+01
   8.4208800e+05   1.3977051e+01
   8.4255800e+05   1.2817383e+01
   8.4334800e+05   1.2023926e+01
   8.4336000e+05   1.4526367e+01
   8.4415700e+05   1.2390137e+01
   8.4431700e+05   1.3671875e+01
   8.4464600e+05   1.3671875e+01
   8.4646700e+05   1.2878418e+01
   8.4842000e+05   1.3916016e+01
   1.0916870e+06   2.7709961e+01
   1.0917110e+06   1.3793945e+01
   1.0917250e+06   1.3183594e+01
   1.0917450e+06   1.3305664e+01
   1.0917780e+06   1.1962891e+01
   1.0920240e+06   1.1901855e+01
   1.0922260e+06   1.1901855e+01
   1.0926950e+06   1.2817383e+01
   1.0935190e+06   1.4587402e+01
   1.0979260e+06   1.1840820e+01
   1.5181020e+06   2.2766113e+01
   1.5181310e+06   1.2512207e+01
   1.5181450e+06   2.1606445e+01
   1.5181710e+06   1.2145996e+01
   1.5183670e+06   1.1779785e+01
   1.5186160e+06   1.3671875e+01
   1.5197980e+06   1.1779785e+01
   1.5908820e+06   1.1962891e+01
   1.9869000e+06   1.2512207e+01
   2.2381090e+06   1.2817383e+01
   2.2381230e+06   2.0568848e+01
   2.2381550e+06   1.6296387e+01
   2.2381730e+06   1.2512207e+01
   2.2382780e+06   1.1840820e+01
   2.2385520e+06   1.2451172e+01
   2.2484270e+06   1.4038086e+01
   2.3325670e+06   1.2023926e+01
   2.4445440e+06   1.3610840e+01
   2.4445570e+06   1.4160156e+01
   2.4445900e+06   1.6113281e+01
   2.4446210e+06   1.5563965e+01
   2.4446480e+06   2.0141602e+01
   2.4447040e+06   1.3671875e+01
   2.4448710e+06   1.1779785e+01
   2.4466720e+06   1.4587402e+01
   2.6822400e+06   1.1779785e+01
   2.9901630e+06   1.2390137e+01
   3.2792850e+06   1.2084961e+01
   3.2793250e+06   1.2756348e+01
   3.2793480e+06   1.3854980e+01
   3.2793920e+06   1.3244629e+01
   3.2794210e+06   1.2329102e+01
   3.2794500e+06   1.5380859e+01
   3.2795760e+06   1.2390137e+01
   3.2799000e+06   1.3000488e+01
   3.2812950e+06   1.2451172e+01
   3.2840890e+06   1.1962891e+01
   3.5119210e+06   1.5075684e+01
   3.5119400e+06   1.4099121e+01
   3.5119740e+06   2.3193359e+01
   3.5120380e+06   1.1962891e+01
   3.5123620e+06   1.3305664e+01
   3.5125830e+06   1.2268066e+01
   3.5139860e+06   1.2023926e+01
   3.5144140e+06   1.3732910e+01
   3.5170050e+06   1.2817383e+01
   4.0568490e+06   1.2084961e+01
   4.4253760e+06   1.2084961e+01
   4.7034260e+06   1.2084961e+01
   4.7034670e+06   1.5563965e+01
   4.7034970e+06   1.4343262e+01
   4.7035200e+06   1.3732910e+01
   4.7035430e+06   1.4953613e+01
   4.7036050e+06   1.2023926e+01
   4.7043740e+06   1.2390137e+01
   4.7052630e+06   1.2878418e+01
   4.7056260e+06   1.2023926e+01
   4.7058680e+06   1.2145996e+01
   4.7099550e+06   1.5747070e+01
   5.2148850e+06   1.3977051e+01
   5.2149100e+06   1.2145996e+01
   5.2149370e+06   1.7089844e+01
   5.2152170e+06   1.1840820e+01
   5.2153860e+06   1.2817383e+01
   5.2153980e+06   1.2023926e+01
   5.2162190e+06   1.2451172e+01
   5.2163800e+06   1.2084961e+01
   5.2167840e+06   1.3305664e+01
   5.2171110e+06   1.2512207e+01
   5.3711170e+06   1.4099121e+01
   5.3711310e+06   1.2878418e+01
   5.3711410e+06   1.8798828e+01
   5.3711720e+06   1.5441895e+01
   5.3711960e+06   1.6479492e+01
   5.3714930e+06   1.2817383e+01
   5.3719800e+06   1.2573242e+01
   5.3721250e+06   1.2878418e+01
   5.3738320e+06   1.2817383e+01
   5.8395280e+06   1.2390137e+01
   5.8396320e+06   1.2573242e+01
   5.8396900e+06   1.2756348e+01
   5.8397060e+06   1.9531250e+01
   5.8397160e+06   1.3488770e+01
   5.8397450e+06   1.7395020e+01
   5.8397580e+06   2.3193359e+01
   5.8397840e+06   1.5380859e+01
   5.8398040e+06   1.2084961e+01
   5.8400050e+06   1.2573242e+01
   5.8405780e+06   1.2084961e+01
   5.8415620e+06   1.2573242e+01
   5.8424710e+06   1.6723633e+01
