   5.9990000e+06   0.0000000e+00
   9.6292000e+04   1.3427734e+01
   2.8399500e+05   1.3549805e+01
   2.8402400e+05   1.5319824e+01
   3.4050200e+05   1.2023926e+01
   7.3883100e+05   1.1779785e+01
   7.4035600e+05   1.1962891e+01
   8.3337600e+05   1.2145996e+01
   8.4194300e+05   1.1840820e+01
   1.0916990e+06   1.4526367e+01
   1.5180670e+06   1.2817383e+01
   1.5181080e+06   1.2878418e+01
   1.6839560e+06   1.1657715e+01
   2.2381050e+06   1.3916016e+01
   2.2381330e+06   1.7700195e+01
   2.2381610e+06   1.3854980e+01
   2.4446910e+06   1.1779785e+01
   2.6169010e+06   1.1718750e+01
   3.0595980e+06   1.1779785e+01
   3.5119260e+06   1.4038086e+01
   3.5119610e+06   1.2451172e+01
   3.5119950e+06   1.1779785e+01
   4.0634450e+06   1.2268066e+01
   4.3988260e+06   1.2695312e+01
   4.7034920e+06   2.0629883e+01
   4.7035250e+06   1.2878418e+01
   5.2148850e+06   1.4526367e+01
   5.2149170e+06   1.6784668e+01
   5.3711630e+06   1.3427734e+01
   5.3711840e+06   1.1962891e+01
   5.8397080e+06   1.5258789e+01
