   5.9990000e+06   0.0000000e+00
   2.8385200e+05   1.1840820e+01
   2.8390500e+05   1.2390137e+01
   2.8396600e+05   1.1840820e+01
   2.8428900e+05   1.1840820e+01
   2.8432200e+05   1.1718750e+01
   7.0267200e+05   1.1840820e+01
   7.3891100e+05   1.6235352e+01
   7.3893500e+05   1.5747070e+01
   7.3895200e+05   1.2268066e+01
   7.3897700e+05   1.5136719e+01
   7.3906300e+05   1.2817383e+01
   8.4176400e+05   1.5014648e+01
   8.4177400e+05   1.4160156e+01
   8.4197800e+05   1.2207031e+01
   8.4210000e+05   1.2084961e+01
   8.4217500e+05   1.1901855e+01
   8.9685100e+05   1.6540527e+01
   1.0072890e+06   1.1718750e+01
   1.0915790e+06   1.4404297e+01
   1.0916170e+06   1.4526367e+01
   1.0916280e+06   1.4526367e+01
   1.0916810e+06   1.4770508e+01
   1.0916930e+06   1.1718750e+01
   1.3141450e+06   1.2207031e+01
   1.5179560e+06   1.2329102e+01
   1.5179870e+06   1.1657715e+01
   1.5180130e+06   2.2949219e+01
   1.5180550e+06   1.5380859e+01
   1.5180770e+06   1.7944336e+01
   1.5181330e+06   1.3854980e+01
   2.2380340e+06   1.2145996e+01
   2.2380530e+06   1.2695312e+01
   2.2380680e+06   1.7333984e+01
   2.2380880e+06   1.4770508e+01
   2.2381240e+06   1.1840820e+01
   2.2383240e+06   1.1840820e+01
   2.2784530e+06   1.4282227e+01
   2.4446600e+06   1.2145996e+01
   2.4446880e+06   1.5502930e+01
   2.4447080e+06   1.3488770e+01
   2.4447780e+06   1.1901855e+01
   3.2794320e+06   2.1484375e+01
   3.2794930e+06   1.2451172e+01
   3.2795280e+06   1.4282227e+01
   3.2796050e+06   1.2390137e+01
   3.2796840e+06   1.1962891e+01
   3.5118770e+06   1.7517090e+01
   3.5118900e+06   1.2878418e+01
   3.5119160e+06   1.2023926e+01
   3.5120450e+06   1.2145996e+01
   3.5120740e+06   1.2084961e+01
   3.5124470e+06   1.1962891e+01
   4.7034790e+06   1.2939453e+01
   4.7035180e+06   1.9348145e+01
   4.7035380e+06   1.6784668e+01
   4.7035560e+06   1.2634277e+01
   4.7035810e+06   1.4343262e+01
   4.7035930e+06   1.1962891e+01
   4.7037030e+06   1.2023926e+01
   4.7040210e+06   1.2695313e+01
   4.7041680e+06   1.2145996e+01
   4.7173390e+06   1.1596680e+01
   5.2148240e+06   1.4282227e+01
   5.2148400e+06   1.4709473e+01
   5.2148500e+06   1.4282227e+01
   5.2148940e+06   1.2817383e+01
   5.2149230e+06   1.3549805e+01
   5.2149400e+06   1.1596680e+01
   5.2150010e+06   1.3366699e+01
   5.2153620e+06   1.2512207e+01
   5.2160060e+06   1.2084961e+01
   5.3710580e+06   1.2145996e+01
   5.3710920e+06   1.7822266e+01
   5.3711200e+06   1.4282227e+01
   5.8397650e+06   1.4831543e+01
   5.8397870e+06   2.2338867e+01
   5.8398280e+06   1.3305664e+01
   5.8398610e+06   1.4099121e+01
   5.8398970e+06   1.3000488e+01
   5.8400570e+06   1.2145996e+01
