   5.9990000e+06   0.0000000e+00
   8.7166000e+04   1.1657715e+01
   1.7303100e+05   1.1718750e+01
   7.3898900e+05   1.4709473e+01
   7.3912700e+05   1.2756348e+01
   8.4186900e+05   1.3183594e+01
   1.0916530e+06   1.1779785e+01
   1.0916680e+06   1.1535645e+01
   1.2770980e+06   1.1535645e+01
   1.5180620e+06   1.2634277e+01
   1.5180910e+06   1.1962891e+01
   1.9425260e+06   1.1657715e+01
   2.4447210e+06   1.2573242e+01
   2.8914060e+06   1.1657715e+01
   3.2795220e+06   1.3122559e+01
   3.2795540e+06   1.3916016e+01
   3.2795830e+06   1.1413574e+01
   3.6380850e+06   1.1596680e+01
   3.8861820e+06   1.1535645e+01
   4.7035970e+06   1.2390137e+01
   5.1205100e+06   1.1413574e+01
   5.3710240e+06   2.0629883e+01
   5.3710650e+06   1.1535645e+01
   5.8398380e+06   1.2329102e+01
