   5.9990000e+06   0.0000000e+00
   3.3962300e+05   2.2216797e+01
   4.1439700e+05   2.0874023e+01
   9.0900800e+05   2.1179199e+01
   9.0905200e+05   2.0751953e+01
   9.0908700e+05   3.2653809e+01
   9.0911400e+05   2.3254395e+01
   9.0913600e+05   2.7160645e+01
   9.0917300e+05   2.2216797e+01
   9.0919700e+05   2.1118164e+01
   9.0928200e+05   2.0568848e+01
   9.0955700e+05   2.0751953e+01
   9.2309200e+05   2.0629883e+01
   1.1692220e+06   2.1057129e+01
   1.3473900e+06   2.2033691e+01
   1.3474170e+06   2.2216797e+01
   1.3474560e+06   2.3986816e+01
   1.3474680e+06   2.3193359e+01
   1.3474860e+06   2.5146484e+01
   1.3475570e+06   2.0568848e+01
   1.3476870e+06   2.9296875e+01
   1.3479350e+06   2.1484375e+01
   1.3503130e+06   2.1667480e+01
   1.5267220e+06   2.0202637e+01
   1.6921440e+06   2.9052734e+01
   1.6922420e+06   2.3925781e+01
   1.6922560e+06   2.0935059e+01
   1.6922750e+06   2.1850586e+01
   1.6923030e+06   2.6000977e+01
   1.6923330e+06   2.0202637e+01
   1.6925350e+06   2.2705078e+01
   1.6930400e+06   2.1972656e+01
   1.6950370e+06   2.0690918e+01
   2.2469180e+06   2.3742676e+01
   2.2797180e+06   2.1362305e+01
   2.4369340e+06   2.8808594e+01
   2.4369590e+06   2.0324707e+01
   2.4369940e+06   2.2460938e+01
   2.4370210e+06   2.0690918e+01
   2.4370460e+06   2.6672363e+01
   2.4370580e+06   2.2644043e+01
   2.4370700e+06   3.0334473e+01
   2.4370920e+06   2.0996094e+01
   2.4371100e+06   2.3925781e+01
   2.4371300e+06   2.1606445e+01
   2.4371640e+06   2.1301270e+01
   2.4371840e+06   2.7954102e+01
   2.4372470e+06   2.1362305e+01
   3.4051430e+06   2.6367188e+01
   3.4051900e+06   2.1728516e+01
   3.4052180e+06   2.5878906e+01
   3.4052910e+06   2.6977539e+01
   3.4053800e+06   3.2165527e+01
   3.4054160e+06   2.1484375e+01
   3.4054760e+06   2.1240234e+01
   3.4055900e+06   2.2521973e+01
   3.4139580e+06   2.2583008e+01
   3.8462660e+06   2.4841309e+01
   3.8463150e+06   2.2705078e+01
   3.8463340e+06   2.9174805e+01
   3.8463570e+06   2.2888184e+01
   3.8463820e+06   2.3071289e+01
   3.8464270e+06   2.3925781e+01
   3.8465740e+06   2.3437500e+01
   4.2641050e+06   2.1179199e+01
   4.8169210e+06   2.0690918e+01
   4.8169450e+06   2.9724121e+01
   4.8169580e+06   2.5451660e+01
   4.8169870e+06   2.4597168e+01
   4.8170120e+06   2.5634766e+01
   4.8170420e+06   2.3864746e+01
   4.8170940e+06   2.4963379e+01
   4.8171470e+06   2.1240234e+01
   5.0144170e+06   2.3620605e+01
   5.0144340e+06   2.1667480e+01
   5.0144590e+06   2.2155762e+01
   5.0144760e+06   5.0292969e+01
   5.0144980e+06   2.6306152e+01
   5.0145200e+06   3.6804199e+01
   5.0145560e+06   2.1545410e+01
   5.0145930e+06   2.0568848e+01
   5.0797000e+06   4.4616699e+01
   5.0797440e+06   3.9123535e+01
   5.0797550e+06   2.3925781e+01
   5.0797980e+06   2.8076172e+01
   5.0798350e+06   2.1240234e+01
   5.0798590e+06   2.2949219e+01
   5.0798970e+06   2.1423340e+01
   5.0800450e+06   2.1606445e+01
   5.0957210e+06   4.9743652e+01
   5.0957520e+06   2.4963379e+01
   5.0957780e+06   2.9296875e+01
   5.0958010e+06   2.1667480e+01
   5.0958320e+06   3.0761719e+01
   5.0958460e+06   2.0935059e+01
   5.0958800e+06   2.4414062e+01
   5.0960650e+06   2.1667480e+01
   5.0962650e+06   2.2216797e+01
   5.1254840e+06   2.1118164e+01
   5.1255090e+06   2.2338867e+01
   5.1255260e+06   2.7526855e+01
   5.1255720e+06   2.4780273e+01
   5.1255890e+06   2.9602051e+01
   5.1256870e+06   2.1667480e+01
   5.1257440e+06   2.2216797e+01
   5.1258750e+06   2.1179199e+01
   5.1352060e+06   2.0690918e+01
   5.1418410e+06   2.1423340e+01
   5.1418600e+06   2.1606445e+01
   5.1419510e+06   2.1240234e+01
   5.1419750e+06   2.4291992e+01
   5.1420250e+06   2.7221680e+01
   5.1421790e+06   2.1057129e+01
   5.1423400e+06   2.0935059e+01
   5.1583840e+06   2.2094727e+01
   5.1584310e+06   2.4414062e+01
   5.1584440e+06   2.8991699e+01
   5.1584980e+06   2.0751953e+01
   5.1585640e+06   2.9235840e+01
   5.1585940e+06   2.4291992e+01
   5.1589450e+06   2.2644043e+01
   5.1748660e+06   2.1179199e+01
   5.1748920e+06   3.1494141e+01
   5.1749490e+06   2.1362305e+01
   5.1749670e+06   2.7404785e+01
   5.1750000e+06   2.1423340e+01
   5.1750330e+06   2.7282715e+01
   5.1750850e+06   2.4597168e+01
   5.1751810e+06   2.1423340e+01
   5.1760440e+06   2.1057129e+01
   5.1899250e+06   2.1667480e+01
   5.1899750e+06   2.3376465e+01
   5.1900150e+06   2.7099609e+01
   5.1900480e+06   2.8198242e+01
   5.1900760e+06   2.2033691e+01
   5.1901190e+06   2.2766113e+01
   5.1901760e+06   2.3010254e+01
   5.1902240e+06   2.1484375e+01
   5.2042550e+06   2.2338867e+01
   5.2043500e+06   2.6977539e+01
   5.2043830e+06   2.2094727e+01
   5.2044290e+06   2.3681641e+01
   5.2047610e+06   2.0874023e+01
   5.2052660e+06   2.2277832e+01
   5.2175920e+06   2.3132324e+01
   5.2176870e+06   2.1179199e+01
   5.2177500e+06   2.1545410e+01
   5.2178610e+06   2.1606445e+01
   5.2180860e+06   2.1789551e+01
   5.2329060e+06   2.0568848e+01
   5.2332560e+06   2.0751953e+01
   5.2333080e+06   2.1667480e+01
   5.2333350e+06   2.3010254e+01
   5.2333490e+06   2.0629883e+01
   5.2334320e+06   2.3498535e+01
   5.2335160e+06   2.0690918e+01
