   5.9990000e+06   0.0000000e+00
   6.0559500e+05   2.0996094e+01
   9.0911900e+05   2.9541016e+01
   9.0915900e+05   2.1789551e+01
   9.0963800e+05   2.1606445e+01
   1.3021160e+06   3.8696289e+01
   1.3474900e+06   3.0578613e+01
   1.3499670e+06   3.8269043e+01
   1.6920950e+06   3.6682129e+01
   1.6921340e+06   2.0568848e+01
   2.0104790e+06   4.6569824e+01
   2.4371240e+06   2.5329590e+01
   2.4371800e+06   2.6977539e+01
   2.4372860e+06   2.1484375e+01
   2.4373890e+06   2.1362305e+01
   3.4052050e+06   2.5939941e+01
   3.4052360e+06   2.4658203e+01
   3.4052740e+06   2.0507812e+01
   3.8461740e+06   3.7353516e+01
   3.8462120e+06   3.4667969e+01
   3.8462510e+06   2.5573730e+01
   3.8462960e+06   2.1484375e+01
   3.8466170e+06   2.9418945e+01
   4.8169790e+06   4.3273926e+01
   4.8170110e+06   2.0751953e+01
   5.0145160e+06   3.4423828e+01
   5.0145780e+06   2.0935059e+01
   5.0146430e+06   2.3498535e+01
   5.0796620e+06   3.5217285e+01
   5.0797060e+06   2.9724121e+01
   5.0956770e+06   3.5766602e+01
   5.0957240e+06   2.2644043e+01
   5.0961030e+06   2.6733398e+01
   5.1254060e+06   3.5522461e+01
   5.1254960e+06   2.0629883e+01
   5.1418000e+06   3.1127930e+01
   5.1418460e+06   2.8625488e+01
   5.1422940e+06   2.6428223e+01
   5.1424190e+06   2.0324707e+01
   5.1583250e+06   3.3569336e+01
   5.1583700e+06   2.1484375e+01
   5.1589110e+06   2.1423340e+01
   5.1748470e+06   3.3996582e+01
   5.1748930e+06   2.3803711e+01
   5.1752750e+06   2.2155762e+01
   5.1755030e+06   2.8076172e+01
   5.1899070e+06   3.0029297e+01
   5.1899580e+06   2.4230957e+01
   5.1900100e+06   2.0385742e+01
   5.1903010e+06   2.1667480e+01
   5.2041810e+06   3.1188965e+01
   5.2042360e+06   2.7038574e+01
   5.2042980e+06   2.1179199e+01
   5.2043720e+06   2.1240234e+01
   5.2175220e+06   3.1311035e+01
   5.2175820e+06   2.7893066e+01
   5.2176640e+06   3.0273438e+01
   5.2177440e+06   2.0507812e+01
   5.2178670e+06   2.9235840e+01
   5.2330380e+06   3.1311035e+01
   5.2331170e+06   2.6855469e+01
   5.2332120e+06   2.8137207e+01
