   5.9990000e+06   0.0000000e+00
   1.1185000e+04   2.0263672e+01
   1.9896000e+04   2.2827148e+01
   7.9385000e+04   2.1850586e+01
   1.3001400e+05   2.0996094e+01
   2.3227600e+05   2.0996094e+01
   2.8095100e+05   2.7343750e+01
   2.9772200e+05   2.0629883e+01
   2.9929800e+05   2.5878906e+01
   4.0061000e+05   2.8442383e+01
   5.4978200e+05   2.1423340e+01
   5.9434500e+05   2.2460938e+01
   6.8392900e+05   2.2827148e+01
   7.7088800e+05   2.0080566e+01
   8.1253000e+05   2.0385742e+01
   8.2671200e+05   2.1545410e+01
   9.0901200e+05   2.0385742e+01
   9.0903900e+05   2.5451660e+01
   9.0908000e+05   2.5329590e+01
   9.0910300e+05   2.6367188e+01
   9.0913600e+05   2.7099609e+01
   9.0915900e+05   2.6123047e+01
   9.0924900e+05   2.9296875e+01
   9.0927100e+05   2.6794434e+01
   9.0929400e+05   2.7709961e+01
   9.0933100e+05   2.2766113e+01
   1.0048080e+06   2.0751953e+01
   1.0268590e+06   2.0141602e+01
   1.0737540e+06   2.0629883e+01
   1.1244480e+06   2.0385742e+01
   1.1333860e+06   2.0446777e+01
   1.1997090e+06   2.0935059e+01
   1.2686100e+06   2.1667480e+01
   1.3427980e+06   2.8320312e+01
   1.3443830e+06   2.0690918e+01
   1.3474470e+06   3.6376953e+01
   1.3474630e+06   2.9785156e+01
   1.3474900e+06   2.2338867e+01
   1.3475090e+06   2.5817871e+01
   1.3475670e+06   2.2705078e+01
   1.3475900e+06   2.1057129e+01
   1.3476050e+06   2.7404785e+01
   1.3476440e+06   2.2827148e+01
   1.3477340e+06   2.2521973e+01
   1.3477990e+06   2.1179199e+01
   1.3628950e+06   2.3620605e+01
   1.4182890e+06   2.2155762e+01
   1.4278940e+06   2.0263672e+01
   1.5792120e+06   2.0324707e+01
   1.6921010e+06   3.0700684e+01
   1.6921270e+06   4.6752930e+01
   1.6921370e+06   2.3620605e+01
   1.6921520e+06   2.8930664e+01
   1.6921710e+06   2.6000977e+01
   1.6921970e+06   4.6142578e+01
   1.6922100e+06   2.2583008e+01
   1.6922420e+06   2.5207520e+01
   1.6922650e+06   2.1972656e+01
   1.6922830e+06   2.4475098e+01
   1.6923050e+06   2.8259277e+01
   1.6923310e+06   2.1545410e+01
   1.6923820e+06   2.0751953e+01
   1.6924140e+06   2.0202637e+01
   1.6926540e+06   2.2399902e+01
   1.7774200e+06   2.0690918e+01
   1.8090850e+06   2.0874023e+01
   1.8681790e+06   2.7709961e+01
   1.8703450e+06   2.9174805e+01
   1.8996470e+06   2.0080566e+01
   1.9156110e+06   2.0080566e+01
   2.0657770e+06   2.1545410e+01
   2.1219290e+06   2.1240234e+01
   2.1611470e+06   2.1728516e+01
   2.2950150e+06   2.0629883e+01
   2.3428260e+06   2.0996094e+01
   2.4366800e+06   2.0385742e+01
   2.4367130e+06   3.1005859e+01
   2.4367280e+06   2.3071289e+01
   2.4367710e+06   3.5827637e+01
   2.4367970e+06   2.2644043e+01
   2.4368260e+06   2.6306152e+01
   2.4368570e+06   2.8442383e+01
   2.4368940e+06   2.1118164e+01
   2.4369330e+06   2.1789551e+01
   2.4369460e+06   3.1555176e+01
   2.4369810e+06   2.0935059e+01
   2.4370270e+06   3.0212402e+01
   2.4370980e+06   2.4108887e+01
   2.4371350e+06   2.5268555e+01
   2.4371910e+06   2.5390625e+01
   2.4385790e+06   2.0874023e+01
   2.6070570e+06   2.1423340e+01
   2.6151850e+06   2.2277832e+01
   2.6841820e+06   2.0751953e+01
   2.7341590e+06   2.0385742e+01
   2.7489140e+06   2.1057129e+01
   2.7590010e+06   2.4597168e+01
   2.7635180e+06   2.8503418e+01
   2.7647330e+06   2.8503418e+01
   2.8073550e+06   2.6428223e+01
   2.9309270e+06   2.6489258e+01
   2.9331930e+06   2.7954102e+01
   3.0058980e+06   2.2094727e+01
   3.0555780e+06   2.0507812e+01
   3.1313170e+06   2.1545410e+01
   3.4050890e+06   2.1240234e+01
   3.4051210e+06   3.5461426e+01
   3.4051490e+06   2.4658203e+01
   3.4051730e+06   2.5878906e+01
   3.4051960e+06   2.2644043e+01
   3.4052110e+06   2.9663086e+01
   3.4052310e+06   2.3437500e+01
   3.4052720e+06   2.6916504e+01
   3.4052910e+06   2.0751953e+01
   3.4053270e+06   2.7770996e+01
   3.4053570e+06   2.2216797e+01
   3.4054030e+06   2.3986816e+01
   3.4054360e+06   2.3681641e+01
   3.4054540e+06   2.1545410e+01
   3.4054640e+06   2.0996094e+01
   3.4054780e+06   2.5085449e+01
   3.5183680e+06   2.0568848e+01
   3.5756250e+06   2.1179199e+01
   3.6207890e+06   2.0812988e+01
   3.6328110e+06   2.3193359e+01
   3.6657550e+06   2.0690918e+01
   3.7154700e+06   2.1606445e+01
   3.8461910e+06   2.9479980e+01
   3.8462060e+06   3.0090332e+01
   3.8462240e+06   2.6672363e+01
   3.8462430e+06   2.9296875e+01
   3.8462600e+06   2.2583008e+01
   3.8462950e+06   2.2521973e+01
   3.8463610e+06   2.4475098e+01
   3.8464330e+06   2.1911621e+01
   3.8464550e+06   2.1301270e+01
   3.8464790e+06   2.2766113e+01
   3.8465270e+06   2.0141602e+01
   3.8465370e+06   2.1484375e+01
   3.8465890e+06   2.2216797e+01
   3.8466800e+06   2.0751953e+01
   3.8466990e+06   2.0812988e+01
   3.8521630e+06   2.8259277e+01
   3.9527050e+06   2.0568848e+01
   3.9555400e+06   2.1789551e+01
   4.0455960e+06   2.2155762e+01
   4.3616860e+06   2.0324707e+01
   4.4047780e+06   2.1728516e+01
   4.5121360e+06   2.9296875e+01
   4.5177610e+06   2.0751953e+01
   4.5491930e+06   2.8076172e+01
   4.6798140e+06   2.1606445e+01
   4.7075700e+06   3.1982422e+01
   4.7285010e+06   2.0141602e+01
   4.7459640e+06   2.1911621e+01
   4.8169820e+06   2.1911621e+01
   4.8170010e+06   3.5583496e+01
   4.8170150e+06   2.2888184e+01
   4.8170260e+06   2.3803711e+01
   4.8170420e+06   2.6489258e+01
   4.8171080e+06   2.3132324e+01
   4.8171210e+06   2.6550293e+01
   4.8171940e+06   2.2521973e+01
   4.8172420e+06   2.4291992e+01
   4.8172890e+06   2.2705078e+01
   4.8173330e+06   2.3681641e+01
   4.8178350e+06   2.0324707e+01
   5.0142270e+06   2.0507812e+01
   5.0142870e+06   2.0324707e+01
   5.0143070e+06   2.2827148e+01
   5.0143300e+06   2.0324707e+01
   5.0143560e+06   3.1494141e+01
   5.0143940e+06   3.1372070e+01
   5.0144060e+06   2.8259277e+01
   5.0144700e+06   2.7770996e+01
   5.0145380e+06   2.1545410e+01
   5.0145600e+06   2.1423340e+01
   5.0145970e+06   2.2888184e+01
   5.0146380e+06   2.2705078e+01
   5.0146540e+06   2.0263672e+01
   5.0146890e+06   2.1972656e+01
   5.0147780e+06   2.3071289e+01
   5.0795780e+06   2.0141602e+01
   5.0796380e+06   3.8452148e+01
   5.0796620e+06   2.6672363e+01
   5.0796800e+06   4.1076660e+01
   5.0797060e+06   2.0263672e+01
   5.0797230e+06   2.3864746e+01
   5.0797390e+06   2.1362305e+01
   5.0797770e+06   2.0935059e+01
   5.0797890e+06   2.0812988e+01
   5.0798210e+06   2.5085449e+01
   5.0798400e+06   2.3864746e+01
   5.0799550e+06   2.1728516e+01
   5.0800000e+06   2.1789551e+01
   5.0956590e+06   2.8991699e+01
   5.0956860e+06   2.4597168e+01
   5.0957040e+06   2.7709961e+01
   5.0957220e+06   3.9001465e+01
   5.0957650e+06   2.1362305e+01
   5.0957870e+06   2.6000977e+01
   5.0958120e+06   2.3986816e+01
   5.0958440e+06   2.1484375e+01
   5.0958970e+06   2.0996094e+01
   5.0959410e+06   2.2827148e+01
   5.0960090e+06   2.8625488e+01
   5.0960470e+06   2.4108887e+01
   5.0960940e+06   2.0690918e+01
   5.0962140e+06   2.1118164e+01
   5.0962560e+06   2.3437500e+01
   5.0962850e+06   2.1362305e+01
   5.0963060e+06   2.1057129e+01
   5.0970190e+06   2.0751953e+01
   5.1254430e+06   2.1850586e+01
   5.1254530e+06   4.9865723e+01
   5.1254970e+06   3.2775879e+01
   5.1255130e+06   2.1118164e+01
   5.1255300e+06   2.6733398e+01
   5.1255500e+06   2.2277832e+01
   5.1255830e+06   3.4606934e+01
   5.1256070e+06   2.4291992e+01
   5.1256480e+06   2.0324707e+01
   5.1256770e+06   3.2043457e+01
   5.1257020e+06   2.1606445e+01
   5.1257390e+06   2.2766113e+01
   5.1258280e+06   2.5634766e+01
   5.1258820e+06   2.2583008e+01
   5.1261370e+06   2.0202637e+01
   5.1263470e+06   2.0507813e+01
   5.1265030e+06   2.1545410e+01
   5.1268180e+06   2.3559570e+01
   5.1418200e+06   2.1240234e+01
   5.1418460e+06   4.1870117e+01
   5.1418650e+06   2.6428223e+01
   5.1419010e+06   2.4658203e+01
   5.1419150e+06   3.0822754e+01
   5.1419560e+06   2.3620605e+01
   5.1419880e+06   2.1484375e+01
   5.1420200e+06   2.3315430e+01
   5.1420410e+06   2.2583008e+01
   5.1420780e+06   2.4902344e+01
   5.1421580e+06   2.9602051e+01
   5.1421910e+06   2.0629883e+01
   5.1422060e+06   2.1972656e+01
   5.1422700e+06   2.5756836e+01
   5.1423900e+06   2.2644043e+01
   5.1427200e+06   2.2033691e+01
   5.1583350e+06   2.0996094e+01
   5.1583600e+06   2.3010254e+01
   5.1583700e+06   2.6733398e+01
   5.1583910e+06   3.2348633e+01
   5.1584100e+06   2.2705078e+01
   5.1584290e+06   2.4169922e+01
   5.1584440e+06   2.3193359e+01
   5.1584670e+06   2.4230957e+01
   5.1584950e+06   2.8320313e+01
   5.1585090e+06   2.2705078e+01
   5.1585510e+06   3.1433105e+01
   5.1585710e+06   2.1728516e+01
   5.1586070e+06   2.5573730e+01
   5.1586930e+06   2.4658203e+01
   5.1587140e+06   2.0812988e+01
   5.1587360e+06   2.9724121e+01
   5.1587620e+06   2.1972656e+01
   5.1593120e+06   2.1606445e+01
   5.1748980e+06   2.9296875e+01
   5.1749090e+06   2.8137207e+01
   5.1749380e+06   2.4658203e+01
   5.1749610e+06   3.0700684e+01
   5.1749770e+06   2.6855469e+01
   5.1750000e+06   2.7893066e+01
   5.1750440e+06   2.1179199e+01
   5.1750770e+06   3.3935547e+01
   5.1750920e+06   2.4047852e+01
   5.1751080e+06   2.4658203e+01
   5.1751380e+06   2.4475098e+01
   5.1752120e+06   2.4169922e+01
   5.1752960e+06   2.6062012e+01
   5.1755310e+06   2.2094727e+01
   5.1899440e+06   2.2155762e+01
   5.1899580e+06   2.4414062e+01
   5.1899780e+06   2.8503418e+01
   5.1899980e+06   2.4719238e+01
   5.1900140e+06   2.1606445e+01
   5.1900380e+06   2.8137207e+01
   5.1900900e+06   2.2583008e+01
   5.1901700e+06   2.3193359e+01
   5.1902710e+06   2.0568848e+01
   5.1903240e+06   2.1362305e+01
   5.1903870e+06   2.2827148e+01
   5.2042230e+06   2.9479980e+01
   5.2042380e+06   2.5573730e+01
   5.2042810e+06   2.3864746e+01
   5.2043120e+06   2.1484375e+01
   5.2043340e+06   2.2033691e+01
   5.2043690e+06   2.0568848e+01
   5.2044040e+06   2.0507812e+01
   5.2044340e+06   2.1789551e+01
   5.2044750e+06   3.0578613e+01
   5.2045200e+06   2.1850586e+01
   5.2045600e+06   2.0324707e+01
   5.2046240e+06   2.0568848e+01
   5.2175200e+06   2.7954102e+01
   5.2175330e+06   3.4484863e+01
   5.2175770e+06   2.0446777e+01
   5.2176140e+06   2.3498535e+01
   5.2176380e+06   2.2033691e+01
   5.2176510e+06   2.1301270e+01
   5.2177140e+06   2.7465820e+01
   5.2177320e+06   2.8381348e+01
   5.2177810e+06   2.0446777e+01
   5.2178110e+06   2.0629883e+01
   5.2178320e+06   2.1728516e+01
   5.2179310e+06   2.0629883e+01
   5.2329440e+06   2.1728516e+01
   5.2329600e+06   2.0324707e+01
   5.2329810e+06   2.0629883e+01
   5.2329990e+06   2.0690918e+01
   5.2330220e+06   2.6550293e+01
   5.2330420e+06   2.6367188e+01
   5.2330730e+06   3.4545898e+01
   5.2331170e+06   3.3386230e+01
   5.2331270e+06   2.3681641e+01
   5.2332140e+06   2.0385742e+01
   5.2332590e+06   2.6184082e+01
   5.2332960e+06   2.0568848e+01
   5.2333680e+06   2.0874023e+01
   5.2334510e+06   2.2460938e+01
   5.2335330e+06   2.4536133e+01
   5.2336740e+06   2.2338867e+01
   5.2519900e+06   2.1362305e+01
   5.2520440e+06   2.0324707e+01
   5.2521490e+06   2.1850586e+01
   5.2521710e+06   2.0751953e+01
   5.2522600e+06   2.0202637e+01
   5.2523490e+06   2.0996094e+01
   5.2523680e+06   2.1057129e+01
   5.2670630e+06   2.0568848e+01
   5.2672150e+06   2.0385742e+01
   5.2673570e+06   2.0996094e+01
   5.2673840e+06   2.0507812e+01
   5.2675540e+06   2.5573730e+01
   5.2777790e+06   2.1850586e+01
   5.2778300e+06   2.2338867e+01
   5.2780140e+06   2.4230957e+01
   5.2935290e+06   2.4475098e+01
   5.4035940e+06   2.1423340e+01
   5.4064200e+06   2.0202637e+01
   5.4703560e+06   2.0263672e+01
   5.4949350e+06   2.1423340e+01
   5.5353660e+06   2.1118164e+01
   5.8071260e+06   2.0263672e+01
   5.8281680e+06   2.0629883e+01
