   5.9990000e+06   0.0000000e+00
   3.8900000e+03   2.2033691e+01
   1.7179000e+04   2.0874023e+01
   2.8675000e+04   2.1423340e+01
   6.7086000e+04   2.0935059e+01
   7.2580000e+04   2.3498535e+01
   7.8623000e+04   2.3193359e+01
   9.6025000e+04   2.1789551e+01
   1.1374700e+05   2.1118164e+01
   1.1486900e+05   2.0874023e+01
   1.2079700e+05   2.0751953e+01
   1.2742300e+05   2.1850586e+01
   1.4329200e+05   2.3803711e+01
   1.7633100e+05   2.1972656e+01
   1.8781800e+05   2.4047852e+01
   1.9006300e+05   2.2644043e+01
   1.9638900e+05   2.1423340e+01
   2.0194800e+05   2.0935059e+01
   2.2905400e+05   2.1789551e+01
   2.2910000e+05   2.3498535e+01
   3.2778500e+05   2.4353027e+01
   4.3505200e+05   2.1362305e+01
   4.9844100e+05   2.0690918e+01
   5.0067500e+05   2.5634766e+01
   5.1731200e+05   2.1301270e+01
   5.2002800e+05   2.0996094e+01
   5.3649500e+05   2.1057129e+01
   5.7894700e+05   2.0935059e+01
   6.5984400e+05   2.1667480e+01
   7.0294200e+05   2.0751953e+01
   7.2695600e+05   2.2094727e+01
   7.4917400e+05   2.1484375e+01
   7.6576000e+05   2.0874023e+01
   7.7684200e+05   2.0996094e+01
   7.9810600e+05   2.1850586e+01
   8.2592300e+05   2.1118164e+01
   9.0277000e+05   2.2583008e+01
   9.0848100e+05   2.2644043e+01
   9.0894900e+05   2.4963379e+01
   9.0897500e+05   2.9785156e+01
   9.0900600e+05   4.4433594e+01
   9.0902100e+05   4.0405273e+01
   9.0904200e+05   6.6955566e+01
   9.0906400e+05   2.7038574e+01
   9.0907800e+05   2.3498535e+01
   9.0909300e+05   2.8625488e+01
   9.0911200e+05   3.5461426e+01
   9.0912800e+05   4.1870117e+01
   9.0915400e+05   2.5268555e+01
   9.0917600e+05   2.5024414e+01
   9.0919200e+05   3.4484863e+01
   9.0921500e+05   3.3081055e+01
   9.0923200e+05   3.1494141e+01
   9.0926500e+05   2.8198242e+01
   9.0929400e+05   2.4291992e+01
   9.0933200e+05   2.9663086e+01
   9.0934200e+05   2.4780273e+01
   9.0945500e+05   2.6184082e+01
   9.0949400e+05   2.2033691e+01
   9.0962200e+05   2.3559570e+01
   9.0983700e+05   2.4780273e+01
   9.0990500e+05   2.3193359e+01
   9.1005100e+05   2.1850586e+01
   9.1184500e+05   2.1423340e+01
   9.1494800e+05   2.2583008e+01
   9.1744400e+05   2.0751953e+01
   9.1926200e+05   2.2521973e+01
   9.2137800e+05   2.0874023e+01
   9.2785200e+05   2.2766113e+01
   9.5601700e+05   2.0874023e+01
   9.6630200e+05   2.1301270e+01
   9.6850300e+05   2.1240234e+01
   9.6878300e+05   2.3742676e+01
   9.6905100e+05   2.0812988e+01
   9.7136300e+05   2.1179199e+01
   9.7319300e+05   2.2705078e+01
   9.8058200e+05   2.1057129e+01
   9.9316300e+05   2.3498535e+01
   9.9543600e+05   2.1301270e+01
   9.9866200e+05   2.1057129e+01
   1.0215170e+06   2.1606445e+01
   1.0348620e+06   2.0874023e+01
   1.0494520e+06   2.1545410e+01
   1.0863580e+06   2.1362305e+01
   1.1088680e+06   2.3071289e+01
   1.1145620e+06   2.2094727e+01
   1.1539900e+06   2.0874023e+01
   1.1620190e+06   2.0935059e+01
   1.1716220e+06   2.1240234e+01
   1.2189170e+06   2.0996094e+01
   1.2330920e+06   2.0690918e+01
   1.2394680e+06   2.2155762e+01
   1.2436520e+06   2.1606445e+01
   1.2535710e+06   2.1423340e+01
   1.3140230e+06   2.2521973e+01
   1.3473600e+06   3.1311035e+01
   1.3473710e+06   6.0485840e+01
   1.3473930e+06   2.2460938e+01
   1.3474100e+06   3.5156250e+01
   1.3474310e+06   2.8869629e+01
   1.3474470e+06   3.5705566e+01
   1.3474740e+06   4.8583984e+01
   1.3474930e+06   2.8747559e+01
   1.3475050e+06   2.0751953e+01
   1.3475260e+06   2.8198242e+01
   1.3475370e+06   2.2094727e+01
   1.3475570e+06   3.2226562e+01
   1.3475810e+06   2.2705078e+01
   1.3475930e+06   2.5817871e+01
   1.3476300e+06   2.2949219e+01
   1.3476470e+06   3.5339355e+01
   1.3476660e+06   3.5766602e+01
   1.3476800e+06   2.5207520e+01
   1.3477120e+06   2.6367188e+01
   1.3477800e+06   2.5878906e+01
   1.3479180e+06   2.7648926e+01
   1.3479780e+06   2.5878906e+01
   1.3480290e+06   2.3681641e+01
   1.3481300e+06   2.1850586e+01
   1.3481780e+06   2.5756836e+01
   1.3481970e+06   2.3864746e+01
   1.3485290e+06   2.1057129e+01
   1.3487270e+06   2.5451660e+01
   1.3489670e+06   2.1484375e+01
   1.3502210e+06   2.1301270e+01
   1.3588620e+06   2.1728516e+01
   1.3642640e+06   2.7038574e+01
   1.3657270e+06   2.2888184e+01
   1.3788660e+06   2.2033691e+01
   1.3815060e+06   2.1179199e+01
   1.3974390e+06   2.3437500e+01
   1.4736860e+06   2.1301270e+01
   1.4882610e+06   2.2399902e+01
   1.5045870e+06   2.0874023e+01
   1.5181930e+06   2.1179199e+01
   1.5530410e+06   2.2583008e+01
   1.5729070e+06   2.2216797e+01
   1.6205210e+06   2.1667480e+01
   1.6351200e+06   2.0812988e+01
   1.6451390e+06   2.2460938e+01
   1.6921660e+06   4.4799805e+01
   1.6921770e+06   6.2133789e+01
   1.6922220e+06   2.7099609e+01
   1.6922460e+06   2.8808594e+01
   1.6922890e+06   2.1789551e+01
   1.6923040e+06   2.8320312e+01
   1.6923270e+06   2.7893066e+01
   1.6923400e+06   2.6428223e+01
   1.6923690e+06   2.9785156e+01
   1.6923820e+06   2.8015137e+01
   1.6924510e+06   2.4597168e+01
   1.6924740e+06   3.1188965e+01
   1.6924970e+06   2.3986816e+01
   1.6925280e+06   2.4353027e+01
   1.6925810e+06   2.3254395e+01
   1.6926700e+06   2.2521973e+01
   1.6926880e+06   2.3315430e+01
   1.6927270e+06   2.0812988e+01
   1.6927670e+06   2.6245117e+01
   1.6927780e+06   2.1728516e+01
   1.6930360e+06   2.8259277e+01
   1.6930840e+06   2.1545410e+01
   1.6931210e+06   2.0996094e+01
   1.6931850e+06   2.1850586e+01
   1.6933480e+06   2.2399902e+01
   1.6980770e+06   2.3742676e+01
   1.7023410e+06   2.0874023e+01
   1.7056770e+06   2.2583008e+01
   1.7094180e+06   2.3010254e+01
   1.7143490e+06   2.0812988e+01
   1.7408680e+06   2.1972656e+01
   1.7714590e+06   2.2766113e+01
   1.7873000e+06   2.3071289e+01
   1.8789750e+06   2.1972656e+01
   1.8988590e+06   2.3498535e+01
   1.9124880e+06   2.1667480e+01
   1.9144650e+06   2.0812988e+01
   1.9250160e+06   2.0996094e+01
   1.9433540e+06   2.2827148e+01
   1.9542740e+06   2.2033691e+01
   1.9809240e+06   2.1423340e+01
   1.9894450e+06   2.1301270e+01
   1.9919340e+06   2.0690918e+01
   2.0072920e+06   2.1545410e+01
   2.0456420e+06   2.1606445e+01
   2.0460730e+06   2.1484375e+01
   2.0827500e+06   2.1179199e+01
   2.1125770e+06   2.1240234e+01
   2.1730980e+06   2.2583008e+01
   2.1806440e+06   2.1118164e+01
   2.1843410e+06   2.1240234e+01
   2.2089430e+06   2.0690918e+01
   2.2280780e+06   2.0935059e+01
   2.2325420e+06   2.2338867e+01
   2.2528090e+06   2.2216797e+01
   2.2834220e+06   2.0874023e+01
   2.3066070e+06   2.1362305e+01
   2.3474550e+06   2.1118164e+01
   2.3703520e+06   2.2705078e+01
   2.3958110e+06   2.1484375e+01
   2.4319700e+06   2.1057129e+01
   2.4364350e+06   2.1240234e+01
   2.4367670e+06   2.9418945e+01
   2.4368770e+06   2.3437500e+01
   2.4369240e+06   2.3559570e+01
   2.4369390e+06   4.7607422e+01
   2.4369530e+06   3.2470703e+01
   2.4369730e+06   3.0639648e+01
   2.4369970e+06   2.3193359e+01
   2.4370110e+06   2.9479980e+01
   2.4370270e+06   2.2216797e+01
   2.4370450e+06   3.3325195e+01
   2.4370580e+06   2.3681641e+01
   2.4370700e+06   2.6000977e+01
   2.4370900e+06   3.1860352e+01
   2.4371030e+06   3.9306641e+01
   2.4371220e+06   3.9672852e+01
   2.4371380e+06   2.0812988e+01
   2.4371510e+06   3.1127930e+01
   2.4371760e+06   3.5461426e+01
   2.4372150e+06   2.7404785e+01
   2.4372320e+06   2.1545410e+01
   2.4372770e+06   2.7404785e+01
   2.4372890e+06   2.0996094e+01
   2.4373090e+06   3.7780762e+01
   2.4373470e+06   2.6184082e+01
   2.4373760e+06   2.1240234e+01
   2.4373910e+06   2.3193359e+01
   2.4375540e+06   2.1423340e+01
   2.4375960e+06   2.3132324e+01
   2.4376300e+06   2.3559570e+01
   2.4377000e+06   2.1057129e+01
   2.4377230e+06   2.2277832e+01
   2.4377730e+06   2.1728516e+01
   2.4378340e+06   2.1362305e+01
   2.4379640e+06   2.1118164e+01
   2.4381820e+06   2.2338867e+01
   2.4439970e+06   2.2644043e+01
   2.4452610e+06   2.7160645e+01
   2.4470690e+06   2.2766113e+01
   2.4477520e+06   2.3803711e+01
   2.4494850e+06   2.5939941e+01
   2.4570080e+06   2.1362305e+01
   2.4601050e+06   2.1118164e+01
   2.4673780e+06   2.0812988e+01
   2.4697310e+06   2.0874023e+01
   2.4877480e+06   2.1301270e+01
   2.4900740e+06   2.1240234e+01
   2.4964990e+06   2.1118164e+01
   2.5932420e+06   2.1423340e+01
   2.6102790e+06   2.1240234e+01
   2.6333220e+06   2.1179199e+01
   2.6376060e+06   2.2338867e+01
   2.6404630e+06   2.1667480e+01
   2.6625370e+06   2.0690918e+01
   2.6915300e+06   2.0690918e+01
   2.6922930e+06   2.2705078e+01
   2.7045840e+06   2.2277832e+01
   2.7143150e+06   2.0996094e+01
   2.7340710e+06   2.1850586e+01
   2.7388420e+06   2.1972656e+01
   2.7650300e+06   2.0751953e+01
   2.7735140e+06   2.0690918e+01
   2.7838340e+06   2.1667480e+01
   2.7848810e+06   3.5461426e+01
   2.8629260e+06   2.3315430e+01
   2.8761050e+06   2.0690918e+01
   2.9137100e+06   2.2583008e+01
   2.9166130e+06   2.0812988e+01
   2.9261830e+06   2.0812988e+01
   2.9768670e+06   2.0996094e+01
   2.9929620e+06   2.1118164e+01
   3.0096710e+06   2.1850586e+01
   3.0759040e+06   2.1606445e+01
   3.0854620e+06   2.4902344e+01
   3.1060570e+06   2.1118164e+01
   3.1308290e+06   2.2949219e+01
   3.1651230e+06   2.3376465e+01
   3.2437300e+06   2.1606445e+01
   3.3169590e+06   2.1850586e+01
   3.3865930e+06   2.2644043e+01
   3.3951300e+06   2.1362305e+01
   3.4042990e+06   2.5268555e+01
   3.4050890e+06   3.9978027e+01
   3.4051000e+06   2.8137207e+01
   3.4051170e+06   4.2724609e+01
   3.4051300e+06   2.7832031e+01
   3.4051450e+06   2.3742676e+01
   3.4051680e+06   2.2583008e+01
   3.4051820e+06   3.4423828e+01
   3.4051990e+06   2.4475098e+01
   3.4052110e+06   4.7912598e+01
   3.4052210e+06   3.4484863e+01
   3.4052460e+06   3.2958984e+01
   3.4052650e+06   2.8930664e+01
   3.4052910e+06   2.4291992e+01
   3.4053110e+06   3.0334473e+01
   3.4053430e+06   2.4047852e+01
   3.4053850e+06   2.2583008e+01
   3.4054030e+06   2.2460938e+01
   3.4054230e+06   2.4108887e+01
   3.4054410e+06   2.1545410e+01
   3.4055020e+06   2.6123047e+01
   3.4055560e+06   2.3864746e+01
   3.4057250e+06   2.5268555e+01
   3.4057800e+06   2.6550293e+01
   3.4058460e+06   2.4658203e+01
   3.4059340e+06   2.3559570e+01
   3.4061110e+06   2.3559570e+01
   3.4061570e+06   2.3498535e+01
   3.4170330e+06   2.1240234e+01
   3.4210360e+06   2.1118164e+01
   3.4227670e+06   2.1301270e+01
   3.4279120e+06   2.1362305e+01
   3.4303290e+06   2.1362305e+01
   3.4333610e+06   2.1118164e+01
   3.4489090e+06   2.1118164e+01
   3.4493610e+06   2.3559570e+01
   3.4760070e+06   2.4780273e+01
   3.4767700e+06   2.1484375e+01
   3.4776370e+06   2.1301270e+01
   3.5009700e+06   2.1667480e+01
   3.5338430e+06   2.2888184e+01
   3.5394720e+06   2.1545410e+01
   3.5591320e+06   2.1911621e+01
   3.6126300e+06   2.1972656e+01
   3.6700530e+06   2.2827148e+01
   3.6905190e+06   2.1484375e+01
   3.6947320e+06   2.1423340e+01
   3.7003230e+06   2.2827148e+01
   3.7323860e+06   2.1728516e+01
   3.8462400e+06   2.6000977e+01
   3.8462540e+06   4.4128418e+01
   3.8462720e+06   2.9418945e+01
   3.8462910e+06   3.4057617e+01
   3.8463120e+06   2.4047852e+01
   3.8463450e+06   3.3325195e+01
   3.8463640e+06   3.3203125e+01
   3.8463750e+06   4.6142578e+01
   3.8464100e+06   4.0222168e+01
   3.8464200e+06   2.7099609e+01
   3.8464430e+06   2.7770996e+01
   3.8464750e+06   3.1372070e+01
   3.8464990e+06   2.1118164e+01
   3.8465250e+06   2.7954102e+01
   3.8465420e+06   2.7282715e+01
   3.8465570e+06   2.9174805e+01
   3.8465730e+06   2.6428223e+01
   3.8466040e+06   2.2827148e+01
   3.8466260e+06   2.8198242e+01
   3.8466810e+06   2.4963379e+01
   3.8466920e+06   2.8625488e+01
   3.8467300e+06   2.6184082e+01
   3.8467910e+06   2.8442383e+01
   3.8469130e+06   2.2277832e+01
   3.8470240e+06   2.3681641e+01
   3.8472220e+06   3.2775879e+01
   3.8474400e+06   2.2888184e+01
   3.8475960e+06   2.4658203e+01
   3.8477290e+06   2.1789551e+01
   3.8515730e+06   2.1179199e+01
   3.8604750e+06   2.2155762e+01
   3.8661180e+06   2.2277832e+01
   3.8755840e+06   2.1240234e+01
   3.8796250e+06   2.2277832e+01
   3.8847030e+06   2.1301270e+01
   3.9064910e+06   2.2033691e+01
   3.9290730e+06   2.1118164e+01
   3.9357490e+06   2.1911621e+01
   3.9742300e+06   2.1728516e+01
   3.9867570e+06   2.1911621e+01
   3.9980520e+06   2.1301270e+01
   4.0481530e+06   2.2949219e+01
   4.0776830e+06   2.1972656e+01
   4.1534510e+06   2.2277832e+01
   4.1912490e+06   2.1301270e+01
   4.3035610e+06   2.1789551e+01
   4.3520750e+06   2.2949219e+01
   4.3523960e+06   2.4230957e+01
   4.4015440e+06   2.1911621e+01
   4.4923090e+06   2.1301270e+01
   4.5108300e+06   2.2888184e+01
   4.6180360e+06   2.3620605e+01
   4.6280860e+06   2.2521973e+01
   4.6568170e+06   2.5451660e+01
   4.7258300e+06   2.4536133e+01
   4.7347350e+06   2.4169922e+01
   4.7745380e+06   2.2338867e+01
   4.7926390e+06   2.1240234e+01
   4.8168090e+06   2.1484375e+01
   4.8168330e+06   2.1301270e+01
   4.8168550e+06   3.3569336e+01
   4.8168830e+06   5.0903320e+01
   4.8169110e+06   3.4423828e+01
   4.8169260e+06   3.9306641e+01
   4.8169490e+06   3.0517578e+01
   4.8169620e+06   3.3752441e+01
   4.8169760e+06   2.7221680e+01
   4.8169900e+06   4.1198730e+01
   4.8170140e+06   2.6916504e+01
   4.8170330e+06   2.3742676e+01
   4.8170550e+06   4.7607422e+01
   4.8170840e+06   2.4414063e+01
   4.8170970e+06   3.0639648e+01
   4.8171270e+06   4.0893555e+01
   4.8172080e+06   2.8747559e+01
   4.8172480e+06   2.6123047e+01
   4.8172640e+06   2.1362305e+01
   4.8172870e+06   2.4230957e+01
   4.8173340e+06   2.7038574e+01
   4.8173910e+06   2.5390625e+01
   4.8305380e+06   2.3254395e+01
   4.8325180e+06   2.1545410e+01
   4.8335190e+06   2.2338867e+01
   4.8342930e+06   2.3986816e+01
   4.9162670e+06   2.6000977e+01
   4.9345860e+06   2.1240234e+01
   4.9532950e+06   2.1362305e+01
   4.9892880e+06   2.1484375e+01
   5.0132260e+06   2.1850586e+01
   5.0142890e+06   2.2338867e+01
   5.0143150e+06   2.2766113e+01
   5.0143670e+06   3.6743164e+01
   5.0143830e+06   4.3518066e+01
   5.0144020e+06   3.4667969e+01
   5.0144210e+06   2.5756836e+01
   5.0144340e+06   2.8137207e+01
   5.0144690e+06   3.2348633e+01
   5.0144820e+06   2.9785156e+01
   5.0144950e+06   3.6560059e+01
   5.0145160e+06   2.1362305e+01
   5.0145310e+06   4.5349121e+01
   5.0145450e+06   2.2827148e+01
   5.0145580e+06   2.6428223e+01
   5.0145700e+06   3.0334473e+01
   5.0145990e+06   2.7954102e+01
   5.0146660e+06   2.8991699e+01
   5.0146830e+06   3.0883789e+01
   5.0147180e+06   2.1850586e+01
   5.0147330e+06   2.8869629e+01
   5.0147710e+06   3.3935547e+01
   5.0147840e+06   2.2094727e+01
   5.0147950e+06   2.2155762e+01
   5.0150200e+06   2.3437500e+01
   5.0150470e+06   2.3986816e+01
   5.0151140e+06   2.7221680e+01
   5.0151670e+06   2.3681641e+01
   5.0152180e+06   2.2644043e+01
   5.0152330e+06   2.1240234e+01
   5.0154680e+06   2.1728516e+01
   5.0235170e+06   2.1484375e+01
   5.0256730e+06   2.1423340e+01
   5.0329690e+06   2.1118164e+01
   5.0607410e+06   2.2155762e+01
   5.0777870e+06   2.1789551e+01
   5.0788190e+06   2.2949219e+01
   5.0796830e+06   2.6855469e+01
   5.0797130e+06   5.4931641e+01
   5.0797290e+06   5.2062988e+01
   5.0797470e+06   3.4912109e+01
   5.0797730e+06   4.2297363e+01
   5.0797880e+06   2.8015137e+01
   5.0798100e+06   4.7180176e+01
   5.0798450e+06   3.2958984e+01
   5.0798670e+06   2.6733398e+01
   5.0799000e+06   2.1606445e+01
   5.0799260e+06   2.9663086e+01
   5.0799560e+06   2.3925781e+01
   5.0800000e+06   2.9235840e+01
   5.0800160e+06   2.5024414e+01
   5.0800540e+06   2.6367188e+01
   5.0801050e+06   2.4780273e+01
   5.0801700e+06   3.1311035e+01
   5.0801910e+06   2.1301270e+01
   5.0802410e+06   2.5207520e+01
   5.0802680e+06   2.4475098e+01
   5.0807220e+06   2.1972656e+01
   5.0807910e+06   2.2460938e+01
   5.0809490e+06   2.4536133e+01
   5.0812800e+06   2.2216797e+01
   5.0815330e+06   2.1240234e+01
   5.0817290e+06   2.1301270e+01
   5.0820560e+06   2.5573730e+01
   5.0839130e+06   2.1606445e+01
   5.0956640e+06   2.1850586e+01
   5.0957280e+06   2.9541016e+01
   5.0957500e+06   4.1870117e+01
   5.0957810e+06   5.7678223e+01
   5.0957920e+06   3.8024902e+01
   5.0958100e+06   2.6123047e+01
   5.0958210e+06   2.5390625e+01
   5.0958320e+06   2.9418945e+01
   5.0958530e+06   3.0273438e+01
   5.0958740e+06   4.1320801e+01
   5.0958960e+06   4.3762207e+01
   5.0959340e+06   3.2043457e+01
   5.0959890e+06   2.4841309e+01
   5.0960130e+06   2.1667480e+01
   5.0960490e+06   3.5156250e+01
   5.0960950e+06   2.1850586e+01
   5.0961350e+06   2.4291992e+01
   5.0961860e+06   2.8381348e+01
   5.0962160e+06   2.4291992e+01
   5.0962620e+06   2.6245117e+01
   5.0962770e+06   2.2216797e+01
   5.0963100e+06   2.1118164e+01
   5.0963690e+06   2.2033691e+01
   5.0963950e+06   3.0090332e+01
   5.0964190e+06   2.1667480e+01
   5.0964560e+06   2.6245117e+01
   5.0965400e+06   2.1484375e+01
   5.0965540e+06   2.3376465e+01
   5.0966500e+06   2.3193359e+01
   5.0972440e+06   2.1362305e+01
   5.0975440e+06   2.2644043e+01
   5.0979750e+06   2.1240234e+01
   5.1055040e+06   2.1362305e+01
   5.1254360e+06   2.3803711e+01
   5.1254690e+06   2.5329590e+01
   5.1254790e+06   3.0578613e+01
   5.1255020e+06   4.0466309e+01
   5.1255290e+06   4.8156738e+01
   5.1255570e+06   4.7302246e+01
   5.1255680e+06   3.1616211e+01
   5.1255900e+06   3.4912109e+01
   5.1256120e+06   2.2094727e+01
   5.1256330e+06   3.2226562e+01
   5.1256480e+06   2.6550293e+01
   5.1256880e+06   2.2399902e+01
   5.1257060e+06   4.6752930e+01
   5.1257470e+06   2.4780273e+01
   5.1257790e+06   3.2592773e+01
   5.1258050e+06   2.6672363e+01
   5.1258960e+06   2.5512695e+01
   5.1259340e+06   2.3132324e+01
   5.1259560e+06   2.2827148e+01
   5.1259720e+06   2.4475098e+01
   5.1259950e+06   2.2277832e+01
   5.1260140e+06   2.2521973e+01
   5.1260520e+06   2.2155762e+01
   5.1261180e+06   2.3315430e+01
   5.1262020e+06   2.1850586e+01
   5.1264050e+06   2.1667480e+01
   5.1264260e+06   2.4597168e+01
   5.1265490e+06   2.3742676e+01
   5.1267340e+06   2.1301270e+01
   5.1271260e+06   2.1240234e+01
   5.1302870e+06   2.1484375e+01
   5.1418450e+06   2.4963379e+01
   5.1418660e+06   2.9541016e+01
   5.1418910e+06   2.9235840e+01
   5.1419190e+06   3.7841797e+01
   5.1419370e+06   2.6550293e+01
   5.1419470e+06   3.3508301e+01
   5.1419610e+06   2.7587891e+01
   5.1419720e+06   3.0822754e+01
   5.1419920e+06   2.4658203e+01
   5.1420060e+06   3.1799316e+01
   5.1420460e+06   3.1066895e+01
   5.1420740e+06   2.7160645e+01
   5.1421040e+06   3.1982422e+01
   5.1421500e+06   2.6123047e+01
   5.1421750e+06   2.6245117e+01
   5.1422810e+06   2.1301270e+01
   5.1423850e+06   2.1179199e+01
   5.1424590e+06   2.4475098e+01
   5.1430280e+06   2.4169922e+01
   5.1432220e+06   2.1118164e+01
   5.1468830e+06   2.2521973e+01
   5.1583930e+06   4.4738770e+01
   5.1584160e+06   3.7353516e+01
   5.1584410e+06   5.0659180e+01
   5.1584550e+06   2.7160645e+01
   5.1584660e+06   2.6977539e+01
   5.1584830e+06   2.8991699e+01
   5.1585150e+06   3.2226562e+01
   5.1585490e+06   2.7343750e+01
   5.1585780e+06   2.9907227e+01
   5.1586160e+06   2.2705078e+01
   5.1586320e+06   2.2827148e+01
   5.1586600e+06   2.9296875e+01
   5.1586860e+06   2.9052734e+01
   5.1587930e+06   2.5268555e+01
   5.1588210e+06   2.3132324e+01
   5.1588550e+06   2.3498535e+01
   5.1588920e+06   2.1545410e+01
   5.1589210e+06   2.1301270e+01
   5.1590380e+06   2.1362305e+01
   5.1590970e+06   2.3925781e+01
   5.1593300e+06   2.2521973e+01
   5.1595190e+06   2.1972656e+01
   5.1596720e+06   2.6855469e+01
   5.1598370e+06   2.3986816e+01
   5.1748440e+06   3.0395508e+01
   5.1748810e+06   2.3864746e+01
   5.1749150e+06   2.9418945e+01
   5.1749350e+06   3.1860352e+01
   5.1749540e+06   2.8259277e+01
   5.1749800e+06   2.7893066e+01
   5.1749940e+06   2.6489258e+01
   5.1750220e+06   3.5095215e+01
   5.1750550e+06   2.4536133e+01
   5.1750720e+06   2.1728516e+01
   5.1750990e+06   4.4921875e+01
   5.1751430e+06   2.1850586e+01
   5.1751660e+06   2.8991699e+01
   5.1751770e+06   2.3742676e+01
   5.1751980e+06   3.0822754e+01
   5.1752460e+06   2.7893066e+01
   5.1752730e+06   2.3071289e+01
   5.1753460e+06   2.2094727e+01
   5.1754030e+06   2.2277832e+01
   5.1754230e+06   2.3681641e+01
   5.1755240e+06   2.2766113e+01
   5.1884040e+06   2.1667480e+01
   5.1897940e+06   2.2949219e+01
   5.1898580e+06   2.1545410e+01
   5.1899300e+06   2.1972656e+01
   5.1899720e+06   2.9296875e+01
   5.1899880e+06   2.8259277e+01
   5.1900200e+06   2.7770996e+01
   5.1900340e+06   2.8076172e+01
   5.1900460e+06   2.6428223e+01
   5.1900660e+06   4.0405273e+01
   5.1901120e+06   2.6977539e+01
   5.1901220e+06   2.3803711e+01
   5.1901470e+06   3.1311035e+01
   5.1901850e+06   2.5634766e+01
   5.1902210e+06   2.5024414e+01
   5.1902550e+06   2.3437500e+01
   5.1902750e+06   2.3986816e+01
   5.1902940e+06   2.2338867e+01
   5.1903220e+06   2.9541016e+01
   5.1903610e+06   2.6916504e+01
   5.1904120e+06   2.3620605e+01
   5.1904710e+06   2.5390625e+01
   5.1906330e+06   2.2521973e+01
   5.2041670e+06   2.1240234e+01
   5.2041860e+06   2.1484375e+01
   5.2042170e+06   2.2705078e+01
   5.2042500e+06   2.7832031e+01
   5.2042780e+06   2.3071289e+01
   5.2042970e+06   3.5583496e+01
   5.2043230e+06   2.6245117e+01
   5.2043480e+06   4.2968750e+01
   5.2043720e+06   2.3071289e+01
   5.2043930e+06   2.2888184e+01
   5.2044250e+06   2.9907227e+01
   5.2044560e+06   2.6428223e+01
   5.2044710e+06   4.1320801e+01
   5.2045530e+06   3.1250000e+01
   5.2045760e+06   3.0700684e+01
   5.2045900e+06   2.3254395e+01
   5.2046380e+06   2.1179199e+01
   5.2046780e+06   2.4353027e+01
   5.2047630e+06   2.2094727e+01
   5.2175520e+06   2.2460937e+01
   5.2175900e+06   2.2705078e+01
   5.2176070e+06   2.1850586e+01
   5.2176580e+06   2.7648926e+01
   5.2176770e+06   2.6062012e+01
   5.2176900e+06   3.4362793e+01
   5.2177260e+06   3.5400391e+01
   5.2177580e+06   2.2155762e+01
   5.2177780e+06   3.4729004e+01
   5.2178010e+06   3.3569336e+01
   5.2178160e+06   2.3559570e+01
   5.2178390e+06   3.2043457e+01
   5.2178530e+06   2.2705078e+01
   5.2178830e+06   3.3813477e+01
   5.2179140e+06   2.6000977e+01
   5.2179870e+06   2.7038574e+01
   5.2180150e+06   2.4169922e+01
   5.2180370e+06   2.1911621e+01
   5.2180810e+06   2.6977539e+01
   5.2181090e+06   2.1362305e+01
   5.2182180e+06   3.0334473e+01
   5.2182740e+06   2.2827148e+01
   5.2183340e+06   2.1240234e+01
   5.2184180e+06   2.2094727e+01
   5.2187510e+06   2.1667480e+01
   5.2328770e+06   2.2216797e+01
   5.2329650e+06   2.8991699e+01
   5.2330090e+06   2.2094727e+01
   5.2330570e+06   3.9733887e+01
   5.2330890e+06   2.7893066e+01
   5.2331050e+06   2.8869629e+01
   5.2331390e+06   2.5573730e+01
   5.2331710e+06   2.4169922e+01
   5.2331960e+06   3.0639648e+01
   5.2332380e+06   4.1381836e+01
   5.2332480e+06   2.8320312e+01
   5.2332610e+06   4.2480469e+01
   5.2332840e+06   2.3742676e+01
   5.2333130e+06   2.8991699e+01
   5.2333730e+06   2.4963379e+01
   5.2333880e+06   3.4118652e+01
   5.2334040e+06   2.6855469e+01
   5.2334960e+06   2.1728516e+01
   5.2336220e+06   2.1789551e+01
   5.2336370e+06   3.0822754e+01
   5.2337460e+06   2.3193359e+01
   5.2461860e+06   2.1179199e+01
   5.2517730e+06   2.1118164e+01
   5.2519120e+06   2.6123047e+01
   5.2520290e+06   2.3132324e+01
   5.2522650e+06   2.1667480e+01
   5.2525160e+06   2.2216797e+01
   5.2527270e+06   2.7099609e+01
   5.2528040e+06   2.3437500e+01
   5.2529090e+06   2.3864746e+01
   5.2529590e+06   2.2216797e+01
   5.2533670e+06   2.2827148e+01
   5.2596330e+06   2.8991699e+01
   5.2667670e+06   2.1911621e+01
   5.2668940e+06   2.3925781e+01
   5.2669500e+06   2.3437500e+01
   5.2669720e+06   2.1545410e+01
   5.2670190e+06   2.1789551e+01
   5.2670730e+06   2.5207520e+01
   5.2671160e+06   3.4606934e+01
   5.2671570e+06   2.3437500e+01
   5.2672370e+06   2.7038574e+01
   5.2673470e+06   2.4108887e+01
   5.2673570e+06   2.5878906e+01
   5.2674880e+06   2.5024414e+01
   5.2675400e+06   2.7709961e+01
   5.2675960e+06   2.2644043e+01
   5.2775700e+06   2.1667480e+01
   5.2776290e+06   3.2043457e+01
   5.2776680e+06   2.3986816e+01
   5.2777530e+06   2.3620605e+01
   5.2780450e+06   2.3315430e+01
   5.2781110e+06   2.2705078e+01
   5.2781560e+06   2.3925781e+01
   5.2781940e+06   2.2827148e+01
   5.2857260e+06   2.2033691e+01
   5.2859060e+06   2.3681641e+01
   5.2859640e+06   2.4902344e+01
   5.2860380e+06   2.3254395e+01
   5.2933300e+06   2.3742676e+01
   5.2934910e+06   3.0151367e+01
   5.2998290e+06   3.0212402e+01
   5.2998960e+06   2.3620605e+01
   5.2999370e+06   2.5634766e+01
   5.3083610e+06   2.3010254e+01
   5.3084220e+06   3.0456543e+01
   5.3084490e+06   2.5817871e+01
   5.3084660e+06   2.3132324e+01
   5.3086050e+06   2.2216797e+01
   5.3086870e+06   2.9724121e+01
   5.3087200e+06   2.1728516e+01
   5.3177700e+06   3.2897949e+01
   5.3179020e+06   2.8442383e+01
   5.3245300e+06   2.1728516e+01
   5.3880370e+06   2.4353027e+01
   5.3883180e+06   2.1545410e+01
   5.3883670e+06   2.1240234e+01
   5.4357450e+06   2.2094727e+01
   5.4471900e+06   2.1423340e+01
   5.4957450e+06   2.1545410e+01
   5.5303420e+06   2.1301270e+01
   5.5484050e+06   2.2705078e+01
   5.5855180e+06   2.1179199e+01
   5.6450190e+06   2.2460938e+01
   5.6611270e+06   2.4780273e+01
   5.8219580e+06   2.1423340e+01
   5.9800300e+06   2.3315430e+01
