   5.9990000e+06   0.0000000e+00
   4.8076900e+05   2.2155762e+01
   9.0905300e+05   6.5673828e+01
   9.0913500e+05   2.5146484e+01
   9.0949600e+05   2.4841309e+01
   1.3474820e+06   2.0324707e+01
   1.3474980e+06   5.8898926e+01
   1.3475340e+06   2.5695801e+01
   1.3476090e+06   2.1118164e+01
   1.6920370e+06   5.0964355e+01
   1.6920490e+06   2.0690918e+01
   1.6920910e+06   3.1005859e+01
   1.6921250e+06   2.2033691e+01
   1.6921390e+06   2.0812988e+01
   1.6921630e+06   2.0507812e+01
   1.6922600e+06   2.2827148e+01
   1.8220650e+06   2.0874023e+01
   1.9773130e+06   2.0019531e+01
   2.4360970e+06   2.0019531e+01
   2.4364440e+06   5.4565430e+01
   2.4365500e+06   3.3874512e+01
   2.4366080e+06   2.1545410e+01
   2.4370830e+06   2.2521973e+01
   2.8603540e+06   2.0141602e+01
   3.2229550e+06   2.1606445e+01
   3.4051720e+06   6.8725586e+01
   3.4052080e+06   2.6794434e+01
   3.4052210e+06   2.2766113e+01
   3.4052480e+06   2.6489258e+01
   3.8461470e+06   5.7067871e+01
   3.8461790e+06   2.2399902e+01
   3.8461960e+06   2.6977539e+01
   3.8464830e+06   2.1423340e+01
   4.8169510e+06   6.6894531e+01
   4.8169640e+06   3.2165527e+01
   4.8169940e+06   2.1728516e+01
   4.8170420e+06   2.5634766e+01
   4.8170630e+06   2.0751953e+01
   5.0141160e+06   5.7983398e+01
   5.0141900e+06   3.3874512e+01
   5.0142620e+06   2.0507812e+01
   5.0145060e+06   2.0812988e+01
   5.0145220e+06   2.2094727e+01
   5.0794070e+06   5.3344727e+01
   5.0794900e+06   3.5522461e+01
   5.0795800e+06   2.4353027e+01
   5.0795940e+06   2.4902344e+01
   5.0796640e+06   2.2521973e+01
   5.0798060e+06   2.2460938e+01
   5.0955000e+06   6.0058594e+01
   5.0955880e+06   3.7353516e+01
   5.0956340e+06   2.3559570e+01
   5.0956670e+06   2.4658203e+01
   5.0956920e+06   2.2888184e+01
   5.0957340e+06   2.1423340e+01
   5.1253530e+06   5.0476074e+01
   5.1254220e+06   3.4423828e+01
   5.1254420e+06   2.3864746e+01
   5.1254600e+06   2.2949219e+01
   5.1255190e+06   2.0568848e+01
   5.1258450e+06   2.2033691e+01
   5.1417290e+06   5.5175781e+01
   5.1417650e+06   2.1057129e+01
   5.1417900e+06   2.1545410e+01
   5.1418080e+06   3.0029297e+01
   5.1420080e+06   2.0141602e+01
   5.1582590e+06   2.0141602e+01
   5.1582990e+06   5.0170898e+01
   5.1583460e+06   2.0202637e+01
   5.1583730e+06   2.8930664e+01
   5.1583940e+06   2.0263672e+01
   5.1588710e+06   2.7404785e+01
   5.1748010e+06   2.1362305e+01
   5.1748240e+06   6.0363770e+01
   5.1749020e+06   3.2165527e+01
   5.1749440e+06   2.0935059e+01
   5.1750360e+06   2.0141602e+01
   5.1898800e+06   5.2124023e+01
   5.1899530e+06   2.0507812e+01
   5.1899640e+06   2.9846191e+01
   5.2041060e+06   2.5756836e+01
   5.2041410e+06   6.4575195e+01
   5.2041940e+06   2.5268555e+01
   5.2042210e+06   3.0090332e+01
   5.2043190e+06   2.1911621e+01
   5.2174310e+06   4.7973633e+01
   5.2174520e+06   2.2033691e+01
   5.2175550e+06   3.5583496e+01
   5.2176610e+06   2.9785156e+01
   5.2327970e+06   2.0935059e+01
   5.2328170e+06   7.0678711e+01
   5.2329480e+06   4.5654297e+01
   5.2330580e+06   3.4545898e+01
   5.2593740e+06   2.0263672e+01
   5.6340410e+06   2.1606445e+01
