   5.9990000e+06   0.0000000e+00
   5.1409200e+05   2.1301270e+01
   9.0902200e+05   3.7109375e+01
   9.0906100e+05   2.1484375e+01
   9.0908000e+05   2.5817871e+01
   9.0910900e+05   3.9611816e+01
   9.0913000e+05   2.4963379e+01
   9.0921200e+05   2.5207520e+01
   9.0925800e+05   2.1911621e+01
   9.0928000e+05   2.2644043e+01
   9.1036600e+05   2.1240234e+01
   9.1056600e+05   2.1606445e+01
   9.1062100e+05   2.2277832e+01
   9.1217500e+05   2.1850586e+01
   9.1474600e+05   2.4047852e+01
   9.1578500e+05   2.1118164e+01
   9.1684800e+05   2.1606445e+01
   1.0335800e+06   2.7465820e+01
   1.0336460e+06   3.2714844e+01
   1.1613600e+06   3.0700684e+01
   1.3474210e+06   2.0996094e+01
   1.3474560e+06   5.6457520e+01
   1.3474970e+06   2.5695801e+01
   1.3475470e+06   2.3010254e+01
   1.3477010e+06   2.2033691e+01
   1.3478590e+06   2.0874023e+01
   1.3479430e+06   2.1301270e+01
   1.3484800e+06   2.0996094e+01
   1.3504050e+06   2.2644043e+01
   1.3513460e+06   2.3376465e+01
   1.4548540e+06   2.0874023e+01
   1.6920240e+06   2.9479980e+01
   1.6920520e+06   2.3620605e+01
   1.6920820e+06   4.8339844e+01
   1.6921030e+06   2.1423340e+01
   1.6921230e+06   2.6733398e+01
   1.6921500e+06   2.4597168e+01
   1.6921940e+06   2.1789551e+01
   1.6922340e+06   2.0996094e+01
   1.6922670e+06   2.1789551e+01
   1.6922960e+06   2.3193359e+01
   1.6923890e+06   2.0812988e+01
   1.6924300e+06   2.0996094e+01
   1.6924860e+06   2.1240234e+01
   1.6929550e+06   2.1972656e+01
   1.6938990e+06   2.1606445e+01
   1.6942100e+06   2.1118164e+01
   2.4364360e+06   2.0812988e+01
   2.4370200e+06   4.9621582e+01
   2.4370390e+06   2.4658203e+01
   2.4370700e+06   2.7648926e+01
   2.4371230e+06   3.3630371e+01
   2.4371630e+06   2.8198242e+01
   2.4371910e+06   2.3193359e+01
   2.4372240e+06   2.5817871e+01
   2.4372630e+06   2.2521973e+01
   2.4373170e+06   2.5390625e+01
   2.4373480e+06   2.3742676e+01
   2.4390220e+06   2.2583008e+01
   3.4051390e+06   3.1982422e+01
   3.4051770e+06   2.2216797e+01
   3.4051870e+06   2.4230957e+01
   3.4051970e+06   2.1423340e+01
   3.4052130e+06   2.8625488e+01
   3.4052860e+06   3.0334473e+01
   3.4052980e+06   2.1667480e+01
   3.4053190e+06   3.2104492e+01
   3.4053440e+06   2.2094727e+01
   3.4055480e+06   2.2827148e+01
   3.4060020e+06   2.1057129e+01
   3.4064950e+06   2.1728516e+01
   3.4072700e+06   2.1240234e+01
   3.4086300e+06   2.3437500e+01
   3.4096380e+06   2.0935059e+01
   3.8461190e+06   3.2409668e+01
   3.8461530e+06   3.1799316e+01
   3.8461810e+06   3.8208008e+01
   3.8462470e+06   2.5085449e+01
   3.8463090e+06   2.9418945e+01
   3.8463830e+06   2.2155762e+01
   3.8463980e+06   2.9357910e+01
   3.8464450e+06   2.0935059e+01
   3.8465640e+06   2.2766113e+01
   3.8466650e+06   2.3010254e+01
   3.8497920e+06   2.0996094e+01
   4.8169160e+06   2.3559570e+01
   4.8169320e+06   2.2155762e+01
   4.8169520e+06   3.3569336e+01
   4.8169630e+06   2.4291992e+01
   4.8169920e+06   2.2644043e+01
   4.8170180e+06   2.3620605e+01
   4.8170350e+06   2.1240234e+01
   4.8171730e+06   2.2216797e+01
   4.8172540e+06   2.2277832e+01
   4.8181900e+06   2.1362305e+01
   4.8187770e+06   2.1972656e+01
   4.8192410e+06   2.1850586e+01
   5.0142140e+06   2.1362305e+01
   5.0143370e+06   2.2583008e+01
   5.0143930e+06   2.7282715e+01
   5.0144310e+06   2.1545410e+01
   5.0144440e+06   2.2399902e+01
   5.0144640e+06   2.6733398e+01
   5.0144750e+06   2.9724121e+01
   5.0145090e+06   2.6489258e+01
   5.0145280e+06   2.3315430e+01
   5.0145820e+06   2.7832031e+01
   5.0146270e+06   2.2338867e+01
   5.0148190e+06   2.2521973e+01
   5.0164170e+06   2.3925781e+01
   5.0795710e+06   2.6184082e+01
   5.0795950e+06   2.3010254e+01
   5.0796230e+06   2.5695801e+01
   5.0796590e+06   2.7832031e+01
   5.0796830e+06   2.8259277e+01
   5.0797000e+06   2.7526855e+01
   5.0797450e+06   2.3376465e+01
   5.0797590e+06   2.2277832e+01
   5.0797960e+06   2.2216797e+01
   5.0800270e+06   2.1789551e+01
   5.0807340e+06   2.3803711e+01
   5.0955450e+06   3.3081055e+01
   5.0955710e+06   2.2644043e+01
   5.0956000e+06   4.0100098e+01
   5.0956350e+06   2.8808594e+01
   5.0956630e+06   3.4484863e+01
   5.0957000e+06   2.6184082e+01
   5.0957330e+06   2.2521973e+01
   5.0957940e+06   2.2155762e+01
   5.0958700e+06   2.1789551e+01
   5.0958900e+06   2.1057129e+01
   5.0960190e+06   2.3376465e+01
   5.0966030e+06   2.0935059e+01
   5.0966300e+06   2.2155762e+01
   5.0966850e+06   2.3132324e+01
   5.0974360e+06   2.2033691e+01
   5.0986920e+06   2.1972656e+01
   5.1252940e+06   2.3925781e+01
   5.1253420e+06   2.4658203e+01
   5.1253580e+06   2.9724121e+01
   5.1253950e+06   4.4616699e+01
   5.1254450e+06   3.8940430e+01
   5.1254800e+06   2.3620605e+01
   5.1255330e+06   2.7343750e+01
   5.1255630e+06   2.2277832e+01
   5.1255890e+06   2.3437500e+01
   5.1256250e+06   2.2338867e+01
   5.1257300e+06   2.2644043e+01
   5.1261850e+06   2.2216797e+01
   5.1263410e+06   2.1850586e+01
   5.1265130e+06   2.1362305e+01
   5.1416890e+06   2.2583008e+01
   5.1417050e+06   3.5644531e+01
   5.1417440e+06   2.6000977e+01
   5.1417680e+06   2.7893066e+01
   5.1417970e+06   2.8015137e+01
   5.1418250e+06   3.0822754e+01
   5.1418420e+06   2.9235840e+01
   5.1418680e+06   2.4719238e+01
   5.1419160e+06   2.1911621e+01
   5.1419380e+06   2.4597168e+01
   5.1420160e+06   2.6367188e+01
   5.1421520e+06   2.1362305e+01
   5.1435380e+06   2.0751953e+01
   5.1582050e+06   2.3132324e+01
   5.1582480e+06   2.9174805e+01
   5.1582660e+06   2.1545410e+01
   5.1582820e+06   3.4667969e+01
   5.1583110e+06   3.7536621e+01
   5.1583440e+06   2.9174805e+01
   5.1583590e+06   2.5085449e+01
   5.1583750e+06   2.0751953e+01
   5.1584100e+06   2.4414062e+01
   5.1584870e+06   2.3071289e+01
   5.1585720e+06   2.4719238e+01
   5.1589200e+06   2.1362305e+01
   5.1747610e+06   2.2521973e+01
   5.1747830e+06   3.2653809e+01
   5.1748040e+06   3.3813477e+01
   5.1748160e+06   3.4729004e+01
   5.1748400e+06   3.3081055e+01
   5.1748710e+06   2.7099609e+01
   5.1749050e+06   2.8259277e+01
   5.1749180e+06   2.4047852e+01
   5.1749520e+06   2.3315430e+01
   5.1749690e+06   2.2460937e+01
   5.1759700e+06   2.0935059e+01
   5.1761600e+06   2.2766113e+01
   5.1897820e+06   2.7160645e+01
   5.1898040e+06   2.4719238e+01
   5.1898290e+06   2.6306152e+01
   5.1898400e+06   3.9978027e+01
   5.1898650e+06   2.6062012e+01
   5.1898820e+06   2.8015137e+01
   5.1899220e+06   2.6428223e+01
   5.1899350e+06   3.7536621e+01
   5.1899540e+06   2.5695801e+01
   5.1899750e+06   2.1850586e+01
   5.1899860e+06   2.4475098e+01
   5.1900140e+06   2.0874023e+01
   5.1900640e+06   2.1728516e+01
   5.1900860e+06   2.2216797e+01
   5.1901950e+06   2.0751953e+01
   5.1905220e+06   2.1545410e+01
   5.1905880e+06   2.2338867e+01
   5.2039070e+06   2.7221680e+01
   5.2040420e+06   2.5207520e+01
   5.2040650e+06   2.1057129e+01
   5.2041230e+06   2.7282715e+01
   5.2041520e+06   3.6437988e+01
   5.2041740e+06   2.4841309e+01
   5.2042140e+06   2.9296875e+01
   5.2042250e+06   2.6611328e+01
   5.2042540e+06   2.7343750e+01
   5.2042660e+06   2.0996094e+01
   5.2043460e+06   2.6000977e+01
   5.2043720e+06   2.1301270e+01
   5.2043990e+06   2.1911621e+01
   5.2044410e+06   3.6743164e+01
   5.2170680e+06   2.0751953e+01
   5.2173030e+06   2.4291992e+01
   5.2174570e+06   2.1972656e+01
   5.2174680e+06   4.4555664e+01
   5.2175090e+06   2.6794434e+01
   5.2175270e+06   2.0874023e+01
   5.2175630e+06   2.4719238e+01
   5.2175840e+06   3.3203125e+01
   5.2176570e+06   2.3132324e+01
   5.2177000e+06   2.1362305e+01
   5.2177290e+06   2.4658203e+01
   5.2177620e+06   2.2521973e+01
   5.2326710e+06   2.1484375e+01
   5.2327670e+06   2.1972656e+01
   5.2328860e+06   2.0996094e+01
   5.2329090e+06   2.2949219e+01
   5.2329500e+06   3.1982422e+01
   5.2330210e+06   3.4057617e+01
   5.2330550e+06   2.2521973e+01
   5.2331660e+06   2.6489258e+01
   5.2331840e+06   2.1667480e+01
   5.2667370e+06   2.1728516e+01
   5.2776770e+06   2.1240234e+01
   5.2857840e+06   2.1850586e+01
   5.2858020e+06   2.1545410e+01
   5.2931650e+06   2.2766113e+01
   5.3083430e+06   2.9235840e+01
   5.3175550e+06   2.1057129e+01
   5.5758850e+06   2.5878906e+01
