   5.9990000e+06   0.0000000e+00
   9.0896900e+05   4.0649414e+01
   9.0902800e+05   2.4230957e+01
   9.0904400e+05   2.1667480e+01
   9.0905600e+05   4.6936035e+01
   9.0908300e+05   2.6306152e+01
   9.0910900e+05   2.5939941e+01
   9.0916100e+05   2.0324707e+01
   9.0918300e+05   2.4108887e+01
   9.0920900e+05   2.0141602e+01
   9.3548000e+05   2.1179199e+01
   1.1011550e+06   4.6508789e+01
   1.1385960e+06   2.1118164e+01
   1.3469270e+06   3.6743164e+01
   1.3471710e+06   4.5898438e+01
   1.3473550e+06   2.0568848e+01
   1.3473820e+06   5.7312012e+01
   1.3474120e+06   2.4353027e+01
   1.3474370e+06   2.9052734e+01
   1.3474950e+06   2.4047852e+01
   1.3475160e+06   2.5451660e+01
   1.3477250e+06   2.4841309e+01
   1.6921670e+06   1.9897461e+01
   1.6921870e+06   2.4597168e+01
   1.6922030e+06   2.4963379e+01
   1.6922220e+06   5.4992676e+01
   1.6922640e+06   3.0395508e+01
   1.6923140e+06   1.9958496e+01
   1.6923240e+06   2.1606445e+01
   1.6923420e+06   2.1423340e+01
   1.6928580e+06   2.4963379e+01
   2.4368470e+06   4.7058105e+01
   2.4368870e+06   4.8522949e+01
   2.4369170e+06   2.1179199e+01
   2.4369460e+06   2.8869629e+01
   2.4369560e+06   2.1362305e+01
   2.4370040e+06   2.7282715e+01
   2.4370380e+06   2.9296875e+01
   2.4371620e+06   2.1667480e+01
   2.4373590e+06   2.1667480e+01
   2.4373740e+06   2.2033691e+01
   2.6829480e+06   2.0751953e+01
   2.7558360e+06   2.0568848e+01
   3.1679730e+06   2.1423340e+01
   3.4050450e+06   3.4118652e+01
   3.4050600e+06   2.0996094e+01
   3.4051010e+06   2.4658203e+01
   3.4051120e+06   2.6184082e+01
   3.4051350e+06   4.3518066e+01
   3.4051500e+06   2.5390625e+01
   3.4051640e+06   2.7282715e+01
   3.4051860e+06   3.3386230e+01
   3.4052360e+06   2.3376465e+01
   3.4052590e+06   2.2399902e+01
   3.4052790e+06   2.2583008e+01
   3.4053630e+06   2.2949219e+01
   3.5559620e+06   2.0874023e+01
   3.8462830e+06   2.6062012e+01
   3.8462990e+06   4.3579102e+01
   3.8463390e+06   4.6386719e+01
   3.8463760e+06   2.4536133e+01
   3.8464440e+06   2.5878906e+01
   3.8464980e+06   2.0935059e+01
   3.8466450e+06   2.2033691e+01
   4.0770850e+06   2.1057129e+01
   4.8169230e+06   2.3559570e+01
   4.8169550e+06   4.9011230e+01
   4.8169930e+06   2.4230957e+01
   4.8170120e+06   3.1372070e+01
   4.8170250e+06   2.2521973e+01
   4.8170900e+06   2.1362305e+01
   4.8171570e+06   2.3071289e+01
   5.0143950e+06   4.4433594e+01
   5.0144230e+06   2.3071289e+01
   5.0144450e+06   3.3874512e+01
   5.0144800e+06   2.9663086e+01
   5.0144930e+06   3.1188965e+01
   5.0145360e+06   2.9541016e+01
   5.0145470e+06   2.4047852e+01
   5.0797310e+06   2.1301270e+01
   5.0797610e+06   7.7514648e+01
   5.0797740e+06   2.3803711e+01
   5.0798120e+06   3.1188965e+01
   5.0798460e+06   2.6367188e+01
   5.0800180e+06   2.1301270e+01
   5.0800860e+06   2.6367188e+01
   5.0819300e+06   2.5390625e+01
   5.0828990e+06   2.5939941e+01
   5.0832710e+06   2.8381348e+01
   5.0957780e+06   2.4169922e+01
   5.0958040e+06   2.8991699e+01
   5.0958260e+06   5.8532715e+01
   5.0958450e+06   2.1362305e+01
   5.0958830e+06   2.5329590e+01
   5.0959300e+06   2.1972656e+01
   5.0959470e+06   2.6550293e+01
   5.0969220e+06   2.1179199e+01
   5.1255650e+06   3.8818359e+01
   5.1255810e+06   2.2094727e+01
   5.1256120e+06   2.2949219e+01
   5.1256230e+06   2.3925781e+01
   5.1256590e+06   2.3620605e+01
   5.1256940e+06   2.1484375e+01
   5.1257390e+06   2.1911621e+01
   5.1262380e+06   2.0568848e+01
   5.1419070e+06   2.1179199e+01
   5.1419420e+06   2.0507812e+01
   5.1419610e+06   4.7424316e+01
   5.1419860e+06   2.1057129e+01
   5.1420230e+06   2.5634766e+01
   5.1420380e+06   2.3010254e+01
   5.1420790e+06   2.0324707e+01
   5.1422900e+06   2.3803711e+01
   5.1424260e+06   2.0568848e+01
   5.1448460e+06   2.5573730e+01
   5.1585040e+06   5.6701660e+01
   5.1585260e+06   2.2277832e+01
   5.1585470e+06   2.2827148e+01
   5.1585590e+06   2.2399902e+01
   5.1586020e+06   2.0324707e+01
   5.1586310e+06   2.2521973e+01
   5.1587400e+06   2.5512695e+01
   5.1588420e+06   2.1667480e+01
   5.1749280e+06   2.0690918e+01
   5.1749770e+06   2.3864746e+01
   5.1749990e+06   4.6264648e+01
   5.1750110e+06   2.9052734e+01
   5.1750650e+06   3.3447266e+01
   5.1751120e+06   2.1606445e+01
   5.1803380e+06   3.2592773e+01
   5.1900630e+06   3.6376953e+01
   5.1900760e+06   4.6325684e+01
   5.1901330e+06   3.3630371e+01
   5.1901540e+06   2.4108887e+01
   5.1901750e+06   2.6489258e+01
   5.1902070e+06   2.1667480e+01
   5.1905840e+06   2.0935059e+01
   5.1906570e+06   2.2460938e+01
   5.2043500e+06   3.7414551e+01
   5.2043700e+06   4.1137695e+01
   5.2044090e+06   2.8503418e+01
   5.2044360e+06   3.8696289e+01
   5.2045130e+06   2.0385742e+01
   5.2045320e+06   2.7832031e+01
   5.2046070e+06   2.1240234e+01
   5.2177150e+06   4.4494629e+01
   5.2177340e+06   3.4545898e+01
   5.2177660e+06   2.1972656e+01
   5.2177970e+06   2.1179199e+01
   5.2178070e+06   2.6367188e+01
   5.2178220e+06   2.0690918e+01
   5.2178870e+06   2.1972656e+01
   5.2179110e+06   2.0324707e+01
   5.2179210e+06   2.0935059e+01
   5.2330690e+06   3.8452148e+01
   5.2331370e+06   2.0812988e+01
   5.2331800e+06   2.5268555e+01
   5.2331910e+06   3.2592773e+01
   5.2332170e+06   2.3193359e+01
   5.2332400e+06   2.2338867e+01
   5.2332840e+06   2.6367188e+01
   5.2332970e+06   2.2216797e+01
   5.2333390e+06   2.0996094e+01
   5.2333520e+06   2.3986816e+01
   5.2334130e+06   2.2766113e+01
   5.2334890e+06   2.2460938e+01
   5.2335760e+06   2.1057129e+01
   5.2521150e+06   3.4240723e+01
   5.2523420e+06   3.4362793e+01
   5.2523550e+06   3.7597656e+01
   5.2525010e+06   3.1677246e+01
   5.2525640e+06   3.0639648e+01
   5.2526450e+06   2.7954102e+01
   5.2527300e+06   2.8503418e+01
   5.2527740e+06   2.1301270e+01
   5.2528840e+06   2.8686523e+01
   5.2530270e+06   2.1545410e+01
   5.2536990e+06   2.2888184e+01
   5.2541610e+06   2.4963379e+01
   5.2670800e+06   3.9245605e+01
   5.2672210e+06   3.1005859e+01
   5.2672630e+06   2.8503418e+01
   5.2673350e+06   2.8869629e+01
   5.2674290e+06   3.4729004e+01
   5.2674590e+06   2.1057129e+01
   5.2675800e+06   2.2583008e+01
   5.2675910e+06   2.3925781e+01
   5.2677430e+06   2.3254395e+01
   5.2679090e+06   2.5878906e+01
   5.2681190e+06   2.1240234e+01
   5.2684550e+06   2.2338867e+01
   5.2777750e+06   3.7902832e+01
   5.2779050e+06   2.7282715e+01
   5.2779880e+06   3.0700684e+01
   5.2780610e+06   2.7343750e+01
   5.2781650e+06   2.9846191e+01
   5.2783060e+06   3.7475586e+01
   5.2783740e+06   2.3071289e+01
   5.2786400e+06   3.6560059e+01
   5.2860130e+06   3.9978027e+01
   5.2862670e+06   3.6499023e+01
   5.2866880e+06   3.5949707e+01
   5.2935450e+06   3.6682129e+01
   5.2936900e+06   3.5522461e+01
   5.2937910e+06   3.3142090e+01
   5.2941120e+06   3.2104492e+01
   5.2998540e+06   3.3996582e+01
   5.3001920e+06   3.0395508e+01
   5.3085950e+06   4.2114258e+01
   5.3086930e+06   3.6315918e+01
   5.3087790e+06   3.6560059e+01
   5.3088350e+06   3.8330078e+01
   5.3090460e+06   3.1311035e+01
   5.3091050e+06   2.4658203e+01
   5.3093530e+06   3.0883789e+01
   5.3178180e+06   3.0822754e+01
   5.3180960e+06   3.3020020e+01
   5.3181230e+06   3.0700684e+01
   5.3883680e+06   3.8024902e+01
   5.3887980e+06   3.9978027e+01
   5.3893250e+06   3.6804199e+01
