   5.9990000e+06   0.0000000e+00
   8.5482000e+04   2.5512695e+01
   1.2937000e+05   2.6245117e+01
   5.2450500e+05   2.5268555e+01
   6.0060200e+05   3.0212402e+01
   6.3194300e+05   2.7832031e+01
   6.8815300e+05   6.0424805e+01
   8.0977000e+05   2.8198242e+01
   8.2762500e+05   2.9663086e+01
   9.0905400e+05   3.3142090e+01
   9.0907300e+05   1.1920166e+02
   9.0908300e+05   4.1320801e+01
   9.0911600e+05   7.4401855e+01
   9.0913000e+05   3.4240723e+01
   9.0915200e+05   3.0578613e+01
   9.0916700e+05   2.5939941e+01
   9.0919400e+05   4.5043945e+01
   9.0921000e+05   2.5085449e+01
   9.0924100e+05   2.5817871e+01
   9.0925900e+05   2.5634766e+01
   9.0929900e+05   3.8330078e+01
   9.0938700e+05   2.8808594e+01
   9.1375700e+05   4.7912598e+01
   9.1419200e+05   5.0354004e+01
   9.2946900e+05   2.8564453e+01
   1.0283980e+06   6.1157227e+01
   1.2001980e+06   2.5878906e+01
   1.3474550e+06   1.2719727e+02
   1.3474650e+06   5.0659180e+01
   1.3474870e+06   5.8227539e+01
   1.3475040e+06   3.1921387e+01
   1.3475200e+06   2.9724121e+01
   1.3475450e+06   3.6621094e+01
   1.3475730e+06   2.7099609e+01
   1.3476440e+06   4.1564941e+01
   1.3476810e+06   2.6000977e+01
   1.3477490e+06   2.8747559e+01
   1.3477930e+06   2.5939941e+01
   1.3478140e+06   2.7038574e+01
   1.3478700e+06   2.7587891e+01
   1.3481980e+06   2.8564453e+01
   1.3553920e+06   2.5146484e+01
   1.5703780e+06   6.3598633e+01
   1.5856180e+06   6.4819336e+01
   1.6015940e+06   2.7221680e+01
   1.6306260e+06   6.0729980e+01
   1.6484320e+06   6.5185547e+01
   1.6585850e+06   6.9152832e+01
   1.6915360e+06   7.1777344e+01
   1.6920440e+06   6.6711426e+01
   1.6920890e+06   3.3020020e+01
   1.6921140e+06   1.1303711e+02
   1.6921300e+06   3.2592773e+01
   1.6921590e+06   4.5959473e+01
   1.6922150e+06   2.5085449e+01
   1.6922450e+06   2.6611328e+01
   1.6922570e+06   2.7587891e+01
   1.6923010e+06   2.8259277e+01
   1.6923350e+06   4.0283203e+01
   1.6923920e+06   2.8564453e+01
   1.6924150e+06   2.6733398e+01
   1.6927610e+06   2.6306152e+01
   1.7014390e+06   2.9724121e+01
   1.7277640e+06   2.5085449e+01
   2.4366430e+06   4.6569824e+01
   2.4367080e+06   4.0283203e+01
   2.4367430e+06   4.2785645e+01
   2.4367550e+06   9.9304199e+01
   2.4367790e+06   2.5390625e+01
   2.4368040e+06   5.3894043e+01
   2.4368190e+06   2.9479980e+01
   2.4368690e+06   4.0161133e+01
   2.4368920e+06   3.4179688e+01
   2.4369240e+06   2.5695801e+01
   2.4369420e+06   3.3447266e+01
   2.4369520e+06   2.5817871e+01
   2.4369850e+06   3.1372070e+01
   2.4370770e+06   3.9306641e+01
   2.4371210e+06   2.7832031e+01
   2.4371440e+06   2.7587891e+01
   2.4371920e+06   3.1982422e+01
   2.4372690e+06   2.5451660e+01
   2.4375480e+06   2.7099609e+01
   2.4383820e+06   2.5451660e+01
   2.4414240e+06   2.5451660e+01
   2.4425360e+06   2.5756836e+01
   2.4709620e+06   2.7770996e+01
   2.5667160e+06   2.7343750e+01
   2.5767720e+06   2.6184082e+01
   2.7112820e+06   2.5939941e+01
   2.7625520e+06   2.6306152e+01
   2.8279290e+06   2.6245117e+01
   2.9220150e+06   2.5207520e+01
   3.4007380e+06   2.5756836e+01
   3.4050980e+06   3.2470703e+01
   3.4051300e+06   4.3090820e+01
   3.4051490e+06   4.4494629e+01
   3.4051780e+06   7.1228027e+01
   3.4051920e+06   2.8747559e+01
   3.4052370e+06   3.3752441e+01
   3.4052500e+06   3.2104492e+01
   3.4052860e+06   2.6367188e+01
   3.4053360e+06   2.6733398e+01
   3.4054630e+06   2.5817871e+01
   3.4057110e+06   2.7465820e+01
   3.4058140e+06   3.1066895e+01
   3.4063430e+06   3.9184570e+01
   3.4075900e+06   4.3457031e+01
   3.5414520e+06   2.7404785e+01
   3.7079240e+06   2.5939941e+01
   3.7162990e+06   2.8381348e+01
   3.8461800e+06   5.5969238e+01
   3.8462050e+06   9.9853516e+01
   3.8462190e+06   5.8593750e+01
   3.8462500e+06   5.5419922e+01
   3.8462710e+06   2.6916504e+01
   3.8463110e+06   2.6306152e+01
   3.8463230e+06   3.1860352e+01
   3.8463610e+06   2.9418945e+01
   3.8463720e+06   3.4057617e+01
   3.8463930e+06   2.8808594e+01
   3.8464980e+06   2.7954102e+01
   3.8465650e+06   3.1555176e+01
   3.8467280e+06   2.7221680e+01
   3.9309300e+06   2.6916504e+01
   4.4094030e+06   2.6489258e+01
   4.8169950e+06   1.0882568e+02
   4.8170120e+06   3.6743164e+01
   4.8170220e+06   5.4443359e+01
   4.8170330e+06   5.7556152e+01
   4.8170770e+06   3.4179688e+01
   4.8171240e+06   2.6916504e+01
   4.8171510e+06   2.8686523e+01
   4.8171830e+06   2.8137207e+01
   4.8171940e+06   2.7770996e+01
   4.8173640e+06   3.3203125e+01
   4.8173800e+06   2.9968262e+01
   4.8176650e+06   2.8503418e+01
   4.8177720e+06   2.9968262e+01
   4.8179120e+06   3.6010742e+01
   4.8857370e+06   2.7526855e+01
   5.0142340e+06   3.8818359e+01
   5.0143020e+06   2.8076172e+01
   5.0143170e+06   6.4086914e+01
   5.0143430e+06   8.1787109e+01
   5.0143540e+06   3.6010742e+01
   5.0143730e+06   4.6142578e+01
   5.0143960e+06   2.9968262e+01
   5.0144110e+06   2.5756836e+01
   5.0144520e+06   3.0517578e+01
   5.0144630e+06   3.8696289e+01
   5.0144900e+06   2.9418945e+01
   5.0145330e+06   3.3996582e+01
   5.0145730e+06   2.8686523e+01
   5.0146080e+06   2.6123047e+01
   5.0146180e+06   3.2836914e+01
   5.0146740e+06   2.8442383e+01
   5.0147230e+06   2.6733398e+01
   5.0160360e+06   3.3203125e+01
   5.0796010e+06   3.2836914e+01
   5.0796260e+06   2.6123047e+01
   5.0796470e+06   7.9223633e+01
   5.0796770e+06   6.3720703e+01
   5.0796880e+06   4.5227051e+01
   5.0797040e+06   2.8381348e+01
   5.0797310e+06   3.7902832e+01
   5.0797420e+06   4.3029785e+01
   5.0797860e+06   2.9907227e+01
   5.0798040e+06   2.6245117e+01
   5.0798200e+06   2.6306152e+01
   5.0798640e+06   2.9418945e+01
   5.0799160e+06   2.5695801e+01
   5.0803640e+06   2.6611328e+01
   5.0806110e+06   3.2897949e+01
   5.0809060e+06   2.8259277e+01
   5.0810070e+06   2.5695801e+01
   5.0810900e+06   2.8198242e+01
   5.0813470e+06   2.6062012e+01
   5.0815670e+06   2.9296875e+01
   5.0817000e+06   2.7099609e+01
   5.0825790e+06   3.2165527e+01
   5.0828160e+06   3.0334473e+01
   5.0956100e+06   4.2907715e+01
   5.0956300e+06   3.1066895e+01
   5.0956870e+06   8.4106445e+01
   5.0957010e+06   3.5339355e+01
   5.0957300e+06   4.5410156e+01
   5.0957480e+06   4.5288086e+01
   5.0957620e+06   2.6916504e+01
   5.0958070e+06   3.2348633e+01
   5.0958210e+06   2.6489258e+01
   5.0958420e+06   3.4851074e+01
   5.0958660e+06   2.7893066e+01
   5.0959170e+06   2.8076172e+01
   5.0959480e+06   2.6245117e+01
   5.0960150e+06   2.6184082e+01
   5.0964980e+06   2.8381348e+01
   5.0982640e+06   3.0456543e+01
   5.0985750e+06   3.2836914e+01
   5.1254030e+06   2.9968262e+01
   5.1254330e+06   3.7963867e+01
   5.1254570e+06   1.2048340e+02
   5.1254760e+06   3.6437988e+01
   5.1254860e+06   2.6184082e+01
   5.1255110e+06   5.6091309e+01
   5.1255240e+06   3.3325195e+01
   5.1255550e+06   2.6245117e+01
   5.1255710e+06   3.4057617e+01
   5.1256130e+06   2.6672363e+01
   5.1256510e+06   2.9724121e+01
   5.1256840e+06   2.7648926e+01
   5.1257590e+06   2.7160645e+01
   5.1258540e+06   3.0395508e+01
   5.1259480e+06   2.8808594e+01
   5.1259680e+06   2.8625488e+01
   5.1260470e+06   2.8381348e+01
   5.1274050e+06   2.6916504e+01
   5.1282010e+06   2.6550293e+01
   5.1284350e+06   3.2165527e+01
   5.1417500e+06   5.0842285e+01
   5.1417730e+06   2.7404785e+01
   5.1417980e+06   2.6367188e+01
   5.1418230e+06   3.7841797e+01
   5.1418480e+06   2.9663086e+01
   5.1418920e+06   3.7597656e+01
   5.1419050e+06   2.6123047e+01
   5.1419290e+06   2.6550293e+01
   5.1419680e+06   3.0090332e+01
   5.1421310e+06   3.3569336e+01
   5.1422580e+06   2.5756836e+01
   5.1425610e+06   2.7893066e+01
   5.1435170e+06   2.6733398e+01
   5.1436750e+06   2.7282715e+01
   5.1439670e+06   2.9296875e+01
   5.1471650e+06   3.6499023e+01
   5.1553040e+06   2.7282715e+01
   5.1583210e+06   4.5349121e+01
   5.1583330e+06   2.9418945e+01
   5.1583710e+06   8.0993652e+01
   5.1583960e+06   4.5227051e+01
   5.1584220e+06   2.6367188e+01
   5.1584360e+06   4.9987793e+01
   5.1584680e+06   2.5817871e+01
   5.1584950e+06   3.4484863e+01
   5.1585150e+06   2.5756836e+01
   5.1585650e+06   2.6672363e+01
   5.1585870e+06   2.9541016e+01
   5.1586100e+06   2.9541016e+01
   5.1586360e+06   2.8625488e+01
   5.1586660e+06   3.0639648e+01
   5.1591480e+06   2.6184082e+01
   5.1608370e+06   3.0822754e+01
   5.1718360e+06   2.6123047e+01
   5.1748040e+06   4.1687012e+01
   5.1748600e+06   3.3264160e+01
   5.1748980e+06   7.6843262e+01
   5.1749140e+06   3.9978027e+01
   5.1749340e+06   5.7617188e+01
   5.1749540e+06   5.6274414e+01
   5.1749860e+06   3.2409668e+01
   5.1750250e+06   2.8076172e+01
   5.1750350e+06   2.9235840e+01
   5.1750770e+06   2.7038574e+01
   5.1750930e+06   3.3874512e+01
   5.1752420e+06   2.7221680e+01
   5.1752540e+06   3.1250000e+01
   5.1753390e+06   2.8015137e+01
   5.1753790e+06   2.7282715e+01
   5.1758260e+06   2.6184082e+01
   5.1898920e+06   3.9062500e+01
   5.1899590e+06   7.9589844e+01
   5.1899930e+06   5.4077148e+01
   5.1900040e+06   2.8503418e+01
   5.1900340e+06   2.8381348e+01
   5.1900710e+06   3.1799316e+01
   5.1900830e+06   3.7475586e+01
   5.1901210e+06   2.5756836e+01
   5.1901460e+06   3.4118652e+01
   5.1902220e+06   2.6489258e+01
   5.1903490e+06   3.4545898e+01
   5.2041240e+06   4.8706055e+01
   5.2041530e+06   3.0395508e+01
   5.2042130e+06   4.5654297e+01
   5.2042280e+06   7.3974609e+01
   5.2042570e+06   4.1809082e+01
   5.2042670e+06   4.5471191e+01
   5.2042810e+06   2.9479980e+01
   5.2043060e+06   2.8259277e+01
   5.2043390e+06   2.8198242e+01
   5.2043560e+06   3.2348633e+01
   5.2043940e+06   2.5878906e+01
   5.2044240e+06   2.8015137e+01
   5.2045050e+06   2.7648926e+01
   5.2045440e+06   2.7587891e+01
   5.2046880e+06   2.7282715e+01
   5.2173740e+06   4.6875000e+01
   5.2175040e+06   4.3273926e+01
   5.2175450e+06   7.9345703e+01
   5.2175600e+06   4.8339844e+01
   5.2175870e+06   5.3527832e+01
   5.2176090e+06   3.1066895e+01
   5.2176460e+06   2.6062012e+01
   5.2176600e+06   2.8991699e+01
   5.2176930e+06   2.7404785e+01
   5.2177140e+06   3.1494141e+01
   5.2177390e+06   2.9479980e+01
   5.2177570e+06   2.8259277e+01
   5.2178040e+06   2.6000977e+01
   5.2178140e+06   2.6306152e+01
   5.2178580e+06   2.9235840e+01
   5.2179280e+06   3.2165527e+01
   5.2281720e+06   4.2114258e+01
   5.2327550e+06   4.5104980e+01
   5.2328990e+06   4.0832520e+01
   5.2329300e+06   3.9184570e+01
   5.2329890e+06   1.1614990e+02
   5.2330340e+06   4.2785645e+01
   5.2330520e+06   3.8513184e+01
   5.2331170e+06   2.9113770e+01
   5.2331610e+06   2.6611328e+01
   5.2333170e+06   3.0761719e+01
   5.2467920e+06   4.0893555e+01
   5.2468770e+06   3.1433105e+01
   5.2470270e+06   2.8869629e+01
   5.2474950e+06   3.6010742e+01
   5.2517200e+06   4.5837402e+01
   5.2517550e+06   3.0639648e+01
   5.2518950e+06   3.8513184e+01
   5.2519210e+06   2.5695801e+01
   5.2520020e+06   2.6550293e+01
   5.2520320e+06   3.7719727e+01
   5.2520840e+06   3.2714844e+01
   5.2521420e+06   4.2907715e+01
   5.2522570e+06   2.9235840e+01
   5.2524190e+06   2.7893066e+01
   5.2525440e+06   2.9113770e+01
   5.2525760e+06   3.1494141e+01
   5.2526060e+06   2.7709961e+01
   5.2527910e+06   2.7099609e+01
   5.2528560e+06   3.6499023e+01
   5.2532160e+06   2.5939941e+01
   5.2534400e+06   2.5817871e+01
   5.2537430e+06   2.8869629e+01
   5.2593610e+06   4.5227051e+01
   5.2594120e+06   2.7709961e+01
   5.2595260e+06   4.7058105e+01
   5.2595880e+06   4.4616699e+01
   5.2597250e+06   4.6752930e+01
   5.2598200e+06   3.9001465e+01
   5.2602110e+06   3.9184570e+01
   5.2668870e+06   5.8288574e+01
   5.2669600e+06   3.1127930e+01
   5.2670120e+06   4.0771484e+01
   5.2670370e+06   4.7790527e+01
   5.2670930e+06   2.8076172e+01
   5.2671320e+06   3.6560059e+01
   5.2671790e+06   3.6987305e+01
   5.2672380e+06   5.0720215e+01
   5.2673370e+06   2.8625488e+01
   5.2674010e+06   3.4057617e+01
   5.2674990e+06   2.7832031e+01
   5.2675470e+06   2.9296875e+01
   5.2677000e+06   3.0700684e+01
   5.2679460e+06   3.2409668e+01
   5.2680920e+06   2.5817871e+01
   5.2686380e+06   2.6184082e+01
   5.2776020e+06   4.7607422e+01
   5.2776220e+06   3.0761719e+01
   5.2777070e+06   4.1320801e+01
   5.2777360e+06   4.6875000e+01
   5.2777610e+06   3.4423828e+01
   5.2778120e+06   3.7475586e+01
   5.2778810e+06   3.7780762e+01
   5.2779670e+06   4.4006348e+01
   5.2779860e+06   2.6672363e+01
   5.2780510e+06   3.7292480e+01
   5.2781710e+06   4.0954590e+01
   5.2782410e+06   2.7221680e+01
   5.2783270e+06   3.1921387e+01
   5.2784230e+06   3.1188965e+01
   5.2784630e+06   2.6123047e+01
   5.2789330e+06   2.6855469e+01
   5.2857870e+06   5.4138184e+01
   5.2858680e+06   2.9418945e+01
   5.2859580e+06   3.7048340e+01
   5.2859990e+06   2.8503418e+01
   5.2860880e+06   2.5817871e+01
   5.2861720e+06   3.2165527e+01
   5.2862110e+06   4.5349121e+01
   5.2863130e+06   3.2165527e+01
   5.2863590e+06   3.0639648e+01
   5.2865750e+06   3.0517578e+01
   5.2868690e+06   3.0090332e+01
   5.2873530e+06   3.0212402e+01
   5.2932880e+06   4.1259766e+01
   5.2933330e+06   2.9724121e+01
   5.2934450e+06   4.4250488e+01
   5.2934670e+06   4.3029785e+01
   5.2935000e+06   3.4790039e+01
   5.2935270e+06   2.6794434e+01
   5.2935920e+06   4.2297363e+01
   5.2936270e+06   3.7658691e+01
   5.2936590e+06   3.2897949e+01
   5.2937450e+06   4.2846680e+01
   5.2938020e+06   3.6987305e+01
   5.2940210e+06   2.9968262e+01
   5.2940490e+06   4.4677734e+01
   5.2942830e+06   3.1738281e+01
   5.2946570e+06   2.7770996e+01
   5.2997280e+06   4.5776367e+01
   5.2998500e+06   3.8513184e+01
   5.2999120e+06   2.7526855e+01
   5.3000740e+06   3.3874512e+01
   5.3003960e+06   2.6123047e+01
   5.3009660e+06   3.1738281e+01
   5.3085210e+06   5.1330566e+01
   5.3085960e+06   4.7851562e+01
   5.3087320e+06   4.0893555e+01
   5.3087430e+06   3.0578613e+01
   5.3088190e+06   2.7221680e+01
   5.3089150e+06   3.2226562e+01
   5.3089570e+06   4.6813965e+01
   5.3091080e+06   3.0883789e+01
   5.3096000e+06   2.8381348e+01
   5.3176500e+06   4.1442871e+01
   5.3176850e+06   2.9296875e+01
   5.3177520e+06   4.7363281e+01
   5.3178770e+06   3.2043457e+01
   5.3179180e+06   2.8198242e+01
   5.3181210e+06   2.7770996e+01
   5.3183800e+06   3.1433105e+01
   5.3186860e+06   3.4729004e+01
   5.3192780e+06   3.8024902e+01
   5.3882780e+06   4.0649414e+01
   5.3884630e+06   4.4738770e+01
   5.3885370e+06   5.1574707e+01
   5.3886790e+06   4.5715332e+01
   5.3888770e+06   3.0273438e+01
   5.3890930e+06   2.8320312e+01
   5.3893050e+06   3.0639648e+01
   5.3895790e+06   2.7954102e+01
   5.3899440e+06   2.9174805e+01
   5.5460890e+06   2.6611328e+01
