   5.9990000e+06   0.0000000e+00
   4.8640000e+03   2.1118164e+01
   9.0780000e+03   1.9836426e+01
   1.2925000e+04   2.0446777e+01
   1.9821000e+04   2.3559570e+01
   2.2286000e+04   1.9836426e+01
   3.1917000e+04   1.9592285e+01
   3.3236000e+04   2.0385742e+01
   3.7851000e+04   2.3925781e+01
   4.4983000e+04   2.1179199e+01
   5.8423000e+04   2.0935059e+01
   6.2850000e+04   2.3864746e+01
   6.3196000e+04   2.0202637e+01
   7.0186000e+04   1.9714355e+01
   7.4602000e+04   2.4841309e+01
   8.9242000e+04   2.3071289e+01
   1.1741300e+05   2.1728516e+01
   1.2328500e+05   2.0568848e+01
   1.3066800e+05   2.3376465e+01
   1.3075800e+05   1.9775391e+01
   1.4391300e+05   1.9592285e+01
   1.4407900e+05   2.1240234e+01
   1.4731000e+05   1.9897461e+01
   1.4975600e+05   1.9653320e+01
   1.6815200e+05   2.1911621e+01
   1.7084100e+05   2.2399902e+01
   1.8366400e+05   1.9592285e+01
   1.8519600e+05   2.0263672e+01
   1.8535700e+05   2.2094727e+01
   1.9606500e+05   2.0629883e+01
   1.9924900e+05   2.0263672e+01
   2.0250300e+05   2.2094727e+01
   2.0490500e+05   1.9592285e+01
   2.1222000e+05   2.5512695e+01
   2.1729600e+05   2.7038574e+01
   2.2046100e+05   2.3315430e+01
   2.2445700e+05   1.9775391e+01
   2.2690400e+05   2.2521973e+01
   2.2912100e+05   2.4414062e+01
   2.3403200e+05   2.0568848e+01
   2.3673300e+05   2.3986816e+01
   2.4302300e+05   2.1484375e+01
   2.4898400e+05   2.0629883e+01
   2.5221000e+05   3.3081055e+01
   2.5621100e+05   2.1606445e+01
   2.5737000e+05   2.2277832e+01
   2.5825300e+05   2.7587891e+01
   2.5860300e+05   2.2705078e+01
   2.5937500e+05   2.0263672e+01
   2.5979200e+05   2.5817871e+01
   2.7650100e+05   2.1301270e+01
   2.7689200e+05   2.6916504e+01
   2.7969000e+05   2.1362305e+01
   2.8262600e+05   2.0996094e+01
   2.8321900e+05   1.9653320e+01
   2.8653000e+05   2.3193359e+01
   2.9258800e+05   2.0935059e+01
   2.9319700e+05   2.5329590e+01
   3.0165300e+05   2.0568848e+01
   3.0268300e+05   2.2216797e+01
   3.0507300e+05   2.0996094e+01
   3.0531700e+05   2.3559570e+01
   3.0579700e+05   2.5939941e+01
   3.0678200e+05   2.0507812e+01
   3.1134200e+05   2.0629883e+01
   3.1264800e+05   2.4841309e+01
   3.1516400e+05   2.0812988e+01
   3.1770400e+05   2.3864746e+01
   3.2415200e+05   2.2033691e+01
   3.2541700e+05   2.8198242e+01
   3.2780500e+05   2.1362305e+01
   3.4146800e+05   2.3559570e+01
   3.5019400e+05   2.8015137e+01
   3.5324900e+05   2.1606445e+01
   3.5895800e+05   2.1728516e+01
   3.5929100e+05   2.2277832e+01
   3.5955800e+05   2.7832031e+01
   3.6358900e+05   2.2033691e+01
   3.6587500e+05   1.9897461e+01
   3.6794800e+05   2.5817871e+01
   3.7627300e+05   2.0080566e+01
   3.7718700e+05   3.0700684e+01
   3.7802100e+05   2.2155762e+01
   3.8288900e+05   1.9775391e+01
   3.8642400e+05   2.0629883e+01
   3.8665100e+05   1.9653320e+01
   3.9312800e+05   2.0141602e+01
   3.9685700e+05   2.1301270e+01
   3.9690000e+05   2.0019531e+01
   3.9897000e+05   2.0812988e+01
   4.0516400e+05   2.1667480e+01
   4.0650500e+05   2.2766113e+01
   4.0806900e+05   1.9714355e+01
   4.1802200e+05   2.4291992e+01
   4.3160600e+05   2.2705078e+01
   4.3459400e+05   2.5878906e+01
   4.3712500e+05   2.0263672e+01
   4.3839300e+05   2.3193359e+01
   4.4138600e+05   2.1789551e+01
   4.4256400e+05   2.4475098e+01
   4.4425700e+05   1.9775391e+01
   4.4569300e+05   1.9653320e+01
   4.5011500e+05   2.1911621e+01
   4.5059500e+05   2.2888184e+01
   4.6236500e+05   2.1667480e+01
   4.6596400e+05   1.9775391e+01
   4.6808600e+05   2.6855469e+01
   4.7255600e+05   2.1118164e+01
   4.7826300e+05   2.6184082e+01
   4.8337800e+05   2.3620605e+01
   4.8891200e+05   2.0080566e+01
   5.0291800e+05   2.1057129e+01
   5.0480500e+05   2.1301270e+01
   5.0492600e+05   2.2521973e+01
   5.1035100e+05   2.0324707e+01
   5.3115200e+05   2.4353027e+01
   5.4479800e+05   2.1545410e+01
   5.4582900e+05   2.1728516e+01
   5.5060400e+05   2.1240234e+01
   5.5505500e+05   2.0080566e+01
   5.5658600e+05   1.9653320e+01
   5.6246400e+05   2.2033691e+01
   5.8064800e+05   2.1545410e+01
   5.8815700e+05   2.4291992e+01
   5.9250700e+05   1.9775391e+01
   6.0054400e+05   2.1972656e+01
   6.0149000e+05   2.0263672e+01
   6.0284200e+05   1.9775391e+01
   6.0483200e+05   2.1179199e+01
   6.1165300e+05   2.0385742e+01
   6.1464900e+05   2.0202637e+01
   6.1966300e+05   2.0019531e+01
   6.2673300e+05   1.9592285e+01
   6.2748900e+05   2.0935059e+01
   6.2894500e+05   2.0202637e+01
   6.3678300e+05   2.1728516e+01
   6.4481600e+05   2.0935059e+01
   6.4740700e+05   2.1728516e+01
   6.4860300e+05   2.0507812e+01
   6.5112400e+05   2.2277832e+01
   6.5150900e+05   2.1057129e+01
   6.5718600e+05   1.9592285e+01
   6.5747000e+05   2.1545410e+01
   6.6636600e+05   2.0141602e+01
   6.6883200e+05   2.1057129e+01
   6.9863100e+05   2.1606445e+01
   7.2202500e+05   2.2277832e+01
   7.2487100e+05   2.1057129e+01
   7.3567400e+05   1.9897461e+01
   7.4643800e+05   2.0263672e+01
   7.5671500e+05   2.0080566e+01
   7.6132300e+05   2.1850586e+01
   7.6904500e+05   2.5451660e+01
   7.7118800e+05   2.4475098e+01
   7.7187900e+05   2.1789551e+01
   7.7608000e+05   2.2033691e+01
   7.7992200e+05   2.1301270e+01
   7.8467900e+05   2.3315430e+01
   7.9013700e+05   2.1484375e+01
   7.9369000e+05   2.6672363e+01
   7.9700800e+05   2.0690918e+01
   8.0484400e+05   2.0568848e+01
   8.0555100e+05   2.2521973e+01
   8.1257000e+05   2.0202637e+01
   8.1504600e+05   1.9714355e+01
   8.3477300e+05   2.0202637e+01
   8.5928400e+05   2.0690918e+01
   8.7023700e+05   1.9836426e+01
   8.7435700e+05   2.1118164e+01
   8.8691700e+05   2.0629883e+01
   8.8982000e+05   2.5268555e+01
   8.9069500e+05   2.0996094e+01
   9.0841700e+05   2.0629883e+01
   9.0876800e+05   2.7526855e+01
   9.0880100e+05   2.2460938e+01
   9.0881500e+05   3.0090332e+01
   9.0884600e+05   3.2958984e+01
   9.0887400e+05   3.0700684e+01
   9.0889900e+05   3.1555176e+01
   9.0891000e+05   5.2368164e+01
   9.0893800e+05   2.2155762e+01
   9.0895900e+05   2.4963379e+01
   9.0897400e+05   6.3415527e+01
   9.0899000e+05   2.3132324e+01
   9.0900500e+05   4.2236328e+01
   9.0902400e+05   3.2714844e+01
   9.0903600e+05   6.9763184e+01
   9.0906200e+05   3.4179688e+01
   9.0908000e+05   2.9052734e+01
   9.0909200e+05   4.3334961e+01
   9.0911400e+05   4.2785645e+01
   9.0912600e+05   2.9602051e+01
   9.0914700e+05   3.1555176e+01
   9.0918100e+05   2.4108887e+01
   9.0919900e+05   2.3376465e+01
   9.0921300e+05   2.6855469e+01
   9.0923000e+05   3.0273438e+01
   9.0925000e+05   2.1728516e+01
   9.0928100e+05   2.4353027e+01
   9.0933100e+05   2.9846191e+01
   9.0935600e+05   2.1545410e+01
   9.0939500e+05   2.9357910e+01
   9.0943200e+05   2.2338867e+01
   9.0946600e+05   3.4912109e+01
   9.0948200e+05   2.1850586e+01
   9.0950000e+05   2.4047852e+01
   9.0951900e+05   2.0202637e+01
   9.0953300e+05   3.0456543e+01
   9.0956400e+05   2.5512695e+01
   9.0961100e+05   2.3681641e+01
   9.0962900e+05   2.1545410e+01
   9.0986200e+05   2.0019531e+01
   9.0993800e+05   2.2521973e+01
   9.1002200e+05   2.1240234e+01
   9.1017900e+05   2.1484375e+01
   9.1044000e+05   2.9418945e+01
   9.1083700e+05   2.1301270e+01
   9.1897900e+05   2.1972656e+01
   9.2135800e+05   2.1972656e+01
   9.2269400e+05   1.9592285e+01
   9.2388500e+05   2.1240234e+01
   9.3051500e+05   2.3925781e+01
   9.3172400e+05   2.1301270e+01
   9.3310200e+05   2.1301270e+01
   9.3338300e+05   2.1362305e+01
   9.3434800e+05   2.0385742e+01
   9.3438200e+05   2.0202637e+01
   9.3614300e+05   2.3315430e+01
   9.3825300e+05   2.2583008e+01
   9.4108900e+05   2.0324707e+01
   9.4587200e+05   2.1301270e+01
   9.4946800e+05   1.9592285e+01
   9.5317900e+05   2.0446777e+01
   9.5448800e+05   2.0446777e+01
   9.5753600e+05   2.1362305e+01
   9.5980600e+05   2.2033691e+01
   9.6154800e+05   2.5146484e+01
   9.6172600e+05   2.1545410e+01
   9.6405600e+05   2.4841309e+01
   9.6870400e+05   2.1911621e+01
   9.7552000e+05   3.1188965e+01
   9.7699300e+05   3.0029297e+01
   9.8706800e+05   2.0385742e+01
   9.9290800e+05   1.9958496e+01
   9.9853100e+05   1.9958496e+01
   1.0004110e+06   2.2827148e+01
   1.0007600e+06   1.9714355e+01
   1.0013660e+06   1.9714355e+01
   1.0028630e+06   2.0996094e+01
   1.0058940e+06   2.0263672e+01
   1.0087130e+06   2.0935059e+01
   1.0205280e+06   2.1484375e+01
   1.0210550e+06   2.1362305e+01
   1.0273340e+06   2.6306152e+01
   1.0277960e+06   1.9836426e+01
   1.0335610e+06   2.3376465e+01
   1.0412550e+06   1.9714355e+01
   1.0433550e+06   2.0751953e+01
   1.0461250e+06   2.3864746e+01
   1.0501270e+06   2.1179199e+01
   1.0506080e+06   1.9897461e+01
   1.0533500e+06   2.1789551e+01
   1.0554180e+06   2.1789551e+01
   1.0560350e+06   2.1850586e+01
   1.0618360e+06   2.3498535e+01
   1.0653300e+06   2.1667480e+01
   1.0671840e+06   1.9958496e+01
   1.0730190e+06   2.0202637e+01
   1.0809680e+06   2.0263672e+01
   1.0853800e+06   2.0080566e+01
   1.0881940e+06   2.0141602e+01
   1.0885150e+06   2.0568848e+01
   1.0935970e+06   1.9958496e+01
   1.0950040e+06   2.3620605e+01
   1.0971300e+06   2.1667480e+01
   1.1018790e+06   2.2216797e+01
   1.1042760e+06   2.0324707e+01
   1.1307230e+06   2.0629883e+01
   1.1355950e+06   2.0202637e+01
   1.1365850e+06   2.1179199e+01
   1.1432580e+06   1.9958496e+01
   1.1468390e+06   1.9714355e+01
   1.1484240e+06   1.9775391e+01
   1.1535240e+06   2.5207520e+01
   1.1632600e+06   2.0080566e+01
   1.1646480e+06   2.2399902e+01
   1.1698480e+06   2.1728516e+01
   1.1879440e+06   2.3437500e+01
   1.1915940e+06   2.4963379e+01
   1.1943960e+06   2.4597168e+01
   1.1955150e+06   2.2277832e+01
   1.2023270e+06   2.3498535e+01
   1.2051460e+06   2.5695801e+01
   1.2137590e+06   2.5878906e+01
   1.2176480e+06   1.9775391e+01
   1.2266320e+06   2.0324707e+01
   1.2289230e+06   2.3925781e+01
   1.2396300e+06   2.2338867e+01
   1.2414250e+06   2.2033691e+01
   1.2418350e+06   2.0385742e+01
   1.2425710e+06   2.7893066e+01
   1.2427400e+06   2.6977539e+01
   1.2434870e+06   2.0263672e+01
   1.2474660e+06   2.0568848e+01
   1.2553730e+06   4.7546387e+01
   1.2565150e+06   1.9775391e+01
   1.2607260e+06   2.1606445e+01
   1.2800120e+06   2.5512695e+01
   1.2813440e+06   2.0324707e+01
   1.2912200e+06   2.3193359e+01
   1.2965940e+06   2.0507812e+01
   1.2988480e+06   2.7526855e+01
   1.3153990e+06   2.2399902e+01
   1.3255600e+06   2.9785156e+01
   1.3262790e+06   1.9592285e+01
   1.3264440e+06   2.5451660e+01
   1.3280860e+06   1.9836426e+01
   1.3323480e+06   2.7099609e+01
   1.3355580e+06   2.5146484e+01
   1.3366200e+06   3.0395508e+01
   1.3383730e+06   2.1423340e+01
   1.3402550e+06   2.3742676e+01
   1.3459400e+06   2.4841309e+01
   1.3467730e+06   2.2460938e+01
   1.3471480e+06   1.9653320e+01
   1.3472310e+06   2.7221680e+01
   1.3472510e+06   4.3029785e+01
   1.3472630e+06   3.3752441e+01
   1.3473110e+06   2.0263672e+01
   1.3473330e+06   6.4819336e+01
   1.3473500e+06   2.8930664e+01
   1.3473610e+06   3.0334473e+01
   1.3473740e+06   5.8959961e+01
   1.3473970e+06   2.6367188e+01
   1.3474160e+06   5.0231934e+01
   1.3474330e+06   3.4240723e+01
   1.3474450e+06   3.4606934e+01
   1.3474550e+06   4.7729492e+01
   1.3474750e+06   4.0039062e+01
   1.3475010e+06   2.0751953e+01
   1.3475220e+06   5.2001953e+01
   1.3475340e+06   2.7709961e+01
   1.3475830e+06   2.8564453e+01
   1.3476140e+06   4.2724609e+01
   1.3476330e+06   3.2531738e+01
   1.3476640e+06   2.5085449e+01
   1.3477110e+06   2.4291992e+01
   1.3477330e+06   3.3935547e+01
   1.3477440e+06   2.1667480e+01
   1.3477540e+06   3.3752441e+01
   1.3477870e+06   3.1127930e+01
   1.3478040e+06   2.6672363e+01
   1.3478230e+06   3.2470703e+01
   1.3478830e+06   3.3996582e+01
   1.3479510e+06   3.4118652e+01
   1.3479880e+06   2.2399902e+01
   1.3480190e+06   3.9672852e+01
   1.3481570e+06   2.2033691e+01
   1.3481800e+06   2.3803711e+01
   1.3483300e+06   2.4108887e+01
   1.3484050e+06   2.6733398e+01
   1.3486550e+06   2.3376465e+01
   1.3491370e+06   2.2094727e+01
   1.3492360e+06   2.0019531e+01
   1.3493360e+06   2.0935059e+01
   1.3494300e+06   2.1789551e+01
   1.3513580e+06   2.0812988e+01
   1.3540600e+06   2.2827148e+01
   1.3561210e+06   2.7343750e+01
   1.3562450e+06   2.7038574e+01
   1.3563070e+06   2.0141602e+01
   1.3594370e+06   2.1606445e+01
   1.3617520e+06   2.0690918e+01
   1.3619720e+06   2.0385742e+01
   1.3626810e+06   2.4597168e+01
   1.3637500e+06   2.3559570e+01
   1.3649520e+06   1.9775391e+01
   1.3683600e+06   2.0263672e+01
   1.3685100e+06   2.3010254e+01
   1.3692580e+06   2.1972656e+01
   1.3722110e+06   2.3315430e+01
   1.3741730e+06   1.9714355e+01
   1.3763320e+06   2.1179199e+01
   1.3764050e+06   2.1240234e+01
   1.3774940e+06   2.3803711e+01
   1.3780280e+06   2.1728516e+01
   1.3783410e+06   2.0568848e+01
   1.3792210e+06   2.4414063e+01
   1.3798110e+06   1.9592285e+01
   1.3805330e+06   2.1728516e+01
   1.3811920e+06   2.3620605e+01
   1.3818240e+06   2.3254395e+01
   1.3843200e+06   2.2338867e+01
   1.3863710e+06   1.9653320e+01
   1.3867810e+06   2.0019531e+01
   1.3871610e+06   2.0690918e+01
   1.3883750e+06   2.6184082e+01
   1.3928220e+06   1.9653320e+01
   1.3935980e+06   2.2399902e+01
   1.3953600e+06   2.0385742e+01
   1.3996750e+06   2.1057129e+01
   1.3997410e+06   2.2705078e+01
   1.4005450e+06   2.0080566e+01
   1.4012760e+06   2.3620605e+01
   1.4026740e+06   2.1728516e+01
   1.4034660e+06   2.8564453e+01
   1.4041400e+06   2.7465820e+01
   1.4042800e+06   2.0385742e+01
   1.4064370e+06   2.3193359e+01
   1.4074610e+06   2.0263672e+01
   1.4091850e+06   2.6977539e+01
   1.4122260e+06   2.4841309e+01
   1.4131200e+06   2.4536133e+01
   1.4159880e+06   1.9836426e+01
   1.4169180e+06   2.0874023e+01
   1.4202990e+06   2.1911621e+01
   1.4259850e+06   2.0019531e+01
   1.4301390e+06   2.3010254e+01
   1.4302540e+06   2.4108887e+01
   1.4306380e+06   2.7709961e+01
   1.4325410e+06   1.9653320e+01
   1.4345990e+06   1.9836426e+01
   1.4367750e+06   2.1728516e+01
   1.4372080e+06   2.3681641e+01
   1.4376320e+06   1.9775391e+01
   1.4406750e+06   2.1118164e+01
   1.4418180e+06   2.7954102e+01
   1.4426410e+06   2.1484375e+01
   1.4434990e+06   2.3986816e+01
   1.4444380e+06   2.4536133e+01
   1.4458100e+06   2.3437500e+01
   1.4468020e+06   2.2277832e+01
   1.4499060e+06   2.0568848e+01
   1.4502040e+06   2.7648926e+01
   1.4513180e+06   2.3559570e+01
   1.4550610e+06   2.3864746e+01
   1.4559610e+06   2.2033691e+01
   1.4573880e+06   1.9897461e+01
   1.4582800e+06   2.1667480e+01
   1.4583480e+06   2.5329590e+01
   1.4592630e+06   2.0202637e+01
   1.4597430e+06   2.0446777e+01
   1.4599970e+06   2.6000977e+01
   1.4623940e+06   2.5939941e+01
   1.4624890e+06   1.9775391e+01
   1.4631660e+06   2.2338867e+01
   1.4636010e+06   2.3254395e+01
   1.4667910e+06   2.4353027e+01
   1.4723150e+06   2.5268555e+01
   1.4733020e+06   2.6428223e+01
   1.4736370e+06   1.9592285e+01
   1.4737680e+06   2.0385742e+01
   1.4741010e+06   2.5573730e+01
   1.4766870e+06   2.6611328e+01
   1.4779650e+06   2.0568848e+01
   1.4804410e+06   2.5390625e+01
   1.4821500e+06   3.0029297e+01
   1.4839110e+06   2.3193359e+01
   1.4881590e+06   2.1118164e+01
   1.4890770e+06   2.2766113e+01
   1.4929700e+06   2.4169922e+01
   1.4960840e+06   1.9958496e+01
   1.5014210e+06   2.2888184e+01
   1.5026380e+06   2.0080566e+01
   1.5052470e+06   3.4545898e+01
   1.5054520e+06   2.2949219e+01
   1.5077750e+06   2.0446777e+01
   1.5124290e+06   2.0751953e+01
   1.5129770e+06   2.3498535e+01
   1.5139560e+06   2.7160645e+01
   1.5180900e+06   2.1789551e+01
   1.5211040e+06   2.1545410e+01
   1.5267530e+06   2.3010254e+01
   1.5289070e+06   2.1179199e+01
   1.5331740e+06   2.7038574e+01
   1.5341300e+06   2.4841309e+01
   1.5362060e+06   2.0080566e+01
   1.5369690e+06   2.0324707e+01
   1.5400560e+06   2.1606445e+01
   1.5403750e+06   2.4963379e+01
   1.5418250e+06   1.9592285e+01
   1.5459750e+06   2.0751953e+01
   1.5486400e+06   2.1972656e+01
   1.5488400e+06   3.0700684e+01
   1.5510770e+06   2.1606445e+01
   1.5514900e+06   1.9592285e+01
   1.5534590e+06   2.1301270e+01
   1.5559990e+06   2.0080566e+01
   1.5567430e+06   2.8442383e+01
   1.5579440e+06   2.7648926e+01
   1.5589380e+06   2.6977539e+01
   1.5597050e+06   2.0263672e+01
   1.5597910e+06   2.3681641e+01
   1.5609380e+06   2.5939941e+01
   1.5621410e+06   2.1362305e+01
   1.5646100e+06   2.8015137e+01
   1.5675990e+06   2.0568848e+01
   1.5684070e+06   2.0568848e+01
   1.5694260e+06   2.3498535e+01
   1.5717530e+06   2.2827148e+01
   1.5779880e+06   2.7343750e+01
   1.5795880e+06   2.0080566e+01
   1.5844360e+06   2.0874023e+01
   1.5844530e+06   2.0324707e+01
   1.5867570e+06   2.7954102e+01
   1.5878480e+06   2.2277832e+01
   1.5878930e+06   1.9958496e+01
   1.5917150e+06   2.4658203e+01
   1.5926830e+06   2.4108887e+01
   1.5989040e+06   2.0141602e+01
   1.5998290e+06   1.9958496e+01
   1.6005810e+06   2.3681641e+01
   1.6016230e+06   2.7648926e+01
   1.6024310e+06   2.2460938e+01
   1.6032190e+06   2.9479980e+01
   1.6039700e+06   2.3620605e+01
   1.6048270e+06   1.9714355e+01
   1.6077780e+06   2.4475098e+01
   1.6087430e+06   2.6306152e+01
   1.6090600e+06   1.9592285e+01
   1.6096190e+06   2.3864746e+01
   1.6104040e+06   2.5939941e+01
   1.6115480e+06   2.7893066e+01
   1.6119620e+06   2.0019531e+01
   1.6129320e+06   2.2644043e+01
   1.6145400e+06   2.0141602e+01
   1.6202600e+06   2.4353027e+01
   1.6211660e+06   3.1311035e+01
   1.6256250e+06   2.2094727e+01
   1.6259620e+06   2.1301270e+01
   1.6264150e+06   2.5329590e+01
   1.6275460e+06   2.3559570e+01
   1.6283850e+06   2.4230957e+01
   1.6304190e+06   1.9958496e+01
   1.6312250e+06   2.1606445e+01
   1.6313970e+06   2.3681641e+01
   1.6333320e+06   2.5939941e+01
   1.6368210e+06   2.7404785e+01
   1.6398190e+06   1.9592285e+01
   1.6421020e+06   1.9836426e+01
   1.6437520e+06   2.3132324e+01
   1.6474270e+06   2.2888184e+01
   1.6516300e+06   2.5817871e+01
   1.6552240e+06   2.2460938e+01
   1.6568270e+06   2.3498535e+01
   1.6577560e+06   2.5817871e+01
   1.6585910e+06   2.3864746e+01
   1.6590170e+06   2.0080566e+01
   1.6592280e+06   2.5695801e+01
   1.6598060e+06   2.3559570e+01
   1.6603970e+06   2.2949219e+01
   1.6621490e+06   2.4719238e+01
   1.6633950e+06   2.8503418e+01
   1.6673320e+06   2.7526855e+01
   1.6682590e+06   1.9897461e+01
   1.6691090e+06   2.1911621e+01
   1.6699340e+06   2.6123047e+01
   1.6727360e+06   2.3010254e+01
   1.6735180e+06   2.5268555e+01
   1.6742810e+06   2.6184082e+01
   1.6781300e+06   2.2277832e+01
   1.6787660e+06   2.0141602e+01
   1.6815820e+06   2.4536133e+01
   1.6816390e+06   2.1179199e+01
   1.6849770e+06   1.9897461e+01
   1.6921750e+06   2.0019531e+01
   1.6921890e+06   4.9377441e+01
   1.6922150e+06   8.2458496e+01
   1.6922370e+06   7.9467773e+01
   1.6922480e+06   2.6367188e+01
   1.6922770e+06   3.8696289e+01
   1.6922960e+06   4.7668457e+01
   1.6923100e+06   2.7526855e+01
   1.6923490e+06   2.6062012e+01
   1.6923610e+06   2.8625488e+01
   1.6923760e+06   2.2460937e+01
   1.6923920e+06   4.1870117e+01
   1.6924200e+06   4.0954590e+01
   1.6924440e+06   3.3142090e+01
   1.6924630e+06   3.4240723e+01
   1.6924830e+06   3.2775879e+01
   1.6924990e+06   2.1728516e+01
   1.6925210e+06   2.6794434e+01
   1.6925420e+06   2.2338867e+01
   1.6925520e+06   2.3010254e+01
   1.6925760e+06   4.3151855e+01
   1.6925940e+06   1.9592285e+01
   1.6926420e+06   3.1860352e+01
   1.6926760e+06   1.9836426e+01
   1.6927120e+06   4.1259766e+01
   1.6927670e+06   2.7099609e+01
   1.6928080e+06   3.1982422e+01
   1.6928240e+06   2.1423340e+01
   1.6928620e+06   2.5146484e+01
   1.6928780e+06   2.0141602e+01
   1.6929500e+06   2.0263672e+01
   1.6930700e+06   1.9714355e+01
   1.6933480e+06   1.9958496e+01
   1.6935920e+06   2.1118164e+01
   1.6937600e+06   2.2338867e+01
   1.6938470e+06   2.3193359e+01
   1.6940210e+06   2.2705078e+01
   1.6941080e+06   2.0080566e+01
   1.6942830e+06   1.9775391e+01
   1.6943760e+06   2.0996094e+01
   1.6945230e+06   2.0385742e+01
   1.7020840e+06   2.2338867e+01
   1.7025660e+06   2.0568848e+01
   1.7036420e+06   2.4597168e+01
   1.7037780e+06   2.3742676e+01
   1.7092470e+06   2.6733398e+01
   1.7097030e+06   2.0080566e+01
   1.7099380e+06   2.3864746e+01
   1.7105540e+06   2.9357910e+01
   1.7125880e+06   1.9836426e+01
   1.7129650e+06   2.4414062e+01
   1.7143450e+06   1.9653320e+01
   1.7148670e+06   2.0690918e+01
   1.7154930e+06   2.3315430e+01
   1.7199990e+06   2.2033691e+01
   1.7211000e+06   2.0385742e+01
   1.7232390e+06   1.9836426e+01
   1.7240330e+06   2.9602051e+01
   1.7248780e+06   2.4047852e+01
   1.7294680e+06   1.9897461e+01
   1.7333860e+06   2.0935059e+01
   1.7347040e+06   2.0690918e+01
   1.7395200e+06   2.1423340e+01
   1.7417200e+06   3.3996582e+01
   1.7437150e+06   2.0874023e+01
   1.7441710e+06   2.3864746e+01
   1.7456550e+06   2.3254395e+01
   1.7490950e+06   2.9541016e+01
   1.7521450e+06   2.2216797e+01
   1.7550510e+06   2.6489258e+01
   1.7575150e+06   2.4475098e+01
   1.7586290e+06   2.2705078e+01
   1.7610660e+06   2.2399902e+01
   1.7612450e+06   2.8381348e+01
   1.7616790e+06   2.0263672e+01
   1.7658890e+06   2.2399902e+01
   1.7711470e+06   3.2836914e+01
   1.7735120e+06   2.2155762e+01
   1.7744160e+06   2.2583008e+01
   1.7754870e+06   2.2338867e+01
   1.7779250e+06   2.1179199e+01
   1.7816260e+06   2.4658203e+01
   1.7836340e+06   2.3803711e+01
   1.7856960e+06   2.1484375e+01
   1.7909870e+06   2.2521973e+01
   1.7921460e+06   2.1423340e+01
   1.7926590e+06   2.0874023e+01
   1.7935290e+06   1.9653320e+01
   1.7936370e+06   3.1616211e+01
   1.7965840e+06   2.0202637e+01
   1.7979540e+06   2.3803711e+01
   1.7999180e+06   2.2460938e+01
   1.8003090e+06   2.0690918e+01
   1.8025700e+06   2.0263672e+01
   1.8051720e+06   2.2949219e+01
   1.8098520e+06   2.0324707e+01
   1.8117140e+06   2.4047852e+01
   1.8134110e+06   2.2033691e+01
   1.8151660e+06   2.0141602e+01
   1.8161830e+06   1.9775391e+01
   1.8174990e+06   2.7893066e+01
   1.8227230e+06   2.6855469e+01
   1.8232090e+06   1.9775391e+01
   1.8245570e+06   2.0507812e+01
   1.8249710e+06   1.9653320e+01
   1.8278480e+06   2.8137207e+01
   1.8283080e+06   2.0385742e+01
   1.8290910e+06   2.4597168e+01
   1.8305390e+06   2.0812988e+01
   1.8307610e+06   2.0385742e+01
   1.8315590e+06   2.6733398e+01
   1.8403100e+06   2.4475098e+01
   1.8416620e+06   2.0324707e+01
   1.8429030e+06   2.0385742e+01
   1.8453490e+06   2.6733398e+01
   1.8467500e+06   2.4536133e+01
   1.8496760e+06   2.6733398e+01
   1.8507470e+06   2.6672363e+01
   1.8508630e+06   1.9592285e+01
   1.8525710e+06   2.1789551e+01
   1.8603480e+06   2.2827148e+01
   1.8616260e+06   2.0812988e+01
   1.8622890e+06   2.0446777e+01
   1.8648480e+06   2.2583008e+01
   1.8715350e+06   2.3681641e+01
   1.8761640e+06   2.0812988e+01
   1.8840950e+06   2.0385742e+01
   1.8847030e+06   2.2827148e+01
   1.8922410e+06   2.1118164e+01
   1.8924340e+06   2.2155762e+01
   1.8963900e+06   2.0751953e+01
   1.8992230e+06   2.0324707e+01
   1.9035380e+06   2.0812988e+01
   1.9077240e+06   2.6123047e+01
   1.9086620e+06   2.1850586e+01
   1.9155110e+06   2.0019531e+01
   1.9160230e+06   2.1423340e+01
   1.9161100e+06   2.0385742e+01
   1.9178890e+06   2.4963379e+01
   1.9194990e+06   2.6916504e+01
   1.9210180e+06   2.5939941e+01
   1.9219750e+06   2.3864746e+01
   1.9231570e+06   2.2094727e+01
   1.9235130e+06   2.2766113e+01
   1.9241760e+06   2.1850586e+01
   1.9262880e+06   2.0080566e+01
   1.9268090e+06   3.0883789e+01
   1.9278760e+06   2.3132324e+01
   1.9282150e+06   2.0080566e+01
   1.9298700e+06   2.5634766e+01
   1.9321050e+06   2.2216797e+01
   1.9358570e+06   2.7587891e+01
   1.9367030e+06   2.0507812e+01
   1.9370790e+06   2.8808594e+01
   1.9418940e+06   2.0080566e+01
   1.9462440e+06   2.4841309e+01
   1.9465690e+06   2.8381348e+01
   1.9474980e+06   2.9968262e+01
   1.9484150e+06   2.5146484e+01
   1.9492440e+06   2.2521973e+01
   1.9498870e+06   2.1118164e+01
   1.9500860e+06   2.3498535e+01
   1.9509840e+06   2.6123047e+01
   1.9517510e+06   2.8320312e+01
   1.9543330e+06   2.0507812e+01
   1.9553620e+06   2.5085449e+01
   1.9580530e+06   2.3742676e+01
   1.9587000e+06   2.3986816e+01
   1.9598450e+06   2.1545410e+01
   1.9637110e+06   3.1677246e+01
   1.9688140e+06   2.0141602e+01
   1.9699480e+06   1.9897461e+01
   1.9800590e+06   2.2277832e+01
   1.9810330e+06   1.9592285e+01
   1.9822350e+06   2.7221680e+01
   1.9833240e+06   2.7343750e+01
   1.9889950e+06   2.3254395e+01
   1.9962640e+06   2.2766113e+01
   2.0009970e+06   2.6367188e+01
   2.0022420e+06   2.4353027e+01
   2.0051340e+06   2.3498535e+01
   2.0073890e+06   2.0324707e+01
   2.0117690e+06   2.1545410e+01
   2.0124550e+06   2.6184082e+01
   2.0147660e+06   2.1667480e+01
   2.0198520e+06   2.0080566e+01
   2.0270280e+06   2.1911621e+01
   2.0294500e+06   1.9897461e+01
   2.0303870e+06   2.2155762e+01
   2.0371470e+06   2.8564453e+01
   2.0380910e+06   2.3803711e+01
   2.0396660e+06   2.0568848e+01
   2.0423520e+06   2.7832031e+01
   2.0432930e+06   2.1728516e+01
   2.0443170e+06   2.2338867e+01
   2.0447900e+06   2.5695801e+01
   2.0457980e+06   2.0690918e+01
   2.0486770e+06   2.3925781e+01
   2.0509180e+06   2.5207520e+01
   2.0510230e+06   1.9653320e+01
   2.0513000e+06   2.0507812e+01
   2.0518460e+06   2.4841309e+01
   2.0602430e+06   2.0874023e+01
   2.0613970e+06   2.2644043e+01
   2.0632860e+06   2.2827148e+01
   2.0654410e+06   2.4597168e+01
   2.0715080e+06   2.1667480e+01
   2.0778830e+06   1.9897461e+01
   2.0781230e+06   2.5146484e+01
   2.0898200e+06   2.1484375e+01
   2.0995390e+06   1.9714355e+01
   2.1018450e+06   1.9958496e+01
   2.1090750e+06   2.2949219e+01
   2.1093100e+06   2.2888184e+01
   2.1109950e+06   2.0446777e+01
   2.1165110e+06   2.0263672e+01
   2.1192770e+06   2.3376465e+01
   2.1261960e+06   2.3254395e+01
   2.1310490e+06   2.1179199e+01
   2.1361870e+06   2.3925781e+01
   2.1363180e+06   2.0141602e+01
   2.1364940e+06   2.4597168e+01
   2.1414810e+06   2.0202637e+01
   2.1422980e+06   2.1606445e+01
   2.1445230e+06   2.1240234e+01
   2.1494370e+06   2.2277832e+01
   2.1504920e+06   2.2094727e+01
   2.1540320e+06   2.4414063e+01
   2.1553060e+06   2.5695801e+01
   2.1556650e+06   2.0507813e+01
   2.1594040e+06   2.2583008e+01
   2.1596680e+06   2.0385742e+01
   2.1603150e+06   2.4108887e+01
   2.1613380e+06   2.1728516e+01
   2.1646890e+06   2.1789551e+01
   2.1650350e+06   1.9836426e+01
   2.1665030e+06   1.9897461e+01
   2.1685300e+06   2.3742676e+01
   2.1691880e+06   2.5634766e+01
   2.1726470e+06   2.4291992e+01
   2.1818020e+06   2.1545410e+01
   2.1882030e+06   2.4963379e+01
   2.1883280e+06   2.6306152e+01
   2.1924970e+06   1.9653320e+01
   2.1973370e+06   2.2094727e+01
   2.2076000e+06   2.1118164e+01
   2.2121140e+06   2.1118164e+01
   2.2128920e+06   1.9897461e+01
   2.2149410e+06   2.3742676e+01
   2.2174200e+06   2.3620605e+01
   2.2177540e+06   2.1545410e+01
   2.2268750e+06   2.1606445e+01
   2.2301370e+06   2.0568848e+01
   2.2307070e+06   2.1118164e+01
   2.2325360e+06   1.9714355e+01
   2.2350330e+06   2.0263672e+01
   2.2372000e+06   2.3742676e+01
   2.2542750e+06   2.3437500e+01
   2.2612000e+06   2.1667480e+01
   2.2743500e+06   2.1301270e+01
   2.2758140e+06   2.0141602e+01
   2.3214910e+06   2.1484375e+01
   2.3417800e+06   2.0874023e+01
   2.3556920e+06   2.2644043e+01
   2.3625870e+06   2.7648926e+01
   2.3639560e+06   1.9897461e+01
   2.3641350e+06   2.0629883e+01
   2.3646280e+06   2.2949219e+01
   2.3707210e+06   2.1362305e+01
   2.3737660e+06   2.0629883e+01
   2.3819470e+06   2.0996094e+01
   2.3825600e+06   1.9958496e+01
   2.3872220e+06   2.0751953e+01
   2.3897950e+06   2.0996094e+01
   2.3991770e+06   2.0935059e+01
   2.4053430e+06   2.1240234e+01
   2.4065320e+06   2.1301270e+01
   2.4180120e+06   2.2033691e+01
   2.4256960e+06   2.3559570e+01
   2.4312380e+06   2.0263672e+01
   2.4365450e+06   2.1423340e+01
   2.4367230e+06   2.0141602e+01
   2.4368000e+06   2.1179199e+01
   2.4368110e+06   2.1667480e+01
   2.4368380e+06   3.8757324e+01
   2.4368580e+06   5.6030273e+01
   2.4368880e+06   5.7189941e+01
   2.4369110e+06   5.8837891e+01
   2.4369220e+06   6.2561035e+01
   2.4369380e+06   2.8015137e+01
   2.4369550e+06   2.3925781e+01
   2.4369650e+06   7.5988770e+01
   2.4369930e+06   2.9541016e+01
   2.4370060e+06   2.9418945e+01
   2.4370230e+06   5.8959961e+01
   2.4370350e+06   2.6245117e+01
   2.4370590e+06   2.7282715e+01
   2.4370710e+06   3.9428711e+01
   2.4370810e+06   3.2775879e+01
   2.4371110e+06   2.8625488e+01
   2.4371520e+06   3.1616211e+01
   2.4372110e+06   3.1372070e+01
   2.4372430e+06   2.5207520e+01
   2.4372560e+06   3.5156250e+01
   2.4372790e+06   2.1118164e+01
   2.4373090e+06   3.6376953e+01
   2.4373460e+06   2.7526855e+01
   2.4373580e+06   3.6499023e+01
   2.4374020e+06   2.4169922e+01
   2.4374170e+06   3.4118652e+01
   2.4374730e+06   2.1972656e+01
   2.4374840e+06   3.7231445e+01
   2.4375600e+06   2.1911621e+01
   2.4375840e+06   2.0324707e+01
   2.4376300e+06   2.4963379e+01
   2.4376520e+06   2.5878906e+01
   2.4376920e+06   2.4902344e+01
   2.4378760e+06   2.3559570e+01
   2.4380460e+06   2.0141602e+01
   2.4383440e+06   2.0751953e+01
   2.4383780e+06   2.0751953e+01
   2.4386020e+06   2.0263672e+01
   2.4389970e+06   2.0385742e+01
   2.4391830e+06   2.1240234e+01
   2.4408940e+06   2.4658203e+01
   2.4492910e+06   2.2399902e+01
   2.4507340e+06   2.0019531e+01
   2.4519470e+06   2.1362305e+01
   2.4537280e+06   2.1728516e+01
   2.4541320e+06   2.2888184e+01
   2.4565130e+06   2.1057129e+01
   2.4574080e+06   2.0446777e+01
   2.4595900e+06   2.0751953e+01
   2.4610580e+06   2.0202637e+01
   2.4638220e+06   1.9836426e+01
   2.4652710e+06   2.0874023e+01
   2.4679600e+06   2.1789551e+01
   2.4768510e+06   2.0019531e+01
   2.4782390e+06   2.1301270e+01
   2.4864110e+06   1.9836426e+01
   2.4948870e+06   2.0874023e+01
   2.4986610e+06   2.1850586e+01
   2.5007930e+06   2.1606445e+01
   2.5029150e+06   2.3193359e+01
   2.5085400e+06   2.5756836e+01
   2.5098000e+06   2.0690918e+01
   2.5140370e+06   2.4536133e+01
   2.5193560e+06   1.9958496e+01
   2.5198860e+06   1.9592285e+01
   2.5285300e+06   2.7099609e+01
   2.5296780e+06   2.3681641e+01
   2.5326030e+06   1.9958496e+01
   2.5393560e+06   2.6428223e+01
   2.5444180e+06   2.4108887e+01
   2.5468470e+06   2.0019531e+01
   2.5495530e+06   2.0019531e+01
   2.5500030e+06   2.5329590e+01
   2.5549560e+06   2.0385742e+01
   2.5569750e+06   2.1057129e+01
   2.5575660e+06   2.7221680e+01
   2.5644860e+06   3.2897949e+01
   2.5719380e+06   2.0263672e+01
   2.5724340e+06   2.0263672e+01
   2.5792870e+06   2.7038574e+01
   2.5806420e+06   2.0080566e+01
   2.5824190e+06   2.3681641e+01
   2.5832150e+06   1.9836426e+01
   2.5842310e+06   2.0080566e+01
   2.5961340e+06   3.3752441e+01
   2.5986790e+06   1.9653320e+01
   2.6010690e+06   2.4230957e+01
   2.6115370e+06   1.9592285e+01
   2.6141980e+06   2.2155762e+01
   2.6202090e+06   2.0080566e+01
   2.6221560e+06   2.0507812e+01
   2.6352300e+06   2.2155762e+01
   2.6411010e+06   2.5085449e+01
   2.6424060e+06   2.1484375e+01
   2.6428520e+06   2.7160645e+01
   2.6476450e+06   2.3559570e+01
   2.6598100e+06   1.9775391e+01
   2.6750790e+06   1.9958496e+01
   2.6841240e+06   2.0996094e+01
   2.6986210e+06   2.1728516e+01
   2.7202900e+06   2.3254395e+01
   2.7212590e+06   2.0324707e+01
   2.7271730e+06   1.9958496e+01
   2.7306780e+06   2.1118164e+01
   2.7342390e+06   2.0507812e+01
   2.7551990e+06   1.9897461e+01
   2.7600770e+06   2.0202637e+01
   2.7714620e+06   2.1423340e+01
   2.7774750e+06   2.0202637e+01
   2.7812950e+06   2.1484375e+01
   2.7884120e+06   2.1789551e+01
   2.8057840e+06   2.0202637e+01
   2.8088180e+06   2.0324707e+01
   2.8111960e+06   1.9592285e+01
   2.8234510e+06   2.0935059e+01
   2.8284360e+06   1.9775391e+01
   2.8286890e+06   2.2277832e+01
   2.8378310e+06   2.4108887e+01
   2.8379300e+06   2.6184082e+01
   2.8760140e+06   2.0446777e+01
   2.8829990e+06   1.9592285e+01
   2.8868630e+06   2.0874023e+01
   2.8913870e+06   2.0080566e+01
   2.9163020e+06   1.9775391e+01
   2.9168670e+06   2.0141602e+01
   2.9458020e+06   2.1545410e+01
   2.9565220e+06   2.1667480e+01
   2.9594420e+06   2.0202637e+01
   2.9675270e+06   2.0812988e+01
   2.9819020e+06   2.0080566e+01
   2.9910270e+06   2.2155762e+01
   2.9987950e+06   2.0446777e+01
   3.0011800e+06   1.9531250e+01
   3.0109320e+06   2.0874023e+01
   3.0297720e+06   1.9470215e+01
   3.0415480e+06   4.9621582e+01
   3.0628040e+06   2.1423340e+01
   3.0669900e+06   1.9531250e+01
   3.0685810e+06   2.0202637e+01
   3.0717140e+06   2.0507812e+01
   3.0810430e+06   1.9409180e+01
   3.0949610e+06   2.3986816e+01
   3.1093050e+06   2.3132324e+01
   3.1109690e+06   1.9409180e+01
   3.1285560e+06   1.9409180e+01
   3.1340620e+06   2.0080566e+01
   3.1400180e+06   2.0446777e+01
   3.1469080e+06   2.0568848e+01
   3.1605440e+06   2.3437500e+01
   3.1621310e+06   3.1494141e+01
   3.1733410e+06   1.9775391e+01
   3.1804070e+06   2.0019531e+01
   3.1819550e+06   1.9714355e+01
   3.1872100e+06   2.4719238e+01
   3.2034880e+06   2.4291992e+01
   3.2135160e+06   2.0202637e+01
   3.2173120e+06   1.9409180e+01
   3.2173680e+06   2.3437500e+01
   3.2252500e+06   2.0629883e+01
   3.2262790e+06   1.9592285e+01
   3.2393250e+06   2.0019531e+01
   3.2914460e+06   1.9409180e+01
   3.2965850e+06   2.0874023e+01
   3.3138940e+06   2.4475098e+01
   3.3277280e+06   2.2094727e+01
   3.3425850e+06   1.9592285e+01
   3.3590100e+06   2.0263672e+01
   3.3608080e+06   1.9470215e+01
   3.3642460e+06   2.2460938e+01
   3.3817450e+06   2.4841309e+01
   3.3906530e+06   2.0202637e+01
   3.3954600e+06   1.9226074e+01
   3.4027410e+06   2.1118164e+01
   3.4046850e+06   2.0996094e+01
   3.4047800e+06   2.2460938e+01
   3.4048030e+06   2.0751953e+01
   3.4048620e+06   2.7221680e+01
   3.4048850e+06   2.3132324e+01
   3.4048980e+06   3.3996582e+01
   3.4049140e+06   3.1616211e+01
   3.4049410e+06   2.6123047e+01
   3.4049680e+06   2.5756836e+01
   3.4050040e+06   2.1911621e+01
   3.4050210e+06   4.5166016e+01
   3.4050560e+06   3.7719727e+01
   3.4050670e+06   2.0751953e+01
   3.4050920e+06   6.5979004e+01
   3.4051100e+06   2.3559570e+01
   3.4051300e+06   4.5288086e+01
   3.4051400e+06   6.1218262e+01
   3.4051540e+06   3.5461426e+01
   3.4051650e+06   2.3864746e+01
   3.4051790e+06   4.3212891e+01
   3.4051940e+06   4.4250488e+01
   3.4052220e+06   4.1442871e+01
   3.4052450e+06   2.7648926e+01
   3.4052670e+06   2.3498535e+01
   3.4052840e+06   4.1809082e+01
   3.4052960e+06   2.0263672e+01
   3.4053180e+06   2.8747559e+01
   3.4053340e+06   2.2277832e+01
   3.4053550e+06   2.6672363e+01
   3.4053740e+06   2.5207520e+01
   3.4054030e+06   2.1667480e+01
   3.4054230e+06   2.9602051e+01
   3.4054580e+06   4.1137695e+01
   3.4054990e+06   2.1362305e+01
   3.4055290e+06   2.2583008e+01
   3.4055480e+06   1.9470215e+01
   3.4055620e+06   4.4311523e+01
   3.4055950e+06   2.3681641e+01
   3.4056160e+06   3.1555176e+01
   3.4056820e+06   2.0812988e+01
   3.4057390e+06   2.5695801e+01
   3.4060000e+06   1.9897461e+01
   3.4062160e+06   2.3559570e+01
   3.4062730e+06   2.5024414e+01
   3.4064290e+06   1.9409180e+01
   3.4065570e+06   2.0568848e+01
   3.4067370e+06   1.9348145e+01
   3.4069060e+06   2.0202637e+01
   3.4070810e+06   1.9958496e+01
   3.4071710e+06   2.1911621e+01
   3.4072780e+06   2.0568848e+01
   3.4204440e+06   2.2827148e+01
   3.4215230e+06   1.9348145e+01
   3.4237830e+06   2.2033691e+01
   3.4263300e+06   1.9470215e+01
   3.4314790e+06   2.2521973e+01
   3.4387470e+06   2.1789551e+01
   3.4436800e+06   1.9226074e+01
   3.4501150e+06   1.9775391e+01
   3.4535130e+06   1.9958496e+01
   3.4541080e+06   2.1911621e+01
   3.4545040e+06   1.9836426e+01
   3.4615110e+06   2.0507813e+01
   3.4644990e+06   2.0263672e+01
   3.4666800e+06   2.2583008e+01
   3.4694580e+06   2.3620605e+01
   3.4698510e+06   2.0996094e+01
   3.4704060e+06   2.2155762e+01
   3.4822020e+06   1.9226074e+01
   3.4848970e+06   2.2399902e+01
   3.4865840e+06   2.0874023e+01
   3.4874710e+06   2.1728516e+01
   3.4877020e+06   2.0080566e+01
   3.4920200e+06   1.9531250e+01
   3.4993550e+06   1.9531250e+01
   3.4999290e+06   1.9958496e+01
   3.5006860e+06   2.2399902e+01
   3.5062680e+06   2.2216797e+01
   3.5063920e+06   2.3925781e+01
   3.5068920e+06   2.0019531e+01
   3.5103220e+06   2.0324707e+01
   3.5237990e+06   2.1911621e+01
   3.5263540e+06   2.0446777e+01
   3.5267700e+06   2.1789551e+01
   3.5337120e+06   2.1972656e+01
   3.5378160e+06   2.1240234e+01
   3.5401100e+06   2.1484375e+01
   3.5507300e+06   1.9531250e+01
   3.5554260e+06   2.1118164e+01
   3.5579350e+06   1.9226074e+01
   3.5675680e+06   1.9775391e+01
   3.5710020e+06   2.0690918e+01
   3.5719020e+06   2.5146484e+01
   3.5759090e+06   1.9348145e+01
   3.5850440e+06   2.0874023e+01
   3.5900070e+06   2.1911621e+01
   3.5952040e+06   1.9958496e+01
   3.5956500e+06   2.0751953e+01
   3.5995330e+06   2.0751953e+01
   3.6031220e+06   1.9348145e+01
   3.6037760e+06   1.9348145e+01
   3.6119810e+06   2.0141602e+01
   3.6169770e+06   1.9897461e+01
   3.6205820e+06   2.3010254e+01
   3.6217950e+06   2.8930664e+01
   3.6256610e+06   1.9470215e+01
   3.6307440e+06   2.1057129e+01
   3.6337280e+06   2.0446777e+01
   3.6377270e+06   2.8259277e+01
   3.6382730e+06   1.9531250e+01
   3.6748530e+06   1.9653320e+01
   3.6761520e+06   2.0751953e+01
   3.6908370e+06   2.0141602e+01
   3.6933360e+06   2.0263672e+01
   3.6941760e+06   2.1423340e+01
   3.6987410e+06   2.1118164e+01
   3.7070200e+06   2.0263672e+01
   3.7089430e+06   2.3315430e+01
   3.7124470e+06   1.9409180e+01
   3.7124860e+06   2.1972656e+01
   3.7142650e+06   2.1911621e+01
   3.7193950e+06   1.9470215e+01
   3.7483640e+06   1.9653320e+01
   3.7484760e+06   1.9592285e+01
   3.7487350e+06   2.0263672e+01
   3.7610630e+06   2.3254395e+01
   3.7734110e+06   2.0141602e+01
   3.7839630e+06   1.9958496e+01
   3.7906770e+06   2.2521973e+01
   3.8160050e+06   2.2888184e+01
   3.8201070e+06   2.0507812e+01
   3.8330200e+06   2.0080566e+01
   3.8437830e+06   1.9348145e+01
   3.8462710e+06   3.1921387e+01
   3.8462820e+06   7.8918457e+01
   3.8463040e+06   5.3588867e+01
   3.8463230e+06   6.3354492e+01
   3.8463370e+06   5.8654785e+01
   3.8463650e+06   4.1687012e+01
   3.8463940e+06   3.6132812e+01
   3.8464250e+06   3.1372070e+01
   3.8464490e+06   3.4179688e+01
   3.8464620e+06   2.2399902e+01
   3.8464780e+06   2.4658203e+01
   3.8464910e+06   3.0334473e+01
   3.8465030e+06   2.8808594e+01
   3.8465460e+06   4.6813965e+01
   3.8465680e+06   2.9174805e+01
   3.8466040e+06   2.8869629e+01
   3.8466140e+06   2.9479980e+01
   3.8466500e+06   4.9499512e+01
   3.8466870e+06   2.0385742e+01
   3.8467070e+06   5.5908203e+01
   3.8467200e+06   2.3193359e+01
   3.8467500e+06   2.5085449e+01
   3.8467730e+06   4.3884277e+01
   3.8468150e+06   2.3620605e+01
   3.8468500e+06   3.1921387e+01
   3.8469200e+06   2.1911621e+01
   3.8470530e+06   1.9409180e+01
   3.8471060e+06   2.6306152e+01
   3.8471790e+06   2.1972656e+01
   3.8471970e+06   2.0019531e+01
   3.8472220e+06   2.0568848e+01
   3.8472560e+06   2.1362305e+01
   3.8473260e+06   2.0385742e+01
   3.8474260e+06   1.9897461e+01
   3.8474400e+06   2.6123047e+01
   3.8474850e+06   2.3681641e+01
   3.8476780e+06   1.9836426e+01
   3.8479140e+06   2.2705078e+01
   3.8481960e+06   2.0568848e+01
   3.8482910e+06   2.1240234e+01
   3.8529460e+06   1.9714355e+01
   3.8552440e+06   2.0874023e+01
   3.8567920e+06   1.9287109e+01
   3.8615100e+06   1.9409180e+01
   3.8628280e+06   2.0507812e+01
   3.8649450e+06   2.0690918e+01
   3.8655840e+06   1.9287109e+01
   3.8685350e+06   2.1789551e+01
   3.8699980e+06   2.4658203e+01
   3.8706490e+06   2.0385742e+01
   3.8748130e+06   2.2583008e+01
   3.8760040e+06   1.9592285e+01
   3.8769790e+06   2.2155762e+01
   3.8783730e+06   2.2094727e+01
   3.8796300e+06   2.0507813e+01
   3.8827740e+06   2.5207520e+01
   3.8837860e+06   2.4841309e+01
   3.8869530e+06   2.0812988e+01
   3.8973590e+06   2.1728516e+01
   3.9107030e+06   1.9287109e+01
   3.9393100e+06   2.5024414e+01
   3.9546110e+06   2.0263672e+01
   3.9595340e+06   2.1118164e+01
   3.9604140e+06   2.0874023e+01
   3.9625510e+06   1.9897461e+01
   3.9704770e+06   1.9470215e+01
   3.9814850e+06   1.9836426e+01
   3.9819020e+06   2.1606445e+01
   3.9866350e+06   2.0629883e+01
   3.9915840e+06   2.0690918e+01
   3.9935420e+06   1.9226074e+01
   4.0001490e+06   2.0935059e+01
   4.0023270e+06   2.0446777e+01
   4.0028140e+06   2.2521973e+01
   4.0046000e+06   2.0751953e+01
   4.0093090e+06   1.9958496e+01
   4.0117070e+06   2.0812988e+01
   4.0207040e+06   1.9958496e+01
   4.0263160e+06   1.9287109e+01
   4.0311090e+06   2.1240234e+01
   4.0321810e+06   2.1118164e+01
   4.0422410e+06   1.9775391e+01
   4.0544660e+06   1.9897461e+01
   4.0568900e+06   2.1362305e+01
   4.0577540e+06   2.0812988e+01
   4.0580630e+06   1.9714355e+01
   4.0633260e+06   2.5512695e+01
   4.0663160e+06   1.9287109e+01
   4.0752710e+06   2.1789551e+01
   4.0940060e+06   2.2888184e+01
   4.0951700e+06   1.9226074e+01
   4.1065160e+06   2.4963379e+01
   4.1144290e+06   2.1545410e+01
   4.1225810e+06   2.3376465e+01
   4.1367010e+06   2.0629883e+01
   4.1425960e+06   1.9348145e+01
   4.1518340e+06   2.1545410e+01
   4.1587950e+06   1.9897461e+01
   4.1593650e+06   1.9714355e+01
   4.1642280e+06   2.2277832e+01
   4.1684310e+06   1.9348145e+01
   4.1765700e+06   2.3681641e+01
   4.1786180e+06   2.2460938e+01
   4.1834630e+06   2.1545410e+01
   4.1908150e+06   2.0446777e+01
   4.2109060e+06   1.9287109e+01
   4.2173970e+06   2.1789551e+01
   4.2195880e+06   2.0141602e+01
   4.2205500e+06   2.0019531e+01
   4.2250250e+06   1.9836426e+01
   4.2375210e+06   1.9653320e+01
   4.2383530e+06   1.9897461e+01
   4.2419850e+06   1.9226074e+01
   4.2421490e+06   1.9958496e+01
   4.2708830e+06   2.0568848e+01
   4.2746610e+06   1.9348145e+01
   4.2747680e+06   2.9052734e+01
   4.2749600e+06   2.5329590e+01
   4.2938130e+06   2.1850586e+01
   4.2997110e+06   2.2583008e+01
   4.3016680e+06   2.1240234e+01
   4.3176670e+06   1.9348145e+01
   4.3214930e+06   2.0690918e+01
   4.3447520e+06   1.9470215e+01
   4.3463160e+06   2.1118164e+01
   4.3465660e+06   1.9348145e+01
   4.3519050e+06   2.1850586e+01
   4.3715300e+06   1.9897461e+01
   4.3716000e+06   2.1240234e+01
   4.3769710e+06   2.1728516e+01
   4.3976630e+06   2.7404785e+01
   4.4092190e+06   2.0446777e+01
   4.4139340e+06   2.1545410e+01
   4.4145730e+06   2.3132324e+01
   4.4300700e+06   2.0202637e+01
   4.4417110e+06   1.9348145e+01
   4.4493680e+06   2.0141602e+01
   4.4545780e+06   2.1606445e+01
   4.4696640e+06   2.0141602e+01
   4.4812630e+06   2.1667480e+01
   4.4948490e+06   2.3315430e+01
   4.5048870e+06   2.1301270e+01
   4.5057660e+06   2.0874023e+01
   4.5457690e+06   2.0263672e+01
   4.5471690e+06   2.0812988e+01
   4.5529970e+06   1.9958496e+01
   4.5572400e+06   1.9287109e+01
   4.5650020e+06   2.1484375e+01
   4.5667390e+06   1.9592285e+01
   4.6193010e+06   1.9409180e+01
   4.6212170e+06   2.0874023e+01
   4.6255550e+06   1.9714355e+01
   4.6632290e+06   2.0507812e+01
   4.6699360e+06   2.2644043e+01
   4.6721900e+06   2.5024414e+01
   4.6764150e+06   2.0629883e+01
   4.6900170e+06   1.9775391e+01
   4.6930760e+06   2.5085449e+01
   4.7520720e+06   2.1118164e+01
   4.7760010e+06   1.9653320e+01
   4.7999030e+06   2.3254395e+01
   4.8111500e+06   2.1057129e+01
   4.8168730e+06   3.1127930e+01
   4.8168890e+06   2.3193359e+01
   4.8169170e+06   5.0231934e+01
   4.8169470e+06   5.2978516e+01
   4.8169630e+06   9.1979980e+01
   4.8169740e+06   5.3100586e+01
   4.8170020e+06   6.1523438e+01
   4.8170250e+06   2.2033691e+01
   4.8170490e+06   4.2907715e+01
   4.8170740e+06   2.9174805e+01
   4.8170870e+06   3.4912109e+01
   4.8171040e+06   3.6132812e+01
   4.8171350e+06   3.1921387e+01
   4.8171590e+06   3.1799316e+01
   4.8171880e+06   3.3691406e+01
   4.8172250e+06   3.4179688e+01
   4.8172470e+06   2.2583008e+01
   4.8172760e+06   2.8137207e+01
   4.8172890e+06   2.2094727e+01
   4.8173020e+06   2.3681641e+01
   4.8173270e+06   4.1625977e+01
   4.8173470e+06   2.7770996e+01
   4.8173800e+06   4.0588379e+01
   4.8174140e+06   2.2766113e+01
   4.8174440e+06   3.3691406e+01
   4.8175040e+06   2.7099609e+01
   4.8175550e+06   1.9958496e+01
   4.8175730e+06   1.9531250e+01
   4.8179190e+06   2.2827148e+01
   4.8180580e+06   2.2033691e+01
   4.8182410e+06   1.9348145e+01
   4.8184530e+06   1.9409180e+01
   4.8189250e+06   2.1423340e+01
   4.8211530e+06   2.2766113e+01
   4.8266960e+06   2.4963379e+01
   4.8280820e+06   1.9531250e+01
   4.8323690e+06   3.8085938e+01
   4.8341120e+06   1.9348145e+01
   4.8370960e+06   2.2094727e+01
   4.8383880e+06   2.3437500e+01
   4.8395890e+06   1.9592285e+01
   4.8426530e+06   2.4230957e+01
   4.8480650e+06   1.9470215e+01
   4.8480830e+06   2.2521973e+01
   4.8577410e+06   2.1545410e+01
   4.8606360e+06   1.9531250e+01
   4.8719970e+06   2.0019531e+01
   4.8785930e+06   2.0690918e+01
   4.8879170e+06   2.0385742e+01
   4.8941720e+06   1.9897461e+01
   4.8951220e+06   2.1423340e+01
   4.9026810e+06   2.2216797e+01
   4.9030330e+06   2.0202637e+01
   4.9150270e+06   2.0202637e+01
   4.9179230e+06   2.0385742e+01
   4.9277530e+06   1.9348145e+01
   4.9350220e+06   1.9897461e+01
   4.9387160e+06   2.0385742e+01
   4.9505590e+06   2.2583008e+01
   4.9532780e+06   2.0141602e+01
   4.9551960e+06   2.0690918e+01
   4.9574430e+06   1.9775391e+01
   4.9658610e+06   1.9226074e+01
   4.9792990e+06   1.9775391e+01
   4.9916330e+06   1.9897461e+01
   5.0094910e+06   2.1484375e+01
   5.0110030e+06   2.0446777e+01
   5.0143720e+06   3.6743164e+01
   5.0143840e+06   4.8400879e+01
   5.0144120e+06   3.7292480e+01
   5.0144270e+06   3.4606934e+01
   5.0144430e+06   6.4575195e+01
   5.0144560e+06   7.3730469e+01
   5.0144700e+06   2.2033691e+01
   5.0144820e+06   2.8808594e+01
   5.0145020e+06   6.3110352e+01
   5.0145210e+06   3.0700684e+01
   5.0145320e+06   2.0141602e+01
   5.0145460e+06   3.7109375e+01
   5.0145620e+06   2.4230957e+01
   5.0145850e+06   3.1311035e+01
   5.0146120e+06   3.3752441e+01
   5.0146350e+06   2.8991699e+01
   5.0146450e+06   3.8757324e+01
   5.0146710e+06   2.0996094e+01
   5.0146900e+06   3.3325195e+01
   5.0147080e+06   2.4230957e+01
   5.0147330e+06   2.9602051e+01
   5.0147490e+06   2.7526855e+01
   5.0147700e+06   2.2888184e+01
   5.0147830e+06   3.2653809e+01
   5.0148130e+06   2.5878906e+01
   5.0148380e+06   2.9846191e+01
   5.0148480e+06   2.0446777e+01
   5.0148640e+06   2.8198242e+01
   5.0148950e+06   3.7292480e+01
   5.0149400e+06   2.6367188e+01
   5.0150110e+06   1.9409180e+01
   5.0151960e+06   2.0751953e+01
   5.0152120e+06   2.0629883e+01
   5.0154160e+06   1.9836426e+01
   5.0156520e+06   2.1301270e+01
   5.0157340e+06   2.0690918e+01
   5.0158850e+06   2.1789551e+01
   5.0159790e+06   1.9592285e+01
   5.0283120e+06   2.0996094e+01
   5.0297760e+06   1.9592285e+01
   5.0355030e+06   2.1057129e+01
   5.0368350e+06   2.0324707e+01
   5.0375170e+06   2.1484375e+01
   5.0407620e+06   1.9226074e+01
   5.0415030e+06   1.9531250e+01
   5.0417020e+06   1.9226074e+01
   5.0423060e+06   1.9226074e+01
   5.0457340e+06   1.9592285e+01
   5.0485040e+06   1.9287109e+01
   5.0620750e+06   1.9592285e+01
   5.0630110e+06   1.9836426e+01
   5.0688510e+06   2.2033691e+01
   5.0692550e+06   2.4291992e+01
   5.0714660e+06   2.1728516e+01
   5.0729140e+06   2.2827148e+01
   5.0765700e+06   1.9470215e+01
   5.0797010e+06   3.6682129e+01
   5.0797200e+06   2.0446777e+01
   5.0797410e+06   7.0861816e+01
   5.0797620e+06   5.5114746e+01
   5.0797850e+06   8.4106445e+01
   5.0798060e+06   4.4616699e+01
   5.0798290e+06   4.4372559e+01
   5.0798470e+06   2.7404785e+01
   5.0798570e+06   3.8513184e+01
   5.0798800e+06   3.7597656e+01
   5.0799100e+06   2.5329590e+01
   5.0799230e+06   1.9775391e+01
   5.0799540e+06   2.4597168e+01
   5.0799650e+06   2.5024414e+01
   5.0799940e+06   1.9409180e+01
   5.0800110e+06   2.9418945e+01
   5.0800500e+06   3.4362793e+01
   5.0800740e+06   1.9653320e+01
   5.0800890e+06   2.8564453e+01
   5.0801120e+06   3.8940430e+01
   5.0801270e+06   2.6184082e+01
   5.0801790e+06   5.0476074e+01
   5.0802190e+06   2.4353027e+01
   5.0802390e+06   2.3803711e+01
   5.0802530e+06   3.7780762e+01
   5.0802650e+06   2.5329590e+01
   5.0803020e+06   2.2460938e+01
   5.0803300e+06   3.4057617e+01
   5.0803600e+06   2.7526855e+01
   5.0804030e+06   3.4729004e+01
   5.0804560e+06   2.4963379e+01
   5.0804860e+06   2.3742676e+01
   5.0804990e+06   2.2094727e+01
   5.0805740e+06   2.3376465e+01
   5.0806640e+06   2.4414062e+01
   5.0807030e+06   2.2277832e+01
   5.0807380e+06   3.2836914e+01
   5.0807880e+06   2.0141602e+01
   5.0808430e+06   2.4780273e+01
   5.0809390e+06   1.9470215e+01
   5.0811500e+06   2.0141602e+01
   5.0891260e+06   1.9653320e+01
   5.0895440e+06   1.9531250e+01
   5.0917630e+06   2.1667480e+01
   5.0957810e+06   2.1667480e+01
   5.0957910e+06   6.4331055e+01
   5.0958230e+06   4.6020508e+01
   5.0958340e+06   2.7404785e+01
   5.0958450e+06   3.2287598e+01
   5.0958670e+06   5.0476074e+01
   5.0958790e+06   2.8320312e+01
   5.0958900e+06   5.0598145e+01
   5.0959050e+06   5.2429199e+01
   5.0959260e+06   2.1301270e+01
   5.0959610e+06   2.0874023e+01
   5.0959790e+06   2.1423340e+01
   5.0959900e+06   3.2897949e+01
   5.0960280e+06   3.4057617e+01
   5.0960390e+06   2.1545410e+01
   5.0960670e+06   3.6926270e+01
   5.0960860e+06   2.0202637e+01
   5.0961020e+06   2.3193359e+01
   5.0961190e+06   2.5573730e+01
   5.0961550e+06   2.2155762e+01
   5.0961800e+06   2.0385742e+01
   5.0962130e+06   3.2531738e+01
   5.0962370e+06   2.3559570e+01
   5.0962480e+06   1.9531250e+01
   5.0962830e+06   4.5104980e+01
   5.0963140e+06   2.8747559e+01
   5.0963420e+06   2.1972656e+01
   5.0963610e+06   3.9428711e+01
   5.0964180e+06   3.2043457e+01
   5.0964280e+06   4.9926758e+01
   5.0964640e+06   2.5756836e+01
   5.0964840e+06   2.7099609e+01
   5.0965170e+06   4.5593262e+01
   5.0965620e+06   2.2888184e+01
   5.0965850e+06   3.7231445e+01
   5.0966440e+06   2.6977539e+01
   5.0967150e+06   2.5024414e+01
   5.0967510e+06   2.4047852e+01
   5.0967790e+06   2.3681641e+01
   5.0968350e+06   3.0639648e+01
   5.0968760e+06   1.9775391e+01
   5.0968930e+06   2.1362305e+01
   5.0969260e+06   2.0568848e+01
   5.0969730e+06   1.9470215e+01
   5.0970100e+06   3.0151367e+01
   5.0971410e+06   2.0568848e+01
   5.0973610e+06   2.3315430e+01
   5.0975430e+06   2.0141602e+01
   5.0975590e+06   1.9531250e+01
   5.0976460e+06   2.9235840e+01
   5.0981970e+06   2.3315430e+01
   5.0997130e+06   2.1423340e+01
   5.1002830e+06   2.5695801e+01
   5.1003650e+06   1.9653320e+01
   5.1005750e+06   2.9235840e+01
   5.1008400e+06   2.9907227e+01
   5.1011340e+06   2.3864746e+01
   5.1013650e+06   2.3132324e+01
   5.1016140e+06   2.5024414e+01
   5.1019340e+06   2.5756836e+01
   5.1022350e+06   2.7343750e+01
   5.1025930e+06   2.5207520e+01
   5.1057980e+06   2.2705078e+01
   5.1121000e+06   1.9958496e+01
   5.1149040e+06   1.9409180e+01
   5.1169690e+06   2.1301270e+01
   5.1202310e+06   1.9409180e+01
   5.1206140e+06   5.5908203e+01
   5.1230140e+06   1.9348145e+01
   5.1249200e+06   1.9409180e+01
   5.1255250e+06   2.1179199e+01
   5.1255390e+06   5.0109863e+01
   5.1255650e+06   8.8134766e+01
   5.1255830e+06   4.7729492e+01
   5.1255970e+06   3.3081055e+01
   5.1256100e+06   4.0649414e+01
   5.1256310e+06   4.6264648e+01
   5.1256510e+06   2.4353027e+01
   5.1256680e+06   2.3925781e+01
   5.1256940e+06   2.7893066e+01
   5.1257080e+06   3.6804199e+01
   5.1257310e+06   2.6916504e+01
   5.1257500e+06   2.4353027e+01
   5.1257650e+06   3.1372070e+01
   5.1257800e+06   2.6428223e+01
   5.1258170e+06   2.7648926e+01
   5.1258470e+06   1.9897461e+01
   5.1258610e+06   3.6560059e+01
   5.1258770e+06   2.6245117e+01
   5.1259140e+06   3.0151367e+01
   5.1259370e+06   2.1057129e+01
   5.1259540e+06   2.4230957e+01
   5.1259680e+06   4.2114258e+01
   5.1260120e+06   2.0629883e+01
   5.1260380e+06   2.9541016e+01
   5.1260500e+06   2.4963379e+01
   5.1261060e+06   3.6254883e+01
   5.1261200e+06   2.4963379e+01
   5.1261820e+06   4.3151855e+01
   5.1261980e+06   2.8015137e+01
   5.1262380e+06   2.0385742e+01
   5.1262670e+06   3.4851074e+01
   5.1263100e+06   2.3071289e+01
   5.1263460e+06   2.1728516e+01
   5.1263640e+06   3.1433105e+01
   5.1263840e+06   2.3742676e+01
   5.1264200e+06   2.1972656e+01
   5.1264720e+06   2.0629883e+01
   5.1265150e+06   2.0996094e+01
   5.1265660e+06   2.5512695e+01
   5.1266670e+06   2.1911621e+01
   5.1267380e+06   2.2094727e+01
   5.1267980e+06   1.9409180e+01
   5.1268140e+06   2.1240234e+01
   5.1276740e+06   2.0446777e+01
   5.1284010e+06   2.1240234e+01
   5.1288420e+06   2.1545410e+01
   5.1289360e+06   1.9531250e+01
   5.1290890e+06   2.5512695e+01
   5.1294070e+06   2.0385742e+01
   5.1295550e+06   1.9531250e+01
   5.1296620e+06   3.0334473e+01
   5.1299810e+06   2.6245117e+01
   5.1300500e+06   2.1179199e+01
   5.1302270e+06   2.5878906e+01
   5.1304760e+06   2.8686523e+01
   5.1305000e+06   1.9592285e+01
   5.1307250e+06   2.8259277e+01
   5.1309870e+06   1.9836426e+01
   5.1313070e+06   2.8442383e+01
   5.1316430e+06   2.8320313e+01
   5.1353830e+06   1.9409180e+01
   5.1358930e+06   2.0568848e+01
   5.1406530e+06   2.3193359e+01
   5.1419270e+06   4.4921875e+01
   5.1419580e+06   5.5053711e+01
   5.1419800e+06   5.6579590e+01
   5.1419900e+06   4.4006348e+01
   5.1420170e+06   5.2185059e+01
   5.1420360e+06   5.2185059e+01
   5.1420510e+06   3.4423828e+01
   5.1420770e+06   4.1015625e+01
   5.1420960e+06   3.5156250e+01
   5.1421120e+06   2.1789551e+01
   5.1421330e+06   2.0874023e+01
   5.1421740e+06   3.2165527e+01
   5.1421840e+06   2.1118164e+01
   5.1422010e+06   2.6428223e+01
   5.1422150e+06   2.2338867e+01
   5.1422310e+06   2.1240234e+01
   5.1422410e+06   4.0893555e+01
   5.1422790e+06   2.1484375e+01
   5.1423020e+06   4.0588379e+01
   5.1423140e+06   1.9958496e+01
   5.1423430e+06   2.0324707e+01
   5.1423610e+06   3.4057617e+01
   5.1423890e+06   3.0090332e+01
   5.1424070e+06   2.5817871e+01
   5.1424340e+06   3.8757324e+01
   5.1424880e+06   2.9113770e+01
   5.1425030e+06   2.6916504e+01
   5.1425250e+06   2.0263672e+01
   5.1425510e+06   2.5634766e+01
   5.1425870e+06   3.2104492e+01
   5.1426270e+06   2.0568848e+01
   5.1426760e+06   3.1127930e+01
   5.1427150e+06   3.8696289e+01
   5.1427250e+06   2.5451660e+01
   5.1427530e+06   2.0690918e+01
   5.1427970e+06   1.9653320e+01
   5.1428080e+06   1.9348145e+01
   5.1428470e+06   2.3193359e+01
   5.1428790e+06   2.0690918e+01
   5.1429480e+06   2.8564453e+01
   5.1429740e+06   2.5451660e+01
   5.1430980e+06   2.1301270e+01
   5.1437340e+06   2.1362305e+01
   5.1440130e+06   2.3315430e+01
   5.1454270e+06   2.4353027e+01
   5.1457790e+06   1.9409180e+01
   5.1464220e+06   2.8259277e+01
   5.1467310e+06   2.3254395e+01
   5.1470330e+06   2.6062012e+01
   5.1473380e+06   2.6123047e+01
   5.1476400e+06   2.3498535e+01
   5.1479610e+06   2.4963379e+01
   5.1483170e+06   2.7038574e+01
   5.1487200e+06   2.9602051e+01
   5.1507080e+06   2.1728516e+01
   5.1567920e+06   1.9409180e+01
   5.1584680e+06   7.0922852e+01
   5.1584930e+06   4.2358398e+01
   5.1585030e+06   6.5246582e+01
   5.1585180e+06   4.9316406e+01
   5.1585390e+06   4.3395996e+01
   5.1585580e+06   4.7180176e+01
   5.1585720e+06   3.4301758e+01
   5.1585950e+06   3.1799316e+01
   5.1586130e+06   3.5888672e+01
   5.1586420e+06   5.4992676e+01
   5.1586640e+06   3.0334473e+01
   5.1586750e+06   2.2094727e+01
   5.1586910e+06   2.8137207e+01
   5.1587100e+06   1.9653320e+01
   5.1587310e+06   2.8991699e+01
   5.1587480e+06   2.0446777e+01
   5.1587710e+06   2.6611328e+01
   5.1587880e+06   2.6855469e+01
   5.1588120e+06   2.9785156e+01
   5.1588280e+06   2.6611328e+01
   5.1588470e+06   2.3132324e+01
   5.1588850e+06   4.1748047e+01
   5.1589290e+06   2.4414063e+01
   5.1589540e+06   3.3020020e+01
   5.1589640e+06   2.7770996e+01
   5.1590120e+06   2.4597168e+01
   5.1590320e+06   3.6315918e+01
   5.1590620e+06   2.5634766e+01
   5.1590970e+06   3.2531738e+01
   5.1591400e+06   2.9846191e+01
   5.1591780e+06   2.3498535e+01
   5.1592190e+06   2.0446777e+01
   5.1592560e+06   2.1850586e+01
   5.1592760e+06   3.5888672e+01
   5.1592900e+06   2.0385742e+01
   5.1594050e+06   1.9775391e+01
   5.1594290e+06   1.9287109e+01
   5.1594780e+06   1.9409180e+01
   5.1595610e+06   2.1667480e+01
   5.1601550e+06   1.9592285e+01
   5.1602760e+06   2.4108887e+01
   5.1622570e+06   1.9653320e+01
   5.1624050e+06   2.5695801e+01
   5.1624330e+06   2.9968262e+01
   5.1626740e+06   2.3986816e+01
   5.1627200e+06   2.5634766e+01
   5.1630170e+06   2.2338867e+01
   5.1632980e+06   2.9052734e+01
   5.1635720e+06   2.8808594e+01
   5.1639110e+06   2.2094727e+01
   5.1642870e+06   2.7282715e+01
   5.1647340e+06   2.5573730e+01
   5.1739030e+06   1.9287109e+01
   5.1749650e+06   2.0080566e+01
   5.1749770e+06   5.4016113e+01
   5.1749980e+06   4.1870117e+01
   5.1750160e+06   5.2246094e+01
   5.1750300e+06   5.3833008e+01
   5.1750450e+06   2.9479980e+01
   5.1750630e+06   2.9541016e+01
   5.1750730e+06   5.4809570e+01
   5.1750860e+06   3.5156250e+01
   5.1750990e+06   3.5034180e+01
   5.1751290e+06   2.3925781e+01
   5.1751600e+06   4.0649414e+01
   5.1751730e+06   4.7485352e+01
   5.1751910e+06   1.9470215e+01
   5.1752310e+06   1.9836426e+01
   5.1752420e+06   2.5695801e+01
   5.1752680e+06   3.8146973e+01
   5.1752790e+06   2.4291992e+01
   5.1753050e+06   2.2766113e+01
   5.1753170e+06   2.5329590e+01
   5.1753360e+06   2.0935059e+01
   5.1753590e+06   3.9001465e+01
   5.1754100e+06   4.2846680e+01
   5.1754260e+06   1.9470215e+01
   5.1754770e+06   2.3681641e+01
   5.1755030e+06   3.8146973e+01
   5.1755370e+06   1.9775391e+01
   5.1755550e+06   3.1250000e+01
   5.1756220e+06   2.3864746e+01
   5.1756510e+06   2.0446777e+01
   5.1757490e+06   3.0334473e+01
   5.1758890e+06   2.0568848e+01
   5.1759270e+06   1.9836426e+01
   5.1760070e+06   2.5268555e+01
   5.1760280e+06   1.9531250e+01
   5.1764110e+06   1.9409180e+01
   5.1771980e+06   2.0080566e+01
   5.1776710e+06   1.9958496e+01
   5.1787900e+06   2.3925781e+01
   5.1790990e+06   2.3986816e+01
   5.1794170e+06   2.9479980e+01
   5.1797050e+06   2.4902344e+01
   5.1800240e+06   2.9602051e+01
   5.1803350e+06   2.8625488e+01
   5.1807270e+06   2.5573730e+01
   5.1813730e+06   2.8869629e+01
   5.1898270e+06   2.0446777e+01
   5.1900270e+06   2.2949219e+01
   5.1900370e+06   4.9255371e+01
   5.1900580e+06   4.0222168e+01
   5.1900680e+06   6.0485840e+01
   5.1901030e+06   5.7617188e+01
   5.1901160e+06   3.2592773e+01
   5.1901380e+06   4.9621582e+01
   5.1901500e+06   2.4902344e+01
   5.1901660e+06   3.6804199e+01
   5.1901800e+06   3.1188965e+01
   5.1902060e+06   3.9367676e+01
   5.1902250e+06   3.5156250e+01
   5.1902390e+06   2.0874023e+01
   5.1902540e+06   2.9357910e+01
   5.1902790e+06   3.3142090e+01
   5.1902980e+06   2.2583008e+01
   5.1903390e+06   2.5085449e+01
   5.1903610e+06   2.5451660e+01
   5.1903840e+06   2.3864746e+01
   5.1904050e+06   2.0690918e+01
   5.1904290e+06   3.0517578e+01
   5.1904580e+06   3.5949707e+01
   5.1904910e+06   3.6010742e+01
   5.1905070e+06   2.3742676e+01
   5.1905370e+06   2.0507812e+01
   5.1905520e+06   2.0141602e+01
   5.1905630e+06   3.6010742e+01
   5.1905890e+06   2.5146484e+01
   5.1906050e+06   2.5573730e+01
   5.1906720e+06   3.5400391e+01
   5.1906980e+06   3.0700684e+01
   5.1907160e+06   2.1301270e+01
   5.1908460e+06   2.5573730e+01
   5.1909120e+06   1.9958496e+01
   5.1909750e+06   2.1179199e+01
   5.1910090e+06   2.0874023e+01
   5.1910830e+06   2.3620605e+01
   5.1911230e+06   2.0507812e+01
   5.1913130e+06   2.8747559e+01
   5.1913550e+06   2.3681641e+01
   5.1930920e+06   2.0874023e+01
   5.1934620e+06   2.3498535e+01
   5.1945530e+06   2.3071289e+01
   5.1949460e+06   2.4536133e+01
   5.1952930e+06   3.3325195e+01
   5.1956310e+06   2.6489258e+01
   5.1960000e+06   2.6733398e+01
   5.1965710e+06   2.2033691e+01
   5.2021560e+06   2.1118164e+01
   5.2038190e+06   2.2583008e+01
   5.2043190e+06   3.6743164e+01
   5.2043430e+06   6.4208984e+01
   5.2043570e+06   5.4809570e+01
   5.2043810e+06   5.4504395e+01
   5.2044090e+06   4.2419434e+01
   5.2044310e+06   5.5236816e+01
   5.2044420e+06   2.1728516e+01
   5.2044650e+06   3.7841797e+01
   5.2044760e+06   2.9296875e+01
   5.2045060e+06   4.5043945e+01
   5.2045230e+06   2.8015137e+01
   5.2045470e+06   2.5756836e+01
   5.2045650e+06   2.7343750e+01
   5.2045820e+06   3.1433105e+01
   5.2046010e+06   3.4973145e+01
   5.2046210e+06   3.2714844e+01
   5.2046570e+06   3.9184570e+01
   5.2046850e+06   3.0822754e+01
   5.2047080e+06   2.1240234e+01
   5.2047370e+06   1.9775391e+01
   5.2047510e+06   2.5512695e+01
   5.2047930e+06   2.8259277e+01
   5.2048170e+06   2.9541016e+01
   5.2048330e+06   2.2827148e+01
   5.2048560e+06   2.9174805e+01
   5.2048710e+06   3.6254883e+01
   5.2048930e+06   1.9714355e+01
   5.2049560e+06   2.0874023e+01
   5.2050230e+06   2.0324707e+01
   5.2050740e+06   2.4169922e+01
   5.2050970e+06   2.5146484e+01
   5.2052320e+06   2.5451660e+01
   5.2052690e+06   2.2644043e+01
   5.2053630e+06   1.9348145e+01
   5.2056530e+06   2.0263672e+01
   5.2075660e+06   2.1423340e+01
   5.2088670e+06   2.5817871e+01
   5.2093160e+06   2.3559570e+01
   5.2097220e+06   2.7526855e+01
   5.2101980e+06   2.3864746e+01
   5.2108680e+06   2.2216797e+01
   5.2174260e+06   1.9775391e+01
   5.2176740e+06   2.6611328e+01
   5.2176880e+06   3.3142090e+01
   5.2177110e+06   4.9865723e+01
   5.2177230e+06   3.8391113e+01
   5.2177340e+06   5.0964355e+01
   5.2177790e+06   5.8227539e+01
   5.2177980e+06   3.1188965e+01
   5.2178160e+06   7.1716309e+01
   5.2178410e+06   4.7546387e+01
   5.2178530e+06   5.8715820e+01
   5.2178850e+06   4.1320801e+01
   5.2178990e+06   3.4912109e+01
   5.2179170e+06   6.3903809e+01
   5.2179420e+06   3.5095215e+01
   5.2179570e+06   2.8320313e+01
   5.2179840e+06   2.8015137e+01
   5.2180060e+06   2.6245117e+01
   5.2180190e+06   2.8442383e+01
   5.2180290e+06   2.1484375e+01
   5.2180630e+06   3.1250000e+01
   5.2181110e+06   3.2165527e+01
   5.2181620e+06   2.5268555e+01
   5.2181790e+06   3.1005859e+01
   5.2182430e+06   3.8208008e+01
   5.2182680e+06   2.1667480e+01
   5.2182860e+06   2.4597168e+01
   5.2183530e+06   2.0263672e+01
   5.2183980e+06   3.3569336e+01
   5.2219510e+06   2.4108887e+01
   5.2223710e+06   2.3864746e+01
   5.2228120e+06   2.2521973e+01
   5.2233060e+06   2.8503418e+01
   5.2238880e+06   2.3132324e+01
   5.2330650e+06   2.7526855e+01
   5.2330920e+06   2.4475098e+01
   5.2331050e+06   2.8015137e+01
   5.2331260e+06   1.1334229e+02
   5.2331380e+06   3.1311035e+01
   5.2331620e+06   2.2827148e+01
   5.2331880e+06   4.7119141e+01
   5.2332020e+06   3.1738281e+01
   5.2332250e+06   4.2236328e+01
   5.2332370e+06   5.9082031e+01
   5.2332620e+06   5.1330566e+01
   5.2332730e+06   2.8320313e+01
   5.2332990e+06   5.5603027e+01
   5.2333170e+06   4.7058105e+01
   5.2333380e+06   5.3344727e+01
   5.2333500e+06   3.5400391e+01
   5.2333680e+06   2.5268555e+01
   5.2333840e+06   2.2827148e+01
   5.2334050e+06   3.4240723e+01
   5.2334370e+06   2.6184082e+01
   5.2334500e+06   2.6000977e+01
   5.2334690e+06   2.3010254e+01
   5.2334800e+06   2.9052734e+01
   5.2335060e+06   1.9714355e+01
   5.2335310e+06   2.2827148e+01
   5.2335460e+06   2.3376465e+01
   5.2335690e+06   2.6611328e+01
   5.2335900e+06   3.7353516e+01
   5.2336080e+06   2.2827148e+01
   5.2336260e+06   1.9714355e+01
   5.2336680e+06   4.2724609e+01
   5.2337030e+06   1.9592285e+01
   5.2337640e+06   2.2949219e+01
   5.2338130e+06   2.1240234e+01
   5.2339000e+06   2.6550293e+01
   5.2339290e+06   2.4536133e+01
   5.2339840e+06   1.9531250e+01
   5.2341350e+06   1.9348145e+01
   5.2348960e+06   1.9775391e+01
   5.2370450e+06   1.9287109e+01
   5.2373770e+06   3.0212402e+01
   5.2377760e+06   2.2338867e+01
   5.2381790e+06   2.2644043e+01
   5.2385760e+06   2.2399902e+01
   5.2451700e+06   2.1057129e+01
   5.2520320e+06   2.0629883e+01
   5.2520750e+06   2.3071289e+01
   5.2521630e+06   1.9470215e+01
   5.2521880e+06   3.7658691e+01
   5.2522910e+06   4.7180176e+01
   5.2523460e+06   5.3955078e+01
   5.2523990e+06   2.3193359e+01
   5.2524120e+06   2.3681641e+01
   5.2524630e+06   2.6977539e+01
   5.2524950e+06   3.3752441e+01
   5.2525140e+06   3.5156250e+01
   5.2525510e+06   2.6000977e+01
   5.2525750e+06   3.7109375e+01
   5.2526370e+06   3.4851074e+01
   5.2526640e+06   4.8095703e+01
   5.2526810e+06   2.4047852e+01
   5.2527050e+06   2.7832031e+01
   5.2527370e+06   2.0996094e+01
   5.2527530e+06   1.9531250e+01
   5.2527960e+06   3.3325195e+01
   5.2528170e+06   3.2348633e+01
   5.2528420e+06   2.1423340e+01
   5.2528740e+06   2.6428223e+01
   5.2528850e+06   4.7241211e+01
   5.2529490e+06   4.9865723e+01
   5.2529660e+06   3.0517578e+01
   5.2530160e+06   1.9287109e+01
   5.2530650e+06   1.9470215e+01
   5.2530900e+06   2.7038574e+01
   5.2531400e+06   2.3742676e+01
   5.2532330e+06   2.3620605e+01
   5.2536560e+06   2.6428223e+01
   5.2539190e+06   2.7526855e+01
   5.2542540e+06   2.6367188e+01
   5.2547510e+06   2.3315430e+01
   5.2668950e+06   1.9226074e+01
   5.2670930e+06   2.2460938e+01
   5.2671170e+06   1.9470215e+01
   5.2671490e+06   3.6560059e+01
   5.2671740e+06   1.9470215e+01
   5.2672260e+06   3.1616211e+01
   5.2672380e+06   2.4353027e+01
   5.2672800e+06   3.8208008e+01
   5.2673050e+06   3.7170410e+01
   5.2673340e+06   2.1301270e+01
   5.2673570e+06   4.3273926e+01
   5.2673840e+06   2.5634766e+01
   5.2674140e+06   4.1442871e+01
   5.2674260e+06   3.6743164e+01
   5.2674720e+06   3.0639648e+01
   5.2674840e+06   2.1789551e+01
   5.2674960e+06   2.4353027e+01
   5.2675200e+06   5.1513672e+01
   5.2675380e+06   5.5297852e+01
   5.2675620e+06   3.0029297e+01
   5.2676130e+06   2.1118164e+01
   5.2676460e+06   5.1940918e+01
   5.2676750e+06   2.0996094e+01
   5.2676890e+06   3.3813477e+01
   5.2677270e+06   2.5756836e+01
   5.2677640e+06   2.9907227e+01
   5.2678140e+06   2.9907227e+01
   5.2678440e+06   2.0080566e+01
   5.2678660e+06   1.9226074e+01
   5.2678860e+06   2.4841309e+01
   5.2680510e+06   2.3376465e+01
   5.2681930e+06   1.9226074e+01
   5.2682260e+06   2.0141602e+01
   5.2684850e+06   2.5268555e+01
   5.2689010e+06   2.5146484e+01
   5.2699450e+06   2.5451660e+01
   5.2708990e+06   2.5695801e+01
   5.2778210e+06   1.9226074e+01
   5.2778410e+06   3.8391113e+01
   5.2778760e+06   2.0080566e+01
   5.2779280e+06   3.7658691e+01
   5.2779970e+06   3.4240723e+01
   5.2780390e+06   2.5695801e+01
   5.2780600e+06   1.9348145e+01
   5.2781010e+06   2.0446777e+01
   5.2781400e+06   4.1198730e+01
   5.2781680e+06   3.4851074e+01
   5.2782730e+06   2.1789551e+01
   5.2783150e+06   2.3742676e+01
   5.2783450e+06   3.6071777e+01
   5.2785570e+06   2.9602051e+01
   5.2790340e+06   3.0761719e+01
   5.2860460e+06   2.3010254e+01
   5.2860570e+06   1.9775391e+01
   5.2861070e+06   4.3518066e+01
   5.2861790e+06   3.8452148e+01
   5.2863050e+06   2.6733398e+01
   5.2876570e+06   2.1911621e+01
   5.2933700e+06   1.9348145e+01
   5.2935880e+06   2.0263672e+01
   5.2936100e+06   4.1992188e+01
   5.2936450e+06   2.2705078e+01
   5.2937520e+06   2.0324707e+01
   5.2937990e+06   3.7902832e+01
   5.2941210e+06   2.7282715e+01
   5.2998790e+06   2.1484375e+01
   5.2999210e+06   3.1433105e+01
   5.3000700e+06   2.0507812e+01
   5.3086640e+06   4.4433594e+01
   5.3087550e+06   2.2949219e+01
   5.3087970e+06   4.8034668e+01
   5.3089220e+06   2.0141602e+01
   5.3089770e+06   3.5156250e+01
   5.3091950e+06   3.2897949e+01
   5.3095570e+06   3.1188965e+01
   5.3177670e+06   2.2399902e+01
   5.3178140e+06   2.0446777e+01
   5.3178680e+06   4.2114258e+01
   5.3181080e+06   3.7292480e+01
   5.3181770e+06   2.2766113e+01
   5.3366430e+06   2.5634766e+01
   5.3405650e+06   2.1362305e+01
   5.3419640e+06   2.0874023e+01
   5.3464980e+06   2.0568848e+01
   5.3465860e+06   1.9836426e+01
   5.3536140e+06   2.3864746e+01
   5.3592480e+06   2.1240234e+01
   5.3626270e+06   1.9531250e+01
   5.3666260e+06   1.9226074e+01
   5.3670650e+06   2.1728516e+01
   5.3695380e+06   2.0385742e+01
   5.3830600e+06   2.5817871e+01
   5.3859750e+06   2.2033691e+01
   5.3877750e+06   2.2583008e+01
   5.3885620e+06   3.9428711e+01
   5.3914580e+06   2.1911621e+01
   5.3940910e+06   1.9775391e+01
   5.3971060e+06   2.4963379e+01
   5.3976040e+06   2.3315430e+01
   5.3997860e+06   2.2705078e+01
   5.4090060e+06   2.1423340e+01
   5.4108400e+06   1.9287109e+01
   5.4144080e+06   2.8137207e+01
   5.4267400e+06   2.1911621e+01
   5.4271700e+06   2.0935059e+01
   5.4291960e+06   2.1057129e+01
   5.4406130e+06   2.6611328e+01
   5.4420540e+06   2.1850586e+01
   5.4478450e+06   2.1301270e+01
   5.4514050e+06   1.9409180e+01
   5.4529530e+06   2.0019531e+01
   5.4542540e+06   2.1545410e+01
   5.4547660e+06   1.9714355e+01
   5.4589640e+06   1.9287109e+01
   5.4605460e+06   2.1118164e+01
   5.4645600e+06   2.0446777e+01
   5.4645870e+06   2.3010254e+01
   5.4660070e+06   2.2949219e+01
   5.4669040e+06   2.5146484e+01
   5.4687420e+06   2.3803711e+01
   5.4699230e+06   2.2949219e+01
   5.4800680e+06   2.2033691e+01
   5.4811320e+06   2.9052734e+01
   5.4828070e+06   1.9653320e+01
   5.4842960e+06   2.2583008e+01
   5.4909180e+06   2.2033691e+01
   5.4934660e+06   2.5939941e+01
   5.5014470e+06   2.0202637e+01
   5.5014640e+06   1.9226074e+01
   5.5062070e+06   2.0263672e+01
   5.5154470e+06   2.7465820e+01
   5.5167840e+06   2.4597168e+01
   5.5237120e+06   1.9836426e+01
   5.5238800e+06   1.9226074e+01
   5.5253460e+06   1.9226074e+01
   5.5303180e+06   1.9531250e+01
   5.5335570e+06   1.9226074e+01
   5.5380770e+06   2.5939941e+01
   5.5383640e+06   1.9348145e+01
   5.5400330e+06   2.0629883e+01
   5.5451240e+06   1.9226074e+01
   5.5580120e+06   2.5268555e+01
   5.5727530e+06   2.0385742e+01
   5.5746220e+06   1.9592285e+01
   5.5780980e+06   1.9775391e+01
   5.5785130e+06   2.0690918e+01
   5.5813910e+06   2.0507812e+01
   5.5866420e+06   2.3681641e+01
   5.5900800e+06   1.9287109e+01
   5.5905260e+06   1.9775391e+01
   5.5940810e+06   2.2216797e+01
   5.6076930e+06   2.3315430e+01
   5.6270600e+06   2.0263672e+01
   5.6325890e+06   1.9226074e+01
   5.6383160e+06   1.9714355e+01
   5.6403740e+06   2.3315430e+01
   5.6431850e+06   2.4536133e+01
   5.6470220e+06   2.5268555e+01
   5.6487860e+06   2.1179199e+01
   5.6520490e+06   2.9724121e+01
   5.6535040e+06   2.3437500e+01
   5.6620570e+06   1.9775391e+01
   5.6642840e+06   2.0202637e+01
   5.6665010e+06   2.3132324e+01
   5.6680930e+06   2.0751953e+01
   5.6748810e+06   2.3559570e+01
   5.6758790e+06   2.0629883e+01
   5.6769380e+06   2.8320313e+01
   5.6770170e+06   2.0751953e+01
   5.6808390e+06   2.1057129e+01
   5.6824490e+06   1.9775391e+01
   5.6843060e+06   2.7099609e+01
   5.6844110e+06   1.9958496e+01
   5.6942110e+06   2.0996094e+01
   5.7015290e+06   2.2705078e+01
   5.7078920e+06   2.6306152e+01
   5.7178250e+06   2.0080566e+01
   5.7224950e+06   1.9592285e+01
   5.7340910e+06   1.9531250e+01
   5.7361340e+06   2.2155762e+01
   5.7444190e+06   2.0751953e+01
   5.7717060e+06   2.1362305e+01
   5.7825990e+06   2.2460938e+01
   5.7896490e+06   2.2399902e+01
   5.7973790e+06   2.2399902e+01
   5.8113680e+06   2.2766113e+01
   5.8282030e+06   2.0019531e+01
   5.8345950e+06   2.1606445e+01
   5.8365860e+06   2.1362305e+01
   5.8429630e+06   1.9287109e+01
   5.8446500e+06   2.4536133e+01
   5.8831890e+06   2.1484375e+01
   5.8867480e+06   2.4780273e+01
   5.8931000e+06   1.9958496e+01
   5.9167820e+06   2.0385742e+01
   5.9221450e+06   2.2827148e+01
   5.9264480e+06   2.7343750e+01
   5.9290300e+06   2.0507812e+01
   5.9316320e+06   1.9470215e+01
   5.9429710e+06   2.8747559e+01
   5.9532430e+06   2.0996094e+01
   5.9540340e+06   2.2949219e+01
   5.9777760e+06   1.9287109e+01
   5.9891810e+06   2.4719238e+01
   5.9906580e+06   1.9409180e+01
