   5.9990000e+06   0.0000000e+00
   1.4457700e+05   2.4169922e+01
   2.1581400e+05   2.4902344e+01
   2.2058900e+05   2.0263672e+01
   2.2090800e+05   2.0507812e+01
   2.7593100e+05   2.0507812e+01
   4.2754900e+05   2.0385742e+01
   6.7650700e+05   2.4719238e+01
   7.3844400e+05   2.1789551e+01
   8.8254500e+05   2.3986816e+01
   9.0893400e+05   2.5390625e+01
   9.0900500e+05   2.5024414e+01
   9.0904000e+05   2.1545410e+01
   9.0907900e+05   2.2155762e+01
   9.0910600e+05   3.4790039e+01
   9.0913900e+05   2.3559570e+01
   9.0915400e+05   2.4719238e+01
   9.0920100e+05   2.8625488e+01
   9.0941000e+05   2.1484375e+01
   9.0951200e+05   2.4841309e+01
   9.4732800e+05   2.0935059e+01
   9.5278700e+05   2.5695801e+01
   9.6155300e+05   2.4291992e+01
   9.6651600e+05   2.4536133e+01
   9.7098500e+05   2.3742676e+01
   9.7610500e+05   2.0507812e+01
   9.7753300e+05   2.1118164e+01
   9.7798400e+05   2.2399902e+01
   9.8396000e+05   2.1057129e+01
   1.0005540e+06   2.1118164e+01
   1.0026890e+06   2.4963379e+01
   1.0075140e+06   2.6062012e+01
   1.0140380e+06   2.1545410e+01
   1.0185560e+06   2.0324707e+01
   1.0248320e+06   2.2338867e+01
   1.0284940e+06   2.2460938e+01
   1.0331610e+06   2.0385742e+01
   1.0370160e+06   2.1484375e+01
   1.0428440e+06   2.5329590e+01
   1.0494390e+06   2.5268555e+01
   1.0546730e+06   2.1850586e+01
   1.0577880e+06   2.0446777e+01
   1.0600820e+06   2.5695801e+01
   1.0663320e+06   2.3193359e+01
   1.0764140e+06   2.3986816e+01
   1.0811780e+06   2.0874023e+01
   1.0901530e+06   2.4597168e+01
   1.0935460e+06   2.1118164e+01
   1.1049460e+06   2.3132324e+01
   1.1151850e+06   2.6123047e+01
   1.1174620e+06   2.1728516e+01
   1.1181840e+06   2.3071289e+01
   1.1364960e+06   2.5390625e+01
   1.1438860e+06   2.1118164e+01
   1.1497910e+06   2.2094727e+01
   1.1738420e+06   2.0263672e+01
   1.1803720e+06   2.1606445e+01
   1.1874380e+06   2.1057129e+01
   1.2493490e+06   2.2338867e+01
   1.2682700e+06   2.0568848e+01
   1.2708490e+06   2.2277832e+01
   1.2811020e+06   2.4536133e+01
   1.2927650e+06   2.4536133e+01
   1.3029000e+06   2.5451660e+01
   1.3110900e+06   2.1118164e+01
   1.3220100e+06   2.3437500e+01
   1.3339900e+06   2.6367187e+01
   1.3392610e+06   2.1362305e+01
   1.3474360e+06   3.6987305e+01
   1.3474660e+06   3.0456543e+01
   1.3474920e+06   2.7770996e+01
   1.3475090e+06   3.2348633e+01
   1.3475240e+06   2.8076172e+01
   1.3477500e+06   2.2644043e+01
   1.3478060e+06   3.1311035e+01
   1.3478510e+06   2.7099609e+01
   1.3749370e+06   2.4353027e+01
   1.3753700e+06   2.5817871e+01
   1.3805500e+06   2.1728516e+01
   1.3932360e+06   2.3986816e+01
   1.3978790e+06   2.1606445e+01
   1.4022230e+06   2.0996094e+01
   1.4036180e+06   2.0446777e+01
   1.4093410e+06   2.4353027e+01
   1.4125100e+06   2.0446777e+01
   1.4140200e+06   2.2460938e+01
   1.4175470e+06   2.0751953e+01
   1.4200000e+06   2.0629883e+01
   1.4206160e+06   2.0996094e+01
   1.4246650e+06   2.2216797e+01
   1.4264230e+06   2.2277832e+01
   1.4300080e+06   2.1179199e+01
   1.4305930e+06   2.3498535e+01
   1.4321030e+06   2.4169922e+01
   1.4390290e+06   2.3803711e+01
   1.4404760e+06   2.1667480e+01
   1.4429240e+06   2.9052734e+01
   1.4463410e+06   2.9724121e+01
   1.4522950e+06   2.4841309e+01
   1.4532470e+06   2.6062012e+01
   1.4560690e+06   2.1606445e+01
   1.4575730e+06   2.6367188e+01
   1.4597490e+06   2.2094727e+01
   1.4604530e+06   2.3193359e+01
   1.4613950e+06   2.2888184e+01
   1.4625530e+06   2.5939941e+01
   1.4655790e+06   2.3620605e+01
   1.4714320e+06   2.2888184e+01
   1.4740470e+06   3.0944824e+01
   1.4783450e+06   2.0324707e+01
   1.4802540e+06   2.1240234e+01
   1.4839000e+06   2.6245117e+01
   1.4869150e+06   3.0151367e+01
   1.4890620e+06   2.4841309e+01
   1.4965650e+06   2.1362305e+01
   1.4970910e+06   2.0446777e+01
   1.4999230e+06   2.3071289e+01
   1.5044520e+06   2.4841309e+01
   1.5058520e+06   2.1728516e+01
   1.5080550e+06   2.3620605e+01
   1.5149420e+06   2.1667480e+01
   1.5207120e+06   2.3559570e+01
   1.5234880e+06   2.2888184e+01
   1.5272300e+06   2.3803711e+01
   1.5278730e+06   2.2277832e+01
   1.5337230e+06   2.1179199e+01
   1.5406130e+06   2.1545410e+01
   1.5444650e+06   2.4902344e+01
   1.5477130e+06   2.6306152e+01
   1.5538800e+06   2.1667480e+01
   1.5570600e+06   2.4108887e+01
   1.5615180e+06   2.6184082e+01
   1.5641480e+06   2.1850586e+01
   1.5674860e+06   2.5207520e+01
   1.5694660e+06   2.1972656e+01
   1.5704630e+06   2.3193359e+01
   1.5751680e+06   2.1362305e+01
   1.5790330e+06   2.1179199e+01
   1.5809950e+06   2.6916504e+01
   1.5834910e+06   2.0385742e+01
   1.5844880e+06   2.0996094e+01
   1.5864580e+06   2.0874023e+01
   1.5919650e+06   2.2277832e+01
   1.5966920e+06   2.7465820e+01
   1.5973350e+06   2.3742676e+01
   1.5986020e+06   2.0263672e+01
   1.6037880e+06   2.0812988e+01
   1.6045350e+06   2.1911621e+01
   1.6076810e+06   2.4414062e+01
   1.6131430e+06   2.4353027e+01
   1.6175220e+06   2.2460938e+01
   1.6236920e+06   2.5146484e+01
   1.6242820e+06   2.2583008e+01
   1.6303410e+06   2.3864746e+01
   1.6331320e+06   2.1850586e+01
   1.6380560e+06   2.2583008e+01
   1.6408940e+06   2.1240234e+01
   1.6458690e+06   2.4291992e+01
   1.6484950e+06   2.1972656e+01
   1.6531910e+06   2.3193359e+01
   1.6587550e+06   2.1057129e+01
   1.6697670e+06   2.0935059e+01
   1.6703980e+06   2.4719238e+01
   1.6774880e+06   2.1240234e+01
   1.6830690e+06   2.3376465e+01
   1.6898950e+06   2.6550293e+01
   1.6919080e+06   2.2644043e+01
   1.6921000e+06   2.1362305e+01
   1.6921630e+06   2.1972656e+01
   1.6922070e+06   2.5756836e+01
   1.6922320e+06   2.6916504e+01
   1.6922640e+06   3.1311035e+01
   1.6923010e+06   2.3925781e+01
   1.6926300e+06   2.1484375e+01
   1.7158490e+06   2.3437500e+01
   1.7181510e+06   2.2827148e+01
   1.7226430e+06   2.0996094e+01
   1.7281070e+06   2.4169922e+01
   1.7324980e+06   2.4780273e+01
   1.7359030e+06   2.3803711e+01
   1.7376850e+06   2.4291992e+01
   1.7409480e+06   2.0812988e+01
   1.7439720e+06   2.9663086e+01
   1.7445750e+06   2.2033691e+01
   1.7453960e+06   2.0812988e+01
   1.7466820e+06   2.3193359e+01
   1.7484940e+06   2.2399902e+01
   1.7498430e+06   2.6672363e+01
   1.7507200e+06   2.0568848e+01
   1.7533390e+06   2.3620605e+01
   1.7552790e+06   2.3620605e+01
   1.7574330e+06   2.3681641e+01
   1.7593800e+06   2.0812988e+01
   1.7609140e+06   2.1118164e+01
   1.7645750e+06   2.1728516e+01
   1.7680440e+06   2.0996094e+01
   1.7689010e+06   2.4658203e+01
   1.7714940e+06   2.1240234e+01
   1.7727850e+06   2.1850586e+01
   1.7741540e+06   2.1484375e+01
   1.7768890e+06   2.0629883e+01
   1.7774540e+06   2.1850586e+01
   1.7788600e+06   2.0874023e+01
   1.7823830e+06   2.0507812e+01
   1.7834350e+06   2.0263672e+01
   1.7851710e+06   2.0690918e+01
   1.7863190e+06   2.0324707e+01
   1.7870840e+06   2.0446777e+01
   1.7930700e+06   2.5451660e+01
   1.7961620e+06   2.4719238e+01
   1.7992320e+06   2.0812988e+01
   1.8010680e+06   2.6489258e+01
   1.8019920e+06   2.1118164e+01
   1.8036610e+06   2.0690918e+01
   1.8054790e+06   2.1118164e+01
   1.8073660e+06   2.4536133e+01
   1.8097020e+06   2.4963379e+01
   1.8115890e+06   2.4414062e+01
   1.8156330e+06   2.2033691e+01
   1.8165840e+06   2.0751953e+01
   1.8197080e+06   2.5573730e+01
   1.8290980e+06   2.2216797e+01
   1.8300790e+06   2.1728516e+01
   1.8312230e+06   2.5085449e+01
   1.8317270e+06   2.1362305e+01
   1.8336380e+06   2.2460938e+01
   1.8367170e+06   2.2216797e+01
   1.8421220e+06   2.1728516e+01
   1.8470330e+06   2.5329590e+01
   1.8480520e+06   2.2705078e+01
   1.8511800e+06   2.2888184e+01
   1.8522070e+06   2.1240234e+01
   1.8548220e+06   2.0751953e+01
   1.8577650e+06   2.6855469e+01
   1.8620100e+06   2.1057129e+01
   1.8638460e+06   2.1057129e+01
   1.8655560e+06   2.3315430e+01
   1.8662820e+06   2.0812988e+01
   1.8708600e+06   2.1240234e+01
   1.8745190e+06   2.2644043e+01
   1.8781830e+06   2.2888184e+01
   1.8803690e+06   2.2521973e+01
   1.8822150e+06   2.0874023e+01
   1.8870800e+06   2.0385742e+01
   1.8910740e+06   2.5695801e+01
   1.8929850e+06   2.1606445e+01
   1.8936790e+06   2.2766113e+01
   1.8997600e+06   2.0874023e+01
   1.9023850e+06   2.2460938e+01
   1.9056270e+06   2.1118164e+01
   1.9078520e+06   2.1545410e+01
   1.9095910e+06   3.2897949e+01
   1.9120760e+06   2.1850586e+01
   1.9178350e+06   2.0568848e+01
   1.9185700e+06   2.3742676e+01
   1.9291550e+06   2.4108887e+01
   1.9309030e+06   2.3437500e+01
   1.9336020e+06   2.4841309e+01
   1.9388070e+06   2.4902344e+01
   1.9404490e+06   2.1362305e+01
   1.9434740e+06   2.1972656e+01
   1.9521170e+06   2.2094727e+01
   1.9539360e+06   2.2277832e+01
   1.9597020e+06   2.2094727e+01
   1.9634860e+06   2.3254395e+01
   1.9655520e+06   2.3498535e+01
   1.9683300e+06   2.0446777e+01
   1.9683430e+06   2.5512695e+01
   1.9693410e+06   2.2827148e+01
   1.9722880e+06   2.3498535e+01
   1.9754330e+06   2.5512695e+01
   1.9781320e+06   2.3132324e+01
   1.9798730e+06   2.4414062e+01
   1.9838260e+06   2.3010254e+01
   1.9899720e+06   2.1911621e+01
   1.9943770e+06   2.1606445e+01
   2.0021620e+06   2.2949219e+01
   2.0064900e+06   2.7832031e+01
   2.0142530e+06   2.6855469e+01
   2.0171550e+06   2.3010254e+01
   2.0208100e+06   3.0822754e+01
   2.0227890e+06   2.0324707e+01
   2.0290610e+06   2.0935059e+01
   2.0384580e+06   2.7709961e+01
   2.0495310e+06   2.0690918e+01
   2.0526360e+06   2.3071289e+01
   2.0606950e+06   2.5024414e+01
   2.0664770e+06   2.4291992e+01
   2.0676340e+06   2.8137207e+01
   2.0752510e+06   2.1301270e+01
   2.0850010e+06   2.2644043e+01
   2.0855980e+06   2.1972656e+01
   2.0887890e+06   2.2399902e+01
   2.0947790e+06   2.5634766e+01
   2.0962690e+06   2.3681641e+01
   2.1015150e+06   2.8015137e+01
   2.1084950e+06   2.3559570e+01
   2.1160100e+06   2.0385742e+01
   2.1220630e+06   2.3803711e+01
   2.1255190e+06   2.1423340e+01
   2.1299210e+06   2.2277832e+01
   2.1365610e+06   2.4230957e+01
   2.1411190e+06   2.1545410e+01
   2.1504800e+06   2.3071289e+01
   2.1560930e+06   2.3315430e+01
   2.1606190e+06   2.1179199e+01
   2.1688720e+06   2.2583008e+01
   2.1719000e+06   2.5146484e+01
   2.1811550e+06   2.5085449e+01
   2.1899670e+06   2.7770996e+01
   2.1920560e+06   2.2521973e+01
   2.2044690e+06   2.1545410e+01
   2.2082700e+06   2.5085449e+01
   2.2205190e+06   2.4169922e+01
   2.2320410e+06   2.0935059e+01
   2.2334620e+06   2.0812988e+01
   2.2424080e+06   2.1484375e+01
   2.2494460e+06   2.1057129e+01
   2.2529870e+06   2.0874023e+01
   2.2626430e+06   2.2949219e+01
   2.2692920e+06   2.1362305e+01
   2.2736460e+06   2.0385742e+01
   2.2758910e+06   2.3742676e+01
   2.2789420e+06   2.4353027e+01
   2.2837940e+06   2.0568848e+01
   2.3057080e+06   2.6855469e+01
   2.3100430e+06   2.2094727e+01
   2.3235070e+06   2.2460938e+01
   2.3247290e+06   2.0507812e+01
   2.3309320e+06   2.5817871e+01
   2.3530870e+06   2.3559570e+01
   2.3691750e+06   2.1057129e+01
   2.3876320e+06   2.2338867e+01
   2.3936930e+06   2.8503418e+01
   2.4003670e+06   2.3864746e+01
   2.4059940e+06   2.0385742e+01
   2.4149000e+06   2.6062012e+01
   2.4197830e+06   2.1850586e+01
   2.4365490e+06   3.1188965e+01
   2.4366290e+06   2.2094727e+01
   2.4366710e+06   3.1555176e+01
   2.4366910e+06   2.0263672e+01
   2.4367380e+06   3.2165527e+01
   2.4367670e+06   2.8564453e+01
   2.4368340e+06   2.2216797e+01
   2.4368900e+06   2.2216797e+01
   2.4369260e+06   2.1850586e+01
   2.4369730e+06   2.1057129e+01
   2.4370170e+06   2.9235840e+01
   2.4371510e+06   2.0324707e+01
   2.4628110e+06   2.4108887e+01
   2.4667590e+06   2.6367188e+01
   2.4690650e+06   2.1118164e+01
   2.4723100e+06   2.1667480e+01
   2.4750230e+06   2.2033691e+01
   2.4756630e+06   2.2705078e+01
   2.4774640e+06   2.4658203e+01
   2.4794680e+06   2.1362305e+01
   2.4810280e+06   2.3193359e+01
   2.4815420e+06   2.1728516e+01
   2.4845580e+06   2.1911621e+01
   2.4882300e+06   2.4414062e+01
   2.4886270e+06   2.2460937e+01
   2.4915350e+06   2.2277832e+01
   2.4928640e+06   2.3132324e+01
   2.4964850e+06   2.4353027e+01
   2.4989410e+06   2.1850586e+01
   2.5012020e+06   2.2094727e+01
   2.5046050e+06   2.1240234e+01
   2.5081710e+06   2.3803711e+01
   2.5118920e+06   2.3010254e+01
   2.5143670e+06   2.8137207e+01
   2.5151170e+06   2.1057129e+01
   2.5168510e+06   2.1850586e+01
   2.5196690e+06   2.3010254e+01
   2.5219420e+06   2.0629883e+01
   2.5242480e+06   2.2888184e+01
   2.5255140e+06   2.0751953e+01
   2.5265590e+06   2.3376465e+01
   2.5289930e+06   2.0690918e+01
   2.5295330e+06   2.6794434e+01
   2.5332610e+06   2.1972656e+01
   2.5369160e+06   2.1484375e+01
   2.5388930e+06   2.0629883e+01
   2.5416550e+06   2.5085449e+01
   2.5423210e+06   2.0629883e+01
   2.5440790e+06   2.1179199e+01
   2.5493170e+06   2.1911621e+01
   2.5525590e+06   2.1606445e+01
   2.5563910e+06   2.4047852e+01
   2.5573070e+06   2.2338867e+01
   2.5589300e+06   2.3315430e+01
   2.5640450e+06   2.0507812e+01
   2.5663750e+06   2.0690918e+01
   2.5675000e+06   2.3437500e+01
   2.5701490e+06   2.3071289e+01
   2.5717830e+06   2.6977539e+01
   2.5741420e+06   2.1240234e+01
   2.5770980e+06   2.3925781e+01
   2.5777440e+06   2.3681641e+01
   2.5812650e+06   2.3071289e+01
   2.5821820e+06   2.3681641e+01
   2.5861890e+06   2.0812988e+01
   2.5866500e+06   2.7038574e+01
   2.5874870e+06   2.1850586e+01
   2.5943120e+06   2.0874023e+01
   2.5949280e+06   2.9296875e+01
   2.5989090e+06   2.2277832e+01
   2.6000920e+06   2.2094727e+01
   2.6033500e+06   2.1667480e+01
   2.6080200e+06   2.5390625e+01
   2.6091060e+06   2.3925781e+01
   2.6099450e+06   2.2888184e+01
   2.6148140e+06   2.3803711e+01
   2.6182150e+06   2.0385742e+01
   2.6203230e+06   2.6306152e+01
   2.6235000e+06   2.6245117e+01
   2.6261010e+06   2.0385742e+01
   2.6328870e+06   2.1362305e+01
   2.6338200e+06   2.2644043e+01
   2.6343240e+06   2.0690918e+01
   2.6356930e+06   2.0568848e+01
   2.6365650e+06   2.2033691e+01
   2.6434030e+06   2.3986816e+01
   2.6450390e+06   2.1362305e+01
   2.6522700e+06   2.8198242e+01
   2.6538640e+06   2.2583008e+01
   2.6587530e+06   2.6977539e+01
   2.6592690e+06   2.0446777e+01
   2.6606020e+06   2.1484375e+01
   2.6626460e+06   2.1728516e+01
   2.6692660e+06   2.0751953e+01
   2.6752150e+06   2.3681641e+01
   2.6791580e+06   2.6855469e+01
   2.6794830e+06   2.2155762e+01
   2.6834540e+06   2.2338867e+01
   2.6877620e+06   2.0507812e+01
   2.6899000e+06   2.4230957e+01
   2.6992340e+06   2.1362305e+01
   2.7016000e+06   2.2094727e+01
   2.7070470e+06   2.1606445e+01
   2.7075610e+06   2.2949219e+01
   2.7113100e+06   2.5512695e+01
   2.7168310e+06   2.3437500e+01
   2.7252610e+06   2.2155762e+01
   2.7309920e+06   2.0996094e+01
   2.7337270e+06   2.3864746e+01
   2.7406520e+06   2.5024414e+01
   2.7459700e+06   2.1484375e+01
   2.7546290e+06   2.3925781e+01
   2.7571940e+06   2.0385742e+01
   2.7699630e+06   2.1911621e+01
   2.7723050e+06   2.0812988e+01
   2.7873540e+06   2.2705078e+01
   2.7903090e+06   2.0874023e+01
   2.7911910e+06   2.2094727e+01
   2.7993050e+06   2.0935059e+01
   2.8010700e+06   2.3498535e+01
   2.8043170e+06   2.0263672e+01
   2.8147160e+06   2.5146484e+01
   2.8193930e+06   2.6611328e+01
   2.8274520e+06   2.2338867e+01
   2.8440130e+06   2.1301270e+01
   2.8509560e+06   2.2827148e+01
   2.8559840e+06   2.0751953e+01
   2.8640340e+06   2.4536133e+01
   2.8739280e+06   2.7404785e+01
   2.8834820e+06   2.0324707e+01
   2.8876870e+06   2.3925781e+01
   2.9004570e+06   2.5817871e+01
   2.9194250e+06   2.1606445e+01
   2.9257880e+06   2.1911621e+01
   2.9292320e+06   2.7099609e+01
   2.9523180e+06   2.0324707e+01
   2.9573070e+06   2.7160645e+01
   2.9628240e+06   2.2521973e+01
   2.9731740e+06   2.2521973e+01
   2.9777790e+06   2.5024414e+01
   3.0000430e+06   2.3071289e+01
   3.0044360e+06   2.1057129e+01
   3.0069780e+06   2.1240234e+01
   3.0188830e+06   2.5390625e+01
   3.0355510e+06   2.1179199e+01
   3.0393740e+06   2.3010254e+01
   3.0444120e+06   2.1423340e+01
   3.0858040e+06   2.6367188e+01
   3.0893760e+06   2.1423340e+01
   3.0931250e+06   2.1240234e+01
   3.0979470e+06   1.9958496e+01
   3.1145380e+06   2.1057129e+01
   3.1210470e+06   2.5695801e+01
   3.1265110e+06   2.0080566e+01
   3.1353630e+06   2.1301270e+01
   3.1404890e+06   2.3376465e+01
   3.1514220e+06   2.0751953e+01
   3.1598050e+06   2.2521973e+01
   3.1659210e+06   2.1362305e+01
   3.1922740e+06   2.1728516e+01
   3.2165820e+06   2.1972656e+01
   3.2326970e+06   2.0141602e+01
   3.2410730e+06   2.4841309e+01
   3.2431710e+06   2.6245117e+01
   3.2525120e+06   2.4108887e+01
   3.2791530e+06   2.3010254e+01
   3.2914350e+06   2.3925781e+01
   3.2965990e+06   2.0263672e+01
   3.3164420e+06   2.3620605e+01
   3.3363120e+06   2.4841309e+01
   3.3404430e+06   2.1179199e+01
   3.3491550e+06   2.5512695e+01
   3.3702660e+06   2.3010254e+01
   3.3931960e+06   2.4108887e+01
   3.4037810e+06   2.1484375e+01
   3.4050020e+06   2.5085449e+01
   3.4050660e+06   2.2033691e+01
   3.4050940e+06   2.0080566e+01
   3.4051220e+06   2.2827148e+01
   3.4051380e+06   2.2399902e+01
   3.4051630e+06   2.3803711e+01
   3.4051740e+06   2.4291992e+01
   3.4051930e+06   2.5939941e+01
   3.4052200e+06   2.8747559e+01
   3.4052480e+06   2.5451660e+01
   3.4052890e+06   2.0874023e+01
   3.4053110e+06   2.0202637e+01
   3.4053250e+06   2.0202637e+01
   3.4053560e+06   2.2460938e+01
   3.4054320e+06   2.6489258e+01
   3.4055080e+06   2.0385742e+01
   3.4055990e+06   1.9958496e+01
   3.4344610e+06   2.1240234e+01
   3.4370590e+06   2.1911621e+01
   3.4401830e+06   2.0751953e+01
   3.4449610e+06   2.4353027e+01
   3.4470320e+06   2.0202637e+01
   3.4503920e+06   2.1789551e+01
   3.4527110e+06   2.3376465e+01
   3.4552200e+06   2.3925781e+01
   3.4558590e+06   2.2521973e+01
   3.4586530e+06   2.2949219e+01
   3.4631780e+06   2.2766113e+01
   3.4687520e+06   2.0080566e+01
   3.4703140e+06   2.2888184e+01
   3.4735770e+06   2.3010254e+01
   3.4746710e+06   2.3254395e+01
   3.4778910e+06   2.3986816e+01
   3.4817060e+06   2.4475098e+01
   3.4848780e+06   2.0141602e+01
   3.4887730e+06   2.3925781e+01
   3.4913280e+06   2.0385742e+01
   3.4959460e+06   2.0019531e+01
   3.4990000e+06   2.1728516e+01
   3.4998080e+06   2.0324707e+01
   3.5016310e+06   2.7343750e+01
   3.5042210e+06   2.2094727e+01
   3.5054870e+06   2.4047852e+01
   3.5084600e+06   2.3193359e+01
   3.5099630e+06   2.0324707e+01
   3.5113370e+06   2.5329590e+01
   3.5146720e+06   1.9958496e+01
   3.5193140e+06   2.2277832e+01
   3.5198280e+06   2.5756836e+01
   3.5269400e+06   2.5390625e+01
   3.5286040e+06   2.3254395e+01
   3.5354310e+06   2.5268555e+01
   3.5375430e+06   2.4658203e+01
   3.5412740e+06   2.0812988e+01
   3.5433380e+06   2.5573730e+01
   3.5479800e+06   2.5024414e+01
   3.5539780e+06   2.2277832e+01
   3.5596720e+06   2.1911621e+01
   3.5645250e+06   2.0080566e+01
   3.5660200e+06   2.7587891e+01
   3.5745940e+06   2.2766113e+01
   3.5770390e+06   2.4169922e+01
   3.5808960e+06   2.3193359e+01
   3.5850230e+06   2.1606445e+01
   3.5911590e+06   2.5634766e+01
   3.5982390e+06   2.3681641e+01
   3.6023240e+06   2.2827148e+01
   3.6028330e+06   2.6062012e+01
   3.6051810e+06   2.2460938e+01
   3.6112090e+06   2.1667480e+01
   3.6135970e+06   2.0385742e+01
   3.6172520e+06   2.2705078e+01
   3.6213860e+06   2.1301270e+01
   3.6260430e+06   2.9235840e+01
   3.6351250e+06   2.8442383e+01
   3.6446160e+06   2.2705078e+01
   3.6464580e+06   2.2277832e+01
   3.6575760e+06   2.0874023e+01
   3.6610050e+06   2.2583008e+01
   3.6636680e+06   2.2460938e+01
   3.6725300e+06   2.0263672e+01
   3.6783100e+06   2.0080566e+01
   3.6880480e+06   2.0690918e+01
   3.6925130e+06   2.4291992e+01
   3.6995970e+06   2.4291992e+01
   3.7086050e+06   2.1606445e+01
   3.7146140e+06   2.2094727e+01
   3.7163070e+06   2.0385742e+01
   3.7208510e+06   2.7343750e+01
   3.7271450e+06   2.0385742e+01
   3.7378950e+06   2.4902344e+01
   3.7462640e+06   2.3559570e+01
   3.7537810e+06   2.0690918e+01
   3.7583360e+06   2.3376465e+01
   3.8058900e+06   2.3010254e+01
   3.8154720e+06   2.0996094e+01
   3.8374680e+06   2.5878906e+01
   3.8444360e+06   2.3437500e+01
   3.8460750e+06   2.2521973e+01
   3.8461660e+06   2.1362305e+01
   3.8462010e+06   2.3681641e+01
   3.8462480e+06   3.5461426e+01
   3.8462760e+06   3.6499023e+01
   3.8463050e+06   2.6367188e+01
   3.8463330e+06   2.0263672e+01
   3.8463720e+06   2.7709961e+01
   3.8463980e+06   2.0751953e+01
   3.8464610e+06   2.0629883e+01
   3.8465050e+06   2.0202637e+01
   3.8465780e+06   2.0812988e+01
   3.8466230e+06   2.4291992e+01
   3.8467470e+06   2.7099609e+01
   3.8730230e+06   2.2155762e+01
   3.8750650e+06   2.3132324e+01
   3.8778550e+06   2.3803711e+01
   3.8799720e+06   2.6062012e+01
   3.8833970e+06   2.7465820e+01
   3.8844350e+06   2.1301270e+01
   3.8879820e+06   2.1179199e+01
   3.8892460e+06   2.3437500e+01
   3.8924340e+06   1.9958496e+01
   3.8930920e+06   2.2460938e+01
   3.8968630e+06   2.3254395e+01
   3.8990440e+06   2.1362305e+01
   3.9009110e+06   2.0812988e+01
   3.9022550e+06   2.0874023e+01
   3.9067950e+06   2.1850586e+01
   3.9087570e+06   2.2399902e+01
   3.9098670e+06   2.7099609e+01
   3.9162300e+06   2.5207520e+01
   3.9177340e+06   2.3437500e+01
   3.9195920e+06   2.3986816e+01
   3.9229880e+06   2.8381348e+01
   3.9238160e+06   2.0141602e+01
   3.9274610e+06   2.4047852e+01
   3.9327520e+06   2.6306152e+01
   3.9333190e+06   2.1301270e+01
   3.9374410e+06   2.0202637e+01
   3.9405340e+06   2.1240234e+01
   3.9409780e+06   2.6306152e+01
   3.9435260e+06   2.1606445e+01
   3.9444710e+06   2.6977539e+01
   3.9465100e+06   2.0812988e+01
   3.9476630e+06   2.1606445e+01
   3.9483560e+06   2.0629883e+01
   3.9493090e+06   2.2216797e+01
   3.9530810e+06   2.2644043e+01
   3.9537830e+06   2.0690918e+01
   3.9542970e+06   2.0690918e+01
   3.9553360e+06   2.1301270e+01
   3.9571120e+06   2.0385742e+01
   3.9595260e+06   2.2460938e+01
   3.9638520e+06   2.0080566e+01
   3.9644730e+06   2.3010254e+01
   3.9662440e+06   2.2094727e+01
   3.9722620e+06   2.0080566e+01
   3.9739930e+06   2.0935059e+01
   3.9759290e+06   2.4780273e+01
   3.9774010e+06   2.2827148e+01
   3.9806900e+06   2.0263672e+01
   3.9836620e+06   2.5268555e+01
   3.9858280e+06   2.3193359e+01
   3.9887210e+06   2.0324707e+01
   3.9905410e+06   2.3620605e+01
   3.9924840e+06   2.3864746e+01
   3.9943440e+06   2.3925781e+01
   4.0006840e+06   2.0141602e+01
   4.0050250e+06   2.6977539e+01
   4.0076160e+06   2.3071289e+01
   4.0135630e+06   2.1057129e+01
   4.0152460e+06   2.3864746e+01
   4.0171400e+06   2.6062012e+01
   4.0193630e+06   2.6611328e+01
   4.0236950e+06   2.0996094e+01
   4.0260630e+06   2.2521973e+01
   4.0315570e+06   2.0507812e+01
   4.0341880e+06   2.1789551e+01
   4.0368350e+06   2.1911621e+01
   4.0385460e+06   2.0324707e+01
   4.0412850e+06   2.6855469e+01
   4.0456150e+06   2.1606445e+01
   4.0471300e+06   2.3315430e+01
   4.0500010e+06   2.4230957e+01
   4.0522500e+06   2.0629883e+01
   4.0637480e+06   2.2644043e+01
   4.0650410e+06   2.3498535e+01
   4.0688310e+06   2.3010254e+01
   4.0762530e+06   2.1545410e+01
   4.0780900e+06   2.3864746e+01
   4.0802220e+06   2.3986816e+01
   4.0885690e+06   2.2094727e+01
   4.0915410e+06   2.2216797e+01
   4.0948110e+06   2.0751953e+01
   4.0972070e+06   2.2949219e+01
   4.1026800e+06   2.2827148e+01
   4.1066950e+06   2.9479980e+01
   4.1084630e+06   2.2766113e+01
   4.1108050e+06   3.0456543e+01
   4.1211820e+06   2.7954102e+01
   4.1217990e+06   2.1240234e+01
   4.1276960e+06   2.9846191e+01
   4.1355690e+06   1.9958496e+01
   4.1458730e+06   2.3132324e+01
   4.1496200e+06   2.0629883e+01
   4.1741260e+06   2.0080566e+01
   4.1780560e+06   2.1179199e+01
   4.1834460e+06   2.2644043e+01
   4.1870670e+06   2.3681641e+01
   4.1989680e+06   2.0690918e+01
   4.2099670e+06   2.1057129e+01
   4.2181330e+06   2.6794434e+01
   4.2256330e+06   2.0446777e+01
   4.2287020e+06   2.0690918e+01
   4.2380440e+06   2.0324707e+01
   4.2485600e+06   2.1057129e+01
   4.2584110e+06   2.2033691e+01
   4.2648080e+06   2.1850586e+01
   4.2717000e+06   2.1240234e+01
   4.2762340e+06   2.4108887e+01
   4.2776160e+06   2.1972656e+01
   4.2873000e+06   2.4108887e+01
   4.2951560e+06   2.3986816e+01
   4.2975460e+06   2.4047852e+01
   4.3002810e+06   2.1850586e+01
   4.3197430e+06   2.2277832e+01
   4.3218630e+06   2.6489258e+01
   4.3347030e+06   2.3742676e+01
   4.3386130e+06   2.8320312e+01
   4.3587150e+06   2.4963379e+01
   4.3601050e+06   2.1850586e+01
   4.3692140e+06   2.1118164e+01
   4.3718350e+06   2.1545410e+01
   4.3908290e+06   2.0874023e+01
   4.4045500e+06   2.5695801e+01
   4.4204610e+06   2.4230957e+01
   4.4244680e+06   2.0812988e+01
   4.4263690e+06   2.1057129e+01
   4.4463940e+06   2.1484375e+01
   4.4576710e+06   2.1667480e+01
   4.4653210e+06   2.1667480e+01
   4.4714370e+06   2.3864746e+01
   4.4827540e+06   2.3132324e+01
   4.5009650e+06   2.2766113e+01
   4.5131550e+06   2.3071289e+01
   4.5225490e+06   2.5634766e+01
   4.5464370e+06   2.0568848e+01
   4.5576880e+06   2.0568848e+01
   4.5838150e+06   2.0019531e+01
   4.5963130e+06   2.6123047e+01
   4.6121270e+06   2.0996094e+01
   4.6442230e+06   2.4047852e+01
   4.6550630e+06   2.0446777e+01
   4.6794170e+06   2.3376465e+01
   4.7177370e+06   2.1911621e+01
   4.7202540e+06   2.1606445e+01
   4.7283920e+06   2.1057129e+01
   4.7399500e+06   2.6123047e+01
   4.7488330e+06   2.2033691e+01
   4.7628730e+06   2.5878906e+01
   4.7874000e+06   2.6672363e+01
   4.7964730e+06   2.0874023e+01
   4.8028000e+06   2.2888184e+01
   4.8169760e+06   2.9846191e+01
   4.8169890e+06   2.9235840e+01
   4.8170190e+06   3.1799316e+01
   4.8170460e+06   2.2888184e+01
   4.8170640e+06   2.0019531e+01
   4.8170810e+06   2.0751953e+01
   4.8171140e+06   2.4047852e+01
   4.8172400e+06   2.8198242e+01
   4.8172650e+06   2.1911621e+01
   4.8172960e+06   2.4475098e+01
   4.8173400e+06   2.2460938e+01
   4.8173820e+06   2.3864746e+01
   4.8175010e+06   2.0446777e+01
   4.8431130e+06   2.0874023e+01
   4.8454920e+06   2.0385742e+01
   4.8479710e+06   2.2949219e+01
   4.8537770e+06   2.1972656e+01
   4.8544820e+06   2.3986816e+01
   4.8563390e+06   2.0263672e+01
   4.8576540e+06   2.3254395e+01
   4.8606800e+06   2.1545410e+01
   4.8622430e+06   2.0874023e+01
   4.8648910e+06   2.0324707e+01
   4.8683660e+06   2.1667480e+01
   4.8690020e+06   2.1728516e+01
   4.8710830e+06   2.2338867e+01
   4.8728010e+06   2.5146484e+01
   4.8749830e+06   2.3193359e+01
   4.8825120e+06   2.2216797e+01
   4.8852810e+06   2.2583008e+01
   4.8887600e+06   2.1118164e+01
   4.8908880e+06   2.0629883e+01
   4.8924160e+06   2.4841309e+01
   4.8942260e+06   2.0019531e+01
   4.8955400e+06   2.3681641e+01
   4.8964290e+06   2.3132324e+01
   4.9010710e+06   2.4841309e+01
   4.9046120e+06   2.1545410e+01
   4.9073730e+06   2.0812988e+01
   4.9077770e+06   2.2094727e+01
   4.9135420e+06   2.1972656e+01
   4.9144800e+06   2.3620605e+01
   4.9224940e+06   2.0751953e+01
   4.9252180e+06   2.0324707e+01
   4.9272400e+06   2.3010254e+01
   4.9356210e+06   2.1057129e+01
   4.9384210e+06   2.0751953e+01
   4.9437700e+06   2.7832031e+01
   4.9450630e+06   2.4108887e+01
   4.9536040e+06   2.0202637e+01
   4.9564290e+06   2.2888184e+01
   4.9596790e+06   2.6672363e+01
   4.9623250e+06   2.0935059e+01
   4.9652300e+06   2.3498535e+01
   4.9731970e+06   2.4780273e+01
   4.9773090e+06   2.0263672e+01
   4.9793830e+06   2.3376465e+01
   4.9842900e+06   2.1301270e+01
   4.9858950e+06   2.1057129e+01
   4.9900920e+06   2.1484375e+01
   4.9963290e+06   2.3803711e+01
   4.9969890e+06   2.0812988e+01
   4.9994250e+06   2.2216797e+01
   5.0042640e+06   2.2766113e+01
   5.0094500e+06   2.0080566e+01
   5.0141230e+06   2.4536133e+01
   5.0142670e+06   3.0517578e+01
   5.0143270e+06   3.4423828e+01
   5.0143470e+06   2.9907227e+01
   5.0144130e+06   2.9052734e+01
   5.0144500e+06   2.5939941e+01
   5.0144830e+06   2.3315430e+01
   5.0145110e+06   2.4597168e+01
   5.0145430e+06   2.4719238e+01
   5.0146820e+06   2.1240234e+01
   5.0148720e+06   2.8381348e+01
   5.0380440e+06   2.0202637e+01
   5.0406680e+06   2.6367188e+01
   5.0442820e+06   2.3437500e+01
   5.0487280e+06   2.1484375e+01
   5.0528610e+06   2.0690918e+01
   5.0556370e+06   2.2583008e+01
   5.0579760e+06   2.1789551e+01
   5.0596450e+06   2.2338867e+01
   5.0604620e+06   2.1972656e+01
   5.0635390e+06   2.5329590e+01
   5.0650700e+06   2.3742676e+01
   5.0723130e+06   2.5878906e+01
   5.0737930e+06   2.5451660e+01
   5.0758040e+06   2.0751953e+01
   5.0770560e+06   2.0690918e+01
   5.0778750e+06   2.5817871e+01
   5.0795830e+06   2.8198242e+01
   5.0796370e+06   2.0446777e+01
   5.0796470e+06   2.9052734e+01
   5.0796760e+06   2.6306152e+01
   5.0797030e+06   2.2277832e+01
   5.0797210e+06   3.1127930e+01
   5.0798240e+06   2.4536133e+01
   5.0798840e+06   2.3986816e+01
   5.0799710e+06   2.1545410e+01
   5.0800150e+06   2.1789551e+01
   5.0800600e+06   2.2644043e+01
   5.0801680e+06   2.3925781e+01
   5.0956190e+06   2.0812988e+01
   5.0957020e+06   2.0507812e+01
   5.0957380e+06   2.0019531e+01
   5.0957600e+06   3.6499023e+01
   5.0957820e+06   2.3437500e+01
   5.0958180e+06   2.6489258e+01
   5.0958590e+06   1.9958496e+01
   5.0958920e+06   2.5024414e+01
   5.0959420e+06   2.1240234e+01
   5.0960170e+06   2.2644043e+01
   5.0960460e+06   2.6794434e+01
   5.0961520e+06   2.0202637e+01
   5.0962090e+06   2.0080566e+01
   5.0962400e+06   2.0019531e+01
   5.1163150e+06   2.2399902e+01
   5.1254390e+06   2.3437500e+01
   5.1254880e+06   2.5146484e+01
   5.1255160e+06   3.3447266e+01
   5.1255400e+06   2.3315430e+01
   5.1256130e+06   2.2766113e+01
   5.1256610e+06   2.4230957e+01
   5.1256970e+06   2.1850586e+01
   5.1257380e+06   2.0996094e+01
   5.1257880e+06   2.2949219e+01
   5.1258560e+06   2.3681641e+01
   5.1258940e+06   2.0385742e+01
   5.1259700e+06   2.0629883e+01
   5.1261590e+06   2.0019531e+01
   5.1262090e+06   2.5268555e+01
   5.1264640e+06   2.4047852e+01
   5.1418010e+06   3.0090332e+01
   5.1418390e+06   2.2583008e+01
   5.1418490e+06   2.8198242e+01
   5.1418940e+06   2.3010254e+01
   5.1419250e+06   2.3559570e+01
   5.1419520e+06   3.6254883e+01
   5.1419810e+06   2.5207520e+01
   5.1420430e+06   2.0141602e+01
   5.1422450e+06   2.0690918e+01
   5.1422950e+06   2.7404785e+01
   5.1423570e+06   2.0568848e+01
   5.1424720e+06   2.1362305e+01
   5.1431820e+06   2.3742676e+01
   5.1435560e+06   2.1667480e+01
   5.1583450e+06   3.7231445e+01
   5.1583580e+06   2.6428223e+01
   5.1583830e+06   2.0202637e+01
   5.1584100e+06   3.7719727e+01
   5.1584320e+06   2.2216797e+01
   5.1584540e+06   3.0639648e+01
   5.1584880e+06   2.3071289e+01
   5.1585230e+06   2.0690918e+01
   5.1585550e+06   2.6428223e+01
   5.1586210e+06   2.0385742e+01
   5.1586670e+06   3.0029297e+01
   5.1587110e+06   2.1179199e+01
   5.1587480e+06   2.5756836e+01
   5.1587940e+06   2.4963379e+01
   5.1590850e+06   2.0385742e+01
   5.1748540e+06   2.4475098e+01
   5.1748980e+06   2.3742676e+01
   5.1749320e+06   2.1728516e+01
   5.1749620e+06   3.1494141e+01
   5.1749950e+06   2.6794434e+01
   5.1750270e+06   2.3742676e+01
   5.1750830e+06   2.2155762e+01
   5.1751330e+06   2.1057129e+01
   5.1752070e+06   2.1179199e+01
   5.1752620e+06   2.7038574e+01
   5.1755350e+06   2.0080566e+01
   5.1755720e+06   2.3315430e+01
   5.1758270e+06   2.6489258e+01
   5.1898910e+06   1.9958496e+01
   5.1899530e+06   2.6489258e+01
   5.1899900e+06   2.1545410e+01
   5.1900000e+06   2.1728516e+01
   5.1900190e+06   2.3864746e+01
   5.1900490e+06   2.2644043e+01
   5.1900820e+06   2.6916504e+01
   5.1901870e+06   2.7954102e+01
   5.1903440e+06   2.3498535e+01
   5.1904250e+06   2.7038574e+01
   5.2042250e+06   2.1911621e+01
   5.2042420e+06   2.6428223e+01
   5.2042680e+06   2.2338867e+01
   5.2043090e+06   3.4851074e+01
   5.2043530e+06   2.3437500e+01
   5.2043700e+06   2.5756836e+01
   5.2044080e+06   2.4841309e+01
   5.2044490e+06   2.7282715e+01
   5.2045110e+06   2.2644043e+01
   5.2046720e+06   2.2094727e+01
   5.2047190e+06   2.0324707e+01
   5.2049670e+06   2.1362305e+01
   5.2175400e+06   3.5583496e+01
   5.2175610e+06   1.9958496e+01
   5.2176250e+06   2.1240234e+01
   5.2176380e+06   2.0812988e+01
   5.2177020e+06   2.5268555e+01
   5.2177370e+06   2.4230957e+01
   5.2178430e+06   2.3010254e+01
   5.2179160e+06   2.1850586e+01
   5.2179790e+06   2.4230957e+01
   5.2180990e+06   2.4169922e+01
   5.2181940e+06   2.1789551e+01
   5.2329480e+06   2.3620605e+01
   5.2329810e+06   3.5034180e+01
   5.2330290e+06   2.5390625e+01
   5.2330400e+06   2.9174805e+01
   5.2330780e+06   3.3569336e+01
   5.2331040e+06   2.0202637e+01
   5.2331160e+06   2.6306152e+01
   5.2331830e+06   2.2583008e+01
   5.2333120e+06   2.7893066e+01
   5.2333370e+06   2.1240234e+01
   5.2333840e+06   2.3132324e+01
   5.2334230e+06   1.9958496e+01
   5.2334900e+06   2.1606445e+01
   5.2471740e+06   2.1301270e+01
   5.2517720e+06   2.2277832e+01
   5.2520590e+06   2.7770996e+01
   5.2521940e+06   2.6855469e+01
   5.2523510e+06   2.1850586e+01
   5.2524920e+06   2.6672363e+01
   5.2525890e+06   2.0874023e+01
   5.2528380e+06   2.1301270e+01
   5.2530670e+06   2.1484375e+01
   5.2593710e+06   2.2094727e+01
   5.2647520e+06   2.0996094e+01
   5.2669040e+06   2.1850586e+01
   5.2669760e+06   2.1850586e+01
   5.2671160e+06   2.0874023e+01
   5.2671410e+06   2.1423340e+01
   5.2672770e+06   2.5756836e+01
   5.2674380e+06   3.1860352e+01
   5.2675290e+06   2.0141602e+01
   5.2675760e+06   2.8015137e+01
   5.2676410e+06   2.1728516e+01
   5.2677250e+06   2.5268555e+01
   5.2679850e+06   2.3132324e+01
   5.2739190e+06   2.0080566e+01
   5.2762380e+06   2.3071289e+01
   5.2779230e+06   2.0690918e+01
   5.2781180e+06   2.0812988e+01
   5.2781980e+06   2.6306152e+01
   5.2856440e+06   2.1484375e+01
   5.2859490e+06   2.4536133e+01
   5.2933670e+06   2.2888184e+01
   5.2935360e+06   2.4230957e+01
   5.2936480e+06   2.0080566e+01
   5.2938250e+06   2.1545410e+01
   5.3048250e+06   2.2827148e+01
   5.3054530e+06   2.0263672e+01
   5.3070300e+06   2.0019531e+01
   5.3085200e+06   2.1301270e+01
   5.3085550e+06   2.3315430e+01
   5.3086420e+06   2.2705078e+01
   5.3087620e+06   2.6428223e+01
   5.3090800e+06   2.0141602e+01
   5.3274160e+06   2.4658203e+01
   5.3306970e+06   2.4291992e+01
   5.3340920e+06   2.1972656e+01
   5.3370980e+06   2.1240234e+01
   5.3394760e+06   2.0812988e+01
   5.3424250e+06   2.3803711e+01
   5.3481150e+06   2.3193359e+01
   5.3490080e+06   2.1057129e+01
   5.3532640e+06   2.2949219e+01
   5.3633400e+06   2.2521973e+01
   5.3680430e+06   2.1301270e+01
   5.3694700e+06   2.3254395e+01
   5.3757890e+06   2.2216797e+01
   5.3775540e+06   2.3193359e+01
   5.3800690e+06   2.2094727e+01
   5.3805880e+06   2.3742676e+01
   5.3868470e+06   2.2155762e+01
   5.3877170e+06   2.0690918e+01
   5.3887310e+06   2.1179199e+01
   5.3915060e+06   2.2094727e+01
   5.3922170e+06   2.1301270e+01
   5.3937880e+06   2.0141602e+01
   5.3963750e+06   2.0874023e+01
   5.3984630e+06   2.4597168e+01
   5.4001260e+06   2.1911621e+01
   5.4061380e+06   2.1484375e+01
   5.4066650e+06   2.2338867e+01
   5.4071490e+06   2.1301270e+01
   5.4086210e+06   2.0751953e+01
   5.4122680e+06   2.0446777e+01
   5.4133080e+06   2.0263672e+01
   5.4180430e+06   2.0935059e+01
   5.4192250e+06   2.2583008e+01
   5.4216350e+06   2.1179199e+01
   5.4234160e+06   2.0202637e+01
   5.4297780e+06   2.2949219e+01
   5.4313440e+06   2.6306152e+01
   5.4323200e+06   2.0568848e+01
   5.4393290e+06   2.0385742e+01
   5.4411780e+06   2.3132324e+01
   5.4439080e+06   2.1545410e+01
   5.4445470e+06   2.4414062e+01
   5.4480930e+06   2.0812988e+01
   5.4503150e+06   2.0019531e+01
   5.4539750e+06   2.0812988e+01
   5.4552140e+06   2.1667480e+01
   5.4557990e+06   2.1606445e+01
   5.4569520e+06   2.1606445e+01
   5.4587660e+06   2.1606445e+01
   5.4601310e+06   2.5024414e+01
   5.4609350e+06   2.7526855e+01
   5.4635460e+06   2.1179199e+01
   5.4644730e+06   2.0263672e+01
   5.4653150e+06   2.0996094e+01
   5.4673340e+06   2.0446777e+01
   5.4690080e+06   2.1057129e+01
   5.4714280e+06   2.4108887e+01
   5.4741220e+06   2.2155762e+01
   5.4775340e+06   2.0263672e+01
   5.4788130e+06   2.1118164e+01
   5.4802550e+06   1.9958496e+01
   5.4811660e+06   2.2277832e+01
   5.4819040e+06   2.0202637e+01
   5.4843460e+06   2.3498535e+01
   5.4850110e+06   2.1545410e+01
   5.4881340e+06   2.2033691e+01
   5.4889720e+06   2.6062012e+01
   5.4973820e+06   2.0568848e+01
   5.4977950e+06   2.2766113e+01
   5.5030370e+06   2.2216797e+01
   5.5036400e+06   2.2216797e+01
   5.5064120e+06   2.3437500e+01
   5.5085540e+06   2.0751953e+01
   5.5135790e+06   3.2714844e+01
   5.5140900e+06   2.0263672e+01
   5.5145910e+06   2.1728516e+01
   5.5163000e+06   2.1850586e+01
   5.5183340e+06   2.0629883e+01
   5.5189130e+06   2.2705078e+01
   5.5209270e+06   2.0507812e+01
   5.5238170e+06   2.0874023e+01
   5.5244810e+06   2.3071289e+01
   5.5272300e+06   2.1179199e+01
   5.5277430e+06   2.2033691e+01
   5.5291900e+06   2.2705078e+01
   5.5310760e+06   2.2460938e+01
   5.5317300e+06   2.4108887e+01
   5.5324890e+06   2.5085449e+01
   5.5333680e+06   2.2766113e+01
   5.5346200e+06   2.2644043e+01
   5.5389340e+06   2.2766113e+01
   5.5394670e+06   2.6062012e+01
   5.5419150e+06   2.2827148e+01
   5.5424220e+06   2.3925781e+01
   5.5441900e+06   2.2277832e+01
   5.5472910e+06   2.0141602e+01
   5.5512870e+06   2.2338867e+01
   5.5547510e+06   2.0751953e+01
   5.5553810e+06   2.5207520e+01
   5.5582690e+06   2.0568848e+01
   5.5587670e+06   2.0812988e+01
   5.5610520e+06   2.8076172e+01
   5.5645280e+06   2.2155762e+01
   5.5650810e+06   2.1362305e+01
   5.5675590e+06   2.2033691e+01
   5.5699590e+06   2.1789551e+01
   5.5706480e+06   2.3254395e+01
   5.5710810e+06   2.2033691e+01
   5.5763300e+06   2.5207520e+01
   5.5781660e+06   2.2399902e+01
   5.5791630e+06   2.0874023e+01
   5.5821020e+06   2.2644043e+01
   5.5839300e+06   2.0019531e+01
   5.5864020e+06   2.2460938e+01
   5.5893210e+06   2.3010254e+01
   5.5906080e+06   2.0202637e+01
   5.5923050e+06   2.4902344e+01
   5.5951380e+06   2.1545410e+01
   5.5977980e+06   2.1179199e+01
   5.6015310e+06   2.5085449e+01
   5.6054810e+06   2.1057129e+01
   5.6076530e+06   2.1789551e+01
   5.6100950e+06   2.4169922e+01
   5.6147270e+06   2.1545410e+01
   5.6157690e+06   2.1972656e+01
   5.6163170e+06   2.4536133e+01
   5.6175880e+06   2.0263672e+01
   5.6196670e+06   2.1240234e+01
   5.6205720e+06   2.4047852e+01
   5.6213420e+06   2.0507812e+01
   5.6238980e+06   2.2521973e+01
   5.6256140e+06   2.2644043e+01
   5.6337250e+06   2.4475098e+01
   5.6345260e+06   2.1911621e+01
   5.6361870e+06   2.5268555e+01
   5.6376020e+06   2.3925781e+01
   5.6406770e+06   2.0324707e+01
   5.6430850e+06   2.2155762e+01
   5.6446530e+06   2.5085449e+01
   5.6452430e+06   2.3315430e+01
   5.6487080e+06   2.1423340e+01
   5.6492630e+06   2.5817871e+01
   5.6505270e+06   2.6428223e+01
   5.6511670e+06   2.0874023e+01
   5.6554180e+06   2.0141602e+01
   5.6560040e+06   2.4475098e+01
   5.6602900e+06   2.1423340e+01
   5.6637240e+06   2.1667480e+01
   5.6643590e+06   2.1240234e+01
   5.6668860e+06   2.0141602e+01
   5.6689230e+06   2.3132324e+01
   5.6714320e+06   2.6672363e+01
   5.6732000e+06   2.0385742e+01
   5.6760410e+06   2.0141602e+01
   5.6797730e+06   2.1606445e+01
   5.6813060e+06   2.0141602e+01
   5.6841730e+06   2.4963379e+01
   5.6848380e+06   2.0019531e+01
   5.6879900e+06   2.2644043e+01
   5.6898820e+06   2.3803711e+01
   5.6943410e+06   2.1057129e+01
   5.6964130e+06   2.1423340e+01
   5.6969550e+06   2.2827148e+01
   5.6983910e+06   2.4291992e+01
   5.7033480e+06   2.2521973e+01
   5.7069510e+06   2.4719238e+01
   5.7119890e+06   2.4291992e+01
   5.7163220e+06   2.0385742e+01
   5.7168640e+06   2.0141602e+01
   5.7200630e+06   2.0446777e+01
   5.7212220e+06   2.9907227e+01
   5.7259890e+06   2.0080566e+01
   5.7294740e+06   2.5451660e+01
   5.7301810e+06   2.7587891e+01
   5.7377490e+06   2.3986816e+01
   5.7392670e+06   2.1301270e+01
   5.7428650e+06   2.0080566e+01
   5.7440060e+06   2.5512695e+01
   5.7520780e+06   2.6550293e+01
   5.7585360e+06   2.4475098e+01
   5.7614260e+06   2.1850586e+01
   5.7642870e+06   2.1301270e+01
   5.7663240e+06   2.0446777e+01
   5.7718070e+06   2.1240234e+01
   5.7764700e+06   2.1911621e+01
   5.7779600e+06   2.0019531e+01
   5.7818200e+06   2.4414062e+01
   5.7863970e+06   2.1057129e+01
   5.7884670e+06   2.0629883e+01
   5.7918240e+06   2.3193359e+01
   5.7959970e+06   2.4658203e+01
   5.8022600e+06   2.1179199e+01
   5.8050870e+06   2.0690918e+01
   5.8118670e+06   2.1850586e+01
   5.8147040e+06   2.0629883e+01
   5.8152180e+06   2.1789551e+01
   5.8170970e+06   2.2216797e+01
   5.8224440e+06   2.4414062e+01
   5.8250530e+06   2.1423340e+01
   5.8280300e+06   2.8320312e+01
   5.8286730e+06   2.5634766e+01
   5.8339220e+06   2.1362305e+01
   5.8390210e+06   2.1362305e+01
   5.8418730e+06   2.0690918e+01
   5.8512740e+06   2.2216797e+01
   5.8546910e+06   2.0202637e+01
   5.8627940e+06   2.0263672e+01
   5.8633470e+06   2.1667480e+01
   5.8662810e+06   2.3132324e+01
   5.8691720e+06   2.6672363e+01
   5.8739810e+06   2.0202637e+01
   5.8777350e+06   2.1057129e+01
   5.8810000e+06   2.1362305e+01
   5.8853090e+06   2.0324707e+01
   5.8889890e+06   2.3193359e+01
   5.8928330e+06   2.8137207e+01
   5.9044650e+06   2.1423340e+01
   5.9088390e+06   1.9958496e+01
   5.9119730e+06   2.2216797e+01
   5.9206870e+06   2.6794434e+01
   5.9259930e+06   2.0141602e+01
   5.9309090e+06   2.4108887e+01
   5.9366780e+06   2.3803711e+01
   5.9387290e+06   2.0935059e+01
   5.9450740e+06   2.1179199e+01
   5.9511770e+06   2.6916504e+01
   5.9580440e+06   2.3376465e+01
   5.9728780e+06   2.2277832e+01
   5.9930930e+06   2.6550293e+01
   5.9945870e+06   2.0019531e+01
