   5.9990000e+06   0.0000000e+00
   5.7493000e+04   3.3508301e+01
   2.3308200e+05   1.8676758e+01
   6.2887500e+05   1.8737793e+01
   9.0899100e+05   4.2175293e+01
   9.0903700e+05   6.2744141e+01
   9.0906700e+05   2.1301270e+01
   9.0907900e+05   3.0822754e+01
   9.0911400e+05   2.5695801e+01
   9.0913300e+05   3.0944824e+01
   9.0920700e+05   2.5085449e+01
   9.0927000e+05   1.8005371e+01
   9.1651900e+05   2.4291992e+01
   1.0233340e+06   3.9306641e+01
   1.0304630e+06   5.2062988e+01
   1.3473410e+06   2.1240234e+01
   1.3473590e+06   5.5969238e+01
   1.3473970e+06   3.1799316e+01
   1.3474240e+06   3.1616211e+01
   1.3474890e+06   2.9846191e+01
   1.3475570e+06   2.5207520e+01
   1.3476820e+06   1.8493652e+01
   1.3477400e+06   1.9348145e+01
   1.3545680e+06   2.3254395e+01
   1.4094220e+06   1.7578125e+01
   1.5398950e+06   1.8127441e+01
   1.6337260e+06   1.7761230e+01
   1.6921810e+06   4.2419434e+01
   1.6921930e+06   4.9133301e+01
   1.6922240e+06   3.3508301e+01
   1.6922430e+06   1.8432617e+01
   1.6923160e+06   3.6010742e+01
   1.6924470e+06   2.0935059e+01
   1.6926800e+06   2.3132324e+01
   1.6928020e+06   1.7517090e+01
   1.6933700e+06   1.7639160e+01
   1.6952940e+06   2.0385742e+01
   1.6969930e+06   2.3010254e+01
   1.6972080e+06   2.0263672e+01
   1.6973510e+06   1.9958496e+01
   1.7829740e+06   4.3029785e+01
   1.7932960e+06   1.7578125e+01
   2.2209560e+06   1.7517090e+01
   2.2243350e+06   1.7639160e+01
   2.2884810e+06   1.9226074e+01
   2.4368290e+06   1.8066406e+01
   2.4368430e+06   2.1118164e+01
   2.4368690e+06   4.9682617e+01
   2.4368870e+06   2.0446777e+01
   2.4369090e+06   3.3142090e+01
   2.4369490e+06   3.3081055e+01
   2.4369730e+06   2.9541016e+01
   2.4369950e+06   2.5390625e+01
   2.4370500e+06   2.0629883e+01
   2.4370800e+06   1.7578125e+01
   2.4372130e+06   1.8066406e+01
   2.4373320e+06   1.9470215e+01
   2.4373930e+06   1.9287109e+01
   2.4377110e+06   2.6306152e+01
   2.4377420e+06   2.9296875e+01
   2.4380570e+06   2.0690918e+01
   2.4384070e+06   1.8066406e+01
   2.4413930e+06   2.0690918e+01
   2.4415340e+06   2.0996094e+01
   2.4416980e+06   2.0935059e+01
   2.4418700e+06   2.0935059e+01
   2.4420520e+06   1.9042969e+01
   2.4421870e+06   2.0568848e+01
   2.6357850e+06   1.7578125e+01
   2.7067090e+06   1.8005371e+01
   2.8092000e+06   1.9165039e+01
   2.9492240e+06   1.7578125e+01
   3.2710360e+06   1.8920898e+01
   3.4050740e+06   4.0283203e+01
   3.4051070e+06   5.7006836e+01
   3.4051430e+06   3.1433105e+01
   3.4051850e+06   1.7883301e+01
   3.4051980e+06   3.0883789e+01
   3.4052590e+06   2.0874023e+01
   3.4078730e+06   1.9226074e+01
   3.4095990e+06   2.1606445e+01
   3.4097030e+06   2.0874023e+01
   3.4098460e+06   2.2583008e+01
   3.8462680e+06   3.9123535e+01
   3.8462960e+06   3.4667969e+01
   3.8463150e+06   2.1240234e+01
   3.8463350e+06   2.2155762e+01
   3.8463890e+06   2.2216797e+01
   3.8464480e+06   2.4963379e+01
   3.8465530e+06   2.0690918e+01
   3.8467170e+06   1.8371582e+01
   3.8467750e+06   1.9165039e+01
   3.8468620e+06   2.3071289e+01
   3.8469040e+06   1.9714355e+01
   3.8501250e+06   2.0080566e+01
   3.8506920e+06   2.1606445e+01
   3.8509310e+06   2.3315430e+01
   3.8510790e+06   1.9653320e+01
   3.8512510e+06   1.9531250e+01
   3.8514090e+06   1.7822266e+01
   3.8515620e+06   2.6184082e+01
   3.8517630e+06   2.4658203e+01
   3.8519780e+06   1.9531250e+01
   4.0301250e+06   2.8808594e+01
   4.1889920e+06   1.8920898e+01
   4.2326920e+06   1.7700195e+01
   4.8068350e+06   1.9287109e+01
   4.8169170e+06   2.1118164e+01
   4.8169370e+06   3.2287598e+01
   4.8169530e+06   2.2155762e+01
   4.8169690e+06   2.2949219e+01
   4.8169920e+06   1.9592285e+01
   4.8170340e+06   2.4291992e+01
   4.8171220e+06   2.4047852e+01
   4.8171480e+06   1.8676758e+01
   4.8172010e+06   1.9653320e+01
   4.8173000e+06   1.9104004e+01
   4.8173140e+06   1.9470215e+01
   4.8174120e+06   2.1362305e+01
   4.8174410e+06   1.7944336e+01
   4.8174740e+06   1.9531250e+01
   4.8187840e+06   1.8981934e+01
   4.8189320e+06   2.0568848e+01
   4.8224060e+06   1.8676758e+01
   4.8225810e+06   2.0263672e+01
   4.8227780e+06   2.2460938e+01
   4.8229720e+06   1.7578125e+01
   4.8241090e+06   2.5939941e+01
   5.0144070e+06   4.5532227e+01
   5.0144260e+06   4.0222168e+01
   5.0144390e+06   2.8869629e+01
   5.0144590e+06   2.9296875e+01
   5.0144690e+06   2.9663086e+01
   5.0144880e+06   1.8981934e+01
   5.0145130e+06   3.3142090e+01
   5.0145390e+06   2.0324707e+01
   5.0146880e+06   1.8432617e+01
   5.0147390e+06   1.7761230e+01
   5.0147670e+06   2.0874023e+01
   5.0148490e+06   1.9592285e+01
   5.0149130e+06   1.8005371e+01
   5.0150520e+06   1.8127441e+01
   5.0154030e+06   1.8554688e+01
   5.0156520e+06   1.8005371e+01
   5.0159870e+06   1.8981934e+01
   5.0162770e+06   2.0324707e+01
   5.0164220e+06   1.9042969e+01
   5.0166390e+06   1.7761230e+01
   5.0169160e+06   2.0568848e+01
   5.0172650e+06   1.8493652e+01
   5.0174850e+06   2.0812988e+01
   5.0797340e+06   4.1870117e+01
   5.0797620e+06   3.0944824e+01
   5.0797740e+06   2.6733398e+01
   5.0798520e+06   3.0029297e+01
   5.0799100e+06   1.8249512e+01
   5.0799610e+06   2.0812988e+01
   5.0800220e+06   1.9348145e+01
   5.0800950e+06   1.7700195e+01
   5.0816110e+06   1.8249512e+01
   5.0823350e+06   1.9348145e+01
   5.0825020e+06   1.8554688e+01
   5.0826460e+06   2.2949219e+01
   5.0827790e+06   1.8981934e+01
   5.0957710e+06   2.0446777e+01
   5.0958020e+06   4.3212891e+01
   5.0958190e+06   1.8188477e+01
   5.0958470e+06   2.8076172e+01
   5.0958620e+06   2.6489258e+01
   5.0959150e+06   2.6000977e+01
   5.0959890e+06   1.7822266e+01
   5.0961340e+06   1.9226074e+01
   5.0963730e+06   1.9409180e+01
   5.0965360e+06   1.7578125e+01
   5.0967040e+06   2.3864746e+01
   5.0969660e+06   2.0019531e+01
   5.0970520e+06   1.7822266e+01
   5.0970780e+06   1.8920898e+01
   5.0975920e+06   2.1545410e+01
   5.0982300e+06   1.8859863e+01
   5.1255220e+06   1.8249512e+01
   5.1255320e+06   4.3090820e+01
   5.1255490e+06   2.3437500e+01
   5.1255720e+06   3.1982422e+01
   5.1255870e+06   2.4047852e+01
   5.1256140e+06   2.0874023e+01
   5.1256460e+06   1.8005371e+01
   5.1257080e+06   1.9226074e+01
   5.1261140e+06   1.8615723e+01
   5.1264060e+06   1.7944336e+01
   5.1268630e+06   2.2766113e+01
   5.1272180e+06   1.9592285e+01
   5.1277830e+06   1.8981934e+01
   5.1279270e+06   1.9531250e+01
   5.1283390e+06   1.7578125e+01
   5.1419300e+06   6.4575195e+01
   5.1419470e+06   2.4047852e+01
   5.1419750e+06   4.0466309e+01
   5.1420060e+06   2.1179199e+01
   5.1420180e+06   2.7526855e+01
   5.1420500e+06   2.5817871e+01
   5.1420830e+06   1.8676758e+01
   5.1421370e+06   2.7465820e+01
   5.1423730e+06   1.9165039e+01
   5.1426190e+06   2.1667480e+01
   5.1427690e+06   1.8981934e+01
   5.1428610e+06   2.1606445e+01
   5.1430230e+06   1.8249512e+01
   5.1439120e+06   1.7578125e+01
   5.1440950e+06   2.2033691e+01
   5.1584750e+06   6.8176270e+01
   5.1584980e+06   1.8005371e+01
   5.1585180e+06   3.8208008e+01
   5.1585400e+06   2.0812988e+01
   5.1585550e+06   2.8015137e+01
   5.1585740e+06   2.0019531e+01
   5.1586590e+06   1.8127441e+01
   5.1587390e+06   1.8188477e+01
   5.1589070e+06   1.8066406e+01
   5.1595970e+06   1.8005371e+01
   5.1596960e+06   1.8066406e+01
   5.1601490e+06   1.8859863e+01
   5.1607340e+06   1.9653320e+01
   5.1749480e+06   1.7822266e+01
   5.1749790e+06   4.6142578e+01
   5.1749890e+06   3.4973145e+01
   5.1750020e+06   1.9531250e+01
   5.1750240e+06   3.4729004e+01
   5.1750650e+06   3.0395508e+01
   5.1750880e+06   2.5146484e+01
   5.1751290e+06   1.8249512e+01
   5.1751790e+06   1.7822266e+01
   5.1752580e+06   1.9714355e+01
   5.1753520e+06   1.7761230e+01
   5.1754430e+06   1.9226074e+01
   5.1755400e+06   1.9531250e+01
   5.1756500e+06   2.6855469e+01
   5.1765820e+06   2.2460938e+01
   5.1900370e+06   4.4799805e+01
   5.1900570e+06   3.2714844e+01
   5.1900950e+06   3.1188965e+01
   5.1901420e+06   2.0446777e+01
   5.1901860e+06   2.0751953e+01
   5.1902430e+06   1.8798828e+01
   5.1902680e+06   1.8249512e+01
   5.1904580e+06   1.9104004e+01
   5.1905380e+06   1.7944336e+01
   5.1907620e+06   1.8127441e+01
   5.2043610e+06   4.2785645e+01
   5.2043890e+06   2.8442383e+01
   5.2044140e+06   3.2348633e+01
   5.2044250e+06   2.2827148e+01
   5.2044740e+06   2.8625488e+01
   5.2045050e+06   1.7944336e+01
   5.2045740e+06   1.8127441e+01
   5.2046660e+06   2.0751953e+01
   5.2047660e+06   1.7761230e+01
   5.2047830e+06   1.9897461e+01
   5.2065970e+06   2.0507812e+01
   5.2068050e+06   1.8310547e+01
   5.2176990e+06   1.9226074e+01
   5.2177380e+06   4.0771484e+01
   5.2177890e+06   2.6428223e+01
   5.2178410e+06   2.2094727e+01
   5.2178710e+06   2.3742676e+01
   5.2179350e+06   2.0629883e+01
   5.2179980e+06   2.0629883e+01
   5.2184100e+06   1.7883301e+01
   5.2185330e+06   1.7639160e+01
   5.2188440e+06   1.7883301e+01
   5.2331230e+06   1.8798828e+01
   5.2331710e+06   3.7902832e+01
   5.2332050e+06   1.8676758e+01
   5.2332300e+06   2.5756836e+01
   5.2332430e+06   2.6306152e+01
   5.2332810e+06   2.9785156e+01
   5.2333010e+06   2.5817871e+01
   5.2333300e+06   2.0385742e+01
   5.2333630e+06   2.0629883e+01
   5.2333920e+06   3.0944824e+01
   5.2336980e+06   2.0324707e+01
   5.2342270e+06   1.9348145e+01
   5.2344080e+06   1.8249512e+01
   5.2525610e+06   2.0202637e+01
   5.2528140e+06   2.3742676e+01
   5.2529570e+06   1.7578125e+01
   5.2530030e+06   2.6977539e+01
   5.2534460e+06   2.2705078e+01
   5.2675970e+06   2.1667480e+01
   5.2677970e+06   2.5207520e+01
   5.2679740e+06   2.4108887e+01
   5.2682810e+06   2.2338867e+01
   5.7572730e+06   1.8920898e+01
   5.8174090e+06   3.7780762e+01
