   5.9990000e+06   0.0000000e+00
   4.3151000e+04   1.7395020e+01
   1.2737100e+05   1.3183594e+01
   1.2761000e+05   1.3427734e+01
   1.2769600e+05   1.3977051e+01
   1.2770700e+05   1.6723633e+01
   3.5631000e+05   1.3366699e+01
   3.5637200e+05   1.3732910e+01
   8.3672200e+05   1.3977051e+01
   1.0463720e+06   1.3305664e+01
   1.0466450e+06   1.6113281e+01
   1.0466670e+06   1.6723633e+01
   1.0467090e+06   1.3549805e+01
   1.1743670e+06   1.3122559e+01
   1.1745990e+06   1.5686035e+01
   1.6869090e+06   1.3793945e+01
   2.0717900e+06   1.4770508e+01
   2.0718550e+06   1.5502930e+01
   2.4212710e+06   1.3916016e+01
   2.4213610e+06   1.3549805e+01
   2.9215990e+06   1.4831543e+01
   2.9217890e+06   1.6723633e+01
   3.3276150e+06   1.3916016e+01
   3.7065890e+06   1.5930176e+01
   3.7066840e+06   1.3122559e+01
   4.0151870e+06   1.3671875e+01
   4.0152550e+06   1.3000488e+01
   4.5630200e+06   1.4282227e+01
   5.1403810e+06   1.5136719e+01
   5.4962410e+06   1.3671875e+01
   5.5028500e+06   1.4221191e+01
   5.5886100e+06   1.3671875e+01
   5.7902520e+06   2.0935059e+01
   5.7903520e+06   1.8188477e+01
