   5.9990000e+06   0.0000000e+00
   4.3186000e+04   1.3183594e+01
   1.2781800e+05   1.2939453e+01
   4.3697600e+05   1.2573242e+01
   5.6850800e+05   1.2329102e+01
   8.3677700e+05   1.3183594e+01
   8.3692100e+05   1.2573242e+01
   1.0469890e+06   1.3122559e+01
   1.0470290e+06   1.3610840e+01
   1.1746870e+06   1.3183594e+01
   1.1748860e+06   1.3061523e+01
   1.6869140e+06   1.3488770e+01
   2.0718470e+06   1.3366699e+01
   2.0720550e+06   1.2695312e+01
   2.4214450e+06   1.3549805e+01
   2.5540670e+06   1.4526367e+01
   2.5541070e+06   1.2817383e+01
   2.5544740e+06   1.2390137e+01
   2.7411390e+06   1.2634277e+01
   2.9219470e+06   1.2817383e+01
   2.9221900e+06   1.4038086e+01
   3.0860480e+06   1.2817383e+01
   3.3277450e+06   1.6845703e+01
   4.0154900e+06   1.3977051e+01
   4.2128850e+06   1.5991211e+01
   4.4472930e+06   1.2634277e+01
   5.1403920e+06   1.5014648e+01
   5.4224330e+06   1.2634277e+01
   5.7898060e+06   1.2573242e+01
   5.7904230e+06   1.3244629e+01
   5.7907120e+06   1.2573242e+01
