   5.9990000e+06   0.0000000e+00
   4.3064000e+04   1.3061523e+01
   1.2784100e+05   1.5014648e+01
   1.2789100e+05   1.2817383e+01
   1.2798200e+05   1.3061523e+01
   3.5633700e+05   1.3671875e+01
   3.5639600e+05   1.6235352e+01
   3.5644400e+05   1.3610840e+01
   3.5646200e+05   1.3488770e+01
   5.6833500e+05   1.5686035e+01
   5.6836000e+05   1.3061523e+01
   5.6843900e+05   1.3793945e+01
   5.6857000e+05   1.2451172e+01
   5.6859700e+05   1.3488770e+01
   8.3675200e+05   1.2939453e+01
   8.3681300e+05   1.4038086e+01
   8.3686600e+05   1.5136719e+01
   8.4171200e+05   1.2451172e+01
   9.1635900e+05   1.2573242e+01
   1.0466390e+06   1.2817383e+01
   1.0467480e+06   1.4038086e+01
   1.0468720e+06   1.3244629e+01
   1.1217800e+06   1.3549805e+01
   1.1573490e+06   1.4160156e+01
   1.1745810e+06   1.4221191e+01
   1.1746910e+06   1.3610840e+01
   1.2999590e+06   1.2939453e+01
   1.6761490e+06   1.2695312e+01
   1.6868030e+06   1.5136719e+01
   1.6872930e+06   1.3305664e+01
   1.9479060e+06   1.2939453e+01
   2.0718260e+06   1.5747070e+01
   2.0718660e+06   1.3916016e+01
   2.0720120e+06   1.3244629e+01
   2.4023050e+06   1.2512207e+01
   2.4214170e+06   1.4343262e+01
   2.5540690e+06   1.2634277e+01
   2.5540910e+06   1.2817383e+01
   2.5541010e+06   1.5441895e+01
   2.7114630e+06   1.2939453e+01
   2.8015210e+06   1.3061523e+01
   2.8211900e+06   1.3122559e+01
   2.9218400e+06   1.3732910e+01
   2.9218570e+06   1.6418457e+01
   3.3276440e+06   1.5380859e+01
   3.3277050e+06   1.5563965e+01
   3.3277470e+06   1.2512207e+01
   3.3277740e+06   1.5991211e+01
   3.3421980e+06   1.2451172e+01
   3.7066750e+06   1.4038086e+01
   3.7067650e+06   1.4221191e+01
   3.7068580e+06   1.3061523e+01
   3.9337930e+06   1.2878418e+01
   3.9528410e+06   1.3549805e+01
   4.0151250e+06   1.4038086e+01
   4.0151550e+06   1.4892578e+01
   4.0153890e+06   1.3549805e+01
   4.1092480e+06   1.4770508e+01
   4.1121570e+06   1.3061523e+01
   4.1219050e+06   1.3366699e+01
   4.1307700e+06   1.3244629e+01
   4.1748050e+06   1.2817383e+01
   4.2127150e+06   1.3366699e+01
   4.2369610e+06   1.2756348e+01
   4.3486180e+06   1.2451172e+01
   4.3893070e+06   1.3000488e+01
   4.5629320e+06   1.4099121e+01
   4.5629500e+06   1.3122559e+01
   4.5630290e+06   1.2817383e+01
   5.1403370e+06   1.3061523e+01
   5.1404130e+06   1.4404297e+01
   5.1404620e+06   1.3366699e+01
   5.1404830e+06   1.2756348e+01
   5.6150330e+06   1.2451172e+01
   5.7903310e+06   1.3549805e+01
   5.7904100e+06   1.5014648e+01
   5.7904210e+06   1.6967773e+01
