   5.9990000e+06   0.0000000e+00
   4.3116000e+04   1.2695313e+01
   1.2784200e+05   1.3122559e+01
   1.2788600e+05   1.3366699e+01
   1.9322000e+05   1.3061523e+01
   3.5651100e+05   1.2756348e+01
   3.5652500e+05   1.4709473e+01
   3.5665300e+05   1.3366699e+01
   5.6832100e+05   1.3305664e+01
   5.6838700e+05   1.2939453e+01
   5.6842700e+05   1.5625000e+01
   5.6853300e+05   1.3854980e+01
   7.8475300e+05   1.2695312e+01
   8.3682600e+05   1.3061523e+01
   1.0467820e+06   1.4465332e+01
   1.1746890e+06   1.5625000e+01
   1.1747040e+06   1.3671875e+01
   1.6866300e+06   1.2634277e+01
   1.6870180e+06   1.9897461e+01
   1.6870760e+06   1.2634277e+01
   2.0719670e+06   1.4038086e+01
   2.0721450e+06   1.2817383e+01
   2.0721930e+06   1.2634277e+01
   2.4214610e+06   1.3122559e+01
   2.4215270e+06   1.3366699e+01
   2.5540700e+06   1.4526367e+01
   2.5540810e+06   1.5991211e+01
   2.5541780e+06   1.2695312e+01
   2.5542100e+06   1.3305664e+01
   2.6117750e+06   1.2573242e+01
   2.9220600e+06   1.4465332e+01
   3.3277140e+06   1.3183594e+01
   3.3277820e+06   1.3916016e+01
   3.7067810e+06   1.2878418e+01
   3.7068580e+06   1.3366699e+01
   3.7070580e+06   1.2634277e+01
   3.9709680e+06   1.2573242e+01
   4.0150770e+06   1.4099121e+01
   4.0151440e+06   1.3427734e+01
   4.0151590e+06   1.2817383e+01
   4.0152270e+06   1.2756348e+01
   4.2128020e+06   1.3732910e+01
   4.2128750e+06   1.3732910e+01
   4.2129400e+06   1.4038086e+01
   4.5628440e+06   1.2756348e+01
   4.5630170e+06   1.3183594e+01
   4.5630410e+06   1.7272949e+01
   4.8851690e+06   1.2695312e+01
   5.0627410e+06   1.2634277e+01
   5.1404950e+06   1.2939453e+01
   5.1405060e+06   1.2634277e+01
   5.7905010e+06   1.3549805e+01
   5.7905380e+06   1.4404297e+01
