   5.9990000e+06   0.0000000e+00
   4.3169000e+04   1.2207031e+01
   4.3232000e+04   1.4038086e+01
   4.3287000e+04   1.3305664e+01
   4.3310000e+04   1.3427734e+01
   1.2787300e+05   1.4953613e+01
   1.2793000e+05   1.3854980e+01
   3.5645800e+05   1.5502930e+01
   3.5649500e+05   1.2268066e+01
   3.5654900e+05   1.2207031e+01
   5.6322000e+05   1.2023926e+01
   5.6837600e+05   1.2878418e+01
   5.6842100e+05   1.2329102e+01
   5.6846700e+05   1.3122559e+01
   5.6849300e+05   1.3061523e+01
   5.6852100e+05   1.4465332e+01
   5.6863500e+05   1.3061523e+01
   7.4857300e+05   1.2390137e+01
   8.3687600e+05   1.3122559e+01
   8.3693200e+05   1.2878418e+01
   8.3694600e+05   1.3244629e+01
   8.3702200e+05   1.3000488e+01
   8.3710200e+05   1.4526367e+01
   1.0467600e+06   1.2023926e+01
   1.0468630e+06   1.3977051e+01
   1.0469310e+06   1.2817383e+01
   1.1746750e+06   1.6174316e+01
   1.1747520e+06   1.6174316e+01
   1.1747950e+06   1.2023926e+01
   1.6865600e+06   1.3671875e+01
   1.6870000e+06   1.2390137e+01
   1.6870980e+06   1.6723633e+01
   2.0719390e+06   1.2084961e+01
   2.4215980e+06   1.3427734e+01
   2.5541650e+06   1.3793945e+01
   2.5542650e+06   1.3305664e+01
   2.9221010e+06   1.3183594e+01
   3.3307130e+06   1.3244629e+01
   4.0151380e+06   1.4404297e+01
   4.2128920e+06   1.2634277e+01
   4.2129740e+06   1.2634277e+01
   4.5629930e+06   1.2573242e+01
   4.5631190e+06   1.3061523e+01
   4.7773260e+06   1.2695312e+01
   5.7245080e+06   1.2573242e+01
   5.7905770e+06   1.4404297e+01
