   5.9990000e+06   0.0000000e+00
   4.3103000e+04   1.4709473e+01
   4.3164000e+04   1.2756348e+01
   4.3197000e+04   1.4038086e+01
   4.3241000e+04   1.5930176e+01
   4.3317000e+04   1.4465332e+01
   4.3360000e+04   1.5441895e+01
   4.3898000e+04   1.4160156e+01
   1.2785000e+05   1.2817383e+01
   1.2789300e+05   1.2573242e+01
   1.2792900e+05   1.4709473e+01
   1.2796800e+05   1.3122559e+01
   1.2801500e+05   1.5014648e+01
   1.2804400e+05   1.3122559e+01
   2.2103300e+05   1.3000488e+01
   3.5639400e+05   1.6296387e+01
   3.5643500e+05   1.6113281e+01
   3.5644500e+05   1.3488770e+01
   3.5646900e+05   1.2756348e+01
   3.5649700e+05   1.3122559e+01
   3.5653800e+05   1.3244629e+01
   3.5655300e+05   1.2756348e+01
   3.5667000e+05   1.2939453e+01
   5.6838100e+05   1.2939453e+01
   5.6843800e+05   1.7700195e+01
   5.6847900e+05   1.3916016e+01
   5.6849500e+05   1.5319824e+01
   5.6855100e+05   1.3793945e+01
   5.6860100e+05   1.3488770e+01
   7.9945100e+05   1.3183594e+01
   8.3679400e+05   1.7517090e+01
   8.3686300e+05   1.4526367e+01
   8.3688100e+05   1.5625000e+01
   8.3690100e+05   1.6113281e+01
   8.3691800e+05   1.5563965e+01
   8.3697000e+05   1.5014648e+01
   8.3700100e+05   1.4221191e+01
   8.3707000e+05   1.3244629e+01
   9.3513200e+05   1.3366699e+01
   1.0467270e+06   1.2573242e+01
   1.0467830e+06   1.3427734e+01
   1.0468050e+06   1.2695312e+01
   1.0468220e+06   1.3793945e+01
   1.0468530e+06   1.8371582e+01
   1.0469200e+06   1.6723633e+01
   1.0474270e+06   1.2878418e+01
   1.0488230e+06   1.2573242e+01
   1.1746440e+06   1.2878418e+01
   1.1746910e+06   1.5991211e+01
   1.1747010e+06   1.5625000e+01
   1.1747470e+06   2.3010254e+01
   1.1748150e+06   1.5380859e+01
   1.1749490e+06   1.2939453e+01
   1.6864050e+06   1.6967773e+01
   1.6864960e+06   1.3610840e+01
   1.6867680e+06   1.3122559e+01
   1.6868920e+06   1.2695313e+01
   1.6869910e+06   1.5502930e+01
   1.6870010e+06   1.4526367e+01
   1.6872300e+06   1.2695312e+01
   1.6895610e+06   1.3000488e+01
   1.9607530e+06   1.4709473e+01
   2.0718840e+06   1.4282227e+01
   2.0719920e+06   1.7272949e+01
   2.0720330e+06   2.4414062e+01
   2.0720820e+06   1.5930176e+01
   2.0720980e+06   1.3854980e+01
   2.0721660e+06   1.3122559e+01
   2.0813280e+06   1.2756348e+01
   2.2718810e+06   1.3427734e+01
   2.2839350e+06   1.2573242e+01
   2.4214070e+06   1.4038086e+01
   2.4214320e+06   1.5625000e+01
   2.4214490e+06   1.5930176e+01
   2.4214610e+06   1.6113281e+01
   2.4214890e+06   1.5197754e+01
   2.4215010e+06   1.5563965e+01
   2.4215380e+06   1.2878418e+01
   2.4215950e+06   1.6235352e+01
   2.4218310e+06   1.2512207e+01
   2.4223510e+06   1.2695312e+01
   2.5540780e+06   1.5991211e+01
   2.5541400e+06   1.5136719e+01
   2.5541560e+06   1.3488770e+01
   2.5541990e+06   2.1057129e+01
   2.5542120e+06   1.7517090e+01
   2.5542610e+06   1.3671875e+01
   2.5542990e+06   1.7272949e+01
   2.5545900e+06   1.2573242e+01
   2.5549660e+06   1.3061523e+01
   2.9218420e+06   1.3793945e+01
   2.9218780e+06   1.4160156e+01
   2.9219330e+06   1.4343262e+01
   2.9219550e+06   1.4709473e+01
   2.9219740e+06   1.3244629e+01
   2.9219960e+06   1.4099121e+01
   2.9220650e+06   2.1240234e+01
   2.9226530e+06   1.2878418e+01
   3.3276360e+06   1.3671875e+01
   3.3276900e+06   1.5014648e+01
   3.3277060e+06   1.2878418e+01
   3.3277650e+06   1.3122559e+01
   3.3277890e+06   1.5380859e+01
   3.3278320e+06   1.5625000e+01
   3.3278540e+06   1.4465332e+01
   3.3525750e+06   1.2878418e+01
   3.3553690e+06   1.3000488e+01
   3.7066940e+06   1.3000488e+01
   3.7067810e+06   1.2695312e+01
   3.7068090e+06   1.6357422e+01
   3.7068480e+06   1.4709473e+01
   3.7068680e+06   1.3000488e+01
   3.7069130e+06   1.9653320e+01
   3.7069490e+06   1.3122559e+01
   3.7894710e+06   1.2939453e+01
   4.0147750e+06   1.3916016e+01
   4.0148310e+06   1.3061523e+01
   4.0149530e+06   1.4038086e+01
   4.0149970e+06   1.3244629e+01
   4.0150510e+06   1.3732910e+01
   4.0151070e+06   1.4770508e+01
   4.0151470e+06   1.7517090e+01
   4.0152640e+06   1.2512207e+01
   4.0153780e+06   1.2512207e+01
   4.0813930e+06   1.3610840e+01
   4.1934480e+06   1.4648438e+01
   4.2128350e+06   1.2512207e+01
   4.2128780e+06   1.3916016e+01
   4.2129010e+06   1.7272949e+01
   4.2130020e+06   1.2939453e+01
   4.2130380e+06   1.3366699e+01
   4.2130650e+06   1.3122559e+01
   4.2275930e+06   1.4404297e+01
   4.5626200e+06   1.4160156e+01
   4.5628230e+06   1.3854980e+01
   4.5628470e+06   1.6906738e+01
   4.5628720e+06   1.3122559e+01
   4.5629230e+06   1.9653320e+01
   4.5629360e+06   1.6906738e+01
   4.5630030e+06   1.4038086e+01
   4.5630150e+06   1.3977051e+01
   4.5633260e+06   1.3122559e+01
   4.5636340e+06   1.2878418e+01
   4.5642330e+06   1.3305664e+01
   4.7932900e+06   1.2695312e+01
   5.0641630e+06   1.2939453e+01
   5.1400130e+06   1.3244629e+01
   5.1401550e+06   1.2451172e+01
   5.1401670e+06   1.2512207e+01
   5.1402150e+06   1.3122559e+01
   5.1403040e+06   1.9470215e+01
   5.1403420e+06   1.3488770e+01
   5.1403690e+06   1.6845703e+01
   5.1403960e+06   1.3000488e+01
   5.1404730e+06   1.2451172e+01
   5.1405470e+06   1.3793945e+01
   5.1423220e+06   1.3671875e+01
   5.7903860e+06   1.7333984e+01
   5.7904380e+06   1.2817383e+01
   5.7904630e+06   1.8676758e+01
   5.7905010e+06   1.5747070e+01
   5.7905330e+06   1.6296387e+01
   5.7905520e+06   1.3000488e+01
   5.7905770e+06   1.2817383e+01
   5.7917330e+06   1.3061523e+01
   5.7918810e+06   1.2756348e+01
   5.7924350e+06   1.3732910e+01
   5.8028360e+06   1.2451172e+01
