   5.9990000e+06   0.0000000e+00
   1.2792000e+04   1.4526367e+01
   4.2662000e+04   1.5197754e+01
   4.2755000e+04   1.3427734e+01
   4.2798000e+04   1.7700195e+01
   4.2830000e+04   1.5747070e+01
   4.2863000e+04   1.5563965e+01
   4.2880000e+04   1.6174316e+01
   4.2917000e+04   2.5146484e+01
   4.2955000e+04   1.8188477e+01
   4.2971000e+04   1.9592285e+01
   4.2994000e+04   1.4221191e+01
   4.3023000e+04   2.1362305e+01
   4.3056000e+04   1.5441895e+01
   4.3072000e+04   2.6428223e+01
   4.3103000e+04   2.4902344e+01
   4.3141000e+04   1.4587402e+01
   4.3151000e+04   1.7639160e+01
   4.3169000e+04   2.1362305e+01
   4.3220000e+04   2.3071289e+01
   4.3283000e+04   1.4587402e+01
   4.3307000e+04   1.4099121e+01
   4.3346000e+04   1.8920898e+01
   4.3359000e+04   1.3977051e+01
   4.3383000e+04   1.3671875e+01
   4.3431000e+04   1.5136719e+01
   4.3478000e+04   1.6601562e+01
   4.3571000e+04   1.5808105e+01
   4.3620000e+04   2.1728516e+01
   4.3725000e+04   1.3916016e+01
   4.3781000e+04   1.3610840e+01
   4.3853000e+04   1.4892578e+01
   4.3914000e+04   1.2756348e+01
   4.3949000e+04   1.7150879e+01
   4.4066000e+04   1.5502930e+01
   4.4406000e+04   1.9226074e+01
   4.5782000e+04   1.3366699e+01
   4.6048000e+04   1.3000488e+01
   4.6877000e+04   1.4709473e+01
   4.9528000e+04   1.5625000e+01
   5.5430000e+04   1.4953613e+01
   5.8645000e+04   1.3977051e+01
   6.1313000e+04   1.4343262e+01
   6.3579000e+04   1.3427734e+01
   6.6463000e+04   1.2878418e+01
   6.7459000e+04   1.7089844e+01
   6.9349000e+04   1.4953613e+01
   7.0493000e+04   1.3000488e+01
   1.2736700e+05   1.4526367e+01
   1.2747400e+05   1.7150879e+01
   1.2749700e+05   1.3916016e+01
   1.2751900e+05   1.5747070e+01
   1.2754200e+05   1.5930176e+01
   1.2755400e+05   1.8432617e+01
   1.2756400e+05   1.3854980e+01
   1.2759200e+05   1.9104004e+01
   1.2761500e+05   2.6550293e+01
   1.2763900e+05   1.7150879e+01
   1.2767000e+05   2.3925781e+01
   1.2768400e+05   2.0324707e+01
   1.2769500e+05   1.8249512e+01
   1.2773100e+05   2.7832031e+01
   1.2775500e+05   1.9042969e+01
   1.2777600e+05   1.3000488e+01
   1.2779000e+05   2.3254395e+01
   1.2782000e+05   2.2338867e+01
   1.2783500e+05   1.3244629e+01
   1.2785300e+05   2.0690918e+01
   1.2788700e+05   1.5563965e+01
   1.2791800e+05   1.4709473e+01
   1.2798600e+05   1.3671875e+01
   1.2802900e+05   1.2756348e+01
   1.2809900e+05   1.4465332e+01
   1.2814300e+05   1.3854980e+01
   1.2819000e+05   1.4038086e+01
   1.2821500e+05   1.3977051e+01
   1.2823900e+05   1.3488770e+01
   1.2828200e+05   1.3061523e+01
   1.2841800e+05   1.5869141e+01
   1.2847200e+05   1.3122559e+01
   1.2878900e+05   1.8188477e+01
   1.2894000e+05   1.3061523e+01
   1.2962400e+05   1.3061523e+01
   1.2969200e+05   1.5808105e+01
   1.3007200e+05   1.6662598e+01
   1.3170500e+05   1.3549805e+01
   1.3273300e+05   1.3671875e+01
   1.5743200e+05   1.2878418e+01
   2.2615600e+05   1.4160156e+01
   2.3668100e+05   1.4465332e+01
   3.5602000e+05   1.3488770e+01
   3.5604500e+05   1.4526367e+01
   3.5605500e+05   2.2521973e+01
   3.5609300e+05   1.4892578e+01
   3.5612200e+05   2.0202637e+01
   3.5615400e+05   2.0141602e+01
   3.5621300e+05   2.3864746e+01
   3.5623500e+05   1.3732910e+01
   3.5625100e+05   1.7944336e+01
   3.5629500e+05   2.7954102e+01
   3.5632300e+05   1.3427734e+01
   3.5634700e+05   1.6174316e+01
   3.5636900e+05   2.2705078e+01
   3.5638000e+05   2.0385742e+01
   3.5642100e+05   2.3620605e+01
   3.5645500e+05   1.5441895e+01
   3.5649000e+05   2.0568848e+01
   3.5652700e+05   1.4465332e+01
   3.5655900e+05   1.5014648e+01
   3.5660200e+05   1.5014648e+01
   3.5664000e+05   1.7639160e+01
   3.5668900e+05   1.5197754e+01
   3.5673800e+05   1.4526367e+01
   3.5676300e+05   1.4282227e+01
   3.5694100e+05   1.3427734e+01
   3.5713600e+05   1.3488770e+01
   3.5728300e+05   1.5502930e+01
   3.5741300e+05   1.4221191e+01
   3.5743000e+05   1.5197754e+01
   3.5924200e+05   1.7700195e+01
   3.6137500e+05   1.4160156e+01
   3.6158800e+05   1.3854980e+01
   3.6175700e+05   1.4526367e+01
   3.6798800e+05   1.3122559e+01
   3.7279100e+05   1.3061523e+01
   3.8190600e+05   1.3488770e+01
   5.6790800e+05   1.3183594e+01
   5.6794900e+05   1.5563965e+01
   5.6800000e+05   1.3000488e+01
   5.6801900e+05   1.8493652e+01
   5.6805700e+05   2.3742676e+01
   5.6807600e+05   1.7333984e+01
   5.6810400e+05   1.3000488e+01
   5.6814300e+05   1.5136719e+01
   5.6816600e+05   1.4465332e+01
   5.6818700e+05   2.1240234e+01
   5.6820300e+05   2.4414062e+01
   5.6825300e+05   1.6784668e+01
   5.6826400e+05   1.4831543e+01
   5.6827700e+05   1.4221191e+01
   5.6830300e+05   2.4291992e+01
   5.6832800e+05   2.4230957e+01
   5.6833900e+05   1.5258789e+01
   5.6837000e+05   1.7944336e+01
   5.6839700e+05   1.2939453e+01
   5.6840700e+05   2.3925781e+01
   5.6844800e+05   1.6967773e+01
   5.6848200e+05   1.6662598e+01
   5.6851400e+05   1.4648438e+01
   5.6860900e+05   1.6174316e+01
   5.6864900e+05   1.3061523e+01
   5.6866000e+05   1.4648438e+01
   5.6870300e+05   1.3122559e+01
   5.6886000e+05   1.5197754e+01
   5.6899200e+05   1.3610840e+01
   5.6904400e+05   1.8310547e+01
   5.6919100e+05   1.8127441e+01
   5.6925700e+05   2.2033691e+01
   5.6931300e+05   1.6174316e+01
   5.6964700e+05   1.5808105e+01
   5.8045300e+05   1.3793945e+01
   5.9081000e+05   1.3183594e+01
   7.7891900e+05   1.3122559e+01
   8.2693600e+05   1.3671875e+01
   8.3636800e+05   1.3977051e+01
   8.3639500e+05   1.4160156e+01
   8.3646800e+05   1.5197754e+01
   8.3652000e+05   1.3366699e+01
   8.3655800e+05   1.5563965e+01
   8.3656900e+05   1.4892578e+01
   8.3659100e+05   1.7517090e+01
   8.3663900e+05   1.5380859e+01
   8.3665800e+05   1.4160156e+01
   8.3667900e+05   1.7272949e+01
   8.3670400e+05   1.3488770e+01
   8.3673100e+05   1.4770508e+01
   8.3674400e+05   1.3000488e+01
   8.3676000e+05   1.2817383e+01
   8.3679800e+05   2.4780273e+01
   8.3684100e+05   2.1423340e+01
   8.3685500e+05   1.8005371e+01
   8.3687100e+05   1.4221191e+01
   8.3689500e+05   1.6601562e+01
   8.3693700e+05   1.9958496e+01
   8.3698900e+05   1.8676758e+01
   8.3702100e+05   1.3000488e+01
   8.3704600e+05   1.2878418e+01
   8.3707800e+05   1.6052246e+01
   8.3711500e+05   1.8188477e+01
   8.3720000e+05   2.0263672e+01
   8.3725600e+05   1.2878418e+01
   8.3729500e+05   1.8737793e+01
   8.3745000e+05   1.5258789e+01
   8.3748600e+05   1.2817383e+01
   8.3761400e+05   1.4892578e+01
   8.3778100e+05   1.5869141e+01
   8.3781900e+05   1.2939453e+01
   8.3810800e+05   1.4953613e+01
   8.5203600e+05   1.2756348e+01
   1.0462910e+06   2.0690918e+01
   1.0463290e+06   1.5197754e+01
   1.0463850e+06   1.5991211e+01
   1.0463990e+06   2.6428223e+01
   1.0464470e+06   1.6235352e+01
   1.0464600e+06   1.6723633e+01
   1.0465200e+06   1.6845703e+01
   1.0465300e+06   1.4526367e+01
   1.0465740e+06   1.4282227e+01
   1.0465920e+06   1.3793945e+01
   1.0466350e+06   1.4404297e+01
   1.0466550e+06   1.9958496e+01
   1.0466770e+06   2.9602051e+01
   1.0467180e+06   1.8493652e+01
   1.0467340e+06   1.8432617e+01
   1.0467660e+06   1.3854980e+01
   1.0467800e+06   1.7150879e+01
   1.0468030e+06   1.4099121e+01
   1.0468390e+06   2.2521973e+01
   1.0468800e+06   1.4831543e+01
   1.0469180e+06   1.3000488e+01
   1.0469620e+06   1.6601562e+01
   1.0470000e+06   1.8066406e+01
   1.0470400e+06   1.4404297e+01
   1.0471300e+06   1.5136719e+01
   1.0471720e+06   1.5502930e+01
   1.0472900e+06   1.6723633e+01
   1.0473430e+06   1.6235352e+01
   1.0475020e+06   1.2817383e+01
   1.0477610e+06   1.5014648e+01
   1.0479280e+06   1.3427734e+01
   1.0481360e+06   1.5197754e+01
   1.0485520e+06   1.3305664e+01
   1.0485880e+06   1.3061523e+01
   1.0550470e+06   1.2817383e+01
   1.0665980e+06   1.3610840e+01
   1.1395780e+06   1.2878418e+01
   1.1741160e+06   1.7517090e+01
   1.1741930e+06   1.4160156e+01
   1.1742810e+06   1.5441895e+01
   1.1742980e+06   1.9958496e+01
   1.1743340e+06   1.4587402e+01
   1.1743610e+06   1.6967773e+01
   1.1743890e+06   1.7211914e+01
   1.1744240e+06   1.8371582e+01
   1.1744430e+06   1.5808105e+01
   1.1744750e+06   1.2939453e+01
   1.1745430e+06   2.0812988e+01
   1.1745810e+06   3.0090332e+01
   1.1746080e+06   1.9165039e+01
   1.1746180e+06   1.5686035e+01
   1.1746440e+06   1.7578125e+01
   1.1746880e+06   1.4587402e+01
   1.1747220e+06   1.8615723e+01
   1.1747570e+06   1.7211914e+01
   1.1747670e+06   1.3732910e+01
   1.1747890e+06   1.8188477e+01
   1.1748290e+06   2.4353027e+01
   1.1748690e+06   1.3000488e+01
   1.1749080e+06   1.3793945e+01
   1.1749880e+06   1.4160156e+01
   1.1750320e+06   1.4526367e+01
   1.1751880e+06   1.4465332e+01
   1.1752540e+06   1.4526367e+01
   1.1752820e+06   1.4587402e+01
   1.1754170e+06   1.7456055e+01
   1.1754900e+06   1.3244629e+01
   1.1757360e+06   1.3305664e+01
   1.1769180e+06   1.2878418e+01
   1.1771850e+06   1.8310547e+01
   1.1785840e+06   1.5441895e+01
   1.1794840e+06   1.7333984e+01
   1.1798640e+06   1.4160156e+01
   1.1809670e+06   1.4648438e+01
   1.1854480e+06   1.2817383e+01
   1.1896580e+06   1.3549805e+01
   1.5502740e+06   1.3671875e+01
   1.5830680e+06   1.4770508e+01
   1.6866220e+06   1.4587402e+01
   1.6866330e+06   1.7700195e+01
   1.6866770e+06   1.4099121e+01
   1.6866890e+06   2.0629883e+01
   1.6867140e+06   1.4099121e+01
   1.6867450e+06   1.7150879e+01
   1.6867600e+06   1.7700195e+01
   1.6867790e+06   1.9897461e+01
   1.6867990e+06   2.4475098e+01
   1.6868180e+06   2.2460938e+01
   1.6868420e+06   2.2094727e+01
   1.6868830e+06   1.5258789e+01
   1.6869150e+06   1.7089844e+01
   1.6869250e+06   2.3254395e+01
   1.6869510e+06   2.7343750e+01
   1.6869950e+06   1.9714355e+01
   1.6870120e+06   1.9775391e+01
   1.6870340e+06   1.9592285e+01
   1.6870760e+06   1.4282227e+01
   1.6871100e+06   2.2033691e+01
   1.6871450e+06   1.2817383e+01
   1.6871980e+06   1.9592285e+01
   1.6872840e+06   1.2939453e+01
   1.6873680e+06   1.3977051e+01
   1.6876310e+06   1.7578125e+01
   1.6876780e+06   1.4099121e+01
   1.6877770e+06   1.6662598e+01
   1.6878240e+06   1.5625000e+01
   1.6880580e+06   1.5930176e+01
   1.6883770e+06   1.5930176e+01
   1.6890490e+06   1.7639160e+01
   1.6890720e+06   1.4343262e+01
   1.6892400e+06   1.3244629e+01
   1.6895700e+06   1.3977051e+01
   1.6900940e+06   1.7211914e+01
   1.6929850e+06   1.3183594e+01
   1.6931350e+06   1.3488770e+01
   1.6983740e+06   1.2817383e+01
   1.7090400e+06   1.5563965e+01
   1.9020960e+06   1.5686035e+01
   1.9711650e+06   1.3000488e+01
   2.0334850e+06   1.4282227e+01
   2.0355270e+06   1.7395020e+01
   2.0374100e+06   1.7944336e+01
   2.0375210e+06   1.5075684e+01
   2.0713950e+06   1.7028809e+01
   2.0714830e+06   1.5930176e+01
   2.0715490e+06   1.8371582e+01
   2.0715600e+06   1.8371582e+01
   2.0715910e+06   1.3916016e+01
   2.0716050e+06   1.7639160e+01
   2.0716390e+06   1.6845703e+01
   2.0716490e+06   1.9958496e+01
   2.0716920e+06   1.8432617e+01
   2.0717020e+06   1.8127441e+01
   2.0717160e+06   2.2949219e+01
   2.0717610e+06   2.0874023e+01
   2.0717900e+06   2.3559570e+01
   2.0718070e+06   2.2216797e+01
   2.0718390e+06   2.7893066e+01
   2.0718710e+06   1.4709473e+01
   2.0719070e+06   2.0446777e+01
   2.0719260e+06   1.7700195e+01
   2.0719730e+06   1.3244629e+01
   2.0720300e+06   2.3254395e+01
   2.0720680e+06   2.0202637e+01
   2.0720900e+06   1.4404297e+01
   2.0721530e+06   1.4526367e+01
   2.0721940e+06   1.3854980e+01
   2.0722330e+06   1.4892578e+01
   2.0722630e+06   1.8127441e+01
   2.0724280e+06   1.3488770e+01
   2.0729080e+06   1.4587402e+01
   2.0730650e+06   1.2817383e+01
   2.0732110e+06   1.3244629e+01
   2.0736890e+06   1.5808105e+01
   2.0761820e+06   1.4587402e+01
   2.0779080e+06   1.4099121e+01
   2.0859940e+06   1.4038086e+01
   2.0861980e+06   1.3732910e+01
   2.0892770e+06   1.3488770e+01
   2.0901680e+06   1.2939453e+01
   2.1449080e+06   1.7028809e+01
   2.1827860e+06   1.2817383e+01
   2.2525320e+06   1.4221191e+01
   2.4209790e+06   1.6784668e+01
   2.4210180e+06   1.5441895e+01
   2.4210460e+06   2.2705078e+01
   2.4210720e+06   1.4343262e+01
   2.4211210e+06   1.4526367e+01
   2.4211490e+06   1.4099121e+01
   2.4211860e+06   1.9592285e+01
   2.4211960e+06   2.1362305e+01
   2.4212310e+06   1.7822266e+01
   2.4212630e+06   1.9958496e+01
   2.4212940e+06   3.1066895e+01
   2.4213070e+06   1.5075684e+01
   2.4213360e+06   1.3793945e+01
   2.4213570e+06   1.5625000e+01
   2.4213760e+06   1.7395020e+01
   2.4214060e+06   1.9836426e+01
   2.4214450e+06   1.7211914e+01
   2.4214790e+06   1.7761230e+01
   2.4215180e+06   1.7944336e+01
   2.4215330e+06   1.3000488e+01
   2.4215520e+06   1.5075684e+01
   2.4215860e+06   1.9287109e+01
   2.4216700e+06   1.3000488e+01
   2.4217220e+06   1.7883301e+01
   2.4217420e+06   1.4587402e+01
   2.4217940e+06   1.5563965e+01
   2.4218320e+06   1.6723633e+01
   2.4218940e+06   1.4709473e+01
   2.4220490e+06   1.3366699e+01
   2.4221200e+06   1.6906738e+01
   2.4222130e+06   1.9470215e+01
   2.4228920e+06   1.2756348e+01
   2.4232520e+06   1.4221191e+01
   2.4238540e+06   1.2756348e+01
   2.4263710e+06   1.4160156e+01
   2.4288840e+06   1.2756348e+01
   2.4297060e+06   1.5258789e+01
   2.4902700e+06   1.4709473e+01
   2.5417360e+06   1.3061523e+01
   2.5536680e+06   1.3854980e+01
   2.5536860e+06   1.7944336e+01
   2.5537800e+06   1.5747070e+01
   2.5537910e+06   1.3122559e+01
   2.5538140e+06   2.1972656e+01
   2.5538380e+06   1.3977051e+01
   2.5538790e+06   3.1005859e+01
   2.5539100e+06   1.6967773e+01
   2.5539360e+06   2.7832031e+01
   2.5539650e+06   1.6601562e+01
   2.5540160e+06   2.3681641e+01
   2.5540380e+06   1.8981934e+01
   2.5540570e+06   2.1301270e+01
   2.5540990e+06   1.4526367e+01
   2.5541260e+06   1.9897461e+01
   2.5541560e+06   1.4038086e+01
   2.5541990e+06   1.3610840e+01
   2.5542300e+06   1.4404297e+01
   2.5542670e+06   1.4343262e+01
   2.5543900e+06   1.3732910e+01
   2.5546320e+06   1.6906738e+01
   2.5546450e+06   1.2756348e+01
   2.5546800e+06   1.3427734e+01
   2.5547380e+06   1.4831543e+01
   2.5547880e+06   1.5258789e+01
   2.5549810e+06   1.4221191e+01
   2.5551590e+06   1.9287109e+01
   2.5571120e+06   2.1911621e+01
   2.5771960e+06   1.3366699e+01
   2.5878030e+06   1.3732910e+01
   2.6337530e+06   1.5563965e+01
   2.6577800e+06   1.4099121e+01
   2.6651220e+06   1.3183594e+01
   2.6795100e+06   1.3183594e+01
   2.6954570e+06   1.5869141e+01
   2.6973580e+06   1.3305664e+01
   2.7123470e+06   1.2878418e+01
   2.7579450e+06   1.3061523e+01
   2.7975520e+06   1.3000488e+01
   2.8681980e+06   1.3366699e+01
   2.8693080e+06   1.3061523e+01
   2.8712930e+06   1.7150879e+01
   2.9055920e+06   1.3610840e+01
   2.9214840e+06   1.3977051e+01
   2.9215140e+06   1.2939453e+01
   2.9215290e+06   1.7761230e+01
   2.9215760e+06   1.5380859e+01
   2.9216240e+06   1.2817383e+01
   2.9216420e+06   2.1606445e+01
   2.9216810e+06   1.7028809e+01
   2.9216980e+06   1.3732910e+01
   2.9217210e+06   2.1423340e+01
   2.9217390e+06   1.9042969e+01
   2.9217790e+06   1.8066406e+01
   2.9218000e+06   1.9714355e+01
   2.9218300e+06   1.8981934e+01
   2.9218500e+06   1.3610840e+01
   2.9218820e+06   2.5390625e+01
   2.9219080e+06   1.8859863e+01
   2.9219390e+06   1.2878418e+01
   2.9219810e+06   1.6357422e+01
   2.9219960e+06   2.1789551e+01
   2.9220330e+06   1.5258789e+01
   2.9220680e+06   1.6723633e+01
   2.9221110e+06   1.5197754e+01
   2.9221500e+06   1.7395020e+01
   2.9221910e+06   1.3732910e+01
   2.9222060e+06   1.2756348e+01
   2.9222280e+06   1.4038086e+01
   2.9222470e+06   1.4038086e+01
   2.9223340e+06   1.4343262e+01
   2.9224830e+06   1.3061523e+01
   2.9225650e+06   1.6479492e+01
   2.9226130e+06   1.6479492e+01
   2.9226900e+06   1.4404297e+01
   2.9228640e+06   1.3427734e+01
   2.9234730e+06   1.3305664e+01
   2.9270900e+06   1.6540527e+01
   2.9624880e+06   1.6845703e+01
   2.9790850e+06   1.5014648e+01
   2.9982440e+06   1.7700195e+01
   3.0093700e+06   1.3610840e+01
   3.0359390e+06   1.3793945e+01
   3.0781650e+06   1.3244629e+01
   3.1065600e+06   1.6357422e+01
   3.1176380e+06   1.4160156e+01
   3.1195740e+06   1.4770508e+01
   3.3272890e+06   1.4953613e+01
   3.3273370e+06   1.9470215e+01
   3.3273540e+06   1.4343262e+01
   3.3273870e+06   1.2817383e+01
   3.3274050e+06   2.2888184e+01
   3.3274380e+06   2.5268555e+01
   3.3274680e+06   2.4902344e+01
   3.3274830e+06   1.3305664e+01
   3.3275050e+06   1.6296387e+01
   3.3275180e+06   2.4780273e+01
   3.3275520e+06   1.7578125e+01
   3.3275700e+06   1.9226074e+01
   3.3275970e+06   2.2399902e+01
   3.3276240e+06   1.4587402e+01
   3.3276390e+06   1.6296387e+01
   3.3276580e+06   1.2817383e+01
   3.3276930e+06   1.5380859e+01
   3.3277120e+06   1.3000488e+01
   3.3277250e+06   2.3437500e+01
   3.3277580e+06   2.3986816e+01
   3.3277790e+06   1.3244629e+01
   3.3278430e+06   1.8798828e+01
   3.3278750e+06   1.3305664e+01
   3.3279110e+06   1.3977051e+01
   3.3279550e+06   1.3427734e+01
   3.3279850e+06   1.7272949e+01
   3.3280240e+06   1.5258789e+01
   3.3281190e+06   1.9165039e+01
   3.3281580e+06   1.5441895e+01
   3.3282870e+06   2.1423340e+01
   3.3283610e+06   1.3610840e+01
   3.3284040e+06   1.3732910e+01
   3.3284840e+06   1.5502930e+01
   3.3286340e+06   1.2817383e+01
   3.3287760e+06   1.5869141e+01
   3.3301150e+06   1.2939453e+01
   3.3336250e+06   1.3977051e+01
   3.3403600e+06   1.3549805e+01
   3.3405990e+06   1.3244629e+01
   3.3496730e+06   1.2878418e+01
   3.3519210e+06   1.2939453e+01
   3.4059290e+06   1.8066406e+01
   3.5454400e+06   1.6418457e+01
   3.7062490e+06   1.3610840e+01
   3.7063540e+06   2.1728516e+01
   3.7064020e+06   2.3498535e+01
   3.7064590e+06   1.6174316e+01
   3.7064810e+06   1.6540527e+01
   3.7065120e+06   2.0935059e+01
   3.7065440e+06   2.8625488e+01
   3.7065620e+06   1.5441895e+01
   3.7065830e+06   2.0202637e+01
   3.7065940e+06   1.4587402e+01
   3.7066150e+06   2.1240234e+01
   3.7066360e+06   1.6418457e+01
   3.7066540e+06   1.4465332e+01
   3.7066680e+06   2.1972656e+01
   3.7066930e+06   1.4587402e+01
   3.7067090e+06   2.1179199e+01
   3.7067330e+06   1.2939453e+01
   3.7067700e+06   1.5258789e+01
   3.7067950e+06   1.7333984e+01
   3.7068140e+06   1.5075684e+01
   3.7068410e+06   1.3000488e+01
   3.7068730e+06   1.6784668e+01
   3.7068880e+06   1.5625000e+01
   3.7069170e+06   1.7517090e+01
   3.7070420e+06   2.0141602e+01
   3.7070700e+06   1.4648438e+01
   3.7071100e+06   1.3549805e+01
   3.7074380e+06   1.4587402e+01
   3.7075520e+06   1.3610840e+01
   3.7076110e+06   1.3488770e+01
   3.7078520e+06   1.4282227e+01
   3.7080710e+06   1.5625000e+01
   3.7083230e+06   1.4099121e+01
   3.7096990e+06   1.3488770e+01
   3.7277230e+06   1.6662598e+01
   4.0148580e+06   1.2878418e+01
   4.0149430e+06   1.8066406e+01
   4.0150110e+06   1.9653320e+01
   4.0150390e+06   1.5441895e+01
   4.0150500e+06   1.3854980e+01
   4.0150620e+06   1.4770508e+01
   4.0150940e+06   2.0019531e+01
   4.0151130e+06   2.0629883e+01
   4.0151250e+06   1.4587402e+01
   4.0151650e+06   1.6845703e+01
   4.0152040e+06   2.8137207e+01
   4.0152180e+06   1.3671875e+01
   4.0152320e+06   1.8615723e+01
   4.0152490e+06   1.9958496e+01
   4.0152780e+06   1.8127441e+01
   4.0153120e+06   1.9592285e+01
   4.0153740e+06   1.4038086e+01
   4.0154060e+06   1.8249512e+01
   4.0154310e+06   1.3244629e+01
   4.0154420e+06   1.6784668e+01
   4.0154780e+06   1.7517090e+01
   4.0156060e+06   1.5991211e+01
   4.0158610e+06   1.7211914e+01
   4.0159770e+06   1.4221191e+01
   4.0160780e+06   1.4526367e+01
   4.0163810e+06   1.5380859e+01
   4.0187550e+06   1.3793945e+01
   4.0190030e+06   1.7944336e+01
   4.0260190e+06   1.3854980e+01
   4.0319460e+06   1.4892578e+01
   4.0344560e+06   1.4221191e+01
   4.0370700e+06   1.3916016e+01
   4.2123720e+06   1.3916016e+01
   4.2123870e+06   1.3610840e+01
   4.2124510e+06   1.6967773e+01
   4.2124800e+06   1.2817383e+01
   4.2125020e+06   1.5747070e+01
   4.2125400e+06   2.1057129e+01
   4.2125740e+06   1.7395020e+01
   4.2126050e+06   2.0812988e+01
   4.2126300e+06   1.9531250e+01
   4.2126630e+06   1.5747070e+01
   4.2126820e+06   1.4770508e+01
   4.2126930e+06   3.1982422e+01
   4.2127230e+06   1.4465332e+01
   4.2127520e+06   2.0935059e+01
   4.2127670e+06   1.7456055e+01
   4.2127950e+06   1.6601563e+01
   4.2128180e+06   1.7089844e+01
   4.2129210e+06   2.1972656e+01
   4.2129340e+06   1.3488770e+01
   4.2129640e+06   1.3366699e+01
   4.2130460e+06   1.3610840e+01
   4.2130900e+06   1.3488770e+01
   4.2135950e+06   1.7456055e+01
   4.2137820e+06   1.8188477e+01
   4.2138330e+06   1.5075684e+01
   4.2139050e+06   1.2878418e+01
   4.2342060e+06   1.3183594e+01
   4.2579690e+06   1.3549805e+01
   4.2682830e+06   1.5258789e+01
   4.3938530e+06   1.6540527e+01
   4.4031380e+06   1.3793945e+01
   4.4118990e+06   1.5258789e+01
   4.4305490e+06   1.5991211e+01
   4.5205930e+06   1.3061523e+01
   4.5554550e+06   1.4709473e+01
   4.5627100e+06   1.4465332e+01
   4.5627980e+06   1.6174316e+01
   4.5628420e+06   1.3610840e+01
   4.5628650e+06   1.7333984e+01
   4.5629130e+06   2.7282715e+01
   4.5629300e+06   1.6845703e+01
   4.5629410e+06   1.5319824e+01
   4.5629630e+06   1.9592285e+01
   4.5629790e+06   1.3122559e+01
   4.5629960e+06   1.6662598e+01
   4.5630060e+06   2.2338867e+01
   4.5630330e+06   2.0263672e+01
   4.5630440e+06   1.5319824e+01
   4.5630740e+06   2.7587891e+01
   4.5630960e+06   1.2939453e+01
   4.5631170e+06   1.7578125e+01
   4.5631480e+06   2.2033691e+01
   4.5632260e+06   1.6296387e+01
   4.5632630e+06   2.0080566e+01
   4.5632990e+06   1.3732910e+01
   4.5633430e+06   1.7456055e+01
   4.5633850e+06   2.2033691e+01
   4.5634120e+06   1.3305664e+01
   4.5634420e+06   1.2817383e+01
   4.5635240e+06   1.5563965e+01
   4.5635650e+06   1.3977051e+01
   4.5636010e+06   1.5930176e+01
   4.5636590e+06   1.5136719e+01
   4.5637270e+06   1.4221191e+01
   4.5638920e+06   1.3854980e+01
   4.5639260e+06   1.6357422e+01
   4.5641900e+06   1.5563965e+01
   4.5643920e+06   1.5747070e+01
   4.5644550e+06   1.3244629e+01
   4.5673070e+06   1.5319824e+01
   4.5898310e+06   1.3122559e+01
   4.7999140e+06   1.3916016e+01
   5.0187350e+06   1.5502930e+01
   5.1401620e+06   1.3427734e+01
   5.1401860e+06   1.3366699e+01
   5.1402110e+06   1.5502930e+01
   5.1402460e+06   1.4221191e+01
   5.1402560e+06   1.5319824e+01
   5.1402870e+06   2.1240234e+01
   5.1403270e+06   1.6967773e+01
   5.1403530e+06   2.3437500e+01
   5.1403760e+06   1.9042969e+01
   5.1403970e+06   1.6906738e+01
   5.1404100e+06   3.3935547e+01
   5.1404360e+06   2.2583008e+01
   5.1404760e+06   1.5991211e+01
   5.1404970e+06   1.3916016e+01
   5.1405100e+06   1.4892578e+01
   5.1405270e+06   1.8920898e+01
   5.1405400e+06   1.7883301e+01
   5.1405740e+06   1.4038086e+01
   5.1405940e+06   1.4221191e+01
   5.1406190e+06   1.5991211e+01
   5.1406530e+06   1.4587402e+01
   5.1406980e+06   1.9165039e+01
   5.1407350e+06   1.2939453e+01
   5.1408200e+06   1.5930176e+01
   5.1409020e+06   1.6906738e+01
   5.1409520e+06   1.3366699e+01
   5.1411830e+06   1.3366699e+01
   5.1412340e+06   1.4953613e+01
   5.1420260e+06   1.4648438e+01
   5.1435770e+06   1.3305664e+01
   5.1445260e+06   1.3732910e+01
   5.1446380e+06   1.4404297e+01
   5.1591490e+06   1.3549805e+01
   5.1592720e+06   1.3305664e+01
   5.1594100e+06   1.3732910e+01
   5.2784840e+06   1.7883301e+01
   5.2858130e+06   1.4221191e+01
   5.2892110e+06   1.3427734e+01
   5.4873510e+06   1.4526367e+01
   5.4894420e+06   1.9531250e+01
   5.4912500e+06   1.4526367e+01
   5.4959010e+06   1.6723633e+01
   5.5048140e+06   1.4648437e+01
   5.5055820e+06   1.5319824e+01
   5.5581610e+06   1.4099121e+01
   5.5685260e+06   1.4709473e+01
   5.5845020e+06   1.6113281e+01
   5.5931160e+06   1.3732910e+01
   5.6290180e+06   1.6296387e+01
   5.6342070e+06   1.4038086e+01
   5.6446750e+06   1.5136719e+01
   5.7613110e+06   1.6418457e+01
   5.7899850e+06   1.7333984e+01
   5.7900480e+06   1.8005371e+01
   5.7900880e+06   1.4770508e+01
   5.7901090e+06   1.4282227e+01
   5.7901230e+06   1.8188477e+01
   5.7901490e+06   1.9409180e+01
   5.7901680e+06   1.8920898e+01
   5.7901840e+06   2.2155762e+01
   5.7902140e+06   1.9897461e+01
   5.7902420e+06   2.0935059e+01
   5.7902980e+06   3.2104492e+01
   5.7903100e+06   2.1362305e+01
   5.7903430e+06   1.4709473e+01
   5.7903660e+06   2.3193359e+01
   5.7904220e+06   1.4831543e+01
   5.7904500e+06   1.5747070e+01
   5.7905250e+06   1.6296387e+01
   5.7906300e+06   1.3183594e+01
   5.7906660e+06   1.4831543e+01
   5.7907040e+06   1.6479492e+01
   5.7907350e+06   1.6357422e+01
   5.7907450e+06   1.3000488e+01
   5.7908590e+06   1.3061523e+01
   5.7909140e+06   1.3000488e+01
   5.7909480e+06   1.5625000e+01
   5.7912070e+06   1.6540527e+01
   5.7913310e+06   1.5502930e+01
   5.7916070e+06   1.3061523e+01
   5.7917690e+06   1.3549805e+01
   5.7918620e+06   1.4648438e+01
   5.7924470e+06   1.3305664e+01
   5.7972640e+06   1.2939453e+01
   5.8007280e+06   1.2817383e+01
   5.8058380e+06   1.3366699e+01
   5.8063280e+06   1.2817383e+01
