   5.9990000e+06   0.0000000e+00
   4.2990000e+04   1.4404297e+01
   4.3159000e+04   1.2573242e+01
   4.3350000e+04   1.3549805e+01
   4.3595000e+04   1.2390137e+01
   1.2771300e+05   1.7639160e+01
   1.2781700e+05   1.2390137e+01
   1.2785700e+05   1.4221191e+01
   1.2789300e+05   1.5991211e+01
   3.5638800e+05   1.3244629e+01
   5.6839500e+05   1.3061523e+01
   5.6844300e+05   1.6540527e+01
   5.6894700e+05   1.2939453e+01
   8.3682700e+05   1.3977051e+01
   8.3687700e+05   1.3610840e+01
   9.0578200e+05   1.2512207e+01
   1.0468050e+06   1.2817383e+01
   1.0468720e+06   1.5991211e+01
   1.1745020e+06   1.3977051e+01
   1.1746870e+06   1.2756348e+01
   2.0717290e+06   1.2634277e+01
   2.4213980e+06   1.4648438e+01
   2.4234250e+06   1.2451172e+01
   2.5541200e+06   1.3366699e+01
   2.5558790e+06   1.2329102e+01
   2.7674780e+06   1.2634277e+01
   2.7750730e+06   1.2878418e+01
   2.7984320e+06   1.2634277e+01
   3.3275050e+06   1.6174316e+01
   3.3277110e+06   1.3183594e+01
   3.3278780e+06   1.2145996e+01
   3.7065750e+06   1.3793945e+01
   3.7067270e+06   1.2939453e+01
   4.0150820e+06   1.3854980e+01
   4.2128250e+06   1.2878418e+01
   4.3385000e+06   1.2634277e+01
   4.5628430e+06   1.2390137e+01
   4.5629390e+06   1.2268066e+01
   4.5631260e+06   1.2390137e+01
   4.5632200e+06   1.2268066e+01
   5.1430620e+06   1.3244629e+01
   5.4391100e+06   1.2268066e+01
   5.4924810e+06   1.3061523e+01
   5.7903790e+06   1.3305664e+01
