   5.9990000e+06   0.0000000e+00
   4.3083000e+04   1.2817383e+01
   4.3116000e+04   1.3183594e+01
   4.3144000e+04   1.3488770e+01
   4.3176000e+04   1.4648438e+01
   4.3196000e+04   1.4831543e+01
   4.3247000e+04   1.2939453e+01
   4.3320000e+04   1.4099121e+01
   4.3460000e+04   1.3916016e+01
   4.3532000e+04   1.3793945e+01
   1.1642600e+05   1.3000488e+01
   1.2776200e+05   1.6235352e+01
   1.2781300e+05   1.3061523e+01
   1.2792100e+05   1.5686035e+01
   1.2796700e+05   1.2878418e+01
   1.2800600e+05   1.4892578e+01
   1.2805100e+05   1.2878418e+01
   3.5620100e+05   1.4404297e+01
   3.5632000e+05   2.3071289e+01
   3.5635100e+05   1.9958496e+01
   3.5639900e+05   1.3977051e+01
   3.5648100e+05   1.3061523e+01
   3.5653200e+05   1.3977051e+01
   5.6825100e+05   1.3244629e+01
   5.6829300e+05   1.3427734e+01
   5.6831000e+05   1.4770508e+01
   5.6835400e+05   1.3549805e+01
   5.6840600e+05   1.3427734e+01
   5.6842200e+05   1.6479492e+01
   8.3667600e+05   1.2878418e+01
   8.3690900e+05   1.3916016e+01
   8.3715500e+05   1.3183594e+01
   8.3739500e+05   1.3488770e+01
   8.3781600e+05   1.2878418e+01
   1.0465960e+06   1.2939453e+01
   1.0466130e+06   1.4526367e+01
   1.0466670e+06   1.6296387e+01
   1.0467020e+06   1.4282227e+01
   1.0467430e+06   1.8432617e+01
   1.0468210e+06   1.9042969e+01
   1.0468750e+06   1.4648438e+01
   1.0469320e+06   1.3305664e+01
   1.1745020e+06   1.2695312e+01
   1.1745700e+06   1.6967773e+01
   1.1746190e+06   1.2939453e+01
   1.1746460e+06   2.1911621e+01
   1.1746650e+06   1.2695312e+01
   1.1746960e+06   1.4343262e+01
   1.6867790e+06   1.4892578e+01
   1.6868140e+06   1.9042969e+01
   1.6868320e+06   1.7944336e+01
   1.6869560e+06   1.2695312e+01
   1.6869870e+06   1.2695312e+01
   2.0717740e+06   1.5686035e+01
   2.0718000e+06   1.6967773e+01
   2.0718630e+06   1.4526367e+01
   2.0718880e+06   1.3549805e+01
   2.0723130e+06   1.3122559e+01
   2.4213110e+06   1.6723633e+01
   2.4213880e+06   1.3000488e+01
   2.4214280e+06   1.4709473e+01
   2.4403210e+06   1.2756348e+01
   2.5539530e+06   1.3488770e+01
   2.5540450e+06   1.6479492e+01
   2.5540610e+06   1.6479492e+01
   2.5540880e+06   1.3610840e+01
   2.5541020e+06   1.7944336e+01
   2.5542030e+06   1.2939453e+01
   2.9217480e+06   1.3183594e+01
   2.9217910e+06   1.5686035e+01
   2.9218250e+06   1.2695312e+01
   2.9218530e+06   1.6845703e+01
   2.9219320e+06   1.3488770e+01
   2.9219440e+06   1.3488770e+01
   3.3276100e+06   2.0324707e+01
   3.3276730e+06   1.3061523e+01
   3.3277100e+06   1.2451172e+01
   3.3278720e+06   1.3061523e+01
   3.3280470e+06   1.2634277e+01
   3.3301200e+06   1.2512207e+01
   3.5616380e+06   1.2878418e+01
   3.7066140e+06   1.4770508e+01
   3.7066720e+06   1.3732910e+01
   3.7067160e+06   1.7456055e+01
   3.7067450e+06   1.3427734e+01
   3.7067990e+06   1.5136719e+01
   3.7071680e+06   1.3122559e+01
   4.0150330e+06   1.2451172e+01
   4.0151280e+06   1.5197754e+01
   4.0152790e+06   1.2390137e+01
   4.0153130e+06   1.3793945e+01
   4.1317150e+06   1.2512207e+01
   4.2126600e+06   1.2512207e+01
   4.2127550e+06   1.2634277e+01
   4.2127890e+06   1.8371582e+01
   4.2128130e+06   1.2512207e+01
   4.2128380e+06   1.2878418e+01
   4.2128920e+06   1.2573242e+01
   4.5629500e+06   1.4648438e+01
   4.5629930e+06   1.7822266e+01
   4.5630100e+06   1.4831543e+01
   4.5630330e+06   1.3366699e+01
   4.5631350e+06   1.3122559e+01
   4.9404380e+06   1.2512207e+01
   5.1228990e+06   1.2512207e+01
   5.1403480e+06   1.3061523e+01
   5.1404020e+06   1.3061523e+01
   5.1404620e+06   1.4648438e+01
   5.1405070e+06   1.3488770e+01
   5.1407470e+06   1.2817383e+01
   5.1417580e+06   1.3122559e+01
   5.4256430e+06   1.2512207e+01
   5.7903420e+06   1.4221191e+01
   5.7903520e+06   1.7333984e+01
   5.7904150e+06   1.8249512e+01
   5.7909400e+06   1.2756348e+01
   5.7921720e+06   1.2451172e+01
   5.7938070e+06   1.2695312e+01
   5.7964310e+06   1.2451172e+01
   5.8188500e+06   1.2451172e+01
