   5.9990000e+06   0.0000000e+00
   9.7950000e+04   2.3864746e+01
   2.8424200e+05   2.4291992e+01
   2.8875000e+05   2.4230957e+01
   4.7782600e+05   2.3986816e+01
   5.7893600e+05   2.5451660e+01
   9.0916700e+05   2.6855469e+01
   9.0946100e+05   2.3681641e+01
   9.0956000e+05   2.5634766e+01
   1.0083950e+06   2.4597168e+01
   1.0084800e+06   2.5329590e+01
   1.0086420e+06   2.4169922e+01
   2.1861670e+06   2.4047852e+01
   2.3208550e+06   2.4047852e+01
   2.5263450e+06   2.7343750e+01
   2.5264630e+06   2.4536133e+01
   2.6423820e+06   2.6306152e+01
   2.8387580e+06   2.3864746e+01
   3.1978680e+06   2.4353027e+01
   3.1979240e+06   2.5024414e+01
   3.6044210e+06   2.5268555e+01
   3.7506980e+06   2.4963379e+01
   3.9653180e+06   2.6123047e+01
   4.1602730e+06   2.4353027e+01
   4.3803210e+06   2.4841309e+01
   4.4047180e+06   2.5024414e+01
   4.5156320e+06   2.4963379e+01
   5.0945590e+06   2.4230957e+01
   5.4820780e+06   2.4475098e+01
