   5.9990000e+06   0.0000000e+00
   9.7983000e+04   2.5634766e+01
   9.8179000e+04   2.5329590e+01
   2.8906400e+05   2.8076172e+01
   2.9251600e+05   2.4353027e+01
   5.7873500e+05   2.6916504e+01
   5.7876300e+05   2.8015137e+01
   5.7893400e+05   2.7099609e+01
   5.7894600e+05   2.6184082e+01
   5.7899100e+05   2.6428223e+01
   5.8354900e+05   2.5817871e+01
   7.6561100e+05   2.8747559e+01
   7.6565200e+05   2.8137207e+01
   7.6583400e+05   2.4353027e+01
   9.0916900e+05   2.4414062e+01
   9.0926000e+05   3.2836914e+01
   9.0942500e+05   2.6977539e+01
   9.0956100e+05   2.5085449e+01
   9.0969100e+05   2.5085449e+01
   1.0084610e+06   2.5756836e+01
   1.0084980e+06   2.4414062e+01
   1.0087560e+06   2.4414062e+01
   1.8045230e+06   2.4536133e+01
   1.8046600e+06   2.5878906e+01
   1.9911650e+06   2.8747559e+01
   1.9912630e+06   2.7038574e+01
   1.9912960e+06   2.7038574e+01
   1.9914640e+06   2.5939941e+01
   2.0116100e+06   2.4780273e+01
   2.0355730e+06   2.6916504e+01
   2.0686520e+06   2.5512695e+01
   2.0760350e+06   2.4475098e+01
   2.1791850e+06   2.6672363e+01
   2.1794660e+06   2.5024414e+01
   2.2301010e+06   2.4597168e+01
   2.2609600e+06   2.4719238e+01
   2.2819320e+06   2.4414062e+01
   2.3218370e+06   2.4414062e+01
   2.3297020e+06   2.4475098e+01
   2.3558760e+06   2.5817871e+01
   2.3559390e+06   2.5146484e+01
   2.3559820e+06   2.8625488e+01
   2.3560070e+06   2.4780273e+01
   2.3560600e+06   2.5390625e+01
   2.3567490e+06   2.5268555e+01
   2.3569070e+06   2.5268555e+01
   2.3570320e+06   2.4963379e+01
   2.3712910e+06   2.5085449e+01
   2.4449650e+06   2.5756836e+01
   2.5263270e+06   2.5451660e+01
   2.5263670e+06   3.0273438e+01
   2.5263850e+06   2.6977539e+01
   2.5265860e+06   3.0517578e+01
   2.5268760e+06   2.4414062e+01
   2.5270970e+06   2.4414062e+01
   2.5274750e+06   2.5878906e+01
   2.5288070e+06   2.4963379e+01
   2.5299530e+06   2.4475098e+01
   2.5819830e+06   2.5634766e+01
   2.5858190e+06   2.4780273e+01
   2.6422680e+06   2.8381348e+01
   2.6423390e+06   3.2470703e+01
   2.6423690e+06   2.5695801e+01
   2.6424610e+06   2.5756836e+01
   2.6426420e+06   2.9235840e+01
   2.6430110e+06   2.5268555e+01
   2.7130410e+06   2.4536133e+01
   2.7406010e+06   2.5695801e+01
   2.7407810e+06   2.4841309e+01
   2.7408720e+06   2.5085449e+01
   2.7409260e+06   2.6245117e+01
   2.7416080e+06   2.4963379e+01
   2.7427470e+06   2.4780273e+01
   2.7503980e+06   2.7770996e+01
   2.8375450e+06   3.5217285e+01
   2.8375760e+06   2.8686523e+01
   2.8378140e+06   2.5329590e+01
   2.9202460e+06   2.4658203e+01
   2.9204550e+06   2.8137207e+01
   2.9204820e+06   2.7282715e+01
   2.9205350e+06   2.4841309e+01
   2.9206730e+06   2.7770996e+01
   2.9238300e+06   2.5085449e+01
   2.9792390e+06   2.4414062e+01
   3.0705150e+06   2.6672363e+01
   3.0705790e+06   3.1677246e+01
   3.0706160e+06   2.8442383e+01
   3.1978920e+06   2.8015137e+01
   3.3218720e+06   2.8625488e+01
   3.3219840e+06   2.9418945e+01
   3.3221400e+06   2.9174805e+01
   3.3482840e+06   3.1250000e+01
   3.4444790e+06   2.6672363e+01
   3.7505080e+06   2.7648926e+01
   3.7505710e+06   2.7099609e+01
   3.7507370e+06   2.9602051e+01
   3.7508030e+06   2.6916504e+01
   3.7608070e+06   2.6794434e+01
   3.7719120e+06   2.7343750e+01
   3.8028510e+06   2.6855469e+01
   3.8699900e+06   2.7465820e+01
   4.1100400e+06   2.9418945e+01
   4.1684100e+06   2.8320312e+01
   4.1690400e+06   2.6733398e+01
   4.3939750e+06   3.1616211e+01
   4.5327130e+06   2.6855469e+01
   4.6172050e+06   2.8015137e+01
   4.6191050e+06   2.7221680e+01
   4.6212060e+06   2.9724121e+01
   4.6698990e+06   2.8076172e+01
   4.6831290e+06   2.6855469e+01
   4.6861900e+06   2.7099609e+01
   4.7093470e+06   2.6794434e+01
   4.7550210e+06   2.7526855e+01
   4.8617180e+06   2.7832031e+01
   4.9008720e+06   2.7038574e+01
   4.9253180e+06   2.8137207e+01
   4.9254200e+06   2.7526855e+01
   4.9255370e+06   2.7404785e+01
   4.9290690e+06   2.7038574e+01
   5.1480840e+06   2.6794434e+01
   5.2504790e+06   2.8015137e+01
   5.2609100e+06   2.8808594e+01
   5.3066230e+06   2.6855469e+01
   5.3326920e+06   2.6855469e+01
   5.8392270e+06   3.1616211e+01
