   5.9990000e+06   0.0000000e+00
   5.9742000e+04   2.1240234e+01
   9.7505000e+04   2.3498535e+01
   9.7700000e+04   2.4108887e+01
   9.7765000e+04   3.2104492e+01
   9.7802000e+04   2.7465820e+01
   9.7820000e+04   3.3325195e+01
   9.7881000e+04   2.6367188e+01
   9.8355000e+04   2.1057129e+01
   2.8860800e+05   2.5268555e+01
   2.8865000e+05   2.0935059e+01
   2.8874500e+05   2.2766113e+01
   2.8876100e+05   2.5268555e+01
   2.8881900e+05   3.4545898e+01
   2.8892900e+05   2.3010254e+01
   2.8895400e+05   2.3193359e+01
   2.8906000e+05   2.1484375e+01
   4.7761300e+05   2.2644043e+01
   4.7770500e+05   2.0935059e+01
   4.7779500e+05   2.9113770e+01
   4.7784200e+05   2.3498535e+01
   4.7800800e+05   2.9296875e+01
   4.7822400e+05   2.1545410e+01
   5.7834200e+05   2.1240234e+01
   5.7842100e+05   2.1850586e+01
   5.7851800e+05   2.3376465e+01
   5.7856200e+05   2.3986816e+01
   5.7860300e+05   2.4963379e+01
   5.7863800e+05   3.2348633e+01
   5.7870800e+05   2.4658203e+01
   5.7872100e+05   2.0874023e+01
   5.7875300e+05   2.1545410e+01
   5.7878200e+05   2.3071289e+01
   5.7894800e+05   2.6123047e+01
   5.8166100e+05   2.8869629e+01
   7.6540100e+05   2.9296875e+01
   7.6543800e+05   2.9174805e+01
   7.6550500e+05   3.8269043e+01
   7.6553700e+05   3.3203125e+01
   7.6556200e+05   2.9479980e+01
   7.6558900e+05   3.0883789e+01
   7.6559900e+05   2.1484375e+01
   7.6563000e+05   2.3254395e+01
   7.6567900e+05   2.5695801e+01
   7.6618700e+05   2.1423340e+01
   9.0899500e+05   2.5939941e+01
   9.0910500e+05   2.5695801e+01
   9.0912200e+05   2.4902344e+01
   9.0917200e+05   2.2460938e+01
   9.0920500e+05   2.2094727e+01
   9.0923800e+05   3.2714844e+01
   9.0926500e+05   2.4291992e+01
   9.0933700e+05   2.7587891e+01
   9.0949300e+05   2.1240234e+01
   9.0962600e+05   2.1972656e+01
   9.0971700e+05   2.0996094e+01
   1.0079540e+06   2.0874023e+01
   1.0081380e+06   2.1484375e+01
   1.0081770e+06   2.4902344e+01
   1.0082360e+06   2.2583008e+01
   1.0082600e+06   3.8452148e+01
   1.0083290e+06   2.2277832e+01
   1.0083480e+06   2.1057129e+01
   1.0083670e+06   2.5207520e+01
   1.0084100e+06   3.2653809e+01
   1.0084320e+06   2.2338867e+01
   1.0087370e+06   2.1423340e+01
   1.0094370e+06   2.5329590e+01
   1.0099300e+06   2.8015137e+01
   1.0103980e+06   2.0874023e+01
   1.7349020e+06   2.2583008e+01
   1.9909130e+06   2.1057129e+01
   1.9910060e+06   2.3376465e+01
   1.9911090e+06   2.3254395e+01
   1.9911920e+06   3.7902832e+01
   1.9912800e+06   2.7404785e+01
   1.9914530e+06   2.1179199e+01
   1.9924190e+06   2.2155762e+01
   2.1789820e+06   2.3498535e+01
   2.1790090e+06   3.7902832e+01
   2.1790420e+06   2.6184082e+01
   2.1790630e+06   3.0029297e+01
   2.1790850e+06   2.2705078e+01
   2.1791150e+06   2.3071289e+01
   2.1791800e+06   2.4414062e+01
   2.1792210e+06   2.0935059e+01
   2.1792740e+06   2.3803711e+01
   2.1793480e+06   2.1057129e+01
   2.1794150e+06   2.1789551e+01
   2.1797020e+06   2.2521973e+01
   2.1805080e+06   2.3315430e+01
   2.1809560e+06   2.1362305e+01
   2.3557710e+06   2.6245117e+01
   2.3557830e+06   3.1311035e+01
   2.3558130e+06   2.6245117e+01
   2.3558260e+06   3.5522461e+01
   2.3558520e+06   2.8564453e+01
   2.3558640e+06   2.3193359e+01
   2.3558920e+06   3.4545898e+01
   2.3559090e+06   2.5024414e+01
   2.3559370e+06   2.2644043e+01
   2.3559880e+06   2.1179199e+01
   2.3560090e+06   2.6306152e+01
   2.3560770e+06   2.2705078e+01
   2.3561750e+06   2.0874023e+01
   2.5261410e+06   2.2766113e+01
   2.5261740e+06   2.0874023e+01
   2.5262000e+06   2.2827148e+01
   2.5262370e+06   2.0996094e+01
   2.5262560e+06   2.6428223e+01
   2.5262840e+06   2.3559570e+01
   2.5263130e+06   2.6000977e+01
   2.5263790e+06   2.3254395e+01
   2.5265710e+06   2.5207520e+01
   2.5266330e+06   2.5329590e+01
   2.5267540e+06   2.0935059e+01
   2.5270430e+06   2.2766113e+01
   2.5287400e+06   2.4597168e+01
   2.6421930e+06   2.7893066e+01
   2.6422140e+06   2.2583008e+01
   2.6422440e+06   2.5512695e+01
   2.6422780e+06   2.3803711e+01
   2.6423070e+06   2.1118164e+01
   2.6423570e+06   2.1850586e+01
   2.6423810e+06   2.0996094e+01
   2.6424250e+06   2.0874023e+01
   2.6424690e+06   2.7221680e+01
   2.6426110e+06   2.1240234e+01
   2.6426320e+06   2.1301270e+01
   2.6442900e+06   2.1972656e+01
   2.7404570e+06   2.5329590e+01
   2.7405440e+06   2.6245117e+01
   2.7405800e+06   2.7648926e+01
   2.7406080e+06   2.3803711e+01
   2.7406340e+06   2.4353027e+01
   2.7406930e+06   2.0996094e+01
   2.7407630e+06   2.5024414e+01
   2.7408240e+06   3.7902832e+01
   2.7408500e+06   2.7587891e+01
   2.7409280e+06   3.6132812e+01
   2.7425750e+06   2.2338867e+01
   2.8371210e+06   2.1850586e+01
   2.8373300e+06   2.2338867e+01
   2.8374060e+06   2.1362305e+01
   2.8374330e+06   3.7719727e+01
   2.8375210e+06   3.0700684e+01
   2.8375940e+06   2.2033691e+01
   2.8376070e+06   2.3803711e+01
   2.8376290e+06   2.5085449e+01
   2.8376800e+06   2.0996094e+01
   2.8377090e+06   2.6306152e+01
   2.8377690e+06   2.2033691e+01
   2.8381440e+06   2.0996094e+01
   2.8398020e+06   2.0874023e+01
   2.8403120e+06   2.4108887e+01
   2.9202650e+06   2.2033691e+01
   2.9203090e+06   2.2949219e+01
   2.9203410e+06   2.3254395e+01
   2.9203900e+06   2.3559570e+01
   2.9204450e+06   2.1179199e+01
   2.9204590e+06   3.0151367e+01
   2.9207420e+06   2.3376465e+01
   2.9211630e+06   2.1728516e+01
   3.0702850e+06   2.8015137e+01
   3.0703150e+06   2.1728516e+01
   3.0703960e+06   2.7709961e+01
   3.0704240e+06   2.6245117e+01
   3.0704640e+06   2.3376465e+01
   3.0705530e+06   2.3010254e+01
   3.0705980e+06   2.8015137e+01
   3.0706200e+06   2.5634766e+01
   3.0706390e+06   2.2460938e+01
   3.0715370e+06   2.2766113e+01
   3.0723160e+06   2.1484375e+01
   3.1976510e+06   2.7404785e+01
   3.1976870e+06   3.6010742e+01
   3.1977240e+06   2.1057129e+01
   3.1977700e+06   3.1494141e+01
   3.1978310e+06   2.5390625e+01
   3.1978750e+06   2.4291992e+01
   3.1980160e+06   2.3986816e+01
   3.1989220e+06   2.0874023e+01
   3.1989640e+06   2.1545410e+01
   3.3218470e+06   2.4780273e+01
   3.3218760e+06   2.5939941e+01
   3.3219060e+06   2.7770996e+01
   3.3219190e+06   2.6916504e+01
   3.3219340e+06   2.4536133e+01
   3.3219530e+06   2.8808594e+01
   3.3219910e+06   3.1311035e+01
   3.3220960e+06   2.1850586e+01
   3.3221580e+06   2.3132324e+01
   3.3222310e+06   2.2338867e+01
   3.3242400e+06   2.2216797e+01
   3.6043610e+06   2.1606445e+01
   3.6043840e+06   3.0700684e+01
   3.6044090e+06   2.2277832e+01
   3.6044480e+06   2.6855469e+01
   3.6044600e+06   2.5878906e+01
   3.6044890e+06   2.6794434e+01
   3.6045220e+06   2.2338867e+01
   3.6045800e+06   2.5268555e+01
   3.6046470e+06   2.3803711e+01
   3.6047250e+06   2.5146484e+01
   3.6048290e+06   2.1240234e+01
   3.6048930e+06   2.6245117e+01
   3.7501240e+06   2.1972656e+01
   3.7504150e+06   2.3681641e+01
   3.7504260e+06   2.6855469e+01
   3.7504740e+06   2.4047852e+01
   3.7505000e+06   2.7404785e+01
   3.7505370e+06   2.3193359e+01
   3.7506570e+06   2.5939941e+01
   3.7507050e+06   2.3132324e+01
   3.7507790e+06   2.1423340e+01
   3.7509220e+06   2.1911621e+01
   3.7510340e+06   2.2399902e+01
   3.7511080e+06   2.1301270e+01
   3.8698630e+06   2.3681641e+01
   3.8699260e+06   2.8686523e+01
   3.8700090e+06   3.4912109e+01
   3.8700340e+06   2.1118164e+01
   3.8700720e+06   2.4169922e+01
   3.8700950e+06   2.3010254e+01
   3.8701430e+06   2.3742676e+01
   3.8701970e+06   3.0273438e+01
   3.8705720e+06   2.1850586e+01
   3.9651210e+06   2.1423340e+01
   3.9651450e+06   2.2521973e+01
   3.9652160e+06   2.1972656e+01
   3.9652420e+06   2.1484375e+01
   3.9652960e+06   2.5939941e+01
   3.9654370e+06   2.3986816e+01
   3.9654920e+06   2.5451660e+01
   3.9657230e+06   2.1057129e+01
   3.9667790e+06   2.3376465e+01
   3.9671920e+06   2.2583008e+01
   4.0540160e+06   2.5512695e+01
   4.0540480e+06   2.3071289e+01
   4.0540610e+06   2.2216797e+01
   4.0540870e+06   3.1982422e+01
   4.0541160e+06   2.3925781e+01
   4.0541350e+06   2.7587891e+01
   4.0542900e+06   2.6367188e+01
   4.0543170e+06   2.0874023e+01
   4.0543360e+06   3.2470703e+01
   4.0545010e+06   2.2033691e+01
   4.0547440e+06   2.2277832e+01
   4.0552980e+06   2.2644043e+01
   4.1680100e+06   2.6367188e+01
   4.1680240e+06   3.8085938e+01
   4.1680890e+06   2.3498535e+01
   4.1681300e+06   2.8747559e+01
   4.1681420e+06   2.5146484e+01
   4.1681810e+06   2.6489258e+01
   4.1682420e+06   2.5329590e+01
   4.1683370e+06   2.5390625e+01
   4.1683840e+06   2.1728516e+01
   4.1684010e+06   2.1240234e+01
   4.1684510e+06   2.5146484e+01
   4.1691190e+06   2.1545410e+01
   4.4432520e+06   2.1240234e+01
   4.5400390e+06   2.2827148e+01
   4.9252080e+06   3.8146973e+01
   4.9252220e+06   2.1484375e+01
   4.9252450e+06   2.5329590e+01
   4.9252790e+06   2.4414063e+01
   4.9253120e+06   2.3071289e+01
   4.9253450e+06   2.1423340e+01
   4.9253980e+06   3.1005859e+01
   4.9254300e+06   2.4963379e+01
   4.9281990e+06   2.2644043e+01
   5.1479390e+06   2.4536133e+01
   5.1479500e+06   2.6733398e+01
   5.1479840e+06   2.5634766e+01
   5.1479970e+06   3.6804199e+01
   5.1480430e+06   2.0996094e+01
   5.1481180e+06   2.1728516e+01
   5.1481430e+06   2.4841309e+01
   5.1483480e+06   2.1484375e+01
   5.1496150e+06   2.2155762e+01
   5.1498760e+06   2.1667480e+01
   5.1499700e+06   2.0996094e+01
   5.2447630e+06   2.2033691e+01
   5.3182740e+06   2.1362305e+01
   5.3583200e+06   2.0935059e+01
   5.3583540e+06   2.6794434e+01
   5.3583800e+06   3.6376953e+01
   5.3584440e+06   2.4230957e+01
   5.3584880e+06   2.7038574e+01
   5.3585020e+06   2.2644043e+01
   5.3586700e+06   2.1301270e+01
   5.3589810e+06   2.2033691e+01
   5.3599790e+06   2.2949219e+01
   5.6420210e+06   2.2277832e+01
   5.6420500e+06   2.1301270e+01
   5.6420920e+06   2.7526855e+01
   5.6421280e+06   2.4658203e+01
   5.6421470e+06   2.1179199e+01
   5.6421750e+06   2.2705078e+01
   5.6422800e+06   2.0874023e+01
   5.6422900e+06   2.0874023e+01
   5.6424810e+06   2.9357910e+01
   5.8377370e+06   2.2155762e+01
   5.8377560e+06   2.1850586e+01
   5.8377780e+06   2.5634766e+01
   5.8378130e+06   2.4108887e+01
   5.8378550e+06   2.7526855e+01
   5.8378920e+06   2.2521973e+01
   5.8379380e+06   2.2705078e+01
   5.8381050e+06   2.1423340e+01
   5.8390650e+06   2.1728516e+01
   5.9395690e+06   2.1667480e+01
