   5.9990000e+06   0.0000000e+00
   5.4410000e+04   2.9296875e+01
   9.7901000e+04   2.5146484e+01
   9.7951000e+04   2.7526855e+01
   9.7978000e+04   2.3315430e+01
   9.7994000e+04   2.9602051e+01
   9.8020000e+04   2.7648926e+01
   9.8055000e+04   2.4597168e+01
   9.8086000e+04   2.4047852e+01
   9.8109000e+04   2.3437500e+01
   9.8168000e+04   2.3925781e+01
   9.8319000e+04   2.3864746e+01
   9.8362000e+04   2.3620605e+01
   9.8392000e+04   2.3254395e+01
   1.0110400e+05   2.3925781e+01
   1.0149300e+05   2.7404785e+01
   1.7834100e+05   2.6794434e+01
   1.9841100e+05   2.6428223e+01
   2.2051600e+05   2.7709961e+01
   2.6117900e+05   2.8625488e+01
   2.8876900e+05   2.5695801e+01
   2.8879400e+05   2.3315430e+01
   2.8883000e+05   3.3081055e+01
   2.8884200e+05   3.0212402e+01
   2.8887900e+05   2.4230957e+01
   2.8897900e+05   2.7404785e+01
   2.8901000e+05   3.2775879e+01
   2.8911300e+05   2.3925781e+01
   2.8931000e+05   2.3742676e+01
   2.9022900e+05   2.3620605e+01
   2.9591800e+05   2.6062012e+01
   4.5698900e+05   2.9968262e+01
   4.7782200e+05   2.3986816e+01
   4.7783200e+05   2.7160645e+01
   4.7785600e+05   2.5634766e+01
   4.7787700e+05   3.4912109e+01
   4.7788800e+05   2.6794434e+01
   4.7791300e+05   2.4169922e+01
   4.7793000e+05   2.4780273e+01
   4.7795000e+05   2.5878906e+01
   4.7797300e+05   2.5146484e+01
   4.7802200e+05   2.5512695e+01
   4.7804000e+05   2.5634766e+01
   4.7806500e+05   2.3681641e+01
   4.7819000e+05   2.7099609e+01
   4.7838700e+05   2.7832031e+01
   4.7852700e+05   2.6428223e+01
   4.8046100e+05   2.4536133e+01
   5.7864300e+05   2.5817871e+01
   5.7868600e+05   2.3986816e+01
   5.7873200e+05   2.5512695e+01
   5.7876400e+05   5.1452637e+01
   5.7887900e+05   2.6489258e+01
   5.7891700e+05   2.6000977e+01
   5.8604700e+05   2.3559570e+01
   7.6552700e+05   2.3559570e+01
   7.6553700e+05   2.3254395e+01
   7.6556100e+05   2.6000977e+01
   7.6559900e+05   2.7587891e+01
   7.6563300e+05   2.6916504e+01
   7.6573100e+05   2.5451660e+01
   7.6575700e+05   2.6611328e+01
   7.6579000e+05   2.6733398e+01
   7.6585100e+05   2.4108887e+01
   7.6771400e+05   2.9602051e+01
   9.0914700e+05   2.5024414e+01
   9.0917600e+05   2.6733398e+01
   9.0920300e+05   2.3803711e+01
   9.0923900e+05   2.4597168e+01
   9.0924900e+05   2.5390625e+01
   9.0933300e+05   2.8198242e+01
   9.0938300e+05   2.3742676e+01
   9.0947500e+05   2.3864746e+01
   9.0952700e+05   2.6611328e+01
   9.0980700e+05   2.3681641e+01
   9.1046400e+05   2.3437500e+01
   9.1074500e+05   2.4658203e+01
   9.2669400e+05   2.3559570e+01
   1.0083060e+06   2.6855469e+01
   1.0083230e+06   2.9724121e+01
   1.0083870e+06   2.9541016e+01
   1.0084080e+06   2.3620605e+01
   1.0085150e+06   2.5695801e+01
   1.0085590e+06   2.3559570e+01
   1.0086830e+06   3.1555176e+01
   1.0088200e+06   2.4169922e+01
   1.0212480e+06   2.5451660e+01
   1.0224810e+06   2.3376465e+01
   1.1022770e+06   2.3559570e+01
   1.4884680e+06   2.3254395e+01
   1.5897420e+06   3.1616211e+01
   1.6440020e+06   2.7709961e+01
   1.6742340e+06   2.7221680e+01
   1.6922350e+06   2.5390625e+01
   1.7063100e+06   3.1494141e+01
   1.7116890e+06   2.8442383e+01
   1.7363810e+06   2.8259277e+01
   1.7928310e+06   2.7648926e+01
   1.8232660e+06   2.5878906e+01
   1.8617420e+06   2.3498535e+01
   1.9204830e+06   2.9296875e+01
   1.9378150e+06   2.4963379e+01
   1.9769540e+06   3.3020020e+01
   1.9911710e+06   2.3803711e+01
   1.9912180e+06   3.9489746e+01
   1.9912620e+06   2.4780273e+01
   1.9912880e+06   2.5756836e+01
   1.9913440e+06   2.6916504e+01
   1.9913810e+06   2.3742676e+01
   1.9914190e+06   2.7954102e+01
   1.9929860e+06   2.4291992e+01
   2.1790510e+06   3.0151367e+01
   2.1790870e+06   2.4291992e+01
   2.1791150e+06   2.4475098e+01
   2.1791320e+06   2.6550293e+01
   2.1791730e+06   2.7038574e+01
   2.1792010e+06   2.7587891e+01
   2.1792220e+06   2.3620605e+01
   2.1792780e+06   2.3559570e+01
   2.1793040e+06   2.4475098e+01
   2.1795800e+06   2.4353027e+01
   2.1812820e+06   2.3498535e+01
   2.1817330e+06   2.3559570e+01
   2.3558620e+06   2.5085449e+01
   2.3558790e+06   2.7038574e+01
   2.3558990e+06   2.9418945e+01
   2.3559240e+06   2.3559570e+01
   2.3560220e+06   2.8686523e+01
   2.3561230e+06   2.7343750e+01
   2.3562350e+06   2.4658203e+01
   2.3569610e+06   2.6794434e+01
   2.3726960e+06   2.6306152e+01
   2.5262350e+06   2.5024414e+01
   2.5262740e+06   2.3620605e+01
   2.5262950e+06   2.5390625e+01
   2.5263220e+06   2.5878906e+01
   2.5263400e+06   2.7343750e+01
   2.5264370e+06   2.6184082e+01
   2.5264680e+06   2.3986816e+01
   2.5265920e+06   3.0334473e+01
   2.5270360e+06   3.1372070e+01
   2.5271210e+06   2.3315430e+01
   2.5277690e+06   2.3986816e+01
   2.5281730e+06   2.6672363e+01
   2.6421730e+06   2.9602051e+01
   2.6422430e+06   2.8137207e+01
   2.6422730e+06   2.7770996e+01
   2.6423620e+06   2.5085449e+01
   2.6425390e+06   2.5817871e+01
   2.6427710e+06   2.3559570e+01
   2.6432170e+06   2.3254395e+01
   2.7406810e+06   2.4658203e+01
   2.7406920e+06   2.5024414e+01
   2.7407300e+06   2.6672363e+01
   2.7409370e+06   2.3681641e+01
   2.7410870e+06   2.4902344e+01
   2.7435450e+06   2.6123047e+01
   2.8374100e+06   2.5451660e+01
   2.8374520e+06   2.3193359e+01
   2.8375220e+06   3.4057617e+01
   2.8375630e+06   2.9052734e+01
   2.8392410e+06   2.6000977e+01
   2.8398800e+06   2.6184082e+01
   2.8404670e+06   2.3254395e+01
   2.9202670e+06   2.3742676e+01
   2.9202980e+06   3.2958984e+01
   2.9203780e+06   2.7832031e+01
   2.9204260e+06   2.5146484e+01
   2.9204440e+06   2.4230957e+01
   2.9204960e+06   2.9235840e+01
   2.9206030e+06   2.3925781e+01
   2.9217920e+06   2.4536133e+01
   3.0704080e+06   2.4536133e+01
   3.0705200e+06   2.4841309e+01
   3.0705440e+06   2.5756836e+01
   3.0718100e+06   2.6306152e+01
   3.0724890e+06   2.6123047e+01
   3.1976300e+06   2.5756836e+01
   3.1978400e+06   2.7954102e+01
   3.1979360e+06   2.6733398e+01
   3.1989140e+06   2.4475098e+01
   3.3219700e+06   2.4841309e+01
   3.3231180e+06   2.4841309e+01
   3.6043870e+06   2.4658203e+01
   3.6044340e+06   2.5207520e+01
   3.7505270e+06   3.1677246e+01
   3.7505730e+06   2.4291992e+01
   3.8699590e+06   2.4536133e+01
   3.8700160e+06   2.7038574e+01
   3.8705670e+06   2.5512695e+01
   3.9653100e+06   3.0395508e+01
   3.9653470e+06   2.4719238e+01
   3.9659310e+06   2.5512695e+01
   4.0541410e+06   2.4841309e+01
   4.9258830e+06   2.6306152e+01
   5.1480440e+06   2.5024414e+01
   5.1508770e+06   2.4597168e+01
   5.3583520e+06   2.6062012e+01
   5.4765670e+06   2.4841309e+01
   5.6430690e+06   2.7282715e+01
   5.8212750e+06   2.4841309e+01
   5.8378280e+06   2.6184082e+01
   5.8378960e+06   2.7221680e+01
   5.8393160e+06   2.4597168e+01
