   5.9990000e+06   0.0000000e+00
   9.7748000e+04   2.8259277e+01
   9.7858000e+04   2.7221680e+01
   9.7887000e+04   2.9785156e+01
   9.8100000e+04   2.6123047e+01
   2.8862200e+05   2.6489258e+01
   2.8865500e+05   2.5634766e+01
   2.8871000e+05   2.6184082e+01
   2.8877400e+05   3.2836914e+01
   2.8879500e+05   3.7048340e+01
   2.8882600e+05   2.9785156e+01
   2.8989300e+05   2.5939941e+01
   4.7775400e+05   2.6916504e+01
   4.7778200e+05   2.7587891e+01
   4.7782900e+05   3.2531738e+01
   4.7785100e+05   2.7404785e+01
   4.7791900e+05   3.0639648e+01
   4.7794800e+05   2.8564453e+01
   4.7795800e+05   2.6245117e+01
   5.7842400e+05   2.6062012e+01
   5.7855000e+05   3.1127930e+01
   5.7862400e+05   3.7902832e+01
   5.7866400e+05   3.1311035e+01
   5.7875700e+05   2.6489258e+01
   5.7897900e+05   2.8564453e+01
   6.1219700e+05   2.6367188e+01
   7.6537800e+05   2.6245117e+01
   7.6546200e+05   2.7526855e+01
   7.6555000e+05   2.9235840e+01
   7.6557300e+05   2.9296875e+01
   7.6560000e+05   2.6794434e+01
   7.6577100e+05   2.5451660e+01
   7.6624900e+05   2.6855469e+01
   9.0901000e+05   2.9846191e+01
   9.0909900e+05   2.9113770e+01
   9.0918600e+05   3.5583496e+01
   9.0933400e+05   2.9418945e+01
   1.0079470e+06   2.8320312e+01
   1.0080190e+06   2.6000977e+01
   1.0080840e+06   2.7160645e+01
   1.0082210e+06   2.5634766e+01
   1.0082460e+06   3.5583496e+01
   1.0083230e+06   3.0212402e+01
   1.0083870e+06   2.9052734e+01
   1.0084890e+06   2.9602051e+01
   1.0086980e+06   2.6977539e+01
   1.0711390e+06   2.6245117e+01
   1.1184000e+06   2.6245117e+01
   1.1696270e+06   2.9296875e+01
   1.1926820e+06   2.6306152e+01
   1.3594230e+06   2.6428223e+01
   1.4370010e+06   2.6550293e+01
   1.5256170e+06   2.5634766e+01
   1.5360420e+06   2.6306152e+01
   1.5661830e+06   2.5817871e+01
   1.6297030e+06   2.9357910e+01
   1.9910540e+06   2.6245117e+01
   1.9912020e+06   2.6489258e+01
   1.9913310e+06   3.1311035e+01
   1.9914180e+06   2.8686523e+01
   2.1789670e+06   2.9541016e+01
   2.1789870e+06   2.9602051e+01
   2.1791020e+06   2.5451660e+01
   2.1791230e+06   3.0639648e+01
   2.1791600e+06   2.6916504e+01
   2.1792050e+06   2.6855469e+01
   2.1796190e+06   2.7587891e+01
   2.3554610e+06   2.6977539e+01
   2.3556730e+06   2.6062012e+01
   2.3557460e+06   2.6794434e+01
   2.3558180e+06   3.1066895e+01
   2.3558660e+06   2.6611328e+01
   2.5261310e+06   2.5695801e+01
   2.5261590e+06   3.2348633e+01
   2.5261820e+06   2.9418945e+01
   2.5262360e+06   3.0639648e+01
   2.5262670e+06   2.6306152e+01
   2.5264090e+06   3.3935547e+01
   2.5264400e+06   3.0700684e+01
   2.5266800e+06   3.0822754e+01
   2.6420750e+06   3.0273438e+01
   2.6420920e+06   3.7963867e+01
   2.6421450e+06   3.4057617e+01
   2.7404310e+06   3.2043457e+01
   2.7405100e+06   3.1005859e+01
   2.7405320e+06   2.5451660e+01
   2.8374690e+06   3.3081055e+01
   2.8375540e+06   2.9174805e+01
   2.8376620e+06   3.1311035e+01
   2.9200410e+06   2.5451660e+01
   2.9200760e+06   2.5756836e+01
   2.9201880e+06   2.6306152e+01
   2.9202730e+06   2.7893066e+01
   2.9203150e+06   2.7770996e+01
   2.9203450e+06   2.6245117e+01
   2.9203670e+06   2.6550293e+01
   2.9205790e+06   2.6062012e+01
   2.9223120e+06   2.5695801e+01
   3.0702570e+06   2.9479980e+01
   3.0703860e+06   2.8015137e+01
   3.0705190e+06   2.9541016e+01
   3.0713350e+06   2.6733398e+01
   3.1975540e+06   2.6000977e+01
   3.1976080e+06   3.2836914e+01
   3.1976750e+06   2.6489258e+01
   3.1977680e+06   2.5634766e+01
   3.1977910e+06   2.8137207e+01
   3.1992450e+06   2.7221680e+01
   3.3218310e+06   2.5756836e+01
   3.3221880e+06   2.8869629e+01
   3.6042370e+06   2.6733398e+01
   3.6043120e+06   2.9602051e+01
   3.6044100e+06   2.5756836e+01
   3.6044480e+06   2.7282715e+01
   3.6045290e+06   2.5817871e+01
   3.7503970e+06   2.7893066e+01
   3.7504420e+06   2.6977539e+01
   3.7505290e+06   2.5573730e+01
   3.7505760e+06   2.7893066e+01
   3.7506090e+06   2.5756836e+01
   3.8696330e+06   2.5939941e+01
   3.8698070e+06   2.6611328e+01
   3.8698240e+06   2.8442383e+01
   3.8698410e+06   2.7038574e+01
   3.8699170e+06   2.6916504e+01
   3.9650380e+06   2.8625488e+01
   3.9651210e+06   3.4240723e+01
   3.9652000e+06   2.6733398e+01
   3.9652210e+06   2.6428223e+01
   3.9652800e+06   2.5512695e+01
   3.9653160e+06   2.7954102e+01
   3.9654450e+06   2.6000977e+01
   4.0539510e+06   2.7526855e+01
   4.0541480e+06   3.0761719e+01
   4.0543030e+06   2.6306152e+01
   4.1678520e+06   2.6977539e+01
   4.1681010e+06   2.7526855e+01
   4.1681750e+06   2.5634766e+01
   4.3385000e+06   2.7099609e+01
   4.9252540e+06   2.7099609e+01
   4.9252970e+06   2.7221680e+01
   4.9253520e+06   3.4301758e+01
   4.9255660e+06   2.8198242e+01
   5.1477450e+06   2.6489258e+01
   5.1479970e+06   3.2287598e+01
   5.1480390e+06   2.9968262e+01
   5.1480590e+06   2.7160645e+01
   5.1480980e+06   2.5695801e+01
   5.1481180e+06   2.7648926e+01
   5.3582910e+06   3.1555176e+01
   5.3583690e+06   2.7954102e+01
   5.3584170e+06   2.7282715e+01
   5.3585370e+06   3.1372070e+01
   5.3586600e+06   2.5634766e+01
   5.3588720e+06   2.7954102e+01
   5.3612060e+06   2.6062012e+01
   5.6419280e+06   2.6733398e+01
   5.6420190e+06   2.6428223e+01
   5.6420370e+06   3.4667969e+01
   5.6421090e+06   2.6733398e+01
   5.6421290e+06   2.9113770e+01
   5.6421780e+06   3.1188965e+01
   5.8376270e+06   2.6184082e+01
   5.8376890e+06   2.7465820e+01
   5.8377400e+06   2.9663086e+01
   5.8378590e+06   2.8076172e+01
