   5.9990000e+06   0.0000000e+00
   2.0454000e+04   2.8442383e+01
   2.0498000e+04   2.6794434e+01
   2.0543000e+04   2.6977539e+01
   2.0839000e+04   3.4851074e+01
   2.1959000e+04   2.6489258e+01
   2.2832000e+04   2.7648926e+01
   2.6082000e+04   2.6916504e+01
   4.9768000e+04   2.7526855e+01
   6.2048000e+04   4.3151855e+01
   9.5568000e+04   2.9357910e+01
   9.6404000e+04   2.9968262e+01
   9.7139000e+04   2.6977539e+01
   9.7511000e+04   2.6916504e+01
   9.7656000e+04   2.8259277e+01
   9.7791000e+04   2.8198242e+01
   9.7849000e+04   3.4362793e+01
   9.7859000e+04   4.3640137e+01
   9.7903000e+04   3.7719727e+01
   9.7930000e+04   4.4006348e+01
   9.7952000e+04   5.4809570e+01
   9.7967000e+04   4.0954590e+01
   9.7991000e+04   2.8808594e+01
   9.8029000e+04   2.8320312e+01
   9.8066000e+04   2.6123047e+01
   9.8110000e+04   3.3996582e+01
   9.8303000e+04   2.7832031e+01
   9.8594000e+04   3.7719727e+01
   9.9149000e+04   2.6306152e+01
   9.9246000e+04   2.6855469e+01
   9.9470000e+04   3.0212402e+01
   9.9855000e+04   2.6245117e+01
   9.9959000e+04   2.7038574e+01
   1.2411600e+05   2.7648926e+01
   2.8730400e+05   2.7587891e+01
   2.8736500e+05   2.6428223e+01
   2.8807700e+05   2.7709961e+01
   2.8848300e+05   3.0517578e+01
   2.8852400e+05   2.6977539e+01
   2.8855800e+05   2.8320312e+01
   2.8861600e+05   4.3579102e+01
   2.8862600e+05   4.0588379e+01
   2.8866100e+05   4.9194336e+01
   2.8870700e+05   3.4301758e+01
   2.8873000e+05   3.6010742e+01
   2.8878200e+05   2.8015137e+01
   2.8879200e+05   4.8095703e+01
   2.8880600e+05   3.1494141e+01
   2.8901700e+05   2.6672363e+01
   2.8907000e+05   3.4118652e+01
   2.8909800e+05   4.0893555e+01
   2.8917000e+05   2.6794434e+01
   2.8930800e+05   2.8259277e+01
   2.8942700e+05   2.8747559e+01
   2.8989300e+05   2.6123047e+01
   2.9056400e+05   2.6367188e+01
   2.9494000e+05   2.8930664e+01
   3.0109100e+05   2.6367188e+01
   4.7646500e+05   2.6245117e+01
   4.7652300e+05   4.9011230e+01
   4.7657900e+05   2.6489258e+01
   4.7682900e+05   2.6672363e+01
   4.7717900e+05   2.6672363e+01
   4.7724000e+05   2.6733398e+01
   4.7752600e+05   3.1066895e+01
   4.7757100e+05   2.7099609e+01
   4.7761200e+05   3.3813477e+01
   4.7764000e+05   2.6855469e+01
   4.7766500e+05   2.7526855e+01
   4.7771000e+05   2.6367188e+01
   4.7772700e+05   6.8115234e+01
   4.7774800e+05   3.1921387e+01
   4.7777700e+05   3.6804199e+01
   4.7780800e+05   3.7963867e+01
   4.7785300e+05   4.3212891e+01
   4.7787000e+05   2.7893066e+01
   4.7790500e+05   2.6672363e+01
   4.7795700e+05   2.9907227e+01
   4.7800400e+05   2.8442383e+01
   4.7818800e+05   3.4851074e+01
   4.7857600e+05   2.7954102e+01
   4.8028400e+05   2.7648926e+01
   4.9267100e+05   2.7038574e+01
   5.7659000e+05   2.6184082e+01
   5.7674300e+05   2.7343750e+01
   5.7678800e+05   3.2775879e+01
   5.7680000e+05   2.7160645e+01
   5.7689400e+05   2.7099609e+01
   5.7711500e+05   2.8625488e+01
   5.7769500e+05   2.9052734e+01
   5.7820000e+05   2.7526855e+01
   5.7847800e+05   3.0151367e+01
   5.7849200e+05   3.1738281e+01
   5.7851200e+05   2.6550293e+01
   5.7854500e+05   3.0761719e+01
   5.7857900e+05   4.3579102e+01
   5.7861000e+05   2.7587891e+01
   5.7862600e+05   3.6987305e+01
   5.7866500e+05   2.9541016e+01
   5.7868900e+05   3.7414551e+01
   5.7871700e+05   2.6123047e+01
   5.7879900e+05   3.4667969e+01
   5.7882400e+05   2.9052734e+01
   5.7884500e+05   2.8747559e+01
   5.7906700e+05   4.7241211e+01
   5.7927300e+05   3.3691406e+01
   5.8038300e+05   2.8198242e+01
   6.5558000e+05   3.2287598e+01
   7.6361300e+05   4.3701172e+01
   7.6473500e+05   3.5766602e+01
   7.6479200e+05   2.9541016e+01
   7.6485100e+05   2.6550293e+01
   7.6507400e+05   2.6306152e+01
   7.6518900e+05   2.6123047e+01
   7.6520700e+05   3.2592773e+01
   7.6524900e+05   3.9855957e+01
   7.6527800e+05   2.9418945e+01
   7.6530700e+05   2.6733398e+01
   7.6536300e+05   4.0954590e+01
   7.6538400e+05   3.3447266e+01
   7.6542000e+05   3.2836914e+01
   7.6543100e+05   3.5705566e+01
   7.6545300e+05   2.7038574e+01
   7.6548400e+05   3.0639648e+01
   7.6550000e+05   4.2541504e+01
   7.6552100e+05   3.0456543e+01
   7.6556300e+05   2.8503418e+01
   7.6558500e+05   2.7221680e+01
   7.6588600e+05   2.8381348e+01
   7.6601200e+05   2.9602051e+01
   7.6611300e+05   2.8198242e+01
   7.6642900e+05   3.5156250e+01
   7.6675700e+05   2.9052734e+01
   7.6720200e+05   2.8991699e+01
   9.0752300e+05   3.0090332e+01
   9.0795000e+05   3.5339355e+01
   9.0801500e+05   2.9113770e+01
   9.0846400e+05   2.6245117e+01
   9.0853700e+05   2.7465820e+01
   9.0887300e+05   2.7038574e+01
   9.0892300e+05   2.6794434e+01
   9.0897300e+05   3.2531738e+01
   9.0900400e+05   2.8137207e+01
   9.0904000e+05   4.4555664e+01
   9.0905300e+05   3.3630371e+01
   9.0909400e+05   2.9052734e+01
   9.0910900e+05   3.4423828e+01
   9.0916800e+05   2.6184082e+01
   9.0923700e+05   2.9602051e+01
   9.0925700e+05   3.1555176e+01
   9.0940600e+05   4.3640137e+01
   9.0953200e+05   3.2470703e+01
   9.1052000e+05   2.6367188e+01
   9.1059800e+05   2.6184082e+01
   9.1083400e+05   2.7099609e+01
   9.1093800e+05   2.8686523e+01
   9.1098400e+05   2.7282715e+01
   9.2453600e+05   2.6489258e+01
   9.3928800e+05   2.6184082e+01
   1.0068900e+06   2.6367188e+01
   1.0073180e+06   3.4545898e+01
   1.0073970e+06   2.7160645e+01
   1.0075810e+06   2.9724121e+01
   1.0080150e+06   3.3142090e+01
   1.0080530e+06   2.6306152e+01
   1.0081450e+06   3.9123535e+01
   1.0082040e+06   2.9479980e+01
   1.0082360e+06   5.8349609e+01
   1.0082660e+06   3.1066895e+01
   1.0082940e+06   3.7536621e+01
   1.0083100e+06   3.2043457e+01
   1.0083370e+06   2.9663086e+01
   1.0084750e+06   3.0883789e+01
   1.0084900e+06   3.8513184e+01
   1.0085520e+06   2.9724121e+01
   1.0086840e+06   2.8259277e+01
   1.0087520e+06   3.0761719e+01
   1.0093050e+06   2.9357910e+01
   1.0095240e+06   2.7038574e+01
   1.0099110e+06   2.9663086e+01
   1.0104150e+06   2.6367188e+01
   1.0108380e+06   3.0029297e+01
   1.0357710e+06   3.0822754e+01
   1.0359200e+06   2.9479980e+01
   1.0360490e+06   3.5766602e+01
   1.0364010e+06   3.0700684e+01
   1.0367870e+06   2.6977539e+01
   1.0375110e+06   3.5461426e+01
   1.0377730e+06   2.8259277e+01
   1.0383320e+06   2.7160645e+01
   1.0551400e+06   2.9724121e+01
   1.0552320e+06   2.6123047e+01
   1.0555320e+06   2.6733398e+01
   1.0558470e+06   3.3386230e+01
   1.0558660e+06   2.6977539e+01
   1.0564720e+06   2.6489258e+01
   1.0576200e+06   2.8991699e+01
   1.0629280e+06   2.6428223e+01
   1.0695580e+06   2.9541016e+01
   1.0696530e+06   2.9174805e+01
   1.0696760e+06   2.7038574e+01
   1.0697430e+06   3.1005859e+01
   1.0699860e+06   3.6621094e+01
   1.0705100e+06   2.8015137e+01
   1.0705850e+06   3.1188965e+01
   1.0799800e+06   2.6855469e+01
   1.0801500e+06   2.7221680e+01
   1.0896770e+06   2.6245117e+01
   1.1015120e+06   2.6977539e+01
   1.1020350e+06   2.6611328e+01
   1.1026510e+06   3.1066895e+01
   1.1034880e+06   2.6184082e+01
   1.1089900e+06   2.7954102e+01
   1.1090950e+06   2.9663086e+01
   1.1093590e+06   2.6184082e+01
   1.1105300e+06   2.9602051e+01
   1.1157410e+06   2.6306152e+01
   1.1226680e+06   2.8625488e+01
   1.1226990e+06   2.7038574e+01
   1.1404590e+06   2.6489258e+01
   1.1405750e+06   2.9724121e+01
   1.1406450e+06   2.7465820e+01
   1.1486590e+06   2.9663086e+01
   1.1487960e+06   2.6733398e+01
   1.1490500e+06   2.7099609e+01
   1.1592700e+06   3.0456543e+01
   1.1677740e+06   2.6184082e+01
   1.1678010e+06   2.9296875e+01
   1.1683070e+06   2.6550293e+01
   1.1763980e+06   2.7832031e+01
   1.2008880e+06   3.0334473e+01
   1.2120690e+06   3.0212402e+01
   1.2127760e+06   2.8381348e+01
   1.2130050e+06   3.1799316e+01
   1.2296530e+06   3.0151367e+01
   1.2297360e+06   2.7282715e+01
   1.2434840e+06   2.9296875e+01
   1.2435340e+06   2.8869629e+01
   1.2435640e+06   2.8869629e+01
   1.2547600e+06   2.6916504e+01
   1.2703780e+06   2.6123047e+01
   1.3074170e+06   2.9724121e+01
   1.3084790e+06   2.6794434e+01
   1.3089680e+06   2.6428223e+01
   1.3619170e+06   2.8442383e+01
   1.4360040e+06   2.8076172e+01
   1.4360600e+06   3.5949707e+01
   1.4398560e+06   2.9296875e+01
   1.4486340e+06   4.6691895e+01
   1.4876000e+06   3.2409668e+01
   1.4876590e+06   3.1738281e+01
   1.4877300e+06   2.8747559e+01
   1.4883800e+06   2.6977539e+01
   1.4890560e+06   2.8869629e+01
   1.4913950e+06   3.1982422e+01
   1.4915100e+06   2.6672363e+01
   1.5237620e+06   3.0212402e+01
   1.5248060e+06   2.7465820e+01
   1.5249070e+06   2.7770996e+01
   1.5284490e+06   2.6306152e+01
   1.5393090e+06   2.6611328e+01
   1.5394760e+06   2.7954102e+01
   1.5395040e+06   2.7587891e+01
   1.5748480e+06   3.0395508e+01
   1.5749660e+06   2.6245117e+01
   1.5750210e+06   2.6489258e+01
   1.5759020e+06   2.6184082e+01
   1.5775210e+06   2.6428223e+01
   1.6395360e+06   2.6367188e+01
   1.6396400e+06   3.5461426e+01
   1.6410000e+06   2.7832031e+01
   1.6411780e+06   2.8198242e+01
   1.6420410e+06   2.8808594e+01
   1.6825990e+06   2.9113770e+01
   1.6826530e+06   2.8930664e+01
   1.6827680e+06   3.2409668e+01
   1.6828830e+06   2.8137207e+01
   1.7349850e+06   2.9724121e+01
   1.7350390e+06   2.8503418e+01
   1.7356200e+06   2.6306152e+01
   1.7358330e+06   2.8320312e+01
   1.7574820e+06   3.3813477e+01
   1.7576160e+06   2.7465820e+01
   1.7586860e+06   2.6672363e+01
   1.7614800e+06   2.7770996e+01
   1.7877680e+06   3.4423828e+01
   1.7886950e+06   2.7160645e+01
   1.7888620e+06   2.8686523e+01
   1.8201220e+06   2.7343750e+01
   1.8201790e+06   2.8381348e+01
   1.8202230e+06   3.4179688e+01
   1.8205650e+06   2.7770996e+01
   1.8219500e+06   2.8198242e+01
   1.8241600e+06   2.6916504e+01
   1.8250900e+06   2.7343750e+01
   1.8639960e+06   2.7221680e+01
   1.8641300e+06   3.5156250e+01
   1.8642990e+06   2.6977539e+01
   1.8656560e+06   2.9357910e+01
   1.8925560e+06   4.3762207e+01
   1.8926050e+06   2.8137207e+01
   1.8928380e+06   2.6306152e+01
   1.8951060e+06   2.8381348e+01
   1.8952740e+06   2.6123047e+01
   1.8955460e+06   2.7404785e+01
   1.9346540e+06   2.8991699e+01
   1.9347140e+06   3.3874512e+01
   1.9347590e+06   2.8381348e+01
   1.9356150e+06   2.9846191e+01
   1.9373610e+06   3.2775879e+01
   1.9870380e+06   4.7058105e+01
   1.9890560e+06   2.7282715e+01
   1.9898290e+06   2.9724121e+01
   1.9898850e+06   2.9418945e+01
   1.9903910e+06   2.6428223e+01
   1.9905490e+06   2.8930664e+01
   1.9908060e+06   2.8381348e+01
   1.9910540e+06   3.0151367e+01
   1.9911000e+06   3.4240723e+01
   1.9911170e+06   4.7424316e+01
   1.9911300e+06   3.1555176e+01
   1.9911550e+06   3.9978027e+01
   1.9911820e+06   3.2958984e+01
   1.9912030e+06   2.6428223e+01
   1.9912230e+06   3.5400391e+01
   1.9912620e+06   2.7709961e+01
   1.9912750e+06   2.9418945e+01
   1.9913430e+06   2.8869629e+01
   1.9914940e+06   3.9611816e+01
   1.9922340e+06   4.0466309e+01
   1.9928820e+06   3.8085938e+01
   1.9929790e+06   2.6245117e+01
   2.1773030e+06   3.1433105e+01
   2.1774200e+06   3.4057617e+01
   2.1779460e+06   3.1066895e+01
   2.1786520e+06   2.8381348e+01
   2.1787350e+06   2.9235840e+01
   2.1788240e+06   3.0212402e+01
   2.1789460e+06   5.0109863e+01
   2.1789770e+06   3.4484863e+01
   2.1790000e+06   4.1564941e+01
   2.1790360e+06   3.0395508e+01
   2.1790750e+06   3.2043457e+01
   2.1790870e+06   3.5400391e+01
   2.1791130e+06   3.2409668e+01
   2.1791530e+06   2.7282715e+01
   2.1792460e+06   2.6855469e+01
   2.1796800e+06   3.1982422e+01
   2.1809070e+06   3.0090332e+01
   2.2080800e+06   2.7893066e+01
   2.3547320e+06   2.8381348e+01
   2.3554190e+06   2.9113770e+01
   2.3555600e+06   2.9174805e+01
   2.3556200e+06   3.1860352e+01
   2.3556750e+06   3.0090332e+01
   2.3557060e+06   5.0292969e+01
   2.3557280e+06   2.9724121e+01
   2.3557390e+06   4.0283203e+01
   2.3557820e+06   2.7648926e+01
   2.3558120e+06   2.7893066e+01
   2.3558360e+06   3.1494141e+01
   2.3558550e+06   2.6977539e+01
   2.3559400e+06   3.3752441e+01
   2.3560170e+06   2.8564453e+01
   2.3560670e+06   2.9052734e+01
   2.3562060e+06   3.9855957e+01
   2.3562570e+06   2.8381348e+01
   2.3564770e+06   2.6855469e+01
   2.3574750e+06   3.2348633e+01
   2.3577190e+06   2.9296875e+01
   2.3580800e+06   2.6245117e+01
   2.3647880e+06   2.9113770e+01
   2.4782460e+06   2.7954102e+01
   2.5250770e+06   3.0578613e+01
   2.5251330e+06   2.9113770e+01
   2.5251430e+06   2.8198242e+01
   2.5252350e+06   2.8381348e+01
   2.5253970e+06   3.0151367e+01
   2.5257230e+06   2.7099609e+01
   2.5257790e+06   2.6489258e+01
   2.5258270e+06   2.9907227e+01
   2.5260530e+06   3.1921387e+01
   2.5260860e+06   3.3630371e+01
   2.5260990e+06   2.7709961e+01
   2.5261240e+06   2.9785156e+01
   2.5261450e+06   5.5236816e+01
   2.5261680e+06   3.8391113e+01
   2.5261870e+06   2.9602051e+01
   2.5262040e+06   4.0527344e+01
   2.5262320e+06   3.6315918e+01
   2.5262530e+06   3.6804199e+01
   2.5263000e+06   3.3935547e+01
   2.5263270e+06   3.7048340e+01
   2.5263540e+06   3.0517578e+01
   2.5263650e+06   2.9357910e+01
   2.5263880e+06   3.5888672e+01
   2.5264970e+06   2.9235840e+01
   2.5265570e+06   2.8381348e+01
   2.5267640e+06   2.7038574e+01
   2.5268760e+06   2.8747559e+01
   2.5269440e+06   3.2348633e+01
   2.5273710e+06   3.3447266e+01
   2.5274640e+06   2.8503418e+01
   2.5276480e+06   2.7282715e+01
   2.5279540e+06   2.6245117e+01
   2.5281410e+06   2.8320312e+01
   2.5286010e+06   2.7160645e+01
   2.5502830e+06   2.8198242e+01
   2.5600060e+06   2.6367188e+01
   2.6408630e+06   2.7587891e+01
   2.6409510e+06   2.7648926e+01
   2.6410150e+06   2.7770996e+01
   2.6413890e+06   2.9846191e+01
   2.6414830e+06   3.1738281e+01
   2.6419120e+06   2.9541016e+01
   2.6419980e+06   2.9113770e+01
   2.6420480e+06   2.8259277e+01
   2.6420970e+06   2.6733398e+01
   2.6421200e+06   4.1625977e+01
   2.6421330e+06   6.3842773e+01
   2.6421580e+06   2.7282715e+01
   2.6421900e+06   2.9724121e+01
   2.6422120e+06   2.6123047e+01
   2.6422310e+06   3.2287598e+01
   2.6422460e+06   3.0639648e+01
   2.6422640e+06   4.8828125e+01
   2.6422970e+06   3.1372070e+01
   2.6423260e+06   3.3386230e+01
   2.6423490e+06   2.7160645e+01
   2.6424070e+06   3.1188965e+01
   2.6425250e+06   2.8320312e+01
   2.6426820e+06   2.8930664e+01
   2.6427020e+06   3.2043457e+01
   2.6427760e+06   2.7099609e+01
   2.6434220e+06   2.6794434e+01
   2.6436350e+06   2.6550293e+01
   2.6439890e+06   2.6123047e+01
   2.6441490e+06   2.8320313e+01
   2.6538990e+06   2.7282715e+01
   2.7393590e+06   2.6611328e+01
   2.7395230e+06   2.8686523e+01
   2.7398070e+06   2.7526855e+01
   2.7398570e+06   3.0151367e+01
   2.7402700e+06   3.5705566e+01
   2.7403850e+06   2.9663086e+01
   2.7404320e+06   3.1616211e+01
   2.7404620e+06   3.8879395e+01
   2.7404940e+06   6.0424805e+01
   2.7405060e+06   3.1616211e+01
   2.7405440e+06   3.5827637e+01
   2.7405820e+06   2.8991699e+01
   2.7406090e+06   3.3386230e+01
   2.7406590e+06   3.3569336e+01
   2.7406760e+06   2.9663086e+01
   2.7407250e+06   2.9418945e+01
   2.7407650e+06   3.0883789e+01
   2.7408380e+06   3.2653809e+01
   2.7409140e+06   2.6855469e+01
   2.7409420e+06   2.9541016e+01
   2.7410580e+06   2.6855469e+01
   2.7411060e+06   3.2897949e+01
   2.7414860e+06   2.6855469e+01
   2.7416100e+06   2.7038574e+01
   2.7417570e+06   2.7526855e+01
   2.7421120e+06   2.6550293e+01
   2.7422510e+06   2.6184082e+01
   2.7425350e+06   2.9724121e+01
   2.8362260e+06   3.0151367e+01
   2.8362950e+06   2.6428223e+01
   2.8367460e+06   2.6428223e+01
   2.8367870e+06   3.2653809e+01
   2.8370770e+06   2.6489258e+01
   2.8372380e+06   3.0883789e+01
   2.8372500e+06   2.6245117e+01
   2.8372950e+06   3.7719727e+01
   2.8373520e+06   4.4250488e+01
   2.8373730e+06   4.4982910e+01
   2.8374040e+06   3.4912109e+01
   2.8374210e+06   3.6193848e+01
   2.8374500e+06   4.1931152e+01
   2.8374790e+06   3.1982422e+01
   2.8375180e+06   2.9357910e+01
   2.8376950e+06   2.8259277e+01
   2.8377310e+06   2.6794434e+01
   2.8378340e+06   2.9357910e+01
   2.8381710e+06   2.9052734e+01
   2.8387660e+06   2.7954102e+01
   2.8388400e+06   2.7893066e+01
   2.9189780e+06   3.0273438e+01
   2.9192940e+06   2.8686523e+01
   2.9195770e+06   2.7221680e+01
   2.9199120e+06   2.9602051e+01
   2.9200100e+06   2.7954102e+01
   2.9200270e+06   2.7709961e+01
   2.9200670e+06   2.8198242e+01
   2.9201310e+06   3.1311035e+01
   2.9201500e+06   2.7770996e+01
   2.9201630e+06   2.7648926e+01
   2.9202000e+06   3.3752441e+01
   2.9202250e+06   4.7241211e+01
   2.9202610e+06   3.7963867e+01
   2.9202720e+06   3.9001465e+01
   2.9203210e+06   2.7221680e+01
   2.9204080e+06   3.5644531e+01
   2.9204320e+06   3.0944824e+01
   2.9205470e+06   3.5400391e+01
   2.9205690e+06   2.9479980e+01
   2.9206450e+06   2.7282715e+01
   2.9207290e+06   3.1677246e+01
   2.9209010e+06   2.6367188e+01
   2.9209700e+06   2.6245117e+01
   2.9211720e+06   2.6489258e+01
   2.9216490e+06   2.7648926e+01
   2.9219950e+06   2.7526855e+01
   2.9221010e+06   2.7160645e+01
   2.9222660e+06   4.4189453e+01
   3.0132570e+06   4.0161133e+01
   3.0692220e+06   2.8625488e+01
   3.0694820e+06   2.5878906e+01
   3.0699140e+06   2.8869629e+01
   3.0701790e+06   2.9113770e+01
   3.0701990e+06   2.8991699e+01
   3.0702350e+06   2.9296875e+01
   3.0702600e+06   3.6682129e+01
   3.0702760e+06   3.9672852e+01
   3.0702950e+06   4.0466309e+01
   3.0703530e+06   2.9174805e+01
   3.0703650e+06   3.2531738e+01
   3.0704180e+06   4.3029785e+01
   3.0704540e+06   3.6499023e+01
   3.0705050e+06   3.6071777e+01
   3.0706340e+06   2.7038574e+01
   3.0706570e+06   3.0395508e+01
   3.0707350e+06   3.4790039e+01
   3.0707970e+06   2.7404785e+01
   3.0708370e+06   2.7221680e+01
   3.0711080e+06   2.9052734e+01
   3.0711580e+06   2.5817871e+01
   3.0713170e+06   2.7221680e+01
   3.0714470e+06   2.8686523e+01
   3.0715910e+06   2.8503418e+01
   3.0716170e+06   2.9113770e+01
   3.0717840e+06   2.6245117e+01
   3.0719440e+06   3.0883789e+01
   3.0720330e+06   2.6794434e+01
   3.0866060e+06   2.6000977e+01
   3.1311750e+06   2.6062012e+01
   3.1964680e+06   2.7526855e+01
   3.1973020e+06   3.0395508e+01
   3.1974470e+06   2.6184082e+01
   3.1974830e+06   2.8625488e+01
   3.1975150e+06   2.8259277e+01
   3.1975410e+06   2.8930664e+01
   3.1975530e+06   2.6794434e+01
   3.1975820e+06   4.5959473e+01
   3.1975990e+06   3.0029297e+01
   3.1976360e+06   4.0710449e+01
   3.1976480e+06   2.8747559e+01
   3.1976990e+06   3.1066895e+01
   3.1977260e+06   3.2165527e+01
   3.1977640e+06   2.8503418e+01
   3.1977920e+06   2.6977539e+01
   3.1978920e+06   2.6062012e+01
   3.1979170e+06   2.8564453e+01
   3.1980500e+06   2.8686523e+01
   3.1981220e+06   3.1677246e+01
   3.1983230e+06   2.8076172e+01
   3.1983620e+06   2.9541016e+01
   3.1986560e+06   2.7832031e+01
   3.1988840e+06   2.9113770e+01
   3.1989760e+06   2.9602051e+01
   3.1993630e+06   2.9113770e+01
   3.1994320e+06   2.8076172e+01
   3.1996530e+06   2.9846191e+01
   3.3204050e+06   3.1494141e+01
   3.3204620e+06   2.6489258e+01
   3.3205700e+06   3.1494141e+01
   3.3206410e+06   2.8442383e+01
   3.3211910e+06   2.6428223e+01
   3.3215640e+06   2.9235840e+01
   3.3215920e+06   2.9113770e+01
   3.3217110e+06   2.6184082e+01
   3.3217320e+06   3.3569336e+01
   3.3217620e+06   2.6489258e+01
   3.3217740e+06   4.4250488e+01
   3.3217970e+06   2.7832031e+01
   3.3218250e+06   2.8259277e+01
   3.3218470e+06   3.6010742e+01
   3.3218840e+06   3.6499023e+01
   3.3219380e+06   3.9062500e+01
   3.3220160e+06   2.7893066e+01
   3.3220280e+06   3.6560059e+01
   3.3221070e+06   4.2419434e+01
   3.3223160e+06   2.7038574e+01
   3.3224060e+06   3.4667969e+01
   3.3230990e+06   2.7404785e+01
   3.3234340e+06   2.5817871e+01
   3.3239710e+06   3.4729004e+01
   3.3241520e+06   2.8198242e+01
   3.6032070e+06   3.6499023e+01
   3.6032400e+06   2.6428223e+01
   3.6032710e+06   2.6733398e+01
   3.6033320e+06   3.1860352e+01
   3.6037050e+06   2.9785156e+01
   3.6039240e+06   3.1127930e+01
   3.6041750e+06   2.6733398e+01
   3.6041940e+06   2.5756836e+01
   3.6042660e+06   2.6428223e+01
   3.6042900e+06   4.6264648e+01
   3.6043090e+06   3.2714844e+01
   3.6043290e+06   3.4057617e+01
   3.6043540e+06   6.8847656e+01
   3.6043780e+06   2.9907227e+01
   3.6044010e+06   3.8696289e+01
   3.6044420e+06   3.2836914e+01
   3.6044730e+06   3.8269043e+01
   3.6045060e+06   3.6193848e+01
   3.6045350e+06   3.5400391e+01
   3.6045650e+06   4.1687012e+01
   3.6046640e+06   2.6733398e+01
   3.6047160e+06   3.1127930e+01
   3.6047800e+06   2.6062012e+01
   3.6049530e+06   2.8564453e+01
   3.6059530e+06   2.8747559e+01
   3.6065120e+06   3.0212402e+01
   3.6440670e+06   2.6916504e+01
   3.7231330e+06   3.8574219e+01
   3.7490510e+06   2.8930664e+01
   3.7490890e+06   2.6611328e+01
   3.7491770e+06   2.8381348e+01
   3.7496480e+06   3.0578613e+01
   3.7502330e+06   2.6733398e+01
   3.7502590e+06   3.6193848e+01
   3.7502910e+06   2.7709961e+01
   3.7503260e+06   2.9357910e+01
   3.7503520e+06   3.4606934e+01
   3.7503880e+06   3.2043457e+01
   3.7504340e+06   4.5043945e+01
   3.7504600e+06   2.6062012e+01
   3.7504720e+06   3.3752441e+01
   3.7505120e+06   2.7709961e+01
   3.7505410e+06   3.1066895e+01
   3.7505650e+06   2.7343750e+01
   3.7506540e+06   2.6977539e+01
   3.7506730e+06   2.8930664e+01
   3.7507410e+06   2.8808594e+01
   3.7507840e+06   3.3142090e+01
   3.7509060e+06   2.6489258e+01
   3.7511930e+06   2.9785156e+01
   3.7515490e+06   3.1921387e+01
   3.7517950e+06   2.8076172e+01
   3.7520220e+06   2.7038574e+01
   3.7522370e+06   2.7526855e+01
   3.7530580e+06   2.7038574e+01
   3.7615020e+06   2.5756836e+01
   3.8687220e+06   3.6193848e+01
   3.8687870e+06   2.6977539e+01
   3.8688530e+06   3.3996582e+01
   3.8688840e+06   2.7038574e+01
   3.8691470e+06   2.6916504e+01
   3.8694370e+06   3.8696289e+01
   3.8695920e+06   2.6977539e+01
   3.8696910e+06   3.3508301e+01
   3.8697350e+06   2.9724121e+01
   3.8697500e+06   2.8625488e+01
   3.8697920e+06   3.1616211e+01
   3.8698260e+06   3.7414551e+01
   3.8698550e+06   3.5766602e+01
   3.8698900e+06   2.9174805e+01
   3.8699080e+06   3.1616211e+01
   3.8699830e+06   2.8076172e+01
   3.8700580e+06   2.7587891e+01
   3.8701400e+06   3.0090332e+01
   3.8701640e+06   2.8930664e+01
   3.8702310e+06   3.4057617e+01
   3.8702630e+06   2.6550293e+01
   3.8702890e+06   2.8259277e+01
   3.8703180e+06   2.7160645e+01
   3.8703500e+06   2.5939941e+01
   3.8711950e+06   2.6672363e+01
   3.8718300e+06   3.4484863e+01
   3.8723070e+06   2.6184082e+01
   3.9638740e+06   2.7038574e+01
   3.9639220e+06   3.0456543e+01
   3.9639640e+06   3.3752441e+01
   3.9640140e+06   2.7404785e+01
   3.9641520e+06   2.9907227e+01
   3.9644360e+06   3.1005859e+01
   3.9646070e+06   3.7292480e+01
   3.9646410e+06   2.6672363e+01
   3.9648980e+06   2.8686523e+01
   3.9650260e+06   3.3081055e+01
   3.9650480e+06   2.7343750e+01
   3.9650880e+06   3.2104492e+01
   3.9651190e+06   2.6550293e+01
   3.9651540e+06   3.4973145e+01
   3.9651650e+06   2.8442383e+01
   3.9652110e+06   2.7404785e+01
   3.9652600e+06   3.8696289e+01
   3.9652720e+06   2.6977539e+01
   3.9653150e+06   3.3569336e+01
   3.9653350e+06   2.6550293e+01
   3.9653450e+06   3.0090332e+01
   3.9653810e+06   3.2714844e+01
   3.9654270e+06   3.2409668e+01
   3.9655590e+06   2.7954102e+01
   3.9655830e+06   2.6489258e+01
   3.9658450e+06   2.6550293e+01
   3.9658580e+06   2.7709961e+01
   3.9661290e+06   2.5756836e+01
   3.9663240e+06   3.0700684e+01
   3.9665290e+06   2.8564453e+01
   3.9768420e+06   2.6489258e+01
   4.0528330e+06   3.0334473e+01
   4.0529160e+06   2.8015137e+01
   4.0530860e+06   3.1982422e+01
   4.0532270e+06   2.7404785e+01
   4.0534390e+06   2.7343750e+01
   4.0537820e+06   4.1137695e+01
   4.0538050e+06   3.1494141e+01
   4.0538790e+06   2.5939941e+01
   4.0538970e+06   2.9602051e+01
   4.0539220e+06   5.9997559e+01
   4.0539470e+06   2.6916504e+01
   4.0539720e+06   3.4362793e+01
   4.0539940e+06   4.1748047e+01
   4.0540210e+06   4.4067383e+01
   4.0540390e+06   3.8208008e+01
   4.0540630e+06   2.7832031e+01
   4.0541080e+06   3.8208008e+01
   4.0541390e+06   3.4912109e+01
   4.0541690e+06   2.8442383e+01
   4.0542100e+06   2.8198242e+01
   4.0542200e+06   3.0334473e+01
   4.0542530e+06   2.6000977e+01
   4.0542930e+06   3.1555176e+01
   4.0543030e+06   2.8869629e+01
   4.0544580e+06   3.0395508e+01
   4.0545710e+06   2.7526855e+01
   4.0547610e+06   2.9907227e+01
   4.0549130e+06   2.8808594e+01
   4.0553660e+06   3.9245605e+01
   4.0553770e+06   2.5756836e+01
   4.0560700e+06   2.5878906e+01
   4.0567910e+06   2.8320312e+01
   4.0710430e+06   2.6611328e+01
   4.1188240e+06   2.6794434e+01
   4.1664260e+06   3.3081055e+01
   4.1665390e+06   2.6367188e+01
   4.1668250e+06   3.1799316e+01
   4.1676770e+06   3.1127930e+01
   4.1680060e+06   3.2348633e+01
   4.1680490e+06   4.1687012e+01
   4.1680670e+06   2.6672363e+01
   4.1680790e+06   5.0598145e+01
   4.1681090e+06   3.1005859e+01
   4.1681400e+06   3.6621094e+01
   4.1681570e+06   4.5471191e+01
   4.1681790e+06   3.3447266e+01
   4.1682150e+06   2.8991699e+01
   4.1682590e+06   3.3386230e+01
   4.1684070e+06   2.9052734e+01
   4.1684180e+06   2.9724121e+01
   4.1685070e+06   2.9602051e+01
   4.1686240e+06   2.9724121e+01
   4.1686890e+06   2.9602051e+01
   4.1688500e+06   2.6367188e+01
   4.1690250e+06   3.0395508e+01
   4.1694850e+06   2.8259277e+01
   4.1695790e+06   2.8259277e+01
   4.1696890e+06   3.4057617e+01
   4.2056810e+06   2.6062012e+01
   4.2068850e+06   2.5878906e+01
   4.2220780e+06   2.7099609e+01
   4.2372000e+06   2.6794434e+01
   4.2374090e+06   2.7099609e+01
   4.2391840e+06   2.6306152e+01
   4.2611820e+06   3.5644531e+01
   4.2613320e+06   3.2348633e+01
   4.2613980e+06   2.6550293e+01
   4.2614720e+06   2.8503418e+01
   4.2618330e+06   2.6123047e+01
   4.2618730e+06   2.6062012e+01
   4.2623390e+06   2.7343750e+01
   4.2788300e+06   3.6804199e+01
   4.2788890e+06   2.6062012e+01
   4.2795150e+06   2.6550293e+01
   4.2805550e+06   3.0395508e+01
   4.2806750e+06   3.0334473e+01
   4.2932970e+06   3.4973145e+01
   4.2934770e+06   3.2104492e+01
   4.2936590e+06   2.7465820e+01
   4.2940180e+06   2.9174805e+01
   4.2943930e+06   2.6550293e+01
   4.2951890e+06   2.7221680e+01
   4.3060800e+06   2.8015137e+01
   4.3087310e+06   2.5939941e+01
   4.3166370e+06   2.9113770e+01
   4.3167290e+06   3.2043457e+01
   4.3167860e+06   3.3142090e+01
   4.3170280e+06   2.6306152e+01
   4.3279120e+06   2.6672363e+01
   4.3371950e+06   2.9235840e+01
   4.3475690e+06   2.8625488e+01
   4.3476640e+06   2.7099609e+01
   4.3476900e+06   2.5817871e+01
   4.3477250e+06   2.6123047e+01
   4.3580780e+06   2.8503418e+01
   4.3604660e+06   3.1433105e+01
   4.3605370e+06   2.5878906e+01
   4.3609540e+06   2.6550293e+01
   4.3695000e+06   3.0822754e+01
   4.3699660e+06   2.6489258e+01
   4.3700590e+06   2.9785156e+01
   4.3795950e+06   3.1433105e+01
   4.3862020e+06   3.0334473e+01
   4.3862650e+06   2.7099609e+01
   4.3864190e+06   2.8381348e+01
   4.3946290e+06   2.8076172e+01
   4.3947060e+06   2.7343750e+01
   4.3948300e+06   2.8259277e+01
   4.4020570e+06   4.0954590e+01
   4.4024320e+06   2.7465820e+01
   4.4025560e+06   2.9479980e+01
   4.4043720e+06   2.5878906e+01
   4.4133250e+06   2.7587891e+01
   4.4337210e+06   3.9245605e+01
   4.4448670e+06   2.8503418e+01
   4.4450790e+06   2.6245117e+01
   4.4598500e+06   2.8686523e+01
   4.4599620e+06   3.0090332e+01
   4.4832620e+06   2.5817871e+01
   4.4834140e+06   2.7404785e+01
   4.4836200e+06   2.6916504e+01
   4.4836520e+06   2.6367188e+01
   4.4845590e+06   2.7404785e+01
   4.4858810e+06   2.6062012e+01
   4.5020910e+06   2.6123047e+01
   4.5116690e+06   2.9785156e+01
   4.5128760e+06   2.7465820e+01
   4.5353590e+06   2.6184082e+01
   4.5390080e+06   4.6325684e+01
   4.5427000e+06   2.8686523e+01
   4.5428350e+06   2.8808594e+01
   4.5436800e+06   2.7099609e+01
   4.5563520e+06   2.9418945e+01
   4.5564190e+06   4.0161133e+01
   4.5564700e+06   3.3691406e+01
   4.5570620e+06   2.8747559e+01
   4.5580290e+06   2.6916504e+01
   4.5610930e+06   5.1818848e+01
   4.5706350e+06   2.6611328e+01
   4.5714660e+06   2.5756836e+01
   4.5870470e+06   2.6672363e+01
   4.6009210e+06   2.8259277e+01
   4.6009850e+06   2.8686523e+01
   4.6014100e+06   2.6550293e+01
   4.6019550e+06   2.6489258e+01
   4.6150450e+06   3.0944824e+01
   4.6151090e+06   2.6672363e+01
   4.6370940e+06   2.8076172e+01
   4.6371470e+06   2.8015137e+01
   4.6372040e+06   2.9846191e+01
   4.6376490e+06   2.6855469e+01
   4.6381310e+06   2.9113770e+01
   4.6383280e+06   2.7343750e+01
   4.6503280e+06   2.7282715e+01
   4.6504640e+06   2.6672363e+01
   4.6507620e+06   2.8259277e+01
   4.7059360e+06   2.7893066e+01
   4.7196620e+06   2.7404785e+01
   4.7198510e+06   2.8564453e+01
   4.7417790e+06   3.3996582e+01
   4.7418460e+06   2.6000977e+01
   4.7419290e+06   3.2897949e+01
   4.7426930e+06   2.6672363e+01
   4.7639930e+06   2.9113770e+01
   4.7640530e+06   2.8747559e+01
   4.7649490e+06   2.8564453e+01
   4.7783710e+06   2.6000977e+01
   4.7801320e+06   2.6306152e+01
   4.7802920e+06   3.0883789e+01
   4.7928360e+06   2.6306152e+01
   4.8254030e+06   2.8259277e+01
   4.8259050e+06   2.6428223e+01
   4.8506910e+06   2.7404785e+01
   4.8511380e+06   2.6000977e+01
   4.8515090e+06   2.5939941e+01
   4.8523140e+06   2.6245117e+01
   4.8524330e+06   2.8503418e+01
   4.8551980e+06   2.5939941e+01
   4.8715330e+06   2.8442383e+01
   4.8716010e+06   2.6306152e+01
   4.8716750e+06   2.6855469e+01
   4.8904550e+06   3.1921387e+01
   4.8905300e+06   3.0212402e+01
   4.8909580e+06   2.6916504e+01
   4.8910330e+06   2.6000977e+01
   4.8912110e+06   2.8137207e+01
   4.8930150e+06   2.6977539e+01
   4.9236970e+06   2.5756836e+01
   4.9237770e+06   2.7893066e+01
   4.9238360e+06   2.7099609e+01
   4.9239070e+06   2.8808594e+01
   4.9242390e+06   2.7038574e+01
   4.9244630e+06   2.5756836e+01
   4.9248110e+06   2.7770996e+01
   4.9250860e+06   2.6916504e+01
   4.9252240e+06   4.9438477e+01
   4.9252380e+06   4.5837402e+01
   4.9252740e+06   4.4433594e+01
   4.9252930e+06   5.0231934e+01
   4.9253240e+06   3.7414551e+01
   4.9253430e+06   2.8686523e+01
   4.9253950e+06   3.0029297e+01
   4.9254150e+06   2.6184082e+01
   4.9254530e+06   2.6367188e+01
   4.9256120e+06   2.6672363e+01
   4.9256390e+06   2.7282715e+01
   4.9256490e+06   3.0761719e+01
   4.9256730e+06   2.9296875e+01
   4.9257160e+06   3.0395508e+01
   4.9257970e+06   2.8442383e+01
   4.9258080e+06   2.9174805e+01
   4.9259770e+06   2.7099609e+01
   4.9260270e+06   2.7770996e+01
   4.9261930e+06   2.6550293e+01
   4.9267170e+06   2.5756836e+01
   4.9268020e+06   2.8015137e+01
   4.9269850e+06   2.7954102e+01
   4.9275390e+06   2.6184082e+01
   4.9337030e+06   2.7648926e+01
   5.0334190e+06   2.5939941e+01
   5.0871220e+06   3.3874512e+01
   5.0879740e+06   2.9052734e+01
   5.0880670e+06   3.2531738e+01
   5.0886700e+06   2.8869629e+01
   5.0900090e+06   3.0456543e+01
   5.0907890e+06   2.7832031e+01
   5.1211820e+06   5.0231934e+01
   5.1332470e+06   2.7587891e+01
   5.1466650e+06   3.0822754e+01
   5.1467700e+06   2.9663086e+01
   5.1468710e+06   2.8381348e+01
   5.1475180e+06   3.3142090e+01
   5.1478980e+06   3.2104492e+01
   5.1479140e+06   3.0639648e+01
   5.1479400e+06   3.4179688e+01
   5.1479580e+06   4.5532227e+01
   5.1479730e+06   3.7658691e+01
   5.1480030e+06   4.5776367e+01
   5.1480290e+06   3.0639648e+01
   5.1481140e+06   2.6733398e+01
   5.1481300e+06   3.1005859e+01
   5.1481630e+06   2.8198242e+01
   5.1482450e+06   3.5644531e+01
   5.1482950e+06   3.3630371e+01
   5.1484180e+06   2.7465820e+01
   5.1486750e+06   2.6428223e+01
   5.1486940e+06   3.4667969e+01
   5.1487560e+06   2.8198242e+01
   5.1489680e+06   2.7954102e+01
   5.1502100e+06   2.6733398e+01
   5.1595390e+06   2.7099609e+01
   5.1691130e+06   2.7160645e+01
   5.2909660e+06   4.2541504e+01
   5.3217220e+06   4.1564941e+01
   5.3570530e+06   2.6062012e+01
   5.3571030e+06   2.6428223e+01
   5.3577340e+06   2.8747559e+01
   5.3578910e+06   3.1799316e+01
   5.3582080e+06   3.6254883e+01
   5.3582180e+06   3.9550781e+01
   5.3582470e+06   2.9113770e+01
   5.3582760e+06   5.1757812e+01
   5.3582870e+06   3.8269043e+01
   5.3583120e+06   3.9672852e+01
   5.3583560e+06   2.5817871e+01
   5.3583720e+06   3.6804199e+01
   5.3583930e+06   2.6123047e+01
   5.3584240e+06   2.6428223e+01
   5.3584480e+06   2.8076172e+01
   5.3584920e+06   3.3142090e+01
   5.3585030e+06   3.3020020e+01
   5.3589510e+06   2.7709961e+01
   5.3592800e+06   3.1738281e+01
   5.3595560e+06   3.1005859e+01
   5.3596500e+06   2.7832031e+01
   5.3598390e+06   2.9113770e+01
   5.3602170e+06   2.7221680e+01
   5.3605730e+06   2.5756836e+01
   5.3668460e+06   2.5817871e+01
   5.3846580e+06   2.6428223e+01
   5.3900150e+06   2.6306152e+01
   5.4351730e+06   4.1809082e+01
   5.5347420e+06   2.9846191e+01
   5.5351730e+06   3.2409668e+01
   5.5357150e+06   3.8085938e+01
   5.5361180e+06   2.7526855e+01
   5.6409430e+06   2.6733398e+01
   5.6409940e+06   3.2409668e+01
   5.6411590e+06   2.7954102e+01
   5.6415100e+06   2.6855469e+01
   5.6415550e+06   3.1982422e+01
   5.6415930e+06   2.9968262e+01
   5.6419360e+06   3.6987305e+01
   5.6419530e+06   3.0883789e+01
   5.6419680e+06   3.1005859e+01
   5.6420010e+06   3.4179688e+01
   5.6420120e+06   6.1157227e+01
   5.6420280e+06   3.7841797e+01
   5.6420650e+06   2.6489258e+01
   5.6420920e+06   2.8686523e+01
   5.6421090e+06   3.2714844e+01
   5.6421390e+06   2.6733398e+01
   5.6421670e+06   2.7099609e+01
   5.6422000e+06   2.6611328e+01
   5.6422450e+06   2.6916504e+01
   5.6422560e+06   2.9785156e+01
   5.6422710e+06   2.9846191e+01
   5.6423150e+06   2.7709961e+01
   5.6423310e+06   3.0395508e+01
   5.6424070e+06   2.6306152e+01
   5.6424500e+06   3.5827637e+01
   5.6427880e+06   2.8015137e+01
   5.6428730e+06   2.8198242e+01
   5.6429060e+06   3.0883789e+01
   5.6431250e+06   2.9235840e+01
   5.6432530e+06   2.7770996e+01
   5.6433940e+06   2.6123047e+01
   5.6435760e+06   2.8381348e+01
   5.6437560e+06   3.0395508e+01
   5.6550810e+06   2.7526855e+01
   5.6968320e+06   2.7099609e+01
   5.8370040e+06   3.6437988e+01
   5.8370480e+06   2.6245117e+01
   5.8374990e+06   3.9733887e+01
   5.8375550e+06   2.6733398e+01
   5.8376300e+06   3.9672852e+01
   5.8376600e+06   4.2968750e+01
   5.8376900e+06   3.9062500e+01
   5.8377130e+06   3.2714844e+01
   5.8377230e+06   3.8208008e+01
   5.8378030e+06   2.8198242e+01
   5.8378140e+06   2.6245117e+01
   5.8378350e+06   2.8442383e+01
   5.8378520e+06   2.6306152e+01
   5.8378720e+06   3.2958984e+01
   5.8378930e+06   2.6123047e+01
   5.8380110e+06   3.0029297e+01
   5.8380780e+06   2.6611328e+01
   5.8381190e+06   2.7099609e+01
   5.8381870e+06   2.6184082e+01
   5.8381970e+06   2.6489258e+01
   5.8383510e+06   3.1677246e+01
   5.8384390e+06   2.7648926e+01
   5.8386740e+06   2.9174805e+01
   5.8389010e+06   2.5817871e+01
   5.8389630e+06   2.5939941e+01
   5.8400130e+06   2.8503418e+01
   5.8526470e+06   2.6550293e+01
   5.8633960e+06   2.6916504e+01
   5.8874430e+06   2.6916504e+01
