   5.9990000e+06   0.0000000e+00
   9.7340000e+04   1.8432617e+01
   9.7762000e+04   1.7761230e+01
   9.7817000e+04   1.8249512e+01
   9.7831000e+04   2.1423340e+01
   9.7870000e+04   1.9897461e+01
   9.7890000e+04   2.1545410e+01
   9.7988000e+04   3.2653809e+01
   9.8073000e+04   1.8188477e+01
   9.8177000e+04   1.8859863e+01
   9.8270000e+04   1.9531250e+01
   9.9387000e+04   1.8554688e+01
   9.9715000e+04   2.2949219e+01
   1.0020400e+05   2.4108887e+01
   2.8850900e+05   1.9165039e+01
   2.8869200e+05   2.2949219e+01
   2.8873800e+05   2.0080566e+01
   2.8876200e+05   2.2155762e+01
   2.8878400e+05   2.0141602e+01
   2.8882200e+05   1.8615723e+01
   2.8885900e+05   2.0874023e+01
   2.8888600e+05   3.1860352e+01
   2.8900200e+05   1.7517090e+01
   2.8936800e+05   1.8005371e+01
   2.9081200e+05   2.0446777e+01
   2.9128500e+05   1.7517090e+01
   2.9215500e+05   1.8737793e+01
   3.1729300e+05   1.9592285e+01
   4.7774100e+05   2.0263672e+01
   4.7777800e+05   1.8615723e+01
   4.7780000e+05   2.7465820e+01
   4.7781800e+05   2.1179199e+01
   4.7786500e+05   2.3071289e+01
   4.7790400e+05   2.1728516e+01
   4.7968600e+05   1.7578125e+01
   4.7989400e+05   1.7578125e+01
   4.8015300e+05   1.8676758e+01
   4.8044300e+05   1.9348145e+01
   5.7760000e+05   1.7761230e+01
   5.7859500e+05   1.9958496e+01
   5.7861000e+05   2.2644043e+01
   5.7867800e+05   1.8981934e+01
   5.7877200e+05   1.8554688e+01
   5.7880200e+05   2.2399902e+01
   5.7882100e+05   1.7700195e+01
   5.8141600e+05   1.7517090e+01
   7.6543000e+05   1.7822266e+01
   7.6546300e+05   1.9531250e+01
   7.6555400e+05   2.7160645e+01
   7.6561300e+05   1.7700195e+01
   7.6562300e+05   1.9958496e+01
   7.6566000e+05   1.8920898e+01
   7.6567300e+05   1.9348145e+01
   7.6575300e+05   2.0446777e+01
   7.6591900e+05   1.7456055e+01
   7.6751100e+05   1.7883301e+01
   7.6777100e+05   1.8859863e+01
   7.6778300e+05   1.8615723e+01
   9.0876800e+05   1.7822266e+01
   9.0911800e+05   2.0141602e+01
   9.0915200e+05   2.0263672e+01
   9.0916400e+05   2.2949219e+01
   9.0927600e+05   2.7709961e+01
   9.0937300e+05   1.7639160e+01
   9.0945800e+05   2.1057129e+01
   9.1128100e+05   1.9165039e+01
   1.0082700e+06   1.7944336e+01
   1.0082870e+06   1.7639160e+01
   1.0083290e+06   2.9724121e+01
   1.0083620e+06   1.7456055e+01
   1.0085210e+06   1.8615723e+01
   1.0104970e+06   2.0690918e+01
   1.0107980e+06   2.1911621e+01
   1.0110700e+06   2.0507813e+01
   1.0113730e+06   1.8310547e+01
   1.0141830e+06   1.7883301e+01
   1.2306070e+06   2.2949219e+01
   1.2308160e+06   1.8615723e+01
   1.2309030e+06   2.2644043e+01
   1.2311750e+06   2.1972656e+01
   1.6843000e+06   1.7578125e+01
   1.8937840e+06   1.7578125e+01
   1.9907690e+06   1.9104004e+01
   1.9909020e+06   2.0385742e+01
   1.9910550e+06   1.7700195e+01
   1.9910770e+06   2.5207520e+01
   1.9911450e+06   1.8981934e+01
   1.9911780e+06   1.8127441e+01
   1.9912080e+06   1.8432617e+01
   1.9912480e+06   1.9470215e+01
   1.9928080e+06   1.7578125e+01
   1.9932940e+06   2.4291992e+01
   1.9940400e+06   1.8188477e+01
   2.0275730e+06   1.7578125e+01
   2.1789380e+06   2.0629883e+01
   2.1790070e+06   1.7578125e+01
   2.1790210e+06   1.8554688e+01
   2.1790460e+06   3.4545898e+01
   2.1791000e+06   3.4790039e+01
   2.1791560e+06   2.0996094e+01
   2.1791970e+06   2.0141602e+01
   2.1794040e+06   1.8737793e+01
   2.1802430e+06   1.9042969e+01
   2.1805960e+06   1.7822266e+01
   2.3558100e+06   1.7700195e+01
   2.3558480e+06   1.8249512e+01
   2.3558650e+06   2.0996094e+01
   2.3560350e+06   2.1545410e+01
   2.3562780e+06   1.8920898e+01
   2.3571960e+06   1.8554688e+01
   2.3576500e+06   1.8310547e+01
   2.3579480e+06   1.9775391e+01
   2.5262260e+06   1.7517090e+01
   2.5262560e+06   2.5817871e+01
   2.5262690e+06   2.6550293e+01
   2.5262920e+06   1.9287109e+01
   2.5263360e+06   2.1301270e+01
   2.5263790e+06   1.9958496e+01
   2.5271580e+06   1.8310547e+01
   2.5273140e+06   1.8432617e+01
   2.5276130e+06   1.8737793e+01
   2.5283040e+06   1.8798828e+01
   2.6422300e+06   2.4475098e+01
   2.6422610e+06   3.2287598e+01
   2.6423100e+06   2.0629883e+01
   2.6423710e+06   1.8554688e+01
   2.6424120e+06   1.8188477e+01
   2.6424360e+06   1.8737793e+01
   2.6424830e+06   2.1606445e+01
   2.6437120e+06   1.8554688e+01
   2.6438670e+06   1.7822266e+01
   2.6443440e+06   1.9226074e+01
   2.6446050e+06   1.8737793e+01
   2.6446490e+06   1.9165039e+01
   2.6574990e+06   1.7944336e+01
   2.7405830e+06   1.9348145e+01
   2.7405980e+06   1.7700195e+01
   2.7406140e+06   2.4780273e+01
   2.7406700e+06   2.6489258e+01
   2.7407400e+06   2.0019531e+01
   2.7408730e+06   1.7883301e+01
   2.7418420e+06   1.7761230e+01
   2.7419300e+06   1.7822266e+01
   2.7429140e+06   1.8066406e+01
   2.7430540e+06   1.8127441e+01
   2.8374420e+06   2.0629883e+01
   2.8374790e+06   3.1433105e+01
   2.8375360e+06   1.7822266e+01
   2.8376300e+06   2.3681641e+01
   2.8376550e+06   1.8981934e+01
   2.8377050e+06   1.8188477e+01
   2.8392600e+06   1.7578125e+01
   2.8398570e+06   1.7944336e+01
   2.8579110e+06   1.7578125e+01
   2.9203070e+06   1.8432617e+01
   2.9203470e+06   3.5705566e+01
   2.9204080e+06   2.3864746e+01
   2.9204660e+06   2.6672363e+01
   2.9215290e+06   1.9836426e+01
   2.9217250e+06   1.7883301e+01
   2.9227830e+06   1.9226074e+01
   3.0591420e+06   1.7883301e+01
   3.0703630e+06   1.7700195e+01
   3.0703790e+06   1.9531250e+01
   3.0703900e+06   2.2949219e+01
   3.0704500e+06   1.8249512e+01
   3.0704650e+06   1.8798828e+01
   3.0705100e+06   2.0141602e+01
   3.0706480e+06   2.0324707e+01
   3.0722270e+06   1.7211914e+01
   3.1977060e+06   3.0822754e+01
   3.1977730e+06   1.8066406e+01
   3.1977830e+06   1.8554688e+01
   3.1978070e+06   1.8798828e+01
   3.1978460e+06   2.0996094e+01
   3.1979140e+06   1.7822266e+01
   3.1979640e+06   2.0263672e+01
   3.1980250e+06   1.7700195e+01
   3.1984480e+06   1.7517090e+01
   3.1990540e+06   1.7700195e+01
   3.1995020e+06   1.8188477e+01
   3.3215760e+06   1.9714355e+01
   3.3218850e+06   3.1005859e+01
   3.3219520e+06   1.7578125e+01
   3.3219670e+06   2.5756836e+01
   3.3221120e+06   1.7700195e+01
   3.3228560e+06   1.7944336e+01
   3.3235190e+06   1.8554688e+01
   3.3240860e+06   2.1057129e+01
   3.3349450e+06   1.9287109e+01
   3.6044020e+06   1.7333984e+01
   3.6044260e+06   2.4719238e+01
   3.6044550e+06   1.7700195e+01
   3.6045320e+06   1.8554688e+01
   3.6046060e+06   1.7822266e+01
   3.6047500e+06   1.8371582e+01
   3.6059750e+06   2.0385742e+01
   3.6063410e+06   1.7761230e+01
   3.6066230e+06   1.8066406e+01
   3.7099930e+06   1.7578125e+01
   3.7504430e+06   2.0690918e+01
   3.7505290e+06   1.7517090e+01
   3.7506400e+06   1.8615723e+01
   3.7507280e+06   1.7211914e+01
   3.7507830e+06   1.7761230e+01
   3.7508040e+06   1.7822266e+01
   3.7512690e+06   1.7517090e+01
   3.7523800e+06   1.8127441e+01
   3.7526900e+06   1.9165039e+01
   3.8699360e+06   1.9592285e+01
   3.8699630e+06   2.0019531e+01
   3.8700270e+06   1.9897461e+01
   3.8700850e+06   1.7272949e+01
   3.8701490e+06   2.1179199e+01
   3.8702310e+06   2.0629883e+01
   3.8704330e+06   1.9104004e+01
   3.8711640e+06   2.0202637e+01
   3.8715140e+06   1.9897461e+01
   3.8719700e+06   1.9531250e+01
   3.9125090e+06   1.7639160e+01
   3.9652490e+06   2.8381348e+01
   3.9653070e+06   1.7639160e+01
   3.9653330e+06   1.8066406e+01
   3.9653490e+06   2.9296875e+01
   3.9654050e+06   2.0568848e+01
   3.9654410e+06   1.7395020e+01
   3.9657710e+06   2.0263672e+01
   3.9661210e+06   1.7578125e+01
   3.9664410e+06   1.8127441e+01
   3.9666630e+06   1.7333984e+01
   3.9668230e+06   2.4291992e+01
   3.9670170e+06   1.9104004e+01
   4.0539420e+06   1.7517090e+01
   4.0540370e+06   2.9602051e+01
   4.0540810e+06   2.6428223e+01
   4.0541400e+06   1.7211914e+01
   4.0542050e+06   2.0019531e+01
   4.0551360e+06   1.8127441e+01
   4.0559590e+06   1.9897461e+01
   4.1680580e+06   2.0507812e+01
   4.1681060e+06   1.7456055e+01
   4.1681240e+06   2.7160645e+01
   4.1681610e+06   1.8859863e+01
   4.1681800e+06   2.0507812e+01
   4.1682130e+06   2.1911621e+01
   4.1682400e+06   1.7822266e+01
   4.1683880e+06   1.7700195e+01
   4.1695470e+06   1.7639160e+01
   4.1700160e+06   1.8493652e+01
   4.1701520e+06   2.2888184e+01
   4.1702510e+06   1.7944336e+01
   4.2316100e+06   2.3437500e+01
   4.2318350e+06   2.6550293e+01
   4.2322690e+06   2.3071289e+01
   4.5155740e+06   1.8859863e+01
   4.7944010e+06   1.7639160e+01
   4.9039860e+06   1.7639160e+01
   4.9250030e+06   1.7395020e+01
   4.9251640e+06   1.7272949e+01
   4.9252600e+06   2.8320312e+01
   4.9253190e+06   1.8493652e+01
   4.9253310e+06   1.9287109e+01
   4.9254710e+06   2.2155762e+01
   4.9255460e+06   1.8249512e+01
   4.9259280e+06   1.7639160e+01
   4.9268290e+06   1.7822266e+01
   4.9269910e+06   1.8615723e+01
   4.9271400e+06   1.9897461e+01
   5.0431690e+06   1.7517090e+01
   5.1478980e+06   1.8005371e+01
   5.1480410e+06   1.8676758e+01
   5.1480670e+06   4.0161133e+01
   5.1481220e+06   1.8615723e+01
   5.1485670e+06   1.8005371e+01
   5.1486620e+06   1.8310547e+01
   5.1491330e+06   1.7333984e+01
   5.3583810e+06   1.9165039e+01
   5.3583940e+06   2.5695801e+01
   5.3585310e+06   2.1728516e+01
   5.3586940e+06   1.7211914e+01
   5.3590550e+06   1.8127441e+01
   5.3603060e+06   2.0202637e+01
   5.4432940e+06   2.6184082e+01
   5.6421370e+06   3.2836914e+01
   5.6421940e+06   2.3376465e+01
   5.6422090e+06   1.8676758e+01
   5.6422480e+06   2.0690918e+01
   5.6438330e+06   1.7211914e+01
   5.6440300e+06   2.0141602e+01
   5.8377080e+06   1.8554688e+01
   5.8378070e+06   2.8808594e+01
   5.8378620e+06   2.5451660e+01
   5.8378850e+06   1.9042969e+01
   5.8379190e+06   2.1057129e+01
   5.8380210e+06   1.7883301e+01
   5.9575830e+06   1.7456055e+01
