   5.9990000e+06   0.0000000e+00
   9.7789000e+04   2.3864746e+01
   9.7853000e+04   2.3742676e+01
   9.7906000e+04   2.3803711e+01
   9.7962000e+04   3.0395508e+01
   9.7991000e+04   2.3620605e+01
   9.8154000e+04   2.3742676e+01
   1.0042600e+05   2.6611328e+01
   1.0064100e+05   2.5024414e+01
   2.8817400e+05   2.4230957e+01
   2.8883800e+05   2.4108887e+01
   2.8893600e+05   2.8991699e+01
   2.8895700e+05   2.5573730e+01
   2.8905200e+05   2.4414062e+01
   2.8959400e+05   2.3986816e+01
   4.7771400e+05   2.5756836e+01
   4.7775100e+05   2.6733398e+01
   4.7794700e+05   2.7038574e+01
   5.7880300e+05   3.0639648e+01
   5.7882400e+05   2.3742676e+01
   7.6545200e+05   2.7038574e+01
   7.6547700e+05   2.4475098e+01
   7.6555000e+05   3.2531738e+01
   7.6579000e+05   2.4597168e+01
   7.6748800e+05   2.5085449e+01
   7.6818800e+05   2.4291992e+01
   9.0921000e+05   2.3559570e+01
   9.0928000e+05   2.3559570e+01
   9.0933700e+05   2.4536133e+01
   9.0947300e+05   2.4536133e+01
   1.0083690e+06   2.8747559e+01
   1.0084630e+06   3.1494141e+01
   1.0084890e+06   2.4230957e+01
   1.5256730e+06   2.4719238e+01
   1.9911740e+06   2.4780273e+01
   1.9912320e+06   2.4658203e+01
   2.1791810e+06   2.5878906e+01
   2.1792800e+06   3.4179688e+01
   2.3558560e+06   2.6611328e+01
   2.3558920e+06   2.6306152e+01
   2.3559580e+06   2.5878906e+01
   2.3560190e+06   2.4047852e+01
   2.3562430e+06   2.5634766e+01
   2.4663580e+06   2.3803711e+01
   2.5262380e+06   2.3681641e+01
   2.5263650e+06   2.8625488e+01
   2.5263930e+06   2.4902344e+01
   2.6421830e+06   2.4169922e+01
   2.6424280e+06   2.8381348e+01
   2.7405370e+06   2.4658203e+01
   2.7410220e+06   2.3925781e+01
   2.8374960e+06   2.5451660e+01
   2.9202660e+06   2.5634766e+01
   2.9203640e+06   2.4169922e+01
   2.9203910e+06   2.5085449e+01
   2.9220640e+06   2.5512695e+01
   3.0705230e+06   3.1372070e+01
   3.0707830e+06   2.5329590e+01
   3.1023610e+06   2.3864746e+01
   3.1976960e+06   2.3620605e+01
   3.1978360e+06   2.4047852e+01
   3.1978820e+06   2.7099609e+01
   3.3218990e+06   2.6306152e+01
   3.3223830e+06   2.3864746e+01
   3.6046920e+06   2.3986816e+01
   3.6137280e+06   2.3437500e+01
   3.7364340e+06   2.3620605e+01
   3.7504620e+06   2.3803711e+01
   3.7505670e+06   2.5024414e+01
   3.7512170e+06   2.3681641e+01
   3.8698590e+06   3.1066895e+01
   3.8699340e+06   2.4963379e+01
   3.8703790e+06   2.6000977e+01
   4.0540030e+06   2.5939941e+01
   4.0540310e+06   2.4291992e+01
   4.1106500e+06   2.3498535e+01
   4.1681780e+06   2.3803711e+01
   4.9253420e+06   2.4597168e+01
   4.9254540e+06   2.5024414e+01
   5.1480850e+06   2.4353027e+01
   5.2956980e+06   2.3498535e+01
