   5.9990000e+06   0.0000000e+00
   2.8862400e+05   2.2583008e+01
   4.7763900e+05   2.2827148e+01
   4.7781200e+05   2.4108887e+01
   5.7752100e+05   2.3315430e+01
   7.6540500e+05   2.5451660e+01
   7.6544100e+05   2.4169922e+01
   7.6553300e+05   2.4353027e+01
   7.6555600e+05   2.2399902e+01
   9.0920500e+05   2.5329590e+01
   1.9911510e+06   2.2338867e+01
   2.1791070e+06   2.3071289e+01
   2.5262240e+06   2.2644043e+01
   2.7405580e+06   2.6977539e+01
   2.8375960e+06   2.2766113e+01
   3.0703460e+06   2.2766113e+01
   3.1976100e+06   2.2399902e+01
   3.1977110e+06   2.4047852e+01
   3.3219390e+06   2.4353027e+01
   3.6041970e+06   2.3315430e+01
   3.7503800e+06   2.3803711e+01
   4.1680290e+06   2.4597168e+01
   5.6420290e+06   2.6306152e+01
   5.6420970e+06   2.5207520e+01
   5.8383220e+06   2.2338867e+01
