   5.9990000e+06   0.0000000e+00
   4.1880000e+03   2.3498535e+01
   9.6889000e+04   2.8625488e+01
   9.6993000e+04   2.5695801e+01
   9.7086000e+04   2.3010254e+01
   9.7149000e+04   2.2888184e+01
   9.7208000e+04   3.0822754e+01
   9.7237000e+04   2.4291992e+01
   9.7389000e+04   3.3386230e+01
   9.7493000e+04   3.2287598e+01
   9.7537000e+04   2.3925781e+01
   9.7562000e+04   2.4291992e+01
   9.7612000e+04   2.6611328e+01
   9.7646000e+04   3.5217285e+01
   9.7669000e+04   3.7231445e+01
   9.7734000e+04   2.3925781e+01
   9.7789000e+04   2.6550293e+01
   9.7841000e+04   2.3437500e+01
   9.7866000e+04   3.1616211e+01
   9.7897000e+04   2.5573730e+01
   9.7913000e+04   2.2888184e+01
   9.7947000e+04   3.3508301e+01
   9.7967000e+04   3.6254883e+01
   9.7999000e+04   2.3193359e+01
   9.8026000e+04   2.9113770e+01
   9.8044000e+04   2.8442383e+01
   9.8100000e+04   2.3376465e+01
   9.8763000e+04   2.5146484e+01
   9.8864000e+04   2.3315430e+01
   9.9403000e+04   2.3071289e+01
   9.9744000e+04   2.3559570e+01
   9.9891000e+04   2.2644043e+01
   1.0025500e+05   2.3620605e+01
   1.0035300e+05   2.4536133e+01
   2.8834800e+05   2.7160645e+01
   2.8845800e+05   2.4047852e+01
   2.8851700e+05   2.7343750e+01
   2.8852900e+05   2.2705078e+01
   2.8854600e+05   2.4536133e+01
   2.8855700e+05   2.5512695e+01
   2.8860200e+05   2.3681641e+01
   2.8863000e+05   4.3701172e+01
   2.8866400e+05   3.5583496e+01
   2.8868400e+05   2.3986816e+01
   2.8871000e+05   2.5939941e+01
   2.8873900e+05   3.3874512e+01
   2.8876800e+05   3.6132812e+01
   2.8878700e+05   3.3264160e+01
   2.8880400e+05   2.3071289e+01
   2.8881600e+05   2.3437500e+01
   2.8893500e+05   2.6367188e+01
   2.8903900e+05   2.2766113e+01
   2.9001500e+05   2.4658203e+01
   2.9014600e+05   2.3742676e+01
   2.9062500e+05   2.2644043e+01
   2.9068400e+05   2.2827148e+01
   2.9089500e+05   2.4597168e+01
   2.9093200e+05   2.3010254e+01
   2.9142700e+05   2.5512695e+01
   3.0232000e+05   2.3071289e+01
   3.5083200e+05   5.4321289e+01
   3.5085200e+05   2.8991699e+01
   4.7741600e+05   2.3315430e+01
   4.7750500e+05   2.8564453e+01
   4.7752600e+05   2.7465820e+01
   4.7760000e+05   3.0578613e+01
   4.7762300e+05   2.6062012e+01
   4.7766100e+05   2.2583008e+01
   4.7769300e+05   2.4902344e+01
   4.7772000e+05   2.5268555e+01
   4.7773700e+05   3.2348633e+01
   4.7775600e+05   4.3090820e+01
   4.7777600e+05   3.1616211e+01
   4.7780400e+05   4.6936035e+01
   4.7781400e+05   3.7231445e+01
   4.7784900e+05   4.1076660e+01
   4.7786400e+05   2.5268555e+01
   4.7789700e+05   2.2521973e+01
   4.7791400e+05   2.8808594e+01
   4.7798700e+05   2.5939941e+01
   4.7866300e+05   2.7709961e+01
   4.7874100e+05   2.3193359e+01
   4.7961400e+05   2.3559570e+01
   4.7964700e+05   2.3254395e+01
   4.7975800e+05   2.8930664e+01
   4.8027900e+05   2.7099609e+01
   4.8049400e+05   2.2766113e+01
   4.8535700e+05   2.3498535e+01
   4.9429300e+05   2.6611328e+01
   5.0390000e+05   2.4230957e+01
   5.2326900e+05   2.4841309e+01
   5.7755800e+05   2.2521973e+01
   5.7781600e+05   2.4658203e+01
   5.7809300e+05   2.8869629e+01
   5.7810600e+05   2.4719238e+01
   5.7835500e+05   3.3142090e+01
   5.7836800e+05   2.7282715e+01
   5.7840300e+05   3.0517578e+01
   5.7841900e+05   2.5756836e+01
   5.7846500e+05   2.3864746e+01
   5.7848600e+05   2.3559570e+01
   5.7851200e+05   6.9396973e+01
   5.7852300e+05   4.2297363e+01
   5.7854800e+05   5.0354004e+01
   5.7859900e+05   3.3813477e+01
   5.7863300e+05   3.2897949e+01
   5.7865700e+05   3.3264160e+01
   5.7869100e+05   3.3142090e+01
   5.7874600e+05   2.5573730e+01
   5.7876000e+05   2.8259277e+01
   5.7878200e+05   3.5217285e+01
   5.7891400e+05   2.4230957e+01
   5.7955800e+05   2.3010254e+01
   5.8050800e+05   2.3986816e+01
   5.8070700e+05   2.5390625e+01
   5.8078700e+05   2.4169922e+01
   5.8084700e+05   2.7893066e+01
   5.8089400e+05   2.4108887e+01
   5.8105200e+05   2.3315430e+01
   5.8417500e+05   2.4291992e+01
   5.8965800e+05   2.2949219e+01
   6.0060400e+05   3.5095215e+01
   7.6457600e+05   2.3376465e+01
   7.6478900e+05   2.3681641e+01
   7.6515500e+05   3.0395508e+01
   7.6530800e+05   3.8269043e+01
   7.6540800e+05   2.3193359e+01
   7.6542400e+05   3.0883789e+01
   7.6544600e+05   3.0151367e+01
   7.6547600e+05   2.4353027e+01
   7.6549300e+05   2.9113770e+01
   7.6553400e+05   4.0344238e+01
   7.6556800e+05   2.8564453e+01
   7.6558100e+05   3.5034180e+01
   7.6562400e+05   2.4902344e+01
   7.6564100e+05   3.0944824e+01
   7.6577200e+05   2.4230957e+01
   7.6580000e+05   3.6376953e+01
   7.6581100e+05   2.3620605e+01
   7.6591200e+05   2.7160645e+01
   7.6597200e+05   2.3681641e+01
   7.6652100e+05   2.4536133e+01
   7.6764000e+05   2.5268555e+01
   7.6769600e+05   2.4536133e+01
   7.6919900e+05   2.2949219e+01
   7.8120000e+05   2.3620605e+01
   7.9884200e+05   4.2968750e+01
   9.0879400e+05   2.5878906e+01
   9.0884500e+05   2.5512695e+01
   9.0886400e+05   2.7099609e+01
   9.0892300e+05   2.7343750e+01
   9.0895600e+05   2.5207520e+01
   9.0898000e+05   2.3193359e+01
   9.0900300e+05   2.4536133e+01
   9.0902600e+05   3.7536621e+01
   9.0904600e+05   2.4658203e+01
   9.0907100e+05   2.4902344e+01
   9.0908300e+05   5.3222656e+01
   9.0912500e+05   4.9377441e+01
   9.0914800e+05   2.4780273e+01
   9.0916200e+05   2.3681641e+01
   9.0918000e+05   3.6254883e+01
   9.0921600e+05   2.9663086e+01
   9.0922800e+05   3.2165527e+01
   9.0927000e+05   2.8869629e+01
   9.0934600e+05   2.8015137e+01
   9.0937700e+05   2.5329590e+01
   9.0941400e+05   3.1799316e+01
   9.0943200e+05   2.3620605e+01
   9.0945300e+05   2.3986816e+01
   9.0948200e+05   2.3132324e+01
   9.1135200e+05   2.3803711e+01
   9.1163300e+05   2.4353027e+01
   1.0076170e+06   2.8137207e+01
   1.0078550e+06   2.2949219e+01
   1.0078960e+06   2.8625488e+01
   1.0079570e+06   2.4841309e+01
   1.0079860e+06   2.5146484e+01
   1.0080670e+06   2.5573730e+01
   1.0081200e+06   3.0700684e+01
   1.0081380e+06   2.6123047e+01
   1.0081680e+06   3.1982422e+01
   1.0082100e+06   2.7160645e+01
   1.0082320e+06   2.8198242e+01
   1.0082770e+06   2.5085449e+01
   1.0083020e+06   5.2734375e+01
   1.0083140e+06   2.3620605e+01
   1.0083280e+06   3.1433105e+01
   1.0083450e+06   2.3681641e+01
   1.0084230e+06   2.4963379e+01
   1.0084640e+06   2.6000977e+01
   1.0085360e+06   2.4108887e+01
   1.0085560e+06   3.2714844e+01
   1.0085870e+06   2.3132324e+01
   1.0086980e+06   2.7160645e+01
   1.0088320e+06   2.7893066e+01
   1.0091050e+06   2.3193359e+01
   1.0118220e+06   2.6977539e+01
   1.0352350e+06   2.4597168e+01
   1.0556090e+06   2.8625488e+01
   1.0706580e+06   2.5207520e+01
   1.1026620e+06   2.3254395e+01
   1.1413470e+06   2.3437500e+01
   1.1414290e+06   2.4658203e+01
   1.1414550e+06   2.5817871e+01
   1.1424340e+06   2.5878906e+01
   1.1600090e+06   2.3620605e+01
   1.1923260e+06   2.3193359e+01
   1.3643220e+06   2.4780273e+01
   1.3644300e+06   2.2521973e+01
   1.4745730e+06   2.3010254e+01
   1.4888200e+06   2.2583008e+01
   1.4938880e+06   4.8278809e+01
   1.6412780e+06   2.3681641e+01
   1.6416630e+06   2.3315430e+01
   1.7591750e+06   2.2949219e+01
   1.9365570e+06   2.2583008e+01
   1.9900090e+06   2.4536133e+01
   1.9903680e+06   2.3498535e+01
   1.9904840e+06   2.8442383e+01
   1.9905380e+06   2.9174805e+01
   1.9906380e+06   2.5329590e+01
   1.9906490e+06   2.9052734e+01
   1.9907070e+06   2.4353027e+01
   1.9907810e+06   3.1982422e+01
   1.9908750e+06   2.3559570e+01
   1.9909850e+06   3.3325195e+01
   1.9910230e+06   4.3334961e+01
   1.9910390e+06   3.4729004e+01
   1.9910710e+06   3.3691406e+01
   1.9911070e+06   4.5593262e+01
   1.9911270e+06   2.8686523e+01
   1.9911570e+06   2.7587891e+01
   1.9911690e+06   3.7292480e+01
   1.9912370e+06   2.3986816e+01
   1.9912870e+06   2.8625488e+01
   1.9915020e+06   2.3437500e+01
   1.9915930e+06   2.4963379e+01
   1.9918340e+06   2.3742676e+01
   1.9919250e+06   2.3742676e+01
   1.9925160e+06   2.2766113e+01
   1.9925510e+06   2.4475098e+01
   1.9928640e+06   2.3132324e+01
   1.9931000e+06   2.5085449e+01
   1.9935680e+06   2.4841309e+01
   2.0269070e+06   2.4047852e+01
   2.1787090e+06   2.6794434e+01
   2.1787250e+06   3.4606934e+01
   2.1787740e+06   2.4780273e+01
   2.1788390e+06   2.3315430e+01
   2.1788760e+06   2.7221680e+01
   2.1789210e+06   3.2104492e+01
   2.1789560e+06   2.4353027e+01
   2.1789860e+06   3.1250000e+01
   2.1790130e+06   6.4208984e+01
   2.1790370e+06   3.9245605e+01
   2.1790730e+06   2.3315430e+01
   2.1790900e+06   4.6325684e+01
   2.1791310e+06   2.5329590e+01
   2.1792490e+06   2.4353027e+01
   2.1793490e+06   2.4169922e+01
   2.1794310e+06   2.2827148e+01
   2.1797720e+06   2.8259277e+01
   2.1798840e+06   2.5878906e+01
   2.1800140e+06   2.4719238e+01
   2.1802650e+06   2.2521973e+01
   2.1804420e+06   2.6306152e+01
   2.1807450e+06   2.7221680e+01
   2.1811260e+06   2.4902344e+01
   2.1836540e+06   2.3742676e+01
   2.1996310e+06   3.1738281e+01
   2.2033990e+06   2.5451660e+01
   2.3555280e+06   2.2888184e+01
   2.3555510e+06   2.4414062e+01
   2.3556730e+06   3.0761719e+01
   2.3557010e+06   3.8391113e+01
   2.3557250e+06   3.9489746e+01
   2.3557740e+06   3.4423828e+01
   2.3558040e+06   3.8879395e+01
   2.3558230e+06   2.6733398e+01
   2.3558530e+06   3.9733887e+01
   2.3559030e+06   2.4719238e+01
   2.3559280e+06   2.7648926e+01
   2.3560480e+06   2.4230957e+01
   2.3560580e+06   2.5817871e+01
   2.3573730e+06   2.5939941e+01
   2.3574030e+06   2.7099609e+01
   2.3576910e+06   2.5512695e+01
   2.3578220e+06   2.3254395e+01
   2.3584730e+06   2.4291992e+01
   2.5259570e+06   2.4108887e+01
   2.5259980e+06   2.3986816e+01
   2.5260390e+06   2.9541016e+01
   2.5260730e+06   2.6672363e+01
   2.5260910e+06   2.9479980e+01
   2.5261040e+06   4.5043945e+01
   2.5261420e+06   3.0456543e+01
   2.5261600e+06   3.5827637e+01
   2.5261740e+06   4.0588379e+01
   2.5261860e+06   4.3762207e+01
   2.5262080e+06   4.1259766e+01
   2.5262430e+06   3.6315918e+01
   2.5262610e+06   3.3813477e+01
   2.5262850e+06   2.6367188e+01
   2.5263070e+06   2.8076172e+01
   2.5263330e+06   2.3254395e+01
   2.5263510e+06   3.1738281e+01
   2.5263790e+06   2.7160645e+01
   2.5263980e+06   2.2766113e+01
   2.5265730e+06   2.4597168e+01
   2.5266660e+06   2.2827148e+01
   2.5267250e+06   2.2705078e+01
   2.5272250e+06   2.3925781e+01
   2.5275560e+06   2.3620605e+01
   2.5277910e+06   2.7404785e+01
   2.5281600e+06   2.4353027e+01
   2.5282820e+06   2.6977539e+01
   2.5285120e+06   2.2949219e+01
   2.5293930e+06   2.2888184e+01
   2.5294650e+06   2.3559570e+01
   2.5297310e+06   2.4536133e+01
   2.5304650e+06   2.2766113e+01
   2.5407360e+06   2.4230957e+01
   2.5918250e+06   2.3010254e+01
   2.6419970e+06   4.6630859e+01
   2.6420410e+06   2.3681641e+01
   2.6420650e+06   2.9418945e+01
   2.6420850e+06   2.9174805e+01
   2.6421160e+06   2.5024414e+01
   2.6421310e+06   3.0944824e+01
   2.6421460e+06   2.3986816e+01
   2.6421670e+06   2.5451660e+01
   2.6421960e+06   3.7841797e+01
   2.6422060e+06   2.8076172e+01
   2.6422310e+06   3.8513184e+01
   2.6422550e+06   4.2175293e+01
   2.6422850e+06   4.1442871e+01
   2.6422990e+06   4.5288086e+01
   2.6423390e+06   2.7404785e+01
   2.6423640e+06   2.3376465e+01
   2.6424070e+06   2.3620605e+01
   2.6424680e+06   2.8503418e+01
   2.6425010e+06   2.6977539e+01
   2.6425540e+06   2.4658203e+01
   2.6425790e+06   2.3864746e+01
   2.6426510e+06   2.3315430e+01
   2.6426840e+06   2.3803711e+01
   2.6430360e+06   2.3315430e+01
   2.6436650e+06   2.4841309e+01
   2.6437580e+06   2.3071289e+01
   2.6438130e+06   2.2827148e+01
   2.6439280e+06   2.2766113e+01
   2.6440940e+06   2.5695801e+01
   2.6443680e+06   2.3254395e+01
   2.6446490e+06   2.2827148e+01
   2.6449020e+06   2.2705078e+01
   2.7403180e+06   3.1799316e+01
   2.7403360e+06   2.6550293e+01
   2.7403830e+06   4.1809082e+01
   2.7404340e+06   2.4597168e+01
   2.7404590e+06   2.5451660e+01
   2.7404800e+06   2.3071289e+01
   2.7405080e+06   4.6081543e+01
   2.7405350e+06   3.2226562e+01
   2.7405640e+06   2.4536133e+01
   2.7405880e+06   6.3110352e+01
   2.7406170e+06   4.1748047e+01
   2.7406450e+06   3.2958984e+01
   2.7407640e+06   2.3437500e+01
   2.7407970e+06   2.6489258e+01
   2.7408650e+06   2.7832031e+01
   2.7409490e+06   2.3620605e+01
   2.7416250e+06   2.4169922e+01
   2.7418560e+06   2.4414062e+01
   2.7426200e+06   2.5756836e+01
   2.7426830e+06   2.6245117e+01
   2.8369210e+06   2.2888184e+01
   2.8371980e+06   3.6682129e+01
   2.8372460e+06   2.3986816e+01
   2.8373050e+06   2.3742676e+01
   2.8373420e+06   3.2531738e+01
   2.8373570e+06   4.2236328e+01
   2.8373780e+06   3.4667969e+01
   2.8374030e+06   2.8198242e+01
   2.8374190e+06   2.4658203e+01
   2.8374320e+06   2.4230957e+01
   2.8374670e+06   2.4536133e+01
   2.8374870e+06   2.3803711e+01
   2.8375180e+06   3.9123535e+01
   2.8375760e+06   2.8747559e+01
   2.8378130e+06   2.3193359e+01
   2.8386410e+06   2.3681641e+01
   2.8389810e+06   2.4291992e+01
   2.8392890e+06   2.4658203e+01
   2.8394420e+06   2.5085449e+01
   2.8394890e+06   2.3986816e+01
   2.8396400e+06   2.4169922e+01
   2.8399190e+06   2.2521973e+01
   2.9201530e+06   3.8635254e+01
   2.9201690e+06   4.0832520e+01
   2.9201860e+06   2.4719238e+01
   2.9202070e+06   2.8381348e+01
   2.9202260e+06   2.5512695e+01
   2.9202640e+06   3.8330078e+01
   2.9202800e+06   2.5268555e+01
   2.9203000e+06   2.5573730e+01
   2.9203330e+06   3.1005859e+01
   2.9203730e+06   3.0639648e+01
   2.9203940e+06   3.2836914e+01
   2.9204120e+06   3.6499023e+01
   2.9204500e+06   2.6184082e+01
   2.9205320e+06   2.2888184e+01
   2.9205560e+06   2.2949219e+01
   2.9206460e+06   2.2949219e+01
   2.9206730e+06   2.3071289e+01
   2.9212690e+06   2.4108887e+01
   2.9213110e+06   2.3254395e+01
   2.9220380e+06   2.8747559e+01
   2.9225470e+06   2.3010254e+01
   2.9226930e+06   2.3254395e+01
   2.9228130e+06   2.5146484e+01
   2.9239200e+06   2.3010254e+01
   3.0696070e+06   2.3864746e+01
   3.0701270e+06   2.4230957e+01
   3.0701810e+06   3.1982422e+01
   3.0702120e+06   3.2897949e+01
   3.0702520e+06   3.4057617e+01
   3.0703190e+06   3.0761719e+01
   3.0703520e+06   2.7221680e+01
   3.0703710e+06   3.6499023e+01
   3.0704080e+06   3.0578613e+01
   3.0704270e+06   3.8452148e+01
   3.0704610e+06   4.1809082e+01
   3.0705370e+06   2.2705078e+01
   3.0705840e+06   2.9052734e+01
   3.0709050e+06   2.2888184e+01
   3.0714130e+06   2.6245117e+01
   3.0714570e+06   2.5512695e+01
   3.0721430e+06   2.2338867e+01
   3.0723020e+06   2.3681641e+01
   3.0728220e+06   2.6733398e+01
   3.0787400e+06   2.2949219e+01
   3.1973370e+06   2.2399902e+01
   3.1975420e+06   5.9020996e+01
   3.1975690e+06   2.5207520e+01
   3.1975960e+06   3.4667969e+01
   3.1976150e+06   3.3203125e+01
   3.1976440e+06   4.2480469e+01
   3.1976660e+06   2.6977539e+01
   3.1976930e+06   2.3132324e+01
   3.1977180e+06   2.5817871e+01
   3.1977780e+06   3.9245605e+01
   3.1978000e+06   5.4931641e+01
   3.1979550e+06   2.3986816e+01
   3.1980950e+06   2.2583008e+01
   3.1981280e+06   2.2216797e+01
   3.1991480e+06   2.2827148e+01
   3.1993770e+06   2.2644043e+01
   3.1996530e+06   2.4658203e+01
   3.2000160e+06   2.3498535e+01
   3.2003820e+06   2.2705078e+01
   3.3029380e+06   2.7343750e+01
   3.3212900e+06   2.2399902e+01
   3.3214920e+06   2.5573730e+01
   3.3215220e+06   2.8686523e+01
   3.3215940e+06   2.8503418e+01
   3.3216160e+06   3.1677246e+01
   3.3216810e+06   2.3071289e+01
   3.3216940e+06   3.2165527e+01
   3.3217400e+06   3.7353516e+01
   3.3217590e+06   3.1982422e+01
   3.3217830e+06   2.6123047e+01
   3.3218170e+06   3.3630371e+01
   3.3218370e+06   2.3864746e+01
   3.3218670e+06   5.1696777e+01
   3.3218930e+06   3.6437988e+01
   3.3219110e+06   3.2470703e+01
   3.3219480e+06   2.3559570e+01
   3.3219830e+06   3.1982422e+01
   3.3220310e+06   2.3132324e+01
   3.3220510e+06   2.5146484e+01
   3.3225290e+06   2.4414062e+01
   3.3226000e+06   3.0578613e+01
   3.3231950e+06   2.2216797e+01
   3.3234450e+06   2.4536133e+01
   3.3238390e+06   2.2277832e+01
   3.3245780e+06   2.5451660e+01
   3.6040050e+06   2.5390625e+01
   3.6042080e+06   2.3681641e+01
   3.6042190e+06   2.8076172e+01
   3.6042540e+06   2.8747559e+01
   3.6042830e+06   2.2949219e+01
   3.6043220e+06   3.0944824e+01
   3.6043530e+06   3.1005859e+01
   3.6043680e+06   2.6245117e+01
   3.6043870e+06   5.7006836e+01
   3.6044180e+06   2.4475098e+01
   3.6044460e+06   2.9785156e+01
   3.6044740e+06   4.7241211e+01
   3.6044910e+06   2.3864746e+01
   3.6045160e+06   4.6997070e+01
   3.6046420e+06   3.2470703e+01
   3.6046840e+06   2.2766113e+01
   3.6047680e+06   2.6062012e+01
   3.6047990e+06   2.6733398e+01
   3.6051910e+06   2.3925781e+01
   3.6052900e+06   2.3986816e+01
   3.6061420e+06   2.6916504e+01
   3.6062260e+06   2.2888184e+01
   3.6067230e+06   2.2460938e+01
   3.6253500e+06   2.6367188e+01
   3.7501740e+06   2.9541016e+01
   3.7502180e+06   2.3132324e+01
   3.7502360e+06   3.2592773e+01
   3.7502880e+06   2.9785156e+01
   3.7503070e+06   3.1372070e+01
   3.7503430e+06   2.9113770e+01
   3.7503690e+06   3.5217285e+01
   3.7504080e+06   2.7893066e+01
   3.7504290e+06   3.8269043e+01
   3.7504390e+06   3.3630371e+01
   3.7504630e+06   4.2724609e+01
   3.7504790e+06   3.2897949e+01
   3.7505200e+06   2.7526855e+01
   3.7505420e+06   3.2836914e+01
   3.7505520e+06   2.6184082e+01
   3.7505870e+06   2.7160645e+01
   3.7506500e+06   2.7709961e+01
   3.7507020e+06   2.5390625e+01
   3.7507190e+06   2.4658203e+01
   3.7512660e+06   2.3010254e+01
   3.7513710e+06   2.3925781e+01
   3.7516490e+06   2.2338867e+01
   3.7522370e+06   2.3193359e+01
   3.7524050e+06   2.3986816e+01
   3.7722230e+06   2.2644043e+01
   3.7766030e+06   2.5085449e+01
   3.8694130e+06   2.5451660e+01
   3.8697540e+06   2.8869629e+01
   3.8698200e+06   3.0090332e+01
   3.8698600e+06   3.0700684e+01
   3.8698810e+06   3.3569336e+01
   3.8698990e+06   3.0212402e+01
   3.8699150e+06   4.4006348e+01
   3.8699400e+06   3.3691406e+01
   3.8699560e+06   2.7709961e+01
   3.8699850e+06   2.2399902e+01
   3.8700150e+06   4.3212891e+01
   3.8700330e+06   4.2175293e+01
   3.8700730e+06   2.5207520e+01
   3.8701090e+06   3.0700684e+01
   3.8701720e+06   3.0090332e+01
   3.8703140e+06   2.9907227e+01
   3.8704900e+06   2.2460938e+01
   3.8707530e+06   2.4841309e+01
   3.8712250e+06   2.2949219e+01
   3.8714140e+06   2.9602051e+01
   3.8715120e+06   2.6977539e+01
   3.8718070e+06   2.5451660e+01
   3.8720380e+06   2.8564453e+01
   3.8720960e+06   2.6000977e+01
   3.8728270e+06   2.5085449e+01
   3.9647530e+06   2.3742676e+01
   3.9649760e+06   3.0639648e+01
   3.9649880e+06   2.2460938e+01
   3.9650410e+06   2.8259277e+01
   3.9650760e+06   3.0212402e+01
   3.9651090e+06   3.0700684e+01
   3.9651200e+06   4.7424316e+01
   3.9651670e+06   2.5451660e+01
   3.9651910e+06   2.5573730e+01
   3.9652090e+06   3.3935547e+01
   3.9652300e+06   2.4291992e+01
   3.9652850e+06   3.3569336e+01
   3.9653030e+06   2.8686523e+01
   3.9653460e+06   2.8808594e+01
   3.9654130e+06   2.3620605e+01
   3.9656000e+06   2.4291992e+01
   3.9662160e+06   2.6367188e+01
   3.9662670e+06   2.3071289e+01
   3.9664030e+06   2.5695801e+01
   3.9664680e+06   2.4963379e+01
   3.9668630e+06   2.5207520e+01
   3.9669430e+06   2.4902344e+01
   3.9679370e+06   2.3071289e+01
   3.9680110e+06   2.2705078e+01
   4.0082610e+06   2.3376465e+01
   4.0536930e+06   2.2216797e+01
   4.0537220e+06   2.2766113e+01
   4.0538550e+06   2.5085449e+01
   4.0539180e+06   3.8208008e+01
   4.0539280e+06   4.3579102e+01
   4.0539630e+06   3.0212402e+01
   4.0539860e+06   2.4108887e+01
   4.0540090e+06   2.2277832e+01
   4.0540230e+06   3.6499023e+01
   4.0540510e+06   3.5888672e+01
   4.0540780e+06   3.4118652e+01
   4.0541080e+06   2.9602051e+01
   4.0541190e+06   3.0212402e+01
   4.0541610e+06   2.2338867e+01
   4.0541850e+06   3.0029297e+01
   4.0543070e+06   2.5512695e+01
   4.0544540e+06   2.3803711e+01
   4.0544860e+06   2.4414062e+01
   4.0546710e+06   2.3925781e+01
   4.0550950e+06   2.5390625e+01
   4.0552320e+06   2.4597168e+01
   4.0555630e+06   2.2216797e+01
   4.0556410e+06   2.5329590e+01
   4.0558060e+06   3.0578613e+01
   4.0558310e+06   2.2827148e+01
   4.0561530e+06   2.3803711e+01
   4.0562890e+06   2.4230957e+01
   4.0593870e+06   2.2521973e+01
   4.1675390e+06   2.2399902e+01
   4.1676750e+06   2.4902344e+01
   4.1677310e+06   3.4179688e+01
   4.1677630e+06   2.6733398e+01
   4.1678300e+06   2.5878906e+01
   4.1678560e+06   2.4963379e+01
   4.1678730e+06   2.5390625e+01
   4.1679320e+06   2.4719238e+01
   4.1679530e+06   2.4047852e+01
   4.1680100e+06   3.6743164e+01
   4.1680360e+06   2.8320312e+01
   4.1680660e+06   4.6875000e+01
   4.1680770e+06   3.2348633e+01
   4.1681070e+06   3.4851074e+01
   4.1681470e+06   2.5329590e+01
   4.1681840e+06   2.6916504e+01
   4.1682690e+06   2.5268555e+01
   4.1684120e+06   2.6245117e+01
   4.1684980e+06   2.2644043e+01
   4.1689970e+06   2.4841309e+01
   4.1697100e+06   2.5573730e+01
   4.1699650e+06   2.2827148e+01
   4.1702290e+06   3.2531738e+01
   4.2384070e+06   2.3620605e+01
   4.3878010e+06   2.7221680e+01
   4.4826510e+06   2.3315430e+01
   4.4844480e+06   2.3559570e+01
   4.8539630e+06   2.3437500e+01
   4.9234440e+06   2.2521973e+01
   4.9248360e+06   2.2277832e+01
   4.9248810e+06   2.2827148e+01
   4.9250740e+06   2.2277832e+01
   4.9251210e+06   2.7404785e+01
   4.9251640e+06   2.4475098e+01
   4.9251740e+06   2.6977539e+01
   4.9252120e+06   2.6916504e+01
   4.9252510e+06   3.1005859e+01
   4.9252610e+06   2.3193359e+01
   4.9252940e+06   4.1625977e+01
   4.9253110e+06   2.3986816e+01
   4.9253300e+06   2.2399902e+01
   4.9253820e+06   2.5573730e+01
   4.9254520e+06   2.3559570e+01
   4.9255520e+06   2.6306152e+01
   4.9257020e+06   2.7893066e+01
   4.9258590e+06   2.4597168e+01
   4.9259840e+06   2.7343750e+01
   4.9263450e+06   2.5390625e+01
   4.9266000e+06   2.4719238e+01
   4.9269250e+06   2.3315430e+01
   4.9270480e+06   2.4536133e+01
   4.9272090e+06   2.8442383e+01
   4.9272650e+06   2.3254395e+01
   4.9273820e+06   2.7832031e+01
   5.0046030e+06   2.8015137e+01
   5.0900310e+06   2.4108887e+01
   5.1060540e+06   2.2460938e+01
   5.1465100e+06   2.2521973e+01
   5.1475910e+06   2.4353027e+01
   5.1478200e+06   2.2521973e+01
   5.1478430e+06   2.5268555e+01
   5.1478580e+06   4.2785645e+01
   5.1478810e+06   3.0151367e+01
   5.1479160e+06   4.2724609e+01
   5.1479410e+06   2.4719238e+01
   5.1479650e+06   2.5329590e+01
   5.1479930e+06   3.2470703e+01
   5.1480060e+06   3.6132812e+01
   5.1480330e+06   3.1372070e+01
   5.1480460e+06   4.2480469e+01
   5.1480740e+06   2.3498535e+01
   5.1481230e+06   2.5268555e+01
   5.1481770e+06   3.1677246e+01
   5.1482250e+06   2.5207520e+01
   5.1482890e+06   2.3559570e+01
   5.1488460e+06   2.2460938e+01
   5.1489430e+06   2.4230957e+01
   5.1492120e+06   2.3254395e+01
   5.1492690e+06   2.3437500e+01
   5.1495030e+06   2.2277832e+01
   5.1495610e+06   2.6977539e+01
   5.1497760e+06   2.3803711e+01
   5.1497870e+06   2.4414062e+01
   5.1499240e+06   2.6733398e+01
   5.1501260e+06   2.5146484e+01
   5.3580760e+06   2.5085449e+01
   5.3581190e+06   2.3986816e+01
   5.3581380e+06   2.6123047e+01
   5.3581670e+06   2.3559570e+01
   5.3581950e+06   3.0029297e+01
   5.3582150e+06   2.2888184e+01
   5.3582710e+06   2.6916504e+01
   5.3582960e+06   3.0639648e+01
   5.3583150e+06   3.6315918e+01
   5.3583400e+06   3.2836914e+01
   5.3583600e+06   3.6804199e+01
   5.3583760e+06   3.4240723e+01
   5.3584580e+06   2.3132324e+01
   5.3585120e+06   2.6611328e+01
   5.3586180e+06   2.4780273e+01
   5.3586470e+06   2.2460938e+01
   5.3587420e+06   2.9235840e+01
   5.3587990e+06   2.4902344e+01
   5.3593860e+06   2.6733398e+01
   5.3596960e+06   2.2949219e+01
   5.3597300e+06   2.2888184e+01
   5.3599230e+06   2.2827148e+01
   5.3601800e+06   2.5207520e+01
   5.3601980e+06   2.9968262e+01
   5.3602990e+06   2.3315430e+01
   5.3604100e+06   2.6550293e+01
   5.3792510e+06   2.2644043e+01
   5.5360120e+06   2.3071289e+01
   5.6418020e+06   2.7770996e+01
   5.6419490e+06   2.5695801e+01
   5.6419700e+06   2.9235840e+01
   5.6420010e+06   2.8381348e+01
   5.6420260e+06   2.2521973e+01
   5.6420490e+06   4.5959473e+01
   5.6420760e+06   3.2775879e+01
   5.6421050e+06   3.6926270e+01
   5.6421210e+06   2.3559570e+01
   5.6421440e+06   3.6437988e+01
   5.6421920e+06   3.0395508e+01
   5.6422090e+06   2.7893066e+01
   5.6422380e+06   2.4597168e+01
   5.6422530e+06   2.2766113e+01
   5.6422700e+06   2.4902344e+01
   5.6423200e+06   2.2277832e+01
   5.6423770e+06   2.7343750e+01
   5.6427490e+06   2.8808594e+01
   5.6428760e+06   2.3376465e+01
   5.6430140e+06   2.3193359e+01
   5.6430770e+06   2.3010254e+01
   5.6433020e+06   2.3315430e+01
   5.6435180e+06   2.3986816e+01
   5.6440660e+06   2.5085449e+01
   5.6440810e+06   2.5329590e+01
   5.6442340e+06   2.2277832e+01
   5.6444010e+06   2.2216797e+01
   5.6447110e+06   2.2399902e+01
   5.6479650e+06   2.3254395e+01
   5.6513390e+06   2.3315430e+01
   5.6705840e+06   2.4719238e+01
   5.6796040e+06   2.2338867e+01
   5.8375630e+06   2.2399902e+01
   5.8375990e+06   2.3925781e+01
   5.8376350e+06   3.2287598e+01
   5.8376590e+06   2.7282715e+01
   5.8376900e+06   3.0029297e+01
   5.8377090e+06   2.7709961e+01
   5.8377310e+06   2.6367188e+01
   5.8377580e+06   3.1921387e+01
   5.8378230e+06   3.0578613e+01
   5.8378500e+06   2.2277832e+01
   5.8378630e+06   2.7770996e+01
   5.8378900e+06   4.1564941e+01
   5.8380450e+06   2.2949219e+01
   5.8380910e+06   2.4353027e+01
   5.8388850e+06   2.3742676e+01
   5.8394680e+06   2.3254395e+01
   5.8395900e+06   2.3498535e+01
   5.8399280e+06   2.6306152e+01
   5.8401590e+06   3.0822754e+01
   5.8403070e+06   2.2460938e+01
   5.8742800e+06   2.3925781e+01
   5.8749030e+06   2.2338867e+01
   5.8920320e+06   2.3559570e+01
