   5.9990000e+06   0.0000000e+00
   4.3703000e+04   1.9653320e+01
   4.3716000e+04   1.7333984e+01
   4.3747000e+04   2.5146484e+01
   5.9959000e+04   1.3244629e+01
   6.0174000e+04   1.2939453e+01
   6.0270000e+04   1.2756348e+01
   6.0409000e+04   1.2817383e+01
   6.0457000e+04   1.3061523e+01
   6.0482000e+04   1.7822266e+01
   6.0547000e+04   1.5014648e+01
   6.0611000e+04   1.4709473e+01
   6.0623000e+04   1.3610840e+01
   6.0674000e+04   1.6052246e+01
   6.0735000e+04   1.5197754e+01
   2.0934500e+05   1.2695312e+01
   2.0936600e+05   1.4587402e+01
   2.0937700e+05   1.9531250e+01
   2.0939400e+05   1.8676758e+01
   2.0941300e+05   1.5563965e+01
   2.0948500e+05   1.4831543e+01
   2.0958200e+05   1.4099121e+01
   2.0961400e+05   1.4099121e+01
   2.0964900e+05   1.3183594e+01
   2.0979200e+05   1.2573242e+01
   2.2243800e+05   1.3183594e+01
   2.2247600e+05   2.1850586e+01
   2.2250200e+05   1.5136719e+01
   2.2252500e+05   1.9348145e+01
   2.2257200e+05   1.4587402e+01
   2.2286100e+05   1.2634277e+01
   3.3856800e+05   1.2634277e+01
   3.3858500e+05   1.5197754e+01
   3.3859600e+05   1.4648437e+01
   3.3861000e+05   2.1606445e+01
   3.3865900e+05   1.3488770e+01
   3.3884400e+05   1.3427734e+01
   3.4690000e+05   1.2451172e+01
   3.4691600e+05   1.9775391e+01
   3.4692900e+05   1.7761230e+01
   3.4695900e+05   1.4221191e+01
   3.4697000e+05   1.3671875e+01
   3.4700100e+05   1.3549805e+01
   3.4713500e+05   1.4892578e+01
   3.4717300e+05   1.4831543e+01
   3.4721100e+05   1.4953613e+01
   3.4730200e+05   1.5319824e+01
   3.4812100e+05   1.2451172e+01
   3.5464300e+05   2.2644043e+01
   3.5465600e+05   1.7028809e+01
   3.5468800e+05   1.6845703e+01
   3.5474800e+05   1.3183594e+01
   3.5492400e+05   1.3671875e+01
   3.5500100e+05   1.3549805e+01
   3.5555200e+05   1.2939453e+01
   3.6544300e+05   1.4831543e+01
   3.6545600e+05   1.7089844e+01
   3.6550600e+05   1.4587402e+01
   3.6554600e+05   1.4587402e+01
   3.6589200e+05   1.3793945e+01
   5.1683000e+05   2.0568848e+01
   5.1685000e+05   2.0812988e+01
   5.1686900e+05   1.8432617e+01
   5.1687900e+05   1.4709473e+01
   5.1695600e+05   1.3977051e+01
   5.1716200e+05   1.3366699e+01
   5.1720600e+05   1.2634277e+01
   5.1723700e+05   1.2451172e+01
   7.2807700e+05   1.4831543e+01
   7.2809200e+05   2.0874023e+01
   7.2812100e+05   1.4038086e+01
   7.2819400e+05   1.4648438e+01
   7.2826500e+05   1.3488770e+01
   7.2834000e+05   1.5014648e+01
   7.2838500e+05   1.3305664e+01
   7.3657600e+05   1.2878418e+01
   7.3662100e+05   1.3977051e+01
   7.3666100e+05   1.3061523e+01
   7.3669400e+05   1.8188477e+01
   7.3671300e+05   1.4892578e+01
   7.3676400e+05   1.3000488e+01
   7.3706800e+05   1.4526367e+01
   7.3714800e+05   1.5502930e+01
   7.3744800e+05   1.3977051e+01
   1.0648050e+06   1.2451172e+01
   1.2820050e+06   1.3732910e+01
   1.4891210e+06   1.2634277e+01
   1.5848500e+06   1.4831543e+01
   1.5848770e+06   1.3549805e+01
   1.5848950e+06   1.2573242e+01
   1.5849150e+06   2.2521973e+01
   1.5849930e+06   1.3244629e+01
   1.5850860e+06   1.4221191e+01
   1.5851180e+06   1.2573242e+01
   1.5851420e+06   1.5502930e+01
   1.5851640e+06   1.5136719e+01
   1.5851910e+06   1.5258789e+01
   1.5852450e+06   1.4587402e+01
   1.5967540e+06   1.3244629e+01
   1.5967850e+06   1.7761230e+01
   1.5968030e+06   1.9042969e+01
   1.5968290e+06   1.2512207e+01
   1.5968390e+06   1.2573242e+01
   1.5968680e+06   1.5319824e+01
   1.5969070e+06   1.3000488e+01
   1.5972130e+06   1.2451172e+01
   1.8233280e+06   1.3427734e+01
   1.8233660e+06   2.9357910e+01
   1.8234090e+06   2.4230957e+01
   1.8234430e+06   1.3549805e+01
   1.8235490e+06   1.3549805e+01
   1.8235790e+06   1.4892578e+01
   1.8236010e+06   1.3305664e+01
   1.8236230e+06   1.3122559e+01
   2.0278110e+06   1.6845703e+01
   2.0278490e+06   2.4658203e+01
   2.0278940e+06   1.4282227e+01
   2.0279790e+06   1.3000488e+01
   2.0280180e+06   1.4831543e+01
   2.0280550e+06   1.2695312e+01
   2.0280930e+06   1.7944336e+01
   2.0281300e+06   1.5869141e+01
   2.2906480e+06   1.2451172e+01
   2.2907150e+06   1.9836426e+01
   2.2907420e+06   1.4282227e+01
   2.2907760e+06   1.7089844e+01
   2.2908260e+06   1.3916016e+01
   2.2908480e+06   1.4526367e+01
   2.2908770e+06   1.2573242e+01
   2.2909230e+06   1.9165039e+01
   2.2909700e+06   1.8920898e+01
   2.2910160e+06   1.6418457e+01
   2.2911690e+06   1.3549805e+01
   2.4486310e+06   1.6235352e+01
   2.4486670e+06   2.3010254e+01
   2.4486810e+06   1.3244629e+01
   2.4488720e+06   1.2634277e+01
   2.8950970e+06   1.2512207e+01
   2.8951180e+06   2.5146484e+01
   2.8951370e+06   1.2756348e+01
   2.8951690e+06   1.3183594e+01
   2.8953470e+06   1.2634277e+01
   2.8953680e+06   1.9104004e+01
   2.8954310e+06   1.4099121e+01
   2.8955010e+06   1.3793945e+01
   2.9072480e+06   1.2634277e+01
   2.9072700e+06   2.1728516e+01
   2.9073000e+06   1.2512207e+01
   2.9073100e+06   1.2634277e+01
   2.9073200e+06   1.3854980e+01
   2.9073390e+06   1.2634277e+01
   2.9073590e+06   1.9531250e+01
   2.9074430e+06   1.5747070e+01
   2.9076370e+06   1.3366699e+01
   2.9076600e+06   1.2634277e+01
   2.9077100e+06   1.2512207e+01
   2.9077680e+06   1.3732910e+01
   3.1270510e+06   2.6184082e+01
   3.1270850e+06   2.1240234e+01
   3.1270990e+06   1.3427734e+01
   3.1271480e+06   1.2939453e+01
   3.1272770e+06   1.3305664e+01
   3.1273450e+06   1.3549805e+01
   3.1273680e+06   1.3000488e+01
   3.1274260e+06   1.5747070e+01
   3.3052880e+06   1.6845703e+01
   3.3053200e+06   1.3000488e+01
   3.3054170e+06   1.3854980e+01
   3.3054790e+06   1.3366699e+01
   3.3055250e+06   1.4465332e+01
   3.3055750e+06   1.5197754e+01
   3.3056210e+06   1.5625000e+01
   3.4363110e+06   1.5380859e+01
   3.4363270e+06   1.9775391e+01
   3.4363480e+06   1.6296387e+01
   3.4363630e+06   1.8249512e+01
   3.4364020e+06   1.3427734e+01
   3.4364180e+06   1.4648438e+01
   3.4364340e+06   1.4526367e+01
   3.4365540e+06   1.6967773e+01
   3.4366110e+06   1.3000488e+01
   4.2991420e+06   1.2878418e+01
   4.2991540e+06   2.5451660e+01
   4.2991870e+06   2.1667480e+01
   4.2992150e+06   1.4526367e+01
   4.2992320e+06   1.6723633e+01
   4.2993580e+06   1.5808105e+01
   4.2994080e+06   1.3854980e+01
   4.2994260e+06   1.5563965e+01
   4.2994810e+06   1.9409180e+01
   4.3101770e+06   2.0202637e+01
   4.3102100e+06   1.5869141e+01
   4.3102200e+06   1.8249512e+01
   4.3102450e+06   1.3488770e+01
   5.2069760e+06   1.3061523e+01
   5.2254490e+06   1.3427734e+01
   5.2254830e+06   1.9287109e+01
   5.2255060e+06   1.3671875e+01
   5.2255330e+06   1.6845703e+01
   5.2255710e+06   1.3488770e+01
   5.2256890e+06   1.4953613e+01
   5.2257750e+06   1.5686035e+01
   5.2258460e+06   1.3305664e+01
   5.2259820e+06   1.3488770e+01
   5.2365360e+06   1.7272949e+01
   5.2365540e+06   1.5075684e+01
   5.2365740e+06   1.3305664e+01
   5.2366240e+06   1.6784668e+01
   5.2366660e+06   1.2878418e+01
   5.7389590e+06   1.3854980e+01
   5.7389700e+06   2.4108887e+01
   5.7391990e+06   1.3977051e+01
   5.7392310e+06   1.4221191e+01
   5.7392970e+06   1.5380859e+01
   5.7536270e+06   1.9287109e+01
   5.7536480e+06   2.0690918e+01
   5.7536640e+06   1.4831543e+01
   5.7536830e+06   1.5075684e+01
