   5.9990000e+06   0.0000000e+00
   4.3407000e+04   2.0019531e+01
   4.3426000e+04   4.4250488e+01
   4.3442000e+04   2.4658203e+01
   4.3472000e+04   3.8208008e+01
   4.3486000e+04   1.3244629e+01
   4.3514000e+04   3.5461426e+01
   4.3583000e+04   4.3212891e+01
   4.3605000e+04   1.2817383e+01
   4.3626000e+04   2.6794434e+01
   4.3675000e+04   4.1137695e+01
   4.3690000e+04   1.6784668e+01
   4.3728000e+04   1.4831543e+01
   4.3744000e+04   1.3549805e+01
   4.3763000e+04   2.9174805e+01
   4.3816000e+04   2.7770996e+01
   4.3848000e+04   3.1066895e+01
   4.3893000e+04   1.2939453e+01
   4.3961000e+04   2.8198242e+01
   4.4090000e+04   2.7282715e+01
   4.4258000e+04   1.3549805e+01
   4.4398000e+04   1.3793945e+01
   4.4408000e+04   1.3244629e+01
   4.7109000e+04   1.9592285e+01
   4.7156000e+04   1.4892578e+01
   5.3427000e+04   1.7333984e+01
   5.3453000e+04   1.5319824e+01
   5.3816000e+04   1.4587402e+01
   5.7073000e+04   3.5278320e+01
   5.7087000e+04   2.3376465e+01
   5.7136000e+04   1.9104004e+01
   5.7286000e+04   2.6184082e+01
   6.0174000e+04   2.1911621e+01
   6.0234000e+04   3.1127930e+01
   6.0274000e+04   3.4606934e+01
   6.0291000e+04   1.6235352e+01
   6.0324000e+04   1.7883301e+01
   6.0350000e+04   1.4221191e+01
   6.0391000e+04   3.4240723e+01
   6.0498000e+04   1.4770508e+01
   6.0533000e+04   1.8615723e+01
   6.0623000e+04   2.4169922e+01
   6.0635000e+04   2.2521973e+01
   6.0682000e+04   1.8737793e+01
   6.0732000e+04   1.4099121e+01
   6.0756000e+04   1.7395020e+01
   6.0824000e+04   2.6672363e+01
   6.0980000e+04   2.4597168e+01
   6.1002000e+04   1.7211914e+01
   6.1048000e+04   1.3916016e+01
   6.1115000e+04   1.2695312e+01
   2.0920500e+05   1.9592285e+01
   2.0921500e+05   3.0944824e+01
   2.0923600e+05   2.5329590e+01
   2.0926700e+05   3.5705566e+01
   2.0929700e+05   2.7282715e+01
   2.0931000e+05   1.2756348e+01
   2.0932200e+05   3.6315918e+01
   2.0934500e+05   3.6499023e+01
   2.0937900e+05   1.4221191e+01
   2.0939800e+05   3.0517578e+01
   2.0942600e+05   2.2583008e+01
   2.0945500e+05   1.6357422e+01
   2.0948700e+05   1.9287109e+01
   2.0951200e+05   2.4841309e+01
   2.0953200e+05   1.4953613e+01
   2.0954200e+05   2.0568848e+01
   2.0956500e+05   2.0629883e+01
   2.0960200e+05   2.6916504e+01
   2.0963600e+05   1.8127441e+01
   2.0967700e+05   1.4160156e+01
   2.0970800e+05   1.4099121e+01
   2.0972700e+05   2.1606445e+01
   2.0979500e+05   1.4709473e+01
   2.0982700e+05   2.2399902e+01
   2.0994500e+05   2.9357910e+01
   2.1001600e+05   1.4282227e+01
   2.1006800e+05   2.5634766e+01
   2.1014400e+05   1.3427734e+01
   2.1081500e+05   1.3488770e+01
   2.1161900e+05   2.0996094e+01
   2.1326300e+05   1.5136719e+01
   2.2107300e+05   1.6906738e+01
   2.2120900e+05   1.4953613e+01
   2.2146100e+05   1.3061523e+01
   2.2151100e+05   1.8432617e+01
   2.2163500e+05   2.4475098e+01
   2.2166000e+05   3.3020020e+01
   2.2167500e+05   2.2216797e+01
   2.2170900e+05   1.3427734e+01
   2.2172800e+05   2.6916504e+01
   2.2177100e+05   2.5878906e+01
   2.2181000e+05   2.8137207e+01
   2.2182700e+05   1.4465332e+01
   2.2184900e+05   1.5625000e+01
   2.2193400e+05   3.7902832e+01
   2.2194500e+05   1.4221191e+01
   2.2195900e+05   3.2592773e+01
   2.2203100e+05   1.3610840e+01
   2.2208300e+05   1.8859863e+01
   2.2209500e+05   2.3437500e+01
   2.2218000e+05   1.8493652e+01
   2.2226200e+05   2.6428223e+01
   2.2230000e+05   1.4160156e+01
   2.2232800e+05   1.4770508e+01
   2.2246600e+05   2.6062012e+01
   2.2248600e+05   1.4892578e+01
   2.2252000e+05   3.3874512e+01
   2.2261300e+05   1.7578125e+01
   2.2263700e+05   2.2583008e+01
   2.2269500e+05   3.0456543e+01
   2.2271400e+05   1.8554688e+01
   2.2280900e+05   2.3925781e+01
   2.2287900e+05   1.9287109e+01
   2.2291700e+05   1.2817383e+01
   2.2294100e+05   1.9653320e+01
   2.2310700e+05   2.0202637e+01
   2.2329500e+05   1.4770508e+01
   2.2331700e+05   2.5146484e+01
   2.2357300e+05   1.8920898e+01
   2.2366700e+05   1.8676758e+01
   2.2391900e+05   2.0202637e+01
   2.7101000e+05   1.2878418e+01
   3.3853200e+05   2.8015137e+01
   3.3854200e+05   3.7719727e+01
   3.3855800e+05   4.7729492e+01
   3.3857400e+05   3.5583496e+01
   3.3861100e+05   3.5095215e+01
   3.3863000e+05   1.4953613e+01
   3.3865200e+05   2.4353027e+01
   3.3866900e+05   1.6357422e+01
   3.3869200e+05   1.4709473e+01
   3.3872400e+05   1.6723633e+01
   3.3874000e+05   1.7272949e+01
   3.3877200e+05   1.8310547e+01
   3.3879100e+05   1.4282227e+01
   3.3882400e+05   1.4221191e+01
   3.3886700e+05   2.2216797e+01
   3.3893300e+05   1.3671875e+01
   3.3897000e+05   1.4221191e+01
   3.3898200e+05   1.4282227e+01
   3.3915000e+05   1.3671875e+01
   3.3931900e+05   1.3549805e+01
   3.3972300e+05   1.4892578e+01
   3.3987500e+05   1.4038086e+01
   3.4011400e+05   1.6479492e+01
   3.4030300e+05   1.6113281e+01
   3.4101300e+05   1.3977051e+01
   3.4125900e+05   1.3122559e+01
   3.4150700e+05   1.5869141e+01
   3.4197300e+05   1.6113281e+01
   3.4218200e+05   1.4343262e+01
   3.4232900e+05   1.5380859e+01
   3.4292700e+05   1.4892578e+01
   3.4341100e+05   1.7211914e+01
   3.4399200e+05   1.5502930e+01
   3.4471100e+05   1.4831543e+01
   3.4527700e+05   1.5686035e+01
   3.4587400e+05   1.7028809e+01
   3.4663500e+05   1.6357422e+01
   3.4668100e+05   1.3977051e+01
   3.4673300e+05   1.3061523e+01
   3.4676900e+05   2.1545410e+01
   3.4678200e+05   4.1809082e+01
   3.4681500e+05   3.3996582e+01
   3.4684400e+05   2.8686523e+01
   3.4685600e+05   2.9785156e+01
   3.4688900e+05   1.6418457e+01
   3.4689900e+05   1.4099121e+01
   3.4693900e+05   2.0996094e+01
   3.4698400e+05   2.4353027e+01
   3.4703100e+05   1.5625000e+01
   3.4706500e+05   1.3061523e+01
   3.4712600e+05   1.2939453e+01
   3.4731200e+05   1.2878418e+01
   3.4737700e+05   1.2695312e+01
   3.4747800e+05   1.3122559e+01
   3.4752500e+05   1.2817383e+01
   3.4766000e+05   1.9104004e+01
   3.4777100e+05   1.6235352e+01
   3.4780100e+05   1.5258789e+01
   3.4787700e+05   1.6662598e+01
   3.4795000e+05   1.6235352e+01
   3.4820000e+05   1.7333984e+01
   3.4824500e+05   1.3671875e+01
   3.4840300e+05   1.3427734e+01
   3.4859900e+05   1.5563965e+01
   3.4860900e+05   1.2695312e+01
   3.4880400e+05   1.4282227e+01
   3.4899200e+05   1.4160156e+01
   3.4918000e+05   1.2695312e+01
   3.4951800e+05   1.5808105e+01
   3.5002400e+05   1.5686035e+01
   3.5029200e+05   1.7211914e+01
   3.5048500e+05   1.3122559e+01
   3.5074100e+05   1.8249512e+01
   3.5098400e+05   1.3366699e+01
   3.5141700e+05   1.6479492e+01
   3.5161700e+05   1.3000488e+01
   3.5198900e+05   1.4465332e+01
   3.5231800e+05   1.5930176e+01
   3.5271900e+05   1.5869141e+01
   3.5453000e+05   1.6967773e+01
   3.5455500e+05   2.8930664e+01
   3.5457200e+05   2.3132324e+01
   3.5460000e+05   4.5898438e+01
   3.5462900e+05   1.6906738e+01
   3.5464100e+05   1.5380859e+01
   3.5467800e+05   1.3000488e+01
   3.5471300e+05   2.6123047e+01
   3.5475900e+05   2.1606445e+01
   3.5479400e+05   1.3854980e+01
   3.5487200e+05   1.7944336e+01
   3.5497000e+05   1.8005371e+01
   3.5505300e+05   1.4831543e+01
   3.5519800e+05   1.3000488e+01
   3.5534800e+05   1.9470215e+01
   3.5543600e+05   1.4343262e+01
   3.5547800e+05   1.2939453e+01
   3.5562000e+05   1.6662598e+01
   3.5567400e+05   1.3183594e+01
   3.5619300e+05   1.3000488e+01
   3.5632500e+05   1.3793945e+01
   3.5647100e+05   1.3732910e+01
   3.5661900e+05   1.3610840e+01
   3.5723600e+05   1.4953613e+01
   3.5742200e+05   1.6235352e+01
   3.5767600e+05   1.4770508e+01
   3.5783300e+05   1.5136719e+01
   3.5800700e+05   1.4282227e+01
   3.5828500e+05   1.4404297e+01
   3.6535900e+05   1.9775391e+01
   3.6539100e+05   5.2978516e+01
   3.6541300e+05   2.3315430e+01
   3.6542500e+05   5.3527832e+01
   3.6546600e+05   1.4831543e+01
   3.6548800e+05   2.0507812e+01
   3.6551000e+05   1.3793945e+01
   3.6553700e+05   1.9836426e+01
   3.6560900e+05   1.2939453e+01
   3.6569500e+05   1.6967773e+01
   3.6581400e+05   1.7089844e+01
   3.6585000e+05   1.5869141e+01
   3.6594000e+05   1.3977051e+01
   3.6596700e+05   1.7333984e+01
   3.6604000e+05   1.4038086e+01
   3.6617300e+05   1.3610840e+01
   3.6619800e+05   1.4099121e+01
   3.6624700e+05   1.8127441e+01
   3.6628400e+05   1.3916016e+01
   3.6637600e+05   1.6784668e+01
   3.6641600e+05   1.3183594e+01
   3.6653100e+05   1.4709473e+01
   3.6669100e+05   1.5075684e+01
   3.6681000e+05   1.2695312e+01
   3.6707500e+05   1.2756348e+01
   3.6746300e+05   1.7028809e+01
   3.6761400e+05   1.3610840e+01
   3.6777800e+05   1.3244629e+01
   3.6804000e+05   1.5197754e+01
   3.6847600e+05   1.4343262e+01
   3.6863300e+05   1.6357422e+01
   3.6884300e+05   1.4648438e+01
   3.6925100e+05   1.4831543e+01
   5.1673700e+05   1.3977051e+01
   5.1675500e+05   4.3701172e+01
   5.1677300e+05   2.6611328e+01
   5.1678800e+05   2.7770996e+01
   5.1681800e+05   3.3020020e+01
   5.1683100e+05   4.3029785e+01
   5.1685300e+05   3.7109375e+01
   5.1687200e+05   1.8432617e+01
   5.1690400e+05   1.6479492e+01
   5.1694400e+05   2.2583008e+01
   5.1700800e+05   2.5024414e+01
   5.1710300e+05   1.3183594e+01
   5.1716600e+05   1.3366699e+01
   5.1719100e+05   2.3864746e+01
   5.1723200e+05   1.2939453e+01
   5.1727600e+05   1.3122559e+01
   5.1732300e+05   1.5380859e+01
   5.1735700e+05   1.5197754e+01
   5.1741300e+05   1.3488770e+01
   5.1768000e+05   1.4099121e+01
   5.1794300e+05   1.5747070e+01
   5.1883200e+05   2.0629883e+01
   5.1911800e+05   1.3977051e+01
   5.1928200e+05   1.5014648e+01
   5.1944200e+05   1.5991211e+01
   5.1965700e+05   1.5075684e+01
   5.2089600e+05   1.4343262e+01
   5.3044200e+05   1.7272949e+01
   5.3046600e+05   1.3183594e+01
   5.3065800e+05   1.2939453e+01
   5.3092400e+05   1.5380859e+01
   5.3113800e+05   1.6418457e+01
   5.3127000e+05   1.6235352e+01
   5.3146300e+05   1.3671875e+01
   5.3194400e+05   1.3244629e+01
   5.4486600e+05   1.5686035e+01
   5.4505000e+05   1.3000488e+01
   5.4513200e+05   1.3793945e+01
   5.4525300e+05   1.7395020e+01
   5.6392000e+05   1.6845703e+01
   5.6405600e+05   1.2756348e+01
   5.6436000e+05   1.5747070e+01
   6.3616000e+05   2.5146484e+01
   7.2802000e+05   3.0151367e+01
   7.2803300e+05   3.1494141e+01
   7.2804800e+05   2.7648926e+01
   7.2806300e+05   3.3508301e+01
   7.2808400e+05   1.3427734e+01
   7.2810100e+05   1.4953613e+01
   7.2811800e+05   2.1240234e+01
   7.2813000e+05   1.3793945e+01
   7.2815900e+05   1.4831543e+01
   7.2818300e+05   1.2695312e+01
   7.2822000e+05   1.2939453e+01
   7.2824000e+05   2.3620605e+01
   7.2827500e+05   1.4648438e+01
   7.2829300e+05   1.5136719e+01
   7.2831100e+05   1.4282227e+01
   7.2836700e+05   2.0324707e+01
   7.2841900e+05   1.3488770e+01
   7.2844800e+05   1.6113281e+01
   7.2848300e+05   1.3671875e+01
   7.2873900e+05   1.3916016e+01
   7.2895900e+05   1.2756348e+01
   7.3004200e+05   1.3427734e+01
   7.3042600e+05   1.9287109e+01
   7.3104500e+05   1.6845703e+01
   7.3156600e+05   1.5014648e+01
   7.3179600e+05   1.6845703e+01
   7.3249600e+05   1.8127441e+01
   7.3639300e+05   1.6906738e+01
   7.3642600e+05   1.4221191e+01
   7.3646400e+05   1.3122559e+01
   7.3650400e+05   2.2827148e+01
   7.3651600e+05   3.4606934e+01
   7.3652900e+05   2.1057129e+01
   7.3654500e+05   2.1850586e+01
   7.3656100e+05   5.0537109e+01
   7.3658600e+05   1.3366699e+01
   7.3661500e+05   1.4892578e+01
   7.3662500e+05   2.0385742e+01
   7.3666100e+05   2.3803711e+01
   7.3670100e+05   1.5563965e+01
   7.3673900e+05   1.7761230e+01
   7.3682500e+05   1.5197754e+01
   7.3685800e+05   1.4709473e+01
   7.3698700e+05   1.2817383e+01
   7.3708500e+05   1.3549805e+01
   7.3719300e+05   1.6540527e+01
   7.3722100e+05   1.6479492e+01
   7.3728000e+05   1.6052246e+01
   7.3731600e+05   1.7578125e+01
   7.3734200e+05   1.4465332e+01
   7.3740600e+05   1.3732910e+01
   7.3745700e+05   1.2817383e+01
   7.3753200e+05   1.4038086e+01
   7.3758000e+05   1.6357422e+01
   7.3761900e+05   1.6540527e+01
   7.3797900e+05   1.5502930e+01
   7.3819900e+05   1.6479492e+01
   7.3855200e+05   1.3977051e+01
   7.3881600e+05   1.6723633e+01
   7.3898300e+05   1.4343262e+01
   7.3912300e+05   1.7150879e+01
   7.3946400e+05   1.5747070e+01
   7.3975000e+05   1.9287109e+01
   7.3994900e+05   1.4282227e+01
   7.4057100e+05   1.5625000e+01
   7.7737100e+05   1.7822266e+01
   7.7753700e+05   1.4526367e+01
   7.7771600e+05   1.5380859e+01
   7.8307400e+05   1.8371582e+01
   7.8325900e+05   1.3061523e+01
   7.8335200e+05   1.6906738e+01
   7.8350200e+05   1.9042969e+01
   9.1433700e+05   1.6357422e+01
   9.1442400e+05   1.3916016e+01
   9.8952400e+05   1.3671875e+01
   9.8955500e+05   2.8869629e+01
   9.8959700e+05   1.7089844e+01
   9.8965500e+05   2.6733398e+01
   9.8967400e+05   1.3916016e+01
   9.8968500e+05   3.3264160e+01
   9.8972400e+05   1.5319824e+01
   9.8979200e+05   2.7526855e+01
   9.8982300e+05   1.5197754e+01
   9.9010800e+05   1.4160156e+01
   1.0638230e+06   1.5441895e+01
   1.0639230e+06   1.5380859e+01
   1.0639330e+06   3.3691406e+01
   1.0639730e+06   1.2695312e+01
   1.0640500e+06   1.4526367e+01
   1.0641300e+06   1.3732910e+01
   1.0642750e+06   1.4038086e+01
   1.0643060e+06   1.3061523e+01
   1.2815040e+06   2.8137207e+01
   1.2815150e+06   1.3732910e+01
   1.2815300e+06   2.7465820e+01
   1.2815590e+06   2.2521973e+01
   1.2815860e+06   2.8564453e+01
   1.2816060e+06   1.2878418e+01
   1.2816550e+06   1.8920898e+01
   1.2816830e+06   2.4047852e+01
   1.2817090e+06   1.7272949e+01
   1.2817430e+06   2.2827148e+01
   1.2817590e+06   1.3061523e+01
   1.2819170e+06   1.7883301e+01
   1.2822020e+06   2.0568848e+01
   1.4882730e+06   1.4892578e+01
   1.4882850e+06   3.2714844e+01
   1.4883340e+06   2.3010254e+01
   1.4883620e+06   2.7587891e+01
   1.4884240e+06   1.5747070e+01
   1.4884470e+06   3.1311035e+01
   1.4884650e+06   1.7822266e+01
   1.4886460e+06   1.3732910e+01
   1.4886800e+06   1.5563965e+01
   1.4888120e+06   1.5319824e+01
   1.4892160e+06   1.4953613e+01
   1.4910740e+06   3.5827637e+01
   1.5848370e+06   2.5756836e+01
   1.5848490e+06   1.5136719e+01
   1.5848740e+06   5.1086426e+01
   1.5848940e+06   1.3732910e+01
   1.5849240e+06   2.7587891e+01
   1.5849510e+06   1.4038086e+01
   1.5849680e+06   3.4179688e+01
   1.5850150e+06   1.3854980e+01
   1.5850320e+06   1.2817383e+01
   1.5850510e+06   1.6601562e+01
   1.5850730e+06   2.0996094e+01
   1.5850990e+06   1.9653320e+01
   1.5851400e+06   1.2756348e+01
   1.5851690e+06   1.3488770e+01
   1.5852110e+06   2.0141602e+01
   1.5853190e+06   1.3366699e+01
   1.5853930e+06   2.3437500e+01
   1.5854300e+06   1.9836426e+01
   1.5855640e+06   1.4892578e+01
   1.5859170e+06   1.5808105e+01
   1.5866190e+06   1.4892578e+01
   1.5874570e+06   1.3977051e+01
   1.5877270e+06   1.5441895e+01
   1.5879960e+06   1.5136719e+01
   1.5881430e+06   1.8127441e+01
   1.5886460e+06   1.3061523e+01
   1.5888820e+06   2.1484375e+01
   1.5892520e+06   1.7089844e+01
   1.5894430e+06   1.6662598e+01
   1.5897720e+06   1.5747070e+01
   1.5900220e+06   1.5014648e+01
   1.5920550e+06   1.7456055e+01
   1.5922390e+06   1.3366699e+01
   1.5923420e+06   1.3427734e+01
   1.5924430e+06   1.3244629e+01
   1.5926140e+06   1.8554688e+01
   1.5928950e+06   1.2817383e+01
   1.5931580e+06   1.3732910e+01
   1.5933310e+06   1.4282227e+01
   1.5935780e+06   1.4404297e+01
   1.5939760e+06   1.7333984e+01
   1.5940650e+06   1.4099121e+01
   1.5943700e+06   1.6540527e+01
   1.5952460e+06   1.3977051e+01
   1.5954560e+06   1.5502930e+01
   1.5957100e+06   1.4404297e+01
   1.5958150e+06   1.2939453e+01
   1.5961570e+06   1.5441895e+01
   1.5962620e+06   1.4953613e+01
   1.5965480e+06   1.3122559e+01
   1.5966670e+06   2.1606445e+01
   1.5966900e+06   2.9113770e+01
   1.5967030e+06   1.7089844e+01
   1.5967290e+06   2.3864746e+01
   1.5967460e+06   2.5817871e+01
   1.5967730e+06   1.6784668e+01
   1.5967880e+06   1.9653320e+01
   1.5968180e+06   1.4160156e+01
   1.5968360e+06   2.0019531e+01
   1.5968690e+06   1.7456055e+01
   1.5970010e+06   1.4404297e+01
   1.5971040e+06   1.3061523e+01
   1.5972130e+06   1.6296387e+01
   1.5972690e+06   1.4892578e+01
   1.5973270e+06   1.3183594e+01
   1.5973630e+06   1.2939453e+01
   1.5974770e+06   1.2878418e+01
   1.5976550e+06   1.2756348e+01
   1.5977680e+06   1.3488770e+01
   1.5978240e+06   1.2756348e+01
   1.5979710e+06   1.2817383e+01
   1.5983170e+06   1.7456055e+01
   1.5983510e+06   1.6662598e+01
   1.5987660e+06   1.2878418e+01
   1.5988310e+06   1.6540527e+01
   1.5990440e+06   1.5930176e+01
   1.5995540e+06   1.5808105e+01
   1.5998730e+06   1.7089844e+01
   1.6008950e+06   1.3854980e+01
   1.8232810e+06   5.0292969e+01
   1.8232970e+06   3.4484863e+01
   1.8233180e+06   1.8005371e+01
   1.8233320e+06   1.3427734e+01
   1.8233600e+06   2.1301270e+01
   1.8233850e+06   4.0954590e+01
   1.8234200e+06   2.5939941e+01
   1.8234400e+06   1.5380859e+01
   1.8234840e+06   1.8981934e+01
   1.8235300e+06   2.0080566e+01
   1.8235450e+06   1.8127441e+01
   1.8235660e+06   1.3244629e+01
   1.8236170e+06   1.3061523e+01
   1.8236480e+06   1.3488770e+01
   1.8237290e+06   1.7333984e+01
   1.8237440e+06   1.3183594e+01
   1.8237830e+06   1.2756348e+01
   1.8238380e+06   1.9226074e+01
   1.8239350e+06   1.2817383e+01
   1.8241970e+06   1.8249512e+01
   1.8251830e+06   1.9226074e+01
   1.8260490e+06   1.5136719e+01
   1.8283600e+06   1.9409180e+01
   1.8284050e+06   1.4038086e+01
   1.8341260e+06   1.7211914e+01
   1.8342340e+06   1.2695312e+01
   1.8342930e+06   1.3427734e+01
   1.8344240e+06   1.2939453e+01
   1.8345660e+06   1.4099121e+01
   1.8349910e+06   1.4770508e+01
   1.8352040e+06   1.2939453e+01
   1.8354360e+06   1.6662598e+01
   1.8356090e+06   1.3916016e+01
   1.8356970e+06   1.2695312e+01
   1.8358750e+06   1.5258789e+01
   1.8360640e+06   1.3122559e+01
   1.8389820e+06   1.3366699e+01
   1.8392150e+06   1.6357422e+01
   1.8392710e+06   1.3000488e+01
   1.8393700e+06   1.6906738e+01
   1.8394680e+06   1.2817383e+01
   1.8396010e+06   1.5197754e+01
   2.0276930e+06   3.2104492e+01
   2.0277090e+06   3.9428711e+01
   2.0277400e+06   4.0283203e+01
   2.0277730e+06   4.4616699e+01
   2.0278060e+06   1.5014648e+01
   2.0278280e+06   3.9611816e+01
   2.0278490e+06   1.5991211e+01
   2.0278850e+06   4.4677734e+01
   2.0278950e+06   1.7272949e+01
   2.0279280e+06   1.8371582e+01
   2.0279580e+06   1.9775391e+01
   2.0279790e+06   1.7761230e+01
   2.0279980e+06   1.5136719e+01
   2.0280340e+06   2.0263672e+01
   2.0280720e+06   1.4282227e+01
   2.0280860e+06   1.7700195e+01
   2.0281120e+06   1.4953613e+01
   2.0281850e+06   1.6296387e+01
   2.0282410e+06   1.5869141e+01
   2.0282880e+06   1.7211914e+01
   2.0286550e+06   1.3977051e+01
   2.0310130e+06   1.7395020e+01
   2.0372610e+06   1.8676758e+01
   2.0374200e+06   1.3671875e+01
   2.0374810e+06   1.8188477e+01
   2.0375560e+06   1.4160156e+01
   2.0376320e+06   1.3000488e+01
   2.0377340e+06   1.4648438e+01
   2.0381780e+06   1.5625000e+01
   2.0383260e+06   1.4221191e+01
   2.0412130e+06   1.5380859e+01
   2.0417520e+06   1.5258789e+01
   2.0420910e+06   1.4709473e+01
   2.0421550e+06   1.3793945e+01
   2.0424690e+06   1.4343262e+01
   2.0425870e+06   1.4282227e+01
   2.0427720e+06   1.5563965e+01
   2.0428690e+06   1.3061523e+01
   2.0698400e+06   1.6662598e+01
   2.0699000e+06   1.3977051e+01
   2.0699540e+06   1.2878418e+01
   2.0701090e+06   1.8493652e+01
   2.2630520e+06   3.7963867e+01
   2.2905740e+06   2.7282715e+01
   2.2905960e+06   4.0588379e+01
   2.2906160e+06   1.3122559e+01
   2.2906330e+06   1.9958496e+01
   2.2906690e+06   4.8095703e+01
   2.2906830e+06   3.6132812e+01
   2.2907140e+06   1.6052246e+01
   2.2907350e+06   1.9409180e+01
   2.2907480e+06   2.1606445e+01
   2.2907780e+06   1.7578125e+01
   2.2908250e+06   2.6672363e+01
   2.2908540e+06   1.4587402e+01
   2.2908690e+06   1.5869141e+01
   2.2908970e+06   2.8808594e+01
   2.2909250e+06   1.6540527e+01
   2.2909810e+06   2.5756836e+01
   2.2910300e+06   1.5014648e+01
   2.2910410e+06   1.3061523e+01
   2.2910630e+06   1.8554688e+01
   2.2911130e+06   1.4221191e+01
   2.2911360e+06   2.0385742e+01
   2.2912440e+06   1.7639160e+01
   2.2913700e+06   2.2949219e+01
   2.2915180e+06   2.1240234e+01
   2.2981540e+06   1.8249512e+01
   2.2982580e+06   1.7272949e+01
   2.2983230e+06   1.4526367e+01
   2.2983880e+06   1.2817383e+01
   2.2985020e+06   1.7089844e+01
   2.2985870e+06   1.2695312e+01
   2.2988710e+06   1.5319824e+01
   2.3012720e+06   1.8493652e+01
   2.3014050e+06   1.3305664e+01
   2.3015990e+06   1.4038086e+01
   2.3061630e+06   1.5014648e+01
   2.3062270e+06   1.3732910e+01
   2.3065070e+06   1.5441895e+01
   2.3070330e+06   2.9724121e+01
   2.3071130e+06   1.9653320e+01
   2.3071280e+06   1.8432617e+01
   2.3072220e+06   3.0029297e+01
   2.3072750e+06   2.8869629e+01
   2.3073180e+06   1.7333984e+01
   2.3074370e+06   2.8625488e+01
   2.3074860e+06   2.8198242e+01
   2.3075140e+06   2.8137207e+01
   2.3075450e+06   1.3549805e+01
   2.3076210e+06   2.3315430e+01
   2.3076700e+06   2.1118164e+01
   2.3077340e+06   1.9470215e+01
   2.3078080e+06   2.5878906e+01
   2.3078410e+06   2.0874023e+01
   2.3079560e+06   2.4719238e+01
   2.3079660e+06   1.2695312e+01
   2.3080340e+06   1.6113281e+01
   2.3083310e+06   1.3244629e+01
   2.3083980e+06   1.2817383e+01
   2.4482390e+06   1.2695312e+01
   2.4482640e+06   2.1972656e+01
   2.4482970e+06   2.5329590e+01
   2.4483130e+06   1.6906738e+01
   2.4483380e+06   3.2775879e+01
   2.4483580e+06   2.7648926e+01
   2.4484220e+06   1.5014648e+01
   2.4484450e+06   1.3427734e+01
   2.4484550e+06   2.0019531e+01
   2.4484800e+06   2.3193359e+01
   2.4485190e+06   1.4648438e+01
   2.4485960e+06   1.3305664e+01
   2.4486260e+06   2.2094727e+01
   2.4486560e+06   2.5085449e+01
   2.4487900e+06   1.2878418e+01
   2.4488210e+06   1.5869141e+01
   2.4489440e+06   1.3977051e+01
   2.5674640e+06   2.9113770e+01
   2.5675300e+06   2.5207520e+01
   2.5675440e+06   3.7170410e+01
   2.5676230e+06   2.3193359e+01
   2.5676340e+06   2.3315430e+01
   2.5676700e+06   1.3244629e+01
   2.5677090e+06   2.0141602e+01
   2.5677200e+06   1.3061523e+01
   2.5677480e+06   1.7639160e+01
   2.5679050e+06   1.3183594e+01
   2.5680400e+06   1.4709473e+01
   2.5681640e+06   1.2817383e+01
   2.5681990e+06   1.3732910e+01
   2.5685340e+06   1.3000488e+01
   2.8950080e+06   3.1677246e+01
   2.8950280e+06   2.9296875e+01
   2.8950470e+06   4.5349121e+01
   2.8950900e+06   4.6020508e+01
   2.8951030e+06   3.1066895e+01
   2.8951470e+06   2.9418945e+01
   2.8951690e+06   1.7700195e+01
   2.8952030e+06   2.9968262e+01
   2.8952330e+06   1.2817383e+01
   2.8952660e+06   3.0517578e+01
   2.8952930e+06   1.5441895e+01
   2.8953420e+06   3.0212402e+01
   2.8953930e+06   1.4892578e+01
   2.8954280e+06   1.5380859e+01
   2.8954590e+06   1.5441895e+01
   2.8954920e+06   1.4648438e+01
   2.8955220e+06   1.4831543e+01
   2.8956400e+06   1.6235352e+01
   2.8956830e+06   1.2756348e+01
   2.8957680e+06   1.8981934e+01
   2.8959730e+06   1.9897461e+01
   2.8960380e+06   1.2695312e+01
   2.8975200e+06   1.9104004e+01
   2.8978970e+06   1.6357422e+01
   2.8980770e+06   1.4892578e+01
   2.8983190e+06   1.6235352e+01
   2.8988970e+06   1.5502930e+01
   2.8990470e+06   1.8371582e+01
   2.9002190e+06   1.6357422e+01
   2.9032700e+06   1.6052246e+01
   2.9032970e+06   1.2695312e+01
   2.9034650e+06   1.3732910e+01
   2.9036080e+06   1.4099121e+01
   2.9036860e+06   1.2756348e+01
   2.9038700e+06   1.2878418e+01
   2.9040030e+06   1.6662598e+01
   2.9043080e+06   1.5563965e+01
   2.9044000e+06   1.3732910e+01
   2.9045710e+06   1.3305664e+01
   2.9048850e+06   1.3854980e+01
   2.9050290e+06   1.3671875e+01
   2.9052450e+06   1.3549805e+01
   2.9053590e+06   1.3366699e+01
   2.9055060e+06   1.3061523e+01
   2.9056360e+06   1.2756348e+01
   2.9062230e+06   1.3000488e+01
   2.9063480e+06   1.4404297e+01
   2.9070980e+06   2.0324707e+01
   2.9071310e+06   3.5217285e+01
   2.9071520e+06   2.6428223e+01
   2.9071750e+06   2.4169922e+01
   2.9071980e+06   2.5207520e+01
   2.9072230e+06   2.3986816e+01
   2.9072480e+06   2.8869629e+01
   2.9072690e+06   1.5258789e+01
   2.9072870e+06   1.3244629e+01
   2.9073410e+06   1.9470215e+01
   2.9073790e+06   1.3977051e+01
   2.9074930e+06   1.7395020e+01
   2.9075970e+06   1.3488770e+01
   2.9076450e+06   1.3183594e+01
   2.9076730e+06   1.3000488e+01
   2.9077440e+06   1.4587402e+01
   2.9078790e+06   1.4892578e+01
   2.9079910e+06   1.3305664e+01
   2.9080750e+06   1.6418457e+01
   2.9081080e+06   1.3916016e+01
   2.9081480e+06   1.2878418e+01
   2.9082840e+06   1.3183594e+01
   2.9084280e+06   1.4160156e+01
   2.9084620e+06   1.3610840e+01
   2.9084820e+06   1.6845703e+01
   2.9088250e+06   1.8493652e+01
   2.9092730e+06   1.6052246e+01
   2.9097760e+06   1.6418457e+01
   2.9099650e+06   1.2878418e+01
   2.9106150e+06   1.4648437e+01
   2.9613100e+06   1.5197754e+01
   2.9614220e+06   1.3427734e+01
   2.9615150e+06   1.5441895e+01
   2.9616670e+06   1.8432617e+01
   3.0232440e+06   1.2939453e+01
   3.0232670e+06   1.3488770e+01
   3.0233050e+06   1.3610840e+01
   3.1269590e+06   1.3732910e+01
   3.1269760e+06   4.4372559e+01
   3.1270140e+06   3.6682129e+01
   3.1270240e+06   3.3935547e+01
   3.1270440e+06   2.8564453e+01
   3.1270770e+06   2.8259277e+01
   3.1271050e+06   2.0263672e+01
   3.1271220e+06   1.7150879e+01
   3.1271410e+06   1.3488770e+01
   3.1271640e+06   2.6550293e+01
   3.1272130e+06   1.7150879e+01
   3.1272570e+06   1.8310547e+01
   3.1273080e+06   1.9287109e+01
   3.1273410e+06   1.6296387e+01
   3.1274200e+06   2.2460938e+01
   3.1274520e+06   1.8432617e+01
   3.1274910e+06   1.3000488e+01
   3.1277230e+06   1.3244629e+01
   3.1277450e+06   1.5319824e+01
   3.1277740e+06   1.5441895e+01
   3.1279580e+06   1.9836426e+01
   3.1285800e+06   1.6540527e+01
   3.1298940e+06   1.6052246e+01
   3.1301750e+06   1.7456055e+01
   3.1399880e+06   1.9714355e+01
   3.1400530e+06   1.2878418e+01
   3.1405260e+06   1.3000488e+01
   3.1406700e+06   1.3977051e+01
   3.1408340e+06   1.5625000e+01
   3.1411280e+06   1.8432617e+01
   3.1413020e+06   1.4831543e+01
   3.1414660e+06   1.4587402e+01
   3.1417660e+06   1.3732910e+01
   3.1419090e+06   1.8615723e+01
   3.1420860e+06   1.3854980e+01
   3.1429920e+06   1.5319824e+01
   3.1432110e+06   1.3916016e+01
   3.1437310e+06   1.6235352e+01
   3.1439300e+06   1.2939453e+01
   3.1694990e+06   1.9287109e+01
   3.1696120e+06   1.4099121e+01
   3.1697270e+06   1.2695313e+01
   3.3052070e+06   4.9377441e+01
   3.3052180e+06   3.0883789e+01
   3.3052340e+06   1.5686035e+01
   3.3052440e+06   3.0517578e+01
   3.3052660e+06   3.2592773e+01
   3.3052910e+06   1.6967773e+01
   3.3053090e+06   1.2756348e+01
   3.3053230e+06   2.0202637e+01
   3.3053420e+06   2.3559570e+01
   3.3053910e+06   1.7272949e+01
   3.3054330e+06   1.8249512e+01
   3.3054530e+06   2.3315430e+01
   3.3054810e+06   1.5014648e+01
   3.3055270e+06   1.8249512e+01
   3.3055620e+06   1.5563965e+01
   3.3055940e+06   2.5695801e+01
   3.3056300e+06   1.7272949e+01
   3.3056620e+06   1.8798828e+01
   3.3056790e+06   1.6784668e+01
   3.3057270e+06   1.3366699e+01
   3.3059140e+06   1.3061523e+01
   3.3061990e+06   1.6479492e+01
   3.3063550e+06   1.8066406e+01
   3.3079620e+06   1.2756348e+01
   3.3084470e+06   2.4108887e+01
   3.3156320e+06   1.5808105e+01
   3.3156570e+06   1.2756348e+01
   3.3157910e+06   1.3977051e+01
   3.3158360e+06   1.3977051e+01
   3.3160520e+06   1.3549805e+01
   3.3161380e+06   1.8859863e+01
   3.3163060e+06   1.4099121e+01
   3.3164230e+06   1.3854980e+01
   3.3167720e+06   1.8493652e+01
   3.3168370e+06   1.3732910e+01
   3.3169830e+06   1.3122559e+01
   3.3176120e+06   1.3366699e+01
   3.3176470e+06   1.4709473e+01
   3.3180260e+06   1.3305664e+01
   3.3181480e+06   1.5686035e+01
   3.3356080e+06   1.8798828e+01
   3.3356700e+06   1.2695313e+01
   3.3357150e+06   1.4770508e+01
   3.3357910e+06   1.5197754e+01
   3.4362800e+06   2.3010254e+01
   3.4362960e+06   4.9987793e+01
   3.4363240e+06   7.0922852e+01
   3.4363730e+06   3.5278320e+01
   3.4363980e+06   1.5502930e+01
   3.4364240e+06   2.2827148e+01
   3.4364470e+06   1.7333984e+01
   3.4364700e+06   1.7028809e+01
   3.4364900e+06   1.5808105e+01
   3.4365310e+06   1.8432617e+01
   3.4365810e+06   1.7883301e+01
   3.4366280e+06   1.4282227e+01
   3.4366760e+06   1.4343262e+01
   3.4366990e+06   1.6723633e+01
   3.4367350e+06   1.8310547e+01
   3.4367690e+06   2.3620605e+01
   3.4368420e+06   1.6662598e+01
   3.4371120e+06   1.4282227e+01
   3.4371480e+06   1.3122559e+01
   3.4372970e+06   1.7578125e+01
   3.4373640e+06   1.3549805e+01
   3.4374630e+06   1.6601562e+01
   3.4384090e+06   1.2817383e+01
   3.4386950e+06   1.9531250e+01
   3.4392770e+06   1.7333984e+01
   3.4395700e+06   1.8066406e+01
   3.4402470e+06   1.8554688e+01
   3.4512630e+06   1.7028809e+01
   3.4512840e+06   1.3854980e+01
   3.4513670e+06   1.3061523e+01
   3.4514190e+06   1.3183594e+01
   3.4515320e+06   1.2817383e+01
   3.4517090e+06   1.4038086e+01
   3.4519580e+06   1.3244629e+01
   3.4525200e+06   1.8371582e+01
   3.4529850e+06   1.3061523e+01
   3.4534420e+06   1.3183594e+01
   3.4543460e+06   1.4526367e+01
   3.4546540e+06   1.2878418e+01
   3.4550130e+06   1.2817383e+01
   3.4809160e+06   1.8981934e+01
   3.4809390e+06   1.3122559e+01
   3.4809760e+06   1.4038086e+01
   3.4810450e+06   1.4160156e+01
   3.4812090e+06   1.3977051e+01
   4.1821690e+06   1.3000488e+01
   4.2990870e+06   5.0842285e+01
   4.2990990e+06   2.4780273e+01
   4.2991180e+06   4.1259766e+01
   4.2991430e+06   1.8676758e+01
   4.2991670e+06   1.5075684e+01
   4.2991900e+06   1.4587402e+01
   4.2992000e+06   1.4892578e+01
   4.2992220e+06   1.5441895e+01
   4.2992590e+06   2.3315430e+01
   4.2992750e+06   1.9104004e+01
   4.2992920e+06   1.4892578e+01
   4.2993120e+06   1.5991211e+01
   4.2993260e+06   1.5075684e+01
   4.2993450e+06   1.6601563e+01
   4.2993670e+06   1.8066406e+01
   4.2993960e+06   1.6540527e+01
   4.2994500e+06   2.7709961e+01
   4.2994940e+06   1.6540527e+01
   4.2995080e+06   2.2216797e+01
   4.2995490e+06   2.0141602e+01
   4.2995930e+06   1.4953613e+01
   4.2996400e+06   1.3122559e+01
   4.3004390e+06   1.3854980e+01
   4.3006590e+06   1.4343262e+01
   4.3014400e+06   1.3732910e+01
   4.3016450e+06   1.3061523e+01
   4.3019000e+06   1.4038086e+01
   4.3019940e+06   1.7089844e+01
   4.3022590e+06   1.5075684e+01
   4.3025990e+06   1.2756348e+01
   4.3027650e+06   1.4221191e+01
   4.3029050e+06   1.8432617e+01
   4.3036370e+06   2.0751953e+01
   4.3049260e+06   1.6601562e+01
   4.3077140e+06   1.5869141e+01
   4.3078470e+06   1.4343262e+01
   4.3079200e+06   1.3671875e+01
   4.3081130e+06   1.6296387e+01
   4.3085910e+06   1.4831543e+01
   4.3086690e+06   1.2878418e+01
   4.3089380e+06   1.3793945e+01
   4.3090290e+06   1.3061523e+01
   4.3091610e+06   1.4282227e+01
   4.3093350e+06   1.8066406e+01
   4.3095140e+06   1.3488770e+01
   4.3097440e+06   1.3427734e+01
   4.3098920e+06   1.2695312e+01
   4.3100040e+06   1.2939453e+01
   4.3100440e+06   1.6235352e+01
   4.3100670e+06   4.3029785e+01
   4.3100800e+06   3.4362793e+01
   4.3101070e+06   3.5034180e+01
   4.3101270e+06   2.8198242e+01
   4.3101540e+06   1.8249512e+01
   4.3101710e+06   2.5146484e+01
   4.3102290e+06   1.7578125e+01
   4.3102730e+06   1.5258789e+01
   4.3103560e+06   1.3000488e+01
   4.3105980e+06   1.3427734e+01
   4.3106370e+06   1.4282227e+01
   4.3109220e+06   1.2695312e+01
   4.3109860e+06   1.3122559e+01
   4.3111850e+06   1.3427734e+01
   4.3112390e+06   1.7822266e+01
   4.3113180e+06   1.4465332e+01
   4.3114410e+06   1.3793945e+01
   4.3115400e+06   1.5625000e+01
   4.3116880e+06   1.6052246e+01
   4.3121290e+06   1.7028809e+01
   4.3127380e+06   1.3916016e+01
   4.3129050e+06   1.3122559e+01
   4.3133170e+06   1.6357422e+01
   4.3135430e+06   1.6174316e+01
   4.3139180e+06   1.4831543e+01
   4.3629610e+06   1.7150879e+01
   4.3630210e+06   1.3732910e+01
   4.3632410e+06   1.3305664e+01
   4.3784180e+06   1.7761230e+01
   4.3784420e+06   1.2878418e+01
   4.3785680e+06   1.2878418e+01
   5.0670410e+06   1.6174316e+01
   5.0671320e+06   1.4038086e+01
   5.0671580e+06   1.2695312e+01
   5.0672900e+06   2.2216797e+01
   5.0673040e+06   1.7028809e+01
   5.0673140e+06   3.6682129e+01
   5.0674220e+06   1.8127441e+01
   5.0675480e+06   1.2756348e+01
   5.0675720e+06   1.9714355e+01
   5.0677600e+06   1.2756348e+01
   5.1151570e+06   3.8696289e+01
   5.2254000e+06   1.3854980e+01
   5.2254180e+06   4.9560547e+01
   5.2254310e+06   3.1982422e+01
   5.2254530e+06   3.4362793e+01
   5.2254810e+06   3.5217285e+01
   5.2254960e+06   1.6723633e+01
   5.2255080e+06   1.6296387e+01
   5.2255460e+06   2.0019531e+01
   5.2255860e+06   1.7944336e+01
   5.2256410e+06   1.8676758e+01
   5.2256950e+06   1.6845703e+01
   5.2257280e+06   1.3610840e+01
   5.2257540e+06   2.9968262e+01
   5.2257760e+06   1.7944336e+01
   5.2258280e+06   2.1606445e+01
   5.2258620e+06   1.8493652e+01
   5.2258780e+06   1.9165039e+01
   5.2259160e+06   1.7089844e+01
   5.2260250e+06   1.3305664e+01
   5.2260600e+06   1.3427734e+01
   5.2260770e+06   1.7333984e+01
   5.2262030e+06   1.4770508e+01
   5.2262840e+06   1.3793945e+01
   5.2266200e+06   2.0202637e+01
   5.2268310e+06   1.2695312e+01
   5.2280200e+06   1.4038086e+01
   5.2281180e+06   1.6723633e+01
   5.2283840e+06   1.5197754e+01
   5.2286170e+06   1.4404297e+01
   5.2287320e+06   1.4648438e+01
   5.2289730e+06   1.5258789e+01
   5.2291170e+06   1.5197754e+01
   5.2294110e+06   1.4282227e+01
   5.2299420e+06   2.1240234e+01
   5.2311180e+06   1.5625000e+01
   5.2355180e+06   1.8188477e+01
   5.2359550e+06   1.3977051e+01
   5.2360290e+06   1.3366699e+01
   5.2363090e+06   1.3671875e+01
   5.2363940e+06   2.4475098e+01
   5.2364060e+06   1.4770508e+01
   5.2364240e+06   5.0781250e+01
   5.2364610e+06   2.7343750e+01
   5.2364800e+06   2.3681641e+01
   5.2365000e+06   1.8981934e+01
   5.2365300e+06   2.1667480e+01
   5.2365800e+06   1.3183594e+01
   5.2366290e+06   2.1057129e+01
   5.2366670e+06   1.2878418e+01
   5.2367180e+06   1.4343262e+01
   5.2368580e+06   1.4892578e+01
   5.2369450e+06   1.3122559e+01
   5.2370630e+06   1.5136719e+01
   5.2371340e+06   1.3000488e+01
   5.2371560e+06   1.2817383e+01
   5.2372020e+06   1.7456055e+01
   5.2372500e+06   1.4770508e+01
   5.2373520e+06   1.3183594e+01
   5.2373960e+06   1.7211914e+01
   5.2375130e+06   2.0446777e+01
   5.2375310e+06   1.6662598e+01
   5.2376660e+06   1.5136719e+01
   5.2377270e+06   1.3610840e+01
   5.2377990e+06   1.4526367e+01
   5.2378980e+06   1.4526367e+01
   5.2379670e+06   1.4526367e+01
   5.2381290e+06   1.4648438e+01
   5.2388370e+06   1.4343262e+01
   5.2392230e+06   1.7517090e+01
   5.2396260e+06   1.6906738e+01
   5.2397620e+06   1.4160156e+01
   5.2400370e+06   1.4282227e+01
   5.2402510e+06   1.5502930e+01
   5.2404320e+06   1.3977051e+01
   5.2407880e+06   1.2695312e+01
   5.2411190e+06   1.3061523e+01
   5.2415330e+06   1.5014648e+01
   5.2825140e+06   1.9714355e+01
   5.2825730e+06   1.3793945e+01
   5.2826180e+06   1.2878418e+01
   5.2827760e+06   1.6174316e+01
   5.2828600e+06   1.3549805e+01
   5.2921030e+06   1.3488770e+01
   5.2921650e+06   1.5869141e+01
   5.2924670e+06   1.5136719e+01
   5.2925770e+06   1.3793945e+01
   5.3005400e+06   1.4160156e+01
   5.4623720e+06   1.2756348e+01
   5.7389090e+06   5.7006836e+01
   5.7389190e+06   3.1372070e+01
   5.7389520e+06   3.1982422e+01
   5.7389710e+06   1.5014648e+01
   5.7389810e+06   1.8920898e+01
   5.7390060e+06   2.8259277e+01
   5.7390380e+06   2.9785156e+01
   5.7390680e+06   1.7395020e+01
   5.7391120e+06   3.3935547e+01
   5.7391600e+06   1.8981934e+01
   5.7391800e+06   1.9958496e+01
   5.7391990e+06   1.3977051e+01
   5.7392230e+06   1.3183594e+01
   5.7392560e+06   2.9235840e+01
   5.7392750e+06   1.6601562e+01
   5.7392990e+06   1.3305664e+01
   5.7393620e+06   1.6052246e+01
   5.7394440e+06   1.5625000e+01
   5.7394940e+06   1.5075684e+01
   5.7395330e+06   1.9775391e+01
   5.7396110e+06   1.4404297e+01
   5.7398900e+06   1.3366699e+01
   5.7407510e+06   1.5075684e+01
   5.7410940e+06   1.4831543e+01
   5.7413410e+06   1.3488770e+01
   5.7417740e+06   1.4709473e+01
   5.7419140e+06   1.4465332e+01
   5.7422320e+06   1.3427734e+01
   5.7424820e+06   1.2817383e+01
   5.7429400e+06   1.4526367e+01
   5.7431960e+06   1.3000488e+01
   5.7433730e+06   1.6967773e+01
   5.7437240e+06   1.6601562e+01
   5.7468550e+06   1.3366699e+01
   5.7468890e+06   1.2939453e+01
   5.7470840e+06   1.3793945e+01
   5.7472770e+06   1.2939453e+01
   5.7474530e+06   1.4709473e+01
   5.7476410e+06   1.3000488e+01
   5.7479680e+06   1.4221191e+01
   5.7482200e+06   1.2878418e+01
   5.7484010e+06   1.3488770e+01
   5.7485030e+06   1.3244629e+01
   5.7486370e+06   1.5563965e+01
   5.7487810e+06   1.3305664e+01
   5.7491040e+06   1.3916016e+01
   5.7494160e+06   1.2817383e+01
   5.7496630e+06   1.3183594e+01
   5.7537220e+06   1.8920898e+01
   5.7537400e+06   2.1728516e+01
   5.7537520e+06   4.2297363e+01
   5.7537650e+06   3.9367676e+01
   5.7537990e+06   2.9357910e+01
   5.7538160e+06   1.6174316e+01
   5.7538310e+06   1.4282227e+01
   5.7538460e+06   2.0019531e+01
   5.7538810e+06   1.5014648e+01
   5.7538930e+06   1.7883301e+01
   5.7539840e+06   1.3000488e+01
   5.7540070e+06   1.3977051e+01
   5.7540760e+06   1.3061523e+01
   5.7541750e+06   1.3305664e+01
   5.7542570e+06   1.6906738e+01
   5.7543480e+06   1.4648438e+01
   5.7544330e+06   1.2756348e+01
   5.7544610e+06   1.3916016e+01
   5.7545130e+06   1.5380859e+01
   5.7546700e+06   1.3366699e+01
   5.7547180e+06   1.3671875e+01
   5.7547660e+06   1.8798828e+01
   5.7548260e+06   1.3610840e+01
   5.7549430e+06   1.9287109e+01
   5.7549690e+06   2.2949219e+01
   5.7550960e+06   1.3000488e+01
   5.7551530e+06   1.4465332e+01
   5.7551640e+06   1.7395020e+01
   5.7552850e+06   2.2521973e+01
   5.7554210e+06   1.7517090e+01
   5.7555130e+06   1.6662598e+01
   5.7559120e+06   1.5136719e+01
   5.7561450e+06   1.5136719e+01
   5.7565270e+06   1.4221191e+01
   5.7567460e+06   1.3427734e+01
   5.7569600e+06   1.3244629e+01
   5.7572160e+06   1.5991211e+01
   5.7575410e+06   1.3793945e+01
   5.7580720e+06   1.5319824e+01
   5.8025840e+06   1.9897461e+01
   5.8026100e+06   1.3122559e+01
   5.8027840e+06   1.6479492e+01
   5.8028830e+06   1.3488770e+01
   5.8091490e+06   1.5136719e+01
   5.8091710e+06   1.3305664e+01
   5.8092110e+06   1.3671875e+01
   5.8093630e+06   1.4038086e+01
   5.8094800e+06   1.4953613e+01
