   5.9990000e+06   0.0000000e+00
   4.3212000e+04   1.6296387e+01
   4.3296000e+04   1.4953613e+01
   4.3349000e+04   1.8249512e+01
   4.3361000e+04   1.3366699e+01
   4.3424000e+04   1.4465332e+01
   4.3438000e+04   1.3732910e+01
   4.3450000e+04   2.5390625e+01
   4.3497000e+04   1.5625000e+01
   4.3511000e+04   1.5991211e+01
   4.3532000e+04   1.7700195e+01
   4.3557000e+04   1.9958496e+01
   4.3593000e+04   1.3305664e+01
   4.3662000e+04   1.9348145e+01
   4.3682000e+04   1.6113281e+01
   4.3718000e+04   1.2451172e+01
   4.3743000e+04   1.5075684e+01
   4.3795000e+04   1.4831543e+01
   4.3821000e+04   1.4526367e+01
   4.3840000e+04   2.2827148e+01
   4.3919000e+04   1.2756348e+01
   4.3980000e+04   1.4953613e+01
   4.4075000e+04   1.4282227e+01
   4.4146000e+04   1.3916016e+01
   4.4234000e+04   1.5014648e+01
   4.4334000e+04   1.8432617e+01
   4.4430000e+04   1.5625000e+01
   4.4514000e+04   1.7395020e+01
   4.4626000e+04   1.8798828e+01
   4.4743000e+04   1.5747070e+01
   4.4847000e+04   1.5014648e+01
   4.4971000e+04   1.3183594e+01
   5.5429000e+04   1.3671875e+01
   5.7009000e+04   1.6174316e+01
   5.7102000e+04   1.4282227e+01
   5.7232000e+04   1.3732910e+01
   5.7265000e+04   1.7639160e+01
   6.0004000e+04   1.5747070e+01
   6.0042000e+04   1.4953613e+01
   6.0059000e+04   1.4282227e+01
   6.0105000e+04   1.2512207e+01
   6.0147000e+04   1.2695312e+01
   6.0183000e+04   1.4221191e+01
   6.0196000e+04   1.3916016e+01
   6.0209000e+04   2.0874023e+01
   6.0246000e+04   1.6052246e+01
   6.0296000e+04   1.5441895e+01
   6.0371000e+04   1.2451172e+01
   6.0429000e+04   1.7333984e+01
   6.0459000e+04   1.5441895e+01
   6.0564000e+04   1.3977051e+01
   6.0609000e+04   2.4230957e+01
   6.0640000e+04   1.3793945e+01
   6.0682000e+04   1.6357422e+01
   6.0757000e+04   1.2512207e+01
   6.0781000e+04   1.2878418e+01
   6.0802000e+04   1.3427734e+01
   6.0872000e+04   1.6540527e+01
   6.0965000e+04   1.4831543e+01
   6.1039000e+04   1.5563965e+01
   6.1208000e+04   1.4709473e+01
   2.0905900e+05   1.3977051e+01
   2.0913700e+05   1.8920898e+01
   2.0917900e+05   1.4587402e+01
   2.0920100e+05   2.1301270e+01
   2.0922000e+05   1.3916016e+01
   2.0923900e+05   2.1240234e+01
   2.0926900e+05   1.4404297e+01
   2.0928300e+05   2.0385742e+01
   2.0929900e+05   1.5747070e+01
   2.0931400e+05   3.2653809e+01
   2.0934000e+05   1.4099121e+01
   2.0935300e+05   3.7963867e+01
   2.0936900e+05   1.3732910e+01
   2.0939300e+05   1.4221191e+01
   2.0943200e+05   1.2695313e+01
   2.0945200e+05   1.8493652e+01
   2.0949900e+05   2.4291992e+01
   2.0952600e+05   1.8493652e+01
   2.0955000e+05   1.5747070e+01
   2.0960900e+05   1.4587402e+01
   2.0970200e+05   1.7761230e+01
   2.0983700e+05   1.2634277e+01
   2.0990300e+05   1.3122559e+01
   2.1000500e+05   1.4892578e+01
   2.1007900e+05   1.7761230e+01
   2.1021600e+05   1.6662598e+01
   2.1047600e+05   1.3244629e+01
   2.1059500e+05   1.7517090e+01
   2.1070200e+05   1.3244629e+01
   2.1082400e+05   1.6174316e+01
   2.1093800e+05   1.5197754e+01
   2.1109500e+05   1.3793945e+01
   2.1122100e+05   1.6357422e+01
   2.1140000e+05   1.5869141e+01
   2.2142500e+05   1.5258789e+01
   2.2150300e+05   1.2878418e+01
   2.2159700e+05   1.6479492e+01
   2.2171000e+05   1.9165039e+01
   2.2174600e+05   2.0141602e+01
   2.2176900e+05   1.2390137e+01
   2.2181800e+05   1.9409180e+01
   2.2188700e+05   1.3671875e+01
   2.2207500e+05   2.4841309e+01
   2.2217200e+05   1.3427734e+01
   2.2223500e+05   1.6235352e+01
   2.2230000e+05   1.8676758e+01
   2.2242900e+05   1.3732910e+01
   2.2247500e+05   1.2756348e+01
   2.2250900e+05   1.2878418e+01
   2.2254500e+05   1.3000488e+01
   2.2257200e+05   1.4526367e+01
   2.2258600e+05   1.3305664e+01
   2.2261900e+05   1.4221191e+01
   2.2268500e+05   1.5991211e+01
   2.2273600e+05   1.4282227e+01
   2.2278200e+05   2.0446777e+01
   2.2281800e+05   1.2451172e+01
   2.2289700e+05   1.2878418e+01
   2.2291400e+05   1.2878418e+01
   2.2293400e+05   1.3305664e+01
   2.2324600e+05   1.3977051e+01
   2.2344400e+05   1.5014648e+01
   3.3850000e+05   1.3366699e+01
   3.3852300e+05   1.7822266e+01
   3.3854500e+05   2.0874023e+01
   3.3856000e+05   1.6479492e+01
   3.3857400e+05   2.2094727e+01
   3.3861300e+05   1.5808105e+01
   3.3874900e+05   1.5014648e+01
   3.3876900e+05   1.3366699e+01
   3.3879100e+05   1.8859863e+01
   3.3881600e+05   1.6357422e+01
   3.3883800e+05   1.8859863e+01
   3.3886600e+05   1.4038086e+01
   3.3888300e+05   1.2817383e+01
   3.3891200e+05   1.6357422e+01
   3.3893100e+05   1.2817383e+01
   3.3905000e+05   1.6662598e+01
   3.3913100e+05   1.3732910e+01
   3.4025300e+05   1.3000488e+01
   3.4067400e+05   1.3610840e+01
   3.4657600e+05   1.4160156e+01
   3.4674500e+05   2.0935059e+01
   3.4678100e+05   2.8137207e+01
   3.4679900e+05   2.3925781e+01
   3.4680900e+05   1.4465332e+01
   3.4683800e+05   3.4057617e+01
   3.4690200e+05   1.2817383e+01
   3.4694100e+05   1.2756348e+01
   3.4700200e+05   1.3244629e+01
   3.4701600e+05   1.5075684e+01
   3.4707700e+05   1.4526367e+01
   3.4719000e+05   1.4953613e+01
   3.4726900e+05   1.2390137e+01
   3.4743900e+05   1.2573242e+01
   3.4752500e+05   1.2817383e+01
   3.4765400e+05   1.9714355e+01
   3.4773300e+05   1.4282227e+01
   3.4779400e+05   1.2878418e+01
   3.4782000e+05   1.2512207e+01
   3.4786500e+05   1.3671875e+01
   3.4811600e+05   1.3732910e+01
   3.4833000e+05   1.4587402e+01
   3.4872300e+05   1.2756348e+01
   3.4891700e+05   1.4038086e+01
   3.4906100e+05   1.3244629e+01
   3.4915900e+05   1.4221191e+01
   3.5449000e+05   1.5136719e+01
   3.5452800e+05   3.6010742e+01
   3.5457000e+05   2.3010254e+01
   3.5459400e+05   1.6662598e+01
   3.5464000e+05   1.8371582e+01
   3.5465800e+05   1.7211914e+01
   3.5469300e+05   1.3793945e+01
   3.5471000e+05   1.5319824e+01
   3.5479400e+05   1.5380859e+01
   3.5482700e+05   1.3061523e+01
   3.5486000e+05   1.2939453e+01
   3.5487800e+05   1.3183594e+01
   3.5493000e+05   1.8737793e+01
   3.5494500e+05   1.5258789e+01
   3.5499800e+05   1.8371582e+01
   3.5506700e+05   1.4099121e+01
   3.5515000e+05   1.5502930e+01
   3.5521000e+05   1.5808105e+01
   3.5524400e+05   1.3427734e+01
   3.5526900e+05   1.8798828e+01
   3.5534200e+05   1.5563965e+01
   3.5540600e+05   1.3488770e+01
   3.5545600e+05   1.2634277e+01
   3.5562900e+05   1.2695312e+01
   3.5612400e+05   1.2634277e+01
   3.5680700e+05   1.4343262e+01
   3.5716300e+05   1.3366699e+01
   3.5728200e+05   1.3671875e+01
   3.5768600e+05   1.3610840e+01
   3.5783100e+05   1.2390137e+01
   3.5804800e+05   1.2512207e+01
   3.5951100e+05   1.3000488e+01
   3.6535600e+05   3.4301758e+01
   3.6538700e+05   1.7456055e+01
   3.6541400e+05   1.8554688e+01
   3.6543200e+05   2.4902344e+01
   3.6545800e+05   1.5625000e+01
   3.6547700e+05   1.5075684e+01
   3.6552100e+05   1.5930176e+01
   3.6555400e+05   1.4648437e+01
   3.6560600e+05   1.3183594e+01
   3.6566100e+05   1.5380859e+01
   3.6569500e+05   1.5197754e+01
   3.6572400e+05   1.6723633e+01
   3.6578900e+05   1.2573242e+01
   3.6586700e+05   1.3061523e+01
   3.6590900e+05   1.3000488e+01
   3.6594100e+05   1.2390137e+01
   3.6610800e+05   1.2512207e+01
   3.6665700e+05   1.9287109e+01
   3.6767400e+05   1.5014648e+01
   3.6832900e+05   1.3305664e+01
   3.6857200e+05   1.3488770e+01
   5.1667400e+05   1.3244629e+01
   5.1670600e+05   1.5197754e+01
   5.1672100e+05   1.4282227e+01
   5.1674100e+05   2.8869629e+01
   5.1675100e+05   2.8320312e+01
   5.1678400e+05   2.4230957e+01
   5.1679800e+05   1.4709473e+01
   5.1681400e+05   2.2277832e+01
   5.1683800e+05   1.2390137e+01
   5.1685200e+05   1.6967773e+01
   5.1689300e+05   1.4221191e+01
   5.1691900e+05   1.7150879e+01
   5.1695800e+05   1.3427734e+01
   5.1701600e+05   1.5747070e+01
   5.1703100e+05   1.5075684e+01
   5.1706400e+05   1.3427734e+01
   5.1708400e+05   1.7028809e+01
   5.1709900e+05   1.3305664e+01
   5.1712400e+05   1.3305664e+01
   5.1715800e+05   1.5441895e+01
   5.1717000e+05   1.4770508e+01
   5.1727100e+05   1.6723633e+01
   5.1743600e+05   1.3244629e+01
   6.3583800e+05   1.3732910e+01
   7.2800000e+05   1.9226074e+01
   7.2801400e+05   2.3010254e+01
   7.2803600e+05   2.6977539e+01
   7.2807200e+05   1.6357422e+01
   7.2809400e+05   1.7883301e+01
   7.2814900e+05   1.7822266e+01
   7.2818200e+05   1.3183594e+01
   7.2822600e+05   1.3305664e+01
   7.2825700e+05   1.3671875e+01
   7.2827400e+05   1.4404297e+01
   7.2830200e+05   1.4099121e+01
   7.2831300e+05   1.3305664e+01
   7.2834300e+05   1.3854980e+01
   7.2836800e+05   1.4038086e+01
   7.2839000e+05   1.7517090e+01
   7.3623200e+05   1.4343262e+01
   7.3645000e+05   1.9653320e+01
   7.3646200e+05   1.5197754e+01
   7.3647700e+05   1.5136719e+01
   7.3650700e+05   3.7963867e+01
   7.3653300e+05   1.4099121e+01
   7.3654300e+05   3.3691406e+01
   7.3656200e+05   1.3488770e+01
   7.3658100e+05   1.2390137e+01
   7.3661900e+05   1.6540527e+01
   7.3663600e+05   1.7211914e+01
   7.3666400e+05   1.2390137e+01
   7.3668500e+05   1.6052246e+01
   7.3671100e+05   1.3366699e+01
   7.3674000e+05   1.3488770e+01
   7.3677400e+05   1.3061523e+01
   7.3679000e+05   1.2451172e+01
   7.3681000e+05   1.4038086e+01
   7.3687600e+05   1.4404297e+01
   7.3697000e+05   1.5441895e+01
   7.3703100e+05   1.6784668e+01
   7.3721300e+05   1.5136719e+01
   7.3723400e+05   1.4465332e+01
   7.3764400e+05   1.3122559e+01
   7.3791400e+05   1.2878418e+01
   7.3806100e+05   1.3610840e+01
   7.3843800e+05   1.3122559e+01
   7.3892100e+05   1.3427734e+01
   7.3944300e+05   1.2817383e+01
   7.3964800e+05   1.3122559e+01
   7.3982600e+05   1.3916016e+01
   9.8933900e+05   1.3244629e+01
   9.8939900e+05   1.4648437e+01
   9.8947900e+05   1.9409180e+01
   9.8949600e+05   1.4709473e+01
   9.8953700e+05   1.3000488e+01
   9.8957400e+05   2.2888184e+01
   9.8965900e+05   1.3732910e+01
   9.8971900e+05   2.1179199e+01
   9.8980400e+05   1.3366699e+01
   9.8993600e+05   1.2695313e+01
   9.8997500e+05   1.5197754e+01
   1.0637280e+06   1.4099121e+01
   1.0638910e+06   1.2817383e+01
   1.0639420e+06   1.3244629e+01
   1.0639680e+06   1.3183594e+01
   1.0639950e+06   1.4343262e+01
   1.0640850e+06   1.4038086e+01
   1.0642790e+06   1.2756348e+01
   1.1806830e+06   1.2451172e+01
   1.2813270e+06   1.4648437e+01
   1.2814230e+06   1.6662598e+01
   1.2814540e+06   1.5563965e+01
   1.2815080e+06   1.6479492e+01
   1.2815800e+06   1.7883301e+01
   1.2816300e+06   1.5930176e+01
   1.2817210e+06   1.2390137e+01
   1.2818450e+06   1.2878418e+01
   1.2822210e+06   1.3305664e+01
   1.2823670e+06   1.4038086e+01
   1.2825890e+06   1.4465332e+01
   1.4122990e+06   1.2695312e+01
   1.4880320e+06   1.3977051e+01
   1.4881700e+06   1.3183594e+01
   1.4882300e+06   1.6662598e+01
   1.4882850e+06   1.6296387e+01
   1.4883050e+06   1.2390137e+01
   1.4883410e+06   1.8798828e+01
   1.4883980e+06   1.3854980e+01
   1.4884520e+06   1.3488770e+01
   1.4885410e+06   1.4038086e+01
   1.4886200e+06   1.2573242e+01
   1.4887270e+06   1.3183594e+01
   1.4888520e+06   1.3610840e+01
   1.4890190e+06   1.6601562e+01
   1.4891480e+06   1.3000488e+01
   1.4892400e+06   1.4526367e+01
   1.5848090e+06   3.2165527e+01
   1.5848190e+06   2.1118164e+01
   1.5848330e+06   2.9113770e+01
   1.5848550e+06   3.1250000e+01
   1.5849080e+06   1.7639160e+01
   1.5849320e+06   1.4831543e+01
   1.5849610e+06   2.2460938e+01
   1.5850320e+06   1.3366699e+01
   1.5850900e+06   1.2451172e+01
   1.5851020e+06   1.5991211e+01
   1.5851220e+06   1.5808105e+01
   1.5851460e+06   1.3610840e+01
   1.5851680e+06   1.3671875e+01
   1.5852260e+06   1.3977051e+01
   1.5853890e+06   1.5075684e+01
   1.5857520e+06   1.3427734e+01
   1.5858360e+06   1.4526367e+01
   1.5863340e+06   1.2939453e+01
   1.5963150e+06   1.4282227e+01
   1.5965330e+06   1.6662598e+01
   1.5965720e+06   1.2695312e+01
   1.5966110e+06   1.5075684e+01
   1.5966230e+06   1.8798828e+01
   1.5966660e+06   4.3212891e+01
   1.5966760e+06   1.4648437e+01
   1.5967020e+06   2.2338867e+01
   1.5967270e+06   1.6967773e+01
   1.5967510e+06   1.5136719e+01
   1.5967730e+06   1.2817383e+01
   1.5968050e+06   1.6723633e+01
   1.5968220e+06   1.4831543e+01
   1.5968510e+06   1.2512207e+01
   1.5969020e+06   1.3610840e+01
   1.5969400e+06   1.4526367e+01
   1.5969750e+06   1.3061523e+01
   1.5970160e+06   1.5563965e+01
   1.5970520e+06   1.2451172e+01
   1.5971310e+06   1.2451172e+01
   1.5971640e+06   1.4831543e+01
   1.5972190e+06   1.5136719e+01
   1.5972660e+06   1.5441895e+01
   1.5972830e+06   1.3610840e+01
   1.5973550e+06   1.3854980e+01
   1.5973890e+06   1.4892578e+01
   1.5974170e+06   1.3549805e+01
   1.5974660e+06   1.2573242e+01
   1.5975140e+06   1.4831543e+01
   1.5975300e+06   1.6662598e+01
   1.5975610e+06   1.3671875e+01
   1.5975930e+06   1.4404297e+01
   1.5977140e+06   1.3427734e+01
   1.5977600e+06   1.2634277e+01
   1.5977750e+06   1.3122559e+01
   1.5979310e+06   1.3732910e+01
   1.5997060e+06   1.3244629e+01
   1.6901160e+06   1.2756348e+01
   1.8231650e+06   1.3244629e+01
   1.8232350e+06   1.5197754e+01
   1.8232640e+06   2.1545410e+01
   1.8232920e+06   2.3132324e+01
   1.8233140e+06   1.9958496e+01
   1.8233320e+06   1.3122559e+01
   1.8233470e+06   2.6794434e+01
   1.8233610e+06   1.3427734e+01
   1.8233750e+06   1.9775391e+01
   1.8234050e+06   2.5939941e+01
   1.8234690e+06   1.3305664e+01
   1.8235230e+06   1.3488770e+01
   1.8235550e+06   1.7333984e+01
   1.8235760e+06   1.5197754e+01
   1.8236000e+06   1.3000488e+01
   1.8236670e+06   1.6052246e+01
   1.8237430e+06   1.3366699e+01
   1.8241090e+06   1.6357422e+01
   2.0276280e+06   1.6479492e+01
   2.0276680e+06   1.6784668e+01
   2.0277040e+06   2.4108887e+01
   2.0277150e+06   2.0812988e+01
   2.0277350e+06   1.5258789e+01
   2.0277540e+06   2.7770996e+01
   2.0277850e+06   2.1789551e+01
   2.0277950e+06   1.7150879e+01
   2.0278230e+06   1.6601563e+01
   2.0278450e+06   1.6357422e+01
   2.0278860e+06   1.2939453e+01
   2.0279320e+06   2.7465820e+01
   2.0279720e+06   1.4709473e+01
   2.0279920e+06   1.4038086e+01
   2.0280180e+06   1.3671875e+01
   2.0280730e+06   1.8920898e+01
   2.0280890e+06   1.2451172e+01
   2.0297140e+06   1.6479492e+01
   2.0298160e+06   1.4526367e+01
   2.0299260e+06   1.5380859e+01
   2.0300160e+06   1.2451172e+01
   2.2904380e+06   1.2817383e+01
   2.2905290e+06   1.4404297e+01
   2.2905780e+06   1.6052246e+01
   2.2906050e+06   1.7333984e+01
   2.2906230e+06   1.7639160e+01
   2.2906350e+06   3.3691406e+01
   2.2906560e+06   1.5808105e+01
   2.2907270e+06   2.2888184e+01
   2.2907580e+06   1.4526367e+01
   2.2907930e+06   1.4648438e+01
   2.2908110e+06   1.5014648e+01
   2.2908560e+06   2.2521973e+01
   2.2908930e+06   1.5197754e+01
   2.2909470e+06   1.7517090e+01
   2.2910050e+06   1.5869141e+01
   2.2910770e+06   1.7089844e+01
   2.2912310e+06   1.3977051e+01
   2.2913780e+06   1.4831543e+01
   2.2914660e+06   1.6784668e+01
   2.2915670e+06   1.7333984e+01
   2.2916480e+06   1.5808105e+01
   2.3069810e+06   1.4282227e+01
   2.3070180e+06   1.2939453e+01
   2.3070610e+06   1.5380859e+01
   2.3070990e+06   1.7456055e+01
   2.3071530e+06   1.2451172e+01
   2.3071960e+06   1.3549805e+01
   2.3072470e+06   1.4587402e+01
   2.3073380e+06   2.6550293e+01
   2.3074340e+06   1.3244629e+01
   2.3075250e+06   1.4526367e+01
   2.3075600e+06   1.2695312e+01
   2.3076760e+06   1.3122559e+01
   2.3076950e+06   1.4770508e+01
   2.3077380e+06   1.2390137e+01
   2.3077540e+06   1.3854980e+01
   2.3078060e+06   1.2695312e+01
   2.3078930e+06   1.2451172e+01
   2.3080000e+06   1.2634277e+01
   2.3081690e+06   1.2939453e+01
   2.3082910e+06   1.4221191e+01
   2.3085070e+06   1.2451172e+01
   2.3087600e+06   1.5197754e+01
   2.4480670e+06   1.2512207e+01
   2.4481290e+06   1.2695312e+01
   2.4481730e+06   1.2817383e+01
   2.4482490e+06   1.4953613e+01
   2.4482630e+06   1.7395020e+01
   2.4482920e+06   2.1179199e+01
   2.4483070e+06   1.2634277e+01
   2.4483220e+06   1.5136719e+01
   2.4483500e+06   1.3732910e+01
   2.4483620e+06   2.4841309e+01
   2.4484290e+06   1.5441895e+01
   2.4484920e+06   2.0568848e+01
   2.4485380e+06   1.3732910e+01
   2.4485810e+06   1.2878418e+01
   2.4486270e+06   1.4221191e+01
   2.4487840e+06   1.4709473e+01
   2.4491000e+06   1.4282227e+01
   2.5670130e+06   1.3671875e+01
   2.5672160e+06   1.2817383e+01
   2.5673140e+06   1.3061523e+01
   2.5673550e+06   1.2390137e+01
   2.5674730e+06   1.4526367e+01
   2.5675180e+06   1.5625000e+01
   2.5675670e+06   1.2512207e+01
   2.5676070e+06   1.4343262e+01
   2.5676740e+06   1.3366699e+01
   2.5677290e+06   1.2512207e+01
   2.5678700e+06   1.3977051e+01
   2.5679290e+06   1.4099121e+01
   2.5681490e+06   1.3061523e+01
   2.8949020e+06   1.4709473e+01
   2.8949650e+06   2.5451660e+01
   2.8949910e+06   1.3671875e+01
   2.8950020e+06   1.5625000e+01
   2.8950260e+06   2.2094727e+01
   2.8950610e+06   3.3508301e+01
   2.8950920e+06   1.3305664e+01
   2.8951020e+06   1.4709473e+01
   2.8951380e+06   2.2216797e+01
   2.8952120e+06   1.7578125e+01
   2.8952330e+06   1.7761230e+01
   2.8952550e+06   1.9775391e+01
   2.8952760e+06   1.5197754e+01
   2.8952860e+06   1.8798828e+01
   2.8953250e+06   1.4282227e+01
   2.8953440e+06   1.2695312e+01
   2.8953740e+06   1.2634277e+01
   2.8953850e+06   1.7517090e+01
   2.8954180e+06   1.3610840e+01
   2.8955550e+06   1.3366699e+01
   2.8959230e+06   1.2390137e+01
   2.8960960e+06   1.3366699e+01
   2.9069090e+06   1.3977051e+01
   2.9069540e+06   1.2878418e+01
   2.9070060e+06   1.3122559e+01
   2.9070250e+06   1.5075684e+01
   2.9070510e+06   1.4892578e+01
   2.9070850e+06   1.6052246e+01
   2.9071030e+06   1.7028809e+01
   2.9071180e+06   1.3610840e+01
   2.9071340e+06   3.0395508e+01
   2.9071610e+06   1.9836426e+01
   2.9071750e+06   1.2817383e+01
   2.9071890e+06   1.3427734e+01
   2.9072070e+06   1.4221191e+01
   2.9072280e+06   1.4465332e+01
   2.9073970e+06   1.6906738e+01
   2.9074260e+06   1.4526367e+01
   2.9074420e+06   1.4160156e+01
   2.9075440e+06   1.7822266e+01
   2.9075750e+06   1.2878418e+01
   2.9076040e+06   1.8432617e+01
   2.9076600e+06   1.2390137e+01
   2.9077310e+06   1.5197754e+01
   2.9078000e+06   1.3305664e+01
   2.9078310e+06   1.5197754e+01
   2.9078780e+06   1.9165039e+01
   2.9079330e+06   1.9714355e+01
   2.9080140e+06   1.6357422e+01
   2.9080470e+06   1.5747070e+01
   2.9083810e+06   1.2878418e+01
   2.9087410e+06   1.3427734e+01
   2.9097190e+06   1.2573242e+01
   3.1268910e+06   1.4587402e+01
   3.1269300e+06   1.8310547e+01
   3.1269450e+06   1.3000488e+01
   3.1269630e+06   3.5461426e+01
   3.1269750e+06   2.1606445e+01
   3.1270140e+06   1.9897461e+01
   3.1270300e+06   1.3427734e+01
   3.1270680e+06   1.9653320e+01
   3.1271450e+06   1.5991211e+01
   3.1271780e+06   1.3732910e+01
   3.1272160e+06   1.8737793e+01
   3.1272490e+06   1.9470215e+01
   3.1272810e+06   1.3977051e+01
   3.1273100e+06   1.6113281e+01
   3.1273200e+06   1.5136719e+01
   3.1273570e+06   1.2695313e+01
   3.1273770e+06   1.4770508e+01
   3.1288510e+06   1.3427734e+01
   3.1290910e+06   1.5441895e+01
   3.1292280e+06   1.6235352e+01
   3.1293570e+06   1.5991211e+01
   3.1294900e+06   1.3977051e+01
   3.1296110e+06   1.4038086e+01
   3.1297440e+06   1.4953613e+01
   3.1298520e+06   1.4465332e+01
   3.2072840e+06   1.3183594e+01
   3.3051110e+06   1.5258789e+01
   3.3051630e+06   1.5808105e+01
   3.3051800e+06   1.6601562e+01
   3.3052080e+06   3.0639648e+01
   3.3052330e+06   1.8554688e+01
   3.3052550e+06   2.1484375e+01
   3.3052810e+06   1.6479492e+01
   3.3052910e+06   1.4343262e+01
   3.3053340e+06   1.4160156e+01
   3.3053690e+06   1.4221191e+01
   3.3053930e+06   1.3854980e+01
   3.3054270e+06   1.9775391e+01
   3.3054430e+06   1.4953613e+01
   3.3054580e+06   1.9226074e+01
   3.3055060e+06   1.4709473e+01
   3.3055180e+06   1.3854980e+01
   3.3055460e+06   1.4282227e+01
   3.3055810e+06   1.5136719e+01
   3.3056050e+06   2.3498535e+01
   3.3537790e+06   1.2695312e+01
   3.4362590e+06   2.6123047e+01
   3.4362720e+06   2.3437500e+01
   3.4362840e+06   1.4282227e+01
   3.4363000e+06   1.4038086e+01
   3.4363110e+06   2.0019531e+01
   3.4363310e+06   2.9296875e+01
   3.4363520e+06   2.9113770e+01
   3.4363770e+06   1.7089844e+01
   3.4364570e+06   1.9348145e+01
   3.4364810e+06   1.2817383e+01
   3.4365130e+06   1.3610840e+01
   3.4365330e+06   1.4282227e+01
   3.4365650e+06   1.2573242e+01
   3.4365820e+06   1.3610840e+01
   3.4366040e+06   1.4831543e+01
   3.4366290e+06   1.4831543e+01
   3.4366820e+06   1.9042969e+01
   3.4367100e+06   1.3305664e+01
   3.4367830e+06   1.3183594e+01
   3.4382840e+06   1.2878418e+01
   3.4385070e+06   1.3732910e+01
   3.4597410e+06   1.2512207e+01
   4.1285470e+06   1.3977051e+01
   4.1288840e+06   1.3549805e+01
   4.2989850e+06   1.4770508e+01
   4.2990490e+06   1.6601562e+01
   4.2990780e+06   3.9306641e+01
   4.2991010e+06   2.1362305e+01
   4.2991160e+06   1.6418457e+01
   4.2991380e+06   1.6967773e+01
   4.2991700e+06   2.1484375e+01
   4.2991920e+06   1.9104004e+01
   4.2992310e+06   1.3610840e+01
   4.2992980e+06   1.8005371e+01
   4.2993420e+06   2.4108887e+01
   4.2993690e+06   1.5747070e+01
   4.2993790e+06   1.7395020e+01
   4.2994120e+06   1.8371582e+01
   4.2994510e+06   1.6784668e+01
   4.2994750e+06   1.6845703e+01
   4.2995160e+06   1.4709473e+01
   4.2995570e+06   1.5258789e+01
   4.2996860e+06   1.2512207e+01
   4.2997640e+06   1.5502930e+01
   4.3005740e+06   1.2451172e+01
   4.3012380e+06   1.3122559e+01
   4.3013300e+06   1.2878418e+01
   4.3014440e+06   1.5563965e+01
   4.3015580e+06   1.5197754e+01
   4.3016560e+06   1.3061523e+01
   4.3017660e+06   1.3366699e+01
   4.3098680e+06   1.3854980e+01
   4.3099730e+06   1.3061523e+01
   4.3100100e+06   1.5258789e+01
   4.3100460e+06   5.1269531e+01
   4.3100570e+06   1.6113281e+01
   4.3100760e+06   1.7333984e+01
   4.3100930e+06   2.4169922e+01
   4.3101200e+06   1.8310547e+01
   4.3101300e+06   1.3610840e+01
   4.3101420e+06   1.7700195e+01
   4.3102080e+06   1.3977051e+01
   4.3102660e+06   1.3549805e+01
   4.3102810e+06   1.5136719e+01
   4.3103080e+06   1.4038086e+01
   4.3104070e+06   2.1179199e+01
   4.3104200e+06   1.2878418e+01
   4.3104470e+06   1.3305664e+01
   4.3104990e+06   1.5625000e+01
   4.3105090e+06   1.3061523e+01
   4.3105700e+06   1.3122559e+01
   4.3106510e+06   1.2939453e+01
   4.3106810e+06   1.2512207e+01
   4.3107240e+06   1.3916016e+01
   4.3107990e+06   1.4587402e+01
   4.3108800e+06   1.5686035e+01
   4.3109180e+06   1.2512207e+01
   4.3109410e+06   1.2756348e+01
   4.3110420e+06   1.5991211e+01
   4.3110720e+06   1.3549805e+01
   4.3110950e+06   1.3061523e+01
   4.3111490e+06   1.2451172e+01
   4.3111730e+06   1.2451172e+01
   4.3114230e+06   1.2817383e+01
   4.3118070e+06   1.3977051e+01
   4.3119080e+06   1.3366699e+01
   4.3120800e+06   1.3610840e+01
   4.3124420e+06   1.2512207e+01
   4.3128790e+06   1.4343262e+01
   4.3521780e+06   1.3244629e+01
   5.0664640e+06   1.5747070e+01
   5.0666080e+06   1.2756348e+01
   5.0669250e+06   1.5502930e+01
   5.0670420e+06   1.2939453e+01
   5.0671420e+06   1.4343262e+01
   5.0672290e+06   1.3061523e+01
   5.0672890e+06   1.4587402e+01
   5.0674790e+06   1.3793945e+01
   5.1121480e+06   1.6052246e+01
   5.2253880e+06   1.6723633e+01
   5.2254150e+06   3.0578613e+01
   5.2254350e+06   1.5686035e+01
   5.2254510e+06   1.2939453e+01
   5.2254630e+06   1.3244629e+01
   5.2255030e+06   1.2878418e+01
   5.2255150e+06   1.5197754e+01
   5.2256040e+06   1.9042969e+01
   5.2256310e+06   2.0141602e+01
   5.2256550e+06   1.6174316e+01
   5.2256880e+06   1.2695312e+01
   5.2257140e+06   1.6418457e+01
   5.2257430e+06   1.5625000e+01
   5.2257710e+06   2.0141602e+01
   5.2257910e+06   2.2033691e+01
   5.2258320e+06   1.8859863e+01
   5.2260690e+06   1.2817383e+01
   5.2261380e+06   1.3183594e+01
   5.2264560e+06   1.3793945e+01
   5.2269970e+06   1.3000488e+01
   5.2362040e+06   1.4282227e+01
   5.2363180e+06   1.5319824e+01
   5.2363600e+06   1.5625000e+01
   5.2363930e+06   2.5695801e+01
   5.2364050e+06   3.1982422e+01
   5.2364280e+06   1.3549805e+01
   5.2364450e+06   1.9042969e+01
   5.2364560e+06   1.8798828e+01
   5.2364990e+06   2.0935059e+01
   5.2365180e+06   1.2634277e+01
   5.2365570e+06   1.8188477e+01
   5.2365760e+06   1.4465332e+01
   5.2366250e+06   1.5869141e+01
   5.2366350e+06   1.5319824e+01
   5.2366840e+06   1.3244629e+01
   5.2367520e+06   1.4465332e+01
   5.2368270e+06   1.6235352e+01
   5.2368770e+06   1.4404297e+01
   5.2369320e+06   1.2939453e+01
   5.2369870e+06   1.7639160e+01
   5.2370760e+06   1.2939453e+01
   5.2370940e+06   1.5136719e+01
   5.2371430e+06   1.3427734e+01
   5.2372560e+06   1.4160156e+01
   5.2373690e+06   1.5258789e+01
   5.2373970e+06   1.4953613e+01
   5.2374290e+06   1.4709473e+01
   5.2376090e+06   1.3122559e+01
   5.2382150e+06   1.3366699e+01
   5.2386190e+06   1.8127441e+01
   5.2393290e+06   1.2756348e+01
   5.7388370e+06   1.4282227e+01
   5.7388760e+06   1.3549805e+01
   5.7389060e+06   5.0964355e+01
   5.7389170e+06   1.3183594e+01
   5.7389390e+06   2.0324707e+01
   5.7389700e+06   1.7883301e+01
   5.7389820e+06   2.2583008e+01
   5.7390040e+06   1.6906738e+01
   5.7390330e+06   1.2573242e+01
   5.7391170e+06   1.3732910e+01
   5.7391340e+06   1.5502930e+01
   5.7391610e+06   2.1850586e+01
   5.7391890e+06   1.7150879e+01
   5.7392080e+06   1.8920898e+01
   5.7392380e+06   1.3671875e+01
   5.7392630e+06   1.2634277e+01
   5.7392820e+06   1.8371582e+01
   5.7393140e+06   1.3671875e+01
   5.7394910e+06   1.2451172e+01
   5.7395300e+06   1.5136719e+01
   5.7405390e+06   1.2817383e+01
   5.7407500e+06   1.2512207e+01
   5.7499450e+06   1.3305664e+01
   5.7536740e+06   1.5563965e+01
   5.7537350e+06   1.5686035e+01
   5.7537460e+06   1.4221191e+01
   5.7537690e+06   1.9958496e+01
   5.7538010e+06   1.3488770e+01
   5.7538230e+06   1.6235352e+01
   5.7538480e+06   1.4404297e+01
   5.7538710e+06   1.3122559e+01
   5.7538880e+06   1.5991211e+01
   5.7539410e+06   1.3000488e+01
   5.7539760e+06   1.5197754e+01
   5.7539990e+06   1.3244629e+01
   5.7540760e+06   1.3854980e+01
   5.7541290e+06   1.2756348e+01
   5.7541640e+06   1.3183594e+01
   5.7542550e+06   1.3366699e+01
   5.7543150e+06   1.4953613e+01
   5.7543390e+06   1.4038086e+01
   5.7543590e+06   1.3122559e+01
   5.7543910e+06   1.3366699e+01
   5.7544550e+06   1.5991211e+01
   5.7545390e+06   1.3610840e+01
   5.7545550e+06   1.4160156e+01
   5.7546080e+06   1.3305664e+01
   5.7546650e+06   1.8127441e+01
   5.7547570e+06   1.5136719e+01
   5.7551800e+06   1.3854980e+01
   5.7553440e+06   1.4404297e+01
   5.7558640e+06   1.2756348e+01
   5.7558840e+06   1.3122559e+01
   5.7561710e+06   1.3916016e+01
   5.7563160e+06   1.3122559e+01
   5.7566640e+06   1.4465332e+01
