   5.9990000e+06   0.0000000e+00
   1.7430000e+04   1.4465332e+01
   4.3168000e+04   1.7028809e+01
   4.3282000e+04   1.6906738e+01
   4.3362000e+04   4.4311523e+01
   4.3431000e+04   2.7404785e+01
   4.3452000e+04   1.9531250e+01
   4.3498000e+04   1.3549805e+01
   4.3513000e+04   2.6428223e+01
   4.3554000e+04   1.9897461e+01
   4.3636000e+04   2.6245117e+01
   4.3702000e+04   2.7709961e+01
   4.3720000e+04   1.4404297e+01
   4.3767000e+04   1.2390137e+01
   4.3778000e+04   2.4169922e+01
   4.3848000e+04   2.5939941e+01
   4.3936000e+04   2.0751953e+01
   4.3948000e+04   1.5319824e+01
   4.4019000e+04   2.6062012e+01
   4.4122000e+04   2.7587891e+01
   4.4218000e+04   2.4108887e+01
   4.4327000e+04   2.6184082e+01
   4.4341000e+04   1.2634277e+01
   5.4552000e+04   1.9165039e+01
   5.5241000e+04   1.6235352e+01
   5.5262000e+04   1.3122559e+01
   5.5423000e+04   1.7456055e+01
   5.7007000e+04   1.6723633e+01
   5.7031000e+04   1.5197754e+01
   5.7110000e+04   1.8188477e+01
   5.7256000e+04   1.5197754e+01
   6.0009000e+04   1.5930176e+01
   6.0039000e+04   1.3610840e+01
   6.0158000e+04   2.0996094e+01
   6.0222000e+04   1.5625000e+01
   6.0268000e+04   1.6601562e+01
   6.0318000e+04   2.7770996e+01
   6.0367000e+04   1.2512207e+01
   6.0437000e+04   1.7639160e+01
   6.0656000e+04   1.3793945e+01
   7.8701000e+04   1.4648438e+01
   9.0251000e+04   1.3671875e+01
   1.0957600e+05   1.2695312e+01
   1.2702200e+05   1.4343262e+01
   1.3392600e+05   1.7700195e+01
   1.3395000e+05   1.5380859e+01
   1.4365700e+05   1.7578125e+01
   1.6245000e+05   1.7517090e+01
   1.6299100e+05   1.8737793e+01
   1.8843600e+05   1.8066406e+01
   2.0392100e+05   1.3977051e+01
   2.0900700e+05   1.6906738e+01
   2.0903200e+05   1.7578125e+01
   2.0914600e+05   1.8005371e+01
   2.0915800e+05   3.0151367e+01
   2.0919100e+05   1.3793945e+01
   2.0922700e+05   2.6611328e+01
   2.0924800e+05   1.6174316e+01
   2.0927400e+05   1.2695312e+01
   2.0928700e+05   1.3549805e+01
   2.0931700e+05   1.3183594e+01
   2.0934600e+05   2.9479980e+01
   2.0936100e+05   1.5625000e+01
   2.0938600e+05   1.2390137e+01
   2.0944400e+05   2.4963379e+01
   2.0950900e+05   2.1179199e+01
   2.0957700e+05   3.1433105e+01
   2.0964600e+05   2.4169922e+01
   2.0972400e+05   2.4353027e+01
   2.0981700e+05   2.4841309e+01
   2.0993000e+05   2.6184082e+01
   2.1001700e+05   2.5512695e+01
   2.1016500e+05   2.9052734e+01
   2.2131300e+05   1.4709473e+01
   2.2139600e+05   1.2878418e+01
   2.2155700e+05   1.4892578e+01
   2.2163800e+05   1.4709473e+01
   2.2189500e+05   2.1118164e+01
   2.2203900e+05   1.6967773e+01
   2.2226300e+05   1.6418457e+01
   2.2236900e+05   1.5686035e+01
   2.2252700e+05   1.3916016e+01
   2.2264000e+05   1.2451172e+01
   2.2295400e+05   1.8615723e+01
   2.3860300e+05   1.4526367e+01
   2.4389700e+05   1.8249512e+01
   2.4392800e+05   1.4709473e+01
   2.4693100e+05   1.6052246e+01
   2.4695700e+05   1.4343262e+01
   2.5120500e+05   1.3000488e+01
   2.5123000e+05   1.3122559e+01
   2.5592700e+05   1.5014648e+01
   2.6381300e+05   1.3671875e+01
   2.7125800e+05   1.3610840e+01
   2.7128100e+05   1.3366699e+01
   2.7910300e+05   1.7395020e+01
   3.0154100e+05   1.6113281e+01
   3.3848500e+05   1.6296387e+01
   3.3851000e+05   1.9714355e+01
   3.3852300e+05   1.3488770e+01
   3.3854300e+05   1.2329102e+01
   3.3856700e+05   3.2836914e+01
   3.3859100e+05   1.7150879e+01
   3.3862000e+05   1.5502930e+01
   3.3863300e+05   1.8249512e+01
   3.3867000e+05   1.6540527e+01
   3.3873800e+05   2.0141602e+01
   3.3877300e+05   2.3925781e+01
   3.3879700e+05   1.4526367e+01
   3.3883600e+05   1.9165039e+01
   3.3890000e+05   1.9775391e+01
   3.3894700e+05   2.2644043e+01
   3.3898600e+05   2.4780273e+01
   3.3909000e+05   2.2827148e+01
   3.3918300e+05   2.3437500e+01
   3.3929300e+05   2.2705078e+01
   3.3939500e+05   2.5634766e+01
   3.3950300e+05   2.5024414e+01
   3.3964700e+05   2.3132324e+01
   3.3977000e+05   2.2033691e+01
   3.4664800e+05   1.9165039e+01
   3.4666700e+05   1.3122559e+01
   3.4677800e+05   3.4057617e+01
   3.4682400e+05   1.4038086e+01
   3.4685100e+05   2.1423340e+01
   3.4689500e+05   1.7272949e+01
   3.4693000e+05   2.1301270e+01
   3.4696800e+05   1.8859863e+01
   3.4699800e+05   1.6845703e+01
   3.4706800e+05   1.3793945e+01
   3.4710100e+05   1.3977051e+01
   3.4713900e+05   1.6113281e+01
   3.4719800e+05   1.3854980e+01
   3.4724800e+05   1.2695313e+01
   3.4730300e+05   1.8920898e+01
   3.4741400e+05   1.9958496e+01
   3.4747600e+05   1.3000488e+01
   3.4751900e+05   2.1972656e+01
   3.4754700e+05   1.3732910e+01
   3.4761200e+05   1.6174316e+01
   3.4767300e+05   2.3498535e+01
   3.4771200e+05   1.3000488e+01
   3.4775000e+05   1.6357422e+01
   3.4780700e+05   2.4963379e+01
   3.4795100e+05   2.4658203e+01
   3.4807000e+05   2.1728516e+01
   3.4821700e+05   2.3193359e+01
   3.4837700e+05   1.9592285e+01
   3.4838900e+05   1.6357422e+01
   3.4855500e+05   2.5817871e+01
   3.4856600e+05   1.7028809e+01
   3.5446900e+05   1.4343262e+01
   3.5448700e+05   2.0568848e+01
   3.5452100e+05   2.8564453e+01
   3.5455000e+05   1.3671875e+01
   3.5456100e+05   1.4038086e+01
   3.5460100e+05   1.7395020e+01
   3.5462600e+05   3.1372070e+01
   3.5465600e+05   1.3916016e+01
   3.5468800e+05   1.8920898e+01
   3.5473200e+05   2.4475098e+01
   3.5475900e+05   1.3916016e+01
   3.5486200e+05   1.7639160e+01
   3.5488500e+05   2.2521973e+01
   3.5494900e+05   1.5747070e+01
   3.5501000e+05   2.7038574e+01
   3.5503100e+05   1.2939453e+01
   3.5510100e+05   1.6174316e+01
   3.5515900e+05   3.4606934e+01
   3.5523700e+05   1.5625000e+01
   3.5529000e+05   2.7709961e+01
   3.6529500e+05   1.6845703e+01
   3.6531300e+05   1.3061523e+01
   3.6534100e+05   2.2155762e+01
   3.6535400e+05   2.0629883e+01
   3.6537500e+05   2.2277832e+01
   3.6540200e+05   1.2817383e+01
   3.6543000e+05   3.4729004e+01
   3.6544700e+05   1.6967773e+01
   3.6549800e+05   1.6052246e+01
   3.6553000e+05   2.3254395e+01
   3.6555200e+05   1.4099121e+01
   3.6566300e+05   2.2766113e+01
   3.6574200e+05   1.5869141e+01
   3.6578000e+05   2.1484375e+01
   3.6579500e+05   1.5930176e+01
   3.6589100e+05   2.8015137e+01
   3.6590800e+05   1.2390137e+01
   3.6595700e+05   1.2451172e+01
   3.6601000e+05   2.5146484e+01
   3.6602200e+05   1.3061523e+01
   3.6606000e+05   1.6967773e+01
   3.6612700e+05   1.3671875e+01
   3.6613700e+05   2.5207520e+01
   3.6628500e+05   2.4230957e+01
   3.6642000e+05   2.3864746e+01
   4.8714500e+05   1.3854980e+01
   5.1656200e+05   1.3793945e+01
   5.1666100e+05   1.7150879e+01
   5.1668100e+05   1.5258789e+01
   5.1672000e+05   2.0263672e+01
   5.1674700e+05   2.3254395e+01
   5.1675700e+05   4.3457031e+01
   5.1678100e+05   1.7761230e+01
   5.1681000e+05   2.3803711e+01
   5.1687400e+05   1.5686035e+01
   5.1691900e+05   1.4221191e+01
   5.1695600e+05   2.0141602e+01
   5.1700000e+05   2.0385742e+01
   5.1706700e+05   2.0751953e+01
   5.1709200e+05   1.7944336e+01
   5.1714100e+05   2.1179199e+01
   5.1721100e+05   2.2399902e+01
   5.1729500e+05   1.9348145e+01
   5.1745500e+05   2.5085449e+01
   5.4078100e+05   1.9042969e+01
   5.4080800e+05   1.6723633e+01
   5.6672000e+05   1.4099121e+01
   5.7105000e+05   1.6174316e+01
   5.7107600e+05   1.3305664e+01
   5.9363100e+05   1.3000488e+01
   6.1237800e+05   1.5625000e+01
   6.3543600e+05   1.8066406e+01
   6.3574700e+05   1.4038086e+01
   6.3585800e+05   1.5380859e+01
   7.2798300e+05   1.5380859e+01
   7.2800000e+05   3.4240723e+01
   7.2801700e+05   1.7150879e+01
   7.2803700e+05   1.6723633e+01
   7.2806300e+05   1.2756348e+01
   7.2807800e+05   1.4648438e+01
   7.2810800e+05   1.4953613e+01
   7.2813500e+05   2.0385742e+01
   7.2815500e+05   1.5686035e+01
   7.2818200e+05   1.7211914e+01
   7.2822100e+05   1.9897461e+01
   7.2824200e+05   1.3061523e+01
   7.2829000e+05   1.6052246e+01
   7.2830300e+05   3.1799316e+01
   7.2837400e+05   2.3254395e+01
   7.2844500e+05   2.0812988e+01
   7.2853300e+05   2.4047852e+01
   7.2861200e+05   2.6367188e+01
   7.2868800e+05   2.4536133e+01
   7.2877400e+05   2.6855469e+01
   7.2886200e+05   2.1423340e+01
   7.2896500e+05   2.3376465e+01
   7.2908200e+05   2.6367188e+01
   7.3631900e+05   1.4831543e+01
   7.3639400e+05   1.2512207e+01
   7.3649600e+05   2.8930664e+01
   7.3652200e+05   4.5837402e+01
   7.3654100e+05   1.5625000e+01
   7.3657100e+05   1.6662598e+01
   7.3660600e+05   2.7770996e+01
   7.3663200e+05   1.5686035e+01
   7.3665400e+05   1.3610840e+01
   7.3669200e+05   1.6845703e+01
   7.3672800e+05   1.9775391e+01
   7.3681700e+05   2.0324707e+01
   7.3691200e+05   1.8615723e+01
   7.3700600e+05   2.6489258e+01
   7.3709700e+05   2.1057129e+01
   7.3722600e+05   2.6611328e+01
   7.3732800e+05   1.9653320e+01
   7.3736900e+05   1.2817383e+01
   7.3750100e+05   3.0578613e+01
   7.3763300e+05   2.0751953e+01
   7.7037200e+05   2.1850586e+01
   8.5004300e+05   2.0812988e+01
   8.7811600e+05   1.2634277e+01
   9.8928000e+05   1.7089844e+01
   9.8930800e+05   1.4099121e+01
   9.8941300e+05   1.6540527e+01
   9.8948000e+05   1.7883301e+01
   9.8950100e+05   3.0029297e+01
   9.8956300e+05   1.5136719e+01
   9.8957700e+05   2.1301270e+01
   9.8961600e+05   1.5502930e+01
   9.8967500e+05   2.0690918e+01
   9.8972000e+05   1.4892578e+01
   1.0634840e+06   1.7700195e+01
   1.0637190e+06   1.5136719e+01
   1.0637420e+06   1.2512207e+01
   1.0637680e+06   3.1005859e+01
   1.0638740e+06   3.6987305e+01
   1.0639710e+06   1.6540527e+01
   1.0640710e+06   1.5869141e+01
   1.0642680e+06   1.6723633e+01
   1.2054520e+06   1.7395020e+01
   1.2813500e+06   1.4709473e+01
   1.2814170e+06   1.7639160e+01
   1.2815070e+06   1.5319824e+01
   1.2815260e+06   3.0883789e+01
   1.2815710e+06   1.4709473e+01
   1.2815960e+06   2.0629883e+01
   1.2816180e+06   1.4953613e+01
   1.2816670e+06   1.3732910e+01
   1.2817420e+06   1.3854980e+01
   1.2818090e+06   2.5207520e+01
   1.2819470e+06   1.5197754e+01
   1.2821600e+06   2.7893066e+01
   1.4880630e+06   1.7089844e+01
   1.4881690e+06   1.5075684e+01
   1.4882640e+06   4.4128418e+01
   1.4883390e+06   2.2888184e+01
   1.4883520e+06   1.5075684e+01
   1.4884010e+06   2.7099609e+01
   1.4884480e+06   1.3427734e+01
   1.4886160e+06   1.2756348e+01
   1.4888660e+06   2.7160645e+01
   1.4890050e+06   2.7465820e+01
   1.5825550e+06   1.7639160e+01
   1.5847800e+06   1.6784668e+01
   1.5848000e+06   1.2939453e+01
   1.5848120e+06   2.2399902e+01
   1.5848490e+06   1.7028809e+01
   1.5848760e+06   3.3142090e+01
   1.5849030e+06   1.5563965e+01
   1.5849280e+06   2.4475098e+01
   1.5849450e+06   1.7333984e+01
   1.5850130e+06   1.6418457e+01
   1.5850340e+06   1.8005371e+01
   1.5850800e+06   2.0629883e+01
   1.5850940e+06   1.6540527e+01
   1.5851340e+06   1.3122559e+01
   1.5851560e+06   2.3559570e+01
   1.5965470e+06   1.5136719e+01
   1.5965660e+06   1.3122559e+01
   1.5966160e+06   1.9470215e+01
   1.5966470e+06   2.4230957e+01
   1.5966740e+06   2.6672363e+01
   1.5966940e+06   1.9836426e+01
   1.5967290e+06   1.6540527e+01
   1.5967710e+06   1.8554688e+01
   1.5967900e+06   1.5502930e+01
   1.5968290e+06   1.4160156e+01
   1.5968590e+06   1.5502930e+01
   1.5968900e+06   1.4404297e+01
   1.5969180e+06   1.3854980e+01
   1.5969970e+06   1.9226074e+01
   1.5970140e+06   1.7333984e+01
   1.5970970e+06   1.7944336e+01
   1.5971870e+06   2.2644043e+01
   1.5972790e+06   2.3376465e+01
   1.5973780e+06   2.2644043e+01
   1.5973880e+06   1.3366699e+01
   1.5974850e+06   2.1179199e+01
   1.5976100e+06   2.3376465e+01
   1.5977320e+06   2.2827148e+01
   1.6659460e+06   1.7944336e+01
   1.6912260e+06   1.7639160e+01
   1.6935610e+06   1.3183594e+01
   1.7210320e+06   1.8005371e+01
   1.8231680e+06   1.3610840e+01
   1.8232280e+06   1.4831543e+01
   1.8232500e+06   1.4892578e+01
   1.8232880e+06   2.2827148e+01
   1.8232980e+06   2.2521973e+01
   1.8233140e+06   2.6916504e+01
   1.8233460e+06   4.1015625e+01
   1.8233680e+06   1.4770508e+01
   1.8233920e+06   1.5197754e+01
   1.8234040e+06   1.3427734e+01
   1.8234470e+06   1.6967773e+01
   1.8234780e+06   1.5502930e+01
   1.8235060e+06   1.6357422e+01
   1.8235310e+06   2.4047852e+01
   1.8235890e+06   2.5268555e+01
   1.8236590e+06   2.3132324e+01
   1.8237500e+06   2.0690918e+01
   1.8238310e+06   2.1667480e+01
   1.8239360e+06   2.8198242e+01
   1.8240230e+06   2.3620605e+01
   1.8241100e+06   2.7648926e+01
   1.8242250e+06   2.1728516e+01
   1.8367840e+06   1.5136719e+01
   1.8368080e+06   1.7517090e+01
   1.8374990e+06   1.8920898e+01
   1.8381690e+06   1.3549805e+01
   1.8381930e+06   1.4831543e+01
   1.8386730e+06   2.0324707e+01
   1.8517600e+06   1.5991211e+01
   1.8517800e+06   1.6113281e+01
   1.8875610e+06   1.7089844e+01
   1.9046640e+06   1.7028809e+01
   1.9972160e+06   1.4892578e+01
   2.0276110e+06   1.6052246e+01
   2.0276320e+06   1.5808105e+01
   2.0276790e+06   1.4343262e+01
   2.0277090e+06   4.2785645e+01
   2.0277250e+06   2.7709961e+01
   2.0277530e+06   2.0141602e+01
   2.0277640e+06   3.2897949e+01
   2.0278080e+06   1.3854980e+01
   2.0278230e+06   1.7333984e+01
   2.0278500e+06   2.3925781e+01
   2.0278950e+06   1.8615723e+01
   2.0279260e+06   1.9409180e+01
   2.0279490e+06   1.6479492e+01
   2.0279680e+06   1.3122559e+01
   2.0280180e+06   2.2827148e+01
   2.0280850e+06   2.0324707e+01
   2.0281680e+06   2.5878906e+01
   2.0282410e+06   2.1789551e+01
   2.0283130e+06   2.4230957e+01
   2.0284040e+06   2.5085449e+01
   2.0284910e+06   2.4047852e+01
   2.0285730e+06   2.0019531e+01
   2.0286700e+06   2.3803711e+01
   2.0288490e+06   2.6489258e+01
   2.0434510e+06   1.5319824e+01
   2.0434740e+06   1.4465332e+01
   2.0454860e+06   1.6479492e+01
   2.0455090e+06   1.3244629e+01
   2.0623480e+06   1.6113281e+01
   2.1314140e+06   1.7639160e+01
   2.1467540e+06   1.3000488e+01
   2.2904370e+06   2.0202637e+01
   2.2904850e+06   1.8127441e+01
   2.2905100e+06   1.5136719e+01
   2.2905780e+06   4.0893555e+01
   2.2906180e+06   1.5563965e+01
   2.2906320e+06   3.3935547e+01
   2.2906680e+06   2.0019531e+01
   2.2906850e+06   1.3854980e+01
   2.2907180e+06   1.8920898e+01
   2.2907320e+06   2.1362305e+01
   2.2907620e+06   1.2756348e+01
   2.2907770e+06   1.5319824e+01
   2.2908340e+06   2.1362305e+01
   2.2909000e+06   2.1240234e+01
   2.2909640e+06   1.9287109e+01
   2.2910280e+06   2.3132324e+01
   2.2911000e+06   2.0568848e+01
   2.2911900e+06   2.6184082e+01
   2.2912680e+06   2.3742676e+01
   2.2913560e+06   2.2949219e+01
   2.2914600e+06   2.5329590e+01
   2.2915560e+06   2.4597168e+01
   2.2916570e+06   2.4230957e+01
   2.2917630e+06   2.3437500e+01
   2.2918810e+06   2.4902344e+01
   2.3049120e+06   1.5991211e+01
   2.3054350e+06   1.6662598e+01
   2.3067190e+06   1.5563965e+01
   2.3067390e+06   1.3061523e+01
   2.3069780e+06   1.3977051e+01
   2.3070330e+06   1.6784668e+01
   2.3070790e+06   1.4953613e+01
   2.3071270e+06   1.3854980e+01
   2.3072210e+06   1.7089844e+01
   2.3072900e+06   3.3630371e+01
   2.3073830e+06   1.5869141e+01
   2.3075020e+06   2.7343750e+01
   2.3075660e+06   1.4099121e+01
   2.3076890e+06   1.5258789e+01
   2.3077410e+06   2.8198242e+01
   2.3078020e+06   1.5502930e+01
   2.3079230e+06   2.0629883e+01
   2.3080030e+06   2.6000977e+01
   2.3080370e+06   1.3549805e+01
   2.3081940e+06   1.6113281e+01
   2.3082060e+06   1.3061523e+01
   2.3327010e+06   1.4648438e+01
   2.3511940e+06   1.5319824e+01
   2.4480450e+06   1.9042969e+01
   2.4480660e+06   1.3671875e+01
   2.4481780e+06   1.4770508e+01
   2.4482070e+06   1.5197754e+01
   2.4482210e+06   3.4301758e+01
   2.4482640e+06   1.7150879e+01
   2.4482840e+06   1.4160156e+01
   2.4483170e+06   1.3488770e+01
   2.4483470e+06   1.6723633e+01
   2.4483580e+06   1.3610840e+01
   2.4484570e+06   1.4404297e+01
   2.4485440e+06   2.6672363e+01
   2.4486640e+06   2.3193359e+01
   2.4487500e+06   1.6723633e+01
   2.4487960e+06   2.4475098e+01
   2.4489380e+06   2.3925781e+01
   2.4491060e+06   2.9418945e+01
   2.5671690e+06   1.5991211e+01
   2.5673460e+06   1.3610840e+01
   2.5673600e+06   3.2531738e+01
   2.5673930e+06   1.8920898e+01
   2.5674480e+06   3.0578613e+01
   2.5674710e+06   1.6296387e+01
   2.5675260e+06   1.3183594e+01
   2.5675360e+06   1.9714355e+01
   2.5675610e+06   1.3427734e+01
   2.5676090e+06   1.5563965e+01
   2.5677220e+06   1.5075684e+01
   2.5677940e+06   1.4282227e+01
   2.5678600e+06   2.6428223e+01
   2.5680270e+06   2.4291992e+01
   2.5680700e+06   1.4099121e+01
   2.5682040e+06   1.5686035e+01
   2.6613700e+06   1.9287109e+01
   2.6649900e+06   1.7211914e+01
   2.7710750e+06   1.6113281e+01
   2.7711000e+06   1.2512207e+01
   2.7981200e+06   1.5136719e+01
   2.8949050e+06   1.5014648e+01
   2.8949250e+06   1.4099121e+01
   2.8949610e+06   1.6784668e+01
   2.8949890e+06   3.5278320e+01
   2.8950040e+06   2.0690918e+01
   2.8950410e+06   4.0832520e+01
   2.8950510e+06   1.5747070e+01
   2.8950670e+06   2.6794434e+01
   2.8950860e+06   2.0751953e+01
   2.8951060e+06   1.9592285e+01
   2.8951160e+06   1.6845703e+01
   2.8951430e+06   1.5075684e+01
   2.8951700e+06   1.9287109e+01
   2.8951960e+06   1.8127441e+01
   2.8952330e+06   2.2216797e+01
   2.8952650e+06   2.3986816e+01
   2.8952870e+06   2.4047852e+01
   2.8953480e+06   2.6855469e+01
   2.8989140e+06   3.4851074e+01
   2.8991260e+06   3.4790039e+01
   2.9069420e+06   1.6662598e+01
   2.9070210e+06   1.6845703e+01
   2.9070760e+06   1.3000488e+01
   2.9070980e+06   1.7028809e+01
   2.9071080e+06   3.3264160e+01
   2.9071450e+06   1.3122559e+01
   2.9071760e+06   2.4108887e+01
   2.9071970e+06   2.5085449e+01
   2.9072230e+06   1.5441895e+01
   2.9072540e+06   1.4892578e+01
   2.9072830e+06   1.9165039e+01
   2.9072990e+06   2.1484375e+01
   2.9073570e+06   2.0019531e+01
   2.9073850e+06   1.6784668e+01
   2.9074660e+06   1.5747070e+01
   2.9075440e+06   1.9104004e+01
   2.9076260e+06   1.7395020e+01
   2.9076580e+06   1.2451172e+01
   2.9077500e+06   1.7517090e+01
   2.9077740e+06   1.3610840e+01
   2.9078940e+06   2.3071289e+01
   2.9079780e+06   1.7822266e+01
   2.9080150e+06   2.2644043e+01
   2.9081550e+06   2.2033691e+01
   2.9082900e+06   2.2338867e+01
   2.9084240e+06   2.5390625e+01
   2.9084350e+06   1.4160156e+01
   2.9085640e+06   2.3132324e+01
   2.9087100e+06   2.4719238e+01
   2.9291920e+06   1.6906738e+01
   2.9381030e+06   1.7517090e+01
   3.1268560e+06   1.5319824e+01
   3.1268770e+06   1.3916016e+01
   3.1269200e+06   1.6052246e+01
   3.1269620e+06   3.1677246e+01
   3.1269810e+06   2.0568848e+01
   3.1270040e+06   1.8066406e+01
   3.1270410e+06   1.2268066e+01
   3.1270510e+06   1.2512207e+01
   3.1270930e+06   1.3366699e+01
   3.1271190e+06   1.2756348e+01
   3.1271570e+06   1.6601562e+01
   3.1271890e+06   1.5136719e+01
   3.1272320e+06   1.8676758e+01
   3.1272480e+06   1.9348145e+01
   3.1273100e+06   1.9470215e+01
   3.1273780e+06   2.1179199e+01
   3.1274660e+06   2.3559570e+01
   3.1275430e+06   2.4108887e+01
   3.1425310e+06   1.7089844e+01
   3.1425550e+06   1.4465332e+01
   3.1437510e+06   1.8493652e+01
   3.1437720e+06   1.6296387e+01
   3.1547640e+06   1.3366699e+01
   3.1589090e+06   1.5319824e+01
   3.1658560e+06   1.3793945e+01
   3.1658810e+06   1.3183594e+01
   3.1677130e+06   1.5258789e+01
   3.1677400e+06   1.3366699e+01
   3.1781640e+06   1.5991211e+01
   3.2085360e+06   1.6906738e+01
   3.2303490e+06   1.9897461e+01
   3.2695620e+06   1.6906738e+01
   3.3051080e+06   1.4282227e+01
   3.3051820e+06   1.9470215e+01
   3.3052030e+06   3.5583496e+01
   3.3052310e+06   2.3010254e+01
   3.3052590e+06   4.2968750e+01
   3.3052790e+06   1.2634277e+01
   3.3052960e+06   1.4953613e+01
   3.3053250e+06   1.4526367e+01
   3.3053660e+06   2.6428223e+01
   3.3054370e+06   2.7832031e+01
   3.3054780e+06   1.6845703e+01
   3.3054930e+06   1.8249512e+01
   3.3055570e+06   1.8371582e+01
   3.3056250e+06   2.2644043e+01
   3.3056990e+06   1.8737793e+01
   3.3199420e+06   2.1911621e+01
   3.3206830e+06   1.8676758e+01
   3.3226600e+06   1.7639160e+01
   3.3265940e+06   1.7761230e+01
   3.3467200e+06   2.2277832e+01
   3.3599880e+06   1.4587402e+01
   3.3700120e+06   1.6418457e+01
   3.3781370e+06   1.6479492e+01
   3.3781700e+06   1.6052246e+01
   3.3822090e+06   1.9958496e+01
   3.3976520e+06   1.6845703e+01
   3.4362620e+06   2.3559570e+01
   3.4362850e+06   2.6550293e+01
   3.4363080e+06   1.6540527e+01
   3.4363240e+06   3.0700684e+01
   3.4363520e+06   1.5136719e+01
   3.4363680e+06   1.2634277e+01
   3.4363860e+06   1.8615723e+01
   3.4364080e+06   1.4160156e+01
   3.4364490e+06   1.8371582e+01
   3.4364620e+06   1.7211914e+01
   3.4364850e+06   1.8188477e+01
   3.4365260e+06   1.3488770e+01
   3.4365600e+06   1.7150879e+01
   3.4365850e+06   1.6052246e+01
   3.4366500e+06   1.9775391e+01
   3.4367140e+06   2.0629883e+01
   3.4367890e+06   1.6845703e+01
   3.4368660e+06   2.4108887e+01
   3.4534010e+06   1.5686035e+01
   3.4534280e+06   1.3122559e+01
   3.4671580e+06   1.7761230e+01
   3.4709520e+06   1.7150879e+01
   3.4709780e+06   1.6418457e+01
   3.4834870e+06   1.8249512e+01
   3.4835120e+06   1.5563965e+01
   3.4865480e+06   1.3854980e+01
   3.4907050e+06   1.2268066e+01
   3.5269450e+06   1.6052246e+01
   3.5269680e+06   1.4892578e+01
   3.5709220e+06   1.5808105e+01
   3.5927340e+06   1.4282227e+01
   3.5927570e+06   1.3916016e+01
   3.6364980e+06   1.5991211e+01
   3.6870420e+06   1.7333984e+01
   3.7985450e+06   1.4953613e+01
   3.9600690e+06   1.7456055e+01
   4.0286840e+06   1.8554688e+01
   4.0837570e+06   1.4953613e+01
   4.1074370e+06   1.2695312e+01
   4.1074620e+06   1.2756348e+01
   4.1287560e+06   1.8249512e+01
   4.1289610e+06   1.3732910e+01
   4.2989970e+06   1.8127441e+01
   4.2990230e+06   1.3549805e+01
   4.2990430e+06   1.5197754e+01
   4.2990720e+06   3.4851074e+01
   4.2990930e+06   2.0324707e+01
   4.2991180e+06   2.6489258e+01
   4.2991380e+06   1.5563965e+01
   4.2991620e+06   1.2939453e+01
   4.2991760e+06   1.7883301e+01
   4.2991960e+06   1.3366699e+01
   4.2992160e+06   1.2268066e+01
   4.2992930e+06   2.1667480e+01
   4.2993530e+06   3.8513184e+01
   4.2994240e+06   1.4770508e+01
   4.3099310e+06   1.6906738e+01
   4.3099890e+06   1.5747070e+01
   4.3100180e+06   1.5258789e+01
   4.3100290e+06   1.8310547e+01
   4.3100430e+06   1.5502930e+01
   4.3100690e+06   3.6376953e+01
   4.3101030e+06   1.6296387e+01
   4.3101240e+06   2.4230957e+01
   4.3101550e+06   1.2390137e+01
   4.3101860e+06   1.5502930e+01
   4.3102450e+06   1.5563965e+01
   4.3102990e+06   1.5380859e+01
   4.3103300e+06   1.5747070e+01
   4.3103870e+06   1.3977051e+01
   4.3104300e+06   2.1484375e+01
   4.3104430e+06   2.1911621e+01
   4.3105270e+06   1.6784668e+01
   4.3106210e+06   2.4658203e+01
   4.3107190e+06   1.5869141e+01
   4.3107560e+06   1.5136719e+01
   4.3108010e+06   1.6174316e+01
   4.3109000e+06   2.3803711e+01
   4.3109980e+06   1.7883301e+01
   4.3111260e+06   2.2888184e+01
   4.3112540e+06   2.2460938e+01
   4.3114250e+06   2.3010254e+01
   4.3114350e+06   2.1728516e+01
   4.3115950e+06   2.3864746e+01
   4.3631440e+06   1.5991211e+01
   4.4056210e+06   1.6967773e+01
   4.4111330e+06   1.7333984e+01
   4.4529410e+06   1.7822266e+01
   4.4861220e+06   1.3793945e+01
   4.5835660e+06   1.5625000e+01
   4.5835870e+06   1.5625000e+01
   4.5942430e+06   1.6418457e+01
   4.6602060e+06   1.5441895e+01
   4.6670190e+06   1.6540527e+01
   4.6822080e+06   1.9165039e+01
   4.8064200e+06   1.2390137e+01
   4.8644670e+06   1.5869141e+01
   4.8752520e+06   1.5014648e+01
   4.9441550e+06   1.4282227e+01
   5.0664720e+06   1.4831543e+01
   5.0665310e+06   1.9714355e+01
   5.0668790e+06   1.4160156e+01
   5.0669900e+06   1.7456055e+01
   5.0670130e+06   1.5258789e+01
   5.0670430e+06   3.3142090e+01
   5.0671280e+06   1.6235352e+01
   5.0672040e+06   3.1250000e+01
   5.0672930e+06   1.4587402e+01
   5.0673320e+06   1.4465332e+01
   5.0673490e+06   2.9479980e+01
   5.0674480e+06   1.5625000e+01
   5.0676350e+06   1.4282227e+01
   5.0678150e+06   1.4038086e+01
   5.2253390e+06   1.4465332e+01
   5.2253590e+06   1.7333984e+01
   5.2254050e+06   4.0039063e+01
   5.2254200e+06   2.0446777e+01
   5.2254480e+06   1.8981934e+01
   5.2254830e+06   2.7648926e+01
   5.2255050e+06   1.6357422e+01
   5.2255710e+06   1.9226074e+01
   5.2256100e+06   2.0019531e+01
   5.2256870e+06   2.8564453e+01
   5.2257590e+06   1.7089844e+01
   5.2257830e+06   1.6845703e+01
   5.2363130e+06   1.4648438e+01
   5.2363310e+06   1.5441895e+01
   5.2363720e+06   1.2390137e+01
   5.2363860e+06   2.9663086e+01
   5.2363990e+06   3.2104492e+01
   5.2364380e+06   1.6540527e+01
   5.2364620e+06   2.0690918e+01
   5.2364810e+06   1.7333984e+01
   5.2365030e+06   1.4587402e+01
   5.2365190e+06   1.4404297e+01
   5.2365520e+06   1.5258789e+01
   5.2365770e+06   1.4831543e+01
   5.2365990e+06   2.0324707e+01
   5.2366610e+06   1.3977051e+01
   5.2367390e+06   1.3732910e+01
   5.2368180e+06   1.2756348e+01
   5.2368300e+06   1.2878418e+01
   5.2369500e+06   1.5258789e+01
   5.2370680e+06   1.4099121e+01
   5.2371450e+06   1.8859863e+01
   5.2371920e+06   2.3742676e+01
   5.2372380e+06   1.6418457e+01
   5.2373130e+06   1.9470215e+01
   5.2374210e+06   1.8737793e+01
   5.2375480e+06   1.9531250e+01
   5.2384700e+06   1.4770508e+01
   5.3400310e+06   1.4648437e+01
   5.3764160e+06   1.5991211e+01
   5.3911860e+06   1.4831543e+01
   5.5571710e+06   1.5747070e+01
   5.6278730e+06   1.7517090e+01
   5.6421300e+06   1.3000488e+01
   5.6521650e+06   1.9897461e+01
   5.6999650e+06   1.7761230e+01
   5.7388390e+06   1.7028809e+01
   5.7388580e+06   1.5930176e+01
   5.7388870e+06   4.0161133e+01
   5.7388970e+06   2.3986816e+01
   5.7389090e+06   1.4404297e+01
   5.7389330e+06   1.5258789e+01
   5.7389660e+06   1.3366699e+01
   5.7389870e+06   1.3916016e+01
   5.7390130e+06   1.9042969e+01
   5.7390450e+06   1.4465332e+01
   5.7391150e+06   1.7822266e+01
   5.7391400e+06   1.4831543e+01
   5.7391650e+06   2.1606445e+01
   5.7392020e+06   1.5014648e+01
   5.7392330e+06   1.6540527e+01
   5.7392810e+06   1.8066406e+01
   5.7536440e+06   1.8554687e+01
   5.7536910e+06   3.4484863e+01
   5.7537060e+06   1.3183594e+01
   5.7537260e+06   1.5441895e+01
   5.7537520e+06   2.0324707e+01
   5.7537810e+06   1.4648438e+01
   5.7537930e+06   2.1484375e+01
   5.7538410e+06   1.2695312e+01
   5.7538630e+06   1.4526367e+01
   5.7538970e+06   1.5747070e+01
   5.7539460e+06   2.0446777e+01
   5.7539760e+06   1.4343262e+01
   5.7540530e+06   1.7639160e+01
   5.7541180e+06   1.4282227e+01
   5.7541930e+06   1.3610840e+01
   5.7542180e+06   1.2634277e+01
   5.7543070e+06   1.8859863e+01
   5.7543470e+06   1.4465332e+01
   5.7544170e+06   1.9104004e+01
   5.7545250e+06   2.3071289e+01
   5.7546260e+06   2.0690918e+01
   5.7547280e+06   2.3315430e+01
   5.7548320e+06   1.8493652e+01
   5.7549430e+06   1.9958496e+01
   5.7550770e+06   2.1667480e+01
   5.7552170e+06   2.2033691e+01
   5.7552280e+06   1.5686035e+01
   5.7553460e+06   2.0019531e+01
   5.7555000e+06   1.9897461e+01
   5.8171660e+06   1.9104004e+01
   5.8308420e+06   1.3732910e+01
   5.9818840e+06   1.3793945e+01
