   5.9990000e+06   0.0000000e+00
   2.0930000e+05   1.8493652e+01
   3.3852200e+05   1.3854980e+01
   3.3853300e+05   1.3244629e+01
   3.3856600e+05   1.3549805e+01
   3.4680700e+05   1.6662598e+01
   3.4681900e+05   1.3671875e+01
   3.4752000e+05   1.2451172e+01
   3.5456500e+05   1.4160156e+01
   3.5457500e+05   1.2695312e+01
   3.5527000e+05   1.2207031e+01
   3.6537200e+05   1.3000488e+01
   3.6584700e+05   1.3061523e+01
   3.6591600e+05   1.2451172e+01
   4.1867000e+05   1.2329102e+01
   5.1675500e+05   1.2939453e+01
   5.1678100e+05   1.4587402e+01
   7.2801200e+05   1.2695312e+01
   7.2803400e+05   1.3183594e+01
   7.3651000e+05   1.2695312e+01
   7.3654700e+05   1.4892578e+01
   7.3659100e+05   1.2512207e+01
   1.5506200e+06   1.2390137e+01
   1.8232920e+06   1.2634277e+01
   1.8233160e+06   1.7211914e+01
   2.0277440e+06   1.5502930e+01
   2.2906060e+06   1.8615723e+01
   2.2907070e+06   1.5747070e+01
   2.2907500e+06   1.3916016e+01
   2.5263470e+06   1.2268066e+01
   2.8951570e+06   1.3427734e+01
   2.9071400e+06   1.5075684e+01
   3.3052450e+06   1.5258789e+01
   3.3052970e+06   1.4404297e+01
   3.4363260e+06   1.2145996e+01
   4.1832650e+06   1.2268066e+01
   4.2990880e+06   1.2573242e+01
   4.2992940e+06   1.3610840e+01
   4.3100630e+06   1.2512207e+01
   4.3134120e+06   1.2145996e+01
   4.5581220e+06   1.2451172e+01
   5.0466880e+06   1.2695313e+01
   5.2254550e+06   1.2329102e+01
   5.2364100e+06   1.3427734e+01
   5.2364460e+06   1.3366699e+01
   5.7389130e+06   1.5747070e+01
   5.7389470e+06   1.2573242e+01
   5.7537280e+06   1.9287109e+01
   5.7537570e+06   1.2390137e+01
