   5.9990000e+06   0.0000000e+00
   1.3030000e+04   3.3020020e+01
   1.1178100e+05   3.2043457e+01
   1.1185700e+05   3.5888672e+01
   1.1191900e+05   3.3386230e+01
   1.1196700e+05   3.2043457e+01
   1.1199500e+05   4.1931152e+01
   1.1203300e+05   3.5095215e+01
   1.1205000e+05   3.4240723e+01
   1.1211600e+05   3.4484863e+01
   1.1231500e+05   3.3081055e+01
   1.1252700e+05   3.2897949e+01
   2.9546600e+05   3.2653809e+01
   2.9585300e+05   3.3508301e+01
   3.9618300e+05   3.4851074e+01
   3.9627400e+05   3.3874512e+01
   3.9629400e+05   3.6010742e+01
   3.9635900e+05   4.0283203e+01
   3.9642900e+05   3.6010742e+01
   3.9658700e+05   3.3386230e+01
   5.2685400e+05   3.8696289e+01
   5.2692800e+05   4.3212891e+01
   5.2697600e+05   3.3508301e+01
   5.2708100e+05   3.3508301e+01
   5.2731400e+05   3.2592773e+01
   7.2398800e+05   3.2653809e+01
   9.5090400e+05   3.3874512e+01
   9.5099100e+05   4.2480469e+01
   9.5100300e+05   5.0781250e+01
   9.5104600e+05   4.5776367e+01
   9.5128500e+05   3.2775879e+01
   1.2158230e+06   3.2958984e+01
   1.2158970e+06   3.2226562e+01
   1.2159340e+06   3.3142090e+01
   1.2160900e+06   3.2958984e+01
   1.2289780e+06   3.1982422e+01
   1.3449450e+06   4.3090820e+01
   1.3450580e+06   4.3518066e+01
   1.3453260e+06   3.8818359e+01
   1.4557080e+06   3.3630371e+01
   1.6883550e+06   3.7475586e+01
   1.6884680e+06   3.3813477e+01
   1.6884960e+06   3.7170410e+01
   1.6885320e+06   3.5522461e+01
   1.6886060e+06   3.4545898e+01
   1.9739870e+06   3.2958984e+01
   1.9740620e+06   3.3874512e+01
   1.9741360e+06   4.2541504e+01
   1.9742380e+06   3.4362793e+01
   1.9742920e+06   3.4790039e+01
   2.2298920e+06   3.2531738e+01
   2.2300260e+06   3.8330078e+01
   2.2300390e+06   3.3142090e+01
   2.2300860e+06   4.2419434e+01
   2.2301600e+06   3.5827637e+01
   2.3417030e+06   3.2104492e+01
   2.3418880e+06   3.2287598e+01
   2.3419200e+06   3.2104492e+01
   2.3419670e+06   3.5705566e+01
   2.3419920e+06   4.2175293e+01
   2.3420100e+06   3.6743164e+01
   2.3420480e+06   4.0588379e+01
   2.3420650e+06   3.4545898e+01
   2.5187770e+06   3.3081055e+01
   2.7108830e+06   3.2165527e+01
   2.7109020e+06   3.8757324e+01
   2.7109800e+06   3.2714844e+01
   2.7110600e+06   3.9550781e+01
   2.7112150e+06   3.2653809e+01
   2.7115050e+06   3.4362793e+01
   2.9115030e+06   3.2714844e+01
   2.9116280e+06   3.5766602e+01
   2.9116460e+06   3.2165527e+01
   2.9116950e+06   3.1982422e+01
   2.9118440e+06   3.2836914e+01
   2.9857350e+06   3.2653809e+01
   2.9857840e+06   3.2043457e+01
   2.9858190e+06   3.8208008e+01
   2.9858620e+06   3.8696289e+01
   2.9858890e+06   5.4199219e+01
   2.9859150e+06   3.6010742e+01
   3.0009970e+06   3.2836914e+01
   3.1966720e+06   4.4250488e+01
   3.1966840e+06   3.6621094e+01
   3.1966950e+06   3.4729004e+01
   3.1967180e+06   4.4006348e+01
   3.2207120e+06   3.2714844e+01
   3.2447030e+06   3.6804199e+01
   3.2447760e+06   3.3691406e+01
   3.2447950e+06   4.7180176e+01
   3.2449770e+06   3.3813477e+01
   3.3848330e+06   3.2836914e+01
   3.3849640e+06   3.7841797e+01
   3.3849810e+06   3.4423828e+01
   3.3850640e+06   3.2897949e+01
   3.6188450e+06   3.4912109e+01
   3.6188900e+06   3.5278320e+01
   3.6189300e+06   3.3569336e+01
   3.6904790e+06   3.4667969e+01
   3.6904960e+06   3.2348633e+01
   3.6905660e+06   4.0527344e+01
   3.6906100e+06   3.7292480e+01
   3.6907120e+06   3.7475586e+01
   3.7830920e+06   3.2897949e+01
   3.7831540e+06   3.5217285e+01
   3.7832280e+06   3.3996582e+01
   3.7832410e+06   3.9489746e+01
   3.7833010e+06   3.2653809e+01
   3.7833360e+06   4.4067383e+01
   4.7703890e+06   4.2785645e+01
   4.7704430e+06   3.4057617e+01
   4.7705000e+06   3.7353516e+01
   4.7823000e+06   4.0222168e+01
   4.7823540e+06   3.3691406e+01
   4.8761070e+06   4.9621582e+01
   4.8763110e+06   3.3142090e+01
   4.9486590e+06   3.2775879e+01
   5.1885930e+06   3.8085938e+01
   5.1886130e+06   3.6315918e+01
   5.1887940e+06   3.9855957e+01
   5.1888370e+06   3.6254883e+01
   5.2024180e+06   3.3325195e+01
   5.2028300e+06   3.2653809e+01
   5.2032140e+06   3.2531738e+01
   5.5107550e+06   3.3874512e+01
   5.5109410e+06   3.2165527e+01
   5.5109820e+06   3.4545898e+01
   5.5110070e+06   3.2775879e+01
   5.5110270e+06   3.7536621e+01
   5.6534360e+06   3.7231445e+01
   5.6534940e+06   3.4545898e+01
   5.6535320e+06   4.0649414e+01
   5.6535780e+06   4.1931152e+01
   5.6536080e+06   3.2348633e+01
