   5.9990000e+06   0.0000000e+00
   1.1167100e+05   3.9001465e+01
   1.1188200e+05   3.6254883e+01
   1.1196200e+05   3.9794922e+01
   1.1198100e+05   4.1442871e+01
   1.1200300e+05   3.5827637e+01
   1.1203600e+05   3.7475586e+01
   1.1205700e+05   5.4809570e+01
   1.1220900e+05   3.7414551e+01
   2.9563100e+05   3.5339355e+01
   2.9586900e+05   3.8330078e+01
   2.9610800e+05   3.8085938e+01
   3.9615900e+05   5.1940918e+01
   3.9626200e+05   4.0832520e+01
   3.9628200e+05   4.6875000e+01
   3.9630900e+05   3.6193848e+01
   3.9636100e+05   4.0466309e+01
   3.9641700e+05   3.6071777e+01
   3.9651500e+05   3.8940430e+01
   3.9659200e+05   3.7292480e+01
   5.2682400e+05   3.5461426e+01
   5.2686400e+05   5.3894043e+01
   5.2689300e+05   4.7241211e+01
   5.2691200e+05   4.4128418e+01
   5.2694500e+05   4.0893555e+01
   5.2696700e+05   3.9672852e+01
   5.2705100e+05   4.2297363e+01
   5.2719600e+05   4.3823242e+01
   6.9860600e+05   3.7109375e+01
   7.2432100e+05   3.5705566e+01
   9.5092500e+05   4.8156738e+01
   9.5096800e+05   3.9428711e+01
   9.5097800e+05   4.1809082e+01
   9.5100500e+05   4.5593262e+01
   9.5103800e+05   3.7963867e+01
   9.5107500e+05   3.7048340e+01
   9.5115300e+05   3.7231445e+01
   1.2158330e+06   3.9733887e+01
   1.2159000e+06   4.4677734e+01
   1.2159210e+06   4.4860840e+01
   1.2159530e+06   6.5551758e+01
   1.2159940e+06   4.1687012e+01
   1.2160460e+06   3.9978027e+01
   1.2282300e+06   3.7475586e+01
   1.2283820e+06   3.8452148e+01
   1.2284260e+06   3.5400391e+01
   1.3449350e+06   3.6315918e+01
   1.3449590e+06   4.6569824e+01
   1.3449810e+06   4.6142578e+01
   1.3449960e+06   6.2316895e+01
   1.3450230e+06   5.7128906e+01
   1.3450520e+06   3.6193848e+01
   1.3450790e+06   3.8208008e+01
   1.3450960e+06   4.0954590e+01
   1.3451230e+06   4.3090820e+01
   1.3451470e+06   3.8940430e+01
   1.3454360e+06   3.6682129e+01
   1.6883600e+06   3.8391113e+01
   1.6884090e+06   3.8940430e+01
   1.6884390e+06   3.8452148e+01
   1.6884750e+06   4.1320801e+01
   1.6885120e+06   4.6936035e+01
   1.6886130e+06   3.9245605e+01
   1.6887390e+06   3.6926270e+01
   1.7926290e+06   3.5705566e+01
   1.7955430e+06   3.5217285e+01
   1.9739930e+06   3.9672852e+01
   1.9740260e+06   5.6701660e+01
   1.9740460e+06   4.0222168e+01
   1.9740850e+06   6.1645508e+01
   1.9741290e+06   4.9377441e+01
   1.9741650e+06   3.5461426e+01
   1.9742050e+06   3.8208008e+01
   1.9743270e+06   3.5278320e+01
   2.0156850e+06   3.6071777e+01
   2.2299050e+06   3.5400391e+01
   2.2299240e+06   4.1809082e+01
   2.2299760e+06   4.0222168e+01
   2.2299960e+06   4.1137695e+01
   2.2300120e+06   3.7963867e+01
   2.2300560e+06   4.9560547e+01
   2.2300660e+06   6.5307617e+01
   2.2300950e+06   5.3039551e+01
   2.2301730e+06   5.3100586e+01
   2.2302180e+06   4.4616699e+01
   2.3418450e+06   3.7231445e+01
   2.3418750e+06   3.7414551e+01
   2.3419020e+06   6.3171387e+01
   2.3419260e+06   4.9072266e+01
   2.3419530e+06   3.8085938e+01
   2.3420110e+06   5.0659180e+01
   2.3420310e+06   4.5349121e+01
   2.3420600e+06   4.3945312e+01
   2.3421500e+06   4.7668457e+01
   2.3422790e+06   3.5766602e+01
   2.7108130e+06   3.9855957e+01
   2.7108640e+06   3.8818359e+01
   2.7108920e+06   4.7119141e+01
   2.7109270e+06   5.0964355e+01
   2.7109850e+06   4.2602539e+01
   2.7110150e+06   5.0292969e+01
   2.9115800e+06   3.6926270e+01
   2.9116110e+06   3.6132812e+01
   2.9116260e+06   4.5959473e+01
   2.9116410e+06   3.7231445e+01
   2.9116800e+06   5.2246094e+01
   2.9116930e+06   5.0659180e+01
   2.9117260e+06   4.3090820e+01
   2.9117720e+06   5.6823730e+01
   2.9856940e+06   3.7048340e+01
   2.9857180e+06   3.8757324e+01
   2.9857470e+06   3.6560059e+01
   2.9857630e+06   5.1818848e+01
   2.9857950e+06   3.6132812e+01
   2.9858170e+06   3.6865234e+01
   2.9858710e+06   4.6508789e+01
   2.9858840e+06   5.0842285e+01
   2.9859060e+06   3.7353516e+01
   2.9859420e+06   4.0771484e+01
   2.9998270e+06   3.9855957e+01
   3.0000490e+06   4.1198730e+01
   3.0002180e+06   3.5339355e+01
   3.0002420e+06   3.6926270e+01
   3.0002900e+06   4.0405273e+01
   3.0007090e+06   3.7109375e+01
   3.1965730e+06   4.1198730e+01
   3.1965840e+06   3.8269043e+01
   3.1966140e+06   3.5949707e+01
   3.1966820e+06   5.3894043e+01
   3.1967190e+06   5.0781250e+01
   3.1967350e+06   4.2175293e+01
   3.1967690e+06   4.1259766e+01
   3.1967930e+06   4.2968750e+01
   3.1968400e+06   4.6386719e+01
   3.1968610e+06   4.1259766e+01
   3.2444470e+06   3.5888672e+01
   3.2445150e+06   3.6682129e+01
   3.2445570e+06   3.9062500e+01
   3.2446460e+06   3.5583496e+01
   3.2446700e+06   4.2785645e+01
   3.2447220e+06   4.1198730e+01
   3.2447850e+06   3.9916992e+01
   3.2448130e+06   6.0485840e+01
   3.2448780e+06   4.4494629e+01
   3.2449050e+06   3.9672852e+01
   3.2449240e+06   3.9306641e+01
   3.2449540e+06   4.2358398e+01
   3.3848630e+06   4.3395996e+01
   3.3848810e+06   5.8715820e+01
   3.3849050e+06   4.0100098e+01
   3.3849260e+06   4.2846680e+01
   3.3849650e+06   5.1147461e+01
   3.3851490e+06   5.0903320e+01
   3.3852140e+06   3.7475586e+01
   3.6187820e+06   3.8024902e+01
   3.6188140e+06   3.7963867e+01
   3.6188610e+06   5.4260254e+01
   3.6188830e+06   3.6010742e+01
   3.6189190e+06   4.3762207e+01
   3.6189370e+06   3.7841797e+01
   3.6903740e+06   3.6193848e+01
   3.6904230e+06   4.7790527e+01
   3.6904400e+06   3.6865234e+01
   3.6904630e+06   3.9611816e+01
   3.6905160e+06   4.5471191e+01
   3.6905630e+06   3.8085938e+01
   3.6905860e+06   4.3762207e+01
   3.6906120e+06   4.0527344e+01
   3.6907050e+06   3.9001465e+01
   3.7830780e+06   3.8208008e+01
   3.7831260e+06   3.5339355e+01
   3.7831660e+06   3.7292480e+01
   3.7832190e+06   5.0170898e+01
   3.7832350e+06   4.6508789e+01
   3.7832800e+06   4.5593262e+01
   3.7833400e+06   3.7048340e+01
   3.7833710e+06   3.9428711e+01
   3.7833990e+06   4.7729492e+01
   3.7834230e+06   4.3090820e+01
   4.3237710e+06   3.5339355e+01
   4.7703520e+06   4.0161133e+01
   4.7703770e+06   3.5583496e+01
   4.7704250e+06   4.3518066e+01
   4.7705230e+06   4.0771484e+01
   4.7821630e+06   3.6315918e+01
   4.7821930e+06   3.7231445e+01
   4.7823310e+06   4.9987793e+01
   4.7823790e+06   3.9855957e+01
   4.7824230e+06   4.1198730e+01
   4.7825130e+06   3.9245605e+01
   4.7827180e+06   3.6071777e+01
   4.8759690e+06   3.6010742e+01
   4.8760160e+06   3.9306641e+01
   4.8760280e+06   4.1992188e+01
   4.8760800e+06   3.6560059e+01
   4.8760960e+06   6.9274902e+01
   4.8761120e+06   3.9306641e+01
   4.8761300e+06   5.6213379e+01
   4.8761470e+06   4.3762207e+01
   4.8761620e+06   4.5166016e+01
   4.8762210e+06   4.8217773e+01
   4.8762580e+06   3.8330078e+01
   4.8762800e+06   3.7597656e+01
   4.8762970e+06   4.6447754e+01
   5.1884990e+06   4.3640137e+01
   5.1885360e+06   3.8757324e+01
   5.1885470e+06   3.6193848e+01
   5.1885610e+06   4.9255371e+01
   5.1885970e+06   3.9428711e+01
   5.1886620e+06   4.4006348e+01
   5.1886780e+06   4.9865723e+01
   5.1887260e+06   4.5349121e+01
   5.1887830e+06   4.6264648e+01
   5.1888300e+06   4.0344238e+01
   5.2023950e+06   3.6865234e+01
   5.2740710e+06   3.7658691e+01
   5.5104360e+06   4.6569824e+01
   5.5108480e+06   4.0649414e+01
   5.5108710e+06   3.5339355e+01
   5.5109520e+06   3.9001465e+01
   5.5109620e+06   4.1870117e+01
   5.5109870e+06   4.0100098e+01
   5.5110050e+06   3.8330078e+01
   5.6534190e+06   3.6804199e+01
   5.6534320e+06   3.8330078e+01
   5.6534560e+06   3.6132812e+01
   5.6534720e+06   6.6711426e+01
   5.6534940e+06   3.8391113e+01
   5.6535800e+06   4.7241211e+01
   5.6535970e+06   3.8818359e+01
   5.6536790e+06   3.7109375e+01
