   5.9990000e+06   0.0000000e+00
   1.1321900e+05   3.2470703e+01
   1.1325200e+05   3.2470703e+01
   1.1333100e+05   3.2409668e+01
   1.1334800e+05   4.5288086e+01
   1.1336200e+05   3.3935547e+01
   1.1338500e+05   4.2297363e+01
   1.1340800e+05   3.3386230e+01
   1.1341900e+05   3.3203125e+01
   1.1445400e+05   3.5461426e+01
   2.9669400e+05   3.2836914e+01
   2.9674500e+05   3.3447266e+01
   2.9814700e+05   3.2287598e+01
   3.9560900e+05   3.6315918e+01
   3.9566600e+05   3.5156250e+01
   5.2821000e+05   3.5339355e+01
   5.2823100e+05   3.3996582e+01
   5.2829200e+05   4.0039062e+01
   5.2846100e+05   3.3081055e+01
   5.2852000e+05   3.8452148e+01
   6.9964500e+05   3.2287598e+01
   6.9966900e+05   3.3508301e+01
   6.9970500e+05   3.5156250e+01
   6.9980200e+05   3.5034180e+01
   7.0017100e+05   3.2714844e+01
   7.2308300e+05   3.2287598e+01
   7.2311400e+05   4.4799805e+01
   7.2320900e+05   3.2592773e+01
   8.5813200e+05   3.2836914e+01
   9.5043700e+05   3.2714844e+01
   1.2152840e+06   3.5217285e+01
   1.2262600e+06   3.7048340e+01
   1.2264580e+06   3.4118652e+01
   1.2265120e+06   3.4301758e+01
   1.2266850e+06   3.3020020e+01
   1.2367400e+06   3.2653809e+01
   1.2423060e+06   3.2958984e+01
   1.2967350e+06   3.2958984e+01
   1.3442660e+06   3.2348633e+01
   1.3443550e+06   3.4423828e+01
   1.6878980e+06   4.2541504e+01
   1.6879200e+06   3.2470703e+01
   1.6879530e+06   3.2592773e+01
   1.6879790e+06   3.5278320e+01
   1.6893140e+06   3.2348633e+01
   1.7969500e+06   3.5217285e+01
   1.8135690e+06   3.3874512e+01
   1.8137910e+06   3.2592773e+01
   1.9735570e+06   4.0222168e+01
   2.2297230e+06   3.4729004e+01
   2.2297410e+06   3.2958984e+01
   2.2396180e+06   3.6193848e+01
   2.3413760e+06   3.4240723e+01
   2.3414070e+06   3.3569336e+01
   2.5194400e+06   3.5705566e+01
   2.7103200e+06   3.2470703e+01
   2.7104620e+06   3.7475586e+01
   2.9851440e+06   3.5095215e+01
   2.9976700e+06   3.3508301e+01
   2.9979520e+06   3.4851074e+01
   3.0100770e+06   3.2653809e+01
   3.0104190e+06   3.5278320e+01
   3.0106380e+06   3.2897949e+01
   3.1971740e+06   3.5034180e+01
   3.3338090e+06   3.1372070e+01
   3.3843970e+06   3.1738281e+01
   3.3844640e+06   3.4423828e+01
   3.3846020e+06   3.2470703e+01
   3.6183000e+06   3.1982422e+01
   3.6197150e+06   3.1494141e+01
   3.6898180e+06   3.7963867e+01
   3.6898500e+06   3.2897949e+01
   3.6900260e+06   3.2653809e+01
   3.7824090e+06   3.5949707e+01
   3.7824570e+06   3.7536621e+01
   3.7828060e+06   3.3569336e+01
   4.0375180e+06   3.5888672e+01
   4.0376670e+06   3.3874512e+01
   4.0533640e+06   3.2348633e+01
   4.7715790e+06   4.2846680e+01
   4.7716530e+06   3.1066895e+01
   4.7716900e+06   3.2043457e+01
   4.7807070e+06   3.2836914e+01
   4.7807360e+06   3.1372070e+01
   4.7809300e+06   3.1127930e+01
   4.8756210e+06   3.4118652e+01
   5.1898840e+06   3.5949707e+01
   5.1899550e+06   3.5278320e+01
   5.1900930e+06   3.1311035e+01
   5.1901290e+06   3.5461426e+01
   5.1902500e+06   3.3020020e+01
   5.2009440e+06   3.2714844e+01
   5.2113990e+06   3.1311035e+01
   5.2114670e+06   3.2897949e+01
   5.5117770e+06   3.5278320e+01
   5.5118980e+06   3.4545898e+01
   5.5121140e+06   3.3142090e+01
   5.6550470e+06   3.2531738e+01
   5.6552140e+06   3.1738281e+01
   5.8040660e+06   3.3691406e+01
   5.8044670e+06   3.1188965e+01
   5.8173760e+06   3.2287598e+01
   5.8182950e+06   3.2836914e+01
   5.8184900e+06   3.1921387e+01
