   5.9990000e+06   0.0000000e+00
   8.6932300e+05   3.1921387e+01
   1.2286270e+06   3.1188965e+01
   1.6884460e+06   3.1799316e+01
   1.6884680e+06   3.6315918e+01
   1.6884900e+06   3.8208008e+01
   1.9740390e+06   3.2287598e+01
   1.9741200e+06   3.9794922e+01
   1.9858410e+06   3.1494141e+01
   2.3419270e+06   3.1188965e+01
   2.3420650e+06   3.0883789e+01
   2.7109670e+06   3.4484863e+01
   2.9116040e+06   3.0944824e+01
   2.9116780e+06   3.2104492e+01
   2.9117220e+06   3.1738281e+01
   3.1967040e+06   3.6499023e+01
   3.2446600e+06   3.1433105e+01
   3.3849340e+06   3.5339355e+01
   3.6188790e+06   3.1921387e+01
   3.7832190e+06   3.3691406e+01
   4.7704510e+06   3.7170410e+01
