   5.9990000e+06   0.0000000e+00
   1.1331700e+05   2.6672363e+01
   1.1342600e+05   2.6550293e+01
   2.9666300e+05   2.7282715e+01
   2.9676200e+05   2.8198242e+01
   2.9681800e+05   2.7954102e+01
   3.9577500e+05   2.8015137e+01
   5.2820600e+05   2.6489258e+01
   5.2826600e+05   2.7404785e+01
   6.9961800e+05   2.6611328e+01
   6.9972000e+05   3.5400391e+01
   7.2302900e+05   3.2836914e+01
   7.2332400e+05   2.7038574e+01
   9.5043700e+05   3.2165527e+01
   9.5049200e+05   2.9052734e+01
   9.6153000e+05   2.6489258e+01
   9.6173800e+05   2.8747559e+01
   9.6176200e+05   3.0700684e+01
   9.6182300e+05   2.7648926e+01
   1.2153110e+06   2.7648926e+01
   1.2153270e+06   3.1799316e+01
   1.2153480e+06   3.0517578e+01
   1.2153890e+06   3.1921387e+01
   1.2262990e+06   2.6672363e+01
   1.2263390e+06   2.6611328e+01
   1.2264320e+06   2.8320312e+01
   1.2267320e+06   2.6855469e+01
   1.3442750e+06   3.0944824e+01
   1.3443230e+06   3.1616211e+01
   1.3444860e+06   2.9479980e+01
   1.4567830e+06   3.5827637e+01
   1.4569550e+06   2.6184082e+01
   1.6879910e+06   2.6916504e+01
   1.7969210e+06   2.8198242e+01
   1.7970010e+06   2.9907227e+01
   1.8129710e+06   2.7832031e+01
   1.8131250e+06   3.1127930e+01
   1.9734350e+06   3.6560059e+01
   1.9735030e+06   2.6306152e+01
   1.9737310e+06   2.7221680e+01
   2.0872010e+06   2.7160645e+01
   2.2295650e+06   2.7709961e+01
   2.2397470e+06   2.6733398e+01
   2.5194330e+06   3.2043457e+01
   2.7102990e+06   2.6245117e+01
   2.7103560e+06   2.9174805e+01
   2.9851510e+06   4.1992188e+01
   2.9851830e+06   3.0212402e+01
   2.9851970e+06   3.2409668e+01
   2.9853050e+06   2.7160645e+01
   3.0103970e+06   2.7221680e+01
   3.0105160e+06   2.8198242e+01
   3.0105450e+06   2.6916504e+01
   3.3844300e+06   2.7648926e+01
   3.3844710e+06   2.5756836e+01
   3.4039060e+06   2.7770996e+01
   3.4039520e+06   2.8198242e+01
   3.6181350e+06   2.5695801e+01
   3.6181490e+06   3.3264160e+01
   3.6181760e+06   2.6977539e+01
   3.6182190e+06   2.6855469e+01
   3.6895400e+06   2.6916504e+01
   3.6897610e+06   2.6794434e+01
   3.7823910e+06   3.4240723e+01
   3.7824410e+06   2.6245117e+01
   3.7824630e+06   2.7832031e+01
   3.7824850e+06   2.8442383e+01
   4.0373910e+06   2.6245117e+01
   4.0374480e+06   2.6062012e+01
   4.0375750e+06   2.6489258e+01
   4.0376560e+06   2.6916504e+01
   4.7716140e+06   3.1250000e+01
   4.8755320e+06   3.0212402e+01
   4.8755540e+06   2.8930664e+01
   5.1898020e+06   2.6245117e+01
   5.1898680e+06   2.6123047e+01
   5.1898980e+06   2.9663086e+01
   5.1899160e+06   2.7221680e+01
   5.1900370e+06   3.0578613e+01
   5.2010550e+06   2.7893066e+01
   5.2010930e+06   2.6306152e+01
   5.2011460e+06   2.6184082e+01
   5.5116540e+06   3.0456543e+01
   5.5117870e+06   2.6977539e+01
   5.5118660e+06   2.9479980e+01
   5.6547710e+06   3.0212402e+01
   5.6548130e+06   3.0212402e+01
   5.8040400e+06   2.6245117e+01
   5.8041100e+06   2.6123047e+01
   5.8041330e+06   3.0395508e+01
   5.8041580e+06   3.4790039e+01
   5.8184280e+06   2.6489258e+01
   5.8184880e+06   2.7038574e+01
