   5.9990000e+06   0.0000000e+00
   2.6518300e+05   1.2573242e+01
   2.6540600e+05   1.1779785e+01
   2.6558300e+05   1.1291504e+01
   5.6383200e+05   1.3427734e+01
   5.6406700e+05   1.1596680e+01
   5.6415000e+05   1.2390137e+01
   5.6451700e+05   1.3000488e+01
   8.2118700e+05   1.2939453e+01
   1.0036230e+06   1.2207031e+01
   1.0038340e+06   1.1962891e+01
   1.1427080e+06   1.1474609e+01
   1.1429880e+06   1.1901855e+01
   1.3431450e+06   1.1291504e+01
   1.5311650e+06   1.1474609e+01
   2.2350560e+06   1.1779785e+01
   2.3649240e+06   1.1779785e+01
   2.3651470e+06   1.3000488e+01
   2.3652290e+06   1.1596680e+01
   2.3652790e+06   1.1413574e+01
   2.5883100e+06   1.1352539e+01
   2.5885870e+06   1.3305664e+01
   2.5886280e+06   1.3610840e+01
   2.6914860e+06   1.1596680e+01
   2.8504140e+06   1.2268066e+01
   3.1009440e+06   1.1413574e+01
   3.1011630e+06   1.2573242e+01
   3.6743390e+06   1.1169434e+01
   3.6743980e+06   1.2390137e+01
   3.6745650e+06   1.3671875e+01
   3.8364450e+06   1.4282227e+01
   3.8366540e+06   1.1169434e+01
   4.3226860e+06   1.1596680e+01
   4.3228800e+06   1.2084961e+01
   4.3229070e+06   1.1657715e+01
   4.8217990e+06   1.5380859e+01
   4.9746320e+06   1.3427734e+01
   4.9748360e+06   1.1779785e+01
   5.4341840e+06   1.1352539e+01
