   5.9990000e+06   0.0000000e+00
   1.3794400e+05   1.2023926e+01
   1.3822600e+05   1.1535645e+01
   2.6500100e+05   1.3427734e+01
   4.1439400e+05   1.1474609e+01
   5.6391200e+05   1.3549805e+01
   9.1296600e+05   1.1657715e+01
   1.0034380e+06   1.2084961e+01
   1.0034570e+06   1.3000488e+01
   1.0035220e+06   1.3549805e+01
   1.4872570e+06   1.2084961e+01
   1.5309280e+06   1.2268066e+01
   1.5311140e+06   1.1901855e+01
   1.5525360e+06   1.1596680e+01
   1.8697890e+06   1.1657715e+01
   2.2187970e+06   1.1718750e+01
   2.3648030e+06   1.1474609e+01
   2.3648490e+06   1.3305664e+01
   2.3648870e+06   1.2695312e+01
   2.5884070e+06   1.5136719e+01
   3.1010090e+06   1.2207031e+01
   3.1010520e+06   1.3305664e+01
   3.6744290e+06   1.1840820e+01
   3.7138260e+06   1.1596680e+01
   3.8362610e+06   1.1779785e+01
   3.8363770e+06   1.1535645e+01
   4.0043730e+06   1.1596680e+01
   4.4429560e+06   1.1901855e+01
   4.7617520e+06   1.1596680e+01
   4.8217910e+06   1.3122559e+01
   5.1825480e+06   1.1474609e+01
   5.4373840e+06   1.1596680e+01
   5.5099240e+06   1.1962891e+01
