   5.9990000e+06   0.0000000e+00
   1.3818600e+05   1.3549805e+01
   1.3822000e+05   1.3488770e+01
   1.5949800e+05   1.2329102e+01
   2.6515400e+05   1.2145996e+01
   2.6521500e+05   1.2145996e+01
   2.6553200e+05   1.1657715e+01
   3.6160700e+05   1.1596680e+01
   5.6384600e+05   1.2695312e+01
   8.2093800e+05   1.1657715e+01
   8.2098100e+05   1.1840820e+01
   8.2104900e+05   1.2145996e+01
   8.2108000e+05   1.1596680e+01
   9.1310000e+05   1.3366699e+01
   1.0035790e+06   1.2329102e+01
   1.0036280e+06   1.3916016e+01
   1.1426970e+06   1.1962891e+01
   1.1427900e+06   1.3610840e+01
   1.1930850e+06   1.1535645e+01
   1.3433230e+06   1.4343262e+01
   1.5309920e+06   1.2573242e+01
   2.3649170e+06   1.2756348e+01
   2.3649710e+06   1.3366699e+01
   2.3650430e+06   1.1535645e+01
   2.3651460e+06   1.1718750e+01
   2.8503250e+06   1.2756348e+01
   2.8503400e+06   1.1962891e+01
   3.1008890e+06   1.2512207e+01
   3.1009220e+06   1.1840820e+01
   3.1010180e+06   1.2695312e+01
   3.1011730e+06   1.3061523e+01
   3.1013990e+06   1.1840820e+01
   3.6743520e+06   1.3305664e+01
   3.6744280e+06   1.3366699e+01
   4.1962650e+06   1.1657715e+01
   4.3226580e+06   1.3183594e+01
   4.3230630e+06   1.2329102e+01
   4.8217690e+06   1.2329102e+01
   5.9004230e+06   1.2817383e+01
   5.9004530e+06   1.2390137e+01
   5.9004780e+06   1.1657715e+01
