   5.9990000e+06   0.0000000e+00
   1.7340000e+03   1.3366699e+01
   3.5920000e+03   1.2390137e+01
   8.4045000e+04   1.2145996e+01
   9.2990000e+04   1.1901855e+01
   1.3885600e+05   1.1657715e+01
   1.6755600e+05   1.1596680e+01
   2.1125200e+05   1.1535645e+01
   2.3379300e+05   1.1962891e+01
   2.6519700e+05   1.1779785e+01
   3.1024000e+05   1.1962891e+01
   3.2061900e+05   1.2390137e+01
   3.3712800e+05   1.2756348e+01
   3.6288000e+05   1.1840820e+01
   4.9660400e+05   1.1352539e+01
   5.6400800e+05   1.1413574e+01
   5.6425100e+05   1.2207031e+01
   5.6431800e+05   1.2145996e+01
   5.8274700e+05   1.2817383e+01
   7.2261600e+05   1.2451172e+01
   7.4931800e+05   1.1779785e+01
   8.0373700e+05   1.1596680e+01
   8.2103900e+05   1.2512207e+01
   8.2150300e+05   1.1352539e+01
   8.3557900e+05   1.2451172e+01
   8.4270500e+05   1.3000488e+01
   9.1378100e+05   1.3488770e+01
   9.9767000e+05   1.1352539e+01
   1.0035720e+06   1.2512207e+01
   1.0793650e+06   1.4099121e+01
   1.1424140e+06   1.1413574e+01
   1.1427280e+06   1.4038086e+01
   1.1428820e+06   1.5625000e+01
   1.1435030e+06   1.1535645e+01
   1.1706180e+06   1.1657715e+01
   1.1738650e+06   1.4404297e+01
   1.2401620e+06   1.1596680e+01
   1.2450610e+06   1.2023926e+01
   1.3430670e+06   1.2207031e+01
   1.3431050e+06   1.2451172e+01
   1.3431260e+06   1.1474609e+01
   1.3438490e+06   1.3916016e+01
   1.3438970e+06   1.2756348e+01
   1.3970870e+06   1.2084961e+01
   1.3989580e+06   1.1596680e+01
   1.7075080e+06   1.1413574e+01
   1.7415930e+06   1.1657715e+01
   1.7416230e+06   1.2634277e+01
   1.7416520e+06   1.1535645e+01
   1.7418440e+06   1.2756348e+01
   1.7419100e+06   1.2390137e+01
   1.7421560e+06   1.1352539e+01
   1.8540450e+06   1.1352539e+01
   1.9251190e+06   1.2634277e+01
   2.0279610e+06   1.1413574e+01
   2.0792740e+06   1.4221191e+01
   2.2011070e+06   1.1474609e+01
   2.2054140e+06   1.1779785e+01
   2.2111100e+06   1.1901855e+01
   2.2189650e+06   1.1840820e+01
   2.2194150e+06   1.1474609e+01
   2.2195950e+06   1.2451172e+01
   2.2198830e+06   1.2145996e+01
   2.2207330e+06   1.1413574e+01
   2.2432190e+06   1.1657715e+01
   2.2643330e+06   1.3854980e+01
   2.3539470e+06   1.1657715e+01
   2.3648810e+06   1.2023926e+01
   2.3659420e+06   1.1352539e+01
   2.5497860e+06   1.2023926e+01
   2.5527760e+06   1.1901855e+01
   2.5884080e+06   1.4648438e+01
   2.5884710e+06   1.2390137e+01
   2.5887080e+06   1.4038086e+01
   2.5892230e+06   1.2145996e+01
   2.8016340e+06   1.3183594e+01
   2.8114440e+06   1.2695312e+01
   2.8502160e+06   1.1413574e+01
   2.8502490e+06   1.1840820e+01
   2.9127180e+06   1.2023926e+01
   3.1010240e+06   1.3671875e+01
   3.1010720e+06   1.3305664e+01
   3.1012870e+06   1.2390137e+01
   3.1015360e+06   1.3183594e+01
   3.1024640e+06   1.1901855e+01
   3.1451680e+06   1.1657715e+01
   3.1507620e+06   1.1596680e+01
   3.2761030e+06   1.2329102e+01
   3.2800530e+06   1.4709473e+01
   3.6190290e+06   1.1657715e+01
   3.6760210e+06   1.1596680e+01
   3.7179460e+06   1.2329102e+01
   3.8364680e+06   1.1474609e+01
   3.8369340e+06   1.1535645e+01
   3.8369960e+06   1.2756348e+01
   3.8372620e+06   1.1596680e+01
   3.8375460e+06   1.1535645e+01
   3.9688110e+06   1.1413574e+01
   3.9945830e+06   1.1474609e+01
   4.0924200e+06   1.2329102e+01
   4.1048150e+06   1.3488770e+01
   4.1707960e+06   1.2084961e+01
   4.2068310e+06   1.2268066e+01
   4.3080450e+06   1.1779785e+01
   4.3500090e+06   1.1413574e+01
   4.3976170e+06   1.1596680e+01
   4.6057870e+06   1.2329102e+01
   4.6497110e+06   1.1596680e+01
   4.8223050e+06   1.3610840e+01
   4.9438870e+06   1.1596680e+01
   4.9547730e+06   1.1657715e+01
   4.9746130e+06   1.2268066e+01
   4.9747220e+06   1.2268066e+01
   5.0711650e+06   1.1535645e+01
   5.1503910e+06   1.1535645e+01
   5.1842820e+06   1.1474609e+01
   5.2089270e+06   1.1962891e+01
   5.4592560e+06   1.1779785e+01
   5.4949930e+06   1.1840820e+01
   5.6007150e+06   1.2329102e+01
   5.8614520e+06   1.1413574e+01
   5.9032930e+06   1.2329102e+01
