   5.9990000e+06   0.0000000e+00
   2.9814000e+04   1.1352539e+01
   1.3815100e+05   1.2817383e+01
   1.3820200e+05   1.3366699e+01
   1.3835900e+05   1.3061523e+01
   2.6507100e+05   1.3366699e+01
   2.6511800e+05   1.2023926e+01
   5.6388700e+05   1.4160156e+01
   5.6393000e+05   1.2878418e+01
   8.2096000e+05   1.1657715e+01
   8.2100400e+05   1.2695312e+01
   9.1302000e+05   1.3977051e+01
   1.0035160e+06   1.2145996e+01
   1.0035360e+06   1.2023926e+01
   1.0337170e+06   1.2634277e+01
   1.1424510e+06   1.1718750e+01
   1.1425620e+06   1.2023926e+01
   1.1425840e+06   1.6235352e+01
   1.1428510e+06   1.1108398e+01
   1.2087510e+06   1.1413574e+01
   1.3430690e+06   1.3732910e+01
   1.3431060e+06   1.3305664e+01
   1.3432570e+06   1.1108398e+01
   1.3432720e+06   1.1474609e+01
   1.5308580e+06   1.1413574e+01
   1.5308880e+06   1.1352539e+01
   1.5309060e+06   1.1108398e+01
   1.7414720e+06   1.2023926e+01
   1.7415370e+06   1.7333984e+01
   2.2187840e+06   1.1657715e+01
   2.2188060e+06   1.5563965e+01
   2.2188940e+06   1.0925293e+01
   2.3647900e+06   1.1596680e+01
   2.3648430e+06   1.2695312e+01
   2.3648710e+06   1.1596680e+01
   2.5001060e+06   1.0986328e+01
   2.5883880e+06   1.0986328e+01
   2.5884040e+06   1.6906738e+01
   2.8501190e+06   1.2145996e+01
   2.8501730e+06   1.2329102e+01
   2.8501980e+06   1.4892578e+01
   2.8502450e+06   1.4343262e+01
   2.8503030e+06   1.1901855e+01
   3.1010060e+06   1.3977051e+01
   3.1010350e+06   1.1718750e+01
   3.5082200e+06   1.0925293e+01
   3.6743780e+06   1.4343262e+01
   3.6744120e+06   1.6540527e+01
   3.6744500e+06   1.2817383e+01
   3.6744970e+06   1.1474609e+01
   3.8363680e+06   1.3366699e+01
   3.8363910e+06   1.1413574e+01
   4.3225970e+06   1.5930176e+01
   4.3226110e+06   1.1901855e+01
   4.8217110e+06   1.4343262e+01
   4.8217340e+06   1.1718750e+01
   4.8218760e+06   1.0925293e+01
   4.8221450e+06   1.1047363e+01
   4.9745050e+06   1.3183594e+01
   4.9745770e+06   1.2268066e+01
   5.3981150e+06   1.1535645e+01
   5.9005150e+06   1.1474609e+01
   5.9005850e+06   1.1413574e+01
