   5.9990000e+06   0.0000000e+00
   1.2845000e+04   1.3183594e+01
   1.7881000e+04   1.3916016e+01
   2.3822000e+04   1.3610840e+01
   4.3624000e+04   1.5075684e+01
   4.3991000e+04   1.3305664e+01
   4.4389000e+04   1.5075684e+01
   1.8672700e+05   1.3244629e+01
   1.9390300e+05   1.2817383e+01
   2.1697700e+05   1.2634277e+01
   2.6031900e+05   1.2634277e+01
   2.6203100e+05   3.5766602e+01
   2.6205400e+05   1.5747070e+01
   2.6206800e+05   1.5747070e+01
   2.6209800e+05   1.5258789e+01
   2.6211400e+05   1.2939453e+01
   2.6213000e+05   1.5625000e+01
   2.6219400e+05   1.5502930e+01
   2.6239700e+05   1.4526367e+01
   2.6241300e+05   1.2634277e+01
   2.6353000e+05   1.5258789e+01
   2.6377400e+05   1.2939453e+01
   2.6389800e+05   1.4282227e+01
   2.6603200e+05   1.4160156e+01
   2.6613700e+05   1.3671875e+01
   2.6628000e+05   1.2939453e+01
   2.7844400e+05   1.7700195e+01
   2.7861900e+05   1.3244629e+01
   2.7875700e+05   1.3122559e+01
   2.8074200e+05   1.2756348e+01
   2.8096000e+05   1.3061523e+01
   2.8144000e+05   1.2512207e+01
   3.0063100e+05   1.2634277e+01
   3.7159300e+05   1.9714355e+01
   4.0321300e+05   2.1484375e+01
   4.0330300e+05   2.5817871e+01
   4.0334600e+05   1.4160156e+01
   4.0337200e+05   2.7587891e+01
   4.0342600e+05   1.9287109e+01
   4.0343700e+05   1.9653320e+01
   4.0350500e+05   1.3000488e+01
   4.0356900e+05   1.2573242e+01
   4.0363700e+05   1.2878418e+01
   4.0424700e+05   1.2573242e+01
   4.0455500e+05   1.2695312e+01
   4.0471300e+05   1.4526367e+01
   4.0501500e+05   1.6906738e+01
   5.0874200e+05   1.2817383e+01
   5.2546300e+05   1.3244629e+01
   5.2557500e+05   1.7211914e+01
   5.2568900e+05   1.9348145e+01
   5.2579800e+05   1.6296387e+01
   5.2589400e+05   1.3366699e+01
   5.2599800e+05   1.5502930e+01
   5.5099800e+05   1.7944336e+01
   6.3567600e+05   1.3610840e+01
   6.3584000e+05   1.3244629e+01
   6.3595400e+05   1.5319824e+01
   6.3605500e+05   1.8859863e+01
   6.4431500e+05   1.2634277e+01
   6.5987300e+05   1.4343262e+01
   6.7843400e+05   1.2939453e+01
   7.1403400e+05   1.2817383e+01
   7.6833500e+05   1.5808105e+01
   8.1046300e+05   2.6611328e+01
   8.5350600e+05   2.4902344e+01
   8.8740900e+05   2.6000977e+01
   9.1787200e+05   1.2817383e+01
   9.5857900e+05   1.2817383e+01
   9.6829300e+05   1.3610840e+01
   9.7270700e+05   1.2756348e+01
   1.0575760e+06   1.3549805e+01
   1.1520800e+06   1.7150879e+01
   1.1521740e+06   1.4526367e+01
   1.1522660e+06   1.6296387e+01
   1.1523610e+06   1.3854980e+01
   1.1525420e+06   1.3854980e+01
   1.1526320e+06   1.2817383e+01
   1.1527200e+06   1.3549805e+01
   1.1772550e+06   1.2695312e+01
   1.1969220e+06   1.2573242e+01
   1.1983900e+06   1.2512207e+01
   1.2608340e+06   1.5319824e+01
   1.2609560e+06   1.5625000e+01
   1.2610910e+06   1.6540527e+01
   1.2612460e+06   1.5075684e+01
   1.2613570e+06   1.5563965e+01
   1.3558280e+06   1.2817383e+01
   1.3577890e+06   2.9846191e+01
   1.3578170e+06   2.3986816e+01
   1.3578510e+06   2.1850586e+01
   1.3578620e+06   1.4892578e+01
   1.3579010e+06   1.6906738e+01
   1.3579130e+06   2.7404785e+01
   1.3579560e+06   1.4526367e+01
   1.3579660e+06   1.5625000e+01
   1.3579770e+06   1.8249512e+01
   1.3580150e+06   1.6418457e+01
   1.3697320e+06   1.6113281e+01
   1.3702530e+06   1.3061523e+01
   1.3704470e+06   1.3122559e+01
   1.3724720e+06   1.2939453e+01
   1.4415070e+06   1.6662598e+01
   1.4415650e+06   1.5319824e+01
   1.4416000e+06   1.5502930e+01
   1.4416750e+06   1.5563965e+01
   1.4417000e+06   2.2949219e+01
   1.4417420e+06   1.5502930e+01
   1.4417590e+06   1.4831543e+01
   1.4417790e+06   1.3793945e+01
   1.4417900e+06   1.2634277e+01
   1.4418430e+06   1.5563965e+01
   1.4419090e+06   1.2878418e+01
   1.4420850e+06   1.8432617e+01
   1.4422200e+06   1.5869141e+01
   1.4437210e+06   1.3305664e+01
   1.4448460e+06   1.4099121e+01
   1.5072060e+06   1.7150879e+01
   1.5073250e+06   1.5441895e+01
   1.5073660e+06   1.5197754e+01
   1.5075230e+06   1.7333984e+01
   1.5076640e+06   1.5747070e+01
   1.5077240e+06   1.3244629e+01
   1.5077740e+06   1.3732910e+01
   1.5079550e+06   1.2573242e+01
   1.5080070e+06   1.2817383e+01
   1.5081610e+06   1.4282227e+01
   1.5220090e+06   1.2573242e+01
   1.7375780e+06   1.3000488e+01
   1.8071210e+06   1.7456055e+01
   1.8074030e+06   1.3488770e+01
   1.8095860e+06   1.3244629e+01
   1.8517790e+06   2.9541016e+01
   1.8518460e+06   2.4719238e+01
   1.8518580e+06   1.2878418e+01
   1.8519110e+06   1.3183594e+01
   1.8519320e+06   1.8676758e+01
   1.8519860e+06   1.2756348e+01
   1.8520630e+06   1.6967773e+01
   1.8521770e+06   1.2817383e+01
   1.8523300e+06   1.3183594e+01
   1.8527990e+06   1.2695312e+01
   1.8529450e+06   1.3916016e+01
   1.8675310e+06   1.7578125e+01
   1.8682530e+06   1.4587402e+01
   1.9442450e+06   1.4953613e+01
   1.9838250e+06   1.2512207e+01
   2.0112900e+06   2.1789551e+01
   2.0113110e+06   2.1179199e+01
   2.0113270e+06   1.2695313e+01
   2.0113490e+06   2.5817871e+01
   2.0113600e+06   1.4160156e+01
   2.0114020e+06   1.9531250e+01
   2.0114240e+06   1.9104004e+01
   2.0114370e+06   1.5747070e+01
   2.0114850e+06   1.5136719e+01
   2.0115390e+06   1.4526367e+01
   2.0115580e+06   1.5197754e+01
   2.0116330e+06   1.9226074e+01
   2.0116860e+06   1.3061523e+01
   2.0119840e+06   1.3061523e+01
   2.0135400e+06   1.3305664e+01
   2.0137360e+06   1.4160156e+01
   2.0170770e+06   1.9958496e+01
   2.0172640e+06   1.7333984e+01
   2.0178110e+06   2.1545410e+01
   2.0231230e+06   1.8676758e+01
   2.0232730e+06   1.2939453e+01
   2.0234080e+06   1.3183594e+01
   2.0234450e+06   1.2756348e+01
   2.0236630e+06   1.5441895e+01
   2.0238120e+06   1.2939453e+01
   2.0240560e+06   1.3183594e+01
   2.0246160e+06   1.4770508e+01
   2.0253140e+06   1.2817383e+01
   2.0665150e+06   1.3854980e+01
   2.0929880e+06   1.6479492e+01
   2.0930100e+06   1.8737793e+01
   2.0932960e+06   1.5502930e+01
   2.0936580e+06   1.5625000e+01
   2.1500150e+06   1.5563965e+01
   2.2313900e+06   1.5502930e+01
   2.3486570e+06   1.3122559e+01
   2.3487930e+06   2.3376465e+01
   2.3488420e+06   1.2695312e+01
   2.3488630e+06   1.8859863e+01
   2.3488970e+06   1.8188477e+01
   2.3489360e+06   1.8493652e+01
   2.3489670e+06   1.3305664e+01
   2.3490010e+06   1.3122559e+01
   2.3490600e+06   1.8737793e+01
   2.3490780e+06   1.4221191e+01
   2.3491510e+06   1.4038086e+01
   2.3492320e+06   1.4343262e+01
   2.3497290e+06   1.2756348e+01
   2.3498740e+06   1.5441895e+01
   2.3510660e+06   2.0874023e+01
   2.3928770e+06   1.2573242e+01
   2.4219660e+06   1.5380859e+01
   2.4221580e+06   1.4892578e+01
   2.4223230e+06   1.5686035e+01
   2.4432920e+06   1.2634277e+01
   2.5808550e+06   1.2512207e+01
   2.6299860e+06   2.0507812e+01
   2.7437040e+06   1.2512207e+01
   2.7444280e+06   1.6906738e+01
   2.8414350e+06   1.2756348e+01
   2.8980710e+06   1.5197754e+01
   2.9287450e+06   1.8493652e+01
   2.9913170e+06   1.2756348e+01
   3.1200760e+06   1.2512207e+01
   3.1768220e+06   1.8981934e+01
   3.1768590e+06   2.3071289e+01
   3.1768860e+06   1.2878418e+01
   3.1769080e+06   1.8676758e+01
   3.1769230e+06   1.2878418e+01
   3.1769670e+06   1.5014648e+01
   3.1770820e+06   2.6794434e+01
   3.1801720e+06   1.7883301e+01
   3.1811930e+06   1.6967773e+01
   3.1813440e+06   1.4221191e+01
   3.1814810e+06   1.6296387e+01
   3.1816390e+06   1.4892578e+01
   3.2307060e+06   1.3549805e+01
   3.2586040e+06   1.7822266e+01
   3.2587770e+06   2.1728516e+01
   3.2589100e+06   1.6784668e+01
   3.2589740e+06   1.3366699e+01
   3.2591450e+06   1.2695312e+01
   3.2594070e+06   1.2634277e+01
   3.2595340e+06   1.2878418e+01
   3.2596670e+06   1.3061523e+01
   3.3040390e+06   1.9226074e+01
   3.3041480e+06   1.4099121e+01
   3.3045390e+06   1.7578125e+01
   3.3052850e+06   1.3610840e+01
   3.3134430e+06   1.3000488e+01
   3.3386930e+06   1.6540527e+01
   3.3455850e+06   1.3732910e+01
   3.4001540e+06   1.2695312e+01
   3.4002410e+06   1.2878418e+01
   3.4402540e+06   1.2878418e+01
   3.4673950e+06   1.7333984e+01
   3.6051640e+06   2.1728516e+01
   3.6051890e+06   3.1860352e+01
   3.6052310e+06   2.8259277e+01
   3.6052520e+06   1.3061523e+01
   3.6052850e+06   1.6845703e+01
   3.6053060e+06   1.4526367e+01
   3.6053420e+06   1.2695312e+01
   3.6053600e+06   1.3671875e+01
   3.6053960e+06   1.4526367e+01
   3.6054150e+06   1.4526367e+01
   3.6054910e+06   1.8493652e+01
   3.6056070e+06   1.9897461e+01
   3.6057430e+06   1.4343262e+01
   3.6201640e+06   1.7028809e+01
   3.6202010e+06   2.8808594e+01
   3.6202130e+06   2.0507812e+01
   3.6202440e+06   1.7517090e+01
   3.6202730e+06   1.4160156e+01
   3.6202890e+06   1.6418457e+01
   3.6203670e+06   1.2512207e+01
   3.6209390e+06   1.4526367e+01
   3.6210930e+06   1.3854980e+01
   3.6243900e+06   1.2634277e+01
   3.6246700e+06   1.3854980e+01
   3.6249150e+06   1.3854980e+01
   3.6250940e+06   1.3244629e+01
   3.7276870e+06   1.4709473e+01
   3.7277000e+06   1.7089844e+01
   3.7277100e+06   1.8127441e+01
   3.7277350e+06   1.3061523e+01
   3.7277450e+06   1.2939453e+01
   3.7277630e+06   1.4099121e+01
   3.7277810e+06   1.5563965e+01
   3.7278130e+06   1.4038086e+01
   3.7282950e+06   1.2512207e+01
   3.7334260e+06   1.9958496e+01
   3.7392180e+06   1.2817383e+01
   3.8230250e+06   1.7150879e+01
   3.8231240e+06   1.8859863e+01
   3.8231420e+06   1.3305664e+01
   3.8233410e+06   1.5197754e+01
   3.8233710e+06   1.3916016e+01
   3.8235640e+06   2.2644043e+01
   3.8237820e+06   1.3122559e+01
   3.8240420e+06   1.4892578e+01
   3.8243460e+06   1.2939453e+01
   3.8563090e+06   1.5869141e+01
   3.8564090e+06   1.2817383e+01
   3.8564900e+06   1.4282227e+01
   3.8568150e+06   2.1240234e+01
   3.8568630e+06   1.8066406e+01
   3.8571070e+06   2.3132324e+01
   3.8574680e+06   1.4160156e+01
   3.8723110e+06   1.2512207e+01
   3.8935800e+06   1.6723633e+01
   3.8940610e+06   1.3244629e+01
   3.8942900e+06   1.6723633e+01
   3.9380610e+06   1.7028809e+01
   3.9637600e+06   1.3366699e+01
   3.9870100e+06   2.2216797e+01
   3.9870290e+06   1.5625000e+01
   3.9870500e+06   1.8432617e+01
   3.9870760e+06   1.5808105e+01
   3.9870980e+06   2.2338867e+01
   3.9871110e+06   1.8737793e+01
   3.9871450e+06   1.6296387e+01
   3.9871700e+06   1.5380859e+01
   3.9871850e+06   1.9042969e+01
   3.9872040e+06   1.6113281e+01
   3.9872850e+06   2.0874023e+01
   3.9874620e+06   1.5991211e+01
   3.9876710e+06   1.3305664e+01
   3.9983090e+06   1.7578125e+01
   3.9987070e+06   1.3122559e+01
   3.9987890e+06   1.5747070e+01
   3.9988370e+06   1.3488770e+01
   3.9988690e+06   1.3916016e+01
   3.9989700e+06   1.8798828e+01
   3.9992450e+06   1.5441895e+01
   3.9994130e+06   1.3427734e+01
   3.9998290e+06   1.4953613e+01
   4.0007680e+06   1.4587402e+01
   4.0648490e+06   1.8005371e+01
   4.0648930e+06   1.9714355e+01
   4.0649040e+06   1.7150879e+01
   4.0649510e+06   2.3620605e+01
   4.0649630e+06   1.7639160e+01
   4.0649770e+06   1.4465332e+01
   4.0650030e+06   1.3916016e+01
   4.0650150e+06   1.2878418e+01
   4.0650380e+06   1.7395020e+01
   4.0650920e+06   2.0019531e+01
   4.0651600e+06   1.5625000e+01
   4.0653430e+06   1.2512207e+01
   4.0679850e+06   1.3427734e+01
   4.0681490e+06   1.5563965e+01
   4.0682760e+06   1.5441895e+01
   4.0684020e+06   1.2573242e+01
   4.0703620e+06   1.7089844e+01
   4.1853140e+06   1.8920898e+01
   4.1853250e+06   2.0996094e+01
   4.1853920e+06   1.8493652e+01
   4.1854130e+06   2.7648926e+01
   4.1854700e+06   2.6062012e+01
   4.1855230e+06   2.0324707e+01
   4.1855940e+06   1.9348145e+01
   4.1856520e+06   1.5991211e+01
   4.1858000e+06   1.6540527e+01
   4.1890190e+06   1.6174316e+01
   4.2508500e+06   1.2634277e+01
   4.2529200e+06   1.4648438e+01
   4.2529380e+06   2.2583008e+01
   4.2529620e+06   2.1545410e+01
   4.2529930e+06   1.9042969e+01
   4.2530140e+06   2.7343750e+01
   4.2530530e+06   1.2512207e+01
   4.2530650e+06   1.2878418e+01
   4.2531020e+06   1.7700195e+01
   4.2531330e+06   1.7089844e+01
   4.2531470e+06   1.6357422e+01
   4.2531760e+06   1.4587402e+01
   4.2532020e+06   1.2756348e+01
   4.2532980e+06   1.4099121e+01
   4.2533810e+06   1.4221191e+01
   4.2544670e+06   1.2634277e+01
   4.2549030e+06   1.3732910e+01
   4.3586810e+06   1.5441895e+01
   4.3586990e+06   1.4587402e+01
   4.3587490e+06   2.1484375e+01
   4.3587710e+06   2.7526855e+01
   4.3587870e+06   1.4282227e+01
   4.3587980e+06   1.4953613e+01
   4.3588220e+06   2.2521973e+01
   4.3588750e+06   1.4099121e+01
   4.3588950e+06   2.2583008e+01
   4.3589920e+06   1.4404297e+01
   4.3590080e+06   1.3061523e+01
   4.3590880e+06   1.6906738e+01
   4.3603460e+06   1.5747070e+01
   4.3728610e+06   1.2695312e+01
   4.4573730e+06   1.3366699e+01
   4.5033880e+06   1.6479492e+01
   4.5034150e+06   1.3549805e+01
   4.5034260e+06   2.3559570e+01
   4.5034590e+06   1.3122559e+01
   4.5034870e+06   1.7333984e+01
   4.5035130e+06   1.5075684e+01
   4.5035590e+06   1.5808105e+01
   4.5035690e+06   1.4221191e+01
   4.5037470e+06   1.3366699e+01
   4.5039450e+06   1.4587402e+01
   4.5047230e+06   1.4709473e+01
   4.5048310e+06   1.6052246e+01
   4.5315920e+06   1.3549805e+01
   4.5873980e+06   1.9226074e+01
   4.5874640e+06   1.3916016e+01
   4.5875470e+06   1.4526367e+01
   4.5876500e+06   1.3854980e+01
   4.5877790e+06   1.6723633e+01
   4.5879010e+06   1.2573242e+01
   4.5879890e+06   1.4587402e+01
   4.5880840e+06   1.3427734e+01
   4.5881830e+06   1.4770508e+01
   4.5883410e+06   1.5319824e+01
   4.5884920e+06   1.2939453e+01
   4.6054080e+06   1.6906738e+01
   4.6056630e+06   1.2817383e+01
   4.6059050e+06   1.4404297e+01
   4.6642930e+06   1.4953613e+01
   4.6643350e+06   1.3732910e+01
   4.6644830e+06   1.6906738e+01
   4.6650510e+06   1.5808105e+01
   4.6652370e+06   1.2573242e+01
   4.6653860e+06   1.5258789e+01
   4.6655260e+06   1.4404297e+01
   4.6890950e+06   1.7272949e+01
   4.7309980e+06   1.2695312e+01
   4.7735380e+06   1.2634277e+01
   4.7920000e+06   1.2756348e+01
   4.7923150e+06   1.6113281e+01
   4.7925220e+06   1.4038086e+01
   4.7926550e+06   1.6662598e+01
   4.9160900e+06   1.2695312e+01
   5.1143040e+06   1.2756348e+01
   5.1388680e+06   1.3000488e+01
   5.1724350e+06   1.9348145e+01
   5.3512230e+06   1.2634277e+01
   5.3527910e+06   1.2512207e+01
   5.5218140e+06   2.0812988e+01
   5.6951400e+06   1.8066406e+01
   5.7145670e+06   1.3549805e+01
   5.7263060e+06   1.8249512e+01
   5.7263410e+06   2.0935059e+01
   5.7263580e+06   2.6062012e+01
   5.7263930e+06   1.4892578e+01
   5.7264140e+06   2.4169922e+01
   5.7264540e+06   1.7883301e+01
   5.7264690e+06   1.3671875e+01
   5.7265060e+06   1.2634277e+01
   5.7279630e+06   1.5014648e+01
   5.7280850e+06   1.3061523e+01
   5.7281850e+06   1.3061523e+01
   5.7282780e+06   1.3671875e+01
   5.7285400e+06   1.4221191e+01
   5.7287250e+06   1.3305664e+01
   5.7288280e+06   1.4282227e+01
   5.7289570e+06   1.3366699e+01
   5.7298700e+06   1.2573242e+01
   5.7300310e+06   1.2817383e+01
   5.7313070e+06   1.7272949e+01
   5.8118140e+06   1.5502930e+01
   5.8131450e+06   2.0324707e+01
   5.8132510e+06   1.4770508e+01
   5.8134850e+06   1.5075684e+01
   5.8137110e+06   1.4465332e+01
   5.8139130e+06   1.4099121e+01
   5.8443820e+06   1.8005371e+01
   5.8444030e+06   1.2451172e+01
   5.8444350e+06   1.4526367e+01
   5.8444450e+06   1.8493652e+01
   5.8444740e+06   1.6418457e+01
   5.8444940e+06   2.0446777e+01
   5.8445350e+06   2.6367188e+01
   5.8445460e+06   1.3977051e+01
   5.8445690e+06   1.6052246e+01
   5.8445970e+06   1.7944336e+01
   5.8446580e+06   1.5991211e+01
   5.8447520e+06   1.3000488e+01
   5.8448760e+06   1.6723633e+01
   5.8462920e+06   1.3977051e+01
   5.8471840e+06   1.3000488e+01
   5.8473570e+06   1.3610840e+01
   5.8505630e+06   1.6418457e+01
   5.9333950e+06   1.2451172e+01
   5.9397850e+06   1.2634277e+01
   5.9399640e+06   1.6052246e+01
   5.9400320e+06   2.0202637e+01
   5.9400810e+06   1.6906738e+01
   5.9402000e+06   1.5441895e+01
   5.9402380e+06   1.3671875e+01
   5.9402760e+06   2.5756836e+01
   5.9403490e+06   2.4230957e+01
   5.9404140e+06   1.4343262e+01
   5.9404340e+06   1.3854980e+01
   5.9405260e+06   2.0812988e+01
   5.9530410e+06   1.3061523e+01
