   5.9990000e+06   0.0000000e+00
   9.1340000e+03   2.9113770e+01
   1.2938000e+04   2.8747559e+01
   1.7910000e+04   3.0151367e+01
   1.8339000e+04   2.8564453e+01
   2.0838000e+04   2.8320312e+01
   2.1183000e+04   2.9235840e+01
   3.2759000e+04   3.1494141e+01
   4.5140000e+04   2.8259277e+01
   4.6807000e+04   2.8320312e+01
   5.0886000e+04   2.8320312e+01
   5.3438000e+04   2.8381348e+01
   6.5741000e+04   2.8869629e+01
   6.9171000e+04   2.9113770e+01
   7.0239000e+04   3.2592773e+01
   7.1562000e+04   3.0090332e+01
   7.2212000e+04   3.1250000e+01
   7.3924000e+04   3.4118652e+01
   8.3772000e+04   2.9296875e+01
   8.8202000e+04   3.3203125e+01
   8.9208000e+04   2.9113770e+01
   8.9694000e+04   2.9113770e+01
   9.0955000e+04   2.9418945e+01
   9.1937000e+04   2.9357910e+01
   9.8174000e+04   3.3203125e+01
   9.8817000e+04   2.8198242e+01
   9.9867000e+04   2.8381348e+01
   1.0526400e+05   2.8503418e+01
   1.0695200e+05   2.8198242e+01
   1.1168400e+05   2.8686523e+01
   1.2040700e+05   3.0273438e+01
   1.2067200e+05   2.9541016e+01
   1.2072700e+05   2.8930664e+01
   1.2083400e+05   2.9663086e+01
   1.2691400e+05   2.8991699e+01
   1.2871500e+05   2.8259277e+01
   1.3021400e+05   2.9785156e+01
   1.3185600e+05   3.0212402e+01
   1.3212200e+05   2.8625488e+01
   1.3762200e+05   2.9418945e+01
   1.4011900e+05   2.8198242e+01
   1.4095100e+05   2.8503418e+01
   1.4920900e+05   2.9174805e+01
   1.5041300e+05   2.8259277e+01
   1.5277500e+05   2.8686523e+01
   1.5297600e+05   2.9052734e+01
   1.5366600e+05   2.9968262e+01
   1.5533200e+05   2.9052734e+01
   1.6621800e+05   3.3325195e+01
   1.6752500e+05   2.8564453e+01
   1.6887600e+05   3.1738281e+01
   1.7004500e+05   3.2409668e+01
   1.7005600e+05   2.8198242e+01
   1.7271200e+05   2.8198242e+01
   1.7373200e+05   2.9113770e+01
   1.7739800e+05   2.8442383e+01
   1.8281400e+05   2.9724121e+01
   1.8397100e+05   2.9846191e+01
   1.8976700e+05   2.8991699e+01
   1.9013200e+05   2.8625488e+01
   1.9805000e+05   2.8259277e+01
   2.0000400e+05   2.8442383e+01
   2.0063700e+05   2.9479980e+01
   2.1507100e+05   2.9174805e+01
   2.1608900e+05   2.8442383e+01
   3.4218100e+05   3.1311035e+01
   3.4455200e+05   2.9174805e+01
   4.4230600e+05   2.8808594e+01
   5.2835100e+05   3.0151367e+01
   5.3431100e+05   2.9846191e+01
   7.0175200e+05   2.8503418e+01
   7.0232300e+05   2.8930664e+01
   7.2801900e+05   2.8747559e+01
   7.3642900e+05   2.8320312e+01
   7.5002500e+05   2.8564453e+01
   7.5589200e+05   2.8442383e+01
   7.6259300e+05   2.9052734e+01
   7.6540200e+05   2.8198242e+01
   7.7451700e+05   2.8320312e+01
   7.7871100e+05   3.0029297e+01
   7.8603300e+05   3.0700684e+01
   7.9328000e+05   2.8320312e+01
   7.9362800e+05   2.8930664e+01
   7.9388100e+05   3.1616211e+01
   7.9621000e+05   2.8259277e+01
   7.9798200e+05   2.8320312e+01
   7.9987800e+05   3.1188965e+01
   8.0527800e+05   2.8686523e+01
   8.0759500e+05   3.1005859e+01
   8.1153600e+05   3.0700684e+01
   8.1628600e+05   2.8869629e+01
   8.1654200e+05   2.8198242e+01
   8.2454500e+05   3.1066895e+01
   8.5298400e+05   2.8198242e+01
   8.5480300e+05   2.8381348e+01
   8.5553300e+05   3.2836914e+01
   8.6035300e+05   2.9113770e+01
   8.6222200e+05   3.0395508e+01
   8.6569800e+05   2.9541016e+01
   8.7003200e+05   2.9907227e+01
   8.7089400e+05   2.8259277e+01
   8.7168900e+05   2.9113770e+01
   8.7317500e+05   2.8442383e+01
   8.7355500e+05   3.1433105e+01
   8.7540000e+05   2.8320312e+01
   8.7855400e+05   2.9968262e+01
   8.8131900e+05   2.9602051e+01
   8.8140900e+05   3.0029297e+01
   8.8622500e+05   2.9541016e+01
   8.8810400e+05   3.8757324e+01
   8.8939200e+05   2.9541016e+01
   8.9177200e+05   2.9113770e+01
   8.9466300e+05   2.8747559e+01
   8.9707600e+05   3.1494141e+01
   8.9765200e+05   2.9052734e+01
   8.9852400e+05   2.8503418e+01
   9.0099200e+05   2.9418945e+01
   9.0240200e+05   3.1250000e+01
   9.0261600e+05   2.8564453e+01
   9.0273400e+05   2.8320312e+01
   9.0376300e+05   2.9541016e+01
   9.0738400e+05   2.9052734e+01
   9.1271500e+05   3.1127930e+01
   9.1524000e+05   2.8259277e+01
   9.1633100e+05   2.8198242e+01
   9.1635300e+05   3.0883789e+01
   9.1702400e+05   2.8625488e+01
   9.1734700e+05   2.8198242e+01
   9.1907100e+05   2.9968262e+01
   9.1948700e+05   2.8869629e+01
   9.2279400e+05   3.0761719e+01
   9.2313400e+05   2.9785156e+01
   9.2358700e+05   3.0334473e+01
   9.2501300e+05   2.9968262e+01
   9.2953600e+05   2.9052734e+01
   9.3662500e+05   2.8259277e+01
   9.4719600e+05   2.8991699e+01
   9.4842700e+05   3.0456543e+01
   9.5296900e+05   2.8869629e+01
   9.5305400e+05   2.9357910e+01
   9.5626000e+05   2.8991699e+01
   9.6127100e+05   3.1005859e+01
   9.6215300e+05   3.0456543e+01
   9.6419200e+05   3.2165527e+01
   9.8313300e+05   2.9357910e+01
   9.9384900e+05   2.8625488e+01
   9.9919800e+05   2.8320312e+01
   1.0057260e+06   2.8869629e+01
   1.0246450e+06   2.8503418e+01
   1.0267410e+06   2.9724121e+01
   1.0378350e+06   3.0029297e+01
   1.0410040e+06   2.8503418e+01
   1.0423750e+06   2.8869629e+01
   1.0462870e+06   2.9296875e+01
   1.0464560e+06   3.2653809e+01
   1.0566540e+06   3.0822754e+01
   1.0617240e+06   2.9968262e+01
   1.0688330e+06   2.8381348e+01
   1.0948730e+06   2.8198242e+01
   1.1064330e+06   2.8686523e+01
   1.1108550e+06   2.8686523e+01
   1.1350300e+06   2.8869629e+01
   1.1479480e+06   3.0273438e+01
   1.1545800e+06   3.1982422e+01
   1.1600860e+06   2.9724121e+01
   1.1980390e+06   2.8381348e+01
   1.2255220e+06   3.4484863e+01
   1.2523030e+06   2.8930664e+01
   1.2734150e+06   2.9663086e+01
   1.2817600e+06   3.0578613e+01
   1.3255460e+06   2.9479980e+01
   1.3400940e+06   2.8198242e+01
   1.3404250e+06   2.8259277e+01
   1.3408850e+06   3.0883789e+01
   1.3492830e+06   2.8503418e+01
   1.3512870e+06   2.8442383e+01
   1.4094080e+06   2.9479980e+01
   1.4252150e+06   2.9235840e+01
   1.4299400e+06   2.8686523e+01
   1.4566010e+06   2.9479980e+01
   1.5257470e+06   2.9174805e+01
   1.5935950e+06   2.8198242e+01
   1.5936490e+06   2.9724121e+01
   1.9782920e+06   3.0456543e+01
   2.0598280e+06   2.8320312e+01
   2.0631230e+06   2.8991699e+01
   2.0747330e+06   2.8686523e+01
   2.0759860e+06   3.0822754e+01
   2.1038990e+06   2.8747559e+01
   2.4307190e+06   3.1127930e+01
   2.4343970e+06   2.8381348e+01
   2.4602490e+06   2.8198242e+01
   2.5805290e+06   2.8564453e+01
   2.6758810e+06   2.8503418e+01
   2.7021030e+06   2.9052734e+01
   2.7093850e+06   2.8625488e+01
   2.7142710e+06   2.8625488e+01
   2.7531550e+06   2.8259277e+01
   2.7595380e+06   2.9663086e+01
   2.7598890e+06   2.8625488e+01
   2.7691940e+06   3.2531738e+01
   2.7831720e+06   2.8198242e+01
   2.7904000e+06   2.8259277e+01
   2.8262440e+06   2.8381348e+01
   2.8325070e+06   2.9602051e+01
   3.1039230e+06   2.6184082e+01
   3.1234990e+06   2.6977539e+01
   3.3983130e+06   2.6306152e+01
   3.5263620e+06   2.5939941e+01
   3.5435420e+06   2.6489258e+01
   3.5489530e+06   2.7099609e+01
   3.5608290e+06   2.6123047e+01
   3.5663640e+06   2.6733398e+01
   3.5784400e+06   2.6489258e+01
   3.5884890e+06   2.6977539e+01
   3.6013890e+06   2.7160645e+01
   3.6246300e+06   2.7038574e+01
   3.6278710e+06   2.7038574e+01
   3.6290260e+06   2.8137207e+01
   3.6362540e+06   2.6245117e+01
   3.6379100e+06   2.6123047e+01
   3.6388130e+06   2.6794434e+01
   3.6394730e+06   2.6245117e+01
   3.6397610e+06   2.6306152e+01
   3.6470970e+06   2.7099609e+01
   3.6516620e+06   2.6916504e+01
   3.6534450e+06   2.6306152e+01
   3.6535330e+06   2.6672363e+01
   3.6586630e+06   2.6733398e+01
   3.6631040e+06   3.1616211e+01
   3.6641780e+06   2.6550293e+01
   3.6649930e+06   2.6550293e+01
   3.6676370e+06   2.5939941e+01
   3.6720750e+06   2.7343750e+01
   3.6742180e+06   2.6000977e+01
   3.6746220e+06   2.9602051e+01
   3.6882160e+06   2.5939941e+01
   3.6905910e+06   2.8198242e+01
   3.6981360e+06   2.7587891e+01
   3.7112360e+06   2.6123047e+01
   3.7120120e+06   2.6855469e+01
   3.7135200e+06   2.7221680e+01
   3.7150740e+06   2.7343750e+01
   3.7154370e+06   2.7709961e+01
   3.7208030e+06   2.6916504e+01
   3.7274050e+06   2.7893066e+01
   3.7274390e+06   2.6428223e+01
   3.7308390e+06   2.7099609e+01
   3.7314800e+06   2.6062012e+01
   3.7351340e+06   2.6428223e+01
   3.7407570e+06   2.6977539e+01
   3.7446560e+06   2.6794434e+01
   3.7504970e+06   2.7648926e+01
   3.7508980e+06   2.6916504e+01
   3.7545180e+06   2.7160645e+01
   3.7545780e+06   2.6367188e+01
   3.7578690e+06   2.6550293e+01
   3.7741070e+06   2.6550293e+01
   3.7752540e+06   2.6428223e+01
   3.7875190e+06   2.6306152e+01
   3.7958420e+06   2.7526855e+01
   3.7991060e+06   2.6367188e+01
   3.8002200e+06   2.8015137e+01
   3.8014240e+06   2.7404785e+01
   3.8021230e+06   2.8442383e+01
   3.8048160e+06   2.7526855e+01
   3.8056700e+06   2.7343750e+01
   3.8067730e+06   2.6916504e+01
   3.8125940e+06   2.6306152e+01
   3.8145360e+06   2.7465820e+01
   3.8247170e+06   2.6855469e+01
   3.8292580e+06   2.7343750e+01
   3.8379140e+06   2.6245117e+01
   3.8540110e+06   2.6184082e+01
   3.8550500e+06   2.6306152e+01
   3.8653900e+06   2.6550293e+01
   3.8774840e+06   2.6794434e+01
   3.8795000e+06   2.6367188e+01
   3.9069440e+06   2.7465820e+01
   3.9486630e+06   2.8320313e+01
   3.9657320e+06   2.6428223e+01
   3.9711280e+06   2.5939941e+01
   3.9853660e+06   2.6794434e+01
   4.0000170e+06   2.5939941e+01
   4.0057940e+06   2.6306152e+01
   4.0282960e+06   2.6916504e+01
   4.0439510e+06   2.9113770e+01
   4.0705130e+06   2.6062012e+01
   4.0838330e+06   2.6000977e+01
   4.0892910e+06   2.7526855e+01
   4.0923090e+06   2.7832031e+01
   4.0923730e+06   2.6611328e+01
   4.0978960e+06   2.8198242e+01
   4.1460630e+06   2.6367188e+01
   4.1659260e+06   2.7709961e+01
   4.1811990e+06   2.8686523e+01
   4.1841160e+06   2.5939941e+01
   4.1846840e+06   2.6428223e+01
   4.1869150e+06   2.8198242e+01
   4.2154930e+06   2.8808594e+01
   4.2220650e+06   2.6672363e+01
   4.2240790e+06   2.7954102e+01
   4.2263210e+06   3.2165527e+01
   4.2318270e+06   2.6306152e+01
   4.2380790e+06   2.6428223e+01
   4.2414360e+06   2.7038574e+01
   4.2513960e+06   2.7526855e+01
   4.2540740e+06   2.6794434e+01
   4.2602510e+06   2.6367187e+01
   4.2629580e+06   2.6184082e+01
   4.2637010e+06   2.6000977e+01
   4.2742590e+06   2.6794434e+01
   4.2774810e+06   2.6733398e+01
   4.2806800e+06   2.6794434e+01
   4.2922960e+06   2.7160645e+01
   4.3107360e+06   2.6123047e+01
   4.3121330e+06   2.6489258e+01
   4.3260520e+06   2.6672363e+01
   4.3481940e+06   2.6123047e+01
   4.3646380e+06   2.7038574e+01
   4.3708470e+06   2.6184082e+01
   4.3860040e+06   2.6916504e+01
   4.9321000e+06   2.6794434e+01
   5.0488150e+06   2.6794434e+01
   5.1503410e+06   2.7648926e+01
   5.2183970e+06   2.6062012e+01
   5.4390020e+06   2.5939941e+01
   5.4906120e+06   2.6367187e+01
   5.5193460e+06   2.7221680e+01
   5.5288670e+06   2.6245117e+01
   5.5327180e+06   2.6123047e+01
   5.5463290e+06   2.6367188e+01
   5.5770700e+06   2.6733398e+01
   5.5812790e+06   2.6000977e+01
   5.6283500e+06   2.7526855e+01
   5.6321140e+06   2.6733398e+01
   5.6453350e+06   2.6794434e+01
   5.6517590e+06   2.6672363e+01
   5.6556550e+06   2.6367188e+01
   5.6579340e+06   2.7709961e+01
   5.6740270e+06   2.6062012e+01
   5.7153580e+06   2.6123047e+01
   5.8005890e+06   2.8808594e+01
   5.8470510e+06   2.6367188e+01
   5.8620580e+06   2.6916504e+01
   5.8621470e+06   2.7526855e+01
   5.8854140e+06   2.6733398e+01
   5.9557820e+06   2.6245117e+01
   5.9638070e+06   2.6489258e+01
   5.9868630e+06   2.6000977e+01
