   5.9990000e+06   0.0000000e+00
   4.3788000e+04   1.1962891e+01
   2.3616100e+05   1.3122559e+01
   2.6198500e+05   1.2084961e+01
   2.6204400e+05   2.3010254e+01
   2.6209100e+05   1.3671875e+01
   2.6224400e+05   1.2634277e+01
   4.0330300e+05   1.1962891e+01
   6.6263300e+05   1.2451172e+01
   1.2603970e+06   1.2939453e+01
   1.3578070e+06   1.8859863e+01
   1.3579050e+06   1.7028809e+01
   1.3960700e+06   1.2390137e+01
   1.4417010e+06   1.4404297e+01
   1.4417980e+06   1.3122559e+01
   1.7788300e+06   1.2512207e+01
   1.8518650e+06   1.4831543e+01
   1.8519500e+06   1.2390137e+01
   1.9444250e+06   1.2207031e+01
   2.0113020e+06   1.3366699e+01
   2.0113640e+06   1.5258789e+01
   2.3488490e+06   1.2023926e+01
   2.3489550e+06   1.4831543e+01
   2.5475540e+06   1.2390137e+01
   2.9522100e+06   1.2207031e+01
   3.1769030e+06   1.2634277e+01
   3.1769670e+06   1.3061523e+01
   3.6051860e+06   1.6052246e+01
   3.6052350e+06   1.2695312e+01
   3.6101180e+06   1.2268066e+01
   3.6202130e+06   1.3244629e+01
   3.7276850e+06   1.4404297e+01
   3.8177040e+06   1.3122559e+01
   3.8233720e+06   1.2084961e+01
   3.9870300e+06   1.2512207e+01
   4.0649430e+06   1.9165039e+01
   4.0649960e+06   1.4770508e+01
   4.0753530e+06   1.2145996e+01
   4.1853390e+06   1.2084961e+01
   4.1854030e+06   1.2023926e+01
   4.1855330e+06   1.5197754e+01
   4.2530180e+06   1.5380859e+01
   4.2530580e+06   1.3610840e+01
   4.2530710e+06   1.3732910e+01
   4.3587950e+06   1.3305664e+01
   4.3588170e+06   1.4160156e+01
   4.5034640e+06   1.3488770e+01
   4.5035110e+06   1.8127441e+01
   5.5574940e+06   1.2817383e+01
   5.7263910e+06   1.4221191e+01
   5.7264200e+06   1.2390137e+01
   5.7264500e+06   1.3061523e+01
   5.7265550e+06   1.3122559e+01
   5.7266040e+06   1.3183594e+01
   5.8443780e+06   1.2268066e+01
   5.8445650e+06   1.2634277e+01
   5.9404040e+06   1.2451172e+01
