   5.9990000e+06   0.0000000e+00
   4.3561000e+04   1.7333984e+01
   4.3695000e+04   1.4709473e+01
   4.3854000e+04   1.4343262e+01
   4.4246000e+04   1.4892578e+01
   1.1602300e+05   1.4099121e+01
   1.4957600e+05   1.7211914e+01
   2.1230600e+05   1.3916016e+01
   2.3629400e+05   1.9226074e+01
   2.6203300e+05   2.1362305e+01
   2.6205000e+05   1.8493652e+01
   2.6206400e+05   2.6428223e+01
   2.6210100e+05   2.1972656e+01
   2.6213400e+05   2.0263672e+01
   2.6214800e+05   3.1188965e+01
   2.6218400e+05   2.0019531e+01
   2.6223700e+05   2.1362305e+01
   2.6239300e+05   1.5075684e+01
   2.7745800e+05   1.5686035e+01
   2.7769500e+05   1.4526367e+01
   2.7787900e+05   1.4404297e+01
   2.8080000e+05   1.4526367e+01
   2.8115900e+05   1.6052246e+01
   3.8782700e+05   1.3854980e+01
   4.0268500e+05   1.5258789e+01
   4.0289000e+05   1.4953613e+01
   4.0291200e+05   2.0629883e+01
   4.0295500e+05   1.4404297e+01
   4.0297400e+05   1.9287109e+01
   4.0300900e+05   2.7709961e+01
   4.0302700e+05   1.5136719e+01
   4.0304200e+05   1.4343262e+01
   4.0307400e+05   2.2216797e+01
   4.0309300e+05   1.8371582e+01
   4.0311400e+05   1.5319824e+01
   4.0314900e+05   1.3793945e+01
   4.0326300e+05   1.8249512e+01
   4.1535000e+05   1.4587402e+01
   4.5177100e+05   1.6052246e+01
   4.5263600e+05   1.9592285e+01
   5.0836600e+05   1.5686035e+01
   5.2459700e+05   1.4892578e+01
   5.2468900e+05   1.3793945e+01
   5.2496300e+05   1.8432617e+01
   6.2565200e+05   1.4587402e+01
   6.3540500e+05   1.8615723e+01
   6.3543900e+05   1.4099121e+01
   6.3554500e+05   1.4282227e+01
   6.3573000e+05   1.3916016e+01
   6.5946700e+05   1.9775391e+01
   6.5954100e+05   1.7761230e+01
   6.5964200e+05   1.3854980e+01
   7.6754100e+05   1.6967773e+01
   7.6781200e+05   1.6174316e+01
   7.9922000e+05   1.7333984e+01
   9.0196300e+05   1.4221191e+01
   9.6961400e+05   1.4221191e+01
   1.0100900e+06   1.4343262e+01
   1.0332680e+06   1.4404297e+01
   1.0333850e+06   1.3977051e+01
   1.0334240e+06   1.5441895e+01
   1.0688540e+06   1.8188477e+01
   1.1360080e+06   1.4953613e+01
   1.1512750e+06   1.4709473e+01
   1.1514570e+06   1.3854980e+01
   1.1514870e+06   1.7333984e+01
   1.1516040e+06   2.6123047e+01
   1.1516160e+06   1.5502930e+01
   1.1988010e+06   1.3916016e+01
   1.1990220e+06   1.7089844e+01
   1.2603010e+06   1.6967773e+01
   1.2603560e+06   1.3977051e+01
   1.2606970e+06   1.5869141e+01
   1.2610300e+06   1.4038086e+01
   1.3503730e+06   1.4404297e+01
   1.3578030e+06   2.0996094e+01
   1.3578150e+06   2.3864746e+01
   1.3578620e+06   1.8127441e+01
   1.3578740e+06   1.4892578e+01
   1.3578840e+06   2.0080566e+01
   1.3579170e+06   2.7465820e+01
   1.3579310e+06   1.5869141e+01
   1.3580300e+06   1.4038086e+01
   1.3580890e+06   1.5441895e+01
   1.3581330e+06   1.7578125e+01
   1.3586700e+06   1.6113281e+01
   1.3700740e+06   1.4953613e+01
   1.3702330e+06   1.6784668e+01
   1.3710510e+06   1.5014648e+01
   1.3742220e+06   1.5319824e+01
   1.4204610e+06   1.4099121e+01
   1.4415660e+06   1.4160156e+01
   1.4416150e+06   2.0568848e+01
   1.4416300e+06   1.9897461e+01
   1.4416780e+06   1.6723633e+01
   1.4416910e+06   2.2277832e+01
   1.4417150e+06   1.8554688e+01
   1.4417580e+06   1.8432617e+01
   1.5073180e+06   1.7822266e+01
   1.5073730e+06   1.5319824e+01
   1.5075200e+06   2.1179199e+01
   1.5075760e+06   1.4892578e+01
   1.5076040e+06   2.5878906e+01
   1.5076410e+06   1.7517090e+01
   1.5076720e+06   1.8737793e+01
   1.5077160e+06   1.4038086e+01
   1.5077870e+06   2.3925781e+01
   1.5078320e+06   1.6052246e+01
   1.5078600e+06   1.7395020e+01
   1.5079220e+06   2.3315430e+01
   1.5079920e+06   1.6052246e+01
   1.5080230e+06   2.0507812e+01
   1.5081010e+06   1.5380859e+01
   1.5636210e+06   1.5502930e+01
   1.6268310e+06   1.4831543e+01
   1.7252020e+06   1.4343262e+01
   1.7627300e+06   2.4108887e+01
   1.8060770e+06   1.5930176e+01
   1.8517670e+06   1.4404297e+01
   1.8518180e+06   1.7272949e+01
   1.8518300e+06   2.8930664e+01
   1.8518680e+06   1.4709473e+01
   1.8518950e+06   1.9348145e+01
   1.8519140e+06   3.6254883e+01
   1.8519500e+06   2.3254395e+01
   1.8519800e+06   1.4160156e+01
   1.8520260e+06   1.6479492e+01
   1.8521030e+06   1.5563965e+01
   1.8688540e+06   1.3916016e+01
   1.8708000e+06   1.6845703e+01
   1.9424310e+06   1.4160156e+01
   1.9441200e+06   1.5014648e+01
   2.0113000e+06   1.4099121e+01
   2.0113140e+06   1.7761230e+01
   2.0113290e+06   1.6113281e+01
   2.0113540e+06   1.8066406e+01
   2.0113770e+06   1.7028809e+01
   2.0114110e+06   1.7395020e+01
   2.0114720e+06   1.6601562e+01
   2.0115680e+06   1.3793945e+01
   2.0124520e+06   1.4038086e+01
   2.0235980e+06   1.5136719e+01
   2.0238900e+06   1.4221191e+01
   2.0245040e+06   1.4282227e+01
   2.0783930e+06   2.2460938e+01
   2.0932550e+06   1.6601562e+01
   2.1491310e+06   1.5686035e+01
   2.1804400e+06   1.6235352e+01
   2.1815210e+06   1.5136719e+01
   2.2301230e+06   1.6540527e+01
   2.3473770e+06   1.6540527e+01
   2.3475880e+06   1.4526367e+01
   2.3485050e+06   2.4780273e+01
   2.3485270e+06   1.3916016e+01
   2.3485460e+06   1.5319824e+01
   2.3486160e+06   1.4099121e+01
   2.4214980e+06   2.0080566e+01
   2.4222040e+06   1.5197754e+01
   2.7426560e+06   1.5258789e+01
   2.7427980e+06   1.5319824e+01
   2.7428080e+06   1.5136719e+01
   2.8980320e+06   1.7700195e+01
   2.8982400e+06   1.5441895e+01
   2.9272050e+06   1.5930176e+01
   2.9272860e+06   1.7578125e+01
   2.9286620e+06   1.7517090e+01
   2.9528140e+06   1.4465332e+01
   2.9839430e+06   1.7028809e+01
   3.0389940e+06   1.8188477e+01
   3.0392920e+06   1.5014648e+01
   3.0651800e+06   1.9653320e+01
   3.0657100e+06   1.3488770e+01
   3.1214870e+06   1.6967773e+01
   3.1514260e+06   1.8066406e+01
   3.1763740e+06   1.7761230e+01
   3.1765000e+06   1.4465332e+01
   3.1765650e+06   1.3488770e+01
   3.1765970e+06   2.4536133e+01
   3.1766200e+06   2.3071289e+01
   3.1766360e+06   1.5197754e+01
   3.1766800e+06   1.9042969e+01
   3.1766980e+06   2.3071289e+01
   3.1767450e+06   2.1240234e+01
   3.1767590e+06   1.4404297e+01
   3.1768270e+06   1.7028809e+01
   3.1768410e+06   1.4099121e+01
   3.2585730e+06   1.5197754e+01
   3.2586200e+06   1.4587402e+01
   3.2586860e+06   1.3488770e+01
   3.2587570e+06   1.5686035e+01
   3.2588280e+06   1.8615723e+01
   3.2589450e+06   1.5625000e+01
   3.2590900e+06   1.4099121e+01
   3.3052960e+06   1.3427734e+01
   3.3055980e+06   1.8188477e+01
   3.4672810e+06   1.5625000e+01
   3.5263610e+06   1.5869141e+01
   3.5274610e+06   1.3549805e+01
   3.5861440e+06   1.3427734e+01
   3.6048760e+06   2.1850586e+01
   3.6049610e+06   2.3620605e+01
   3.6050090e+06   3.3142090e+01
   3.6050190e+06   1.9958496e+01
   3.6050620e+06   2.3010254e+01
   3.6050740e+06   2.1911621e+01
   3.6050890e+06   1.7150879e+01
   3.6051320e+06   1.4587402e+01
   3.6051640e+06   1.7456055e+01
   3.6051830e+06   1.4038086e+01
   3.6052600e+06   1.3671875e+01
   3.6197130e+06   1.9897461e+01
   3.6197530e+06   1.4892578e+01
   3.6198070e+06   1.6296387e+01
   3.6198510e+06   1.8005371e+01
   3.6198790e+06   1.8920898e+01
   3.6199080e+06   3.3691406e+01
   3.6199340e+06   2.2277832e+01
   3.6199690e+06   1.9836426e+01
   3.6200140e+06   2.5268555e+01
   3.6200640e+06   1.8066406e+01
   3.6201000e+06   1.9104004e+01
   3.6201310e+06   1.3610840e+01
   3.6201630e+06   1.5563965e+01
   3.6203040e+06   1.3427734e+01
   3.6203590e+06   1.3488770e+01
   3.7082740e+06   1.5502930e+01
   3.7268160e+06   1.6357422e+01
   3.7274930e+06   1.5563965e+01
   3.7275040e+06   2.3986816e+01
   3.7275410e+06   2.4658203e+01
   3.7275640e+06   2.2399902e+01
   3.7275750e+06   1.5136719e+01
   3.7276160e+06   2.0996094e+01
   3.7276670e+06   1.8554688e+01
   3.7276950e+06   1.4648438e+01
   3.7277190e+06   1.5869141e+01
   3.7278650e+06   1.4099121e+01
   3.8233000e+06   1.3977051e+01
   3.8233930e+06   1.3610840e+01
   3.8234650e+06   1.4892578e+01
   3.8236540e+06   1.4587402e+01
   3.8243260e+06   1.3732910e+01
   3.8547470e+06   1.8981934e+01
   3.8573330e+06   1.9470215e+01
   3.8574440e+06   1.5136719e+01
   3.8576510e+06   1.4770508e+01
   3.9372620e+06   1.7333984e+01
   3.9677920e+06   1.3549805e+01
   3.9870490e+06   2.7221680e+01
   3.9870780e+06   2.3742676e+01
   3.9871050e+06   1.5014648e+01
   3.9871480e+06   1.4221191e+01
   3.9871730e+06   1.4648438e+01
   3.9871940e+06   1.3854980e+01
   3.9872120e+06   1.9531250e+01
   3.9873020e+06   1.3671875e+01
   3.9873360e+06   1.5808105e+01
   3.9873980e+06   1.5808105e+01
   3.9874740e+06   1.4221191e+01
   3.9981110e+06   1.6906738e+01
   3.9984280e+06   1.3732910e+01
   3.9986490e+06   1.4465332e+01
   3.9987890e+06   1.6845703e+01
   3.9989960e+06   1.5563965e+01
   3.9990810e+06   1.6296387e+01
   3.9991630e+06   1.6540527e+01
   3.9992950e+06   1.4587402e+01
   3.9996290e+06   1.3854980e+01
   4.0649290e+06   2.9052734e+01
   4.0649420e+06   2.0996094e+01
   4.0649770e+06   3.6621094e+01
   4.0650040e+06   1.3977051e+01
   4.0650150e+06   1.6357422e+01
   4.0650300e+06   1.7883301e+01
   4.0651130e+06   1.5502930e+01
   4.0653190e+06   1.3488770e+01
   4.1836570e+06   1.5319824e+01
   4.1846540e+06   1.4282227e+01
   4.1849240e+06   1.7028809e+01
   4.1850770e+06   1.3793945e+01
   4.1851090e+06   2.1728516e+01
   4.1851440e+06   1.3793945e+01
   4.1851600e+06   2.4841309e+01
   4.1851790e+06   1.7517090e+01
   4.1852300e+06   2.3620605e+01
   4.1852540e+06   1.4831543e+01
   4.1852940e+06   1.6540527e+01
   4.1853200e+06   2.3986816e+01
   4.1853610e+06   1.4099121e+01
   4.1854220e+06   1.3671875e+01
   4.1854600e+06   1.9653320e+01
   4.1855230e+06   1.6296387e+01
   4.1856200e+06   1.4404297e+01
   4.2523420e+06   1.4770508e+01
   4.2524120e+06   1.4465332e+01
   4.2529930e+06   1.4221191e+01
   4.2530110e+06   3.3996582e+01
   4.2530430e+06   1.6601563e+01
   4.2530810e+06   1.7517090e+01
   4.2531050e+06   1.4648438e+01
   4.2531330e+06   2.1972656e+01
   4.2531470e+06   2.0446777e+01
   4.2531820e+06   1.5563965e+01
   4.2532000e+06   1.5380859e+01
   4.2532230e+06   1.4221191e+01
   4.2532450e+06   1.5075684e+01
   4.3587770e+06   2.8869629e+01
   4.3587930e+06   1.8005371e+01
   4.3588030e+06   2.0446777e+01
   4.3588190e+06   1.6296387e+01
   4.3588420e+06   1.3793945e+01
   4.3588620e+06   1.5747070e+01
   4.3588800e+06   1.7883301e+01
   4.3589100e+06   1.4587402e+01
   4.3589360e+06   2.3376465e+01
   4.3589740e+06   2.0751953e+01
   4.3590330e+06   1.8554688e+01
   4.3590650e+06   1.3671875e+01
   4.3592430e+06   1.3610840e+01
   4.4266010e+06   1.5869141e+01
   4.4900830e+06   1.5686035e+01
   4.5029520e+06   1.6357422e+01
   4.5030330e+06   1.5258789e+01
   4.5030720e+06   2.0629883e+01
   4.5030830e+06   1.8493652e+01
   4.5031270e+06   1.5991211e+01
   4.5031570e+06   1.5136719e+01
   4.5031790e+06   2.6489258e+01
   4.5032050e+06   2.3986816e+01
   4.5032350e+06   1.5808105e+01
   4.5032820e+06   1.4526367e+01
   4.5033180e+06   1.7456055e+01
   4.5033420e+06   1.3916016e+01
   4.5035980e+06   1.5014648e+01
   4.5873500e+06   1.6967773e+01
   4.5874560e+06   1.3427734e+01
   4.5874700e+06   2.2766113e+01
   4.5875160e+06   1.3610840e+01
   4.5875500e+06   1.3916016e+01
   4.5876350e+06   1.3977051e+01
   4.5876660e+06   1.4160156e+01
   4.5877130e+06   1.8798828e+01
   4.5877920e+06   1.3732910e+01
   4.5878130e+06   1.4343262e+01
   4.6053100e+06   1.8249512e+01
   4.6053990e+06   1.5808105e+01
   4.6642620e+06   1.5991211e+01
   4.6643160e+06   1.7761230e+01
   4.6643710e+06   1.4282227e+01
   4.6645760e+06   1.4831543e+01
   4.6646410e+06   1.4648438e+01
   4.6646970e+06   1.4770508e+01
   4.6647550e+06   1.7639160e+01
   4.7218780e+06   1.3610840e+01
   4.7765950e+06   1.6845703e+01
   4.7914840e+06   1.5075684e+01
   4.7917070e+06   1.4709473e+01
   4.7917470e+06   1.8859863e+01
   4.7919170e+06   1.3488770e+01
   4.8410830e+06   1.6967773e+01
   4.9192830e+06   1.5808105e+01
   4.9930290e+06   1.5319824e+01
   5.0520200e+06   1.5014648e+01
   5.1731980e+06   1.3793945e+01
   5.2433640e+06   1.4282227e+01
   5.2435120e+06   1.3977051e+01
   5.2437640e+06   1.5808105e+01
   5.2438690e+06   1.3854980e+01
   5.2439260e+06   1.6967773e+01
   5.2440470e+06   1.5502930e+01
   5.2442770e+06   1.4770508e+01
   5.3132040e+06   1.5625000e+01
   5.3820740e+06   1.6479492e+01
   5.3821170e+06   1.5258789e+01
   5.3821280e+06   1.4160156e+01
   5.3821630e+06   1.4160156e+01
   5.4428120e+06   1.6296387e+01
   5.5201320e+06   1.4221191e+01
   5.7263240e+06   1.8371582e+01
   5.7263570e+06   3.1921387e+01
   5.7263790e+06   1.9836426e+01
   5.7263990e+06   2.1972656e+01
   5.7264250e+06   2.2277832e+01
   5.7264490e+06   1.7456055e+01
   5.7264740e+06   1.8859863e+01
   5.7269070e+06   1.3916016e+01
   5.8129170e+06   1.8249512e+01
   5.8134490e+06   1.5441895e+01
   5.8439900e+06   1.3854980e+01
   5.8440890e+06   1.4221191e+01
   5.8441770e+06   2.2521973e+01
   5.8441870e+06   2.1911621e+01
   5.8442270e+06   1.6479492e+01
   5.8442480e+06   2.0996094e+01
   5.8442580e+06   1.6967773e+01
   5.8443160e+06   1.9165039e+01
   5.8443520e+06   1.7822266e+01
   5.8443870e+06   1.5808105e+01
   5.8444260e+06   1.7028809e+01
   5.8444620e+06   1.4953613e+01
   5.8445250e+06   1.5747070e+01
   5.9191540e+06   1.5808105e+01
   5.9395030e+06   1.3916016e+01
   5.9402640e+06   1.3854980e+01
   5.9402860e+06   1.8798828e+01
   5.9403210e+06   2.2216797e+01
   5.9403540e+06   1.9775391e+01
   5.9403800e+06   1.9226074e+01
   5.9404110e+06   1.5991211e+01
   5.9404600e+06   1.4526367e+01
   5.9404900e+06   1.3610840e+01
   5.9405360e+06   2.3254395e+01
   5.9405680e+06   1.4587402e+01
   5.9406280e+06   1.7578125e+01
