   5.9990000e+06   0.0000000e+00
   3.3593000e+04   1.6723633e+01
   3.5413000e+04   1.9592285e+01
   3.8171000e+04   1.9226074e+01
   4.2338000e+04   1.9714355e+01
   4.3124000e+04   1.4404297e+01
   4.3514000e+04   4.0100098e+01
   4.3588000e+04   2.3376465e+01
   4.3667000e+04   2.4536133e+01
   4.3716000e+04   1.4465332e+01
   4.3776000e+04   1.9531250e+01
   4.3796000e+04   2.3010254e+01
   4.3865000e+04   1.5319824e+01
   4.3951000e+04   2.1423340e+01
   4.3966000e+04   2.4719238e+01
   4.4097000e+04   2.6916504e+01
   4.4123000e+04   1.4404297e+01
   4.4135000e+04   1.6662598e+01
   4.4214000e+04   1.5075684e+01
   4.4261000e+04   2.1362305e+01
   4.4480000e+04   1.6601562e+01
   4.4704000e+04   2.1301270e+01
   4.4714000e+04   2.2155762e+01
   5.8276000e+04   1.8493652e+01
   6.6361000e+04   1.8310547e+01
   6.6698000e+04   1.6784668e+01
   6.7495000e+04   1.8493652e+01
   6.8931000e+04   1.7700195e+01
   7.2817000e+04   1.7456055e+01
   7.4003000e+04   1.4953613e+01
   7.7250000e+04   1.5563965e+01
   8.0340000e+04   1.5930176e+01
   8.4093000e+04   1.8249512e+01
   8.6078000e+04   1.7150879e+01
   8.6932000e+04   1.7272949e+01
   8.9078000e+04   1.7272949e+01
   9.0778000e+04   1.9409180e+01
   9.2356000e+04   1.8676758e+01
   9.2676000e+04   1.6906738e+01
   9.2916000e+04   2.2338867e+01
   9.3323000e+04   1.5869141e+01
   9.3504000e+04   1.9226074e+01
   9.3550000e+04   3.7841797e+01
   9.3816000e+04   3.3569336e+01
   9.4056000e+04   2.9357910e+01
   9.4387000e+04   2.6794434e+01
   9.5104000e+04   1.4709473e+01
   1.0401600e+05   1.8737793e+01
   1.0913000e+05   1.9958496e+01
   1.1597400e+05   1.7333984e+01
   1.1631000e+05   1.5869141e+01
   1.2582200e+05   1.8798828e+01
   1.4123200e+05   1.9714355e+01
   1.4554000e+05   1.8737793e+01
   1.4617400e+05   1.6418457e+01
   1.5067600e+05   2.3376465e+01
   1.5132900e+05   2.0812988e+01
   1.5389700e+05   1.8615723e+01
   1.5430300e+05   1.9775391e+01
   1.6124000e+05   1.8615723e+01
   1.6826800e+05   1.9958496e+01
   1.7011800e+05   1.7639160e+01
   1.8039700e+05   1.9226074e+01
   1.8166200e+05   2.0568848e+01
   1.8679800e+05   2.0568848e+01
   1.8719300e+05   1.5625000e+01
   1.8770500e+05   1.7517090e+01
   1.8924600e+05   1.6662598e+01
   1.8968400e+05   1.9714355e+01
   1.9914100e+05   1.6357422e+01
   2.0062400e+05   1.5319824e+01
   2.0071500e+05   1.5625000e+01
   2.0093100e+05   1.9226074e+01
   2.1209200e+05   1.8920898e+01
   2.1225300e+05   1.9958496e+01
   2.1230100e+05   1.9531250e+01
   2.1256200e+05   1.9775391e+01
   2.1379500e+05   1.5319824e+01
   2.3525300e+05   1.5686035e+01
   2.3617600e+05   1.7761230e+01
   2.3660300e+05   1.8676758e+01
   2.4358500e+05   1.7333984e+01
   2.6202400e+05   2.0324707e+01
   2.6205900e+05   1.9714355e+01
   2.6207700e+05   2.0629883e+01
   2.6209500e+05   2.2460938e+01
   2.6211700e+05   4.3823242e+01
   2.6213000e+05   1.6357422e+01
   2.6216100e+05   2.9174805e+01
   2.6218200e+05   3.3325195e+01
   2.6220400e+05   1.5441895e+01
   2.6221900e+05   1.7761230e+01
   2.6223900e+05   2.7221680e+01
   2.6225400e+05   1.8554688e+01
   2.6227700e+05   2.4414062e+01
   2.6230500e+05   2.4230957e+01
   2.6233800e+05   2.4047852e+01
   2.6236700e+05   1.8859863e+01
   2.6238200e+05   2.7221680e+01
   2.6239500e+05   1.6052246e+01
   2.6243100e+05   1.7944336e+01
   2.6245700e+05   2.2521973e+01
   2.6249000e+05   1.9897461e+01
   2.6253300e+05   1.5441895e+01
   2.6255600e+05   2.3620605e+01
   2.6260300e+05   1.6479492e+01
   2.6267900e+05   1.8249512e+01
   2.6299600e+05   1.5686035e+01
   2.7788700e+05   1.7028809e+01
   2.7809700e+05   1.8371582e+01
   2.7817000e+05   1.5930176e+01
   2.7847500e+05   1.6052246e+01
   2.7986200e+05   1.4953613e+01
   2.8010800e+05   1.5380859e+01
   2.8017000e+05   3.2165527e+01
   2.8019300e+05   1.4831543e+01
   2.8026700e+05   1.5441895e+01
   2.8033100e+05   2.4353027e+01
   2.8036300e+05   1.6723633e+01
   2.8045600e+05   2.5451660e+01
   2.8049500e+05   2.3315430e+01
   2.8052500e+05   2.1850586e+01
   2.8061500e+05   1.8615723e+01
   2.8063300e+05   2.0690918e+01
   2.8065900e+05   1.4526367e+01
   2.8078300e+05   1.5319824e+01
   2.8081400e+05   2.6916504e+01
   2.8083500e+05   1.7578125e+01
   2.8093500e+05   1.5075684e+01
   2.8095400e+05   2.3254395e+01
   2.8098900e+05   2.6367188e+01
   2.8108600e+05   1.7517090e+01
   2.8115900e+05   2.4963379e+01
   2.8117500e+05   1.8066406e+01
   2.8121200e+05   1.6662598e+01
   2.8131600e+05   1.5319824e+01
   2.8138000e+05   2.3132324e+01
   2.8141100e+05   1.7272949e+01
   2.8147700e+05   1.4587402e+01
   2.8161400e+05   1.4709473e+01
   2.8163700e+05   2.0263672e+01
   2.8165300e+05   1.4343262e+01
   2.8176300e+05   1.5014648e+01
   2.8177300e+05   1.4343262e+01
   2.8185900e+05   1.5686035e+01
   2.8215400e+05   1.7944336e+01
   2.8261000e+05   1.5258789e+01
   2.8287100e+05   1.7272949e+01
   3.5284100e+05   1.8676758e+01
   3.7122200e+05   1.9958496e+01
   3.7300700e+05   3.3569336e+01
   3.7312700e+05   1.5808105e+01
   3.7321900e+05   1.4404297e+01
   3.7340400e+05   3.0761719e+01
   3.7363600e+05   2.6733398e+01
   3.7414100e+05   3.1494141e+01
   3.8719000e+05   1.8188477e+01
   3.8778600e+05   1.8920898e+01
   3.8895600e+05   1.9714355e+01
   3.9323900e+05   1.7883301e+01
   3.9531700e+05   1.5502930e+01
   3.9715400e+05   1.9165039e+01
   4.0013300e+05   1.8554688e+01
   4.0203500e+05   1.8493652e+01
   4.0210500e+05   1.5930176e+01
   4.0285700e+05   2.6367188e+01
   4.0288200e+05   1.6235352e+01
   4.0289800e+05   1.5197754e+01
   4.0293200e+05   1.7089844e+01
   4.0294800e+05   4.3334961e+01
   4.0297600e+05   2.0385742e+01
   4.0300600e+05   2.8259277e+01
   4.0302300e+05   1.7944336e+01
   4.0304500e+05   2.8320312e+01
   4.0307600e+05   1.5014648e+01
   4.0310900e+05   1.4465332e+01
   4.0314200e+05   2.8747559e+01
   4.0318900e+05   2.4108887e+01
   4.0321900e+05   2.6245117e+01
   4.0328600e+05   1.6967773e+01
   4.0330000e+05   1.9409180e+01
   4.0338200e+05   2.6855469e+01
   4.0346300e+05   2.0019531e+01
   4.0350000e+05   1.4953613e+01
   4.0355800e+05   1.7211914e+01
   4.0361000e+05   1.4587402e+01
   4.0922400e+05   2.1057129e+01
   4.1315300e+05   1.8493652e+01
   4.1442400e+05   1.8127441e+01
   4.1514200e+05   1.7883301e+01
   4.1536100e+05   1.5502930e+01
   4.1553300e+05   1.5075684e+01
   4.1580500e+05   1.5930176e+01
   4.1608900e+05   1.7028809e+01
   4.2565600e+05   2.0141602e+01
   4.3213400e+05   1.5747070e+01
   4.4131200e+05   1.7211914e+01
   4.4618500e+05   1.5075684e+01
   4.4775800e+05   1.8554688e+01
   4.5080100e+05   1.6723633e+01
   4.5170700e+05   1.9897461e+01
   4.5259000e+05   2.0385742e+01
   4.5826600e+05   1.8005371e+01
   4.6367000e+05   1.5625000e+01
   4.6797900e+05   1.6479492e+01
   4.7302800e+05   1.7456055e+01
   4.7710000e+05   1.7211914e+01
   4.8000900e+05   1.8371582e+01
   4.8091300e+05   1.8005371e+01
   4.8247600e+05   1.8432617e+01
   4.8673800e+05   1.6906738e+01
   4.9024000e+05   1.9470215e+01
   4.9305100e+05   1.6723633e+01
   4.9621200e+05   1.9042969e+01
   4.9828900e+05   1.6967773e+01
   5.0232300e+05   1.7822266e+01
   5.0737900e+05   1.6174316e+01
   5.0831500e+05   1.5808105e+01
   5.0904600e+05   2.1118164e+01
   5.1361000e+05   1.8310547e+01
   5.1508100e+05   1.7089844e+01
   5.1793700e+05   1.7944336e+01
   5.1934800e+05   1.5991211e+01
   5.2280800e+05   1.8066406e+01
   5.2409300e+05   1.6540527e+01
   5.2476900e+05   1.5380859e+01
   5.2484600e+05   3.9062500e+01
   5.2487100e+05   1.9287109e+01
   5.2491400e+05   1.5747070e+01
   5.2492800e+05   1.6601562e+01
   5.2496200e+05   2.5573730e+01
   5.2498600e+05   1.5502930e+01
   5.2502200e+05   2.9052734e+01
   5.2507900e+05   1.6906738e+01
   5.2522800e+05   1.5502930e+01
   5.2528300e+05   1.6479492e+01
   5.2531100e+05   1.7700195e+01
   5.2532100e+05   2.7709961e+01
   5.2556900e+05   1.4343262e+01
   5.3179000e+05   1.7272949e+01
   5.3348200e+05   1.7089844e+01
   5.3518600e+05   1.6174316e+01
   5.4756600e+05   1.6601562e+01
   5.5126500e+05   1.6723633e+01
   5.5353800e+05   1.5380859e+01
   5.5855600e+05   1.5869141e+01
   5.5936400e+05   1.8188477e+01
   5.6739400e+05   2.1667480e+01
   5.6792100e+05   2.2094727e+01
   5.8157500e+05   1.4160156e+01
   5.9060700e+05   1.6845703e+01
   5.9305000e+05   1.6784668e+01
   5.9415200e+05   1.7456055e+01
   5.9418700e+05   1.5075684e+01
   6.0385300e+05   1.6479492e+01
   6.0555500e+05   1.9775391e+01
   6.0903300e+05   1.8920898e+01
   6.0911400e+05   1.7700195e+01
   6.0939800e+05   1.5747070e+01
   6.1362800e+05   1.6235352e+01
   6.1734900e+05   1.7944336e+01
   6.2360800e+05   1.8005371e+01
   6.2429300e+05   1.8737793e+01
   6.2553200e+05   1.8066406e+01
   6.2564800e+05   3.1982422e+01
   6.2610000e+05   1.8615723e+01
   6.3370600e+05   1.7395020e+01
   6.3544100e+05   1.8737793e+01
   6.3551600e+05   1.4648438e+01
   6.3555100e+05   1.5991211e+01
   6.3558100e+05   4.0161133e+01
   6.3560500e+05   1.9653320e+01
   6.3563400e+05   1.8127441e+01
   6.3570200e+05   1.5625000e+01
   6.3571500e+05   1.5197754e+01
   6.3577300e+05   3.8269043e+01
   6.3579300e+05   1.6418457e+01
   6.3586200e+05   3.3264160e+01
   6.3589000e+05   2.2094727e+01
   6.3602100e+05   2.0324707e+01
   6.3618600e+05   1.5563965e+01
   6.5989200e+05   1.5991211e+01
   6.5992200e+05   3.0090332e+01
   6.6005900e+05   1.7944336e+01
   7.3735100e+05   1.9226074e+01
   7.3736800e+05   1.4648438e+01
   7.5026200e+05   1.4953613e+01
   7.5204400e+05   1.7089844e+01
   7.5334100e+05   1.9836426e+01
   7.5687400e+05   1.5014648e+01
   7.5707700e+05   1.8127441e+01
   7.5954400e+05   1.8127441e+01
   7.6263300e+05   1.7517090e+01
   7.6515700e+05   1.7211914e+01
   7.6617800e+05   1.5991211e+01
   7.6723800e+05   1.5075684e+01
   7.6748800e+05   2.1179199e+01
   7.6899300e+05   1.7761230e+01
   7.7404900e+05   2.0507812e+01
   7.7709400e+05   1.7517090e+01
   7.7886000e+05   1.6723633e+01
   7.8102300e+05   1.6479492e+01
   7.9441000e+05   1.8920898e+01
   7.9791600e+05   1.8005371e+01
   7.9917000e+05   1.5930176e+01
   7.9921400e+05   1.5686035e+01
   8.0089600e+05   1.8310547e+01
   8.0526400e+05   1.6357422e+01
   8.1102400e+05   1.7395020e+01
   8.1753700e+05   1.8432617e+01
   8.2752300e+05   1.8859863e+01
   8.3023400e+05   1.7761230e+01
   8.3160600e+05   1.4587402e+01
   8.3193100e+05   1.9836426e+01
   8.3512600e+05   2.1972656e+01
   8.3630000e+05   1.9287109e+01
   8.6259400e+05   1.5808105e+01
   8.6500100e+05   1.7944336e+01
   8.6559300e+05   1.7639160e+01
   8.6629800e+05   1.7028809e+01
   8.7354500e+05   1.5197754e+01
   8.8147300e+05   1.8920898e+01
   8.8543700e+05   1.9287109e+01
   8.8786400e+05   2.0263672e+01
   8.9069900e+05   1.5747070e+01
   8.9418900e+05   1.8737793e+01
   8.9705900e+05   1.6479492e+01
   8.9937900e+05   1.8615723e+01
   9.0086300e+05   1.8554688e+01
   9.0189600e+05   1.8920898e+01
   9.1800100e+05   1.6235352e+01
   9.2552700e+05   1.6357422e+01
   9.4284600e+05   1.8615723e+01
   9.5497500e+05   1.6784668e+01
   9.5558700e+05   2.1728516e+01
   9.5949200e+05   1.6052246e+01
   9.6392200e+05   1.7944336e+01
   9.6596600e+05   1.5380859e+01
   9.6836700e+05   2.1972656e+01
   9.7976300e+05   1.7395020e+01
   9.8896400e+05   1.7150879e+01
   1.0031760e+06   1.9409180e+01
   1.0080120e+06   1.9592285e+01
   1.0099870e+06   1.8981934e+01
   1.0100960e+06   2.3681641e+01
   1.0146550e+06   1.6601562e+01
   1.0170170e+06   1.6174316e+01
   1.0244800e+06   1.9042969e+01
   1.0327520e+06   2.0568848e+01
   1.0331500e+06   2.1423340e+01
   1.0332650e+06   1.5502930e+01
   1.0333600e+06   1.5197754e+01
   1.0333890e+06   1.5502930e+01
   1.0336100e+06   3.4301758e+01
   1.0339560e+06   1.6357422e+01
   1.0341290e+06   1.6540527e+01
   1.0343220e+06   2.9907227e+01
   1.0348250e+06   3.1372070e+01
   1.0473170e+06   1.8859863e+01
   1.0527890e+06   1.9531250e+01
   1.0673490e+06   1.8859863e+01
   1.0688010e+06   1.8554688e+01
   1.0928810e+06   1.8432617e+01
   1.0979410e+06   2.0568848e+01
   1.1152180e+06   1.6479492e+01
   1.1179060e+06   1.6967773e+01
   1.1316530e+06   1.6235352e+01
   1.1357050e+06   1.8310547e+01
   1.1359150e+06   2.0324707e+01
   1.1362400e+06   1.7028809e+01
   1.1370710e+06   1.5136719e+01
   1.1371230e+06   3.1860352e+01
   1.1372750e+06   1.9104004e+01
   1.1374270e+06   1.4404297e+01
   1.1374510e+06   1.6906738e+01
   1.1378170e+06   3.3813477e+01
   1.1514560e+06   1.9409180e+01
   1.1514940e+06   1.4526367e+01
   1.1515200e+06   4.2236328e+01
   1.1515690e+06   2.6123047e+01
   1.1515860e+06   1.7639160e+01
   1.1516260e+06   1.7639160e+01
   1.1516410e+06   1.8981934e+01
   1.1516550e+06   3.4851074e+01
   1.1517050e+06   1.5441895e+01
   1.1517170e+06   1.7333984e+01
   1.1517430e+06   1.4953613e+01
   1.1517760e+06   1.6662598e+01
   1.1517880e+06   2.5878906e+01
   1.1518590e+06   1.4587402e+01
   1.1519070e+06   3.0334473e+01
   1.1520290e+06   2.6855469e+01
   1.1840480e+06   2.1911621e+01
   1.1971510e+06   1.6052246e+01
   1.1980390e+06   1.6540527e+01
   1.1981280e+06   1.5563965e+01
   1.1983420e+06   1.5319824e+01
   1.1984890e+06   1.4221191e+01
   1.1986250e+06   3.6743164e+01
   1.1988580e+06   3.4545898e+01
   1.1989780e+06   2.2155762e+01
   1.1991830e+06   2.5878906e+01
   1.2261770e+06   1.7578125e+01
   1.2428690e+06   1.7028809e+01
   1.2455790e+06   1.7089844e+01
   1.2456970e+06   1.7456055e+01
   1.2479710e+06   2.2766113e+01
   1.2534030e+06   1.5686035e+01
   1.2556210e+06   1.8615723e+01
   1.2592160e+06   1.8615723e+01
   1.2595350e+06   1.5625000e+01
   1.2597960e+06   1.8249512e+01
   1.2603840e+06   1.6418457e+01
   1.2604090e+06   1.4404297e+01
   1.2604490e+06   1.8676758e+01
   1.2604850e+06   3.7902832e+01
   1.2605620e+06   1.5258789e+01
   1.2606210e+06   2.3193359e+01
   1.2606550e+06   2.8625488e+01
   1.2606930e+06   1.4404297e+01
   1.2607250e+06   1.7150879e+01
   1.2607440e+06   1.9531250e+01
   1.2607840e+06   1.4404297e+01
   1.2608500e+06   2.7709961e+01
   1.2609310e+06   1.5441895e+01
   1.2609570e+06   1.6235352e+01
   1.2704410e+06   1.9287109e+01
   1.2717870e+06   1.8798828e+01
   1.2741440e+06   1.9897461e+01
   1.2770040e+06   1.7028809e+01
   1.2980580e+06   1.8432617e+01
   1.3271760e+06   1.8066406e+01
   1.3425660e+06   1.8859863e+01
   1.3445170e+06   1.7395020e+01
   1.3502610e+06   1.9775391e+01
   1.3507470e+06   1.8554688e+01
   1.3576600e+06   1.6967773e+01
   1.3577970e+06   1.8920898e+01
   1.3578160e+06   2.1484375e+01
   1.3578320e+06   1.5441895e+01
   1.3578460e+06   1.5747070e+01
   1.3578600e+06   1.9531250e+01
   1.3578930e+06   4.4433594e+01
   1.3579340e+06   1.5319824e+01
   1.3579510e+06   4.6142578e+01
   1.3579780e+06   2.8869629e+01
   1.3579960e+06   1.5258789e+01
   1.3580170e+06   2.6123047e+01
   1.3580320e+06   1.4770508e+01
   1.3580660e+06   2.4169922e+01
   1.3581170e+06   2.8381348e+01
   1.3581410e+06   2.4536133e+01
   1.3581730e+06   2.0690918e+01
   1.3581850e+06   1.5136719e+01
   1.3582090e+06   2.1057129e+01
   1.3582610e+06   1.4953613e+01
   1.3582780e+06   2.3437500e+01
   1.3583150e+06   1.5136719e+01
   1.3585740e+06   1.7333984e+01
   1.3589910e+06   1.7700195e+01
   1.3592490e+06   1.4892578e+01
   1.3690530e+06   1.5319824e+01
   1.3692320e+06   1.5014648e+01
   1.3693000e+06   1.6723633e+01
   1.3694220e+06   1.7944336e+01
   1.3695280e+06   2.2949219e+01
   1.3696480e+06   2.6916504e+01
   1.3697360e+06   1.6540527e+01
   1.3698590e+06   2.2583008e+01
   1.3698800e+06   1.7639160e+01
   1.3700110e+06   1.5258789e+01
   1.3700240e+06   1.7150879e+01
   1.3700490e+06   2.4841309e+01
   1.3701140e+06   1.8371582e+01
   1.3701260e+06   1.5625000e+01
   1.3701760e+06   1.6662598e+01
   1.3701990e+06   2.1301270e+01
   1.3702390e+06   2.4963379e+01
   1.3703010e+06   2.9846191e+01
   1.3703150e+06   1.8310547e+01
   1.3703580e+06   2.9724121e+01
   1.3703830e+06   1.4282227e+01
   1.3704410e+06   1.5136719e+01
   1.3704580e+06   2.6123047e+01
   1.3705710e+06   2.5939941e+01
   1.3706070e+06   2.7404785e+01
   1.3706750e+06   1.5869141e+01
   1.3706970e+06   2.0080566e+01
   1.3707480e+06   3.2348633e+01
   1.3708380e+06   1.4587402e+01
   1.3708670e+06   1.6662598e+01
   1.3708910e+06   1.8371582e+01
   1.3710210e+06   1.9348145e+01
   1.3710680e+06   1.4160156e+01
   1.3710800e+06   1.6418457e+01
   1.3711930e+06   2.1545410e+01
   1.3712270e+06   1.5197754e+01
   1.3713220e+06   1.5930176e+01
   1.3714060e+06   1.7211914e+01
   1.3715900e+06   2.2399902e+01
   1.3716030e+06   1.4526367e+01
   1.3718480e+06   1.7517090e+01
   1.3719020e+06   1.6967773e+01
   1.3719770e+06   1.4892578e+01
   1.3720700e+06   1.4892578e+01
   1.3722330e+06   1.6540527e+01
   1.4415180e+06   1.5136719e+01
   1.4415500e+06   1.7639160e+01
   1.4415760e+06   2.7282715e+01
   1.4415970e+06   1.5563965e+01
   1.4416170e+06   2.0935059e+01
   1.4416360e+06   1.9592285e+01
   1.4416630e+06   2.7404785e+01
   1.4416800e+06   5.1574707e+01
   1.4416970e+06   2.0141602e+01
   1.4417150e+06   1.6845703e+01
   1.4417450e+06   2.4291992e+01
   1.4417600e+06   2.9174805e+01
   1.4417910e+06   4.5043945e+01
   1.4418240e+06   2.3559570e+01
   1.4418500e+06   2.1179199e+01
   1.4418610e+06   2.6977539e+01
   1.4418820e+06   2.4291992e+01
   1.4419030e+06   2.6489258e+01
   1.4419400e+06   4.2053223e+01
   1.4419880e+06   2.3803711e+01
   1.4420140e+06   1.5441895e+01
   1.4420380e+06   1.7700195e+01
   1.4420590e+06   1.9348145e+01
   1.4420830e+06   1.5747070e+01
   1.4421340e+06   1.9348145e+01
   1.4421730e+06   1.5808105e+01
   1.4422030e+06   1.7456055e+01
   1.4422790e+06   2.2521973e+01
   1.4423370e+06   1.8127441e+01
   1.4426190e+06   1.5625000e+01
   1.4430230e+06   1.8615723e+01
   1.4432380e+06   1.5441895e+01
   1.4437460e+06   1.5380859e+01
   1.5073250e+06   1.8554688e+01
   1.5073950e+06   1.5991211e+01
   1.5074090e+06   2.5146484e+01
   1.5074230e+06   3.4973145e+01
   1.5074880e+06   4.8522949e+01
   1.5075260e+06   2.8930664e+01
   1.5075460e+06   1.4587402e+01
   1.5075750e+06   1.6235352e+01
   1.5075900e+06   3.4790039e+01
   1.5076140e+06   2.8625488e+01
   1.5076420e+06   2.4108887e+01
   1.5076530e+06   1.8371582e+01
   1.5076870e+06   2.8320312e+01
   1.5077000e+06   1.7395020e+01
   1.5077190e+06   1.6967773e+01
   1.5077300e+06   1.5747070e+01
   1.5077510e+06   2.1179199e+01
   1.5077710e+06   1.5869141e+01
   1.5077950e+06   1.8737793e+01
   1.5078220e+06   3.0090332e+01
   1.5078560e+06   1.6113281e+01
   1.5078680e+06   2.6245117e+01
   1.5079000e+06   2.1911621e+01
   1.5079260e+06   1.7639160e+01
   1.5079380e+06   1.5747070e+01
   1.5079840e+06   1.6113281e+01
   1.5080020e+06   2.2766113e+01
   1.5080500e+06   2.0263672e+01
   1.5080600e+06   2.2583008e+01
   1.5080840e+06   2.2949219e+01
   1.5081220e+06   1.8920898e+01
   1.5081380e+06   2.1362305e+01
   1.5081570e+06   1.4404297e+01
   1.5081990e+06   2.2277832e+01
   1.5082480e+06   1.6052246e+01
   1.5086260e+06   1.6784668e+01
   1.5088060e+06   1.7211914e+01
   1.5622310e+06   1.7944336e+01
   1.5635370e+06   1.6052246e+01
   1.5636100e+06   1.8310547e+01
   1.5751780e+06   1.9897461e+01
   1.5767310e+06   1.5808105e+01
   1.5816120e+06   2.0751953e+01
   1.5887080e+06   1.8859863e+01
   1.5923840e+06   1.7150879e+01
   1.5948150e+06   2.2949219e+01
   1.5981040e+06   1.8066406e+01
   1.6003070e+06   1.8371582e+01
   1.6031450e+06   1.9592285e+01
   1.6063900e+06   1.8127441e+01
   1.6137390e+06   1.8005371e+01
   1.6137850e+06   1.5136719e+01
   1.6157730e+06   1.7578125e+01
   1.6207420e+06   1.6845703e+01
   1.6223180e+06   1.6662598e+01
   1.6265730e+06   1.7822266e+01
   1.6267730e+06   1.9348145e+01
   1.6268360e+06   1.6540527e+01
   1.6271180e+06   1.8371582e+01
   1.6271470e+06   1.6235352e+01
   1.6279490e+06   2.2033691e+01
   1.6324390e+06   1.7395020e+01
   1.6367050e+06   1.7395020e+01
   1.6400320e+06   1.8859863e+01
   1.6438300e+06   1.5686035e+01
   1.6478880e+06   1.9226074e+01
   1.6503330e+06   1.7211914e+01
   1.6538130e+06   1.8493652e+01
   1.6562150e+06   1.6845703e+01
   1.6624930e+06   1.7456055e+01
   1.6694540e+06   2.1240234e+01
   1.6744640e+06   2.1240234e+01
   1.6777580e+06   2.1789551e+01
   1.6809700e+06   1.5197754e+01
   1.6810440e+06   1.5808105e+01
   1.6813810e+06   1.9897461e+01
   1.6855070e+06   1.7272949e+01
   1.6881360e+06   1.9592285e+01
   1.6894660e+06   1.5075684e+01
   1.6925280e+06   1.9104004e+01
   1.6949510e+06   1.7272949e+01
   1.7013630e+06   1.6357422e+01
   1.7030890e+06   1.7028809e+01
   1.7050290e+06   1.7028809e+01
   1.7102310e+06   1.9958496e+01
   1.7144290e+06   1.7456055e+01
   1.7163400e+06   1.7456055e+01
   1.7192000e+06   1.5625000e+01
   1.7208420e+06   1.7639160e+01
   1.7231260e+06   1.6845703e+01
   1.7251950e+06   1.6601562e+01
   1.7255970e+06   1.6174316e+01
   1.7309320e+06   1.6967773e+01
   1.7467850e+06   1.9531250e+01
   1.7537980e+06   1.5258789e+01
   1.7574650e+06   1.6418457e+01
   1.7596860e+06   1.8432617e+01
   1.7643580e+06   1.6784668e+01
   1.7654410e+06   1.8676758e+01
   1.7682930e+06   1.7578125e+01
   1.7683590e+06   1.9714355e+01
   1.7760120e+06   1.5380859e+01
   1.7815130e+06   1.8249512e+01
   1.8060000e+06   1.9042969e+01
   1.8060720e+06   1.8066406e+01
   1.8070990e+06   2.0996094e+01
   1.8293410e+06   1.9287109e+01
   1.8365080e+06   1.9165039e+01
   1.8401610e+06   1.8798828e+01
   1.8464480e+06   1.8066406e+01
   1.8511410e+06   1.6723633e+01
   1.8517310e+06   1.4160156e+01
   1.8518080e+06   2.2583008e+01
   1.8518250e+06   1.4770508e+01
   1.8518360e+06   2.0080566e+01
   1.8518570e+06   4.7668457e+01
   1.8518770e+06   2.0080566e+01
   1.8518990e+06   2.2644043e+01
   1.8519200e+06   1.9409180e+01
   1.8519390e+06   3.2714844e+01
   1.8519590e+06   2.0935059e+01
   1.8519750e+06   1.9775391e+01
   1.8520030e+06   2.2033691e+01
   1.8520280e+06   2.3803711e+01
   1.8520470e+06   1.7456055e+01
   1.8520900e+06   3.9733887e+01
   1.8521240e+06   1.8920898e+01
   1.8521480e+06   2.5146484e+01
   1.8521750e+06   2.5146484e+01
   1.8522080e+06   2.3620605e+01
   1.8522270e+06   1.8737793e+01
   1.8522530e+06   1.5380859e+01
   1.8522730e+06   2.3681641e+01
   1.8523110e+06   1.7761230e+01
   1.8523210e+06   2.2583008e+01
   1.8524860e+06   2.1057129e+01
   1.8526540e+06   1.5319824e+01
   1.8652370e+06   2.0935059e+01
   1.8655710e+06   1.9958496e+01
   1.8681730e+06   2.1179199e+01
   1.8686720e+06   1.8188477e+01
   1.8691260e+06   1.5258789e+01
   1.8699110e+06   2.2766113e+01
   1.8701550e+06   2.0629883e+01
   1.8701730e+06   1.4160156e+01
   1.8702880e+06   1.4953613e+01
   1.8703330e+06   1.4221191e+01
   1.8703530e+06   3.1860352e+01
   1.8704820e+06   2.2705078e+01
   1.8705290e+06   2.2216797e+01
   1.8705460e+06   1.6662598e+01
   1.8705710e+06   1.8188477e+01
   1.8706980e+06   2.6977539e+01
   1.8707690e+06   1.6479492e+01
   1.9423820e+06   1.6967773e+01
   1.9424420e+06   2.0568848e+01
   1.9439820e+06   1.6174316e+01
   1.9440840e+06   1.6723633e+01
   1.9441730e+06   1.6723633e+01
   1.9441850e+06   1.8066406e+01
   1.9521170e+06   1.8066406e+01
   1.9557310e+06   1.9287109e+01
   1.9559610e+06   1.6418457e+01
   1.9564710e+06   1.7761230e+01
   1.9690520e+06   1.9348145e+01
   1.9735530e+06   2.1301270e+01
   1.9763410e+06   1.5808105e+01
   1.9795590e+06   2.1484375e+01
   1.9839650e+06   1.4709473e+01
   1.9862740e+06   1.9287109e+01
   1.9903060e+06   1.8371582e+01
   1.9914230e+06   1.8920898e+01
   1.9944360e+06   1.8188477e+01
   1.9964730e+06   1.8432617e+01
   2.0016410e+06   1.6418457e+01
   2.0062560e+06   2.1728516e+01
   2.0103820e+06   2.0629883e+01
   2.0113180e+06   2.9846191e+01
   2.0113380e+06   2.5512695e+01
   2.0113570e+06   3.4423828e+01
   2.0113890e+06   3.1616211e+01
   2.0114010e+06   4.2724609e+01
   2.0114230e+06   1.4831543e+01
   2.0114410e+06   1.9775391e+01
   2.0114580e+06   3.0517578e+01
   2.0114860e+06   2.7526855e+01
   2.0114970e+06   2.1911621e+01
   2.0115160e+06   1.5869141e+01
   2.0115390e+06   3.3447266e+01
   2.0115730e+06   2.0202637e+01
   2.0115970e+06   1.5380859e+01
   2.0116180e+06   2.7404785e+01
   2.0116410e+06   1.6174316e+01
   2.0116640e+06   1.6296387e+01
   2.0116940e+06   1.8127441e+01
   2.0117090e+06   1.9348145e+01
   2.0117410e+06   1.8737793e+01
   2.0117660e+06   1.8127441e+01
   2.0118320e+06   2.2216797e+01
   2.0119030e+06   2.0019531e+01
   2.0119350e+06   1.5319824e+01
   2.0119910e+06   2.3742676e+01
   2.0122790e+06   1.4404297e+01
   2.0188770e+06   1.4343262e+01
   2.0223870e+06   1.7028809e+01
   2.0224910e+06   2.0568848e+01
   2.0226710e+06   2.0446777e+01
   2.0227150e+06   1.7272949e+01
   2.0228220e+06   1.4404297e+01
   2.0228650e+06   1.5441895e+01
   2.0229130e+06   2.1728516e+01
   2.0230670e+06   2.3620605e+01
   2.0231940e+06   3.5034180e+01
   2.0232880e+06   1.8493652e+01
   2.0233290e+06   1.5991211e+01
   2.0233690e+06   1.9470215e+01
   2.0234070e+06   1.5930176e+01
   2.0234490e+06   2.0996094e+01
   2.0235890e+06   2.0385742e+01
   2.0236420e+06   2.3559570e+01
   2.0237140e+06   1.4160156e+01
   2.0237460e+06   2.5939941e+01
   2.0237760e+06   2.2766113e+01
   2.0238460e+06   1.6845703e+01
   2.0238890e+06   2.1057129e+01
   2.0239040e+06   2.1667480e+01
   2.0239740e+06   1.4831543e+01
   2.0240340e+06   1.6174316e+01
   2.0240760e+06   2.7954102e+01
   2.0240990e+06   1.6723633e+01
   2.0241610e+06   1.7333984e+01
   2.0242200e+06   1.8188477e+01
   2.0242580e+06   1.6540527e+01
   2.0243650e+06   2.1850586e+01
   2.0244460e+06   1.9226074e+01
   2.0244650e+06   1.4526367e+01
   2.0245060e+06   2.3986816e+01
   2.0245620e+06   1.6723633e+01
   2.0246130e+06   2.1606445e+01
   2.0246330e+06   1.5747070e+01
   2.0246700e+06   1.9531250e+01
   2.0247090e+06   1.6052246e+01
   2.0248340e+06   2.0935059e+01
   2.0249170e+06   1.4221191e+01
   2.0250690e+06   1.4526367e+01
   2.0929280e+06   1.5686035e+01
   2.0931310e+06   2.3193359e+01
   2.0931440e+06   1.5808105e+01
   2.0932630e+06   1.9287109e+01
   2.0932850e+06   1.4587402e+01
   2.0933050e+06   1.8432617e+01
   2.0933310e+06   2.0568848e+01
   2.0933970e+06   1.6784668e+01
   2.0934140e+06   1.6113281e+01
   2.0934770e+06   3.1921387e+01
   2.0935230e+06   1.9531250e+01
   2.0937420e+06   1.5197754e+01
   2.0937560e+06   1.4221191e+01
   2.1187870e+06   1.9042969e+01
   2.1249000e+06   1.4160156e+01
   2.1281760e+06   1.6357422e+01
   2.1373640e+06   2.4414062e+01
   2.1427220e+06   1.7089844e+01
   2.1458470e+06   1.6113281e+01
   2.1481090e+06   1.5380859e+01
   2.1488330e+06   1.7578125e+01
   2.1490540e+06   1.7944336e+01
   2.1506230e+06   1.9470215e+01
   2.1545540e+06   1.7944336e+01
   2.1598480e+06   1.9287109e+01
   2.1643940e+06   1.7517090e+01
   2.1665790e+06   2.0568848e+01
   2.1667040e+06   1.5991211e+01
   2.1704670e+06   1.9287109e+01
   2.1738220e+06   1.7456055e+01
   2.1767460e+06   1.9042969e+01
   2.1800600e+06   2.0019531e+01
   2.1801120e+06   1.6906738e+01
   2.1804370e+06   2.0690918e+01
   2.1815250e+06   1.8188477e+01
   2.1815770e+06   1.4892578e+01
   2.1816070e+06   2.0080566e+01
   2.1816250e+06   1.6601562e+01
   2.1816730e+06   2.9174805e+01
   2.1890640e+06   1.4526367e+01
   2.1950710e+06   1.8188477e+01
   2.2004950e+06   1.4709473e+01
   2.2032350e+06   1.8737793e+01
   2.2234990e+06   1.4221191e+01
   2.2260880e+06   1.5686035e+01
   2.2300540e+06   1.5686035e+01
   2.2301150e+06   1.6601562e+01
   2.2301290e+06   1.4526367e+01
   2.2318920e+06   1.6418457e+01
   2.2365780e+06   1.7150879e+01
   2.2399870e+06   1.7150879e+01
   2.2466050e+06   2.1606445e+01
   2.2504480e+06   1.6357422e+01
   2.2564090e+06   1.9348145e+01
   2.2785720e+06   1.7761230e+01
   2.2817060e+06   1.6784668e+01
   2.2990020e+06   2.1240234e+01
   2.3042960e+06   1.9226074e+01
   2.3081070e+06   1.8432617e+01
   2.3116310e+06   1.8005371e+01
   2.3147980e+06   1.6235352e+01
   2.3173150e+06   1.7211914e+01
   2.3192340e+06   1.8981934e+01
   2.3222890e+06   1.5686035e+01
   2.3271300e+06   1.6113281e+01
   2.3308680e+06   1.8554688e+01
   2.3376690e+06   1.8249512e+01
   2.3428540e+06   1.7578125e+01
   2.3445510e+06   2.0141602e+01
   2.3474560e+06   1.7639160e+01
   2.3484100e+06   1.6113281e+01
   2.3484910e+06   1.5380859e+01
   2.3485010e+06   2.8747559e+01
   2.3485230e+06   3.7963867e+01
   2.3485420e+06   1.4160156e+01
   2.3485710e+06   1.5380859e+01
   2.3485960e+06   2.6367188e+01
   2.3486210e+06   1.8249512e+01
   2.3486480e+06   1.4587402e+01
   2.3486590e+06   2.5512695e+01
   2.3486940e+06   1.4953613e+01
   2.3487440e+06   1.6235352e+01
   2.3487750e+06   3.5827637e+01
   2.3488100e+06   1.4404297e+01
   2.3488610e+06   1.4831543e+01
   2.3488770e+06   1.7761230e+01
   2.3489010e+06   1.8981934e+01
   2.3489480e+06   2.0080566e+01
   2.3489580e+06   1.4343262e+01
   2.3489940e+06   1.5686035e+01
   2.3490790e+06   1.5502930e+01
   2.3585020e+06   1.6479492e+01
   2.3633020e+06   1.7578125e+01
   2.3998760e+06   1.4831543e+01
   2.4019790e+06   2.1423340e+01
   2.4043910e+06   1.4953613e+01
   2.4072460e+06   1.7700195e+01
   2.4096810e+06   1.7211914e+01
   2.4133020e+06   1.4465332e+01
   2.4163490e+06   1.6845703e+01
   2.4171440e+06   1.9897461e+01
   2.4180850e+06   2.0385742e+01
   2.4196870e+06   1.8615723e+01
   2.4215550e+06   1.4465332e+01
   2.4216150e+06   1.5502930e+01
   2.4216520e+06   1.5258789e+01
   2.4216860e+06   4.1320801e+01
   2.4217000e+06   1.8310547e+01
   2.4217170e+06   1.7272949e+01
   2.4218110e+06   1.4221191e+01
   2.4218350e+06   3.0761719e+01
   2.4218530e+06   2.4169922e+01
   2.4218840e+06   1.5991211e+01
   2.4219100e+06   1.5136719e+01
   2.4219940e+06   2.4902344e+01
   2.4220290e+06   1.4221191e+01
   2.4222490e+06   1.7333984e+01
   2.4390610e+06   2.0385742e+01
   2.4478280e+06   1.8920898e+01
   2.4547610e+06   1.6052246e+01
   2.4622940e+06   1.8249512e+01
   2.4665060e+06   1.4892578e+01
   2.4687540e+06   1.5869141e+01
   2.4722020e+06   1.8371582e+01
   2.4756860e+06   1.7211914e+01
   2.4774410e+06   2.0141602e+01
   2.4794040e+06   1.6540527e+01
   2.4836080e+06   1.7395020e+01
   2.4841300e+06   1.5136719e+01
   2.4846360e+06   1.7517090e+01
   2.4849710e+06   1.7883301e+01
   2.4851570e+06   1.4709473e+01
   2.4960730e+06   1.9775391e+01
   2.4990040e+06   1.5319824e+01
   2.4993890e+06   2.0080566e+01
   2.4994540e+06   1.9165039e+01
   2.4997360e+06   1.6967773e+01
   2.5055400e+06   2.0935059e+01
   2.5069060e+06   1.7517090e+01
   2.5100310e+06   1.4953613e+01
   2.5129120e+06   1.5258789e+01
   2.5146190e+06   1.8066406e+01
   2.5172460e+06   1.6540527e+01
   2.5198420e+06   1.8249512e+01
   2.5214430e+06   1.7761230e+01
   2.5241160e+06   1.8066406e+01
   2.5259480e+06   1.9165039e+01
   2.5302040e+06   1.9897461e+01
   2.5349160e+06   1.9836426e+01
   2.5393200e+06   1.9042969e+01
   2.5405220e+06   1.8554688e+01
   2.5439910e+06   1.7944336e+01
   2.5454000e+06   1.7456055e+01
   2.5463380e+06   1.9409180e+01
   2.5468270e+06   1.8493652e+01
   2.5481130e+06   2.1118164e+01
   2.5481730e+06   1.7333984e+01
   2.5530240e+06   1.5686035e+01
   2.5589790e+06   2.0141602e+01
   2.5675040e+06   1.8493652e+01
   2.5731390e+06   1.8066406e+01
   2.5804120e+06   1.9409180e+01
   2.5936030e+06   1.4831543e+01
   2.5991690e+06   1.9409180e+01
   2.6041710e+06   1.5319824e+01
   2.6301390e+06   2.0629883e+01
   2.6308810e+06   2.0446777e+01
   2.6363170e+06   2.0690918e+01
   2.6476950e+06   1.7456055e+01
   2.6530600e+06   1.8188477e+01
   2.6558420e+06   1.4709473e+01
   2.6604780e+06   1.7333984e+01
   2.6631590e+06   1.5197754e+01
   2.6634880e+06   1.5930176e+01
   2.6650190e+06   1.9714355e+01
   2.6698950e+06   1.9042969e+01
   2.6757520e+06   1.8554688e+01
   2.6807110e+06   1.7272949e+01
   2.6879370e+06   1.6052246e+01
   2.7061850e+06   2.2949219e+01
   2.7180060e+06   1.9775391e+01
   2.7291730e+06   1.7639160e+01
   2.7355160e+06   1.6357422e+01
   2.7420180e+06   1.6906738e+01
   2.7426030e+06   1.7028809e+01
   2.7427330e+06   1.5380859e+01
   2.7427550e+06   2.8686523e+01
   2.7427750e+06   1.4892578e+01
   2.7428020e+06   1.4892578e+01
   2.7428250e+06   3.8208008e+01
   2.7428350e+06   1.9958496e+01
   2.7428540e+06   2.3376465e+01
   2.7428730e+06   2.0751953e+01
   2.7430070e+06   2.8625488e+01
   2.7431440e+06   2.0996094e+01
   2.7432980e+06   1.5075684e+01
   2.7434060e+06   2.9357910e+01
   2.7437470e+06   1.4465332e+01
   2.7567080e+06   1.7272949e+01
   2.7941150e+06   2.0751953e+01
   2.7985270e+06   1.7700195e+01
   2.8223460e+06   1.7456055e+01
   2.8299780e+06   1.7517090e+01
   2.8316980e+06   1.8249512e+01
   2.8327180e+06   1.7333984e+01
   2.8328340e+06   2.2338867e+01
   2.8329650e+06   3.9306641e+01
   2.8330800e+06   1.4404297e+01
   2.8331020e+06   1.7700195e+01
   2.8332380e+06   2.3620605e+01
   2.8332950e+06   1.6357422e+01
   2.8334590e+06   2.1606445e+01
   2.8338230e+06   1.4343262e+01
   2.8339070e+06   2.1484375e+01
   2.8861220e+06   2.0629883e+01
   2.8972620e+06   1.4160156e+01
   2.8973360e+06   1.4770508e+01
   2.8973560e+06   1.6052246e+01
   2.8974860e+06   3.1738281e+01
   2.8976470e+06   1.5014648e+01
   2.8977100e+06   2.2949219e+01
   2.8977670e+06   2.1545410e+01
   2.8979920e+06   2.9479980e+01
   2.8980300e+06   2.6855469e+01
   2.8981820e+06   1.4892578e+01
   2.8983610e+06   3.4057617e+01
   2.9271460e+06   2.1606445e+01
   2.9272060e+06   1.9287109e+01
   2.9278950e+06   1.8188477e+01
   2.9279900e+06   1.4282227e+01
   2.9280570e+06   1.6235352e+01
   2.9281350e+06   3.6193848e+01
   2.9283110e+06   3.3691406e+01
   2.9285750e+06   1.4160156e+01
   2.9286030e+06   3.0822754e+01
   2.9286690e+06   1.8310547e+01
   2.9291250e+06   3.4851074e+01
   2.9521370e+06   1.8005371e+01
   2.9522460e+06   1.4831543e+01
   2.9524570e+06   3.5400391e+01
   2.9526080e+06   3.0822754e+01
   2.9529670e+06   2.5634766e+01
   2.9530020e+06   2.3803711e+01
   2.9830750e+06   1.9409180e+01
   2.9833660e+06   1.9409180e+01
   2.9834130e+06   1.4160156e+01
   2.9834530e+06   1.5014648e+01
   2.9835760e+06   1.5808105e+01
   2.9836910e+06   1.4953613e+01
   2.9837030e+06   3.8024902e+01
   2.9840910e+06   2.8869629e+01
   2.9841010e+06   1.4648438e+01
   2.9844550e+06   2.5024414e+01
   2.9844940e+06   1.5075684e+01
   2.9847600e+06   2.0141602e+01
   2.9848120e+06   2.1789551e+01
   3.0292410e+06   2.0690918e+01
   3.0379850e+06   1.4343262e+01
   3.0384960e+06   1.6052246e+01
   3.0386150e+06   1.4221191e+01
   3.0386970e+06   1.4831543e+01
   3.0387260e+06   1.5502930e+01
   3.0387550e+06   3.4606934e+01
   3.0387650e+06   1.7272949e+01
   3.0389170e+06   3.2104492e+01
   3.0391300e+06   2.7343750e+01
   3.0392730e+06   1.5808105e+01
   3.0393850e+06   2.8869629e+01
   3.0394670e+06   1.4221191e+01
   3.0395810e+06   1.4221191e+01
   3.0396550e+06   1.7517090e+01
   3.0398980e+06   1.6418457e+01
   3.0647030e+06   1.6235352e+01
   3.0649970e+06   3.1616211e+01
   3.0650360e+06   1.4160156e+01
   3.0650990e+06   1.6174316e+01
   3.0651870e+06   3.5339355e+01
   3.0653890e+06   3.0578613e+01
   3.0656410e+06   2.8869629e+01
   3.0656870e+06   1.4343262e+01
   3.0662430e+06   1.4221191e+01
   3.1028910e+06   1.8249512e+01
   3.1202720e+06   1.7272949e+01
   3.1208930e+06   1.4526367e+01
   3.1209230e+06   1.7578125e+01
   3.1209900e+06   1.4709473e+01
   3.1210430e+06   3.9001465e+01
   3.1211610e+06   1.6052246e+01
   3.1211850e+06   1.5075684e+01
   3.1212300e+06   2.3559570e+01
   3.1214080e+06   1.4709473e+01
   3.1214920e+06   2.9907227e+01
   3.1480710e+06   2.0263672e+01
   3.1502060e+06   2.1484375e+01
   3.1506260e+06   1.4953613e+01
   3.1509070e+06   3.4973145e+01
   3.1509970e+06   1.8249512e+01
   3.1510950e+06   3.0395508e+01
   3.1511180e+06   1.5197754e+01
   3.1512100e+06   1.4770508e+01
   3.1516110e+06   3.1066895e+01
   3.1518980e+06   3.2775879e+01
   3.1698080e+06   2.0996094e+01
   3.1764600e+06   1.8859863e+01
   3.1765160e+06   1.6174316e+01
   3.1765370e+06   1.5014648e+01
   3.1765710e+06   2.2338867e+01
   3.1765990e+06   2.5878906e+01
   3.1766200e+06   5.1635742e+01
   3.1766420e+06   2.0996094e+01
   3.1766660e+06   2.3986816e+01
   3.1766760e+06   1.5319824e+01
   3.1766900e+06   2.4108887e+01
   3.1767110e+06   2.3193359e+01
   3.1767270e+06   1.5197754e+01
   3.1767580e+06   3.9611816e+01
   3.1767810e+06   1.4831543e+01
   3.1768170e+06   2.4536133e+01
   3.1768500e+06   2.6367188e+01
   3.1768700e+06   1.8981934e+01
   3.1769230e+06   2.4414062e+01
   3.1769790e+06   1.4404297e+01
   3.1769920e+06   1.7822266e+01
   3.1770220e+06   1.6296387e+01
   3.1770510e+06   1.5808105e+01
   3.1770820e+06   1.7211914e+01
   3.1771390e+06   1.7944336e+01
   3.1846360e+06   2.1362305e+01
   3.1991540e+06   1.8066406e+01
   3.2533770e+06   2.3315430e+01
   3.2571940e+06   2.1179199e+01
   3.2572420e+06   1.5136719e+01
   3.2584170e+06   1.4648438e+01
   3.2584280e+06   1.8493652e+01
   3.2585190e+06   1.6113281e+01
   3.2585850e+06   1.4831543e+01
   3.2586040e+06   3.7780762e+01
   3.2586920e+06   2.3498535e+01
   3.2587600e+06   1.7028809e+01
   3.2587830e+06   2.0507812e+01
   3.2588510e+06   2.3559570e+01
   3.2588640e+06   1.7822266e+01
   3.2589070e+06   3.7353516e+01
   3.2589880e+06   1.5014648e+01
   3.2590050e+06   1.4953613e+01
   3.2590390e+06   1.9409180e+01
   3.2591030e+06   1.7822266e+01
   3.2594080e+06   2.0202637e+01
   3.2981080e+06   1.8188477e+01
   3.2991640e+06   1.7395020e+01
   3.3008620e+06   1.7822266e+01
   3.3039890e+06   1.6174316e+01
   3.3045450e+06   1.6540527e+01
   3.3048830e+06   3.5461426e+01
   3.3050290e+06   2.8991699e+01
   3.3051920e+06   1.4343262e+01
   3.3052610e+06   3.0090332e+01
   3.3052720e+06   1.5808105e+01
   3.3054370e+06   3.2897949e+01
   3.3055430e+06   1.5625000e+01
   3.3056090e+06   2.4475098e+01
   3.3057320e+06   1.4160156e+01
   3.3249640e+06   1.8005371e+01
   3.3359100e+06   1.6235352e+01
   3.3370000e+06   1.7944336e+01
   3.3377700e+06   1.5808105e+01
   3.3382720e+06   3.4057617e+01
   3.3385780e+06   3.2592773e+01
   3.3387960e+06   2.7221680e+01
   3.3653590e+06   2.2338867e+01
   3.3747650e+06   1.6174316e+01
   3.3876880e+06   1.8798828e+01
   3.3887530e+06   1.8859863e+01
   3.3986950e+06   2.0202637e+01
   3.4006390e+06   2.0751953e+01
   3.4178990e+06   1.9958496e+01
   3.4183890e+06   1.9958496e+01
   3.4193920e+06   2.0568848e+01
   3.4199550e+06   1.6784668e+01
   3.4200550e+06   1.7883301e+01
   3.4273930e+06   1.8249512e+01
   3.4301520e+06   1.6235352e+01
   3.4524570e+06   1.8554688e+01
   3.4602040e+06   1.6052246e+01
   3.4662580e+06   1.8371582e+01
   3.4662940e+06   1.9653320e+01
   3.4664800e+06   1.4587402e+01
   3.4672390e+06   2.1911621e+01
   3.4788730e+06   1.7211914e+01
   3.4793160e+06   1.8432617e+01
   3.4862110e+06   1.7272949e+01
   3.4867070e+06   1.8798828e+01
   3.4942060e+06   2.2460938e+01
   3.4943840e+06   2.5146484e+01
   3.5024840e+06   1.8249512e+01
   3.5256590e+06   2.1545410e+01
   3.5258470e+06   1.5991211e+01
   3.5262030e+06   1.8127441e+01
   3.5263010e+06   1.8188477e+01
   3.5265190e+06   1.9531250e+01
   3.5277450e+06   1.9958496e+01
   3.5415930e+06   1.6296387e+01
   3.5599040e+06   1.7150879e+01
   3.5679060e+06   2.0385742e+01
   3.5684270e+06   2.0446777e+01
   3.5771180e+06   2.0202637e+01
   3.5891140e+06   1.6601562e+01
   3.5987970e+06   2.0263672e+01
   3.6045990e+06   1.8920898e+01
   3.6049430e+06   1.6662598e+01
   3.6049820e+06   1.7822266e+01
   3.6050100e+06   3.9550781e+01
   3.6050380e+06   3.1372070e+01
   3.6050520e+06   1.6113281e+01
   3.6050690e+06   3.7963867e+01
   3.6051280e+06   3.6926270e+01
   3.6051530e+06   2.2277832e+01
   3.6051820e+06   2.7160645e+01
   3.6052040e+06   1.9348145e+01
   3.6052180e+06   2.5268555e+01
   3.6052520e+06   2.2277832e+01
   3.6052800e+06   2.1789551e+01
   3.6052940e+06   1.5319824e+01
   3.6053200e+06   2.3010254e+01
   3.6053390e+06   1.5930176e+01
   3.6053630e+06   1.5991211e+01
   3.6053800e+06   1.7456055e+01
   3.6054170e+06   1.4282227e+01
   3.6054500e+06   1.9836426e+01
   3.6054820e+06   2.0446777e+01
   3.6055160e+06   1.4831543e+01
   3.6055430e+06   2.3742676e+01
   3.6057440e+06   1.8127441e+01
   3.6059180e+06   1.6296387e+01
   3.6140660e+06   2.1606445e+01
   3.6141980e+06   1.9897461e+01
   3.6142620e+06   1.4648437e+01
   3.6143960e+06   1.7822266e+01
   3.6145420e+06   1.6479492e+01
   3.6197570e+06   1.4160156e+01
   3.6198500e+06   1.5441895e+01
   3.6198670e+06   2.7770996e+01
   3.6198970e+06   2.0629883e+01
   3.6199350e+06   2.0019531e+01
   3.6199470e+06   2.2827148e+01
   3.6199670e+06   5.0537109e+01
   3.6199960e+06   2.9724121e+01
   3.6200080e+06   2.3437500e+01
   3.6200310e+06   2.5634766e+01
   3.6200490e+06   1.8737793e+01
   3.6200730e+06   3.8940430e+01
   3.6200960e+06   2.0568848e+01
   3.6201250e+06   2.5512695e+01
   3.6201610e+06   2.7709961e+01
   3.6201740e+06   2.6916504e+01
   3.6201920e+06   1.5869141e+01
   3.6202040e+06   1.5258789e+01
   3.6202400e+06   2.1728516e+01
   3.6202510e+06   2.2827148e+01
   3.6202640e+06   1.7089844e+01
   3.6202840e+06   2.2521973e+01
   3.6203250e+06   1.7822266e+01
   3.6203700e+06   1.7517090e+01
   3.6203820e+06   1.5502930e+01
   3.6203970e+06   1.6235352e+01
   3.6204100e+06   1.6357422e+01
   3.6204250e+06   1.7822266e+01
   3.6204550e+06   1.7089844e+01
   3.6204970e+06   1.6479492e+01
   3.6205170e+06   1.5014648e+01
   3.6205380e+06   1.4221191e+01
   3.6205900e+06   1.9409180e+01
   3.6206190e+06   2.4414062e+01
   3.6206350e+06   1.6540527e+01
   3.6206640e+06   1.5441895e+01
   3.6207020e+06   1.8859863e+01
   3.6207620e+06   1.7700195e+01
   3.6208170e+06   1.4221191e+01
   3.6208980e+06   1.7944336e+01
   3.6209810e+06   1.9592285e+01
   3.6210540e+06   1.4404297e+01
   3.6211510e+06   1.7822266e+01
   3.6211770e+06   1.4648438e+01
   3.6212170e+06   1.7639160e+01
   3.6213930e+06   1.6052246e+01
   3.6215150e+06   2.0690918e+01
   3.6217130e+06   1.5869141e+01
   3.6229390e+06   1.9409180e+01
   3.7257430e+06   1.8798828e+01
   3.7267310e+06   1.7211914e+01
   3.7267800e+06   1.7272949e+01
   3.7270190e+06   1.9592285e+01
   3.7272030e+06   2.3193359e+01
   3.7273170e+06   1.4831543e+01
   3.7274590e+06   1.4221191e+01
   3.7275120e+06   3.7841797e+01
   3.7275300e+06   1.4160156e+01
   3.7275450e+06   2.2399902e+01
   3.7275600e+06   2.3620605e+01
   3.7275730e+06   3.0029297e+01
   3.7276060e+06   4.0771484e+01
   3.7276280e+06   2.6916504e+01
   3.7276390e+06   1.6113281e+01
   3.7276560e+06   1.9592285e+01
   3.7276720e+06   2.0874023e+01
   3.7276860e+06   1.7944336e+01
   3.7277050e+06   3.7231445e+01
   3.7277240e+06   2.1728516e+01
   3.7277480e+06   1.9836426e+01
   3.7277650e+06   2.8808594e+01
   3.7278200e+06   1.7517090e+01
   3.7278320e+06   1.5380859e+01
   3.7278500e+06   2.2155762e+01
   3.7278620e+06   2.3620605e+01
   3.7279190e+06   1.8554688e+01
   3.7279360e+06   1.7700195e+01
   3.7279830e+06   1.7089844e+01
   3.7280450e+06   1.7822266e+01
   3.7282640e+06   1.5930176e+01
   3.7287550e+06   1.7272949e+01
   3.7290100e+06   1.4465332e+01
   3.8005380e+06   1.9409180e+01
   3.8066510e+06   1.8371582e+01
   3.8090320e+06   1.8005371e+01
   3.8161410e+06   1.8432617e+01
   3.8166750e+06   1.6052246e+01
   3.8195000e+06   2.0019531e+01
   3.8219410e+06   2.0446777e+01
   3.8221120e+06   1.7822266e+01
   3.8235220e+06   1.8188477e+01
   3.8235650e+06   1.5869141e+01
   3.8236040e+06   1.4282227e+01
   3.8236650e+06   1.4953613e+01
   3.8236830e+06   1.5563965e+01
   3.8237350e+06   1.4221191e+01
   3.8237670e+06   1.8066406e+01
   3.8238620e+06   1.8310547e+01
   3.8239060e+06   3.7597656e+01
   3.8239200e+06   1.8310547e+01
   3.8239760e+06   1.5380859e+01
   3.8240310e+06   2.2399902e+01
   3.8240430e+06   1.9348145e+01
   3.8240790e+06   1.5197754e+01
   3.8241220e+06   2.1179199e+01
   3.8241470e+06   1.7700195e+01
   3.8242630e+06   1.5136719e+01
   3.8243200e+06   3.4423828e+01
   3.8243340e+06   2.3925781e+01
   3.8247130e+06   1.6601562e+01
   3.8321710e+06   1.8615723e+01
   3.8358690e+06   2.1423340e+01
   3.8377530e+06   2.0507812e+01
   3.8400440e+06   1.7883301e+01
   3.8427440e+06   1.5136719e+01
   3.8440270e+06   1.6418457e+01
   3.8458750e+06   2.2766113e+01
   3.8481340e+06   1.8310547e+01
   3.8493490e+06   1.6357422e+01
   3.8523400e+06   1.6052246e+01
   3.8535980e+06   1.5747070e+01
   3.8547090e+06   1.9165039e+01
   3.8562640e+06   1.6174316e+01
   3.8565670e+06   1.6845703e+01
   3.8570940e+06   1.4892578e+01
   3.8572430e+06   2.2949219e+01
   3.8572670e+06   1.4343262e+01
   3.8573030e+06   1.4892578e+01
   3.8573420e+06   1.8737793e+01
   3.8573560e+06   1.5197754e+01
   3.8574150e+06   1.5319824e+01
   3.8574380e+06   1.5258789e+01
   3.8574550e+06   2.7221680e+01
   3.8574660e+06   2.8808594e+01
   3.8575540e+06   2.1850586e+01
   3.8576380e+06   1.8859863e+01
   3.8672140e+06   1.4770508e+01
   3.8695530e+06   1.7883301e+01
   3.8742240e+06   1.6296387e+01
   3.8764230e+06   2.0385742e+01
   3.8789310e+06   1.7578125e+01
   3.8801900e+06   1.8676758e+01
   3.8823140e+06   2.0019531e+01
   3.8834910e+06   1.6845703e+01
   3.8850570e+06   1.8615723e+01
   3.8861260e+06   1.8249512e+01
   3.8871830e+06   1.4282227e+01
   3.8884660e+06   1.5380859e+01
   3.8901300e+06   1.8432617e+01
   3.8922990e+06   1.9592285e+01
   3.8927900e+06   1.4770508e+01
   3.8929220e+06   2.3986816e+01
   3.8941320e+06   1.7822266e+01
   3.8941770e+06   2.3986816e+01
   3.8941900e+06   1.9409180e+01
   3.8942550e+06   1.8249512e+01
   3.8944260e+06   1.5930176e+01
   3.8944940e+06   1.6113281e+01
   3.8946030e+06   1.4831543e+01
   3.8947290e+06   2.0812988e+01
   3.9066810e+06   1.8554688e+01
   3.9113100e+06   1.6479492e+01
   3.9144690e+06   1.7089844e+01
   3.9163910e+06   1.6174316e+01
   3.9209900e+06   1.8432617e+01
   3.9237200e+06   1.7639160e+01
   3.9273810e+06   1.5991211e+01
   3.9285290e+06   1.5869141e+01
   3.9307810e+06   1.7517090e+01
   3.9322690e+06   1.7578125e+01
   3.9327080e+06   1.7333984e+01
   3.9338550e+06   1.5747070e+01
   3.9356030e+06   1.6052246e+01
   3.9361080e+06   1.5747070e+01
   3.9371640e+06   1.6113281e+01
   3.9372590e+06   2.5573730e+01
   3.9389100e+06   1.7761230e+01
   3.9391310e+06   1.4709473e+01
   3.9392860e+06   1.5258789e+01
   3.9394280e+06   1.5563965e+01
   3.9448520e+06   1.6845703e+01
   3.9483330e+06   1.9409180e+01
   3.9503220e+06   1.8798828e+01
   3.9529060e+06   1.5808105e+01
   3.9553680e+06   1.5014648e+01
   3.9583210e+06   1.6662598e+01
   3.9591330e+06   2.1301270e+01
   3.9606560e+06   2.2399902e+01
   3.9624850e+06   1.7028809e+01
   3.9636470e+06   1.9226074e+01
   3.9650570e+06   1.7028809e+01
   3.9676280e+06   1.4709473e+01
   3.9705140e+06   1.7700195e+01
   3.9736090e+06   1.4465332e+01
   3.9761940e+06   1.8066406e+01
   3.9785530e+06   1.6418457e+01
   3.9816920e+06   1.9287109e+01
   3.9846710e+06   2.0507812e+01
   3.9862030e+06   1.9104004e+01
   3.9870450e+06   2.0751953e+01
   3.9870640e+06   3.5156250e+01
   3.9870910e+06   2.2460938e+01
   3.9871010e+06   2.8869629e+01
   3.9871200e+06   2.7709961e+01
   3.9871340e+06   3.0822754e+01
   3.9871480e+06   2.7832031e+01
   3.9871640e+06   1.5075684e+01
   3.9871960e+06   3.5278320e+01
   3.9872340e+06   2.0507813e+01
   3.9872480e+06   2.5512695e+01
   3.9872580e+06   2.3376465e+01
   3.9872730e+06   1.7456055e+01
   3.9873030e+06   2.2338867e+01
   3.9873400e+06   1.7333984e+01
   3.9873500e+06   1.5441895e+01
   3.9873660e+06   2.0507812e+01
   3.9873920e+06   2.0874023e+01
   3.9874170e+06   2.4353027e+01
   3.9874420e+06   2.1911621e+01
   3.9874570e+06   1.8737793e+01
   3.9874880e+06   1.7333984e+01
   3.9875230e+06   1.6540527e+01
   3.9875500e+06   1.7333984e+01
   3.9875730e+06   2.0568848e+01
   3.9875890e+06   1.4770508e+01
   3.9876300e+06   1.4404297e+01
   3.9876800e+06   1.8371582e+01
   3.9878180e+06   1.5075684e+01
   3.9973130e+06   1.9897461e+01
   3.9975280e+06   1.5380859e+01
   3.9976930e+06   2.1423340e+01
   3.9978390e+06   1.8920898e+01
   3.9979070e+06   1.4221191e+01
   3.9980950e+06   1.5075684e+01
   3.9982480e+06   1.4648437e+01
   3.9983530e+06   2.0629883e+01
   3.9983840e+06   2.1179199e+01
   3.9984100e+06   1.4587402e+01
   3.9984460e+06   1.4770508e+01
   3.9984940e+06   1.7883301e+01
   3.9985270e+06   1.4343262e+01
   3.9985400e+06   1.8737793e+01
   3.9986200e+06   2.1179199e+01
   3.9986320e+06   1.7944336e+01
   3.9986760e+06   1.7639160e+01
   3.9987140e+06   1.5014648e+01
   3.9987510e+06   1.9104004e+01
   3.9987640e+06   2.5695801e+01
   3.9987840e+06   1.7333984e+01
   3.9987980e+06   1.4282227e+01
   3.9988330e+06   1.5625000e+01
   3.9988640e+06   2.4047852e+01
   3.9989120e+06   1.4770508e+01
   3.9989480e+06   3.4606934e+01
   3.9990300e+06   2.4047852e+01
   3.9990440e+06   1.5136719e+01
   3.9990870e+06   2.6245117e+01
   3.9991050e+06   1.4770508e+01
   3.9991230e+06   3.2043457e+01
   3.9992130e+06   2.2033691e+01
   3.9992260e+06   1.7639160e+01
   3.9992760e+06   1.4221191e+01
   3.9993000e+06   3.5461426e+01
   3.9993100e+06   1.5930176e+01
   3.9993220e+06   2.3742676e+01
   3.9993690e+06   1.4282227e+01
   3.9993940e+06   1.4709473e+01
   3.9994370e+06   2.4536133e+01
   3.9995130e+06   2.9174805e+01
   3.9995600e+06   1.4648438e+01
   3.9995730e+06   1.5441895e+01
   3.9995950e+06   1.4953613e+01
   3.9996340e+06   2.7526855e+01
   3.9997230e+06   1.5319824e+01
   3.9997590e+06   2.5512695e+01
   3.9998650e+06   1.7883301e+01
   4.0000920e+06   1.7883301e+01
   4.0648800e+06   2.0812988e+01
   4.0649230e+06   3.7536621e+01
   4.0649350e+06   2.5939941e+01
   4.0649540e+06   1.8249512e+01
   4.0649730e+06   2.6855469e+01
   4.0649830e+06   2.0568848e+01
   4.0649930e+06   4.6386719e+01
   4.0650180e+06   1.7211914e+01
   4.0650500e+06   3.2653809e+01
   4.0650680e+06   2.8625488e+01
   4.0650830e+06   1.7639160e+01
   4.0651000e+06   2.8686523e+01
   4.0651140e+06   2.0812988e+01
   4.0651390e+06   2.4780273e+01
   4.0651590e+06   1.5502930e+01
   4.0651770e+06   2.6428223e+01
   4.0651880e+06   2.1118164e+01
   4.0652050e+06   2.2827148e+01
   4.0652210e+06   1.7150879e+01
   4.0652590e+06   1.6601562e+01
   4.0652900e+06   1.7211914e+01
   4.0653250e+06   1.7028809e+01
   4.0653430e+06   1.9226074e+01
   4.0653660e+06   1.7028809e+01
   4.0653970e+06   1.6052246e+01
   4.0654350e+06   1.5625000e+01
   4.0654530e+06   1.5014648e+01
   4.0654890e+06   1.5502930e+01
   4.0655850e+06   1.4160156e+01
   4.0656810e+06   1.6723633e+01
   4.0658660e+06   1.5014648e+01
   4.0661720e+06   1.7639160e+01
   4.1345250e+06   1.8981934e+01
   4.1371050e+06   1.6357422e+01
   4.1411820e+06   1.4587402e+01
   4.1488890e+06   1.6479492e+01
   4.1525330e+06   1.5869141e+01
   4.1528040e+06   1.6784668e+01
   4.1583240e+06   1.8920898e+01
   4.1584070e+06   1.8798828e+01
   4.1600810e+06   2.0385742e+01
   4.1610230e+06   1.8737793e+01
   4.1632990e+06   1.5136719e+01
   4.1656100e+06   1.8737793e+01
   4.1767570e+06   2.0324707e+01
   4.1816890e+06   2.0324707e+01
   4.1819770e+06   1.6418457e+01
   4.1821270e+06   1.7456055e+01
   4.1823720e+06   1.9470215e+01
   4.1828170e+06   2.0385742e+01
   4.1830930e+06   1.4709473e+01
   4.1835030e+06   1.9409180e+01
   4.1836530e+06   1.9287109e+01
   4.1843590e+06   2.0080566e+01
   4.1850060e+06   1.4770508e+01
   4.1850500e+06   1.6784668e+01
   4.1850680e+06   2.5146484e+01
   4.1851010e+06   2.1972656e+01
   4.1851120e+06   1.8066406e+01
   4.1851250e+06   4.9438477e+01
   4.1851540e+06   1.8859863e+01
   4.1851640e+06   2.4108887e+01
   4.1851820e+06   2.2766113e+01
   4.1851940e+06   3.3264160e+01
   4.1852120e+06   1.8920898e+01
   4.1852270e+06   2.6000977e+01
   4.1852440e+06   3.6132812e+01
   4.1852600e+06   3.1555176e+01
   4.1852740e+06   2.0690918e+01
   4.1852890e+06   3.6743164e+01
   4.1853300e+06   3.3874512e+01
   4.1853510e+06   1.7456055e+01
   4.1853710e+06   2.0507813e+01
   4.1853880e+06   2.8869629e+01
   4.1854570e+06   2.9785156e+01
   4.1854790e+06   2.7587891e+01
   4.1855120e+06   2.4353027e+01
   4.1855580e+06   1.7272949e+01
   4.1855960e+06   1.8737793e+01
   4.1856220e+06   1.8615723e+01
   4.1856400e+06   1.4892578e+01
   4.1856790e+06   2.4047852e+01
   4.1857220e+06   1.4587402e+01
   4.1857860e+06   1.4953613e+01
   4.1858670e+06   1.7089844e+01
   4.1860170e+06   1.6845703e+01
   4.2494130e+06   1.9287109e+01
   4.2522790e+06   1.4953613e+01
   4.2523360e+06   1.8005371e+01
   4.2528990e+06   1.4770508e+01
   4.2529560e+06   1.5808105e+01
   4.2529960e+06   2.3864746e+01
   4.2530280e+06   3.2043457e+01
   4.2530390e+06   2.2949219e+01
   4.2530560e+06   2.1850586e+01
   4.2530710e+06   3.5766602e+01
   4.2530930e+06   2.4597168e+01
   4.2531040e+06   3.4912109e+01
   4.2531400e+06   2.7160645e+01
   4.2531540e+06   3.5827637e+01
   4.2531700e+06   2.9907227e+01
   4.2531910e+06   2.3376465e+01
   4.2532220e+06   2.2460938e+01
   4.2532490e+06   2.6428223e+01
   4.2532670e+06   1.7089844e+01
   4.2532800e+06   1.4160156e+01
   4.2533160e+06   3.7719727e+01
   4.2533350e+06   1.5747070e+01
   4.2533470e+06   1.5014648e+01
   4.2533630e+06   1.4221191e+01
   4.2534130e+06   1.7333984e+01
   4.2534550e+06   2.5268555e+01
   4.2535500e+06   1.8493652e+01
   4.2536150e+06   1.7028809e+01
   4.2538180e+06   1.7333984e+01
   4.2540830e+06   1.4404297e+01
   4.3188250e+06   1.6601562e+01
   4.3197440e+06   2.0507812e+01
   4.3303560e+06   1.8127441e+01
   4.3514590e+06   1.8493652e+01
   4.3538830e+06   2.0568848e+01
   4.3551370e+06   1.6723633e+01
   4.3571350e+06   1.7089844e+01
   4.3571990e+06   1.8066406e+01
   4.3586650e+06   1.5075684e+01
   4.3587160e+06   1.5930176e+01
   4.3587800e+06   3.2348633e+01
   4.3588270e+06   2.6245117e+01
   4.3588450e+06   3.1066895e+01
   4.3588610e+06   2.7160645e+01
   4.3588810e+06   4.0161133e+01
   4.3589070e+06   1.8981934e+01
   4.3589250e+06   1.6601562e+01
   4.3589360e+06   4.1015625e+01
   4.3589610e+06   1.6174316e+01
   4.3589940e+06   2.7648926e+01
   4.3590140e+06   1.6052246e+01
   4.3590270e+06   2.3376465e+01
   4.3590470e+06   1.7944336e+01
   4.3590680e+06   2.1850586e+01
   4.3591010e+06   1.8432617e+01
   4.3591270e+06   2.1484375e+01
   4.3591800e+06   2.9479980e+01
   4.3591990e+06   2.3071289e+01
   4.3592570e+06   1.7700195e+01
   4.3592770e+06   2.3010254e+01
   4.3593080e+06   2.2766113e+01
   4.3593390e+06   2.0446777e+01
   4.3593910e+06   1.6906738e+01
   4.3595120e+06   1.4831543e+01
   4.3596020e+06   1.9531250e+01
   4.3597920e+06   1.6784668e+01
   4.4264850e+06   1.7517090e+01
   4.4413720e+06   1.7700195e+01
   4.4456250e+06   1.8920898e+01
   4.4534690e+06   1.9348145e+01
   4.4560970e+06   1.7883301e+01
   4.4576980e+06   1.7578125e+01
   4.4593900e+06   1.6052246e+01
   4.4607740e+06   1.8066406e+01
   4.4621230e+06   1.9470215e+01
   4.4632290e+06   1.8371582e+01
   4.4659220e+06   1.7395020e+01
   4.4662290e+06   1.9592285e+01
   4.4693280e+06   1.6967773e+01
   4.4706710e+06   1.6723633e+01
   4.4741330e+06   1.6845703e+01
   4.4778670e+06   1.7211914e+01
   4.4794710e+06   1.8981934e+01
   4.4840310e+06   1.7822266e+01
   4.4900110e+06   1.8493652e+01
   4.4900800e+06   1.6418457e+01
   4.4903430e+06   2.1484375e+01
   4.4935270e+06   1.8798828e+01
   4.4965130e+06   1.8310547e+01
   4.4989630e+06   1.9714355e+01
   4.5030280e+06   1.4160156e+01
   4.5030410e+06   2.7404785e+01
   4.5030730e+06   1.6296387e+01
   4.5030910e+06   2.6245117e+01
   4.5031160e+06   5.0964355e+01
   4.5031650e+06   2.0996094e+01
   4.5031940e+06   2.1118164e+01
   4.5032090e+06   2.2460938e+01
   4.5032550e+06   3.6499023e+01
   4.5032790e+06   3.4118652e+01
   4.5032930e+06   1.6906738e+01
   4.5033310e+06   1.4587402e+01
   4.5033610e+06   2.8259277e+01
   4.5033970e+06   1.5197754e+01
   4.5034090e+06   1.5075684e+01
   4.5034350e+06   2.9235840e+01
   4.5034650e+06   1.8615723e+01
   4.5035050e+06   1.7211914e+01
   4.5035170e+06   2.6184082e+01
   4.5035800e+06   1.7272949e+01
   4.5035980e+06   1.4282227e+01
   4.5036350e+06   1.5625000e+01
   4.5135530e+06   2.0080566e+01
   4.5157660e+06   1.9104004e+01
   4.5200650e+06   2.0202637e+01
   4.5250940e+06   1.5319824e+01
   4.5653880e+06   1.4831543e+01
   4.5673580e+06   1.5136719e+01
   4.5693950e+06   1.6052246e+01
   4.5723230e+06   1.8310547e+01
   4.5757740e+06   1.7333984e+01
   4.5779440e+06   2.0141602e+01
   4.5807360e+06   1.7761230e+01
   4.5858090e+06   2.0385742e+01
   4.5874290e+06   2.0568848e+01
   4.5874590e+06   2.0568848e+01
   4.5874920e+06   1.5930176e+01
   4.5875320e+06   4.6142578e+01
   4.5875420e+06   1.8981934e+01
   4.5876280e+06   2.9174805e+01
   4.5876510e+06   2.6062012e+01
   4.5876630e+06   1.4160156e+01
   4.5876910e+06   1.8066406e+01
   4.5877230e+06   1.7822266e+01
   4.5877330e+06   1.8737793e+01
   4.5878060e+06   1.6296387e+01
   4.5878800e+06   1.7639160e+01
   4.5879160e+06   2.5085449e+01
   4.5880020e+06   2.0812988e+01
   4.5880150e+06   2.2705078e+01
   4.5977450e+06   1.4526367e+01
   4.5999390e+06   1.9226074e+01
   4.6025410e+06   1.8859863e+01
   4.6035570e+06   2.0385742e+01
   4.6052830e+06   1.5991211e+01
   4.6053590e+06   1.4648438e+01
   4.6055010e+06   1.9836426e+01
   4.6055440e+06   3.6376953e+01
   4.6057380e+06   2.7954102e+01
   4.6057700e+06   1.6906738e+01
   4.6058660e+06   1.4465332e+01
   4.6059570e+06   2.4658203e+01
   4.6062410e+06   1.5258789e+01
   4.6062640e+06   3.1677246e+01
   4.6343690e+06   1.8127441e+01
   4.6359850e+06   1.7761230e+01
   4.6394890e+06   1.7150879e+01
   4.6432350e+06   1.6418457e+01
   4.6490100e+06   1.8310547e+01
   4.6543790e+06   1.6906738e+01
   4.6642470e+06   1.5258789e+01
   4.6642720e+06   1.5563965e+01
   4.6643110e+06   1.4892578e+01
   4.6643250e+06   2.0263672e+01
   4.6643700e+06   1.9653320e+01
   4.6643900e+06   3.0822754e+01
   4.6644850e+06   1.7028809e+01
   4.6645080e+06   2.5939941e+01
   4.6645220e+06   2.1057129e+01
   4.6645690e+06   2.1057129e+01
   4.6645820e+06   1.6235352e+01
   4.6646160e+06   3.0883789e+01
   4.6646270e+06   2.4536133e+01
   4.6646670e+06   1.4709473e+01
   4.6647200e+06   1.7700195e+01
   4.6647460e+06   2.2827148e+01
   4.6649540e+06   1.6601562e+01
   4.6651350e+06   1.5319824e+01
   4.6651820e+06   2.4658203e+01
   4.6654110e+06   1.4221191e+01
   4.6871760e+06   1.8493652e+01
   4.6882800e+06   2.0202637e+01
   4.6883080e+06   1.5136719e+01
   4.6883850e+06   1.5869141e+01
   4.6884180e+06   1.6723633e+01
   4.6885940e+06   1.8371582e+01
   4.6886060e+06   3.0456543e+01
   4.6886860e+06   1.4526367e+01
   4.6889050e+06   2.8625488e+01
   4.6891010e+06   2.7832031e+01
   4.7145740e+06   2.0446777e+01
   4.7218190e+06   1.7028809e+01
   4.7355810e+06   1.6723633e+01
   4.7644010e+06   1.5869141e+01
   4.7667680e+06   1.9409180e+01
   4.7689950e+06   1.6967773e+01
   4.7726280e+06   1.6235352e+01
   4.7755460e+06   1.8615723e+01
   4.7765110e+06   1.8493652e+01
   4.7765510e+06   1.4831543e+01
   4.7771100e+06   2.2094727e+01
   4.7833840e+06   1.7761230e+01
   4.7883580e+06   1.6235352e+01
   4.7907250e+06   1.4770508e+01
   4.7914930e+06   1.4892578e+01
   4.7915740e+06   1.5136719e+01
   4.7916170e+06   2.0629883e+01
   4.7916360e+06   1.5991211e+01
   4.7916520e+06   4.0527344e+01
   4.7916780e+06   1.4770508e+01
   4.7917030e+06   1.7944336e+01
   4.7917320e+06   1.4648438e+01
   4.7917470e+06   2.5024414e+01
   4.7917660e+06   1.5869141e+01
   4.7917840e+06   1.5319824e+01
   4.7917990e+06   1.5747070e+01
   4.7918390e+06   1.7761230e+01
   4.7918850e+06   2.0996094e+01
   4.7919070e+06   1.9104004e+01
   4.7919230e+06   1.7883301e+01
   4.7919380e+06   1.5014648e+01
   4.7919640e+06   1.8005371e+01
   4.7919960e+06   2.4780273e+01
   4.7920140e+06   1.5380859e+01
   4.7921090e+06   2.6672363e+01
   4.7921210e+06   2.4902344e+01
   4.7921800e+06   1.4648438e+01
   4.7922140e+06   1.9714355e+01
   4.7932680e+06   1.4709473e+01
   4.8036940e+06   1.8188477e+01
   4.8139880e+06   1.6906738e+01
   4.8369240e+06   1.6174316e+01
   4.8410070e+06   1.6418457e+01
   4.8410680e+06   1.8981934e+01
   4.8419900e+06   1.6906738e+01
   4.8420870e+06   1.4221191e+01
   4.8422240e+06   3.3020020e+01
   4.8422500e+06   1.5014648e+01
   4.8423490e+06   2.7526855e+01
   4.8424810e+06   1.9958496e+01
   4.8426610e+06   2.1118164e+01
   4.8427960e+06   1.7700195e+01
   4.8429840e+06   2.4291992e+01
   4.8431000e+06   1.4282227e+01
   4.8981160e+06   1.9165039e+01
   4.9035270e+06   1.6967773e+01
   4.9192140e+06   1.5197754e+01
   4.9192700e+06   1.9226074e+01
   4.9198510e+06   2.0629883e+01
   4.9198660e+06   1.7578125e+01
   4.9199620e+06   1.4648438e+01
   4.9200610e+06   3.8146973e+01
   4.9203000e+06   3.1616211e+01
   4.9204530e+06   2.5878906e+01
   4.9206490e+06   1.7578125e+01
   4.9206700e+06   2.7282715e+01
   4.9210090e+06   2.8076172e+01
   4.9766780e+06   1.5808105e+01
   4.9799720e+06   1.8249512e+01
   4.9914350e+06   1.6906738e+01
   4.9920780e+06   1.4221191e+01
   4.9921970e+06   1.6418457e+01
   4.9923290e+06   1.5197754e+01
   4.9924390e+06   3.9794922e+01
   4.9925410e+06   1.4526367e+01
   4.9926190e+06   2.6489258e+01
   4.9928630e+06   3.2043457e+01
   4.9929370e+06   1.5808105e+01
   4.9931580e+06   2.3864746e+01
   4.9933650e+06   1.4221191e+01
   5.0520280e+06   1.8249512e+01
   5.0522150e+06   2.0935059e+01
   5.0523240e+06   1.5014648e+01
   5.0525520e+06   1.4282227e+01
   5.0526130e+06   3.2043457e+01
   5.0528450e+06   3.0212402e+01
   5.0530100e+06   3.1188965e+01
   5.0573720e+06   1.4160156e+01
   5.1046520e+06   1.8005371e+01
   5.1050490e+06   2.0751953e+01
   5.1051800e+06   1.7333984e+01
   5.1052290e+06   1.4465332e+01
   5.1053080e+06   3.5156250e+01
   5.1053480e+06   1.4709473e+01
   5.1054170e+06   1.4343262e+01
   5.1055340e+06   3.6621094e+01
   5.1057410e+06   2.8320312e+01
   5.1059750e+06   2.4658203e+01
   5.1060050e+06   2.8381348e+01
   5.1064380e+06   1.6906738e+01
   5.1482580e+06   1.9897461e+01
   5.1723700e+06   1.6723633e+01
   5.1731230e+06   1.9775391e+01
   5.1731870e+06   1.5258789e+01
   5.1850600e+06   1.8554688e+01
   5.1966470e+06   1.8249512e+01
   5.2266870e+06   2.1606445e+01
   5.2436580e+06   1.4953613e+01
   5.2437300e+06   1.5686035e+01
   5.2437450e+06   1.4221191e+01
   5.2438280e+06   1.5197754e+01
   5.2438510e+06   3.8757324e+01
   5.2438760e+06   1.4160156e+01
   5.2439010e+06   1.5747070e+01
   5.2439310e+06   2.0568848e+01
   5.2439560e+06   1.7578125e+01
   5.2439930e+06   2.1850586e+01
   5.2440260e+06   1.6296387e+01
   5.2440470e+06   1.6845703e+01
   5.2440630e+06   1.9653320e+01
   5.2440950e+06   1.5625000e+01
   5.2441220e+06   2.6000977e+01
   5.2441330e+06   2.7160645e+01
   5.2441660e+06   1.5014648e+01
   5.2442290e+06   1.9042969e+01
   5.2442770e+06   1.5136719e+01
   5.2443370e+06   1.4343262e+01
   5.2443980e+06   2.3376465e+01
   5.2444350e+06   1.4404297e+01
   5.2445200e+06   2.6184082e+01
   5.2545480e+06   1.6662598e+01
   5.2603990e+06   1.7333984e+01
   5.2695530e+06   1.6967773e+01
   5.2882510e+06   1.4953613e+01
   5.2910920e+06   1.7211914e+01
   5.3034470e+06   1.5747070e+01
   5.3066050e+06   1.6723633e+01
   5.3131040e+06   2.2216797e+01
   5.3131690e+06   1.7456055e+01
   5.3236280e+06   1.8371582e+01
   5.3674920e+06   1.7395020e+01
   5.3811690e+06   1.8676758e+01
   5.3820360e+06   1.4770508e+01
   5.3820750e+06   1.8615723e+01
   5.3821280e+06   1.7639160e+01
   5.3821400e+06   1.5075684e+01
   5.3822080e+06   4.4860840e+01
   5.3822910e+06   1.8920898e+01
   5.3823080e+06   2.6855469e+01
   5.3823770e+06   1.5258789e+01
   5.3824230e+06   1.5075684e+01
   5.3825330e+06   1.4404297e+01
   5.3825530e+06   1.9104004e+01
   5.3826560e+06   2.8442383e+01
   5.3828560e+06   1.4160156e+01
   5.3829490e+06   2.7832031e+01
   5.3830660e+06   1.5625000e+01
   5.3834330e+06   1.4892578e+01
   5.4428050e+06   1.5869141e+01
   5.4433250e+06   1.4953613e+01
   5.4438520e+06   2.0690918e+01
   5.4446370e+06   1.7761230e+01
   5.4460800e+06   1.4221191e+01
   5.4461440e+06   1.4404297e+01
   5.4463460e+06   3.2226562e+01
   5.4465070e+06   3.0395508e+01
   5.4466160e+06   2.1362305e+01
   5.4468040e+06   2.7954102e+01
   5.4468720e+06   1.4343262e+01
   5.4470820e+06   3.0456543e+01
   5.5065700e+06   2.0202637e+01
   5.5087900e+06   1.7395020e+01
   5.5117680e+06   1.7517090e+01
   5.5185290e+06   1.8066406e+01
   5.5189740e+06   2.0629883e+01
   5.5191680e+06   1.7639160e+01
   5.5201380e+06   1.6052246e+01
   5.5201520e+06   1.6906738e+01
   5.5201720e+06   2.0751953e+01
   5.5202030e+06   1.9470215e+01
   5.5202200e+06   3.8635254e+01
   5.5202780e+06   2.3376465e+01
   5.5203110e+06   2.3010254e+01
   5.5204560e+06   1.6784668e+01
   5.5205400e+06   1.6479492e+01
   5.5206260e+06   2.3254395e+01
   5.5208810e+06   1.4343262e+01
   5.5210150e+06   2.7404785e+01
   5.5325620e+06   1.7333984e+01
   5.5473620e+06   1.8676758e+01
   5.5569430e+06   1.6784668e+01
   5.5572000e+06   1.4892578e+01
   5.5591670e+06   1.8188477e+01
   5.5596370e+06   1.8249512e+01
   5.5774390e+06   1.7089844e+01
   5.5796980e+06   2.0568848e+01
   5.5816090e+06   1.5075684e+01
   5.5843220e+06   1.4892578e+01
   5.5903260e+06   1.4404297e+01
   5.5911050e+06   1.9287109e+01
   5.5946180e+06   1.7944336e+01
   5.5987070e+06   1.6357422e+01
   5.6004840e+06   1.7700195e+01
   5.6032560e+06   1.6845703e+01
   5.6065790e+06   1.7700195e+01
   5.6137980e+06   2.0751953e+01
   5.6415310e+06   2.0141602e+01
   5.6633060e+06   2.0019531e+01
   5.6852540e+06   1.5563965e+01
   5.7018760e+06   2.0996094e+01
   5.7263570e+06   1.5563965e+01
   5.7263780e+06   2.7526855e+01
   5.7263880e+06   2.3315430e+01
   5.7264030e+06   1.5869141e+01
   5.7264190e+06   3.6376953e+01
   5.7264460e+06   2.3193359e+01
   5.7264730e+06   3.9001465e+01
   5.7265010e+06   1.7272949e+01
   5.7265290e+06   4.0100098e+01
   5.7265450e+06   2.4230957e+01
   5.7265590e+06   2.4414062e+01
   5.7265840e+06   2.5390625e+01
   5.7266190e+06   2.0263672e+01
   5.7266420e+06   2.0019531e+01
   5.7266560e+06   2.3864746e+01
   5.7266850e+06   1.7761230e+01
   5.7267120e+06   1.4282227e+01
   5.7267220e+06   2.0446777e+01
   5.7267480e+06   2.4230957e+01
   5.7267940e+06   1.9348145e+01
   5.7268140e+06   1.4221191e+01
   5.7268430e+06   1.4648438e+01
   5.7268660e+06   2.2216797e+01
   5.7270780e+06   1.5075684e+01
   5.7273230e+06   1.4343262e+01
   5.7275620e+06   1.9470215e+01
   5.8112150e+06   1.9165039e+01
   5.8123900e+06   1.4831543e+01
   5.8124350e+06   1.4282227e+01
   5.8126050e+06   1.5502930e+01
   5.8126620e+06   1.4892578e+01
   5.8127100e+06   3.5949707e+01
   5.8127380e+06   1.4404297e+01
   5.8127600e+06   2.8381348e+01
   5.8127820e+06   2.0690918e+01
   5.8128670e+06   2.9663086e+01
   5.8129070e+06   2.4597168e+01
   5.8129230e+06   1.6357422e+01
   5.8130060e+06   2.1667480e+01
   5.8130300e+06   3.3691406e+01
   5.8130920e+06   2.3193359e+01
   5.8131580e+06   2.3498535e+01
   5.8132060e+06   2.4353027e+01
   5.8132220e+06   2.0202637e+01
   5.8133080e+06   1.8920898e+01
   5.8133270e+06   1.8615723e+01
   5.8133510e+06   1.4526367e+01
   5.8133680e+06   1.4343262e+01
   5.8134380e+06   2.1179199e+01
   5.8134590e+06   1.7211914e+01
   5.8135870e+06   2.1911621e+01
   5.8136010e+06   3.1860352e+01
   5.8137760e+06   1.5563965e+01
   5.8252840e+06   2.1179199e+01
   5.8284670e+06   1.5563965e+01
   5.8426820e+06   2.0935059e+01
   5.8439250e+06   1.6906738e+01
   5.8441010e+06   1.7272949e+01
   5.8441280e+06   2.1240234e+01
   5.8441490e+06   1.5563965e+01
   5.8441840e+06   3.6926270e+01
   5.8442040e+06   1.9592285e+01
   5.8442170e+06   3.3081055e+01
   5.8442590e+06   1.9714355e+01
   5.8442810e+06   3.2897949e+01
   5.8442980e+06   3.4179688e+01
   5.8443250e+06   3.0883789e+01
   5.8443440e+06   3.4667969e+01
   5.8444000e+06   2.4475098e+01
   5.8444160e+06   1.9958496e+01
   5.8444380e+06   2.1057129e+01
   5.8444640e+06   3.5705566e+01
   5.8445000e+06   1.6845703e+01
   5.8445180e+06   2.3864746e+01
   5.8445350e+06   1.7089844e+01
   5.8445490e+06   2.0446777e+01
   5.8445910e+06   1.7272949e+01
   5.8446040e+06   1.8371582e+01
   5.8446430e+06   1.9165039e+01
   5.8447150e+06   1.8493652e+01
   5.8447380e+06   2.0751953e+01
   5.8449800e+06   1.5869141e+01
   5.8450040e+06   1.5380859e+01
   5.8450760e+06   1.5380859e+01
   5.8452440e+06   1.4221191e+01
   5.8454800e+06   1.5502930e+01
   5.9190930e+06   2.3376465e+01
   5.9193860e+06   1.6418457e+01
   5.9242640e+06   1.8737793e+01
   5.9245510e+06   1.8615723e+01
   5.9261450e+06   1.9104004e+01
   5.9267630e+06   1.6601562e+01
   5.9293630e+06   1.6967773e+01
   5.9306560e+06   2.0202637e+01
   5.9344230e+06   1.6418457e+01
   5.9361440e+06   1.6479492e+01
   5.9366520e+06   1.7639160e+01
   5.9377910e+06   1.7944336e+01
   5.9393600e+06   2.1728516e+01
   5.9394960e+06   2.4780273e+01
   5.9401050e+06   1.9409180e+01
   5.9401710e+06   1.6052246e+01
   5.9402280e+06   1.5808105e+01
   5.9402660e+06   3.0639648e+01
   5.9402950e+06   3.9611816e+01
   5.9403070e+06   1.7700195e+01
   5.9403320e+06   2.7160645e+01
   5.9403510e+06   2.5024414e+01
   5.9403740e+06   1.9104004e+01
   5.9403890e+06   2.3254395e+01
   5.9404030e+06   2.0812988e+01
   5.9404190e+06   1.8066406e+01
   5.9404360e+06   1.6235352e+01
   5.9404560e+06   3.8391113e+01
   5.9404940e+06   1.6235352e+01
   5.9405050e+06   2.8686523e+01
   5.9405260e+06   3.4667969e+01
   5.9405440e+06   2.0141602e+01
   5.9405650e+06   2.3010254e+01
   5.9405830e+06   2.1850586e+01
   5.9406020e+06   2.9418945e+01
   5.9406160e+06   1.7578125e+01
   5.9406400e+06   1.6967773e+01
   5.9406910e+06   2.5085449e+01
   5.9407490e+06   2.8808594e+01
   5.9408140e+06   1.9042969e+01
   5.9408360e+06   2.2216797e+01
   5.9408630e+06   1.8859863e+01
   5.9409370e+06   1.5869141e+01
   5.9410070e+06   1.4953613e+01
   5.9410970e+06   1.4770508e+01
   5.9885180e+06   2.0019531e+01
   5.9919720e+06   1.9775391e+01
   5.9967710e+06   1.8066406e+01
   5.9989130e+06   2.0385742e+01
