   5.9990000e+06   0.0000000e+00
   4.2704000e+04   1.6418457e+01
   4.2800000e+04   1.7150879e+01
   4.3030000e+04   1.4282227e+01
   4.3170000e+04   1.7272949e+01
   4.3604000e+04   1.6418457e+01
   4.3738000e+04   1.7150879e+01
   4.3788000e+04   1.6967773e+01
   4.4022000e+04   1.8615723e+01
   9.2214000e+04   1.4465332e+01
   9.2529000e+04   1.7761230e+01
   9.2860000e+04   1.6357422e+01
   9.2976000e+04   1.6723633e+01
   9.3202000e+04   1.4526367e+01
   9.3348000e+04   1.4831543e+01
   9.3490000e+04   1.5075684e+01
   9.3742000e+04   1.6174316e+01
   9.4074000e+04   2.2460938e+01
   9.4115000e+04   1.5563965e+01
   9.4376000e+04   1.4953613e+01
   1.1612100e+05   1.5441895e+01
   1.1613200e+05   1.6357422e+01
   1.1672500e+05   1.7028809e+01
   1.5398000e+05   2.0263672e+01
   1.5424900e+05   1.9958496e+01
   1.5448000e+05   1.4465332e+01
   1.5459400e+05   1.9409180e+01
   1.6684900e+05   1.8188477e+01
   1.8897700e+05   1.5441895e+01
   1.8969400e+05   1.5625000e+01
   2.0069800e+05   2.2644043e+01
   2.0091600e+05   1.7700195e+01
   2.1230600e+05   1.6723633e+01
   2.1240500e+05   1.7822266e+01
   2.3532200e+05   1.8798828e+01
   2.3550900e+05   2.2155762e+01
   2.3600200e+05   2.0019531e+01
   2.3609800e+05   1.5686035e+01
   2.6183200e+05   2.4719238e+01
   2.6190100e+05   2.4414063e+01
   2.6191900e+05   1.4404297e+01
   2.6193600e+05   2.4597168e+01
   2.6198700e+05   2.1484375e+01
   2.6200600e+05   1.4953613e+01
   2.6202500e+05   1.6357422e+01
   2.6205200e+05   2.3437500e+01
   2.6208100e+05   2.0874023e+01
   2.6211200e+05   1.4526367e+01
   2.6212200e+05   1.8371582e+01
   2.6214500e+05   1.9287109e+01
   2.6216300e+05   1.4404297e+01
   2.6219000e+05   1.7517090e+01
   2.6220300e+05   1.9531250e+01
   2.6226400e+05   1.9958496e+01
   2.6234500e+05   1.7639160e+01
   2.7781500e+05   1.4770508e+01
   2.7800700e+05   1.6113281e+01
   2.7822000e+05   1.8371582e+01
   2.7883100e+05   1.4648438e+01
   2.7898100e+05   1.5258789e+01
   2.7908900e+05   1.6540527e+01
   2.7916000e+05   1.9653320e+01
   2.7930300e+05   1.6662598e+01
   2.7964900e+05   1.6601562e+01
   2.7982000e+05   1.6967773e+01
   2.7995300e+05   1.6967773e+01
   2.8016500e+05   1.7150879e+01
   2.8028200e+05   2.0568848e+01
   2.8033200e+05   1.6174316e+01
   2.8057700e+05   1.4709473e+01
   2.8060400e+05   1.5380859e+01
   2.8070100e+05   1.5380859e+01
   2.8091400e+05   1.5441895e+01
   2.8114500e+05   1.4953613e+01
   2.8130800e+05   1.4282227e+01
   2.8158100e+05   1.4465332e+01
   2.8180400e+05   1.4770508e+01
   3.7107900e+05   2.1850586e+01
   3.7185000e+05   1.6418457e+01
   3.7198200e+05   1.6967773e+01
   3.7211300e+05   1.6357422e+01
   3.7228500e+05   1.6052246e+01
   3.7244100e+05   1.5625000e+01
   3.7267800e+05   1.6906738e+01
   3.7282700e+05   1.6662598e+01
   3.8792600e+05   1.8554688e+01
   3.8794600e+05   1.5686035e+01
   4.0307900e+05   1.7700195e+01
   4.0310900e+05   2.3681641e+01
   4.0313400e+05   1.8432617e+01
   4.0314800e+05   2.1972656e+01
   4.0317500e+05   1.5808105e+01
   4.0320300e+05   1.4282227e+01
   4.0322600e+05   1.9531250e+01
   4.0323900e+05   1.5563965e+01
   4.0328700e+05   1.4953613e+01
   4.0333300e+05   1.6540527e+01
   4.0335900e+05   2.1606445e+01
   4.0340900e+05   1.6540527e+01
   4.5181800e+05   1.9592285e+01
   4.5252000e+05   1.5380859e+01
   4.5266700e+05   1.4770508e+01
   4.7617300e+05   1.6357422e+01
   4.8014800e+05   1.9958496e+01
   5.0864400e+05   1.7578125e+01
   5.2500600e+05   2.0324707e+01
   5.2508200e+05   1.4526367e+01
   5.2512600e+05   3.1555176e+01
   5.2513600e+05   1.6540527e+01
   5.2518000e+05   1.4953613e+01
   5.2521800e+05   1.8371582e+01
   5.2538800e+05   1.5625000e+01
   5.2551700e+05   1.5319824e+01
   5.6828500e+05   1.4343262e+01
   5.9325500e+05   1.4526367e+01
   5.9408200e+05   1.9714355e+01
   5.9425400e+05   1.6235352e+01
   6.0953000e+05   2.2521973e+01
   6.2427600e+05   1.6174316e+01
   6.2444500e+05   1.7333984e+01
   6.2484500e+05   1.8005371e+01
   6.2550500e+05   1.5441895e+01
   6.2582400e+05   1.4953613e+01
   6.3514600e+05   2.1545410e+01
   6.3524700e+05   1.4343262e+01
   6.3526400e+05   2.7832031e+01
   6.3529600e+05   1.7822266e+01
   6.3534300e+05   2.2399902e+01
   6.3540400e+05   2.1667480e+01
   6.3549500e+05   1.5930176e+01
   6.3560800e+05   1.6418457e+01
   6.5905200e+05   2.0874023e+01
   6.5919700e+05   1.7150879e+01
   6.5945300e+05   1.8737793e+01
   6.5983400e+05   1.5747070e+01
   6.6006500e+05   1.4831543e+01
   7.2259700e+05   2.2521973e+01
   7.3613300e+05   2.4536133e+01
   7.3676400e+05   1.7028809e+01
   7.3714100e+05   1.7150879e+01
   7.6759500e+05   1.6784668e+01
   7.6770900e+05   1.5563965e+01
   7.6773600e+05   1.6357422e+01
   7.6874500e+05   1.4465332e+01
   7.7726600e+05   2.2644043e+01
   7.7737900e+05   1.6662598e+01
   7.7764100e+05   2.1606445e+01
   7.7827400e+05   1.4526367e+01
   7.7838800e+05   1.9836426e+01
   7.9828100e+05   1.8066406e+01
   7.9921300e+05   1.4465332e+01
   7.9923600e+05   1.7089844e+01
   8.3545200e+05   1.7761230e+01
   8.3586400e+05   1.7761230e+01
   8.6502300e+05   1.9042969e+01
   9.0182100e+05   1.7883301e+01
   9.0201300e+05   1.8554688e+01
   9.0211900e+05   1.6479492e+01
   9.0274000e+05   1.4831543e+01
   9.2680300e+05   1.7822266e+01
   9.2715200e+05   2.1179199e+01
   9.5451400e+05   1.8066406e+01
   9.5462200e+05   1.5075684e+01
   9.6817800e+05   1.5014648e+01
   9.6920700e+05   1.7639160e+01
   9.6937100e+05   1.5625000e+01
   9.6956800e+05   1.7578125e+01
   1.0098070e+06   1.4465332e+01
   1.0100950e+06   1.8066406e+01
   1.0340350e+06   1.5136719e+01
   1.0340780e+06   1.9714355e+01
   1.0341300e+06   1.4343262e+01
   1.0341540e+06   1.6784668e+01
   1.0342130e+06   1.5136719e+01
   1.0343390e+06   1.4343262e+01
   1.0346090e+06   1.6235352e+01
   1.0349690e+06   1.4648438e+01
   1.0351180e+06   1.8920898e+01
   1.0353200e+06   1.4587402e+01
   1.0353510e+06   1.4953613e+01
   1.0358300e+06   1.5197754e+01
   1.0667510e+06   1.4709473e+01
   1.0670370e+06   1.6723633e+01
   1.1180890e+06   1.6418457e+01
   1.1365090e+06   2.1301270e+01
   1.1370550e+06   1.6967773e+01
   1.1374640e+06   1.9409180e+01
   1.1375630e+06   1.4648438e+01
   1.1382070e+06   1.5441895e+01
   1.1384390e+06   1.7456055e+01
   1.1388510e+06   1.6784668e+01
   1.1517630e+06   3.0334473e+01
   1.1518380e+06   1.8493652e+01
   1.1519320e+06   1.6601562e+01
   1.1520400e+06   1.7700195e+01
   1.1969920e+06   1.7944336e+01
   1.1975750e+06   1.5014648e+01
   1.1980250e+06   1.4770508e+01
   1.1985200e+06   1.4282227e+01
   1.1989450e+06   1.9653320e+01
   1.1992160e+06   1.6906738e+01
   1.1995980e+06   1.4526367e+01
   1.2476450e+06   1.4709473e+01
   1.2476930e+06   1.6479492e+01
   1.2481490e+06   1.5930176e+01
   1.2600080e+06   1.9470215e+01
   1.2601340e+06   2.3925781e+01
   1.2602370e+06   1.9226074e+01
   1.2603390e+06   1.8005371e+01
   1.2606710e+06   1.5319824e+01
   1.2607440e+06   1.4770508e+01
   1.3271470e+06   1.6601562e+01
   1.3502870e+06   1.4465332e+01
   1.3504160e+06   1.9714355e+01
   1.3574530e+06   2.8747559e+01
   1.3575410e+06   2.2216797e+01
   1.3576540e+06   2.3803711e+01
   1.3577020e+06   1.8249512e+01
   1.3577130e+06   1.5380859e+01
   1.3577700e+06   1.7578125e+01
   1.3578010e+06   1.8066406e+01
   1.3578800e+06   2.1179199e+01
   1.3579100e+06   1.8493652e+01
   1.3579590e+06   1.6418457e+01
   1.3581280e+06   1.7639160e+01
   1.3695200e+06   1.5502930e+01
   1.3696680e+06   1.5075684e+01
   1.3696910e+06   1.6601562e+01
   1.3704300e+06   1.8981934e+01
   1.3710100e+06   1.6296387e+01
   1.3711620e+06   1.8371582e+01
   1.3714190e+06   1.5991211e+01
   1.3716990e+06   1.5380859e+01
   1.3721350e+06   1.7211914e+01
   1.4412240e+06   1.6479492e+01
   1.4412990e+06   1.9470215e+01
   1.4413470e+06   1.8798828e+01
   1.4413920e+06   2.6184082e+01
   1.4414290e+06   1.4282227e+01
   1.4414700e+06   2.2949219e+01
   1.4414830e+06   1.9165039e+01
   1.4416490e+06   1.7089844e+01
   1.4418590e+06   1.8127441e+01
   1.4420250e+06   1.4831543e+01
   1.4422130e+06   1.8737793e+01
   1.5069910e+06   1.7150879e+01
   1.5070940e+06   1.9775391e+01
   1.5073760e+06   1.4465332e+01
   1.5075130e+06   1.8371582e+01
   1.5076320e+06   1.5625000e+01
   1.5078110e+06   1.4953613e+01
   1.5636210e+06   1.5991211e+01
   1.6139040e+06   1.6784668e+01
   1.6143420e+06   1.7883301e+01
   1.6148070e+06   1.4953613e+01
   1.6151580e+06   1.6906738e+01
   1.6154580e+06   1.7456055e+01
   1.6156060e+06   1.4465332e+01
   1.6468600e+06   1.9348145e+01
   1.6809880e+06   1.5136719e+01
   1.6813820e+06   1.8920898e+01
   1.7243190e+06   1.4465332e+01
   1.7243620e+06   2.2644043e+01
   1.7248490e+06   1.7944336e+01
   1.7253700e+06   1.6174316e+01
   1.7683590e+06   2.2338867e+01
   1.8059880e+06   1.5991211e+01
   1.8061620e+06   1.6845703e+01
   1.8065480e+06   1.8249512e+01
   1.8067290e+06   2.0019531e+01
   1.8068570e+06   1.7761230e+01
   1.8092600e+06   1.4770508e+01
   1.8095320e+06   1.6174316e+01
   1.8515120e+06   1.5075684e+01
   1.8516230e+06   2.2644043e+01
   1.8516360e+06   1.6296387e+01
   1.8516840e+06   2.7343750e+01
   1.8517080e+06   1.5625000e+01
   1.8517320e+06   1.8371582e+01
   1.8518040e+06   1.8981934e+01
   1.8518200e+06   1.6845703e+01
   1.8519250e+06   1.7333984e+01
   1.8520840e+06   1.4526367e+01
   1.8521260e+06   2.4841309e+01
   1.8521990e+06   1.4709473e+01
   1.8657660e+06   1.4282227e+01
   1.8669530e+06   2.1667480e+01
   1.8673960e+06   1.9958496e+01
   1.8674800e+06   1.5869141e+01
   1.8676280e+06   1.8310547e+01
   1.8676610e+06   1.4587402e+01
   1.9427040e+06   1.5441895e+01
   1.9433270e+06   1.7395020e+01
   1.9434550e+06   1.9592285e+01
   1.9438740e+06   1.8554688e+01
   1.9440550e+06   1.4709473e+01
   1.9440830e+06   1.4892578e+01
   1.9907020e+06   1.5197754e+01
   2.0110700e+06   2.5329590e+01
   2.0111220e+06   1.9226074e+01
   2.0111750e+06   1.4526367e+01
   2.0112150e+06   1.6357422e+01
   2.0112430e+06   1.7700195e+01
   2.0112540e+06   2.1911621e+01
   2.0112660e+06   1.5380859e+01
   2.0113230e+06   1.9714355e+01
   2.0113340e+06   1.8920898e+01
   2.0113730e+06   1.6174316e+01
   2.0114000e+06   2.6794434e+01
   2.0114160e+06   1.6845703e+01
   2.0114760e+06   1.8615723e+01
   2.0115030e+06   1.5014648e+01
   2.0115350e+06   1.8981934e+01
   2.0226480e+06   1.4343262e+01
   2.0228060e+06   1.6601562e+01
   2.0239700e+06   1.7333984e+01
   2.0241340e+06   2.1850586e+01
   2.0243190e+06   1.7028809e+01
   2.0244430e+06   1.5563965e+01
   2.0246720e+06   1.8737793e+01
   2.0249850e+06   1.6174316e+01
   2.0252300e+06   1.5380859e+01
   2.0911790e+06   1.4343262e+01
   2.0928040e+06   1.9409180e+01
   2.0929660e+06   1.4831543e+01
   2.0931720e+06   1.7822266e+01
   2.0934600e+06   1.9470215e+01
   2.0936790e+06   1.5625000e+01
   2.1491760e+06   1.6906738e+01
   2.1499520e+06   1.6662598e+01
   2.1501660e+06   1.7333984e+01
   2.1504190e+06   1.9287109e+01
   2.1504400e+06   1.4953613e+01
   2.1506440e+06   1.7761230e+01
   2.1806330e+06   1.9714355e+01
   2.1814630e+06   1.7089844e+01
   2.1818670e+06   1.6845703e+01
   2.2301410e+06   1.9653320e+01
   2.2308490e+06   1.5869141e+01
   2.2310500e+06   1.9409180e+01
   2.2983520e+06   1.8798828e+01
   2.3485700e+06   1.9775391e+01
   2.3486240e+06   2.7221680e+01
   2.3486550e+06   1.4282227e+01
   2.3486700e+06   1.9531250e+01
   2.3487140e+06   1.9409180e+01
   2.3487510e+06   2.2094727e+01
   2.3488070e+06   1.4404297e+01
   2.3488200e+06   2.2094727e+01
   2.3488670e+06   1.4831543e+01
   2.3488910e+06   2.1362305e+01
   2.4208130e+06   1.4953613e+01
   2.4208760e+06   1.5258789e+01
   2.4212920e+06   2.6123047e+01
   2.4213450e+06   1.5991211e+01
   2.4213650e+06   1.6174316e+01
   2.4214020e+06   1.4465332e+01
   2.4214930e+06   1.4648438e+01
   2.4215130e+06   2.3376465e+01
   2.4215730e+06   1.5441895e+01
   2.4216150e+06   1.8371582e+01
   2.4217260e+06   1.5319824e+01
   2.4218540e+06   1.7333984e+01
   2.4220660e+06   1.4831543e+01
   2.4838300e+06   1.4587402e+01
   2.4848750e+06   1.8310547e+01
   2.4850170e+06   1.5625000e+01
   2.4851200e+06   1.7211914e+01
   2.5000170e+06   1.9409180e+01
   2.5002380e+06   1.6296387e+01
   2.5317490e+06   1.5625000e+01
   2.5463150e+06   1.8310547e+01
   2.5463960e+06   1.9042969e+01
   2.5469370e+06   1.6174316e+01
   2.5473190e+06   1.4709473e+01
   2.6292760e+06   2.0446777e+01
   2.6311800e+06   1.5075684e+01
   2.6313870e+06   1.5136719e+01
   2.6632770e+06   2.1179199e+01
   2.6635010e+06   1.8798828e+01
   2.6639290e+06   1.5441895e+01
   2.6640220e+06   1.7456055e+01
   2.6640620e+06   1.5502930e+01
   2.6642570e+06   1.6418457e+01
   2.7058020e+06   1.8249512e+01
   2.7418450e+06   1.8371582e+01
   2.7432600e+06   1.8554688e+01
   2.7435710e+06   1.5686035e+01
   2.7437320e+06   1.8737793e+01
   2.7437690e+06   1.5014648e+01
   2.7439050e+06   1.9409180e+01
   2.7441660e+06   1.8798828e+01
   2.7445510e+06   1.8188477e+01
   2.7446990e+06   1.5686035e+01
   2.7449770e+06   1.7944336e+01
   2.8313850e+06   1.4343262e+01
   2.8315770e+06   2.0751953e+01
   2.8320210e+06   1.8493652e+01
   2.8324030e+06   1.9348145e+01
   2.8324750e+06   1.5502930e+01
   2.8325860e+06   1.4465332e+01
   2.8326920e+06   1.8493652e+01
   2.8331600e+06   1.5258789e+01
   2.8333270e+06   1.4465332e+01
   2.8336290e+06   1.4465332e+01
   2.8337530e+06   1.5441895e+01
   2.8343460e+06   1.8859863e+01
   2.8345200e+06   1.6784668e+01
   2.8963860e+06   1.5380859e+01
   2.8969530e+06   1.8493652e+01
   2.8970320e+06   1.4709473e+01
   2.8972350e+06   1.4709473e+01
   2.8973490e+06   1.4770508e+01
   2.8976190e+06   1.5258789e+01
   2.8976710e+06   1.6723633e+01
   2.8978900e+06   1.6662598e+01
   2.8980040e+06   1.6540527e+01
   2.8980230e+06   1.4282227e+01
   2.8981180e+06   1.4770508e+01
   2.9271360e+06   2.2949219e+01
   2.9273050e+06   2.0996094e+01
   2.9275750e+06   1.6662598e+01
   2.9276330e+06   1.8859863e+01
   2.9278170e+06   1.5625000e+01
   2.9283640e+06   1.6296387e+01
   2.9285360e+06   1.6174316e+01
   2.9287400e+06   1.6662598e+01
   2.9289870e+06   1.5380859e+01
   2.9290760e+06   1.8981934e+01
   2.9511840e+06   1.7028809e+01
   2.9514970e+06   1.9653320e+01
   2.9515370e+06   1.7578125e+01
   2.9518380e+06   1.5869141e+01
   2.9519140e+06   1.4831543e+01
   2.9521900e+06   1.9165039e+01
   2.9525070e+06   1.9287109e+01
   2.9528990e+06   1.8554688e+01
   2.9532090e+06   1.5502930e+01
   2.9533310e+06   1.6052246e+01
   2.9535450e+06   1.6662598e+01
   2.9822450e+06   1.5563965e+01
   2.9829020e+06   1.8371582e+01
   2.9830920e+06   2.0019531e+01
   2.9831860e+06   1.5258789e+01
   2.9834040e+06   1.4465332e+01
   2.9838300e+06   1.6967773e+01
   2.9838650e+06   1.7333984e+01
   2.9839670e+06   1.5502930e+01
   2.9841850e+06   1.7028809e+01
   2.9843620e+06   1.7028809e+01
   2.9843950e+06   1.4648438e+01
   2.9846230e+06   1.5014648e+01
   2.9853950e+06   1.7333984e+01
   3.0377410e+06   1.4282227e+01
   3.0381960e+06   1.4709473e+01
   3.0388220e+06   1.6479492e+01
   3.0388540e+06   1.4221191e+01
   3.0389680e+06   1.5625000e+01
   3.0391560e+06   1.7028809e+01
   3.0391960e+06   1.8310547e+01
   3.0393550e+06   1.8920898e+01
   3.0395240e+06   1.5625000e+01
   3.0398710e+06   1.7456055e+01
   3.0400290e+06   1.7822266e+01
   3.0401180e+06   1.6906738e+01
   3.0638710e+06   1.9348145e+01
   3.0643820e+06   1.6357422e+01
   3.0644750e+06   1.5441895e+01
   3.0645660e+06   1.4221191e+01
   3.0649650e+06   1.9531250e+01
   3.0651320e+06   1.7761230e+01
   3.0652530e+06   1.4404297e+01
   3.0652650e+06   1.9348145e+01
   3.0654290e+06   1.6662598e+01
   3.0655920e+06   1.4160156e+01
   3.0656100e+06   1.5197754e+01
   3.1204620e+06   1.4831543e+01
   3.1205430e+06   1.5258789e+01
   3.1206480e+06   1.5014648e+01
   3.1210130e+06   1.5441895e+01
   3.1212680e+06   1.8371582e+01
   3.1214450e+06   1.5136719e+01
   3.1215420e+06   1.4404297e+01
   3.1217620e+06   1.5380859e+01
   3.1498450e+06   1.4648438e+01
   3.1498760e+06   1.7272949e+01
   3.1503710e+06   1.8310547e+01
   3.1504780e+06   1.4465332e+01
   3.1505960e+06   1.5686035e+01
   3.1511490e+06   1.5441895e+01
   3.1515090e+06   1.6601563e+01
   3.1520670e+06   1.4526367e+01
   3.1523160e+06   1.8127441e+01
   3.1767220e+06   3.0029297e+01
   3.1767570e+06   2.1423340e+01
   3.1767840e+06   1.5319824e+01
   3.1768030e+06   1.6418457e+01
   3.1768160e+06   1.7089844e+01
   3.1768390e+06   1.6662598e+01
   3.1768610e+06   1.8371582e+01
   3.1768810e+06   2.7038574e+01
   3.1769270e+06   1.6357422e+01
   3.1769520e+06   2.1240234e+01
   3.1770120e+06   1.7211914e+01
   3.1771370e+06   1.5319824e+01
   3.2577640e+06   1.5686035e+01
   3.2579230e+06   1.4953613e+01
   3.2581680e+06   1.4282227e+01
   3.2582470e+06   1.7150879e+01
   3.2584330e+06   1.5319824e+01
   3.2586620e+06   2.1667480e+01
   3.2591460e+06   1.7883301e+01
   3.3037880e+06   1.8554688e+01
   3.3038520e+06   1.5319824e+01
   3.3038750e+06   1.4465332e+01
   3.3042540e+06   1.6662598e+01
   3.3046680e+06   1.4526367e+01
   3.3054710e+06   1.4282227e+01
   3.3366430e+06   1.5136719e+01
   3.3367400e+06   1.5747070e+01
   3.3368420e+06   1.4770508e+01
   3.3373530e+06   1.8127441e+01
   3.3374500e+06   1.4709473e+01
   3.3376070e+06   1.5930176e+01
   3.3377170e+06   1.5258789e+01
   3.3380220e+06   1.5625000e+01
   3.3386170e+06   1.5808105e+01
   3.3387490e+06   1.4221191e+01
   3.3390480e+06   1.5930176e+01
   3.4005050e+06   2.0263672e+01
   3.4187620e+06   1.9165039e+01
   3.4188080e+06   1.5502930e+01
   3.4191560e+06   1.7089844e+01
   3.4196800e+06   2.0874023e+01
   3.4199350e+06   1.9165039e+01
   3.4660870e+06   1.4160156e+01
   3.4661020e+06   1.8676758e+01
   3.4668920e+06   1.9165039e+01
   3.4671690e+06   2.0324707e+01
   3.4943980e+06   1.4892578e+01
   3.4945960e+06   2.5573730e+01
   3.5263630e+06   1.4587402e+01
   3.5263740e+06   1.9836426e+01
   3.6042980e+06   1.9409180e+01
   3.6045410e+06   1.9714355e+01
   3.6046620e+06   1.5930176e+01
   3.6051070e+06   3.5278320e+01
   3.6051300e+06   1.4465332e+01
   3.6051590e+06   2.4414062e+01
   3.6051850e+06   2.7770996e+01
   3.6052110e+06   2.4536133e+01
   3.6052270e+06   2.6855469e+01
   3.6052490e+06   2.1545410e+01
   3.6052770e+06   1.7272949e+01
   3.6053140e+06   1.4160156e+01
   3.6053700e+06   1.7028809e+01
   3.6054340e+06   1.5991211e+01
   3.6054510e+06   1.6906738e+01
   3.6055280e+06   1.4770508e+01
   3.6201250e+06   2.8869629e+01
   3.6201670e+06   2.2583008e+01
   3.6201990e+06   2.0751953e+01
   3.6202280e+06   1.7639160e+01
   3.6202560e+06   1.7089844e+01
   3.6203730e+06   1.4648438e+01
   3.6203830e+06   1.4831543e+01
   3.6204540e+06   2.0874023e+01
   3.6205230e+06   1.4404297e+01
   3.6208440e+06   1.9775391e+01
   3.6208740e+06   1.4221191e+01
   3.6211430e+06   1.5991211e+01
   3.7276310e+06   3.3630371e+01
   3.7276590e+06   2.3681641e+01
   3.7276690e+06   2.8198242e+01
   3.7276950e+06   1.5808105e+01
   3.7277310e+06   1.8005371e+01
   3.7277460e+06   2.1240234e+01
   3.7277670e+06   1.5563965e+01
   3.7277790e+06   1.4892578e+01
   3.7278030e+06   1.6113281e+01
   3.7278340e+06   1.5319824e+01
   3.7279160e+06   1.9714355e+01
   3.7280350e+06   1.4404297e+01
   3.8225410e+06   1.4648438e+01
   3.8237670e+06   1.7944336e+01
   3.8238870e+06   1.7150879e+01
   3.8240940e+06   1.4831543e+01
   3.8243710e+06   1.7639160e+01
   3.8345290e+06   1.4221191e+01
   3.8552230e+06   1.9653320e+01
   3.8560630e+06   1.6906738e+01
   3.8567090e+06   1.7883301e+01
   3.8569160e+06   1.7089844e+01
   3.8570940e+06   1.6357422e+01
   3.8573440e+06   1.4343262e+01
   3.8925850e+06   1.4343262e+01
   3.8926010e+06   1.8005371e+01
   3.8933790e+06   1.7761230e+01
   3.8939750e+06   1.6967773e+01
   3.8940900e+06   1.5441895e+01
   3.9370580e+06   2.1423340e+01
   3.9381770e+06   2.1911621e+01
   3.9383620e+06   1.8310547e+01
   3.9387520e+06   1.5380859e+01
   3.9868100e+06   2.5512695e+01
   3.9868620e+06   2.3437500e+01
   3.9868720e+06   1.4709473e+01
   3.9869210e+06   1.8859863e+01
   3.9869320e+06   2.6611328e+01
   3.9869550e+06   1.6784668e+01
   3.9869750e+06   1.7944336e+01
   3.9869890e+06   1.6723633e+01
   3.9870090e+06   1.8127441e+01
   3.9870370e+06   2.5390625e+01
   3.9870700e+06   1.5930176e+01
   3.9870940e+06   2.2094727e+01
   3.9871060e+06   1.4953613e+01
   3.9871580e+06   1.8920898e+01
   3.9872150e+06   2.6062012e+01
   3.9872780e+06   1.5930176e+01
   3.9978360e+06   1.6662598e+01
   3.9990160e+06   1.8249512e+01
   3.9992680e+06   1.6479492e+01
   3.9994490e+06   1.6052246e+01
   4.0646850e+06   1.8310547e+01
   4.0647140e+06   2.0385742e+01
   4.0647350e+06   2.2705078e+01
   4.0647640e+06   2.6123047e+01
   4.0647760e+06   1.5930176e+01
   4.0648030e+06   1.4160156e+01
   4.0648200e+06   3.1005859e+01
   4.0648720e+06   1.8127441e+01
   4.0649030e+06   1.5625000e+01
   4.0649580e+06   1.4160156e+01
   4.0650010e+06   1.6784668e+01
   4.0650180e+06   1.6479492e+01
   4.0650660e+06   1.6418457e+01
   4.0650760e+06   1.6113281e+01
   4.0652140e+06   1.4770508e+01
   4.1347600e+06   1.8249512e+01
   4.1837740e+06   1.8615723e+01
   4.1839460e+06   1.6357422e+01
   4.1840580e+06   1.8127441e+01
   4.1852910e+06   2.9785156e+01
   4.1853160e+06   2.4414062e+01
   4.1853460e+06   2.2766113e+01
   4.1853720e+06   1.5319824e+01
   4.1853980e+06   2.0324707e+01
   4.1854090e+06   1.8615723e+01
   4.1854450e+06   1.5258789e+01
   4.1854790e+06   1.7211914e+01
   4.1854900e+06   1.4587402e+01
   4.1855030e+06   1.5747070e+01
   4.1855730e+06   1.6906738e+01
   4.1856460e+06   1.6418457e+01
   4.2527290e+06   1.7028809e+01
   4.2527680e+06   1.5441895e+01
   4.2528240e+06   3.8940430e+01
   4.2528730e+06   2.2583008e+01
   4.2529000e+06   1.6967773e+01
   4.2529140e+06   1.5197754e+01
   4.2529460e+06   1.6723633e+01
   4.2529760e+06   1.4892578e+01
   4.2530440e+06   1.4892578e+01
   4.2532400e+06   2.2521973e+01
   4.3189580e+06   1.7272949e+01
   4.3286570e+06   1.6174316e+01
   4.3571440e+06   1.9409180e+01
   4.3580250e+06   1.8859863e+01
   4.3584810e+06   1.4831543e+01
   4.3585440e+06   1.5258789e+01
   4.3585840e+06   2.9968262e+01
   4.3586340e+06   3.1799316e+01
   4.3586810e+06   1.4282227e+01
   4.3587000e+06   1.5380859e+01
   4.3587250e+06   1.5686035e+01
   4.3588020e+06   1.8066406e+01
   4.3588240e+06   1.4648438e+01
   4.3588460e+06   1.4221191e+01
   4.3588890e+06   1.4770508e+01
   4.3592130e+06   1.5747070e+01
   4.4264600e+06   1.7089844e+01
   4.4273620e+06   1.7150879e+01
   4.4658410e+06   1.5808105e+01
   4.4660940e+06   2.1301270e+01
   4.4899760e+06   1.4404297e+01
   4.4904880e+06   1.6723633e+01
   4.5032740e+06   2.1911621e+01
   4.5032840e+06   2.3986816e+01
   4.5033160e+06   1.9165039e+01
   4.5033370e+06   1.5686035e+01
   4.5033600e+06   1.4160156e+01
   4.5034030e+06   1.4648438e+01
   4.5034280e+06   1.4770508e+01
   4.5034440e+06   1.7333984e+01
   4.5034890e+06   1.9531250e+01
   4.5035480e+06   1.4770508e+01
   4.5035920e+06   1.4465332e+01
   4.5036140e+06   1.5014648e+01
   4.5036770e+06   1.5502930e+01
   4.5037380e+06   1.4770508e+01
   4.5503810e+06   1.6723633e+01
   4.5514730e+06   1.5563965e+01
   4.5870650e+06   1.9714355e+01
   4.5871660e+06   1.5319824e+01
   4.5871840e+06   1.8981934e+01
   4.5872030e+06   2.7587891e+01
   4.5872790e+06   1.7639160e+01
   4.5873460e+06   2.1179199e+01
   4.5873610e+06   1.6418457e+01
   4.5874430e+06   1.4160156e+01
   4.5880890e+06   1.5319824e+01
   4.6047970e+06   1.5014648e+01
   4.6048810e+06   1.4770508e+01
   4.6049700e+06   1.4160156e+01
   4.6051100e+06   1.6601562e+01
   4.6052990e+06   1.5808105e+01
   4.6057220e+06   1.7517090e+01
   4.6068270e+06   1.5197754e+01
   4.6639240e+06   1.7211914e+01
   4.6639880e+06   1.7272949e+01
   4.6640200e+06   1.7944336e+01
   4.6640970e+06   1.4648438e+01
   4.6644020e+06   1.5014648e+01
   4.6645110e+06   1.5380859e+01
   4.6649430e+06   1.7578125e+01
   4.6652380e+06   1.6967773e+01
   4.6869200e+06   2.2033691e+01
   4.6869710e+06   1.5502930e+01
   4.6877000e+06   1.7456055e+01
   4.6878150e+06   1.5747070e+01
   4.6879350e+06   1.4282227e+01
   4.6889150e+06   1.8920898e+01
   4.6889540e+06   1.4526367e+01
   4.6892000e+06   1.5930176e+01
   4.7226710e+06   1.6601562e+01
   4.7227010e+06   1.4892578e+01
   4.7227780e+06   1.9653320e+01
   4.7752990e+06   2.1789551e+01
   4.7757300e+06   1.6967773e+01
   4.7763660e+06   2.4536133e+01
   4.7918080e+06   1.7639160e+01
   4.7918490e+06   1.5869141e+01
   4.7918690e+06   1.7395020e+01
   4.7919510e+06   1.6540527e+01
   4.7920280e+06   1.5502930e+01
   4.7922150e+06   1.5258789e+01
   4.8412460e+06   1.7333984e+01
   4.8413580e+06   1.5991211e+01
   4.8415640e+06   1.6784668e+01
   4.8417260e+06   1.8493652e+01
   4.8418160e+06   1.4587402e+01
   4.8420210e+06   1.4160156e+01
   4.8425150e+06   1.4831543e+01
   4.8425380e+06   1.7272949e+01
   4.8426830e+06   1.5625000e+01
   4.8428110e+06   1.8005371e+01
   4.8432020e+06   1.9531250e+01
   4.8434320e+06   1.5075684e+01
   4.9184400e+06   1.5258789e+01
   4.9189870e+06   1.7761230e+01
   4.9192540e+06   1.5319824e+01
   4.9197090e+06   2.0019531e+01
   4.9198030e+06   1.5563965e+01
   4.9201840e+06   1.5991211e+01
   4.9203910e+06   1.5808105e+01
   4.9207310e+06   1.6723633e+01
   4.9208420e+06   1.6723633e+01
   4.9209530e+06   1.7944336e+01
   4.9913170e+06   2.0751953e+01
   4.9918750e+06   1.8249512e+01
   4.9920580e+06   1.4160156e+01
   4.9921770e+06   1.4343262e+01
   4.9926820e+06   1.7028809e+01
   4.9930030e+06   1.4587402e+01
   4.9931600e+06   1.9592285e+01
   4.9933050e+06   1.5380859e+01
   5.0512300e+06   2.0446777e+01
   5.0518900e+06   1.5014648e+01
   5.0519810e+06   1.4221191e+01
   5.0524100e+06   1.6235352e+01
   5.0524270e+06   1.8981934e+01
   5.0527760e+06   1.5075684e+01
   5.0528870e+06   2.0019531e+01
   5.0530380e+06   1.4770508e+01
   5.1040280e+06   2.7709961e+01
   5.1045540e+06   1.8432617e+01
   5.1046770e+06   1.8310547e+01
   5.1047840e+06   1.5686035e+01
   5.1050520e+06   1.4282227e+01
   5.1051240e+06   1.7822266e+01
   5.1051880e+06   1.5258789e+01
   5.1055060e+06   1.6845703e+01
   5.1057380e+06   1.4648438e+01
   5.1061070e+06   1.9226074e+01
   5.1260710e+06   2.3193359e+01
   5.1265170e+06   1.4221191e+01
   5.1266320e+06   1.4648438e+01
   5.1720130e+06   1.4892578e+01
   5.1722930e+06   1.6967773e+01
   5.1724860e+06   1.5625000e+01
   5.2423210e+06   2.1118164e+01
   5.2424520e+06   1.4404297e+01
   5.2426580e+06   1.4892578e+01
   5.2435400e+06   2.0141602e+01
   5.2436370e+06   1.5136719e+01
   5.2439800e+06   2.1179199e+01
   5.2445060e+06   1.5136719e+01
   5.2447830e+06   1.7578125e+01
   5.2449070e+06   1.4465332e+01
   5.2451080e+06   1.5502930e+01
   5.2690060e+06   1.4526367e+01
   5.2692050e+06   1.5686035e+01
   5.2694230e+06   1.9104004e+01
   5.2696500e+06   1.5808105e+01
   5.3130140e+06   1.9226074e+01
   5.3824510e+06   2.6794434e+01
   5.3825680e+06   1.4221191e+01
   5.3829390e+06   1.5441895e+01
   5.3829670e+06   1.6967773e+01
   5.3830620e+06   1.4831543e+01
   5.3831900e+06   1.7211914e+01
   5.3833380e+06   1.5502930e+01
   5.3836530e+06   1.4770508e+01
   5.3838860e+06   1.6540527e+01
   5.4450030e+06   1.5136719e+01
   5.4454650e+06   1.8127441e+01
   5.4455950e+06   1.9287109e+01
   5.4459190e+06   1.4282227e+01
   5.4460580e+06   1.5258789e+01
   5.4462110e+06   1.6418457e+01
   5.4467200e+06   1.8005371e+01
   5.4470410e+06   1.4892578e+01
   5.4472770e+06   1.8188477e+01
   5.5189730e+06   1.7150879e+01
   5.5203140e+06   1.8920898e+01
   5.5207390e+06   1.7395020e+01
   5.5208150e+06   1.5869141e+01
   5.5210760e+06   1.4526367e+01
   5.5213600e+06   1.9226074e+01
   5.5215710e+06   1.7639160e+01
   5.5217200e+06   1.8127441e+01
   5.5219140e+06   1.8737793e+01
   5.5567880e+06   2.2827148e+01
   5.5570680e+06   1.6662598e+01
   5.6130270e+06   1.7395020e+01
   5.6134840e+06   1.8493652e+01
   5.6137010e+06   1.7944336e+01
   5.6413620e+06   1.8798828e+01
   5.6947640e+06   1.7578125e+01
   5.6948750e+06   2.1118164e+01
   5.7261100e+06   2.0202637e+01
   5.7262190e+06   2.0629883e+01
   5.7262380e+06   1.4648438e+01
   5.7262560e+06   1.5136719e+01
   5.7262880e+06   1.7761230e+01
   5.7263060e+06   1.5197754e+01
   5.7263330e+06   1.5747070e+01
   5.7263470e+06   1.9897461e+01
   5.7264180e+06   1.7456055e+01
   5.7264570e+06   1.7883301e+01
   5.7264740e+06   1.4892578e+01
   5.7265310e+06   1.4709473e+01
   5.7266130e+06   1.8432617e+01
   5.7267690e+06   1.5319824e+01
   5.8095320e+06   2.9418945e+01
   5.8114980e+06   1.8554688e+01
   5.8117320e+06   1.5136719e+01
   5.8119580e+06   1.5258789e+01
   5.8121040e+06   1.4404297e+01
   5.8123690e+06   1.5319824e+01
   5.8131030e+06   1.4831543e+01
   5.8132310e+06   1.6418457e+01
   5.8132530e+06   1.6601562e+01
   5.8443390e+06   3.6010742e+01
   5.8443500e+06   1.5014648e+01
   5.8443820e+06   2.0019531e+01
   5.8443940e+06   1.4709473e+01
   5.8444210e+06   1.7944336e+01
   5.8444380e+06   1.6906738e+01
   5.8444510e+06   1.4465332e+01
   5.8444730e+06   2.1484375e+01
   5.8444940e+06   1.5625000e+01
   5.8445490e+06   2.2338867e+01
   5.8445800e+06   1.5686035e+01
   5.8446040e+06   1.4282227e+01
   5.8446690e+06   1.5930176e+01
   5.8752770e+06   1.4221191e+01
   5.9395670e+06   1.4404297e+01
   5.9396850e+06   1.4648438e+01
   5.9397020e+06   1.4282227e+01
   5.9400630e+06   1.6052246e+01
   5.9400950e+06   1.4526367e+01
   5.9401300e+06   1.4282227e+01
   5.9402030e+06   3.1494141e+01
   5.9402130e+06   2.7954102e+01
   5.9402720e+06   2.0507812e+01
   5.9402840e+06   1.4831543e+01
   5.9403550e+06   1.4587402e+01
   5.9405210e+06   1.4404297e+01
