   5.9990000e+06   0.0000000e+00
   2.6199100e+05   1.3305664e+01
   2.6203700e+05   1.3305664e+01
   2.6205000e+05   1.9104004e+01
   2.6210100e+05   1.3549805e+01
   2.6227000e+05   1.3427734e+01
   2.6440700e+05   1.3732910e+01
   4.0320500e+05   1.3610840e+01
   4.0326300e+05   1.5197754e+01
   4.0363000e+05   1.4892578e+01
   4.7998800e+05   1.3122559e+01
   5.2530200e+05   1.4465332e+01
   6.3548100e+05   1.5930176e+01
   1.1518640e+06   1.5319824e+01
   1.1519540e+06   1.2634277e+01
   1.1519720e+06   1.8615723e+01
   1.1520310e+06   1.3488770e+01
   1.2605010e+06   1.4404297e+01
   1.3577980e+06   1.4892578e+01
   1.3578170e+06   1.4709473e+01
   1.3578290e+06   1.4221191e+01
   1.3578780e+06   1.2756348e+01
   1.3581840e+06   1.4221191e+01
   1.3592170e+06   1.3549805e+01
   1.3596530e+06   1.3061523e+01
   1.3602620e+06   1.3488770e+01
   1.4415790e+06   1.7639160e+01
   1.4416480e+06   1.3000488e+01
   1.5073000e+06   1.5014648e+01
   1.5073950e+06   1.5014648e+01
   1.5075890e+06   1.3488770e+01
   1.8517240e+06   1.6601562e+01
   1.8518120e+06   1.7517090e+01
   1.8525340e+06   1.2817383e+01
   2.0113290e+06   1.4892578e+01
   2.0130440e+06   1.3244629e+01
   2.0238420e+06   1.6113281e+01
   2.0239580e+06   1.2756348e+01
   2.0242670e+06   1.5502930e+01
   2.0244640e+06   1.4099121e+01
   2.0928510e+06   1.5197754e+01
   2.0935020e+06   1.7395020e+01
   2.1499110e+06   1.8005371e+01
   2.1505340e+06   1.3000488e+01
   2.1816060e+06   1.4831543e+01
   2.2311120e+06   1.2756348e+01
   2.3487800e+06   1.3061523e+01
   2.3488620e+06   1.3916016e+01
   2.3497670e+06   1.3244629e+01
   2.4215270e+06   1.3000488e+01
   2.8973910e+06   1.2756348e+01
   3.1768780e+06   2.0812988e+01
   3.1769650e+06   1.2817383e+01
   3.1783560e+06   1.4770508e+01
   3.2547070e+06   1.4282227e+01
   3.2587890e+06   1.7456055e+01
   3.2590400e+06   1.3366699e+01
   3.6051930e+06   1.4709473e+01
   3.6202060e+06   1.2878418e+01
   3.6202450e+06   1.5686035e+01
   3.7277310e+06   2.2094727e+01
   3.7277820e+06   1.6967773e+01
   3.7277970e+06   1.4221191e+01
   3.8232260e+06   1.4953613e+01
   3.8234620e+06   1.4770508e+01
   3.8564030e+06   1.6113281e+01
   3.8567700e+06   1.4953613e+01
   3.8933660e+06   1.7456055e+01
   3.8939470e+06   1.3549805e+01
   3.9870480e+06   1.7456055e+01
   3.9873050e+06   1.4221191e+01
   3.9889820e+06   1.3671875e+01
   3.9989360e+06   1.7456055e+01
   4.0648740e+06   1.4770508e+01
   4.0649170e+06   1.6723633e+01
   4.0669160e+06   1.2878418e+01
   4.0795580e+06   1.4770508e+01
   4.0845020e+06   1.3488770e+01
   4.1853970e+06   1.3000488e+01
   4.1854140e+06   1.8798828e+01
   4.1855390e+06   1.6784668e+01
   4.1856670e+06   1.2756348e+01
   4.2529850e+06   1.3183594e+01
   4.2530490e+06   1.5380859e+01
   4.2530860e+06   1.2695312e+01
   4.2532920e+06   1.2878418e+01
   4.3587320e+06   1.2817383e+01
   4.3587720e+06   1.7028809e+01
   4.3588060e+06   1.3183594e+01
   4.3590700e+06   1.3061523e+01
   4.5034270e+06   1.5441895e+01
   4.5034480e+06   1.6113281e+01
   4.5039020e+06   1.2695312e+01
   4.5873340e+06   1.4343262e+01
   4.5874420e+06   1.3427734e+01
   4.7920610e+06   1.2634277e+01
   4.7921570e+06   1.5014648e+01
   5.4104660e+06   1.3244629e+01
   5.4425370e+06   1.2695312e+01
   5.7263580e+06   1.4892578e+01
   5.7263850e+06   1.2695312e+01
   5.7923030e+06   1.3183594e+01
   5.8444120e+06   1.6235352e+01
   5.8444620e+06   1.4160156e+01
   5.8445100e+06   1.4099121e+01
   5.8445720e+06   1.3061523e+01
   5.9401830e+06   1.5808105e+01
   5.9402830e+06   1.6357422e+01
   5.9403130e+06   1.7883301e+01
   5.9404000e+06   1.3244629e+01
   5.9409730e+06   1.3183594e+01
   5.9422250e+06   1.3732910e+01
