   5.9990000e+06   0.0000000e+00
   4.0900000e+02   1.4648438e+01
   1.2412100e+05   1.4770508e+01
   1.7223500e+05   1.4892578e+01
   2.5537600e+05   1.4953613e+01
   2.6192400e+05   1.5075684e+01
   2.6194100e+05   1.5625000e+01
   2.6197400e+05   1.6723633e+01
   2.6202600e+05   1.4404297e+01
   2.6207000e+05   1.6113281e+01
   2.6211700e+05   1.4892578e+01
   2.6223300e+05   1.5136719e+01
   2.6226200e+05   1.7272949e+01
   2.6235700e+05   1.4221191e+01
   2.7871100e+05   1.4770508e+01
   4.0311300e+05   1.5197754e+01
   4.0312600e+05   1.8432617e+01
   4.0315400e+05   1.8676758e+01
   4.0316900e+05   1.5686035e+01
   4.0318800e+05   1.4831543e+01
   4.0322900e+05   1.5319824e+01
   4.0332800e+05   1.5014648e+01
   4.4563000e+05   1.4953613e+01
   4.6331500e+05   1.5014648e+01
   4.9745500e+05   1.5258789e+01
   5.2504000e+05   1.4221191e+01
   5.2508300e+05   1.4709473e+01
   5.2510800e+05   1.9958496e+01
   5.2523100e+05   1.8066406e+01
   5.2530700e+05   1.4892578e+01
   5.2534700e+05   1.6540527e+01
   5.4688700e+05   1.4404297e+01
   6.0326000e+05   1.4648438e+01
   6.3376900e+05   1.4343262e+01
   6.3524600e+05   1.4343262e+01
   6.3529800e+05   2.1606445e+01
   6.3533600e+05   1.4404297e+01
   6.8782400e+05   1.4404297e+01
   7.3329000e+05   1.4770508e+01
   7.3673700e+05   1.8310547e+01
   7.6772700e+05   1.4831543e+01
   1.0239550e+06   1.4465332e+01
   1.1368920e+06   1.4404297e+01
   1.1517260e+06   1.5625000e+01
   1.1517370e+06   1.4892578e+01
   1.1519320e+06   1.4160156e+01
   1.1521530e+06   1.4709473e+01
   1.2602780e+06   1.4404297e+01
   1.2612230e+06   1.4343262e+01
   1.3039570e+06   1.4587402e+01
   1.3040010e+06   1.4282227e+01
   1.3576590e+06   1.6296387e+01
   1.3577270e+06   2.2033691e+01
   1.3577990e+06   1.4709473e+01
   1.3578440e+06   1.6357422e+01
   1.3578590e+06   1.5625000e+01
   1.3579390e+06   1.4648438e+01
   1.3581060e+06   1.6235352e+01
   1.4272360e+06   1.4282227e+01
   1.4412160e+06   1.4953613e+01
   1.4413720e+06   1.5319824e+01
   1.4414190e+06   1.4221191e+01
   1.4414570e+06   1.5258789e+01
   1.4415080e+06   1.4831543e+01
   1.4415460e+06   2.1545410e+01
   1.4419680e+06   1.4526367e+01
   1.4993880e+06   1.4709473e+01
   1.5071310e+06   1.4526367e+01
   1.5071510e+06   1.7700195e+01
   1.5072280e+06   1.5441895e+01
   1.5073570e+06   1.4953613e+01
   1.6140860e+06   1.4404297e+01
   1.6811490e+06   1.4343262e+01
   1.8516080e+06   1.6784668e+01
   1.8516240e+06   1.4831543e+01
   1.8516700e+06   1.4953613e+01
   1.8516860e+06   1.5075684e+01
   1.8517450e+06   1.7761230e+01
   1.8518900e+06   1.6052246e+01
   1.8672440e+06   1.4953613e+01
   1.8674630e+06   1.7028809e+01
   1.9059070e+06   1.5014648e+01
   1.9107560e+06   1.6235352e+01
   2.0112270e+06   1.8188477e+01
   2.0112530e+06   1.9348145e+01
   2.0112700e+06   1.4160156e+01
   2.0114000e+06   1.5258789e+01
   2.0232760e+06   1.6235352e+01
   2.0233700e+06   1.4709473e+01
   2.0248630e+06   1.6357422e+01
   2.0391370e+06   1.5258789e+01
   2.0770880e+06   1.4709473e+01
   2.0925370e+06   1.5747070e+01
   2.1497440e+06   1.4160156e+01
   2.2539750e+06   1.4282227e+01
   2.2826200e+06   1.7089844e+01
   2.2983490e+06   1.6113281e+01
   2.3486400e+06   1.9165039e+01
   2.3486830e+06   1.7456055e+01
   2.3487010e+06   1.9531250e+01
   2.3487280e+06   1.4343262e+01
   2.3487650e+06   1.6540527e+01
   2.3487760e+06   1.6662598e+01
   2.3488030e+06   1.5197754e+01
   2.3488990e+06   1.5563965e+01
   2.3489650e+06   1.6235352e+01
   2.4214060e+06   1.5625000e+01
   2.4215260e+06   1.8371582e+01
   2.4215630e+06   1.4892578e+01
   2.4216690e+06   1.4404297e+01
   2.4305320e+06   1.4465332e+01
   2.4309660e+06   1.4526367e+01
   2.4350020e+06   1.4221191e+01
   2.4845530e+06   1.5136719e+01
   2.6632850e+06   1.4404297e+01
   2.7434930e+06   1.5808105e+01
   2.8337360e+06   1.4221191e+01
   2.8966840e+06   1.4953613e+01
   2.8984850e+06   1.4160156e+01
   2.9278260e+06   1.4465332e+01
   3.0387800e+06   1.4160156e+01
   3.0652730e+06   1.5808105e+01
   3.0656710e+06   1.4770508e+01
   3.0887910e+06   1.4099121e+01
   3.1214540e+06   1.5197754e+01
   3.1767440e+06   1.6357422e+01
   3.1767550e+06   2.4658203e+01
   3.1767780e+06   1.4526367e+01
   3.1767940e+06   1.9714355e+01
   3.1768640e+06   1.5808105e+01
   3.1770500e+06   1.4892578e+01
   3.1771150e+06   1.4526367e+01
   3.1990160e+06   1.4465332e+01
   3.2470530e+06   1.4038086e+01
   3.2578820e+06   1.4648438e+01
   3.2579270e+06   1.6113281e+01
   3.2706200e+06   1.5502930e+01
   3.4003900e+06   1.4465332e+01
   3.4191140e+06   1.4404297e+01
   3.4895600e+06   1.5380859e+01
   3.5084270e+06   1.4038086e+01
   3.6050870e+06   1.9165039e+01
   3.6051190e+06   1.5197754e+01
   3.6051500e+06   1.8005371e+01
   3.6051620e+06   1.6601562e+01
   3.6051920e+06   2.0019531e+01
   3.6052100e+06   1.4282227e+01
   3.6052340e+06   1.5625000e+01
   3.6052490e+06   1.7639160e+01
   3.6052910e+06   1.5136719e+01
   3.6053020e+06   1.4526367e+01
   3.6201090e+06   2.1667480e+01
   3.6201230e+06   1.6784668e+01
   3.6201510e+06   2.2277832e+01
   3.6201690e+06   1.7700195e+01
   3.6202020e+06   1.7944336e+01
   3.6202190e+06   1.4526367e+01
   3.6202450e+06   1.6235352e+01
   3.6202590e+06   1.7028809e+01
   3.6203860e+06   1.5319824e+01
   3.6386790e+06   1.4221191e+01
   3.6515820e+06   1.4465332e+01
   3.7052450e+06   1.4770508e+01
   3.7276140e+06   1.5808105e+01
   3.7276520e+06   1.6906738e+01
   3.7276890e+06   1.4587402e+01
   3.7277200e+06   1.4648438e+01
   3.7277390e+06   1.5625000e+01
   3.7277780e+06   1.8737793e+01
   3.7277970e+06   1.4770508e+01
   3.7662900e+06   1.4221191e+01
   3.7714630e+06   1.4770508e+01
   3.7909630e+06   1.4099121e+01
   3.7929970e+06   1.4099121e+01
   3.8034370e+06   1.4892578e+01
   3.8227990e+06   1.5563965e+01
   3.8230490e+06   1.4404297e+01
   3.8232760e+06   1.4465332e+01
   3.8575500e+06   1.4221191e+01
   3.8653210e+06   1.5014648e+01
   3.8932560e+06   1.4221191e+01
   3.9243870e+06   1.6052246e+01
   3.9372820e+06   1.8615723e+01
   3.9869190e+06   1.9592285e+01
   3.9869650e+06   1.5502930e+01
   3.9869750e+06   1.9653320e+01
   3.9870020e+06   1.4282227e+01
   3.9870360e+06   2.0019531e+01
   3.9871230e+06   1.5441895e+01
   3.9873010e+06   1.5930176e+01
   3.9983620e+06   1.4587402e+01
   3.9987920e+06   1.5563965e+01
   3.9989280e+06   1.6174316e+01
   3.9989490e+06   1.9042969e+01
   3.9991560e+06   1.4831543e+01
   4.0101880e+06   1.4526367e+01
   4.0646250e+06   1.4770508e+01
   4.0646820e+06   1.4709473e+01
   4.0647910e+06   1.4282227e+01
   4.0648650e+06   1.7028809e+01
   4.0649000e+06   1.4099121e+01
   4.0649330e+06   1.6052246e+01
   4.0649610e+06   1.7150879e+01
   4.0649900e+06   1.9287109e+01
   4.0650400e+06   1.4160156e+01
   4.0765090e+06   1.6113281e+01
   4.1019410e+06   1.5563965e+01
   4.1060640e+06   1.4343262e+01
   4.1348810e+06   1.5380859e+01
   4.1792410e+06   1.4465332e+01
   4.1846140e+06   1.8066406e+01
   4.1852720e+06   1.5502930e+01
   4.1852880e+06   1.5197754e+01
   4.1853380e+06   1.6479492e+01
   4.1853510e+06   1.5502930e+01
   4.1853750e+06   1.9409180e+01
   4.1854070e+06   1.7578125e+01
   4.1854350e+06   2.3864746e+01
   4.1854730e+06   1.6174316e+01
   4.1855110e+06   1.4892578e+01
   4.1855850e+06   1.4099121e+01
   4.2334440e+06   1.4404297e+01
   4.2527920e+06   1.7517090e+01
   4.2528570e+06   1.7333984e+01
   4.2529090e+06   1.8249512e+01
   4.2529530e+06   1.4099121e+01
   4.2530820e+06   1.5319824e+01
   4.2534640e+06   1.4404297e+01
   4.2732610e+06   1.4953613e+01
   4.3047270e+06   1.4282227e+01
   4.3196840e+06   1.5380859e+01
   4.3585700e+06   1.8615723e+01
   4.3586460e+06   1.6845703e+01
   4.3586810e+06   2.2338867e+01
   4.3587140e+06   1.5136719e+01
   4.3587390e+06   2.0629883e+01
   4.3587900e+06   1.8371582e+01
   4.3588890e+06   1.4160156e+01
   4.4905870e+06   1.6845703e+01
   4.5032810e+06   2.0812988e+01
   4.5033350e+06   1.4831543e+01
   4.5033750e+06   1.6845703e+01
   4.5033960e+06   1.5991211e+01
   4.5273580e+06   1.4770508e+01
   4.5866800e+06   1.4953613e+01
   4.5872060e+06   1.5319824e+01
   4.5872300e+06   1.5930176e+01
   4.5873220e+06   1.6357422e+01
   4.5874180e+06   1.5441895e+01
   4.6562630e+06   1.4160156e+01
   4.6639450e+06   1.4160156e+01
   4.6640720e+06   1.8859863e+01
   4.8308280e+06   1.4038086e+01
   4.9913490e+06   1.5075684e+01
   5.0285150e+06   1.4099121e+01
   5.1060200e+06   1.4648438e+01
   5.1148810e+06   1.5625000e+01
   5.2428470e+06   1.6418457e+01
   5.3638970e+06   1.4404297e+01
   5.4448660e+06   1.4160156e+01
   5.4526060e+06   1.4221191e+01
   5.4634600e+06   1.6540527e+01
   5.4714580e+06   1.4038086e+01
   5.5191580e+06   1.8066406e+01
   5.5217440e+06   1.5197754e+01
   5.6134630e+06   1.5136719e+01
   5.6950950e+06   1.8859863e+01
   5.7261800e+06   1.4282227e+01
   5.7262120e+06   1.5686035e+01
   5.7262480e+06   1.7761230e+01
   5.7262610e+06   2.3193359e+01
   5.7263540e+06   1.6235352e+01
   5.7264040e+06   1.5319824e+01
   5.7264990e+06   1.5869141e+01
   5.7265450e+06   1.5686035e+01
   5.7266210e+06   1.5380859e+01
   5.7453840e+06   1.4160156e+01
   5.8048630e+06   1.4831543e+01
   5.8106950e+06   1.7761230e+01
   5.8443080e+06   1.4160156e+01
   5.8443280e+06   2.1118164e+01
   5.8443410e+06   1.6052246e+01
   5.8443670e+06   1.8371582e+01
   5.8443950e+06   2.0385742e+01
   5.8444180e+06   1.8981934e+01
   5.8444630e+06   1.6967773e+01
   5.8444930e+06   1.4404297e+01
   5.8445310e+06   1.8005371e+01
   5.8445700e+06   1.5991211e+01
   5.8634670e+06   1.4282227e+01
   5.8715700e+06   1.4465332e+01
   5.9397290e+06   1.4343262e+01
   5.9401260e+06   1.4099121e+01
   5.9402150e+06   1.6296387e+01
   5.9404510e+06   2.0019531e+01
   5.9658790e+06   1.4160156e+01
