   5.9990000e+06   0.0000000e+00
   1.1710200e+05   1.1840820e+01
   1.6142900e+05   1.1474609e+01
   1.9995800e+05   1.4709473e+01
   2.0015600e+05   1.1779785e+01
   2.0026200e+05   1.2145996e+01
   2.3656900e+05   1.3305664e+01
   3.1455700e+05   1.1535645e+01
   3.6771400e+05   1.2756348e+01
   3.9997300e+05   1.1657715e+01
   5.0211000e+05   1.2573242e+01
   5.0232600e+05   1.2145996e+01
   5.2251200e+05   1.1840820e+01
   6.2905600e+05   1.1962891e+01
   7.5576000e+05   1.2512207e+01
   8.0171300e+05   1.1596680e+01
   9.5954100e+05   1.3061523e+01
   1.0211960e+06   1.1962891e+01
   1.0213760e+06   1.1718750e+01
   1.1551490e+06   1.1718750e+01
   1.4471790e+06   1.1535645e+01
   1.4800810e+06   1.2268066e+01
   1.4800920e+06   1.1474609e+01
   1.5089680e+06   1.4892578e+01
   1.5090250e+06   1.2939453e+01
   1.5715510e+06   1.5930176e+01
   1.5716460e+06   1.2817383e+01
   1.6374840e+06   1.2573242e+01
   1.6375190e+06   1.2939453e+01
   1.6967820e+06   1.5319824e+01
   1.6968130e+06   1.3854980e+01
   1.6968630e+06   1.2573242e+01
   1.6969610e+06   1.2512207e+01
   1.7432390e+06   1.2878418e+01
   1.7432920e+06   1.3122559e+01
   1.7433390e+06   1.3122559e+01
   1.7652480e+06   1.4160156e+01
   1.7652610e+06   1.3122559e+01
   1.7912870e+06   1.4709473e+01
   1.7913020e+06   1.4038086e+01
   1.8161430e+06   1.4038086e+01
   1.8161580e+06   1.3000488e+01
   1.8425840e+06   1.4160156e+01
   1.8425950e+06   1.5930176e+01
   1.8587030e+06   1.5686035e+01
   1.8944360e+06   2.0080566e+01
   1.9277110e+06   1.4343262e+01
   1.9277670e+06   1.2939453e+01
   1.9278020e+06   1.1535645e+01
   1.9571740e+06   1.2268066e+01
   1.9572190e+06   1.2268066e+01
   1.9572890e+06   1.4465332e+01
   1.9909010e+06   1.4038086e+01
   1.9909820e+06   1.2878418e+01
   2.0286180e+06   1.1535645e+01
   2.0287450e+06   1.1535645e+01
   2.0804080e+06   1.2329102e+01
   2.0805710e+06   1.1596680e+01
   2.5967090e+06   1.3183594e+01
   2.5968360e+06   1.1962891e+01
   2.8283180e+06   1.2512207e+01
   2.8283730e+06   1.1474609e+01
   2.8284340e+06   1.2756348e+01
   2.8284760e+06   1.3732910e+01
   3.0520190e+06   1.1474609e+01
   3.0609970e+06   1.4282227e+01
   3.0610660e+06   1.4038086e+01
   3.0816330e+06   1.2817383e+01
   3.0816900e+06   1.3671875e+01
   3.0817560e+06   1.1474609e+01
   3.1397170e+06   1.1352539e+01
   3.2174930e+06   1.1535645e+01
   3.2176410e+06   1.4587402e+01
   3.2176940e+06   1.2329102e+01
   3.2652210e+06   1.2939453e+01
   3.2652670e+06   1.2390137e+01
   3.3306710e+06   1.4343262e+01
   3.3306830e+06   1.2451172e+01
   3.3307350e+06   1.1718750e+01
   3.3567540e+06   1.1535645e+01
   3.4235360e+06   1.4160156e+01
   3.4235570e+06   1.2817383e+01
   3.4235800e+06   1.1474609e+01
   3.4557250e+06   1.3183594e+01
   3.4713790e+06   1.2878418e+01
   3.4713900e+06   1.1718750e+01
   3.4714240e+06   1.1413574e+01
   3.4714410e+06   1.3061523e+01
   3.6826510e+06   1.1474609e+01
   3.6827080e+06   1.2329102e+01
   3.8037760e+06   1.3244629e+01
   3.8039550e+06   1.1474609e+01
   3.8039970e+06   1.5747070e+01
   3.9326340e+06   1.1840820e+01
   3.9326730e+06   1.3122559e+01
   3.9326880e+06   1.2145996e+01
   4.0080990e+06   1.2268066e+01
   4.0081360e+06   1.2268066e+01
   4.0081640e+06   1.2145996e+01
   4.0789200e+06   1.2207031e+01
   4.1714280e+06   1.5014648e+01
   4.1715230e+06   1.5869141e+01
   4.2522950e+06   1.5563965e+01
   4.2523540e+06   1.2634277e+01
   4.2992920e+06   1.2512207e+01
   4.2993420e+06   1.1718750e+01
   4.2993720e+06   1.3366699e+01
   4.2994150e+06   1.4099121e+01
   4.3554770e+06   1.2329102e+01
   4.4412160e+06   1.2451172e+01
   4.4420500e+06   1.1657715e+01
   4.6481470e+06   1.4953613e+01
   4.6482040e+06   1.1413574e+01
   4.7144890e+06   1.1901855e+01
   4.7145870e+06   1.2512207e+01
   4.7286810e+06   1.2634277e+01
   4.7914120e+06   1.3366699e+01
   4.7915010e+06   1.3061523e+01
   4.8407290e+06   1.2207031e+01
   5.0035850e+06   1.3305664e+01
   5.1006860e+06   1.1962891e+01
   5.1403350e+06   1.3732910e+01
   5.1403890e+06   1.5808105e+01
   5.3489560e+06   1.7639160e+01
   5.4067290e+06   1.2329102e+01
   5.4067630e+06   1.3000488e+01
   5.4067770e+06   1.3488770e+01
   5.5867180e+06   1.1352539e+01
   5.5867440e+06   1.1901855e+01
   5.5867720e+06   1.1657715e+01
   5.5868200e+06   1.3916016e+01
   5.5962410e+06   1.1535645e+01
   5.6745620e+06   1.2451172e+01
   5.6746140e+06   1.1901855e+01
   5.7682490e+06   1.1657715e+01
   5.8031660e+06   1.1413574e+01
   5.8123500e+06   1.1596680e+01
   5.8124020e+06   1.2084961e+01
   5.8124270e+06   1.1779785e+01
   5.8580200e+06   1.3488770e+01
   5.8580710e+06   1.5991211e+01
   5.8581190e+06   1.1474609e+01
