   5.9990000e+06   0.0000000e+00
   1.1772500e+05   1.3122559e+01
   1.6188200e+05   1.3305664e+01
   2.3678000e+05   1.4709473e+01
   2.3697900e+05   1.2512207e+01
   2.8030200e+05   1.2390137e+01
   2.9820200e+05   1.2512207e+01
   3.1473800e+05   1.2451172e+01
   3.3732300e+05   1.3427734e+01
   3.3739300e+05   1.3122559e+01
   3.3754600e+05   1.3000488e+01
   3.5226200e+05   1.6357422e+01
   3.6774700e+05   1.3488770e+01
   3.8582000e+05   1.4831543e+01
   3.8607000e+05   1.2756348e+01
   4.0004100e+05   1.3366699e+01
   4.0013500e+05   1.5441895e+01
   4.1400900e+05   1.3977051e+01
   4.1410000e+05   1.3793945e+01
   4.4411700e+05   1.3732910e+01
   4.4420800e+05   1.2573242e+01
   4.6356000e+05   1.4099121e+01
   5.0231900e+05   1.3122559e+01
   5.1953500e+05   1.2268066e+01
   5.4957300e+05   1.4038086e+01
   5.8334500e+05   1.3000488e+01
   6.1363200e+05   1.6235352e+01
   6.2920000e+05   1.2878418e+01
   6.7649700e+05   1.4953613e+01
   6.7666300e+05   1.2817383e+01
   6.9289700e+05   1.2634277e+01
   6.9301200e+05   1.2817383e+01
   7.1084200e+05   1.2512207e+01
   7.3939100e+05   1.2939453e+01
   7.5605900e+05   1.3610840e+01
   7.5945500e+05   1.2329102e+01
   7.7452500e+05   1.2451172e+01
   7.7476500e+05   1.2939453e+01
   9.5996800e+05   1.4099121e+01
   1.4801890e+06   1.3854980e+01
   1.4962060e+06   1.2634277e+01
   1.4962880e+06   1.2268066e+01
   1.5088790e+06   1.3610840e+01
   1.5715040e+06   1.7700195e+01
   1.6375870e+06   1.2634277e+01
   1.6376160e+06   1.6357422e+01
   1.6376700e+06   1.2451172e+01
   1.6969060e+06   1.8798828e+01
   1.6969470e+06   1.3305664e+01
   1.7431840e+06   1.4343262e+01
   1.7653600e+06   1.5258789e+01
   1.7913980e+06   2.1484375e+01
   1.8162460e+06   1.8005371e+01
   1.8162720e+06   1.2817383e+01
   1.8163260e+06   1.2756348e+01
   1.8426900e+06   1.2695312e+01
   1.8427180e+06   1.2878418e+01
   1.8427710e+06   1.2329102e+01
   1.8471630e+06   1.2573242e+01
   1.8945350e+06   1.5075684e+01
   1.8945830e+06   1.4831543e+01
   1.9278290e+06   1.6174316e+01
   1.9571950e+06   1.3000488e+01
   1.9572400e+06   1.3732910e+01
   1.9910230e+06   1.6113281e+01
   1.9910670e+06   1.4160156e+01
   1.9911000e+06   1.3244629e+01
   2.0286310e+06   1.3244629e+01
   2.0522620e+06   1.4282227e+01
   2.0523950e+06   1.3793945e+01
   2.0804540e+06   1.3488770e+01
   2.5663350e+06   1.3305664e+01
   2.5968670e+06   1.3427734e+01
   2.5969160e+06   1.2268066e+01
   2.8282740e+06   1.3488770e+01
   2.8284090e+06   1.2268066e+01
   3.0611150e+06   1.2878418e+01
   3.0611970e+06   1.2634277e+01
   3.0612490e+06   1.2878418e+01
   3.0815570e+06   1.2451172e+01
   3.2177560e+06   1.2512207e+01
   3.2177750e+06   1.4648438e+01
   3.2178020e+06   1.2573242e+01
   3.2178300e+06   1.2695312e+01
   3.2178420e+06   1.4221191e+01
   3.2651970e+06   1.8493652e+01
   3.2652430e+06   1.3671875e+01
   3.3307940e+06   1.8066406e+01
   3.3308450e+06   1.3122559e+01
   3.3566230e+06   1.2573242e+01
   3.3566570e+06   1.2939453e+01
   3.3567510e+06   1.2573242e+01
   3.4234590e+06   1.3610840e+01
   3.4556520e+06   1.5502930e+01
   3.4712630e+06   1.3488770e+01
   3.4713510e+06   1.3366699e+01
   3.6827850e+06   1.4160156e+01
   3.8039630e+06   1.2695312e+01
   3.9329250e+06   1.4892578e+01
   3.9516550e+06   1.4953613e+01
   3.9517380e+06   1.4160156e+01
   4.0081420e+06   1.3061523e+01
   4.0081760e+06   1.3366699e+01
   4.0788650e+06   1.2573242e+01
   4.0790370e+06   1.3183594e+01
   4.1714190e+06   1.2695312e+01
   4.1714790e+06   1.3549805e+01
   4.2522090e+06   1.3000488e+01
   4.2522500e+06   1.4038086e+01
   4.2992100e+06   1.6113281e+01
   4.2992680e+06   1.6174316e+01
   4.4413330e+06   1.3854980e+01
   4.6482060e+06   1.3854980e+01
   4.7147260e+06   1.3183594e+01
   4.7149440e+06   1.3183594e+01
   4.7915220e+06   1.4465332e+01
   4.8406230e+06   1.4282227e+01
   4.8406490e+06   1.2573242e+01
   4.8406720e+06   1.3061523e+01
   5.0037200e+06   2.0141602e+01
   5.0037670e+06   1.2512207e+01
   5.1008090e+06   1.4465332e+01
   5.1008750e+06   1.2573242e+01
   5.1405460e+06   1.2512207e+01
   5.1405570e+06   1.5563965e+01
   5.2591930e+06   1.3305664e+01
   5.3491530e+06   1.2695312e+01
   5.3491770e+06   1.3854980e+01
   5.3492060e+06   1.2695312e+01
   5.4066460e+06   1.3854980e+01
   5.4066740e+06   1.3183594e+01
   5.6744820e+06   1.4404297e+01
   5.8123020e+06   1.2878418e+01
   5.8123730e+06   1.4892578e+01
   5.8580460e+06   1.2756348e+01
