   5.9990000e+06   0.0000000e+00
   1.1737400e+05   1.1657715e+01
   1.1747500e+05   1.1840820e+01
   1.1748800e+05   1.4160156e+01
   1.1763800e+05   1.2207031e+01
   1.6198800e+05   1.1840820e+01
   2.3637900e+05   1.2145996e+01
   2.6003300e+05   1.2329102e+01
   2.6007700e+05   1.1718750e+01
   2.8000100e+05   1.1962891e+01
   2.9798000e+05   1.3122559e+01
   3.1456600e+05   1.1352539e+01
   3.3747200e+05   1.2023926e+01
   3.5191600e+05   1.2451172e+01
   3.6769400e+05   1.4099121e+01
   3.6850200e+05   1.1413574e+01
   3.8537100e+05   1.3549805e+01
   4.0030700e+05   1.1352539e+01
   4.1350000e+05   1.1535645e+01
   4.1437100e+05   1.1901855e+01
   4.4415900e+05   1.3671875e+01
   4.4436700e+05   1.1596680e+01
   4.6377900e+05   1.1596680e+01
   5.0262100e+05   1.2268066e+01
   5.2283800e+05   1.2573242e+01
   5.2297800e+05   1.1413574e+01
   5.6670800e+05   1.1535645e+01
   5.6733500e+05   1.1474609e+01
   5.8331700e+05   1.1901855e+01
   6.1358800e+05   1.1779785e+01
   6.1385000e+05   1.2329102e+01
   6.2949600e+05   1.2023926e+01
   6.7609400e+05   1.1901855e+01
   6.7628000e+05   1.1779785e+01
   6.9249700e+05   1.1901855e+01
   6.9273900e+05   1.1474609e+01
   7.1030900e+05   1.3427734e+01
   7.3888700e+05   1.2023926e+01
   7.3914000e+05   1.3732910e+01
   7.5621100e+05   1.1413574e+01
   8.0139200e+05   1.4587402e+01
   8.0156000e+05   1.1474609e+01
   8.2977400e+05   1.1596680e+01
   8.3000600e+05   1.2695312e+01
   8.7103300e+05   1.1901855e+01
   9.5241800e+05   1.1413574e+01
   9.5917100e+05   1.1352539e+01
   9.5970400e+05   1.1962891e+01
   1.0213110e+06   1.2084961e+01
   1.0214630e+06   1.1840820e+01
   1.0218230e+06   1.2390137e+01
   1.0220650e+06   1.1901855e+01
   1.1550130e+06   1.3305664e+01
   1.1553050e+06   1.1413574e+01
   1.1553530e+06   1.3549805e+01
   1.1554870e+06   1.3061523e+01
   1.1922080e+06   1.1352539e+01
   1.4799040e+06   1.1657715e+01
   1.4799800e+06   1.2390137e+01
   1.4800600e+06   1.2573242e+01
   1.4964490e+06   1.1962891e+01
   1.4964870e+06   1.2939453e+01
   1.4965850e+06   1.1962891e+01
   1.4967670e+06   1.1657715e+01
   1.4971250e+06   1.1596680e+01
   1.5716540e+06   1.2145996e+01
   1.5717120e+06   1.4831543e+01
   1.5717220e+06   1.1901855e+01
   1.5717790e+06   1.2451172e+01
   1.6372830e+06   1.2878418e+01
   1.6374520e+06   1.1657715e+01
   1.6375440e+06   1.2023926e+01
   1.6401110e+06   1.1535645e+01
   1.6965260e+06   1.2939453e+01
   1.6966750e+06   1.5014648e+01
   1.6966920e+06   1.1535645e+01
   1.6967360e+06   1.1840820e+01
   1.6967570e+06   1.3244629e+01
   1.7025720e+06   1.1352539e+01
   1.7489010e+06   1.2023926e+01
   1.7650470e+06   1.4343262e+01
   1.7650740e+06   1.1352539e+01
   1.7651150e+06   1.5991211e+01
   1.7911520e+06   1.6357422e+01
   1.7912400e+06   1.2695313e+01
   1.7912540e+06   1.3610840e+01
   1.8159760e+06   1.2268066e+01
   1.8160360e+06   1.3122559e+01
   1.8161060e+06   1.1779785e+01
   1.8424410e+06   1.3427734e+01
   1.8424790e+06   1.2268066e+01
   1.8425050e+06   1.2145996e+01
   1.8585500e+06   1.1352539e+01
   1.8585780e+06   1.3305664e+01
   1.8585920e+06   1.1535645e+01
   1.8942820e+06   1.2573242e+01
   1.8943340e+06   1.8249512e+01
   1.8944110e+06   1.1718750e+01
   1.9275230e+06   1.5441895e+01
   1.9275820e+06   1.2145996e+01
   1.9276380e+06   1.2329102e+01
   1.9572450e+06   1.2329102e+01
   1.9572640e+06   1.1962891e+01
   1.9572970e+06   1.2329102e+01
   1.9622170e+06   1.1352539e+01
   1.9908010e+06   1.5747070e+01
   1.9909800e+06   1.1657715e+01
   2.0285220e+06   1.4343262e+01
   2.0287030e+06   1.2634277e+01
   2.5966000e+06   1.1901855e+01
   2.5966660e+06   1.2207031e+01
   2.5967350e+06   1.7761230e+01
   2.5967640e+06   1.2634277e+01
   2.8284510e+06   1.1718750e+01
   2.8284700e+06   1.5502930e+01
   2.8284930e+06   1.2207031e+01
   2.8285280e+06   1.4160156e+01
   3.0611120e+06   1.3488770e+01
   3.0611380e+06   1.2329102e+01
   3.0611810e+06   1.4038086e+01
   3.0612080e+06   1.3854980e+01
   3.0817530e+06   1.3854980e+01
   3.2177240e+06   1.4465332e+01
   3.2177840e+06   1.7028809e+01
   3.2178100e+06   1.1901855e+01
   3.2178460e+06   1.1657715e+01
   3.2653870e+06   1.2268066e+01
   3.2654380e+06   1.6296387e+01
   3.2655040e+06   1.2634277e+01
   3.3305310e+06   1.2207031e+01
   3.3306510e+06   1.3427734e+01
   3.3307090e+06   1.1474609e+01
   3.3567910e+06   1.2268066e+01
   3.3568130e+06   1.4282227e+01
   3.3568880e+06   1.2939453e+01
   3.4236330e+06   1.3000488e+01
   3.4236550e+06   1.3549805e+01
   3.4236800e+06   1.2268066e+01
   3.4557670e+06   1.4221191e+01
   3.4557840e+06   1.4526367e+01
   3.4558710e+06   1.3183594e+01
   3.4560020e+06   1.2878418e+01
   3.6828830e+06   1.4160156e+01
   3.6829300e+06   1.2145996e+01
   3.6829540e+06   1.1535645e+01
   3.6829960e+06   1.3549805e+01
   3.6830670e+06   1.2084961e+01
   3.8041180e+06   1.2390137e+01
   3.9327340e+06   1.2329102e+01
   3.9327450e+06   1.4221191e+01
   3.9328080e+06   1.2939453e+01
   3.9328440e+06   1.2329102e+01
   3.9329280e+06   1.1779785e+01
   3.9519160e+06   1.1962891e+01
   3.9519720e+06   1.2756348e+01
   3.9520180e+06   1.2695312e+01
   4.0081970e+06   1.2573242e+01
   4.0082210e+06   1.3549805e+01
   4.0083210e+06   1.1535645e+01
   4.0084180e+06   1.3061523e+01
   4.0791650e+06   1.3793945e+01
   4.1715600e+06   1.1962891e+01
   4.1716200e+06   1.4099121e+01
   4.1717590e+06   1.3610840e+01
   4.1747050e+06   1.1596680e+01
   4.2523600e+06   1.1474609e+01
   4.2524100e+06   1.3000488e+01
   4.2524910e+06   1.1657715e+01
   4.2994100e+06   1.3610840e+01
   4.2994380e+06   1.2084961e+01
   4.2995160e+06   1.2634277e+01
   4.2995450e+06   1.3488770e+01
   4.4414280e+06   1.2023926e+01
   4.4414690e+06   1.3000488e+01
   4.4415190e+06   1.1596680e+01
   4.4416180e+06   1.2145996e+01
   4.6483730e+06   1.3183594e+01
   4.6484930e+06   1.2268066e+01
   4.6485450e+06   1.2268066e+01
   4.6485880e+06   1.4038086e+01
   4.7146400e+06   1.4099121e+01
   4.7146680e+06   1.3610840e+01
   4.7146990e+06   1.3671875e+01
   4.7147360e+06   1.2390137e+01
   4.7147900e+06   1.3122559e+01
   4.7286680e+06   1.4709473e+01
   4.7916380e+06   1.2390137e+01
   4.7916480e+06   1.2817383e+01
   4.7916810e+06   1.1718750e+01
   4.8408120e+06   1.2451172e+01
   4.8409440e+06   1.2756348e+01
   4.8834330e+06   1.4404297e+01
   4.8834650e+06   1.2634277e+01
   5.0036320e+06   1.4404297e+01
   5.0037730e+06   1.1596680e+01
   5.1007540e+06   1.5197754e+01
   5.1008390e+06   1.4465332e+01
   5.1009150e+06   1.2756348e+01
   5.1404460e+06   1.1474609e+01
   5.1405620e+06   1.2390137e+01
   5.1406540e+06   1.2145996e+01
   5.2592810e+06   1.3061523e+01
   5.2593290e+06   1.3671875e+01
   5.2593450e+06   1.2145996e+01
   5.2593850e+06   1.2512207e+01
   5.2595160e+06   1.2329102e+01
   5.4068990e+06   1.3122559e+01
   5.4069490e+06   1.1535645e+01
   5.4071210e+06   1.2451172e+01
   5.5868230e+06   1.3671875e+01
   5.5868580e+06   1.3061523e+01
   5.5870310e+06   1.3061523e+01
   5.5870590e+06   1.1596680e+01
   5.6747470e+06   1.2145996e+01
   5.7299670e+06   1.1718750e+01
   5.7682740e+06   1.1718750e+01
   5.7682950e+06   1.3916016e+01
   5.7683260e+06   1.3061523e+01
   5.7683740e+06   1.2145996e+01
   5.7684210e+06   1.2756348e+01
   5.8124640e+06   1.3488770e+01
   5.8125950e+06   1.1901855e+01
   5.8581270e+06   1.6235352e+01
   5.8582280e+06   1.1901855e+01
   5.8584030e+06   1.1535645e+01
