   5.9990000e+06   0.0000000e+00
   1.7650000e+03   1.1108398e+01
   7.8240000e+03   1.1657715e+01
   7.9470000e+03   1.2573242e+01
   1.8500000e+04   1.2573242e+01
   1.9587000e+04   1.3305664e+01
   4.6380000e+04   1.1169434e+01
   1.1707600e+05   1.2390137e+01
   1.1714900e+05   1.1352539e+01
   1.1717000e+05   1.1169434e+01
   1.1722700e+05   1.6052246e+01
   1.6160000e+05   1.1657715e+01
   1.6172700e+05   1.5380859e+01
   1.6184900e+05   1.1901855e+01
   1.6189400e+05   1.1779785e+01
   2.0010900e+05   1.3183594e+01
   2.0485700e+05   1.1474609e+01
   2.3673200e+05   1.1535645e+01
   2.3693600e+05   1.1108398e+01
   2.5992700e+05   1.6174316e+01
   2.8017700e+05   1.3854980e+01
   2.8029900e+05   1.2451172e+01
   3.1472900e+05   1.1108398e+01
   3.1482000e+05   1.1474609e+01
   3.3725700e+05   1.1535645e+01
   3.3732300e+05   1.2268066e+01
   3.3736900e+05   1.1352539e+01
   3.5244400e+05   1.2329102e+01
   3.6779800e+05   1.2084961e+01
   3.6804500e+05   1.1901855e+01
   3.8591000e+05   1.3000488e+01
   3.8607200e+05   1.3244629e+01
   3.8608700e+05   1.2023926e+01
   4.1405100e+05   1.1657715e+01
   4.1410000e+05   1.1352539e+01
   4.1430200e+05   1.1657715e+01
   4.3015100e+05   1.2145996e+01
   4.3018900e+05   1.7333984e+01
   4.3023400e+05   1.1169434e+01
   4.4423500e+05   1.3000488e+01
   4.4425300e+05   1.1230469e+01
   4.4428100e+05   1.2023926e+01
   4.8498300e+05   1.1474609e+01
   4.8509600e+05   1.1962891e+01
   5.0241400e+05   1.2084961e+01
   5.0251900e+05   1.2939453e+01
   5.0259100e+05   1.1596680e+01
   5.2287600e+05   1.5686035e+01
   5.2295300e+05   1.1962891e+01
   5.4964300e+05   1.5014648e+01
   5.4975800e+05   1.1779785e+01
   5.6674300e+05   1.3488770e+01
   5.8339500e+05   1.2390137e+01
   6.1366900e+05   1.2756348e+01
   6.1379800e+05   1.1230469e+01
   6.1416600e+05   1.1352539e+01
   6.2935100e+05   1.1352539e+01
   6.5038300e+05   1.1169434e+01
   8.0179000e+05   1.1169434e+01
   8.7108600e+05   1.3122559e+01
   8.7126700e+05   1.1535645e+01
   9.5980800e+05   1.1169434e+01
   9.5983200e+05   1.1901855e+01
   9.5992200e+05   1.1718750e+01
   1.0213690e+06   1.9409180e+01
   1.1551390e+06   1.2084961e+01
   1.1552780e+06   1.2390137e+01
   1.1553270e+06   1.2329102e+01
   1.1554610e+06   2.3620605e+01
   1.1555540e+06   1.2268066e+01
   1.4800200e+06   1.1596680e+01
   1.4800460e+06   1.5808105e+01
   1.4800690e+06   1.3793945e+01
   1.4801030e+06   1.1779785e+01
   1.4963610e+06   1.9287109e+01
   1.4963870e+06   1.3488770e+01
   1.4964160e+06   1.2268066e+01
   1.4964440e+06   1.1352539e+01
   1.4964820e+06   1.1657715e+01
   1.5089670e+06   1.9714355e+01
   1.5715520e+06   1.5258789e+01
   1.5715920e+06   1.3305664e+01
   1.5716440e+06   1.3305664e+01
   1.6374790e+06   2.0019531e+01
   1.6375200e+06   1.1474609e+01
   1.6375750e+06   1.1108398e+01
   1.6967680e+06   1.2390137e+01
   1.6967910e+06   1.2817383e+01
   1.6968070e+06   1.7517090e+01
   1.6968290e+06   1.3977051e+01
   1.6968580e+06   1.6113281e+01
   1.7432360e+06   1.4831543e+01
   1.7432610e+06   1.3610840e+01
   1.7432720e+06   1.3977051e+01
   1.7652260e+06   1.6662598e+01
   1.7652390e+06   1.1474609e+01
   1.7652620e+06   2.5268555e+01
   1.7653090e+06   1.2145996e+01
   1.7653200e+06   1.2573242e+01
   1.7912790e+06   1.2145996e+01
   1.7913030e+06   1.5441895e+01
   1.7913300e+06   1.1596680e+01
   1.7913600e+06   1.1840820e+01
   1.8160790e+06   1.1291504e+01
   1.8161300e+06   1.5319824e+01
   1.8161580e+06   1.1718750e+01
   1.8161730e+06   1.1230469e+01
   1.8425680e+06   1.1230469e+01
   1.8426080e+06   1.1230469e+01
   1.8426500e+06   1.5380859e+01
   1.8586690e+06   1.2573242e+01
   1.8586850e+06   1.4892578e+01
   1.8587260e+06   1.8371582e+01
   1.8587740e+06   1.1291504e+01
   1.8587870e+06   1.1474609e+01
   1.8588380e+06   1.2084961e+01
   1.8944160e+06   1.2817383e+01
   1.8944420e+06   1.7211914e+01
   1.8944880e+06   1.1108398e+01
   1.8946570e+06   1.2268066e+01
   1.9276850e+06   1.3549805e+01
   1.9276970e+06   1.5258789e+01
   1.9277190e+06   1.1596680e+01
   1.9277340e+06   1.8188477e+01
   1.9277810e+06   1.2817383e+01
   1.9571430e+06   1.3549805e+01
   1.9572090e+06   1.8310547e+01
   1.9572690e+06   1.1413574e+01
   1.9908860e+06   1.2451172e+01
   1.9909190e+06   1.7456055e+01
   1.9909290e+06   1.2329102e+01
   1.9909820e+06   1.1962891e+01
   2.0286020e+06   1.6113281e+01
   2.0286390e+06   1.1169434e+01
   2.0286580e+06   1.4038086e+01
   2.0286950e+06   1.1779785e+01
   2.0287480e+06   1.1901855e+01
   2.0522920e+06   1.3427734e+01
   2.0523540e+06   1.1352539e+01
   2.0524220e+06   1.1291504e+01
   2.0524850e+06   1.1840820e+01
   2.0804280e+06   1.2268066e+01
   2.0805300e+06   1.2084961e+01
   2.5323950e+06   1.1108398e+01
   2.5805760e+06   1.1352539e+01
   2.5967230e+06   1.1169434e+01
   2.5967540e+06   1.3793945e+01
   2.5967730e+06   1.1535645e+01
   2.5968040e+06   1.2268066e+01
   2.5968490e+06   1.1291504e+01
   2.5969080e+06   1.1230469e+01
   2.8283760e+06   1.5136719e+01
   2.8284020e+06   1.4648438e+01
   2.8284460e+06   1.1535645e+01
   2.8285020e+06   1.1474609e+01
   3.0610420e+06   1.6174316e+01
   3.0610670e+06   1.5563965e+01
   3.0610890e+06   1.1840820e+01
   3.0611230e+06   1.1535645e+01
   3.0816750e+06   1.4099121e+01
   3.0816900e+06   1.5258789e+01
   3.0817340e+06   1.3061523e+01
   3.0817610e+06   1.1718750e+01
   3.2172500e+06   1.1230469e+01
   3.2175870e+06   1.1718750e+01
   3.2176260e+06   1.5197754e+01
   3.2176430e+06   1.3610840e+01
   3.2177070e+06   1.3916016e+01
   3.2177750e+06   1.2878418e+01
   3.2652320e+06   1.9592285e+01
   3.2652700e+06   1.3122559e+01
   3.2652900e+06   1.3244629e+01
   3.2653060e+06   1.3000488e+01
   3.2653540e+06   1.2268066e+01
   3.3306620e+06   1.4709473e+01
   3.3306860e+06   2.6184082e+01
   3.3307190e+06   1.3366699e+01
   3.3307390e+06   1.5197754e+01
   3.3567000e+06   1.2817383e+01
   3.3567280e+06   1.5808105e+01
   3.3567460e+06   1.3000488e+01
   3.3567940e+06   1.1474609e+01
   3.4235210e+06   1.1291504e+01
   3.4235700e+06   1.2634277e+01
   3.4235840e+06   1.8493652e+01
   3.4236180e+06   1.3427734e+01
   3.4556340e+06   1.4648438e+01
   3.4556800e+06   1.1901855e+01
   3.4560580e+06   1.1230469e+01
   3.4713750e+06   1.3488770e+01
   3.4714070e+06   1.8554688e+01
   3.4714300e+06   1.1474609e+01
   3.6827810e+06   1.2084961e+01
   3.6828470e+06   1.7272949e+01
   3.8038670e+06   1.2634277e+01
   3.8039210e+06   1.1779785e+01
   3.8039600e+06   1.2878418e+01
   3.9326380e+06   1.3183594e+01
   3.9326490e+06   1.2695312e+01
   3.9327000e+06   1.1291504e+01
   3.9517740e+06   1.2329102e+01
   3.9517850e+06   1.1596680e+01
   3.9518210e+06   1.1413574e+01
   3.9518380e+06   1.5014648e+01
   3.9518510e+06   1.2878418e+01
   4.0080910e+06   1.3854980e+01
   4.0081300e+06   1.1596680e+01
   4.0081420e+06   1.2268066e+01
   4.0081770e+06   1.2023926e+01
   4.0521100e+06   1.1718750e+01
   4.0789230e+06   1.4648438e+01
   4.0789470e+06   1.7333984e+01
   4.0789780e+06   1.9592285e+01
   4.0790010e+06   1.3916016e+01
   4.1714380e+06   1.1230469e+01
   4.1714710e+06   1.4099121e+01
   4.1715020e+06   1.8859863e+01
   4.1715260e+06   1.1779785e+01
   4.1715600e+06   1.1718750e+01
   4.1715840e+06   1.1718750e+01
   4.2522680e+06   1.4404297e+01
   4.2522960e+06   1.1962891e+01
   4.2523210e+06   1.1596680e+01
   4.2992910e+06   1.1779785e+01
   4.2993200e+06   1.1535645e+01
   4.2993520e+06   1.4343262e+01
   4.2993750e+06   1.4526367e+01
   4.2993850e+06   1.1535645e+01
   4.2994390e+06   1.1474609e+01
   4.3322300e+06   1.1352539e+01
   4.4412760e+06   1.2451172e+01
   4.4413040e+06   1.6540527e+01
   4.4413700e+06   1.2634277e+01
   4.5419560e+06   1.1413574e+01
   4.6482630e+06   1.1230469e+01
   4.6482780e+06   1.1291504e+01
   4.6483420e+06   1.6052246e+01
   4.6484140e+06   1.1474609e+01
   4.6484820e+06   1.3427734e+01
   4.7145130e+06   1.2207031e+01
   4.7145440e+06   1.3854980e+01
   4.7146250e+06   1.2084961e+01
   4.7285040e+06   1.1718750e+01
   4.7285860e+06   1.4892578e+01
   4.7286400e+06   1.5625000e+01
   4.7287670e+06   1.1474609e+01
   4.7914760e+06   2.4597168e+01
   4.8406560e+06   1.1718750e+01
   4.8407510e+06   1.1718750e+01
   4.8408110e+06   1.1596680e+01
   4.8408810e+06   1.1474609e+01
   4.8833210e+06   1.1657715e+01
   4.8834040e+06   1.3854980e+01
   5.0014760e+06   1.1291504e+01
   5.0035330e+06   1.3244629e+01
   5.0035860e+06   1.2207031e+01
   5.0036720e+06   1.3244629e+01
   5.1006460e+06   1.6479492e+01
   5.1007270e+06   1.3183594e+01
   5.1403600e+06   1.8798828e+01
   5.1403910e+06   1.7517090e+01
   5.1435260e+06   1.1901855e+01
   5.1585790e+06   1.1352539e+01
   5.2592570e+06   1.1413574e+01
   5.2592940e+06   1.5441895e+01
   5.2593120e+06   1.1474609e+01
   5.3490070e+06   1.3732910e+01
   5.3490440e+06   1.3366699e+01
   5.3490820e+06   1.1230469e+01
   5.3492040e+06   1.1901855e+01
   5.3492290e+06   1.1352539e+01
   5.4067230e+06   1.3061523e+01
   5.4067370e+06   1.1962891e+01
   5.4067690e+06   1.1596680e+01
   5.4067940e+06   1.3854980e+01
   5.4068200e+06   1.3183594e+01
   5.5867700e+06   1.2390137e+01
   5.5868000e+06   1.6418457e+01
   5.5868680e+06   1.1474609e+01
   5.6745630e+06   1.1291504e+01
   5.6745860e+06   1.8249512e+01
   5.6746290e+06   1.2145996e+01
   5.7681500e+06   1.5197754e+01
   5.7682070e+06   1.4160156e+01
   5.7682200e+06   1.1352539e+01
   5.8124380e+06   1.2207031e+01
   5.8124710e+06   1.2756348e+01
   5.8579970e+06   1.2451172e+01
   5.8580450e+06   1.7028809e+01
   5.8580760e+06   1.3061523e+01
