   5.9990000e+06   0.0000000e+00
   1.1709800e+05   1.3183594e+01
   1.6171800e+05   1.2268066e+01
   2.0027900e+05   1.2451172e+01
   3.5244000e+05   1.3549805e+01
   3.6807500e+05   1.2329102e+01
   4.1404300e+05   1.2268066e+01
   4.6357600e+05   1.2451172e+01
   4.6369700e+05   1.2817383e+01
   5.4958500e+05   1.2207031e+01
   5.8372700e+05   1.3183594e+01
   6.7640600e+05   1.3488770e+01
   7.1103500e+05   1.2329102e+01
   8.0208000e+05   1.3183594e+01
   8.7123500e+05   1.4099121e+01
   9.5974200e+05   1.2329102e+01
   9.5989400e+05   1.2329102e+01
   1.0208970e+06   1.2939453e+01
   1.0218810e+06   1.2939453e+01
   1.0220220e+06   1.3183594e+01
   1.1556130e+06   1.2939453e+01
   1.4962260e+06   1.2634277e+01
   1.5090370e+06   1.2695312e+01
   1.5091190e+06   1.3183594e+01
   1.5098980e+06   1.4099121e+01
   1.5716590e+06   1.3305664e+01
   1.5717990e+06   1.4343262e+01
   1.6970240e+06   1.3610840e+01
   1.7433560e+06   1.3854980e+01
   1.7654350e+06   1.3183594e+01
   1.7914150e+06   1.2695312e+01
   1.8426200e+06   1.2634277e+01
   1.8946170e+06   1.2329102e+01
   1.9573260e+06   1.3061523e+01
   1.9908700e+06   1.2512207e+01
   1.9909850e+06   1.6906738e+01
   2.0524400e+06   1.3061523e+01
   2.0524880e+06   1.2329102e+01
   2.5966200e+06   1.3488770e+01
   2.5966920e+06   1.2207031e+01
   2.5967710e+06   1.4282227e+01
   2.6086570e+06   1.4526367e+01
   2.6538530e+06   1.2145996e+01
   2.8284820e+06   1.2207031e+01
   3.0611490e+06   1.2207031e+01
   3.0611870e+06   1.2084961e+01
   3.0615230e+06   1.2573242e+01
   3.2653060e+06   1.2512207e+01
   3.2654220e+06   1.3916016e+01
   3.3307730e+06   1.4343262e+01
   3.3568930e+06   1.2573242e+01
   3.4237040e+06   1.2817383e+01
   3.6829070e+06   1.6601562e+01
   3.6829510e+06   1.3183594e+01
   3.8041880e+06   1.3000488e+01
   3.9331550e+06   1.2145996e+01
   3.9517420e+06   1.3122559e+01
   4.0081700e+06   1.2512207e+01
   4.0082210e+06   1.2268066e+01
   4.0790820e+06   1.3427734e+01
   4.0791140e+06   1.3000488e+01
   4.1715840e+06   1.4160156e+01
   4.2523400e+06   1.3732910e+01
   4.2526430e+06   1.3671875e+01
   4.2996910e+06   1.2634277e+01
   4.4417060e+06   1.2329102e+01
   4.4418210e+06   1.2451172e+01
   4.4420880e+06   1.4160156e+01
   4.6276720e+06   1.2451172e+01
   4.6495110e+06   1.2451172e+01
   4.7152970e+06   1.2268066e+01
   4.7918180e+06   1.2817383e+01
   4.7922720e+06   1.2634277e+01
   4.8407420e+06   1.2145996e+01
   4.8408450e+06   1.3305664e+01
   4.8411780e+06   1.2390137e+01
   4.8413660e+06   1.2207031e+01
   4.8834160e+06   1.5808105e+01
   4.8834670e+06   1.2145996e+01
   4.9611330e+06   1.2390137e+01
   5.0771090e+06   1.2084961e+01
   5.1403690e+06   1.2939453e+01
   5.2599770e+06   1.2634277e+01
   5.2682330e+06   1.2207031e+01
   5.3530560e+06   1.2329102e+01
   5.4067820e+06   1.3427734e+01
   5.4068930e+06   1.2390137e+01
   5.4075670e+06   1.2451172e+01
   5.4079270e+06   1.2817383e+01
   5.5867680e+06   1.2268066e+01
   5.5876710e+06   1.2084961e+01
   5.7682160e+06   1.5808105e+01
   5.7684340e+06   1.2329102e+01
   5.8124380e+06   1.4221191e+01
   5.8125190e+06   1.2207031e+01
   5.8583110e+06   1.3000488e+01
