   5.9990000e+06   0.0000000e+00
   1.1753500e+05   1.7272949e+01
   1.1760200e+05   1.1840820e+01
   1.6142700e+05   1.5136719e+01
   1.6152000e+05   1.5808105e+01
   1.6195700e+05   1.1596680e+01
   2.0036500e+05   1.3000488e+01
   2.0040700e+05   2.0385742e+01
   2.0050500e+05   1.1779785e+01
   2.1299900e+05   1.1718750e+01
   2.1382500e+05   1.1657715e+01
   2.3674600e+05   1.5502930e+01
   2.3681500e+05   1.5686035e+01
   2.3691900e+05   1.2207031e+01
   2.5964400e+05   1.3549805e+01
   2.5973800e+05   1.5075684e+01
   2.5982700e+05   1.3244629e+01
   2.8017900e+05   1.5441895e+01
   2.8021700e+05   1.2573242e+01
   2.8025900e+05   1.2023926e+01
   2.8033500e+05   1.3488770e+01
   2.9808900e+05   2.0263672e+01
   2.9822700e+05   1.2695312e+01
   3.1474800e+05   1.9042969e+01
   3.1482600e+05   1.4831543e+01
   3.1490100e+05   1.2268066e+01
   3.1495100e+05   1.2084961e+01
   3.3725200e+05   1.1779785e+01
   3.3730400e+05   1.9165039e+01
   3.3736100e+05   1.2573242e+01
   3.3737300e+05   1.2145996e+01
   3.3744600e+05   1.1657715e+01
   3.5227700e+05   1.4526367e+01
   3.5237200e+05   1.4892578e+01
   3.5251700e+05   1.2390137e+01
   3.6775200e+05   1.2573242e+01
   3.8582800e+05   1.4099121e+01
   3.8590000e+05   1.3061523e+01
   3.8600800e+05   1.2145996e+01
   4.0006400e+05   1.4709473e+01
   4.0625700e+05   1.5808105e+01
   4.1400300e+05   1.5197754e+01
   4.1413900e+05   1.2512207e+01
   4.3010300e+05   1.9409180e+01
   4.3016900e+05   1.5747070e+01
   4.3018400e+05   1.2695312e+01
   4.4415100e+05   1.5197754e+01
   4.4423700e+05   1.3488770e+01
   4.4432400e+05   1.3854980e+01
   4.6352800e+05   1.5747070e+01
   4.6382500e+05   1.5625000e+01
   4.8493000e+05   1.4831543e+01
   4.8508600e+05   1.3183594e+01
   4.8529400e+05   1.2451172e+01
   5.0232300e+05   1.6418457e+01
   5.0250500e+05   1.1718750e+01
   5.2280500e+05   1.3610840e+01
   5.2288100e+05   1.1718750e+01
   5.4956200e+05   1.5625000e+01
   5.4978300e+05   1.1596680e+01
   5.6669200e+05   1.7883301e+01
   5.6678700e+05   1.2512207e+01
   5.6698200e+05   1.2756348e+01
   5.8336900e+05   1.5808105e+01
   6.1365000e+05   1.5319824e+01
   6.1371000e+05   1.1657715e+01
   6.1377700e+05   1.8554688e+01
   6.2920500e+05   1.3122559e+01
   6.2930900e+05   1.2878418e+01
   6.2941200e+05   1.1779785e+01
   6.5031000e+05   1.3916016e+01
   6.5045100e+05   1.4038086e+01
   6.7650800e+05   1.9226074e+01
   6.7658600e+05   1.1901855e+01
   6.9300500e+05   1.3977051e+01
   6.9307800e+05   1.2817383e+01
   7.1087200e+05   2.0446777e+01
   7.1097800e+05   1.2268066e+01
   7.3938900e+05   1.6540527e+01
   7.3948100e+05   1.3305664e+01
   7.5385500e+05   1.6540527e+01
   7.5603600e+05   1.1596680e+01
   7.5608700e+05   1.4770508e+01
   7.7450900e+05   1.5991211e+01
   7.7463300e+05   1.2695312e+01
   7.7474100e+05   1.2145996e+01
   8.0192300e+05   1.5686035e+01
   8.0201200e+05   1.3183594e+01
   8.3000400e+05   1.6662598e+01
   8.6583900e+05   1.1901855e+01
   8.7110200e+05   1.6113281e+01
   8.7117800e+05   1.1657715e+01
   9.0246700e+05   1.1901855e+01
   9.5992800e+05   1.6479492e+01
   9.6000000e+05   1.2329102e+01
   9.9694900e+05   1.1657715e+01
   1.0214630e+06   1.7150879e+01
   1.0215520e+06   1.3122559e+01
   1.0216530e+06   1.3305664e+01
   1.1549730e+06   1.7333984e+01
   1.1552500e+06   1.1901855e+01
   1.1552900e+06   1.4526367e+01
   1.1553600e+06   1.1596680e+01
   1.1554660e+06   1.3366699e+01
   1.4800140e+06   2.0141602e+01
   1.4801210e+06   1.9836426e+01
   1.4801870e+06   1.7639160e+01
   1.4802090e+06   1.4526367e+01
   1.4802290e+06   1.4709473e+01
   1.4961350e+06   1.2023926e+01
   1.4961470e+06   1.8920898e+01
   1.4961950e+06   1.3000488e+01
   1.4962140e+06   1.2512207e+01
   1.4962610e+06   1.7089844e+01
   1.4963220e+06   1.1596680e+01
   1.5087860e+06   1.5136719e+01
   1.5087990e+06   1.2878418e+01
   1.5088500e+06   1.2756348e+01
   1.5088850e+06   1.4709473e+01
   1.5089100e+06   1.1901855e+01
   1.5714580e+06   1.5258789e+01
   1.5714860e+06   2.1484375e+01
   1.5715320e+06   1.6052246e+01
   1.5715710e+06   1.2939453e+01
   1.5717210e+06   1.2023926e+01
   1.5800200e+06   1.1596680e+01
   1.6375810e+06   1.6418457e+01
   1.6376120e+06   1.1718750e+01
   1.6376360e+06   1.3122559e+01
   1.6376710e+06   1.1901855e+01
   1.6968710e+06   2.2033691e+01
   1.6969350e+06   1.2634277e+01
   1.7431400e+06   1.4343262e+01
   1.7431640e+06   1.5075684e+01
   1.7431900e+06   1.8188477e+01
   1.7432220e+06   1.3366699e+01
   1.7432420e+06   1.3793945e+01
   1.7653320e+06   1.1718750e+01
   1.7653490e+06   1.2451172e+01
   1.7653680e+06   1.6845703e+01
   1.7654090e+06   1.3916016e+01
   1.7654620e+06   1.2695312e+01
   1.7913710e+06   1.8676758e+01
   1.7914000e+06   1.4282227e+01
   1.7914350e+06   1.6845703e+01
   1.8162580e+06   2.3071289e+01
   1.8162750e+06   1.2084961e+01
   1.8163150e+06   1.7272949e+01
   1.8426740e+06   1.2084961e+01
   1.8427030e+06   1.7944336e+01
   1.8427230e+06   1.1840820e+01
   1.8427510e+06   1.5380859e+01
   1.8587910e+06   1.1657715e+01
   1.8588340e+06   1.6052246e+01
   1.8588880e+06   1.4526367e+01
   1.8944480e+06   1.2268066e+01
   1.8945250e+06   1.6601562e+01
   1.8945420e+06   1.6784668e+01
   1.8945530e+06   1.3793945e+01
   1.8945880e+06   1.6235352e+01
   1.8946110e+06   1.2145996e+01
   1.9278030e+06   1.2084961e+01
   1.9278220e+06   1.5319824e+01
   1.9278360e+06   1.4953613e+01
   1.9278520e+06   1.3854980e+01
   1.9278860e+06   1.2695312e+01
   1.9571070e+06   1.4587402e+01
   1.9571640e+06   1.1901855e+01
   1.9571940e+06   1.9653320e+01
   1.9572400e+06   1.5197754e+01
   1.9910070e+06   1.2084961e+01
   1.9910170e+06   1.6174316e+01
   1.9910520e+06   1.3244629e+01
   1.9910650e+06   1.5625000e+01
   1.9910860e+06   1.3610840e+01
   1.9911730e+06   1.2390137e+01
   2.0286110e+06   1.1840820e+01
   2.0286330e+06   1.7944336e+01
   2.0286780e+06   1.3366699e+01
   2.0287010e+06   1.2512207e+01
   2.0523190e+06   1.2573242e+01
   2.0523640e+06   1.8066406e+01
   2.0523980e+06   1.2329102e+01
   2.0524240e+06   1.4282227e+01
   2.0524490e+06   1.3427734e+01
   2.0524750e+06   1.3427734e+01
   2.0525560e+06   1.1840820e+01
   2.0803600e+06   1.2512207e+01
   2.0804270e+06   1.3488770e+01
   2.0804770e+06   2.1789551e+01
   2.0805110e+06   1.4099121e+01
   2.0805230e+06   1.1596680e+01
   2.2395010e+06   1.1901855e+01
   2.5967140e+06   2.1301270e+01
   2.5968930e+06   1.2145996e+01
   2.5970140e+06   1.9287109e+01
   2.5970980e+06   1.2084961e+01
   2.5975810e+06   1.1962891e+01
   2.8282350e+06   1.5258789e+01
   2.8282800e+06   1.3732910e+01
   2.8283270e+06   1.5136719e+01
   3.0611680e+06   1.2023926e+01
   3.0611780e+06   1.2084961e+01
   3.0612080e+06   1.4587402e+01
   3.0612490e+06   1.8554688e+01
   3.0815070e+06   1.9348145e+01
   3.0815690e+06   1.6784668e+01
   3.0816010e+06   1.1840820e+01
   3.0816560e+06   1.2268066e+01
   3.0816680e+06   1.3854980e+01
   3.2178160e+06   1.8981934e+01
   3.2178390e+06   1.2817383e+01
   3.2178860e+06   1.1962891e+01
   3.2644220e+06   1.8920898e+01
   3.2651370e+06   1.1718750e+01
   3.2651750e+06   1.2084961e+01
   3.2652060e+06   1.1657715e+01
   3.2652350e+06   1.1962891e+01
   3.3307580e+06   2.5512695e+01
   3.3308130e+06   1.9042969e+01
   3.3308430e+06   1.2268066e+01
   3.3566210e+06   1.6662598e+01
   3.3566590e+06   1.8249512e+01
   3.3567380e+06   1.2023926e+01
   3.3698470e+06   2.0324707e+01
   3.4234790e+06   1.3610840e+01
   3.4235060e+06   1.2390137e+01
   3.4235550e+06   1.2939453e+01
   3.4236180e+06   1.3916016e+01
   3.4554670e+06   1.1657715e+01
   3.4555670e+06   1.1840820e+01
   3.4556110e+06   1.8615723e+01
   3.4712850e+06   1.4709473e+01
   3.4713150e+06   2.1057129e+01
   3.4713600e+06   1.4038086e+01
   3.6827370e+06   1.9653320e+01
   3.6827970e+06   1.2145996e+01
   3.6828150e+06   1.5380859e+01
   3.8039050e+06   1.6906738e+01
   3.8039670e+06   2.4414062e+01
   3.8040290e+06   1.3732910e+01
   3.8040680e+06   1.2145996e+01
   3.8041010e+06   1.3183594e+01
   3.9328290e+06   1.8066406e+01
   3.9328700e+06   2.0019531e+01
   3.9328850e+06   1.1657715e+01
   3.9516320e+06   1.4587402e+01
   3.9517060e+06   1.1596680e+01
   3.9517220e+06   1.1657715e+01
   3.9517980e+06   1.1840820e+01
   4.0080520e+06   1.6540527e+01
   4.0080960e+06   1.3977051e+01
   4.0081690e+06   1.2573242e+01
   4.0788290e+06   1.6174316e+01
   4.0788810e+06   1.3916016e+01
   4.0788920e+06   1.5136719e+01
   4.0789410e+06   1.7272949e+01
   4.1713980e+06   1.7333984e+01
   4.1714770e+06   1.5014648e+01
   4.1715380e+06   1.1596680e+01
   4.2521340e+06   1.1840820e+01
   4.2521770e+06   1.3977051e+01
   4.2521930e+06   2.1362305e+01
   4.2522340e+06   1.3977051e+01
   4.2522760e+06   1.1596680e+01
   4.2523170e+06   1.5991211e+01
   4.2992000e+06   1.5441895e+01
   4.2992600e+06   2.2644043e+01
   4.2993060e+06   1.3244629e+01
   4.4411330e+06   1.2695312e+01
   4.4412050e+06   1.1657715e+01
   4.4412400e+06   1.7089844e+01
   4.4413490e+06   1.2756348e+01
   4.6481220e+06   1.6906738e+01
   4.6482090e+06   1.4343262e+01
   4.6482690e+06   1.3000488e+01
   4.6484340e+06   1.5380859e+01
   4.7147680e+06   1.4587402e+01
   4.7148270e+06   1.2512207e+01
   4.7148720e+06   1.2634277e+01
   4.7148920e+06   1.6235352e+01
   4.7283910e+06   1.3488770e+01
   4.7284560e+06   1.2207031e+01
   4.7284710e+06   1.5869141e+01
   4.7285620e+06   1.1901855e+01
   4.7287280e+06   1.2573242e+01
   4.7912260e+06   1.2145996e+01
   4.7913090e+06   1.3854980e+01
   4.7913550e+06   1.9653320e+01
   4.7913980e+06   1.1840820e+01
   4.7914540e+06   1.2329102e+01
   4.7915270e+06   1.2207031e+01
   4.8405940e+06   1.5686035e+01
   4.8406210e+06   1.2451172e+01
   4.8406480e+06   1.3732910e+01
   4.8408870e+06   1.2634277e+01
   4.8832490e+06   1.1657715e+01
   4.8832850e+06   1.3977051e+01
   4.8833160e+06   1.2268066e+01
   4.8833290e+06   1.5258789e+01
   4.8833640e+06   1.1657715e+01
   4.8833740e+06   1.2695312e+01
   5.0036890e+06   1.2207031e+01
   5.0037310e+06   1.8798828e+01
   5.0037540e+06   1.6418457e+01
   5.0037730e+06   1.3671875e+01
   5.0038620e+06   1.1779785e+01
   5.1008350e+06   1.9470215e+01
   5.1008710e+06   1.4892578e+01
   5.1009020e+06   1.3549805e+01
   5.1405640e+06   2.4353027e+01
   5.1406070e+06   1.2817383e+01
   5.1407280e+06   1.2023926e+01
   5.2590430e+06   1.1596680e+01
   5.2590870e+06   1.6540527e+01
   5.2591170e+06   1.1657715e+01
   5.2591460e+06   1.3061523e+01
   5.2591960e+06   1.4221191e+01
   5.3491230e+06   2.3315430e+01
   5.3491670e+06   1.1596680e+01
   5.3491830e+06   1.3183594e+01
   5.3492080e+06   1.2145996e+01
   5.4066530e+06   1.7395020e+01
   5.4066920e+06   1.9348145e+01
   5.4067600e+06   1.3183594e+01
   5.4776490e+06   1.1901855e+01
   5.4928940e+06   1.2023926e+01
   5.5336160e+06   1.2023926e+01
   5.5713490e+06   1.8920898e+01
   5.5869690e+06   1.6174316e+01
   5.5870440e+06   1.2451172e+01
   5.6415200e+06   1.8432617e+01
   5.6744460e+06   1.6418457e+01
   5.6745080e+06   1.5747070e+01
   5.6745620e+06   1.3244629e+01
   5.7678390e+06   1.2084961e+01
   5.7680390e+06   1.2145996e+01
   5.7680860e+06   1.5075684e+01
   5.7681350e+06   1.3793945e+01
   5.7681700e+06   1.5075684e+01
   5.7682300e+06   1.2207031e+01
   5.8122860e+06   1.6479492e+01
   5.8123030e+06   1.1962891e+01
   5.8123460e+06   1.2451172e+01
   5.8123640e+06   1.5380859e+01
   5.8579590e+06   1.4709473e+01
   5.8579810e+06   1.8005371e+01
   5.8580260e+06   1.6540527e+01
   5.8580740e+06   1.1596680e+01
