   5.9990000e+06   0.0000000e+00
   1.1746900e+05   1.2329102e+01
   1.1760800e+05   1.1535645e+01
   1.6191700e+05   1.2451172e+01
   1.6200700e+05   1.3305664e+01
   1.6205700e+05   1.2695313e+01
   1.6214800e+05   1.2573242e+01
   2.0044500e+05   1.1657715e+01
   2.0076000e+05   1.1535645e+01
   2.3652400e+05   1.1596680e+01
   2.3684900e+05   1.1718750e+01
   2.3690000e+05   1.2390137e+01
   2.3730100e+05   1.1779785e+01
   2.6002600e+05   1.3671875e+01
   2.6028100e+05   1.2512207e+01
   2.6034200e+05   1.1718750e+01
   2.8056400e+05   1.4221191e+01
   2.9797200e+05   1.1840820e+01
   3.3761700e+05   1.2451172e+01
   3.6770300e+05   1.2023926e+01
   3.8566500e+05   1.2329102e+01
   3.8598200e+05   1.3427734e+01
   4.6368000e+05   1.3122559e+01
   4.8484800e+05   1.2634277e+01
   4.8507400e+05   1.2634277e+01
   6.5008300e+05   1.7333984e+01
   1.1554060e+06   1.3610840e+01
   1.1554580e+06   1.5197754e+01
   1.1555400e+06   1.1840820e+01
   1.1630720e+06   1.3000488e+01
   1.2450520e+06   1.1901855e+01
   1.4799470e+06   1.3610840e+01
   1.4799840e+06   1.1718750e+01
   1.4800110e+06   1.1535645e+01
   1.4800810e+06   1.5075684e+01
   1.4801420e+06   1.2207031e+01
   1.4965480e+06   1.8310547e+01
   1.4966180e+06   1.3427734e+01
   1.4967880e+06   1.1657715e+01
   1.5091090e+06   1.1901855e+01
   1.5091450e+06   1.5136719e+01
   1.5092200e+06   1.2573242e+01
   1.5716790e+06   1.5625000e+01
   1.5717430e+06   1.1901855e+01
   1.5717890e+06   1.2084961e+01
   1.6034210e+06   1.1596680e+01
   1.6372470e+06   1.2023926e+01
   1.6373830e+06   1.8920898e+01
   1.6374110e+06   1.1657715e+01
   1.6374750e+06   1.5808105e+01
   1.6375390e+06   1.1535645e+01
   1.6375740e+06   1.1657715e+01
   1.6885630e+06   1.1779785e+01
   1.6899860e+06   1.2145996e+01
   1.6965540e+06   1.7028809e+01
   1.6966720e+06   1.9653320e+01
   1.6966860e+06   1.2939453e+01
   1.6967960e+06   1.1596680e+01
   1.7433600e+06   1.4404297e+01
   1.7434140e+06   1.2145996e+01
   1.7434700e+06   1.1779785e+01
   1.7435270e+06   1.2329102e+01
   1.7650530e+06   1.1718750e+01
   1.7651120e+06   1.5808105e+01
   1.7651420e+06   1.4282227e+01
   1.7652010e+06   1.1657715e+01
   1.7911480e+06   1.8310547e+01
   1.7914070e+06   1.1779785e+01
   1.8159930e+06   1.2695313e+01
   1.8160190e+06   1.8188477e+01
   1.8161410e+06   1.2268066e+01
   1.8424550e+06   1.3000488e+01
   1.8424750e+06   2.0019531e+01
   1.8425070e+06   1.3610840e+01
   1.8425410e+06   1.2084961e+01
   1.8427230e+06   1.3000488e+01
   1.8585720e+06   1.3793945e+01
   1.8586470e+06   1.1535645e+01
   1.8943010e+06   1.4648438e+01
   1.8943110e+06   1.6967773e+01
   1.9275260e+06   1.3854980e+01
   1.9275830e+06   1.4892578e+01
   1.9276850e+06   1.2207031e+01
   1.9571550e+06   1.4343262e+01
   1.9579320e+06   1.1596680e+01
   1.9907720e+06   1.5869141e+01
   1.9907880e+06   1.2023926e+01
   1.9908340e+06   1.1962891e+01
   1.9908550e+06   1.1718750e+01
   2.0285850e+06   1.2939453e+01
   2.0286150e+06   1.6357422e+01
   2.0286740e+06   1.1779785e+01
   2.0287920e+06   1.2878418e+01
   2.0288600e+06   1.1596680e+01
   2.0522860e+06   1.1718750e+01
   2.0523670e+06   1.3549805e+01
   2.0524270e+06   1.1779785e+01
   2.0527310e+06   1.2695313e+01
   2.0804010e+06   1.3488770e+01
   2.0804830e+06   1.3732910e+01
   2.0810690e+06   1.2756348e+01
   2.5966850e+06   1.1779785e+01
   2.5967480e+06   1.4343262e+01
   2.5969600e+06   1.1718750e+01
   2.6974710e+06   1.2268066e+01
   2.8284770e+06   1.2268066e+01
   2.8285040e+06   1.2084961e+01
   2.8285300e+06   1.7639160e+01
   2.8285700e+06   1.2268066e+01
   2.8285980e+06   1.3793945e+01
   2.8286550e+06   1.3916016e+01
   3.0611760e+06   1.2390137e+01
   3.0611970e+06   1.4648438e+01
   3.0612620e+06   1.3366699e+01
   3.0818270e+06   1.3610840e+01
   3.0819390e+06   1.1718750e+01
   3.0819610e+06   1.1962891e+01
   3.2177800e+06   1.5136719e+01
   3.2177970e+06   1.5625000e+01
   3.2178490e+06   1.2451172e+01
   3.2178990e+06   1.3122559e+01
   3.2179340e+06   1.2390137e+01
   3.2653660e+06   2.5024414e+01
   3.2653810e+06   1.1718750e+01
   3.2654160e+06   1.1718750e+01
   3.2655350e+06   1.1718750e+01
   3.3305470e+06   1.1901855e+01
   3.3305960e+06   1.5258789e+01
   3.3306130e+06   1.3183594e+01
   3.3568350e+06   1.9958496e+01
   3.3568950e+06   1.2084961e+01
   3.4236610e+06   1.6113281e+01
   3.4237040e+06   1.2329102e+01
   3.4237710e+06   1.3000488e+01
   3.4557770e+06   2.6977539e+01
   3.4558280e+06   1.2573242e+01
   3.4558410e+06   1.5380859e+01
   3.4558860e+06   1.2268066e+01
   3.4715190e+06   1.9897461e+01
   3.4715770e+06   1.3916016e+01
   3.4715880e+06   1.7211914e+01
   3.6829470e+06   1.2207031e+01
   3.6829760e+06   1.8249512e+01
   3.6830110e+06   1.2390137e+01
   3.6830470e+06   1.4648438e+01
   3.8040580e+06   1.5502930e+01
   3.8040780e+06   1.2512207e+01
   3.8041070e+06   1.7089844e+01
   3.8041740e+06   1.2268066e+01
   3.8042240e+06   1.3854980e+01
   3.8548750e+06   1.2756348e+01
   3.9327840e+06   1.5625000e+01
   3.9328020e+06   1.7517090e+01
   3.9328660e+06   1.2512207e+01
   3.9519390e+06   1.3549805e+01
   3.9520030e+06   1.5014648e+01
   3.9520570e+06   1.3427734e+01
   4.0082260e+06   1.3488770e+01
   4.0082390e+06   1.3488770e+01
   4.0082900e+06   1.2145996e+01
   4.0083310e+06   1.2695313e+01
   4.0790700e+06   1.3977051e+01
   4.0790800e+06   1.8005371e+01
   4.0791920e+06   1.4099121e+01
   4.0792690e+06   1.2939453e+01
   4.1716110e+06   1.2634277e+01
   4.1716710e+06   1.3854980e+01
   4.1716970e+06   1.1718750e+01
   4.1717280e+06   1.1840820e+01
   4.1717550e+06   1.3366699e+01
   4.2523790e+06   1.4587402e+01
   4.2524040e+06   1.3793945e+01
   4.2524220e+06   1.3183594e+01
   4.2524640e+06   1.1840820e+01
   4.2525080e+06   1.3854980e+01
   4.2994490e+06   1.3549805e+01
   4.2995120e+06   1.3061523e+01
   4.2995640e+06   1.2329102e+01
   4.2995760e+06   1.2512207e+01
   4.4414940e+06   1.5686035e+01
   4.4415380e+06   1.1779785e+01
   4.4415580e+06   1.2145996e+01
   4.4416250e+06   1.1718750e+01
   4.6483770e+06   1.2512207e+01
   4.6485120e+06   1.3793945e+01
   4.6485680e+06   1.7211914e+01
   4.7146880e+06   1.5319824e+01
   4.7147230e+06   1.6967773e+01
   4.7147640e+06   1.2207031e+01
   4.7147850e+06   1.5136719e+01
   4.7148110e+06   1.1779785e+01
   4.7287710e+06   1.5136719e+01
   4.7287850e+06   1.1657715e+01
   4.7288530e+06   1.4953613e+01
   4.7916020e+06   1.3305664e+01
   4.7916370e+06   1.2084961e+01
   4.7916630e+06   1.2573242e+01
   4.7918130e+06   1.1840820e+01
   4.8407830e+06   1.2145996e+01
   4.8408230e+06   1.3488770e+01
   4.8408700e+06   1.2145996e+01
   4.8409350e+06   1.1779785e+01
   4.8834730e+06   1.1901855e+01
   4.8834890e+06   1.5563965e+01
   4.8835420e+06   1.3305664e+01
   5.0037190e+06   1.4160156e+01
   5.0037860e+06   1.2084961e+01
   5.1007940e+06   1.5930176e+01
   5.1008670e+06   1.3244629e+01
   5.1405070e+06   1.3427734e+01
   5.1405260e+06   2.3437500e+01
   5.1405910e+06   1.4465332e+01
   5.1406490e+06   1.1779785e+01
   5.2593300e+06   1.2634277e+01
   5.2593400e+06   1.4648437e+01
   5.2594090e+06   1.2878418e+01
   5.2594990e+06   1.2207031e+01
   5.3490660e+06   1.7028809e+01
   5.3491170e+06   1.2756348e+01
   5.3491390e+06   1.3732910e+01
   5.3491830e+06   1.2084961e+01
   5.4068690e+06   1.7272949e+01
   5.4069350e+06   1.4953613e+01
   5.5869370e+06   1.2939453e+01
   5.5870060e+06   1.8432617e+01
   5.5870700e+06   1.2939453e+01
   5.6747100e+06   1.1657715e+01
   5.7683170e+06   1.1657715e+01
   5.7683420e+06   1.3122559e+01
   5.7684050e+06   1.2390137e+01
   5.7684430e+06   1.2634277e+01
   5.7684540e+06   1.1779785e+01
   5.8124990e+06   1.4099121e+01
   5.8125220e+06   1.3854980e+01
   5.8125830e+06   1.4282227e+01
   5.8126410e+06   1.5319824e+01
   5.8126650e+06   1.2145996e+01
   5.8127150e+06   1.2207031e+01
   5.8581710e+06   1.3610840e+01
   5.8581900e+06   1.3793945e+01
   5.8582450e+06   1.3183594e+01
   5.8583550e+06   1.2207031e+01
