   5.9990000e+06   0.0000000e+00
   1.1692400e+05   1.6784668e+01
   1.1693800e+05   1.1962891e+01
   1.1716700e+05   2.0019531e+01
   1.1722400e+05   1.3916016e+01
   1.1740000e+05   1.1901855e+01
   1.1783500e+05   1.1718750e+01
   1.6165200e+05   1.6845703e+01
   1.6172600e+05   1.4404297e+01
   1.6179200e+05   1.4404297e+01
   1.6182900e+05   1.3671875e+01
   1.6192500e+05   1.5014648e+01
   1.6194900e+05   1.2023926e+01
   1.6200400e+05   1.2023926e+01
   1.6284800e+05   1.2145996e+01
   2.0004100e+05   1.4587402e+01
   2.0008200e+05   1.6540527e+01
   2.0011200e+05   1.4221191e+01
   2.0014700e+05   1.3183594e+01
   2.0025000e+05   1.2573242e+01
   2.0027600e+05   1.2817383e+01
   2.0089200e+05   1.1779785e+01
   2.3675700e+05   1.6296387e+01
   2.3678200e+05   1.1718750e+01
   2.3679900e+05   1.4160156e+01
   2.3682600e+05   1.3793945e+01
   2.3685200e+05   1.2939453e+01
   2.3688900e+05   1.1657715e+01
   2.3701600e+05   1.4770508e+01
   2.5984000e+05   1.6357422e+01
   2.5990400e+05   1.8554688e+01
   2.5997500e+05   1.2451172e+01
   2.6004200e+05   1.2207031e+01
   2.6013800e+05   1.2145996e+01
   2.8026700e+05   2.0080566e+01
   2.8032400e+05   1.1901855e+01
   2.8038800e+05   1.3610840e+01
   2.8040000e+05   1.3793945e+01
   2.8063100e+05   1.2207031e+01
   2.9791800e+05   1.2634277e+01
   2.9802600e+05   1.6357422e+01
   2.9811900e+05   1.4465332e+01
   2.9825500e+05   1.1718750e+01
   3.1480800e+05   1.8066406e+01
   3.1488600e+05   1.9836426e+01
   3.1496700e+05   1.6906738e+01
   3.1497800e+05   1.3549805e+01
   3.1516900e+05   1.1596680e+01
   3.1535700e+05   1.2390137e+01
   3.3737400e+05   1.8005371e+01
   3.3749500e+05   2.0141602e+01
   3.3765500e+05   1.2207031e+01
   3.5230800e+05   1.4465332e+01
   3.5239400e+05   1.3427734e+01
   3.5257400e+05   1.1657715e+01
   3.5261500e+05   1.4648438e+01
   3.6780800e+05   1.5014648e+01
   3.6788600e+05   1.8493652e+01
   3.6789700e+05   1.2329102e+01
   3.6797500e+05   1.2634277e+01
   3.6802500e+05   1.2390137e+01
   3.6806800e+05   1.1779785e+01
   3.6815600e+05   1.2573242e+01
   3.8590500e+05   1.8615723e+01
   3.8593200e+05   1.2817383e+01
   3.8599500e+05   1.6540527e+01
   3.8618400e+05   1.3061523e+01
   3.8637800e+05   1.3427734e+01
   4.0001200e+05   1.2023926e+01
   4.0014800e+05   1.5869141e+01
   4.0022800e+05   1.6296387e+01
   4.1400200e+05   1.1962891e+01
   4.1409800e+05   2.2094727e+01
   4.1421000e+05   1.3061523e+01
   4.3021900e+05   1.5686035e+01
   4.3033900e+05   1.1840820e+01
   4.3038600e+05   1.1718750e+01
   4.4430100e+05   2.0324707e+01
   4.6345900e+05   1.1596680e+01
   4.6361300e+05   1.8798828e+01
   4.6368900e+05   1.5014648e+01
   4.6381100e+05   1.5502930e+01
   4.8503400e+05   1.8676758e+01
   4.8510200e+05   1.2695312e+01
   5.2276400e+05   1.2573242e+01
   5.2293700e+05   2.0446777e+01
   5.4955500e+05   1.1901855e+01
   5.4970100e+05   2.2705078e+01
   5.4981700e+05   1.4953613e+01
   5.8326900e+05   1.3488770e+01
   6.1371900e+05   1.9714355e+01
   6.1385600e+05   1.3916016e+01
   6.9291300e+05   1.2939453e+01
   8.0194300e+05   1.1718750e+01
   8.7104800e+05   1.2634277e+01
   9.2919000e+05   1.1718750e+01
   9.5974300e+05   1.3122559e+01
   9.5986800e+05   1.3854980e+01
   1.1551510e+06   1.2817383e+01
   1.1553180e+06   1.5502930e+01
   1.1553770e+06   1.4953613e+01
   1.1554180e+06   1.5319824e+01
   1.1554940e+06   1.8249512e+01
   1.1555620e+06   1.5747070e+01
   1.1556140e+06   1.1657715e+01
   1.1556800e+06   1.2695313e+01
   1.2398570e+06   1.1718750e+01
   1.4800340e+06   1.5747070e+01
   1.4800510e+06   1.5136719e+01
   1.4800810e+06   1.4892578e+01
   1.4801130e+06   1.2695312e+01
   1.4801400e+06   1.9958496e+01
   1.4801850e+06   1.2634277e+01
   1.4962510e+06   1.2695312e+01
   1.4963200e+06   2.2216797e+01
   1.4963640e+06   1.5930176e+01
   1.4963760e+06   1.3793945e+01
   1.4964110e+06   1.3427734e+01
   1.4964460e+06   1.4709473e+01
   1.4964610e+06   1.4099121e+01
   1.4965120e+06   1.2878418e+01
   1.4967060e+06   1.1840820e+01
   1.4973700e+06   1.5625000e+01
   1.4976080e+06   1.4282227e+01
   1.5088920e+06   1.8310547e+01
   1.5089470e+06   1.1962891e+01
   1.5089680e+06   2.1301270e+01
   1.5090120e+06   1.4770508e+01
   1.5090460e+06   1.2756348e+01
   1.5090690e+06   1.3732910e+01
   1.5091180e+06   1.3183594e+01
   1.5095020e+06   1.3122559e+01
   1.5099780e+06   1.2512207e+01
   1.5715580e+06   3.1188965e+01
   1.5715990e+06   1.5991211e+01
   1.5716090e+06   1.3244629e+01
   1.5716290e+06   1.5869141e+01
   1.5716730e+06   1.1779785e+01
   1.6375540e+06   1.3488770e+01
   1.6375740e+06   1.2512207e+01
   1.6375960e+06   1.4404297e+01
   1.6376350e+06   1.5014648e+01
   1.6968190e+06   1.5930176e+01
   1.6968460e+06   2.1728516e+01
   1.6968860e+06   2.6550293e+01
   1.6969280e+06   1.4160156e+01
   1.6970130e+06   1.2207031e+01
   1.7432360e+06   1.3854980e+01
   1.7432510e+06   2.0935059e+01
   1.7432930e+06   2.4108887e+01
   1.7433070e+06   1.4160156e+01
   1.7433730e+06   1.1657715e+01
   1.7652300e+06   1.2268066e+01
   1.7653000e+06   2.1423340e+01
   1.7653110e+06   1.3854980e+01
   1.7653480e+06   3.1250000e+01
   1.7653900e+06   1.5991211e+01
   1.7657480e+06   1.1901855e+01
   1.7912760e+06   1.1901855e+01
   1.7913120e+06   1.3244629e+01
   1.7913370e+06   1.9958496e+01
   1.7913730e+06   1.1718750e+01
   1.7913870e+06   1.6601562e+01
   1.7914270e+06   1.7089844e+01
   1.8161240e+06   1.1657715e+01
   1.8161630e+06   1.7395020e+01
   1.8161920e+06   1.8981934e+01
   1.8162060e+06   1.2573242e+01
   1.8162460e+06   2.2338867e+01
   1.8166020e+06   1.2390137e+01
   1.8425920e+06   1.2573242e+01
   1.8426120e+06   1.2512207e+01
   1.8426340e+06   2.1667480e+01
   1.8426560e+06   1.2023926e+01
   1.8427040e+06   1.2268066e+01
   1.8427500e+06   1.1596680e+01
   1.8430420e+06   1.4160156e+01
   1.8587260e+06   2.0263672e+01
   1.8587370e+06   1.2268066e+01
   1.8587600e+06   2.0568848e+01
   1.8588040e+06   1.3854980e+01
   1.8588220e+06   2.1484375e+01
   1.8588680e+06   1.2756348e+01
   1.8944510e+06   2.1423340e+01
   1.8944790e+06   1.7272949e+01
   1.8945010e+06   1.1596680e+01
   1.8945360e+06   1.3000488e+01
   1.8945900e+06   1.1596680e+01
   1.9277030e+06   1.2023926e+01
   1.9277160e+06   1.2145996e+01
   1.9277430e+06   2.0568848e+01
   1.9277650e+06   2.0568848e+01
   1.9277990e+06   1.6235352e+01
   1.9278160e+06   1.5319824e+01
   1.9279360e+06   1.2084961e+01
   1.9571770e+06   1.1779785e+01
   1.9572050e+06   1.1657715e+01
   1.9572400e+06   1.3671875e+01
   1.9572530e+06   1.6723633e+01
   1.9572750e+06   1.2268066e+01
   1.9573060e+06   1.3305664e+01
   1.9573210e+06   1.8066406e+01
   1.9573370e+06   1.2207031e+01
   1.9573680e+06   1.2207031e+01
   1.9574080e+06   1.2145996e+01
   1.9909230e+06   1.4099121e+01
   1.9909510e+06   1.2817383e+01
   1.9909640e+06   2.4230957e+01
   1.9910000e+06   1.8859863e+01
   1.9910140e+06   1.4526367e+01
   1.9910570e+06   1.5075684e+01
   2.0286820e+06   1.2878418e+01
   2.0287170e+06   1.7761230e+01
   2.0287570e+06   1.8859863e+01
   2.0287750e+06   1.3183594e+01
   2.0288030e+06   1.1840820e+01
   2.0288780e+06   1.1840820e+01
   2.0523310e+06   1.2512207e+01
   2.0523610e+06   1.1657715e+01
   2.0523900e+06   1.9348145e+01
   2.0524240e+06   1.8554688e+01
   2.0524720e+06   2.1423340e+01
   2.0524900e+06   1.1718750e+01
   2.0525290e+06   1.6357422e+01
   2.0527980e+06   1.2084961e+01
   2.0804630e+06   1.3916016e+01
   2.0805090e+06   1.4526367e+01
   2.0805400e+06   1.9836426e+01
   2.0805520e+06   1.6540527e+01
   2.0805830e+06   1.4099121e+01
   2.0805930e+06   1.8066406e+01
   2.0806390e+06   1.4587402e+01
   2.0808410e+06   1.2023926e+01
   2.3463890e+06   1.1596680e+01
   2.5966750e+06   1.2878418e+01
   2.5967340e+06   1.3977051e+01
   2.5967780e+06   1.4526367e+01
   2.5968010e+06   1.3366699e+01
   2.5968500e+06   2.1362305e+01
   2.5968810e+06   1.1718750e+01
   2.5968950e+06   1.3000488e+01
   2.8283680e+06   1.7028809e+01
   2.8283800e+06   1.9775391e+01
   2.8284100e+06   1.2512207e+01
   2.8284350e+06   1.6967773e+01
   2.8284740e+06   1.6906738e+01
   2.8287830e+06   1.1718750e+01
   3.0608750e+06   1.9714355e+01
   3.0609470e+06   1.8859863e+01
   3.0610360e+06   3.3081055e+01
   3.0610770e+06   1.8371582e+01
   3.0611030e+06   1.7150879e+01
   3.0611240e+06   1.1901855e+01
   3.0612360e+06   1.4709473e+01
   3.0816400e+06   1.9653320e+01
   3.0816720e+06   2.0019531e+01
   3.0816980e+06   1.3488770e+01
   3.0817590e+06   2.2094727e+01
   3.0818470e+06   1.1901855e+01
   3.0822380e+06   1.2634277e+01
   3.0823600e+06   1.2145996e+01
   3.2175790e+06   1.4587402e+01
   3.2176510e+06   1.4953613e+01
   3.2176930e+06   1.3488770e+01
   3.2177210e+06   1.9348145e+01
   3.2177650e+06   1.6113281e+01
   3.2178160e+06   1.1840820e+01
   3.2178710e+06   1.3061523e+01
   3.2179330e+06   1.1779785e+01
   3.2652580e+06   2.4963379e+01
   3.2652970e+06   1.6662598e+01
   3.2653150e+06   1.2817383e+01
   3.2653470e+06   1.2512207e+01
   3.2653690e+06   1.3122559e+01
   3.2657650e+06   1.1657715e+01
   3.3306910e+06   1.9104004e+01
   3.3307270e+06   1.7028809e+01
   3.3307440e+06   1.6723633e+01
   3.3307690e+06   1.3793945e+01
   3.3307790e+06   1.3305664e+01
   3.3308210e+06   1.1901855e+01
   3.3310650e+06   1.2939453e+01
   3.3567250e+06   1.7456055e+01
   3.3567670e+06   1.8554688e+01
   3.3567790e+06   1.7089844e+01
   3.3569750e+06   1.2634277e+01
   3.3571450e+06   1.2695312e+01
   3.3573430e+06   1.4770508e+01
   3.4235460e+06   1.6845703e+01
   3.4235690e+06   1.5808105e+01
   3.4236130e+06   1.3549805e+01
   3.4236260e+06   1.6662598e+01
   3.4236420e+06   1.1657715e+01
   3.4475710e+06   1.1779785e+01
   3.4556390e+06   1.2207031e+01
   3.4556710e+06   2.5085449e+01
   3.4557120e+06   1.4892578e+01
   3.4557290e+06   1.1901855e+01
   3.4557470e+06   1.2268066e+01
   3.4558090e+06   1.1718750e+01
   3.4562010e+06   1.6357422e+01
   3.4713730e+06   2.0141602e+01
   3.4713870e+06   1.7089844e+01
   3.4714100e+06   1.3366699e+01
   3.4714280e+06   2.3254395e+01
   3.4714680e+06   1.3305664e+01
   3.4715140e+06   1.2878418e+01
   3.4717500e+06   1.2268066e+01
   3.5854780e+06   1.1596680e+01
   3.6828090e+06   1.2023926e+01
   3.6828450e+06   2.8869629e+01
   3.6828840e+06   1.8920898e+01
   3.6829130e+06   1.8066406e+01
   3.8038300e+06   1.1596680e+01
   3.8039470e+06   2.6794434e+01
   3.8039890e+06   2.4658203e+01
   3.8040160e+06   1.5502930e+01
   3.8040650e+06   1.4465332e+01
   3.8040940e+06   1.2207031e+01
   3.9325300e+06   2.2521973e+01
   3.9325950e+06   1.1718750e+01
   3.9326390e+06   1.8249512e+01
   3.9326520e+06   1.4587402e+01
   3.9327240e+06   1.3427734e+01
   3.9517490e+06   1.5136719e+01
   3.9517860e+06   2.8625488e+01
   3.9518320e+06   1.9470215e+01
   3.9518760e+06   2.1911621e+01
   3.9519140e+06   1.3916016e+01
   3.9519590e+06   1.2878418e+01
   3.9524860e+06   1.4831543e+01
   3.9525170e+06   1.2695312e+01
   4.0080750e+06   1.2268066e+01
   4.0081190e+06   1.1718750e+01
   4.0081320e+06   2.2216797e+01
   4.0081540e+06   1.2451172e+01
   4.0081670e+06   1.3305664e+01
   4.0081850e+06   1.4648438e+01
   4.0082300e+06   1.3305664e+01
   4.0082570e+06   1.1596680e+01
   4.0085890e+06   1.3854980e+01
   4.0789160e+06   1.4282227e+01
   4.0789620e+06   1.2695312e+01
   4.0789780e+06   1.9287109e+01
   4.0790110e+06   1.3061523e+01
   4.0790360e+06   1.3916016e+01
   4.0790590e+06   1.9348145e+01
   4.0790720e+06   1.3305664e+01
   4.1714330e+06   1.3732910e+01
   4.1714780e+06   1.4221191e+01
   4.1715020e+06   1.5380859e+01
   4.1715320e+06   1.7761230e+01
   4.1715440e+06   1.4770508e+01
   4.1715720e+06   1.7211914e+01
   4.1716570e+06   1.2023926e+01
   4.1717110e+06   1.1962891e+01
   4.1721660e+06   1.1901855e+01
   4.2522700e+06   1.2268066e+01
   4.2522900e+06   1.3427734e+01
   4.2523030e+06   2.0812988e+01
   4.2523300e+06   1.2390137e+01
   4.2523930e+06   1.3305664e+01
   4.2524430e+06   1.2695312e+01
   4.2992900e+06   1.3061523e+01
   4.2993350e+06   1.5563965e+01
   4.2993550e+06   1.6906738e+01
   4.2993780e+06   1.3305664e+01
   4.2994170e+06   1.8066406e+01
   4.2994570e+06   1.1779785e+01
   4.2995650e+06   1.2329102e+01
   4.2998010e+06   1.3671875e+01
   4.4413240e+06   1.2878418e+01
   4.4413510e+06   1.2023926e+01
   4.4413810e+06   1.4221191e+01
   4.4414130e+06   1.3122559e+01
   4.4414270e+06   1.5563965e+01
   4.4414480e+06   1.2573242e+01
   4.4415860e+06   1.1779785e+01
   4.6481400e+06   1.4160156e+01
   4.6482210e+06   1.1779785e+01
   4.6482780e+06   1.2573242e+01
   4.6483270e+06   1.2207031e+01
   4.6483720e+06   1.2329102e+01
   4.6484010e+06   1.1840820e+01
   4.6484180e+06   1.3061523e+01
   4.6484350e+06   1.6906738e+01
   4.6484870e+06   1.2817383e+01
   4.6485350e+06   1.2451172e+01
   4.7144190e+06   1.6113281e+01
   4.7144770e+06   1.1840820e+01
   4.7145500e+06   1.4099121e+01
   4.7146150e+06   2.0446777e+01
   4.7146440e+06   1.2695312e+01
   4.7146850e+06   1.2390137e+01
   4.7148430e+06   1.2573242e+01
   4.7149490e+06   1.1840820e+01
   4.7286130e+06   1.4099121e+01
   4.7286340e+06   2.4169922e+01
   4.7286740e+06   1.3244629e+01
   4.7287650e+06   1.7822266e+01
   4.7288200e+06   1.2756348e+01
   4.7291150e+06   1.5869141e+01
   4.7913820e+06   1.2512207e+01
   4.7914760e+06   1.4953613e+01
   4.7915190e+06   1.3854980e+01
   4.7915550e+06   1.4892578e+01
   4.7915680e+06   1.3732910e+01
   4.7915950e+06   1.7700195e+01
   4.7916430e+06   1.3427734e+01
   4.7916960e+06   1.3183594e+01
   4.7917910e+06   1.3977051e+01
   4.8407010e+06   1.9897461e+01
   4.8407460e+06   1.5869141e+01
   4.8407730e+06   1.6906738e+01
   4.8411100e+06   1.3427734e+01
   4.8833200e+06   1.2023926e+01
   4.8833760e+06   3.2165527e+01
   4.8834110e+06   1.2084961e+01
   4.8834230e+06   1.3916016e+01
   4.8834540e+06   1.3671875e+01
   4.8834930e+06   1.9958496e+01
   4.8835370e+06   1.3854980e+01
   5.0009980e+06   1.1657715e+01
   5.0034130e+06   1.8371582e+01
   5.0034920e+06   1.5686035e+01
   5.0035410e+06   1.2390137e+01
   5.0035600e+06   1.4831543e+01
   5.0035850e+06   1.3427734e+01
   5.0036160e+06   2.8991699e+01
   5.0036610e+06   1.2695312e+01
   5.0038280e+06   1.2939453e+01
   5.1005390e+06   1.9104004e+01
   5.1006420e+06   2.5024414e+01
   5.1006780e+06   1.7272949e+01
   5.1006880e+06   1.2634277e+01
   5.1007450e+06   1.8493652e+01
   5.1007740e+06   1.1901855e+01
   5.1009750e+06   1.1596680e+01
   5.1341230e+06   1.9042969e+01
   5.1402490e+06   1.5014648e+01
   5.1403530e+06   1.6235352e+01
   5.1403950e+06   1.2023926e+01
   5.1404140e+06   1.4282227e+01
   5.1404320e+06   1.6906738e+01
   5.1404690e+06   1.4465332e+01
   5.1408290e+06   1.3549805e+01
   5.2591250e+06   1.1718750e+01
   5.2592130e+06   2.0324707e+01
   5.2592620e+06   2.1240234e+01
   5.2592910e+06   2.0874023e+01
   5.2595800e+06   1.3061523e+01
   5.3489890e+06   1.2390137e+01
   5.3490390e+06   1.3488770e+01
   5.3490550e+06   1.5563965e+01
   5.3490920e+06   1.8432617e+01
   5.3491260e+06   1.3732910e+01
   5.3491480e+06   1.4770508e+01
   5.3492370e+06   1.1901855e+01
   5.3494360e+06   1.3549805e+01
   5.4066700e+06   1.2695312e+01
   5.4067450e+06   1.4648438e+01
   5.4067550e+06   2.0935059e+01
   5.4067930e+06   1.9653320e+01
   5.4068200e+06   2.0568848e+01
   5.4068610e+06   1.1840820e+01
   5.5866420e+06   1.4465332e+01
   5.5867550e+06   1.8188477e+01
   5.5867820e+06   1.2573242e+01
   5.5868040e+06   1.5380859e+01
   5.5868240e+06   1.2023926e+01
   5.5868670e+06   1.6906738e+01
   5.5869710e+06   1.3427734e+01
   5.5870070e+06   1.4404297e+01
   5.5870940e+06   1.2634277e+01
   5.6745820e+06   2.3803711e+01
   5.6746210e+06   1.7333984e+01
   5.6746940e+06   1.5258789e+01
   5.6750120e+06   1.2268066e+01
   5.6782710e+06   1.2878418e+01
   5.6887260e+06   1.1596680e+01
   5.7682090e+06   2.3742676e+01
   5.7682490e+06   1.6113281e+01
   5.7682890e+06   1.7333984e+01
   5.7683180e+06   1.3427734e+01
   5.7684690e+06   1.2329102e+01
   5.7686110e+06   1.3732910e+01
   5.7691950e+06   2.1118164e+01
   5.8123170e+06   1.1901855e+01
   5.8123790e+06   1.4648438e+01
   5.8123990e+06   2.1362305e+01
   5.8124330e+06   1.2084961e+01
   5.8124590e+06   1.3488770e+01
   5.8124780e+06   2.2094727e+01
   5.8125170e+06   1.2145996e+01
   5.8126300e+06   1.2145996e+01
   5.8127240e+06   1.1901855e+01
   5.8128730e+06   1.1962891e+01
   5.8580170e+06   1.3488770e+01
   5.8580710e+06   1.9042969e+01
   5.8581080e+06   2.1911621e+01
   5.8581290e+06   1.2390137e+01
   5.8581580e+06   1.6174316e+01
   5.8582030e+06   1.1779785e+01
