   5.9990000e+06   0.0000000e+00
   1.1750300e+05   2.7099609e+01
   1.1752800e+05   1.2145996e+01
   1.1757200e+05   1.7456055e+01
   1.1761900e+05   1.7211914e+01
   1.6172300e+05   2.4841309e+01
   1.6181900e+05   1.1596680e+01
   1.6195200e+05   1.8249512e+01
   1.6202400e+05   1.6235352e+01
   1.6206300e+05   1.1657715e+01
   1.6215700e+05   1.2268066e+01
   2.0044300e+05   2.8381348e+01
   2.0052500e+05   1.4587402e+01
   2.0057900e+05   1.3366699e+01
   2.0119100e+05   1.2512207e+01
   2.3668600e+05   3.0334473e+01
   2.3680800e+05   1.9348145e+01
   2.3691900e+05   1.3732910e+01
   2.3700700e+05   1.4953613e+01
   2.3703100e+05   1.3671875e+01
   2.3718600e+05   1.1840820e+01
   2.5986900e+05   2.7587891e+01
   2.6001200e+05   1.3305664e+01
   2.6015100e+05   1.1840820e+01
   2.8034000e+05   2.3254395e+01
   2.8047300e+05   1.6357422e+01
   2.9829700e+05   2.1240234e+01
   3.1487700e+05   2.3681641e+01
   3.3741000e+05   2.9418945e+01
   3.6801800e+05   2.5146484e+01
   3.8599400e+05   2.6550293e+01
   4.0035800e+05   2.4658203e+01
   4.6371600e+05   2.8686523e+01
   7.3902200e+05   1.1474609e+01
   8.2966600e+05   1.1840820e+01
   1.1549690e+06   3.3569336e+01
   1.1551020e+06   1.8371582e+01
   1.1552090e+06   1.6845703e+01
   1.1554080e+06   1.1962891e+01
   1.1554500e+06   2.2033691e+01
   1.1555640e+06   1.5441895e+01
   1.4799540e+06   2.6184082e+01
   1.4799790e+06   1.3671875e+01
   1.4800080e+06   2.1179199e+01
   1.4800260e+06   1.8066406e+01
   1.4800410e+06   1.4343262e+01
   1.4963410e+06   2.5390625e+01
   1.4963720e+06   1.5869141e+01
   1.4964250e+06   1.5502930e+01
   1.4964420e+06   1.8371582e+01
   1.4964870e+06   1.2512207e+01
   1.4965120e+06   1.3916016e+01
   1.4965290e+06   1.1535645e+01
   1.4965560e+06   1.1901855e+01
   1.5089660e+06   2.5878906e+01
   1.5090120e+06   1.1962891e+01
   1.5090310e+06   1.5930176e+01
   1.5090540e+06   1.5625000e+01
   1.5090700e+06   1.5136719e+01
   1.5091120e+06   1.2084961e+01
   1.5091380e+06   1.1474609e+01
   1.5715800e+06   2.6367188e+01
   1.5716020e+06   1.7028809e+01
   1.5716350e+06   1.4953613e+01
   1.5717750e+06   1.2145996e+01
   1.5923690e+06   1.2939453e+01
   1.6374580e+06   1.1962891e+01
   1.6374730e+06   3.4667969e+01
   1.6375060e+06   1.5075684e+01
   1.6375250e+06   1.1962891e+01
   1.6375830e+06   1.2390137e+01
   1.6376530e+06   1.1840820e+01
   1.6967610e+06   1.2329102e+01
   1.6967720e+06   1.8005371e+01
   1.6968210e+06   1.4404297e+01
   1.6968380e+06   1.1596680e+01
   1.6968590e+06   1.3549805e+01
   1.7432660e+06   2.2827148e+01
   1.7432810e+06   1.9104004e+01
   1.7433120e+06   1.5991211e+01
   1.7433660e+06   1.2023926e+01
   1.7652000e+06   1.1535645e+01
   1.7652130e+06   4.1198730e+01
   1.7652540e+06   1.2451172e+01
   1.7652910e+06   1.4160156e+01
   1.7912540e+06   1.5625000e+01
   1.7912850e+06   1.1901855e+01
   1.7912960e+06   1.5319824e+01
   1.8161110e+06   3.1311035e+01
   1.8161270e+06   1.2145996e+01
   1.8161520e+06   1.3549805e+01
   1.8161940e+06   1.2390137e+01
   1.8425560e+06   1.2939453e+01
   1.8425690e+06   1.7333984e+01
   1.8425960e+06   1.1718750e+01
   1.8426590e+06   1.1657715e+01
   1.8426800e+06   1.2207031e+01
   1.8586540e+06   2.4719238e+01
   1.8586730e+06   1.3549805e+01
   1.8587080e+06   1.4343262e+01
   1.8587500e+06   1.1962891e+01
   1.8588110e+06   1.1474609e+01
   1.8588720e+06   1.4221191e+01
   1.8589570e+06   1.1840820e+01
   1.8944020e+06   3.2226562e+01
   1.8944260e+06   1.2023926e+01
   1.8944860e+06   1.1596680e+01
   1.8945820e+06   1.1779785e+01
   1.9276910e+06   3.4545898e+01
   1.9277330e+06   1.2329102e+01
   1.9277570e+06   1.1718750e+01
   1.9277740e+06   1.2695312e+01
   1.9569940e+06   1.5075684e+01
   1.9570370e+06   2.3986816e+01
   1.9571030e+06   1.4221191e+01
   1.9572030e+06   1.4282227e+01
   1.9572230e+06   1.3977051e+01
   1.9573020e+06   1.2329102e+01
   1.9573340e+06   1.1474609e+01
   1.9574160e+06   1.1596680e+01
   1.9908730e+06   2.3498535e+01
   1.9908890e+06   2.4169922e+01
   1.9909170e+06   1.3793945e+01
   1.9909340e+06   1.3977051e+01
   1.9909640e+06   1.1474609e+01
   1.9909860e+06   1.2390137e+01
   2.0284900e+06   2.0996094e+01
   2.0285870e+06   2.1728516e+01
   2.0285980e+06   1.2573242e+01
   2.0286770e+06   1.3977051e+01
   2.0286920e+06   1.3122559e+01
   2.0287740e+06   1.7150879e+01
   2.0288320e+06   1.2939453e+01
   2.0521600e+06   2.6428223e+01
   2.0523210e+06   1.7578125e+01
   2.0524330e+06   1.4465332e+01
   2.0525000e+06   1.3488770e+01
   2.0525820e+06   1.2939453e+01
   2.0526280e+06   1.3427734e+01
   2.0802810e+06   2.4047852e+01
   2.0804450e+06   1.9958496e+01
   2.0805070e+06   1.1962891e+01
   2.0805620e+06   1.6296387e+01
   2.0806320e+06   1.2573242e+01
   2.0808200e+06   1.3183594e+01
   2.1361460e+06   1.1779785e+01
   2.2944520e+06   1.1779785e+01
   2.5966610e+06   3.0212402e+01
   2.5967060e+06   1.1718750e+01
   2.5967310e+06   1.4160156e+01
   2.5967630e+06   1.6052246e+01
   2.5968050e+06   1.4831543e+01
   2.5968780e+06   1.3671875e+01
   2.5969100e+06   1.2756348e+01
   2.5969230e+06   1.1840820e+01
   2.6568970e+06   1.1474609e+01
   2.8283640e+06   3.3020020e+01
   2.8283890e+06   1.1901855e+01
   2.8284400e+06   1.4709473e+01
   2.8284920e+06   1.1901855e+01
   2.8285190e+06   1.4709473e+01
   2.8286260e+06   1.1535645e+01
   2.8286870e+06   1.1596680e+01
   3.0612050e+06   2.5512695e+01
   3.0612350e+06   1.2756348e+01
   3.0612760e+06   1.1535645e+01
   3.0613160e+06   1.1413574e+01
   3.0613370e+06   1.4160156e+01
   3.0613710e+06   1.2207031e+01
   3.0816310e+06   2.8015137e+01
   3.0816940e+06   1.1596680e+01
   3.0817210e+06   2.9113770e+01
   3.0817690e+06   1.9653320e+01
   3.0817900e+06   1.1840820e+01
   3.0818450e+06   1.2023926e+01
   3.0820510e+06   1.2817383e+01
   3.0822290e+06   1.2756348e+01
   3.0824970e+06   1.2573242e+01
   3.2177970e+06   3.1555176e+01
   3.2178170e+06   1.2756348e+01
   3.2178320e+06   1.6967773e+01
   3.2178590e+06   1.3977051e+01
   3.2178900e+06   1.1901855e+01
   3.2179060e+06   1.5563965e+01
   3.2179930e+06   1.3305664e+01
   3.2652650e+06   2.3254395e+01
   3.2653180e+06   1.1962891e+01
   3.2653720e+06   1.3122559e+01
   3.2654010e+06   1.1596680e+01
   3.3306580e+06   2.4475098e+01
   3.3306690e+06   1.4770508e+01
   3.3307710e+06   1.2634277e+01
   3.3567270e+06   1.3061523e+01
   3.3567400e+06   1.2329102e+01
   3.3567600e+06   1.3732910e+01
   3.3569330e+06   1.2817383e+01
   3.3570690e+06   1.1718750e+01
   3.4235810e+06   2.7526855e+01
   3.4235960e+06   1.4526367e+01
   3.4236060e+06   1.3244629e+01
   3.4236240e+06   1.5808105e+01
   3.4236440e+06   1.3183594e+01
   3.4236620e+06   1.2390137e+01
   3.4556870e+06   2.6062012e+01
   3.4557240e+06   1.4343262e+01
   3.4557390e+06   1.5380859e+01
   3.4557630e+06   1.8066406e+01
   3.4557850e+06   1.2329102e+01
   3.4558040e+06   1.2145996e+01
   3.4558320e+06   1.2451172e+01
   3.4713920e+06   2.1179199e+01
   3.4714220e+06   1.1962891e+01
   3.4714540e+06   1.2084961e+01
   3.4714870e+06   2.0324707e+01
   3.4715700e+06   1.2084961e+01
   3.4716190e+06   1.2695312e+01
   3.6828380e+06   2.6489258e+01
   3.6828660e+06   1.1657715e+01
   3.6829110e+06   2.3620605e+01
   3.6829340e+06   1.1779785e+01
   3.6829640e+06   1.6906738e+01
   3.6830090e+06   1.4526367e+01
   3.6830470e+06   1.2329102e+01
   3.8040000e+06   2.6672363e+01
   3.8040450e+06   1.2695313e+01
   3.8040720e+06   2.8320312e+01
   3.8041240e+06   1.1718750e+01
   3.8041430e+06   1.2756348e+01
   3.8041590e+06   1.2939453e+01
   3.8042000e+06   1.1657715e+01
   3.8042620e+06   1.1718750e+01
   3.9328130e+06   3.1555176e+01
   3.9328480e+06   1.1474609e+01
   3.9328740e+06   1.6540527e+01
   3.9329020e+06   1.2817383e+01
   3.9329280e+06   1.1901855e+01
   3.9329480e+06   1.3610840e+01
   3.9517680e+06   3.0029297e+01
   3.9518470e+06   1.2939453e+01
   3.9518640e+06   2.5146484e+01
   3.9519320e+06   1.2023926e+01
   3.9519750e+06   1.2207031e+01
   3.9519960e+06   1.3916016e+01
   3.9520360e+06   1.2695312e+01
   3.9520720e+06   1.1535645e+01
   3.9521120e+06   1.3610840e+01
   4.0081340e+06   2.6672363e+01
   4.0081690e+06   1.8615723e+01
   4.0082140e+06   1.3366699e+01
   4.0082520e+06   1.1779785e+01
   4.0082640e+06   1.1657715e+01
   4.0083180e+06   1.1413574e+01
   4.0789800e+06   2.6123047e+01
   4.0789970e+06   1.3122559e+01
   4.0790540e+06   1.1718750e+01
   4.0790900e+06   1.4526367e+01
   4.1714820e+06   2.6550293e+01
   4.1715370e+06   1.3488770e+01
   4.1715580e+06   1.1718750e+01
   4.1715770e+06   1.5136719e+01
   4.1715990e+06   1.4221191e+01
   4.1716650e+06   1.2512207e+01
   4.1716860e+06   1.1962891e+01
   4.1720640e+06   1.2451172e+01
   4.2522840e+06   3.0334473e+01
   4.2523310e+06   1.6906738e+01
   4.2523600e+06   1.6235352e+01
   4.2524070e+06   1.5319824e+01
   4.2524310e+06   1.1535645e+01
   4.2524890e+06   1.2634277e+01
   4.2525360e+06   1.1474609e+01
   4.2993470e+06   2.5390625e+01
   4.2993810e+06   1.3671875e+01
   4.2994030e+06   1.9287109e+01
   4.2994220e+06   1.4038086e+01
   4.2994740e+06   1.1474609e+01
   4.3093910e+06   1.1657715e+01
   4.3335630e+06   1.1962891e+01
   4.4043540e+06   1.1718750e+01
   4.4413530e+06   2.9724121e+01
   4.4414060e+06   1.5747070e+01
   4.4414200e+06   1.9348145e+01
   4.4414560e+06   1.2512207e+01
   4.4414730e+06   1.3244629e+01
   4.4414940e+06   1.6174316e+01
   4.4415120e+06   1.7700195e+01
   4.4415510e+06   1.3732910e+01
   4.4478340e+06   1.1718750e+01
   4.6482860e+06   2.4658203e+01
   4.6483780e+06   1.2634277e+01
   4.6484430e+06   1.4587402e+01
   4.6484900e+06   1.3977051e+01
   4.6485390e+06   2.0324707e+01
   4.6485880e+06   1.5930176e+01
   4.6487530e+06   1.1962891e+01
   4.7147260e+06   2.7648926e+01
   4.7147470e+06   1.6052246e+01
   4.7147730e+06   1.6723633e+01
   4.7147840e+06   1.3610840e+01
   4.7148190e+06   1.2390137e+01
   4.7285530e+06   2.6855469e+01
   4.7286920e+06   2.6794434e+01
   4.7287040e+06   1.2756348e+01
   4.7287470e+06   1.4526367e+01
   4.7287780e+06   1.8188477e+01
   4.7288030e+06   1.4648438e+01
   4.7288520e+06   1.7517090e+01
   4.7288970e+06   1.2145996e+01
   4.7914610e+06   3.0395508e+01
   4.7915250e+06   1.9042969e+01
   4.7915430e+06   1.1718750e+01
   4.7915800e+06   1.2390137e+01
   4.7915940e+06   1.1413574e+01
   4.7916470e+06   1.2268066e+01
   4.8304800e+06   1.1474609e+01
   4.8406940e+06   2.6916504e+01
   4.8407370e+06   1.3427734e+01
   4.8407510e+06   1.6662598e+01
   4.8407770e+06   1.2878418e+01
   4.8407970e+06   1.1962891e+01
   4.8833750e+06   2.9968262e+01
   4.8834050e+06   1.5014648e+01
   4.8834240e+06   1.4160156e+01
   4.8834440e+06   1.4831543e+01
   4.8834690e+06   1.3366699e+01
   4.8835390e+06   1.1718750e+01
   4.8835700e+06   1.1901855e+01
   5.0037150e+06   2.4902344e+01
   5.0037410e+06   1.8676758e+01
   5.0037720e+06   2.0874023e+01
   5.0038170e+06   1.1535645e+01
   5.0038380e+06   1.1596680e+01
   5.0039000e+06   1.1779785e+01
   5.1008320e+06   2.8442383e+01
   5.1008620e+06   2.4963379e+01
   5.1008720e+06   1.3305664e+01
   5.1008910e+06   1.2329102e+01
   5.1009240e+06   1.2939453e+01
   5.1009650e+06   1.2268066e+01
   5.1405590e+06   2.9907227e+01
   5.1405720e+06   1.2573242e+01
   5.1405850e+06   1.3061523e+01
   5.1406130e+06   1.3671875e+01
   5.1406460e+06   1.5014648e+01
   5.1408690e+06   1.2390137e+01
   5.2591990e+06   1.3916016e+01
   5.2592610e+06   1.1901855e+01
   5.2592890e+06   1.1901855e+01
   5.2593310e+06   2.0996094e+01
   5.2593480e+06   1.1962891e+01
   5.2593610e+06   1.4953613e+01
   5.3489830e+06   2.5939941e+01
   5.3490550e+06   1.6540527e+01
   5.3490650e+06   1.5502930e+01
   5.3491070e+06   1.3427734e+01
   5.3491290e+06   1.3549805e+01
   5.3491920e+06   1.4770508e+01
   5.3492710e+06   1.1840820e+01
   5.4067510e+06   2.7465820e+01
   5.4067640e+06   1.2573242e+01
   5.4067990e+06   1.8005371e+01
   5.4068220e+06   1.3610840e+01
   5.4068360e+06   1.3732910e+01
   5.4068640e+06   1.2573242e+01
   5.4069370e+06   1.3000488e+01
   5.4070090e+06   1.1535645e+01
   5.4075030e+06   1.2207031e+01
   5.5869620e+06   2.5939941e+01
   5.5869880e+06   1.1962891e+01
   5.5870130e+06   1.5808105e+01
   5.5870230e+06   1.1596680e+01
   5.5870620e+06   1.1596680e+01
   5.5871160e+06   1.1779785e+01
   5.6745650e+06   2.5573730e+01
   5.6746500e+06   1.9470215e+01
   5.6746960e+06   1.6113281e+01
   5.6747060e+06   1.3244629e+01
   5.6747370e+06   1.2512207e+01
   5.7682080e+06   2.5512695e+01
   5.7682730e+06   1.6113281e+01
   5.7683020e+06   1.3366699e+01
   5.7683270e+06   1.3549805e+01
   5.7683380e+06   1.4831543e+01
   5.7684010e+06   1.2573242e+01
   5.7688650e+06   1.3244629e+01
   5.8123950e+06   2.8503418e+01
   5.8124510e+06   1.7089844e+01
   5.8124610e+06   2.0080566e+01
   5.8125000e+06   1.1962891e+01
   5.8125170e+06   1.2695312e+01
   5.8125440e+06   1.1901855e+01
   5.8125670e+06   1.1962891e+01
   5.8132130e+06   1.3122559e+01
   5.8580730e+06   2.3193359e+01
   5.8580830e+06   1.2390137e+01
   5.8581180e+06   1.8493652e+01
   5.8581280e+06   1.4709473e+01
   5.8581910e+06   1.2023926e+01
   5.8582350e+06   1.3183594e+01
   5.8583360e+06   1.1474609e+01
