   5.9990000e+06   0.0000000e+00
   4.4512000e+04   1.3793945e+01
   7.2030000e+04   1.6174316e+01
   1.1748900e+05   1.9958496e+01
   1.1751400e+05   1.7456055e+01
   1.1752800e+05   1.2573242e+01
   1.1763000e+05   1.5197754e+01
   1.1767100e+05   2.7832031e+01
   1.1772300e+05   1.1962891e+01
   1.1780600e+05   2.1972656e+01
   1.1796500e+05   2.3437500e+01
   1.6174200e+05   2.4597168e+01
   1.6177700e+05   1.8981934e+01
   1.6189300e+05   1.7333984e+01
   1.6205200e+05   3.0883789e+01
   1.6220800e+05   2.0568848e+01
   1.6238100e+05   1.8676758e+01
   2.0042200e+05   1.8371582e+01
   2.0043500e+05   1.9958496e+01
   2.0049200e+05   1.4038086e+01
   2.0053900e+05   1.4953613e+01
   2.0062100e+05   2.4597168e+01
   2.0075200e+05   1.9897461e+01
   2.0092900e+05   1.6235352e+01
   2.2127000e+05   1.3977051e+01
   2.3614400e+05   1.3305664e+01
   2.3656900e+05   1.8371582e+01
   2.3661400e+05   2.4475098e+01
   2.5986300e+05   1.8798828e+01
   2.5992300e+05   2.3681641e+01
   2.5996400e+05   1.6723633e+01
   2.5999400e+05   1.3854980e+01
   2.6004400e+05   1.8981934e+01
   2.6015000e+05   1.2817383e+01
   2.6029400e+05   3.1188965e+01
   2.7955600e+05   1.5075684e+01
   2.8006000e+05   1.1901855e+01
   2.8007400e+05   1.3366699e+01
   2.8014200e+05   1.7700195e+01
   2.8019100e+05   1.2695312e+01
   2.8023600e+05   1.2756348e+01
   2.8030500e+05   1.2634277e+01
   2.8031700e+05   1.4099121e+01
   2.8046100e+05   1.2634277e+01
   2.9713800e+05   1.4221191e+01
   2.9772600e+05   1.3977051e+01
   2.9785100e+05   1.9287109e+01
   2.9793300e+05   1.9287109e+01
   2.9803700e+05   1.3671875e+01
   3.1421100e+05   1.2573242e+01
   3.1467300e+05   1.3427734e+01
   3.1474800e+05   1.6357422e+01
   3.1477000e+05   1.6052246e+01
   3.1494000e+05   1.4892578e+01
   3.1502000e+05   1.2207031e+01
   3.3724500e+05   1.6174316e+01
   3.3728200e+05   1.3610840e+01
   3.3734200e+05   1.4221191e+01
   3.3736100e+05   1.3305664e+01
   3.3755900e+05   1.2878418e+01
   3.5164800e+05   1.3122559e+01
   3.5222100e+05   1.3488770e+01
   3.5232500e+05   1.3305664e+01
   3.5235500e+05   1.2207031e+01
   3.5239200e+05   1.7395020e+01
   3.6730800e+05   1.3122559e+01
   3.6770100e+05   1.7700195e+01
   3.6781000e+05   1.7333984e+01
   3.6790600e+05   1.3183594e+01
   3.6816400e+05   1.2695312e+01
   3.8548600e+05   1.2451172e+01
   3.8584700e+05   1.2695312e+01
   3.8595200e+05   1.6479492e+01
   3.8598600e+05   1.3549805e+01
   3.8623400e+05   1.1901855e+01
   3.8664200e+05   1.2573242e+01
   3.9955700e+05   1.5991211e+01
   4.0013400e+05   1.3183594e+01
   4.0015400e+05   1.7150879e+01
   4.1363900e+05   1.4770508e+01
   4.1409500e+05   2.4353027e+01
   4.1449200e+05   1.1840820e+01
   4.1515900e+05   1.2268066e+01
   4.2976100e+05   1.3305664e+01
   4.3009500e+05   1.4526367e+01
   4.3024900e+05   1.2695312e+01
   4.3028000e+05   1.2573242e+01
   4.3035900e+05   1.9897461e+01
   4.3056400e+05   1.1962891e+01
   4.4376800e+05   1.5502930e+01
   4.4422900e+05   1.2084961e+01
   4.4429600e+05   1.4831543e+01
   4.4430600e+05   2.0019531e+01
   4.4455200e+05   1.2207031e+01
   4.6321400e+05   1.3427734e+01
   4.6342700e+05   1.8615723e+01
   4.6356400e+05   1.2268066e+01
   4.6363300e+05   1.2573242e+01
   4.6367800e+05   1.2207031e+01
   4.6389200e+05   1.2878418e+01
   4.8465300e+05   1.3244629e+01
   4.8500500e+05   1.7578125e+01
   4.8503300e+05   1.1840820e+01
   4.8506900e+05   1.2145996e+01
   4.8594300e+05   1.2145996e+01
   5.0200100e+05   1.4770508e+01
   5.0241000e+05   1.5869141e+01
   5.0251100e+05   1.3549805e+01
   5.2254100e+05   1.6479492e+01
   5.2278100e+05   2.1179199e+01
   5.2294300e+05   1.2695312e+01
   5.2323600e+05   1.3549805e+01
   5.4940000e+05   1.2451172e+01
   5.4946900e+05   1.6601562e+01
   5.4963900e+05   1.4099121e+01
   5.4970400e+05   1.7211914e+01
   5.4998700e+05   1.2268066e+01
   5.6652100e+05   1.2573242e+01
   5.6670300e+05   1.6967773e+01
   5.6689900e+05   1.2634277e+01
   5.8318600e+05   1.5258789e+01
   5.8330400e+05   1.6601562e+01
   5.8353800e+05   1.2573242e+01
   5.8385600e+05   1.2939453e+01
   5.8932000e+05   1.2084961e+01
   6.1338600e+05   1.6601562e+01
   6.1353500e+05   1.4465332e+01
   6.1366400e+05   1.2329102e+01
   6.1380500e+05   1.6479492e+01
   6.1394600e+05   1.6113281e+01
   6.1409000e+05   1.5075684e+01
   6.1454500e+05   1.2451172e+01
   6.2887700e+05   1.4770508e+01
   6.2936500e+05   2.1667480e+01
   6.2947700e+05   1.2634277e+01
   6.2985100e+05   1.5014648e+01
   6.3049700e+05   1.2756348e+01
   6.5001400e+05   1.5930176e+01
   6.5011000e+05   1.3244629e+01
   6.5017300e+05   1.3549805e+01
   6.5030700e+05   1.2817383e+01
   6.5047500e+05   1.2390137e+01
   6.5132700e+05   1.2634277e+01
   6.7620300e+05   1.6418457e+01
   6.7630400e+05   1.4770508e+01
   6.7637800e+05   1.3427734e+01
   6.7642300e+05   1.3916016e+01
   6.7644600e+05   1.2084961e+01
   6.7749600e+05   1.2695312e+01
   6.9269900e+05   1.6662598e+01
   6.9282400e+05   1.5991211e+01
   6.9287600e+05   1.5808105e+01
   6.9313000e+05   1.2268066e+01
   6.9405900e+05   1.2878418e+01
   7.1056800e+05   1.8066406e+01
   7.1069300e+05   1.2023926e+01
   7.1072900e+05   1.2756348e+01
   7.1234300e+05   1.2084961e+01
   7.3908400e+05   1.9470215e+01
   7.3920500e+05   1.2512207e+01
   7.3925200e+05   1.6235352e+01
   7.3946900e+05   1.3549805e+01
   7.3975800e+05   1.2207031e+01
   7.4025000e+05   1.2390137e+01
   7.5578500e+05   1.5136719e+01
   7.5586700e+05   1.2207031e+01
   7.5605000e+05   1.8310547e+01
   7.5657800e+05   1.1962891e+01
   7.7422800e+05   1.5930176e+01
   7.7431800e+05   1.4709473e+01
   7.7449000e+05   1.5747070e+01
   7.7456100e+05   1.4221191e+01
   7.7603300e+05   1.3427734e+01
   8.0161500e+05   1.9714355e+01
   8.0170300e+05   1.1840820e+01
   8.0177800e+05   1.2695312e+01
   8.0222400e+05   1.2939453e+01
   8.0259800e+05   1.3000488e+01
   8.2968200e+05   2.2216797e+01
   8.2977500e+05   1.4099121e+01
   8.2981400e+05   1.3977051e+01
   8.3015000e+05   1.2573242e+01
   8.7079500e+05   1.6906738e+01
   8.7086300e+05   1.4648438e+01
   8.7089400e+05   1.1840820e+01
   8.7108300e+05   1.2695312e+01
   9.5958500e+05   2.0751953e+01
   9.5969000e+05   1.3671875e+01
   9.5972900e+05   1.5563965e+01
   9.5999600e+05   1.6052246e+01
   9.6062400e+05   1.2695312e+01
   9.6109100e+05   1.5319824e+01
   1.0202920e+06   1.9226074e+01
   1.0204580e+06   1.6723633e+01
   1.0206200e+06   1.8920898e+01
   1.0207780e+06   1.8859863e+01
   1.0207970e+06   1.2084961e+01
   1.0209290e+06   1.6052246e+01
   1.0212050e+06   1.3122559e+01
   1.0213740e+06   1.3732910e+01
   1.0215240e+06   1.2573242e+01
   1.0219030e+06   1.4892578e+01
   1.1546050e+06   1.6601562e+01
   1.1547370e+06   1.1901855e+01
   1.1548440e+06   2.1606445e+01
   1.1549440e+06   1.5319824e+01
   1.1551120e+06   1.9104004e+01
   1.1556680e+06   1.2512207e+01
   1.4291510e+06   1.9165039e+01
   1.4798610e+06   1.8554688e+01
   1.4798960e+06   2.7587891e+01
   1.4799870e+06   1.4465332e+01
   1.4800030e+06   1.2390137e+01
   1.4800830e+06   1.1901855e+01
   1.4801000e+06   2.3254395e+01
   1.4801830e+06   2.4963379e+01
   1.4802690e+06   2.9785156e+01
   1.4963970e+06   1.4587402e+01
   1.4964220e+06   2.1362305e+01
   1.4964840e+06   1.2268066e+01
   1.4964950e+06   1.5563965e+01
   1.4965300e+06   2.3376465e+01
   1.4965450e+06   3.1616211e+01
   1.4966030e+06   1.9348145e+01
   1.5001520e+06   1.1901855e+01
   1.5090130e+06   1.1901855e+01
   1.5090240e+06   2.5024414e+01
   1.5090890e+06   1.5808105e+01
   1.5091320e+06   1.3488770e+01
   1.5091520e+06   3.5827637e+01
   1.5092130e+06   1.9226074e+01
   1.5099420e+06   1.2268066e+01
   1.5716240e+06   1.9348145e+01
   1.5716840e+06   2.9113770e+01
   1.5717090e+06   1.2878418e+01
   1.5717390e+06   2.0202637e+01
   1.5717690e+06   1.2145996e+01
   1.6088960e+06   1.2268066e+01
   1.6374480e+06   1.7822266e+01
   1.6374710e+06   2.1789551e+01
   1.6374850e+06   2.2277832e+01
   1.6375470e+06   3.1188965e+01
   1.6375640e+06   1.2329102e+01
   1.6376080e+06   2.3254395e+01
   1.6376410e+06   1.1962891e+01
   1.6377600e+06   1.1901855e+01
   1.6377860e+06   1.3305664e+01
   1.6967420e+06   2.6000977e+01
   1.6967670e+06   2.1789551e+01
   1.6967820e+06   1.6601562e+01
   1.6968350e+06   2.8503418e+01
   1.6968840e+06   1.7639160e+01
   1.6969090e+06   1.7517090e+01
   1.6969230e+06   1.2817383e+01
   1.6969590e+06   1.1840820e+01
   1.6969970e+06   1.2329102e+01
   1.6970740e+06   1.6113281e+01
   1.6995750e+06   1.2573242e+01
   1.7433100e+06   3.7475586e+01
   1.7433210e+06   1.1962891e+01
   1.7433560e+06   3.8696289e+01
   1.7434140e+06   1.6418457e+01
   1.7651930e+06   1.8249512e+01
   1.7652130e+06   2.3437500e+01
   1.7652770e+06   1.3183594e+01
   1.7652910e+06   2.6794434e+01
   1.7653500e+06   1.7517090e+01
   1.7654120e+06   1.5563965e+01
   1.7912440e+06   2.0507812e+01
   1.7912630e+06   1.7456055e+01
   1.7912850e+06   1.6662598e+01
   1.7913220e+06   2.5512695e+01
   1.7913840e+06   1.7150879e+01
   1.7914020e+06   1.4465332e+01
   1.8161010e+06   2.1362305e+01
   1.8161110e+06   2.3681641e+01
   1.8161250e+06   1.6784668e+01
   1.8161630e+06   1.2023926e+01
   1.8161900e+06   2.4841309e+01
   1.8162550e+06   1.8249512e+01
   1.8163280e+06   1.5136719e+01
   1.8164440e+06   1.4709473e+01
   1.8425640e+06   2.0446777e+01
   1.8425880e+06   1.5319824e+01
   1.8426070e+06   1.4831543e+01
   1.8426240e+06   1.8310547e+01
   1.8426470e+06   2.6062012e+01
   1.8449570e+06   1.2329102e+01
   1.8586420e+06   1.6113281e+01
   1.8586600e+06   1.9836426e+01
   1.8586960e+06   1.5380859e+01
   1.8587260e+06   2.0507812e+01
   1.8587690e+06   3.6376953e+01
   1.8588060e+06   1.2756348e+01
   1.8588360e+06   1.7944336e+01
   1.8589190e+06   1.2695312e+01
   1.8590760e+06   1.8432617e+01
   1.8943890e+06   2.0996094e+01
   1.8944040e+06   2.1423340e+01
   1.8944520e+06   1.9531250e+01
   1.8944850e+06   3.5034180e+01
   1.8945400e+06   1.8371582e+01
   1.8946850e+06   1.2329102e+01
   1.8976900e+06   1.2023926e+01
   1.9276660e+06   2.6794434e+01
   1.9276840e+06   2.0446777e+01
   1.9277210e+06   1.4892578e+01
   1.9277370e+06   1.4282227e+01
   1.9277690e+06   2.9418945e+01
   1.9278290e+06   1.5441895e+01
   1.9278440e+06   1.2878418e+01
   1.9278980e+06   1.2817383e+01
   1.9570280e+06   1.4221191e+01
   1.9570590e+06   2.4597168e+01
   1.9570820e+06   1.3244629e+01
   1.9571200e+06   1.1901855e+01
   1.9571310e+06   1.2207031e+01
   1.9571970e+06   3.6987305e+01
   1.9572570e+06   1.6784668e+01
   1.9573090e+06   1.2451172e+01
   1.9573400e+06   2.9357910e+01
   1.9574690e+06   2.3620605e+01
   1.9908650e+06   1.6784668e+01
   1.9908780e+06   2.2216797e+01
   1.9909320e+06   1.8920898e+01
   1.9909690e+06   3.2470703e+01
   1.9910070e+06   1.2207031e+01
   1.9910300e+06   2.2094727e+01
   1.9912430e+06   1.3061523e+01
   2.0284520e+06   1.8615723e+01
   2.0285060e+06   1.6113281e+01
   2.0285320e+06   1.9897461e+01
   2.0285590e+06   1.2878418e+01
   2.0286410e+06   1.4648438e+01
   2.0286820e+06   1.4831543e+01
   2.0287170e+06   3.6254883e+01
   2.0287420e+06   1.4953613e+01
   2.0288500e+06   2.8381348e+01
   2.0289900e+06   2.1911621e+01
   2.0317510e+06   1.2634277e+01
   2.0521360e+06   1.3977051e+01
   2.0522180e+06   1.7089844e+01
   2.0522600e+06   1.1962891e+01
   2.0523240e+06   1.2084961e+01
   2.0523500e+06   1.8005371e+01
   2.0524460e+06   1.8005371e+01
   2.0524740e+06   1.3427734e+01
   2.0525230e+06   3.1921387e+01
   2.0525550e+06   1.3427734e+01
   2.0526950e+06   2.7404785e+01
   2.0528400e+06   2.7832031e+01
   2.0802600e+06   1.5563965e+01
   2.0803180e+06   1.7822266e+01
   2.0803910e+06   1.3061523e+01
   2.0804050e+06   1.9470215e+01
   2.0805190e+06   1.6601562e+01
   2.0805310e+06   1.8432617e+01
   2.0806500e+06   3.3935547e+01
   2.0806630e+06   1.3122559e+01
   2.0808340e+06   2.4963379e+01
   2.0823370e+06   1.4526367e+01
   2.0827980e+06   1.2695312e+01
   2.2700420e+06   2.0812988e+01
   2.4897390e+06   1.6418457e+01
   2.5965720e+06   1.7333984e+01
   2.5965990e+06   2.9052734e+01
   2.5966630e+06   1.2390137e+01
   2.5967890e+06   1.3732910e+01
   2.5968230e+06   1.2878418e+01
   2.5968350e+06   1.3488770e+01
   2.5969040e+06   1.2145996e+01
   2.5969170e+06   3.8574219e+01
   2.5970010e+06   2.7587891e+01
   2.5970960e+06   2.4902344e+01
   2.8283770e+06   1.9409180e+01
   2.8283950e+06   2.1545410e+01
   2.8284270e+06   1.3488770e+01
   2.8284850e+06   1.3549805e+01
   2.8285040e+06   1.3916016e+01
   2.8285290e+06   1.4587402e+01
   2.8285540e+06   3.5766602e+01
   2.8286090e+06   1.6479492e+01
   2.8286300e+06   2.4414062e+01
   2.8286620e+06   1.2268066e+01
   2.8287000e+06   1.2695312e+01
   2.8287120e+06   2.0080566e+01
   2.8288130e+06   2.3498535e+01
   2.8289180e+06   1.2878418e+01
   3.0612220e+06   1.8432617e+01
   3.0612390e+06   1.9653320e+01
   3.0612730e+06   1.2390137e+01
   3.0613080e+06   3.6743164e+01
   3.0613220e+06   1.2634277e+01
   3.0613700e+06   2.0446777e+01
   3.0614350e+06   1.5502930e+01
   3.0615310e+06   2.1972656e+01
   3.0816880e+06   2.3864746e+01
   3.0817130e+06   2.0874023e+01
   3.0817540e+06   1.4038086e+01
   3.0817800e+06   1.5197754e+01
   3.0818030e+06   1.7211914e+01
   3.0818310e+06   2.6855469e+01
   3.0818860e+06   1.6845703e+01
   3.0818970e+06   1.2878418e+01
   3.0835640e+06   1.2145996e+01
   3.2178170e+06   1.4099121e+01
   3.2178280e+06   1.6784668e+01
   3.2178410e+06   2.7954102e+01
   3.2178990e+06   1.6052246e+01
   3.2179100e+06   3.2470703e+01
   3.2179650e+06   2.5756836e+01
   3.2180190e+06   1.3854980e+01
   3.2180310e+06   1.4282227e+01
   3.2181140e+06   1.4038086e+01
   3.2653140e+06   4.0039063e+01
   3.2653250e+06   1.2023926e+01
   3.2653600e+06   1.2756348e+01
   3.2653740e+06   3.5400391e+01
   3.2653970e+06   1.1901855e+01
   3.2654120e+06   1.5014648e+01
   3.2654440e+06   1.2878418e+01
   3.2655030e+06   1.3122559e+01
   3.2660430e+06   1.2390137e+01
   3.2686260e+06   1.2451172e+01
   3.3306460e+06   1.8554688e+01
   3.3306720e+06   2.5085449e+01
   3.3307040e+06   1.6540527e+01
   3.3307270e+06   3.3996582e+01
   3.3307760e+06   1.9042969e+01
   3.3308110e+06   1.3610840e+01
   3.3308300e+06   1.4526367e+01
   3.3308940e+06   1.2145996e+01
   3.3310110e+06   1.6662598e+01
   3.3325910e+06   1.2451172e+01
   3.3334700e+06   1.3061523e+01
   3.3338290e+06   1.5441895e+01
   3.3567690e+06   1.5930176e+01
   3.3567850e+06   2.7465820e+01
   3.3568020e+06   1.4648438e+01
   3.3568360e+06   2.6000977e+01
   3.3568550e+06   1.5747070e+01
   3.3568940e+06   1.4648438e+01
   3.4236100e+06   1.2756348e+01
   3.4236240e+06   2.4108887e+01
   3.4236640e+06   2.0507812e+01
   3.4237140e+06   1.3671875e+01
   3.4237760e+06   1.3793945e+01
   3.4238540e+06   1.4465332e+01
   3.4239780e+06   1.3122559e+01
   3.4557150e+06   1.5197754e+01
   3.4557340e+06   2.2277832e+01
   3.4557750e+06   1.4404297e+01
   3.4557870e+06   4.1137695e+01
   3.4558070e+06   1.7700195e+01
   3.4558410e+06   1.6174316e+01
   3.4559280e+06   1.3122559e+01
   3.4714480e+06   1.8554688e+01
   3.4715090e+06   2.1240234e+01
   3.4715310e+06   2.9724121e+01
   3.4715620e+06   1.2878418e+01
   3.4715920e+06   1.2756348e+01
   3.4716610e+06   1.3427734e+01
   3.4717570e+06   1.4160156e+01
   3.6828750e+06   1.2145996e+01
   3.6828950e+06   2.0446777e+01
   3.6829150e+06   1.2084961e+01
   3.6829550e+06   2.0874023e+01
   3.6829880e+06   1.4465332e+01
   3.6830180e+06   3.5949707e+01
   3.6830340e+06   1.3305664e+01
   3.6830650e+06   1.3000488e+01
   3.6830940e+06   2.7160645e+01
   3.6831710e+06   1.5563965e+01
   3.6832620e+06   1.9409180e+01
   3.6860260e+06   1.2329102e+01
   3.8040410e+06   1.8615723e+01
   3.8040610e+06   1.7272949e+01
   3.8041200e+06   1.3977051e+01
   3.8041380e+06   1.6723633e+01
   3.8041810e+06   3.2470703e+01
   3.8042180e+06   1.4587402e+01
   3.8042490e+06   2.7282715e+01
   3.8042930e+06   1.2817383e+01
   3.8043230e+06   1.9226074e+01
   3.8044240e+06   2.2460938e+01
   3.9328410e+06   1.5075684e+01
   3.9328640e+06   1.9897461e+01
   3.9328810e+06   1.3916016e+01
   3.9329160e+06   1.9165039e+01
   3.9329260e+06   3.6254883e+01
   3.9329810e+06   2.0446777e+01
   3.9329960e+06   1.4221191e+01
   3.9330160e+06   1.2023926e+01
   3.9330440e+06   1.9714355e+01
   3.9331300e+06   1.2329102e+01
   3.9332530e+06   1.9470215e+01
   3.9518520e+06   2.3437500e+01
   3.9518620e+06   2.1423340e+01
   3.9518970e+06   1.5075684e+01
   3.9519260e+06   1.5747070e+01
   3.9519590e+06   3.1494141e+01
   3.9519820e+06   1.2939453e+01
   3.9520180e+06   1.8127441e+01
   3.9520650e+06   1.3305664e+01
   3.9521750e+06   1.2878418e+01
   3.9522280e+06   1.1962891e+01
   4.0081770e+06   2.1423340e+01
   4.0081930e+06   2.0080566e+01
   4.0082350e+06   1.3000488e+01
   4.0082570e+06   2.8442383e+01
   4.0082790e+06   1.3183594e+01
   4.0083090e+06   1.7578125e+01
   4.0083340e+06   1.3366699e+01
   4.0084300e+06   1.2512207e+01
   4.0085520e+06   1.8249512e+01
   4.0790150e+06   1.9287109e+01
   4.0790250e+06   2.1301270e+01
   4.0790600e+06   1.5197754e+01
   4.0790740e+06   1.6784668e+01
   4.0790960e+06   2.8564453e+01
   4.0791530e+06   2.1362305e+01
   4.0792160e+06   1.2084961e+01
   4.0792960e+06   1.4038086e+01
   4.0794170e+06   1.6479492e+01
   4.1715240e+06   1.8554688e+01
   4.1715440e+06   1.7150879e+01
   4.1715810e+06   1.5014648e+01
   4.1716000e+06   2.1545410e+01
   4.1716330e+06   2.7282715e+01
   4.1716670e+06   1.4587402e+01
   4.1717070e+06   2.5268555e+01
   4.1717770e+06   1.8493652e+01
   4.1717980e+06   1.2084961e+01
   4.1718720e+06   1.4770508e+01
   4.2523360e+06   2.4047852e+01
   4.2523780e+06   1.7639160e+01
   4.2523930e+06   1.5808105e+01
   4.2524270e+06   1.2756348e+01
   4.2524580e+06   1.3549805e+01
   4.2524960e+06   2.2644043e+01
   4.2525620e+06   1.7822266e+01
   4.2526510e+06   1.9592285e+01
   4.2527550e+06   2.2766113e+01
   4.2993760e+06   1.5258789e+01
   4.2994000e+06   2.2399902e+01
   4.2994550e+06   2.5451660e+01
   4.2994720e+06   2.9602051e+01
   4.2995240e+06   2.0446777e+01
   4.2995790e+06   1.4831543e+01
   4.3005100e+06   1.2512207e+01
   4.4413740e+06   1.3122559e+01
   4.4413940e+06   1.9958496e+01
   4.4414040e+06   2.3132324e+01
   4.4414570e+06   1.8127441e+01
   4.4415360e+06   3.1127930e+01
   4.4415570e+06   1.7883301e+01
   4.4416110e+06   2.6672363e+01
   4.4416870e+06   2.1850586e+01
   4.4417780e+06   2.0751953e+01
   4.6483340e+06   2.2521973e+01
   4.6483470e+06   1.8981934e+01
   4.6484020e+06   1.5869141e+01
   4.6484580e+06   1.9531250e+01
   4.6485230e+06   1.2939453e+01
   4.6485420e+06   3.1005859e+01
   4.6486330e+06   3.1494141e+01
   4.6487160e+06   2.5634766e+01
   4.6488070e+06   2.3742676e+01
   4.7147460e+06   1.1962891e+01
   4.7147580e+06   1.3793945e+01
   4.7147700e+06   3.0151367e+01
   4.7148380e+06   1.3732910e+01
   4.7148480e+06   2.7648926e+01
   4.7148890e+06   1.2573242e+01
   4.7149010e+06   2.0446777e+01
   4.7149360e+06   1.2145996e+01
   4.7149760e+06   1.3977051e+01
   4.7286900e+06   1.7272949e+01
   4.7287600e+06   1.5441895e+01
   4.7287760e+06   2.1484375e+01
   4.7288060e+06   1.2207031e+01
   4.7288420e+06   3.2470703e+01
   4.7289070e+06   2.2155762e+01
   4.7289740e+06   1.3061523e+01
   4.7290540e+06   1.4099121e+01
   4.7915020e+06   1.6601562e+01
   4.7915780e+06   1.3793945e+01
   4.7916210e+06   2.6062012e+01
   4.7916440e+06   1.5014648e+01
   4.7916820e+06   2.3620605e+01
   4.7917440e+06   1.8920898e+01
   4.7919350e+06   1.8859863e+01
   4.8407430e+06   2.3010254e+01
   4.8407580e+06   1.4770508e+01
   4.8407800e+06   1.1901855e+01
   4.8407980e+06   1.7822266e+01
   4.8408330e+06   1.5014648e+01
   4.8408570e+06   1.6784668e+01
   4.8408960e+06   2.1728516e+01
   4.8409470e+06   1.4831543e+01
   4.8409720e+06   1.3854980e+01
   4.8834250e+06   2.9846191e+01
   4.8834460e+06   1.3671875e+01
   4.8834720e+06   1.7700195e+01
   4.8835040e+06   3.0517578e+01
   4.8835160e+06   1.1901855e+01
   4.8835580e+06   1.8432617e+01
   4.8836070e+06   1.2207031e+01
   4.8839040e+06   1.6174316e+01
   5.0037490e+06   1.7822266e+01
   5.0037590e+06   2.1179199e+01
   5.0038090e+06   1.5625000e+01
   5.0038400e+06   2.9174805e+01
   5.0039020e+06   1.7883301e+01
   5.0039570e+06   1.2084961e+01
   5.0041420e+06   1.9287109e+01
   5.1008470e+06   2.0874023e+01
   5.1008680e+06   2.5695801e+01
   5.1009140e+06   1.2390137e+01
   5.1009420e+06   4.0100098e+01
   5.1009820e+06   1.4099121e+01
   5.1010020e+06   2.3681641e+01
   5.1010600e+06   1.2573242e+01
   5.1012330e+06   2.0507812e+01
   5.1014160e+06   1.1901855e+01
   5.1014940e+06   1.2878418e+01
   5.1015820e+06   1.3427734e+01
   5.1043240e+06   1.4038086e+01
   5.1405850e+06   2.2949219e+01
   5.1406030e+06   3.2775879e+01
   5.1406140e+06   1.4221191e+01
   5.1406680e+06   3.2836914e+01
   5.1406970e+06   1.3916016e+01
   5.1407190e+06   1.4648438e+01
   5.1434770e+06   1.2207031e+01
   5.2592190e+06   1.4526367e+01
   5.2592290e+06   1.8066406e+01
   5.2592560e+06   2.2094727e+01
   5.2593140e+06   1.8798828e+01
   5.2593310e+06   1.5136719e+01
   5.2593860e+06   3.0029297e+01
   5.2594060e+06   1.6967773e+01
   5.2594530e+06   1.7761230e+01
   5.2595240e+06   1.7517090e+01
   5.2596170e+06   2.0385742e+01
   5.2597360e+06   1.9958496e+01
   5.3489500e+06   2.1850586e+01
   5.3490100e+06   1.3183594e+01
   5.3490270e+06   2.1301270e+01
   5.3490650e+06   1.3977051e+01
   5.3490940e+06   1.5319824e+01
   5.3491370e+06   1.3122559e+01
   5.3491690e+06   1.3916016e+01
   5.3492240e+06   2.6977539e+01
   5.3492990e+06   1.7150879e+01
   5.3493950e+06   2.1423340e+01
   5.3494910e+06   2.2521973e+01
   5.4068040e+06   2.5329590e+01
   5.4068340e+06   1.2207031e+01
   5.4068630e+06   1.9531250e+01
   5.4068980e+06   3.0151367e+01
   5.4069590e+06   1.5991211e+01
   5.4070170e+06   1.3183594e+01
   5.4070880e+06   1.9775391e+01
   5.4071830e+06   1.2512207e+01
   5.5869840e+06   1.8127441e+01
   5.5870080e+06   1.2268066e+01
   5.5870440e+06   1.5869141e+01
   5.5870620e+06   1.3977051e+01
   5.5870910e+06   3.6254883e+01
   5.5871170e+06   1.5319824e+01
   5.5871550e+06   2.2521973e+01
   5.5872170e+06   2.0874023e+01
   5.5873090e+06   1.8066406e+01
   5.6746020e+06   1.9470215e+01
   5.6746210e+06   2.2644043e+01
   5.6746850e+06   1.1962891e+01
   5.6747440e+06   3.8757324e+01
   5.6747890e+06   1.4282227e+01
   5.6748100e+06   2.3803711e+01
   5.6748690e+06   1.8676758e+01
   5.6749480e+06   1.4404297e+01
   5.6750600e+06   1.7761230e+01
   5.7372430e+06   1.2451172e+01
   5.7682330e+06   1.6967773e+01
   5.7682470e+06   2.1301270e+01
   5.7682640e+06   1.3916016e+01
   5.7682880e+06   1.4282227e+01
   5.7683080e+06   1.5441895e+01
   5.7683180e+06   1.4648438e+01
   5.7683700e+06   2.9235840e+01
   5.7684070e+06   1.2145996e+01
   5.7684440e+06   2.2094727e+01
   5.7685090e+06   1.5625000e+01
   5.7685910e+06   1.3610840e+01
   5.7686920e+06   2.2949219e+01
   5.7689450e+06   1.2145996e+01
   5.8124480e+06   1.7700195e+01
   5.8124720e+06   1.6662598e+01
   5.8124970e+06   1.2756348e+01
   5.8125200e+06   1.8127441e+01
   5.8125510e+06   2.8991699e+01
   5.8125910e+06   1.4587402e+01
   5.8126060e+06   2.4475098e+01
   5.8126800e+06   1.3977051e+01
   5.8129280e+06   1.7395020e+01
   5.8581260e+06   2.0385742e+01
   5.8581860e+06   2.3071289e+01
   5.8582010e+06   2.3742676e+01
   5.8582600e+06   2.1179199e+01
   5.8583300e+06   1.3977051e+01
   5.8583500e+06   1.3427734e+01
   5.8585920e+06   1.4648438e+01
