   5.9990000e+06   0.0000000e+00
   1.1742400e+05   1.5380859e+01
   1.1768900e+05   1.3244629e+01
   1.6187900e+05   1.9653320e+01
   1.6216000e+05   1.3916016e+01
   1.6226000e+05   1.3183594e+01
   2.0031800e+05   1.5747070e+01
   2.0061500e+05   1.6174316e+01
   2.3645500e+05   1.5075684e+01
   2.3656700e+05   1.3427734e+01
   2.3688700e+05   1.7333984e+01
   2.3703700e+05   1.5869141e+01
   2.3720100e+05   1.3061523e+01
   2.5999100e+05   1.3732910e+01
   2.6028800e+05   1.4709473e+01
   2.7997700e+05   1.4770508e+01
   2.8016900e+05   1.2207031e+01
   2.8051800e+05   1.1718750e+01
   2.9767500e+05   1.3305664e+01
   2.9785200e+05   1.2756348e+01
   2.9796600e+05   1.1535645e+01
   2.9821200e+05   1.1779785e+01
   2.9839900e+05   1.1901855e+01
   3.1455800e+05   1.5075684e+01
   3.1469000e+05   1.2756348e+01
   3.3717900e+05   1.5686035e+01
   3.5203500e+05   1.4953613e+01
   3.6753300e+05   1.6845703e+01
   3.6767700e+05   1.4343262e+01
   3.6787100e+05   1.3427734e+01
   3.8574500e+05   1.6418457e+01
   3.8585400e+05   1.2268066e+01
   3.9999800e+05   1.2207031e+01
   4.0012400e+05   1.3610840e+01
   4.1386900e+05   1.6906738e+01
   4.1409200e+05   1.1657715e+01
   4.3005000e+05   1.3366699e+01
   4.3016600e+05   1.1657715e+01
   4.4411700e+05   1.3183594e+01
   4.6349200e+05   1.3916016e+01
   4.8486700e+05   1.4770508e+01
   5.0254600e+05   1.2084961e+01
   5.2276000e+05   1.7089844e+01
   5.2286100e+05   1.1718750e+01
   5.2309900e+05   1.3305664e+01
   5.4959100e+05   1.3732910e+01
   5.6673600e+05   1.3610840e+01
   5.6695000e+05   1.2268066e+01
   5.8325800e+05   1.3244629e+01
   5.8347400e+05   1.4221191e+01
   6.1360800e+05   1.4648438e+01
   6.1369000e+05   1.1779785e+01
   6.2936400e+05   1.1901855e+01
   6.5007500e+05   1.9409180e+01
   6.5029500e+05   1.2451172e+01
   6.7631900e+05   1.4465332e+01
   6.7648000e+05   1.6845703e+01
   6.9296500e+05   1.4892578e+01
   7.1068900e+05   1.7639160e+01
   7.3922100e+05   1.4648438e+01
   8.7099600e+05   1.6357422e+01
   9.5996100e+05   2.0568848e+01
   9.6007000e+05   1.2817383e+01
   1.0216440e+06   1.9042969e+01
   1.1551310e+06   1.5625000e+01
   1.3080340e+06   1.1596680e+01
   1.4485000e+06   1.2695312e+01
   1.4798310e+06   1.7089844e+01
   1.4798900e+06   1.3366699e+01
   1.4799410e+06   1.5747070e+01
   1.4799690e+06   1.1901855e+01
   1.4801010e+06   1.6906738e+01
   1.4801830e+06   1.2939453e+01
   1.4965010e+06   1.5502930e+01
   1.4965510e+06   1.3610840e+01
   1.4966560e+06   1.3000488e+01
   1.4967250e+06   1.4343262e+01
   1.4967880e+06   1.3610840e+01
   1.4973540e+06   1.1840820e+01
   1.4980990e+06   1.2084961e+01
   1.5091000e+06   1.8066406e+01
   1.5091580e+06   1.1718750e+01
   1.5092160e+06   1.3549805e+01
   1.5092530e+06   1.1535645e+01
   1.5093380e+06   1.4648438e+01
   1.5094140e+06   1.2084961e+01
   1.5101070e+06   1.3000488e+01
   1.5103260e+06   1.3366699e+01
   1.5716450e+06   1.1901855e+01
   1.5716660e+06   2.0202637e+01
   1.5717580e+06   1.8493652e+01
   1.6373270e+06   1.1657715e+01
   1.6373990e+06   1.6845703e+01
   1.6374960e+06   1.2756348e+01
   1.6375210e+06   1.4038086e+01
   1.6375970e+06   1.2084961e+01
   1.6379980e+06   1.1962891e+01
   1.6966770e+06   1.7272949e+01
   1.6967330e+06   1.2695312e+01
   1.6968080e+06   1.6540527e+01
   1.6968730e+06   1.2634277e+01
   1.7433530e+06   2.0385742e+01
   1.7434290e+06   1.8066406e+01
   1.7434940e+06   1.2878418e+01
   1.7651020e+06   1.4709473e+01
   1.7651480e+06   1.2023926e+01
   1.7652200e+06   1.4892578e+01
   1.7652950e+06   1.4404297e+01
   1.7667050e+06   1.3671875e+01
   1.7911600e+06   1.8005371e+01
   1.7912070e+06   1.3732910e+01
   1.7912630e+06   2.3742676e+01
   1.7913360e+06   1.2573242e+01
   1.7914810e+06   1.1840820e+01
   1.7925910e+06   1.2390137e+01
   1.7931800e+06   1.1718750e+01
   1.8160140e+06   1.3244629e+01
   1.8160600e+06   1.3000488e+01
   1.8161090e+06   2.1362305e+01
   1.8161830e+06   1.5747070e+01
   1.8162490e+06   1.2084961e+01
   1.8172100e+06   1.2023926e+01
   1.8424660e+06   1.9042969e+01
   1.8424850e+06   1.1840820e+01
   1.8425440e+06   1.5258789e+01
   1.8425830e+06   1.1535645e+01
   1.8426140e+06   1.3183594e+01
   1.8426750e+06   1.2268066e+01
   1.8432770e+06   1.1535645e+01
   1.8435270e+06   1.1718750e+01
   1.8585470e+06   1.1962891e+01
   1.8586550e+06   1.4709473e+01
   1.8587320e+06   1.2634277e+01
   1.8591680e+06   1.1840820e+01
   1.8942860e+06   1.3610840e+01
   1.8943110e+06   2.0080566e+01
   1.8943260e+06   1.3916016e+01
   1.8943550e+06   1.2023926e+01
   1.8943810e+06   1.4038086e+01
   1.9275730e+06   1.3671875e+01
   1.9276200e+06   1.1596680e+01
   1.9276710e+06   1.4770508e+01
   1.9277370e+06   1.3427734e+01
   1.9279190e+06   1.2390137e+01
   1.9291220e+06   1.2451172e+01
   1.9571420e+06   1.3977051e+01
   1.9571850e+06   1.3488770e+01
   1.9572390e+06   2.0568848e+01
   1.9572500e+06   1.1535645e+01
   1.9573250e+06   1.1596680e+01
   1.9586770e+06   1.2084961e+01
   1.9908520e+06   1.5258789e+01
   1.9909080e+06   1.2023926e+01
   1.9909240e+06   1.5014648e+01
   1.9927040e+06   1.2634277e+01
   2.0286010e+06   1.6235352e+01
   2.0286600e+06   1.6845703e+01
   2.0287030e+06   1.8310547e+01
   2.0287960e+06   1.2145996e+01
   2.0298850e+06   1.2023926e+01
   2.0302740e+06   1.3977051e+01
   2.0522720e+06   1.3488770e+01
   2.0523300e+06   1.4343262e+01
   2.0523780e+06   1.4404297e+01
   2.0524810e+06   1.4892578e+01
   2.0804060e+06   1.4709473e+01
   2.0804630e+06   1.1657715e+01
   2.0805120e+06   1.6845703e+01
   2.0806250e+06   1.2023926e+01
   2.0807030e+06   1.1596680e+01
   2.4606180e+06   1.1718750e+01
   2.5965720e+06   2.1484375e+01
   2.5968300e+06   1.6479492e+01
   2.5969180e+06   1.3916016e+01
   2.5970080e+06   1.1657715e+01
   2.5971090e+06   1.3732910e+01
   2.5972210e+06   1.1901855e+01
   2.5973540e+06   1.3854980e+01
   2.5974970e+06   1.5380859e+01
   2.5976610e+06   1.3793945e+01
   2.5978310e+06   1.4953613e+01
   2.5980520e+06   1.6235352e+01
   2.8284620e+06   2.1362305e+01
   2.8286290e+06   1.7822266e+01
   2.8290380e+06   1.5991211e+01
   2.8292970e+06   1.2207031e+01
   2.8294380e+06   1.2512207e+01
   3.0613110e+06   1.5930176e+01
   3.0616290e+06   1.3732910e+01
   3.0618620e+06   1.1535645e+01
   3.0620250e+06   1.4038086e+01
   3.0622050e+06   1.3671875e+01
   3.0623640e+06   1.1535645e+01
   3.0817860e+06   1.5991211e+01
   3.0818300e+06   1.2817383e+01
   3.0820590e+06   1.5808105e+01
   3.2177880e+06   2.0446777e+01
   3.2179240e+06   1.5747070e+01
   3.2179890e+06   1.2207031e+01
   3.2183870e+06   1.4221191e+01
   3.2185390e+06   1.2573242e+01
   3.2187200e+06   1.4465332e+01
   3.2188650e+06   1.2145996e+01
   3.2653600e+06   1.7944336e+01
   3.2654050e+06   1.1718750e+01
   3.3305900e+06   1.5869141e+01
   3.3306370e+06   1.4953613e+01
   3.3307110e+06   1.3183594e+01
   3.3568330e+06   1.5502930e+01
   3.3568780e+06   1.5014648e+01
   3.3569380e+06   1.2634277e+01
   3.3570060e+06   1.2023926e+01
   3.3570760e+06   1.1657715e+01
   3.3575870e+06   1.1535645e+01
   3.3579300e+06   1.1840820e+01
   3.4236600e+06   1.5563965e+01
   3.4237490e+06   1.1901855e+01
   3.4238110e+06   1.1657715e+01
   3.4557750e+06   1.5075684e+01
   3.4558450e+06   1.1718750e+01
   3.4558660e+06   1.2573242e+01
   3.4571180e+06   1.1596680e+01
   3.4714990e+06   1.5747070e+01
   3.4715230e+06   1.2634277e+01
   3.4715400e+06   1.1718750e+01
   3.4716100e+06   1.9470215e+01
   3.4720990e+06   1.1718750e+01
   3.4724250e+06   1.2268066e+01
   3.4728400e+06   1.3671875e+01
   3.6829350e+06   1.6723633e+01
   3.6829770e+06   1.5930176e+01
   3.6830320e+06   1.1962891e+01
   3.6830900e+06   1.7822266e+01
   3.8040700e+06   1.7517090e+01
   3.8041130e+06   1.4892578e+01
   3.8041250e+06   1.3610840e+01
   3.8042200e+06   1.4953613e+01
   3.8042840e+06   1.4526367e+01
   3.8048940e+06   1.3793945e+01
   3.9327880e+06   1.2390137e+01
   3.9328380e+06   2.1362305e+01
   3.9329330e+06   1.5014648e+01
   3.9329970e+06   1.1901855e+01
   3.9330570e+06   1.2084961e+01
   3.9332280e+06   1.3183594e+01
   3.9336970e+06   1.4038086e+01
   3.9519170e+06   1.2573242e+01
   3.9519630e+06   1.2939453e+01
   3.9521340e+06   1.3732910e+01
   3.9817090e+06   1.1962891e+01
   4.0081950e+06   1.1657715e+01
   4.0082260e+06   1.7517090e+01
   4.0083450e+06   1.4648438e+01
   4.0084020e+06   1.3305664e+01
   4.0790690e+06   1.7639160e+01
   4.0791000e+06   1.1596680e+01
   4.0791920e+06   1.5136719e+01
   4.0795740e+06   1.1657715e+01
   4.0943450e+06   1.1840820e+01
   4.1715880e+06   1.6418457e+01
   4.1716320e+06   1.2756348e+01
   4.1716910e+06   1.3061523e+01
   4.1717270e+06   1.2817383e+01
   4.1717930e+06   1.2939453e+01
   4.1722930e+06   1.2756348e+01
   4.1879140e+06   1.2268066e+01
   4.2523840e+06   1.6601562e+01
   4.2524280e+06   1.2451172e+01
   4.2525240e+06   2.0507812e+01
   4.2532210e+06   1.2390137e+01
   4.2994460e+06   1.8920898e+01
   4.2994890e+06   1.2512207e+01
   4.2995700e+06   1.6174316e+01
   4.2996730e+06   1.1901855e+01
   4.3003620e+06   1.2695312e+01
   4.3516230e+06   1.3366699e+01
   4.4414600e+06   1.6357422e+01
   4.4414960e+06   1.2207031e+01
   4.4415460e+06   1.2023926e+01
   4.4416100e+06   1.5869141e+01
   4.4416680e+06   1.4404297e+01
   4.4418930e+06   1.2390137e+01
   4.6157630e+06   1.2145996e+01
   4.6484270e+06   1.4831543e+01
   4.6484860e+06   1.2512207e+01
   4.6486050e+06   1.9226074e+01
   4.6486670e+06   1.1657715e+01
   4.6490500e+06   1.2451172e+01
   4.6491840e+06   1.5319824e+01
   4.6493270e+06   1.1962891e+01
   4.6495420e+06   1.5869141e+01
   4.6497490e+06   1.3061523e+01
   4.6499980e+06   1.2939453e+01
   4.6501880e+06   1.7700195e+01
   4.7146980e+06   1.6052246e+01
   4.7147410e+06   1.1535645e+01
   4.7148450e+06   1.3488770e+01
   4.7149010e+06   1.3183594e+01
   4.7287470e+06   1.4892578e+01
   4.7288030e+06   1.9714355e+01
   4.7289190e+06   1.7517090e+01
   4.7289980e+06   1.8432617e+01
   4.7915660e+06   1.6723633e+01
   4.7916060e+06   1.4282227e+01
   4.7916980e+06   1.6540527e+01
   4.7917590e+06   1.5563965e+01
   4.8407900e+06   1.3732910e+01
   4.8409180e+06   1.2939453e+01
   4.8834760e+06   1.4587402e+01
   4.8835170e+06   1.6296387e+01
   4.8835950e+06   1.1657715e+01
   4.8836590e+06   1.1657715e+01
   5.0037010e+06   1.7089844e+01
   5.0037440e+06   1.2268066e+01
   5.0037890e+06   1.2939453e+01
   5.0038490e+06   1.8493652e+01
   5.0041760e+06   1.1779785e+01
   5.0046150e+06   1.2878418e+01
   5.1007840e+06   1.3244629e+01
   5.1008080e+06   1.3305664e+01
   5.1008380e+06   1.3183594e+01
   5.1009490e+06   1.9104004e+01
   5.1405300e+06   1.5686035e+01
   5.1405790e+06   1.3305664e+01
   5.1406750e+06   1.4709473e+01
   5.1407320e+06   1.3732910e+01
   5.1413350e+06   1.1779785e+01
   5.2593020e+06   1.4953613e+01
   5.2593540e+06   1.5014648e+01
   5.2594100e+06   1.2329102e+01
   5.2594780e+06   1.5747070e+01
   5.2595450e+06   1.3977051e+01
   5.2599340e+06   1.2512207e+01
   5.3488750e+06   2.0263672e+01
   5.3489520e+06   1.4526367e+01
   5.3491600e+06   1.6662598e+01
   5.3492460e+06   1.1962891e+01
   5.3493310e+06   1.1779785e+01
   5.3497250e+06   1.2695312e+01
   5.4068530e+06   1.7333984e+01
   5.4069010e+06   1.2695312e+01
   5.4070220e+06   1.2023926e+01
   5.4075710e+06   1.1657715e+01
   5.4077990e+06   1.2390137e+01
   5.4097990e+06   1.1535645e+01
   5.5869450e+06   1.2451172e+01
   5.5869920e+06   1.2756348e+01
   5.5870360e+06   1.1596680e+01
   5.5871030e+06   1.9470215e+01
   5.5871650e+06   1.4892578e+01
   5.5875170e+06   1.2451172e+01
   5.5876690e+06   1.1535645e+01
   5.5880150e+06   1.2084961e+01
   5.6746450e+06   1.1901855e+01
   5.6746710e+06   1.7883301e+01
   5.6747170e+06   1.2268066e+01
   5.6748590e+06   1.7211914e+01
   5.6749170e+06   1.2207031e+01
   5.6755650e+06   1.2512207e+01
   5.7683030e+06   1.9531250e+01
   5.7683480e+06   1.5625000e+01
   5.7684710e+06   1.5747070e+01
   5.8125040e+06   1.5136719e+01
   5.8125460e+06   1.2878418e+01
   5.8127570e+06   1.1596680e+01
   5.8134330e+06   1.2634277e+01
   5.8581720e+06   1.4587402e+01
   5.8582020e+06   1.1901855e+01
   5.8583030e+06   1.4648438e+01
   5.8590290e+06   1.1657715e+01
