   5.9990000e+06   0.0000000e+00
   2.3680900e+05   1.1169434e+01
   3.8572500e+05   1.1474609e+01
   4.3029800e+05   1.2207031e+01
   5.0244800e+05   1.1169434e+01
   5.6686300e+05   1.1535645e+01
   6.5018700e+05   1.1291504e+01
   7.7452000e+05   1.1657715e+01
   1.0214420e+06   1.1169434e+01
   1.1552520e+06   1.1291504e+01
   1.1554550e+06   1.1718750e+01
   1.4802060e+06   1.3671875e+01
   1.5714580e+06   1.1291504e+01
   1.5714900e+06   1.2023926e+01
   1.6375770e+06   1.3366699e+01
   1.6969110e+06   1.2207031e+01
   1.7431110e+06   1.1413574e+01
   1.7431500e+06   1.2023926e+01
   1.7653190e+06   1.1352539e+01
   1.7653320e+06   1.3244629e+01
   1.7653680e+06   1.1413574e+01
   1.7914040e+06   1.1352539e+01
   1.8162680e+06   1.2023926e+01
   1.8426760e+06   1.3732910e+01
   1.8587800e+06   1.2329102e+01
   1.8588300e+06   1.4526367e+01
   1.8945090e+06   1.6418457e+01
   1.8945510e+06   1.2084961e+01
   1.9277920e+06   1.1596680e+01
   1.9278380e+06   1.1779785e+01
   1.9571400e+06   1.2268066e+01
   1.9910940e+06   1.1657715e+01
   2.0523670e+06   1.1352539e+01
   2.0804040e+06   1.5319824e+01
   2.0804370e+06   1.3549805e+01
   2.3651410e+06   1.1352539e+01
   2.4417940e+06   1.1352539e+01
   2.5969680e+06   1.1779785e+01
   3.2177330e+06   1.3366699e+01
   3.2178190e+06   1.7944336e+01
   3.2178670e+06   1.1352539e+01
   3.3307560e+06   1.1901855e+01
   3.3308030e+06   1.1901855e+01
   3.3308830e+06   1.2329102e+01
   3.3566740e+06   1.4099121e+01
   3.4555450e+06   1.2512207e+01
   3.4555790e+06   1.1779785e+01
   3.4713300e+06   1.3000488e+01
   3.6828230e+06   1.1840820e+01
   3.6829300e+06   1.2817383e+01
   3.8038400e+06   1.1413574e+01
   3.9327470e+06   1.2878418e+01
   3.9516050e+06   1.2878418e+01
   4.0788440e+06   1.1962891e+01
   4.0789660e+06   1.2329102e+01
   4.1713460e+06   1.1535645e+01
   4.1803060e+06   1.1596680e+01
   4.2522820e+06   1.3061523e+01
   4.2758650e+06   1.1596680e+01
   4.2993700e+06   1.3488770e+01
   4.4413640e+06   1.1840820e+01
   4.5756070e+06   1.1352539e+01
   4.6483130e+06   1.1352539e+01
   4.6755960e+06   1.1474609e+01
   4.7148120e+06   1.1535645e+01
   4.7283910e+06   1.2023926e+01
   4.7287840e+06   1.1718750e+01
   4.8405600e+06   1.2207031e+01
   4.8406500e+06   1.1596680e+01
   4.8832390e+06   1.4160156e+01
   4.8833210e+06   1.2695312e+01
   5.1008980e+06   1.2695313e+01
   5.1405870e+06   1.3366699e+01
   5.1406440e+06   1.2023926e+01
   5.2592050e+06   1.5991211e+01
   5.3491600e+06   1.3305664e+01
   5.3491860e+06   1.2268066e+01
   5.4066510e+06   1.1779785e+01
   5.4066880e+06   1.2329102e+01
   5.4067350e+06   1.2634277e+01
   5.5868990e+06   1.2329102e+01
   5.5869840e+06   1.3061523e+01
   5.5870350e+06   1.2939453e+01
   5.7680540e+06   1.2023926e+01
   5.8122990e+06   1.1840820e+01
   5.8123850e+06   1.1596680e+01
   5.8579660e+06   1.1413574e+01
   5.8580080e+06   1.2145996e+01
