   5.9990000e+06   0.0000000e+00
   4.5370000e+03   1.3183594e+01
   1.0764000e+04   1.2329102e+01
   1.1827000e+04   1.2939453e+01
   1.8137000e+04   1.1962891e+01
   1.8525000e+04   1.5869141e+01
   1.9849000e+04   1.2329102e+01
   1.9986000e+04   1.4404297e+01
   2.1759000e+04   1.2451172e+01
   2.7200000e+04   1.3732910e+01
   3.0165000e+04   1.2634277e+01
   3.4312000e+04   1.2084961e+01
   4.2718000e+04   1.5808105e+01
   4.2981000e+04   1.5808105e+01
   4.3165000e+04   1.3549805e+01
   4.3395000e+04   1.3793945e+01
   4.3613000e+04   1.3000488e+01
   4.4026000e+04   1.4770508e+01
   4.4183000e+04   1.4709473e+01
   5.0548000e+04   1.1901855e+01
   5.1139000e+04   1.5502930e+01
   5.6493000e+04   1.2573242e+01
   5.6941000e+04   1.2634277e+01
   5.7222000e+04   1.4892578e+01
   6.6788000e+04   1.4526367e+01
   6.9220000e+04   1.3122559e+01
   6.9408000e+04   1.2634277e+01
   6.9542000e+04   1.7578125e+01
   6.9792000e+04   1.3854980e+01
   7.5688000e+04   1.5808105e+01
   8.1433000e+04   1.2084961e+01
   8.3876000e+04   1.8432617e+01
   8.4146000e+04   1.2084961e+01
   8.4545000e+04   1.2451172e+01
   9.5642000e+04   1.3183594e+01
   9.6032000e+04   1.2390137e+01
   1.0249000e+05   1.7578125e+01
   1.0369200e+05   1.2329102e+01
   1.0578000e+05   1.6784668e+01
   1.0603100e+05   1.1840820e+01
   1.0656100e+05   1.3732910e+01
   1.1346800e+05   1.5808105e+01
   1.1722400e+05   1.4038086e+01
   1.1726800e+05   1.4160156e+01
   1.1733000e+05   1.2939453e+01
   1.1745900e+05   2.2216797e+01
   1.1754200e+05   1.6784668e+01
   1.1757300e+05   2.2277832e+01
   1.1758300e+05   1.9592285e+01
   1.1762600e+05   1.9592285e+01
   1.1764100e+05   1.7517090e+01
   1.1769600e+05   1.2573242e+01
   1.1773800e+05   1.3977051e+01
   1.1776700e+05   1.3122559e+01
   1.1829400e+05   1.2023926e+01
   1.1840900e+05   1.3732910e+01
   1.1856600e+05   1.1840820e+01
   1.1869200e+05   1.3000488e+01
   1.1889400e+05   1.5808105e+01
   1.1891500e+05   1.4282227e+01
   1.1930900e+05   1.2451172e+01
   1.3447400e+05   1.4038086e+01
   1.4321400e+05   1.4587402e+01
   1.4325700e+05   1.2939453e+01
   1.4630800e+05   1.3244629e+01
   1.4658500e+05   1.7944336e+01
   1.4950800e+05   1.4038086e+01
   1.5955600e+05   1.2145996e+01
   1.6050400e+05   1.5319824e+01
   1.6072500e+05   1.2329102e+01
   1.6095600e+05   1.4160156e+01
   1.6128100e+05   1.4526367e+01
   1.6163300e+05   1.2207031e+01
   1.6173800e+05   1.2329102e+01
   1.6176800e+05   1.4221191e+01
   1.6180900e+05   1.2084961e+01
   1.6184800e+05   1.6235352e+01
   1.6190500e+05   1.8615723e+01
   1.6191500e+05   1.2329102e+01
   1.6197300e+05   2.7954102e+01
   1.6199100e+05   1.2573242e+01
   1.6201500e+05   1.2634277e+01
   1.6206200e+05   1.4526367e+01
   1.6210200e+05   1.6052246e+01
   1.6211500e+05   1.5380859e+01
   1.6283800e+05   1.3366699e+01
   1.6291300e+05   1.4892578e+01
   1.6322500e+05   1.1779785e+01
   1.6351700e+05   1.2695312e+01
   1.6386200e+05   1.1901855e+01
   1.7890500e+05   1.2695312e+01
   1.7894900e+05   1.2023926e+01
   1.8607800e+05   1.1840820e+01
   1.8661800e+05   1.5014648e+01
   1.8704100e+05   1.5258789e+01
   1.8761600e+05   1.5380859e+01
   1.8822200e+05   1.2084961e+01
   1.8827700e+05   1.2268066e+01
   1.9140700e+05   1.1840820e+01
   2.0032600e+05   1.7333984e+01
   2.0041900e+05   1.7272949e+01
   2.0048000e+05   2.4597168e+01
   2.0049000e+05   1.4160156e+01
   2.0052100e+05   1.4160156e+01
   2.0054600e+05   1.1779785e+01
   2.0065800e+05   1.6601562e+01
   2.0068800e+05   1.2145996e+01
   2.0120500e+05   1.3244629e+01
   2.0147900e+05   1.5075684e+01
   2.0170900e+05   1.2695312e+01
   2.0172900e+05   1.7028809e+01
   2.0219000e+05   1.3427734e+01
   2.0265900e+05   1.2817383e+01
   2.0324100e+05   1.5014648e+01
   2.1677900e+05   1.3122559e+01
   2.1995000e+05   1.1779785e+01
   2.2011700e+05   1.2451172e+01
   2.2019200e+05   1.2573242e+01
   2.2031500e+05   1.3061523e+01
   2.2044300e+05   1.1779785e+01
   2.2085500e+05   1.3549805e+01
   2.2096500e+05   1.2207031e+01
   2.2110800e+05   1.3854980e+01
   2.2138300e+05   1.2512207e+01
   2.2151700e+05   1.1840820e+01
   2.2174600e+05   2.0690918e+01
   2.2206200e+05   1.6357422e+01
   2.2217700e+05   1.1962891e+01
   2.2258800e+05   1.3488770e+01
   2.2316800e+05   1.2817383e+01
   2.2338900e+05   1.3122559e+01
   2.3528900e+05   1.4282227e+01
   2.3535200e+05   1.1840820e+01
   2.3542500e+05   1.5014648e+01
   2.3558400e+05   1.3305664e+01
   2.3563800e+05   1.6357422e+01
   2.3577300e+05   2.1667480e+01
   2.3599900e+05   1.6540527e+01
   2.3602900e+05   1.5380859e+01
   2.3618500e+05   1.2207031e+01
   2.3629700e+05   1.1962891e+01
   2.3637500e+05   1.2084961e+01
   2.3649500e+05   1.5930176e+01
   2.3650800e+05   1.1779785e+01
   2.3662300e+05   1.2451172e+01
   2.3669700e+05   1.3000488e+01
   2.3673100e+05   1.1779785e+01
   2.3678400e+05   2.6794434e+01
   2.3683700e+05   1.3061523e+01
   2.3690200e+05   1.8127441e+01
   2.3692400e+05   1.3549805e+01
   2.3693600e+05   1.1901855e+01
   2.3699100e+05   1.6967773e+01
   2.3702700e+05   1.4526367e+01
   2.3708400e+05   1.6113281e+01
   2.3714000e+05   1.4526367e+01
   2.3718600e+05   1.4831543e+01
   2.3722700e+05   1.2512207e+01
   2.5658500e+05   1.2329102e+01
   2.5662700e+05   1.2207031e+01
   2.5932400e+05   1.4526367e+01
   2.5936000e+05   1.1840820e+01
   2.5937900e+05   1.6540527e+01
   2.5942300e+05   1.2023926e+01
   2.5953100e+05   1.1779785e+01
   2.5958200e+05   1.3305664e+01
   2.5967800e+05   1.5563965e+01
   2.5971800e+05   1.4099121e+01
   2.5985900e+05   1.5808105e+01
   2.5989100e+05   1.1962891e+01
   2.5994300e+05   1.2939453e+01
   2.5997700e+05   1.2084961e+01
   2.6001700e+05   2.4353027e+01
   2.6005800e+05   1.2939453e+01
   2.6010500e+05   1.3366699e+01
   2.6014800e+05   2.0141602e+01
   2.6018800e+05   1.2939453e+01
   2.6024200e+05   1.6723633e+01
   2.6028100e+05   1.2634277e+01
   2.6030400e+05   1.3061523e+01
   2.6035600e+05   1.2329102e+01
   2.6044700e+05   1.9409180e+01
   2.6048600e+05   1.1901855e+01
   2.6059900e+05   1.4282227e+01
   2.6083500e+05   1.4953613e+01
   2.7866900e+05   1.3610840e+01
   2.7884600e+05   1.2878418e+01
   2.7897600e+05   1.1901855e+01
   2.7902600e+05   1.3183594e+01
   2.7915600e+05   1.2268066e+01
   2.7919100e+05   1.2817383e+01
   2.7925000e+05   1.2145996e+01
   2.7943900e+05   1.3122559e+01
   2.7970200e+05   1.5930176e+01
   2.7991100e+05   1.3854980e+01
   2.8003100e+05   1.1901855e+01
   2.8007800e+05   1.3305664e+01
   2.8026300e+05   1.4282227e+01
   2.8038200e+05   1.2023926e+01
   2.8042100e+05   1.5075684e+01
   2.8050900e+05   1.2145996e+01
   2.8054000e+05   1.1901855e+01
   2.8063500e+05   1.1840820e+01
   2.8094500e+05   1.2145996e+01
   2.8115800e+05   1.2939453e+01
   2.9624300e+05   1.2329102e+01
   2.9641600e+05   1.4221191e+01
   2.9669400e+05   1.3000488e+01
   2.9678500e+05   1.2207031e+01
   2.9688900e+05   1.4038086e+01
   2.9693200e+05   1.2451172e+01
   2.9708200e+05   1.3183594e+01
   2.9722800e+05   1.2084961e+01
   2.9733100e+05   1.6967773e+01
   2.9738500e+05   1.1901855e+01
   2.9750000e+05   1.2390137e+01
   2.9753500e+05   1.4221191e+01
   2.9770300e+05   1.2512207e+01
   2.9781500e+05   1.5197754e+01
   2.9799000e+05   1.4160156e+01
   2.9812000e+05   1.1840820e+01
   2.9815100e+05   1.4221191e+01
   2.9827900e+05   1.8554688e+01
   2.9835600e+05   1.4404297e+01
   2.9848200e+05   1.4343262e+01
   2.9857000e+05   1.2878418e+01
   2.9900100e+05   1.5441895e+01
   3.1347900e+05   1.4526367e+01
   3.1352200e+05   1.4526367e+01
   3.1354400e+05   1.2634277e+01
   3.1359300e+05   1.2023926e+01
   3.1371700e+05   1.3916016e+01
   3.1380500e+05   1.3427734e+01
   3.1390600e+05   1.3793945e+01
   3.1402600e+05   1.5258789e+01
   3.1413600e+05   1.3916016e+01
   3.1419900e+05   1.1901855e+01
   3.1441100e+05   1.4282227e+01
   3.1456700e+05   1.5502930e+01
   3.1459800e+05   1.1901855e+01
   3.1466600e+05   1.3122559e+01
   3.1477800e+05   1.2084961e+01
   3.1494400e+05   1.2817383e+01
   3.1511000e+05   1.3488770e+01
   3.1516700e+05   1.1840820e+01
   3.1524700e+05   1.2329102e+01
   3.3333300e+05   1.2878418e+01
   3.3635700e+05   1.5136719e+01
   3.3639300e+05   1.2512207e+01
   3.3643300e+05   1.6662598e+01
   3.3651600e+05   1.2084961e+01
   3.3658200e+05   1.2023926e+01
   3.3668800e+05   1.7639160e+01
   3.3678800e+05   1.2756348e+01
   3.3686100e+05   1.2756348e+01
   3.3688700e+05   1.2695312e+01
   3.3706600e+05   1.6235352e+01
   3.3721900e+05   1.2451172e+01
   3.3735100e+05   1.3183594e+01
   3.3737000e+05   1.3671875e+01
   3.3750800e+05   1.3427734e+01
   3.3754100e+05   1.3916016e+01
   3.3755200e+05   1.2817383e+01
   3.3765100e+05   1.2634277e+01
   3.3781800e+05   1.4648438e+01
   3.3804800e+05   1.3061523e+01
   3.5089500e+05   1.3061523e+01
   3.5096300e+05   1.7395020e+01
   3.5106200e+05   1.2145996e+01
   3.5122000e+05   1.4160156e+01
   3.5141900e+05   1.3916016e+01
   3.5151800e+05   1.2390137e+01
   3.5160500e+05   1.1901855e+01
   3.5168200e+05   1.4648438e+01
   3.5172900e+05   1.1779785e+01
   3.5208800e+05   1.2939453e+01
   3.5216100e+05   1.2023926e+01
   3.5223300e+05   1.3793945e+01
   3.5227600e+05   1.4587402e+01
   3.5258500e+05   1.2756348e+01
   3.5262700e+05   1.2329102e+01
   3.6658300e+05   1.2268066e+01
   3.6668500e+05   2.0507813e+01
   3.6685100e+05   1.3793945e+01
   3.6698100e+05   1.4038086e+01
   3.6712200e+05   1.3854980e+01
   3.6718900e+05   1.5441895e+01
   3.6732900e+05   1.3366699e+01
   3.6743300e+05   2.1789551e+01
   3.6750400e+05   1.2268066e+01
   3.6758500e+05   1.1901855e+01
   3.6771100e+05   1.3061523e+01
   3.6774000e+05   1.1779785e+01
   3.6780100e+05   1.2939453e+01
   3.6787900e+05   1.3671875e+01
   3.6796900e+05   1.3000488e+01
   3.6801600e+05   1.2695312e+01
   3.6803900e+05   1.4648438e+01
   3.6812900e+05   1.2512207e+01
   3.8490700e+05   1.5380859e+01
   3.8492800e+05   1.3977051e+01
   3.8505400e+05   1.4892578e+01
   3.8518000e+05   1.8798828e+01
   3.8527200e+05   1.2268066e+01
   3.8535400e+05   1.5197754e+01
   3.8552700e+05   1.2939453e+01
   3.8567400e+05   1.3916016e+01
   3.8571300e+05   1.2817383e+01
   3.8587900e+05   1.4587402e+01
   3.8604900e+05   1.5136719e+01
   3.8610900e+05   1.1962891e+01
   3.8623000e+05   1.4160156e+01
   3.9876400e+05   1.4038086e+01
   3.9887500e+05   1.4526367e+01
   3.9899300e+05   1.4404297e+01
   3.9917700e+05   1.6052246e+01
   3.9927600e+05   1.4404297e+01
   3.9944400e+05   2.4780273e+01
   3.9957100e+05   1.1840820e+01
   3.9972400e+05   1.2145996e+01
   3.9976000e+05   1.6540527e+01
   3.9983000e+05   1.3122559e+01
   4.0006700e+05   1.4465332e+01
   4.0021700e+05   1.6723633e+01
   4.0028100e+05   1.4038086e+01
   4.0043500e+05   1.4099121e+01
   4.1284000e+05   1.3854980e+01
   4.1285500e+05   1.3793945e+01
   4.1296300e+05   1.5625000e+01
   4.1298100e+05   1.2084961e+01
   4.1307200e+05   1.2512207e+01
   4.1314000e+05   1.4770508e+01
   4.1335600e+05   1.2573242e+01
   4.1339300e+05   1.4343262e+01
   4.1344200e+05   1.1901855e+01
   4.1365100e+05   1.4526367e+01
   4.1370200e+05   1.2268066e+01
   4.1377600e+05   1.2084961e+01
   4.1394400e+05   1.1901855e+01
   4.1396600e+05   1.2878418e+01
   4.1413200e+05   1.5319824e+01
   4.2912800e+05   1.3366699e+01
   4.2914200e+05   1.6784668e+01
   4.2931000e+05   1.7700195e+01
   4.2941500e+05   1.2695312e+01
   4.2944600e+05   1.2390137e+01
   4.2946800e+05   1.1962891e+01
   4.2953700e+05   1.2145996e+01
   4.2962700e+05   1.2817383e+01
   4.2978600e+05   1.4831543e+01
   4.2983500e+05   1.3793945e+01
   4.2993400e+05   1.3488770e+01
   4.3000700e+05   1.3000488e+01
   4.3007900e+05   2.0690918e+01
   4.3009700e+05   1.2695312e+01
   4.3023500e+05   1.4526367e+01
   4.3031500e+05   1.1779785e+01
   4.3037300e+05   2.0324707e+01
   4.3067700e+05   1.3427734e+01
   4.3095500e+05   1.2023926e+01
   4.4301600e+05   1.2268066e+01
   4.4307900e+05   1.2756348e+01
   4.4316400e+05   1.4282227e+01
   4.4321100e+05   1.2756348e+01
   4.4332800e+05   1.3916016e+01
   4.4359300e+05   1.2390137e+01
   4.4384000e+05   1.2878418e+01
   4.4389100e+05   1.1840820e+01
   4.4390300e+05   1.3488770e+01
   4.4412500e+05   1.4282227e+01
   4.4424100e+05   1.5136719e+01
   4.4459900e+05   1.3793945e+01
   4.4469100e+05   1.3732910e+01
   4.4642700e+05   1.3061523e+01
   4.6258300e+05   1.5808105e+01
   4.6262000e+05   1.1962891e+01
   4.6266400e+05   1.3977051e+01
   4.6274200e+05   1.1962891e+01
   4.6276400e+05   1.5991211e+01
   4.6290700e+05   2.0385742e+01
   4.6299100e+05   1.3122559e+01
   4.6308600e+05   1.4526367e+01
   4.6328300e+05   1.5808105e+01
   4.6349500e+05   1.5441895e+01
   4.6355900e+05   1.3183594e+01
   4.6365200e+05   1.3854980e+01
   4.6385800e+05   1.4160156e+01
   4.6397800e+05   1.4465332e+01
   4.8377200e+05   1.7211914e+01
   4.8403000e+05   1.2268066e+01
   4.8413400e+05   1.5441895e+01
   4.8421000e+05   1.1779785e+01
   4.8434500e+05   1.5808105e+01
   4.8450200e+05   1.5502930e+01
   4.8452400e+05   1.6113281e+01
   4.8460800e+05   1.2145996e+01
   4.8467400e+05   1.2939453e+01
   4.8486300e+05   1.2145996e+01
   4.8490400e+05   1.1840820e+01
   4.8506500e+05   1.1840820e+01
   4.8519900e+05   1.1840820e+01
   4.8522100e+05   1.3610840e+01
   4.8576200e+05   1.2878418e+01
   5.0130100e+05   1.3977051e+01
   5.0131900e+05   1.6540527e+01
   5.0139200e+05   1.2634277e+01
   5.0151900e+05   2.3071289e+01
   5.0166300e+05   1.2084961e+01
   5.0178600e+05   1.4160156e+01
   5.0191600e+05   1.2268066e+01
   5.0204000e+05   1.4587402e+01
   5.0214100e+05   1.5747070e+01
   5.0217700e+05   1.1779785e+01
   5.0222600e+05   1.7333984e+01
   5.0233200e+05   1.1962891e+01
   5.0235600e+05   1.4221191e+01
   5.0243200e+05   1.2939453e+01
   5.0250000e+05   1.4343262e+01
   5.0332700e+05   1.4404297e+01
   5.2163100e+05   1.3549805e+01
   5.2199200e+05   1.3977051e+01
   5.2201300e+05   1.3122559e+01
   5.2208700e+05   1.2634277e+01
   5.2218300e+05   1.4709473e+01
   5.2236900e+05   1.2878418e+01
   5.2240700e+05   1.5625000e+01
   5.2246400e+05   1.4221191e+01
   5.2271800e+05   1.6357422e+01
   5.2279500e+05   1.3610840e+01
   5.2286600e+05   1.3427734e+01
   5.2301100e+05   1.2207031e+01
   5.2310400e+05   1.2145996e+01
   5.2324900e+05   1.1779785e+01
   5.2338900e+05   1.1840820e+01
   5.4861100e+05   1.2023926e+01
   5.4865700e+05   1.2329102e+01
   5.4886200e+05   1.6845703e+01
   5.4888200e+05   1.2634277e+01
   5.4896000e+05   1.2207031e+01
   5.4902700e+05   1.4648438e+01
   5.4922600e+05   1.5319824e+01
   5.4943800e+05   1.2329102e+01
   5.4944800e+05   1.4770508e+01
   5.4947700e+05   1.5380859e+01
   5.4953100e+05   1.1962891e+01
   5.4958000e+05   1.1962891e+01
   5.4960200e+05   1.1901855e+01
   5.4963800e+05   1.7028809e+01
   5.4972800e+05   1.2084961e+01
   5.4977800e+05   1.9165039e+01
   5.5002800e+05   1.3366699e+01
   5.5004300e+05   1.2023926e+01
   5.5041300e+05   1.1840820e+01
   5.6561900e+05   1.3366699e+01
   5.6571400e+05   1.1901855e+01
   5.6576000e+05   1.5136719e+01
   5.6584600e+05   1.2207031e+01
   5.6591300e+05   1.5319824e+01
   5.6596800e+05   1.2512207e+01
   5.6616000e+05   1.4343262e+01
   5.6619200e+05   1.4221191e+01
   5.6627700e+05   1.2084961e+01
   5.6638000e+05   1.1840820e+01
   5.6652000e+05   1.1779785e+01
   5.6655300e+05   1.4221191e+01
   5.6680200e+05   1.3244629e+01
   5.6691700e+05   1.2023926e+01
   5.6718100e+05   1.1779785e+01
   5.8202000e+05   1.3671875e+01
   5.8206800e+05   1.2207031e+01
   5.8227200e+05   1.3427734e+01
   5.8238000e+05   1.3305664e+01
   5.8239500e+05   1.1779785e+01
   5.8247800e+05   1.2023926e+01
   5.8259200e+05   1.2817383e+01
   5.8274300e+05   1.5380859e+01
   5.8276100e+05   1.4038086e+01
   5.8288500e+05   1.3610840e+01
   5.8297300e+05   1.3488770e+01
   5.8304200e+05   1.2145996e+01
   5.8314400e+05   1.2817383e+01
   5.8326700e+05   1.4160156e+01
   5.8333200e+05   1.2084961e+01
   5.8347000e+05   1.6235352e+01
   6.1257700e+05   1.5930176e+01
   6.1271400e+05   1.1779785e+01
   6.1287900e+05   1.3305664e+01
   6.1289700e+05   1.3671875e+01
   6.1293000e+05   1.3122559e+01
   6.1305200e+05   1.3061523e+01
   6.1316700e+05   1.5136719e+01
   6.1337000e+05   1.5991211e+01
   6.1344000e+05   1.3366699e+01
   6.1359000e+05   1.3427734e+01
   6.1368800e+05   1.1962891e+01
   6.1374500e+05   1.2268066e+01
   6.1409700e+05   1.3061523e+01
   6.2786500e+05   1.8920898e+01
   6.2801500e+05   1.3427734e+01
   6.2807700e+05   1.4160156e+01
   6.2812100e+05   1.5930176e+01
   6.2817500e+05   1.3000488e+01
   6.2828600e+05   1.2329102e+01
   6.2842800e+05   1.6906738e+01
   6.2847900e+05   1.1901855e+01
   6.2866500e+05   1.5625000e+01
   6.2878900e+05   1.3488770e+01
   6.2888600e+05   1.5625000e+01
   6.2915500e+05   1.2878418e+01
   6.2921400e+05   1.2145996e+01
   6.2928000e+05   1.3366699e+01
   6.2933700e+05   1.1901855e+01
   6.2939000e+05   1.2268066e+01
   6.2948500e+05   1.3916016e+01
   6.2955600e+05   1.1840820e+01
   6.2987200e+05   1.1840820e+01
   6.4990100e+05   1.9531250e+01
   6.5004400e+05   1.2512207e+01
   6.5014900e+05   1.2878418e+01
   6.5039300e+05   1.2207031e+01
   6.5046000e+05   1.2329102e+01
   6.5055600e+05   1.2084961e+01
   6.5065300e+05   1.5625000e+01
   6.5078800e+05   1.1962891e+01
   6.5091000e+05   1.3305664e+01
   6.5093500e+05   1.2451172e+01
   6.5122700e+05   1.3183594e+01
   6.7610300e+05   1.4587402e+01
   6.7613300e+05   1.7272949e+01
   6.7622800e+05   1.1901855e+01
   6.7623900e+05   1.2023926e+01
   6.7627100e+05   1.2634277e+01
   6.7630300e+05   1.7578125e+01
   6.7642200e+05   1.5319824e+01
   6.7648100e+05   1.2695312e+01
   6.7659000e+05   1.9287109e+01
   6.7671800e+05   1.4892578e+01
   6.7686800e+05   1.5319824e+01
   6.7695400e+05   1.7395020e+01
   6.9248700e+05   1.6906738e+01
   6.9250200e+05   1.5563965e+01
   6.9253000e+05   1.2145996e+01
   6.9260600e+05   1.2329102e+01
   6.9266800e+05   2.2399902e+01
   6.9270100e+05   1.2695312e+01
   6.9273600e+05   1.3488770e+01
   6.9277300e+05   1.7028809e+01
   6.9293400e+05   1.6723633e+01
   6.9316400e+05   2.0568848e+01
   6.9326700e+05   1.2451172e+01
   6.9335400e+05   1.2023926e+01
   6.9345500e+05   1.4526367e+01
   6.9384300e+05   1.3977051e+01
   7.1037100e+05   1.4892578e+01
   7.1042300e+05   1.2023926e+01
   7.1045100e+05   1.6418457e+01
   7.1049700e+05   1.2084961e+01
   7.1055000e+05   1.3061523e+01
   7.1060200e+05   1.5380859e+01
   7.1079300e+05   1.1901855e+01
   7.1083500e+05   1.7150879e+01
   7.1088900e+05   1.2451172e+01
   7.1097800e+05   1.4221191e+01
   7.1123000e+05   2.8137207e+01
   7.1134400e+05   1.3183594e+01
   7.1188200e+05   1.2573242e+01
   7.3584200e+05   1.8249512e+01
   7.3894500e+05   1.3488770e+01
   7.3897700e+05   1.3183594e+01
   7.3900200e+05   1.8188477e+01
   7.3908400e+05   1.2390137e+01
   7.3917200e+05   1.1901855e+01
   7.3928000e+05   1.3305664e+01
   7.3940300e+05   1.5197754e+01
   7.3943000e+05   1.3671875e+01
   7.3946000e+05   1.6418457e+01
   7.3952300e+05   1.4465332e+01
   7.3962100e+05   1.5258789e+01
   7.3967200e+05   1.2573242e+01
   7.4000600e+05   1.1962891e+01
   7.4014100e+05   1.1962891e+01
   7.5555600e+05   1.5014648e+01
   7.5557400e+05   1.7639160e+01
   7.5559600e+05   1.2939453e+01
   7.5570000e+05   1.2207031e+01
   7.5574000e+05   1.3427734e+01
   7.5585800e+05   1.2695312e+01
   7.5594000e+05   1.2329102e+01
   7.5599100e+05   1.1840820e+01
   7.5606000e+05   1.2268066e+01
   7.5620900e+05   1.2329102e+01
   7.5626300e+05   1.2695312e+01
   7.5665200e+05   1.4038086e+01
   7.5677500e+05   1.1840820e+01
   7.5689400e+05   1.3061523e+01
   7.7397800e+05   1.2756348e+01
   7.7415200e+05   1.2512207e+01
   7.7428200e+05   1.3122559e+01
   7.7433200e+05   1.3000488e+01
   7.7442700e+05   1.3244629e+01
   7.7445300e+05   1.2756348e+01
   7.7458100e+05   1.3305664e+01
   7.7468400e+05   1.1901855e+01
   7.7473800e+05   1.2268066e+01
   7.7487200e+05   1.5991211e+01
   7.7492000e+05   1.7028809e+01
   7.7503100e+05   1.3305664e+01
   7.7536100e+05   1.4343262e+01
   8.0143300e+05   1.3000488e+01
   8.0145300e+05   1.7761230e+01
   8.0150500e+05   1.1779785e+01
   8.0154200e+05   1.2145996e+01
   8.0157100e+05   1.2695312e+01
   8.0159500e+05   1.8676758e+01
   8.0169100e+05   2.2888184e+01
   8.0183900e+05   1.6174316e+01
   8.0193600e+05   1.2084961e+01
   8.0201900e+05   1.2512207e+01
   8.0226300e+05   1.6235352e+01
   8.2951900e+05   1.2573242e+01
   8.2957400e+05   1.7395020e+01
   8.2971700e+05   1.3610840e+01
   8.2989800e+05   1.5014648e+01
   8.2996000e+05   1.2145996e+01
   8.3014400e+05   1.4282227e+01
   8.3018000e+05   1.2451172e+01
   8.3023800e+05   1.2817383e+01
   8.3033400e+05   1.3244629e+01
   8.7058900e+05   1.8859863e+01
   8.7064300e+05   1.2451172e+01
   8.7075200e+05   1.5014648e+01
   8.7077900e+05   1.2145996e+01
   8.7085000e+05   1.6967773e+01
   8.7098300e+05   1.7700195e+01
   8.7109200e+05   1.3427734e+01
   8.7112100e+05   1.8310547e+01
   8.7115000e+05   1.3793945e+01
   8.7130800e+05   1.3854980e+01
   8.7133600e+05   1.4221191e+01
   8.7148300e+05   1.2878418e+01
   8.7163800e+05   1.2817383e+01
   8.7177800e+05   1.4953613e+01
   8.9797200e+05   1.2268066e+01
   9.4336000e+05   1.3244629e+01
   9.5916000e+05   1.5930176e+01
   9.5927800e+05   1.3000488e+01
   9.5932400e+05   1.3366699e+01
   9.5939900e+05   1.8249512e+01
   9.5941800e+05   1.2817383e+01
   9.5946700e+05   1.2634277e+01
   9.5954500e+05   1.6845703e+01
   9.5957600e+05   1.2634277e+01
   9.5966100e+05   1.2939453e+01
   9.5976600e+05   1.4282227e+01
   9.5978300e+05   1.7333984e+01
   9.5990800e+05   1.2451172e+01
   9.5992300e+05   1.6479492e+01
   9.5996700e+05   1.2695312e+01
   9.6001800e+05   1.2390137e+01
   9.6006300e+05   1.5625000e+01
   9.6008700e+05   1.1840820e+01
   9.6018500e+05   1.6113281e+01
   9.6031100e+05   1.2329102e+01
   1.0202250e+06   1.4587402e+01
   1.0203960e+06   1.6418457e+01
   1.0205420e+06   1.2634277e+01
   1.0205850e+06   1.5563965e+01
   1.0206240e+06   1.2939453e+01
   1.0206520e+06   1.4099121e+01
   1.0207460e+06   1.3122559e+01
   1.0207670e+06   1.6967773e+01
   1.0208280e+06   1.1962891e+01
   1.0208760e+06   1.7089844e+01
   1.0210020e+06   1.3610840e+01
   1.0211040e+06   1.3488770e+01
   1.0211470e+06   1.7517090e+01
   1.0211630e+06   1.3793945e+01
   1.0214020e+06   1.2695312e+01
   1.0214990e+06   1.2084961e+01
   1.0215120e+06   1.1901855e+01
   1.0216840e+06   1.2084961e+01
   1.0217530e+06   1.2817383e+01
   1.1306690e+06   1.3122559e+01
   1.1543710e+06   1.5991211e+01
   1.1545960e+06   1.5441895e+01
   1.1547060e+06   1.5563965e+01
   1.1547740e+06   1.1901855e+01
   1.1548050e+06   1.2329102e+01
   1.1548220e+06   1.8005371e+01
   1.1548490e+06   1.2817383e+01
   1.1548970e+06   1.3061523e+01
   1.1549360e+06   1.3000488e+01
   1.1549630e+06   1.3916016e+01
   1.1549980e+06   1.2512207e+01
   1.1550330e+06   1.3854980e+01
   1.1550710e+06   1.1779785e+01
   1.1551090e+06   1.2451172e+01
   1.1551460e+06   1.5258789e+01
   1.1552070e+06   1.3061523e+01
   1.1552460e+06   1.1901855e+01
   1.1553050e+06   1.2268066e+01
   1.1553980e+06   1.5686035e+01
   1.1554140e+06   1.3488770e+01
   1.1554630e+06   1.2329102e+01
   1.1554870e+06   1.4770508e+01
   1.1555740e+06   1.3305664e+01
   1.1555980e+06   1.2939453e+01
   1.1556580e+06   1.2939453e+01
   1.1557240e+06   1.2268066e+01
   1.1557400e+06   1.7150879e+01
   1.1558020e+06   1.4343262e+01
   1.1558270e+06   1.2207031e+01
   1.1559290e+06   1.2329102e+01
   1.1560310e+06   1.3427734e+01
   1.1562460e+06   1.6052246e+01
   1.4798600e+06   1.8005371e+01
   1.4799090e+06   1.1840820e+01
   1.4799190e+06   2.0141602e+01
   1.4799820e+06   1.4343262e+01
   1.4800100e+06   2.6000977e+01
   1.4800270e+06   1.3916016e+01
   1.4800410e+06   1.4404297e+01
   1.4800580e+06   2.1484375e+01
   1.4800890e+06   1.2023926e+01
   1.4801150e+06   1.9226074e+01
   1.4801450e+06   1.1901855e+01
   1.4801740e+06   1.6113281e+01
   1.4804540e+06   1.2023926e+01
   1.4805160e+06   1.2084961e+01
   1.4805660e+06   1.2451172e+01
   1.4805840e+06   1.2329102e+01
   1.4806450e+06   1.4038086e+01
   1.4806670e+06   1.8615723e+01
   1.4806810e+06   1.2145996e+01
   1.4807330e+06   1.4465332e+01
   1.4807470e+06   1.5319824e+01
   1.4807830e+06   1.4160156e+01
   1.4808190e+06   1.1901855e+01
   1.4808440e+06   1.2573242e+01
   1.4809050e+06   2.2888184e+01
   1.4809850e+06   1.8005371e+01
   1.4810520e+06   1.3793945e+01
   1.4810700e+06   1.2084961e+01
   1.4811180e+06   1.3793945e+01
   1.4811730e+06   1.3671875e+01
   1.4812050e+06   1.8798828e+01
   1.4812190e+06   1.5014648e+01
   1.4813140e+06   1.2207031e+01
   1.4813980e+06   1.3977051e+01
   1.4814890e+06   1.1840820e+01
   1.4815890e+06   1.2329102e+01
   1.4816910e+06   1.3854980e+01
   1.4819190e+06   1.2573242e+01
   1.4821500e+06   1.2023926e+01
   1.4826130e+06   1.3061523e+01
   1.4961840e+06   1.2390137e+01
   1.4962210e+06   1.3549805e+01
   1.4962930e+06   1.8798828e+01
   1.4963370e+06   1.2695312e+01
   1.4963820e+06   1.5380859e+01
   1.4964060e+06   2.2033691e+01
   1.4964370e+06   2.1728516e+01
   1.4964720e+06   2.0080566e+01
   1.4964830e+06   1.1901855e+01
   1.4965090e+06   2.4475098e+01
   1.4965210e+06   1.4648438e+01
   1.4965670e+06   1.5258789e+01
   1.4966040e+06   1.2451172e+01
   1.4966520e+06   1.2573242e+01
   1.4966930e+06   1.2512207e+01
   1.4967250e+06   1.2390137e+01
   1.4969860e+06   1.5136719e+01
   1.4970580e+06   1.2512207e+01
   1.4971740e+06   2.2338867e+01
   1.4972660e+06   1.1901855e+01
   1.4973410e+06   1.1779785e+01
   1.4973890e+06   1.3305664e+01
   1.4974380e+06   1.4282227e+01
   1.4976440e+06   1.3427734e+01
   1.4979790e+06   1.3000488e+01
   1.4984860e+06   1.2084961e+01
   1.4998250e+06   1.5808105e+01
   1.5089090e+06   1.3916016e+01
   1.5089360e+06   2.3315430e+01
   1.5089900e+06   1.3183594e+01
   1.5090030e+06   2.6184082e+01
   1.5090280e+06   1.2756348e+01
   1.5090530e+06   1.6723633e+01
   1.5090650e+06   1.8127441e+01
   1.5090920e+06   1.2512207e+01
   1.5091210e+06   1.5563965e+01
   1.5091820e+06   1.3671875e+01
   1.5092010e+06   1.4709473e+01
   1.5092390e+06   1.3061523e+01
   1.5093510e+06   1.5563965e+01
   1.5093970e+06   1.4587402e+01
   1.5096030e+06   1.3305664e+01
   1.5096380e+06   1.2145996e+01
   1.5096950e+06   1.4099121e+01
   1.5097330e+06   1.1779785e+01
   1.5097560e+06   1.3977051e+01
   1.5098030e+06   1.2145996e+01
   1.5098700e+06   1.4953613e+01
   1.5100930e+06   1.7089844e+01
   1.5102220e+06   1.2512207e+01
   1.5103540e+06   1.3000488e+01
   1.5106420e+06   1.3549805e+01
   1.5714680e+06   1.3977051e+01
   1.5714840e+06   1.1840820e+01
   1.5715150e+06   1.1840820e+01
   1.5715410e+06   1.3305664e+01
   1.5715680e+06   1.2023926e+01
   1.5715920e+06   3.4057617e+01
   1.5716150e+06   1.4709473e+01
   1.5716330e+06   2.4291992e+01
   1.5716550e+06   2.0202637e+01
   1.5716820e+06   1.1901855e+01
   1.5717190e+06   1.1779785e+01
   1.5717510e+06   1.4892578e+01
   1.5718270e+06   1.3061523e+01
   1.5719120e+06   1.2023926e+01
   1.5719980e+06   1.5380859e+01
   1.5721240e+06   1.3244629e+01
   1.5721960e+06   1.5930176e+01
   1.5722530e+06   1.3183594e+01
   1.5722780e+06   1.2695312e+01
   1.5723270e+06   1.2023926e+01
   1.5723860e+06   1.2390137e+01
   1.5724500e+06   1.2695312e+01
   1.5724700e+06   1.7517090e+01
   1.5725120e+06   1.2512207e+01
   1.5726010e+06   1.3000488e+01
   1.5727990e+06   1.3366699e+01
   1.5729160e+06   1.2451172e+01
   1.5731420e+06   1.3793945e+01
   1.6373470e+06   1.9348145e+01
   1.6373640e+06   1.1962891e+01
   1.6374390e+06   1.6967773e+01
   1.6374540e+06   2.6000977e+01
   1.6374840e+06   2.0568848e+01
   1.6374990e+06   1.3977051e+01
   1.6375480e+06   1.4221191e+01
   1.6375770e+06   1.7028809e+01
   1.6376220e+06   1.1779785e+01
   1.6377030e+06   1.2451172e+01
   1.6378330e+06   1.1779785e+01
   1.6379430e+06   1.6113281e+01
   1.6380110e+06   1.2084961e+01
   1.6380840e+06   1.2878418e+01
   1.6381240e+06   1.4770508e+01
   1.6381630e+06   1.3610840e+01
   1.6381850e+06   1.2329102e+01
   1.6381980e+06   1.5380859e+01
   1.6382800e+06   1.3793945e+01
   1.6383090e+06   1.3061523e+01
   1.6384030e+06   1.3427734e+01
   1.6385200e+06   1.2207031e+01
   1.6386060e+06   2.1118164e+01
   1.6388580e+06   1.4282227e+01
   1.6406700e+06   1.6235352e+01
   1.6428660e+06   1.5625000e+01
   1.6516490e+06   1.5075684e+01
   1.6554700e+06   1.2023926e+01
   1.6779370e+06   1.3305664e+01
   1.6965680e+06   1.5197754e+01
   1.6966400e+06   1.2756348e+01
   1.6966700e+06   1.1901855e+01
   1.6967140e+06   1.8676758e+01
   1.6967450e+06   1.4892578e+01
   1.6967630e+06   1.3916016e+01
   1.6967870e+06   1.7883301e+01
   1.6968000e+06   1.6967773e+01
   1.6968100e+06   1.4526367e+01
   1.6968850e+06   1.2451172e+01
   1.6969160e+06   1.6784668e+01
   1.6969350e+06   1.2695312e+01
   1.6972010e+06   1.1779785e+01
   1.6973430e+06   2.0629883e+01
   1.6973990e+06   1.2207031e+01
   1.6974230e+06   1.2207031e+01
   1.6975490e+06   1.6906738e+01
   1.6976490e+06   1.2573242e+01
   1.6977090e+06   1.3061523e+01
   1.6977470e+06   2.0874023e+01
   1.6978340e+06   1.2145996e+01
   1.6980620e+06   1.2756348e+01
   1.6981970e+06   1.2451172e+01
   1.6983470e+06   1.2084961e+01
   1.6985720e+06   1.3549805e+01
   1.7283520e+06   1.3061523e+01
   1.7431800e+06   1.5563965e+01
   1.7432150e+06   1.6296387e+01
   1.7432460e+06   1.4587402e+01
   1.7432780e+06   2.5146484e+01
   1.7432900e+06   1.8737793e+01
   1.7433190e+06   1.5991211e+01
   1.7433540e+06   1.7517090e+01
   1.7433840e+06   1.9348145e+01
   1.7434030e+06   1.2878418e+01
   1.7434710e+06   1.3305664e+01
   1.7434990e+06   1.2329102e+01
   1.7435490e+06   1.2390137e+01
   1.7435780e+06   1.2329102e+01
   1.7437150e+06   1.2573242e+01
   1.7437790e+06   1.3427734e+01
   1.7438510e+06   1.4831543e+01
   1.7438680e+06   1.2084961e+01
   1.7439140e+06   1.2023926e+01
   1.7439370e+06   1.2817383e+01
   1.7440260e+06   1.3610840e+01
   1.7440700e+06   1.2756348e+01
   1.7441180e+06   1.5686035e+01
   1.7443790e+06   2.0996094e+01
   1.7445340e+06   1.3305664e+01
   1.7450220e+06   1.4892578e+01
   1.7453900e+06   1.4587402e+01
   1.7480410e+06   1.7211914e+01
   1.7651050e+06   1.4770508e+01
   1.7651210e+06   1.7333984e+01
   1.7651350e+06   1.4038086e+01
   1.7651720e+06   1.3061523e+01
   1.7652040e+06   2.3254395e+01
   1.7652210e+06   1.7333984e+01
   1.7652320e+06   1.4221191e+01
   1.7652430e+06   1.1901855e+01
   1.7652750e+06   1.3793945e+01
   1.7652990e+06   1.7028809e+01
   1.7653280e+06   1.4160156e+01
   1.7653400e+06   1.3977051e+01
   1.7653710e+06   1.2451172e+01
   1.7654610e+06   1.3000488e+01
   1.7654960e+06   1.4526367e+01
   1.7656010e+06   1.2878418e+01
   1.7656680e+06   1.2695312e+01
   1.7657490e+06   1.3244629e+01
   1.7658160e+06   1.2695312e+01
   1.7658480e+06   1.4343262e+01
   1.7659410e+06   1.2573242e+01
   1.7661110e+06   1.7517090e+01
   1.7662240e+06   1.2756348e+01
   1.7671880e+06   1.6418457e+01
   1.7686840e+06   1.9714355e+01
   1.7695630e+06   1.5991211e+01
   1.7911640e+06   1.2756348e+01
   1.7911870e+06   2.2399902e+01
   1.7912240e+06   1.2634277e+01
   1.7912510e+06   4.4799805e+01
   1.7912690e+06   1.6723633e+01
   1.7912880e+06   2.0935059e+01
   1.7913300e+06   1.7822266e+01
   1.7913470e+06   1.3122559e+01
   1.7913710e+06   1.2817383e+01
   1.7913950e+06   1.4343262e+01
   1.7915050e+06   1.3488770e+01
   1.7915450e+06   1.4099121e+01
   1.7917010e+06   1.3488770e+01
   1.7917410e+06   1.4465332e+01
   1.7917800e+06   1.5991211e+01
   1.7918460e+06   1.2023926e+01
   1.7918720e+06   1.1840820e+01
   1.7919220e+06   1.5258789e+01
   1.7921620e+06   1.7211914e+01
   1.7922510e+06   1.4038086e+01
   1.7923940e+06   1.1779785e+01
   1.7925180e+06   1.1901855e+01
   1.7926550e+06   1.5319824e+01
   1.7939000e+06   1.5380859e+01
   1.7947100e+06   1.4221191e+01
   1.7962210e+06   1.4587402e+01
   1.8159920e+06   1.6357422e+01
   1.8160180e+06   1.2573242e+01
   1.8160640e+06   1.7700195e+01
   1.8160820e+06   1.6906738e+01
   1.8161040e+06   3.1066895e+01
   1.8161180e+06   2.0202637e+01
   1.8161480e+06   1.5502930e+01
   1.8161660e+06   1.2512207e+01
   1.8161870e+06   1.3732910e+01
   1.8161980e+06   1.1779785e+01
   1.8163140e+06   1.2878418e+01
   1.8163470e+06   1.4038086e+01
   1.8163870e+06   1.3732910e+01
   1.8164900e+06   1.1901855e+01
   1.8166410e+06   1.2939453e+01
   1.8166620e+06   1.5747070e+01
   1.8167090e+06   1.1901855e+01
   1.8167500e+06   1.1901855e+01
   1.8167700e+06   1.5441895e+01
   1.8170690e+06   1.4526367e+01
   1.8173030e+06   1.2207031e+01
   1.8175330e+06   1.6479492e+01
   1.8175760e+06   1.3610840e+01
   1.8188630e+06   1.6662598e+01
   1.8194410e+06   1.2145996e+01
   1.8205270e+06   1.4587402e+01
   1.8425100e+06   1.2939453e+01
   1.8425330e+06   1.8066406e+01
   1.8425570e+06   2.6794434e+01
   1.8425710e+06   2.2949219e+01
   1.8425920e+06   1.6662598e+01
   1.8426170e+06   1.5625000e+01
   1.8426310e+06   1.2145996e+01
   1.8426710e+06   1.3305664e+01
   1.8426880e+06   1.3305664e+01
   1.8427030e+06   1.2451172e+01
   1.8427580e+06   1.2207031e+01
   1.8427940e+06   1.3671875e+01
   1.8428840e+06   1.3671875e+01
   1.8429380e+06   1.2084961e+01
   1.8429770e+06   1.2145996e+01
   1.8430060e+06   1.4587402e+01
   1.8430440e+06   1.4160156e+01
   1.8430850e+06   1.6906738e+01
   1.8431260e+06   1.1779785e+01
   1.8431910e+06   1.2695312e+01
   1.8433410e+06   1.7272949e+01
   1.8433600e+06   1.5319824e+01
   1.8434000e+06   1.3488770e+01
   1.8435100e+06   1.2695312e+01
   1.8435760e+06   1.3549805e+01
   1.8436830e+06   1.2573242e+01
   1.8438350e+06   1.2207031e+01
   1.8440730e+06   1.3000488e+01
   1.8444400e+06   1.4465332e+01
   1.8457040e+06   1.6906738e+01
   1.8477350e+06   1.3549805e+01
   1.8492060e+06   1.7578125e+01
   1.8585940e+06   1.3427734e+01
   1.8586280e+06   1.3977051e+01
   1.8586600e+06   3.2104492e+01
   1.8586770e+06   2.2888184e+01
   1.8587020e+06   1.9836426e+01
   1.8587460e+06   1.7150879e+01
   1.8587560e+06   1.2634277e+01
   1.8587860e+06   1.4892578e+01
   1.8588060e+06   1.1962891e+01
   1.8589110e+06   1.3366699e+01
   1.8590050e+06   1.3977051e+01
   1.8590640e+06   1.2817383e+01
   1.8591160e+06   1.2084961e+01
   1.8592310e+06   1.3916016e+01
   1.8593500e+06   1.6601562e+01
   1.8594700e+06   1.2145996e+01
   1.8597620e+06   1.2634277e+01
   1.8601930e+06   1.2817383e+01
   1.8624060e+06   1.5319824e+01
   1.8943330e+06   1.2329102e+01
   1.8943540e+06   2.1423340e+01
   1.8943780e+06   1.2207031e+01
   1.8943980e+06   3.2287598e+01
   1.8944130e+06   1.1962891e+01
   1.8944390e+06   1.8554688e+01
   1.8944680e+06   1.4099121e+01
   1.8945180e+06   1.2939453e+01
   1.8945840e+06   1.4770508e+01
   1.8946930e+06   1.1962891e+01
   1.8948030e+06   1.3488770e+01
   1.8948720e+06   1.4648438e+01
   1.8949540e+06   1.8127441e+01
   1.8950000e+06   1.2023926e+01
   1.8950540e+06   1.3610840e+01
   1.8951510e+06   1.9104004e+01
   1.8954950e+06   1.3061523e+01
   1.8956760e+06   1.3061523e+01
   1.8958220e+06   1.1962891e+01
   1.8958680e+06   1.1779785e+01
   1.8962570e+06   1.1840820e+01
   1.8981640e+06   1.3793945e+01
   1.8991700e+06   1.7150879e+01
   1.9275910e+06   1.2695312e+01
   1.9276100e+06   1.7211914e+01
   1.9276470e+06   1.2878418e+01
   1.9276720e+06   1.4587402e+01
   1.9276870e+06   2.1545410e+01
   1.9277130e+06   2.4597168e+01
   1.9277430e+06   1.2878418e+01
   1.9277630e+06   1.6967773e+01
   1.9278040e+06   2.4230957e+01
   1.9278350e+06   1.3122559e+01
   1.9280810e+06   1.2695313e+01
   1.9282470e+06   3.0517578e+01
   1.9284140e+06   1.2145996e+01
   1.9284420e+06   1.2145996e+01
   1.9285850e+06   1.2268066e+01
   1.9286330e+06   1.2268066e+01
   1.9289230e+06   1.2268066e+01
   1.9290720e+06   1.2878418e+01
   1.9294230e+06   1.5930176e+01
   1.9314010e+06   1.2634277e+01
   1.9318260e+06   1.2390137e+01
   1.9319340e+06   1.5136719e+01
   1.9567420e+06   1.2084961e+01
   1.9568030e+06   1.4343262e+01
   1.9568500e+06   1.5380859e+01
   1.9568790e+06   1.8310547e+01
   1.9569060e+06   1.4953613e+01
   1.9569680e+06   1.5563965e+01
   1.9570050e+06   2.0202637e+01
   1.9570200e+06   1.2878418e+01
   1.9570690e+06   1.3183594e+01
   1.9570980e+06   2.6977539e+01
   1.9571310e+06   1.7150879e+01
   1.9571590e+06   1.3793945e+01
   1.9571930e+06   1.4099121e+01
   1.9572040e+06   1.2756348e+01
   1.9572370e+06   2.0874023e+01
   1.9572800e+06   1.2268066e+01
   1.9572960e+06   1.8920898e+01
   1.9573230e+06   1.3183594e+01
   1.9573560e+06   1.3427734e+01
   1.9573900e+06   1.4648438e+01
   1.9574120e+06   1.8920898e+01
   1.9574610e+06   1.6113281e+01
   1.9575230e+06   1.4587402e+01
   1.9575430e+06   1.2573242e+01
   1.9576660e+06   1.4099121e+01
   1.9576950e+06   1.2390137e+01
   1.9581530e+06   1.2023926e+01
   1.9585340e+06   1.3244629e+01
   1.9600340e+06   1.4099121e+01
   1.9606910e+06   1.4282227e+01
   1.9610390e+06   1.6235352e+01
   1.9631960e+06   1.8493652e+01
   1.9908200e+06   1.7028809e+01
   1.9908340e+06   1.7822266e+01
   1.9908640e+06   1.4038086e+01
   1.9908820e+06   2.8991699e+01
   1.9909180e+06   1.4465332e+01
   1.9909360e+06   1.4282227e+01
   1.9909540e+06   1.2207031e+01
   1.9909890e+06   1.7395020e+01
   1.9910060e+06   1.2451172e+01
   1.9910370e+06   1.5258789e+01
   1.9910680e+06   1.3366699e+01
   1.9911360e+06   1.1901855e+01
   1.9912780e+06   1.2268066e+01
   1.9914190e+06   1.8859863e+01
   1.9915030e+06   1.9042969e+01
   1.9915680e+06   1.4221191e+01
   1.9917400e+06   1.8737793e+01
   1.9917870e+06   1.2878418e+01
   1.9918390e+06   1.2023926e+01
   1.9919190e+06   1.2817383e+01
   1.9923460e+06   1.4465332e+01
   1.9928630e+06   1.3549805e+01
   1.9930750e+06   1.3977051e+01
   1.9942630e+06   1.6601562e+01
   1.9954130e+06   1.9165039e+01
   1.9971500e+06   1.6052246e+01
   2.0263680e+06   1.7883301e+01
   2.0282710e+06   2.5573730e+01
   2.0283550e+06   1.5930176e+01
   2.0283990e+06   1.7456055e+01
   2.0284330e+06   1.1779785e+01
   2.0284620e+06   1.2451172e+01
   2.0284870e+06   1.2390137e+01
   2.0284980e+06   1.5441895e+01
   2.0285150e+06   1.3854980e+01
   2.0285460e+06   1.2268066e+01
   2.0285860e+06   1.4465332e+01
   2.0285960e+06   2.0019531e+01
   2.0286330e+06   1.6784668e+01
   2.0286670e+06   1.3610840e+01
   2.0286830e+06   1.2268066e+01
   2.0287270e+06   1.6723633e+01
   2.0287430e+06   2.2216797e+01
   2.0287830e+06   1.3671875e+01
   2.0288030e+06   1.6418457e+01
   2.0288660e+06   1.7028809e+01
   2.0289330e+06   1.1962891e+01
   2.0289480e+06   1.7211914e+01
   2.0290430e+06   1.3916016e+01
   2.0290980e+06   1.5747070e+01
   2.0291300e+06   1.2268066e+01
   2.0293240e+06   1.4648438e+01
   2.0294840e+06   1.2817383e+01
   2.0296080e+06   1.2573242e+01
   2.0327790e+06   1.3122559e+01
   2.0328810e+06   1.6296387e+01
   2.0346030e+06   1.8310547e+01
   2.0518770e+06   1.3061523e+01
   2.0519420e+06   1.4709473e+01
   2.0520210e+06   1.3183594e+01
   2.0520760e+06   1.6601562e+01
   2.0520940e+06   1.5930176e+01
   2.0521440e+06   1.1840820e+01
   2.0521760e+06   1.1962891e+01
   2.0522060e+06   1.6113281e+01
   2.0522220e+06   1.5197754e+01
   2.0522530e+06   1.4709473e+01
   2.0522740e+06   1.6418457e+01
   2.0523430e+06   1.6235352e+01
   2.0523590e+06   1.3488770e+01
   2.0523690e+06   2.0935059e+01
   2.0523960e+06   1.2329102e+01
   2.0524210e+06   1.6601562e+01
   2.0524640e+06   1.8066406e+01
   2.0524810e+06   1.1962891e+01
   2.0525160e+06   1.3854980e+01
   2.0525470e+06   2.3498535e+01
   2.0526230e+06   2.4414062e+01
   2.0526780e+06   1.4282227e+01
   2.0527580e+06   1.4526367e+01
   2.0528900e+06   1.1901855e+01
   2.0530990e+06   1.2756348e+01
   2.0547500e+06   1.6296387e+01
   2.0562690e+06   1.6906738e+01
   2.0800860e+06   1.9287109e+01
   2.0801570e+06   2.1667480e+01
   2.0802170e+06   1.6296387e+01
   2.0802280e+06   1.7761230e+01
   2.0802780e+06   1.4282227e+01
   2.0803610e+06   1.8005371e+01
   2.0805030e+06   1.4892578e+01
   2.0805180e+06   1.1962891e+01
   2.0805600e+06   1.2329102e+01
   2.0805740e+06   1.9958496e+01
   2.0805940e+06   1.2634277e+01
   2.0806180e+06   1.6479492e+01
   2.0806600e+06   1.8249512e+01
   2.0807650e+06   1.5380859e+01
   2.0807750e+06   2.2033691e+01
   2.0808090e+06   1.2695312e+01
   2.0808380e+06   1.1962891e+01
   2.0808650e+06   1.3366699e+01
   2.0809130e+06   1.2634277e+01
   2.0810320e+06   1.4160156e+01
   2.0812250e+06   1.6540527e+01
   2.0812400e+06   1.1840820e+01
   2.0814810e+06   1.2817383e+01
   2.0820920e+06   1.6784668e+01
   2.0832330e+06   1.3732910e+01
   2.0860950e+06   1.2756348e+01
   2.1188440e+06   1.9470215e+01
   2.1270900e+06   1.8554688e+01
   2.1301040e+06   1.3122559e+01
   2.1447430e+06   1.8737793e+01
   2.1722330e+06   1.5747070e+01
   2.5965380e+06   1.2084961e+01
   2.5965650e+06   1.4099121e+01
   2.5966090e+06   1.2817383e+01
   2.5966220e+06   1.6845703e+01
   2.5966570e+06   1.1840820e+01
   2.5966850e+06   1.9287109e+01
   2.5967250e+06   1.9836426e+01
   2.5967360e+06   1.6723633e+01
   2.5967480e+06   1.7761230e+01
   2.5967750e+06   2.1179199e+01
   2.5967930e+06   1.3305664e+01
   2.5968540e+06   1.2756348e+01
   2.5969150e+06   1.3977051e+01
   2.5970100e+06   1.1962891e+01
   2.5970440e+06   1.2451172e+01
   2.5971190e+06   1.2145996e+01
   2.5971630e+06   1.4160156e+01
   2.5972130e+06   1.4465332e+01
   2.5972430e+06   1.5869141e+01
   2.5972660e+06   1.3610840e+01
   2.5973220e+06   1.7456055e+01
   2.5973840e+06   1.9775391e+01
   2.5974680e+06   1.6662598e+01
   2.5974990e+06   1.2207031e+01
   2.5975190e+06   1.4831543e+01
   2.5976210e+06   1.3183594e+01
   2.5977280e+06   1.9714355e+01
   2.5977840e+06   1.4648438e+01
   2.5978600e+06   1.3854980e+01
   2.5978820e+06   1.5808105e+01
   2.5979990e+06   1.3122559e+01
   2.8282500e+06   1.2145996e+01
   2.8282770e+06   1.1840820e+01
   2.8283130e+06   1.7456055e+01
   2.8283390e+06   1.3366699e+01
   2.8283620e+06   1.3854980e+01
   2.8283890e+06   1.3732910e+01
   2.8284160e+06   1.6357422e+01
   2.8284370e+06   1.6967773e+01
   2.8284740e+06   2.2827148e+01
   2.8284930e+06   1.3427734e+01
   2.8285180e+06   1.5991211e+01
   2.8285490e+06   1.5319824e+01
   2.8285720e+06   2.0385742e+01
   2.8286080e+06   1.4709473e+01
   2.8287300e+06   1.5380859e+01
   2.8288850e+06   1.3000488e+01
   2.8289320e+06   1.4648438e+01
   2.8289850e+06   1.3488770e+01
   2.8290500e+06   1.2756348e+01
   2.8290700e+06   1.3732910e+01
   2.8290930e+06   1.4465332e+01
   2.8291390e+06   1.4526367e+01
   2.8292140e+06   1.9714355e+01
   2.8292730e+06   1.4099121e+01
   2.8292940e+06   1.4160156e+01
   2.8293320e+06   1.2939453e+01
   2.8293720e+06   1.3916016e+01
   2.8294050e+06   1.4160156e+01
   2.8294300e+06   1.3793945e+01
   2.8294800e+06   1.5808105e+01
   2.8295540e+06   1.6052246e+01
   2.8296140e+06   1.3549805e+01
   2.8296490e+06   1.3793945e+01
   2.8297330e+06   1.5502930e+01
   2.8297710e+06   1.3732910e+01
   2.8298170e+06   1.1840820e+01
   2.8302210e+06   1.2207031e+01
   2.8310280e+06   1.2817383e+01
   2.8311310e+06   1.2573242e+01
   2.8559770e+06   1.2939453e+01
   2.8868550e+06   1.4343262e+01
   3.0611220e+06   1.3427734e+01
   3.0611450e+06   1.3000488e+01
   3.0611700e+06   1.2634277e+01
   3.0611910e+06   1.9165039e+01
   3.0612210e+06   2.0263672e+01
   3.0612450e+06   1.3793945e+01
   3.0612570e+06   2.4597168e+01
   3.0612840e+06   1.4587402e+01
   3.0613060e+06   1.9897461e+01
   3.0613860e+06   1.3610840e+01
   3.0615490e+06   1.4587402e+01
   3.0615840e+06   1.2084961e+01
   3.0616160e+06   1.5197754e+01
   3.0616640e+06   1.1718750e+01
   3.0617190e+06   1.3854980e+01
   3.0617720e+06   1.3244629e+01
   3.0618230e+06   1.2451172e+01
   3.0618440e+06   1.4770508e+01
   3.0618710e+06   1.1779785e+01
   3.0619230e+06   1.3061523e+01
   3.0619940e+06   1.4831543e+01
   3.0620080e+06   2.2338867e+01
   3.0620600e+06   1.3610840e+01
   3.0621260e+06   1.7822266e+01
   3.0621570e+06   1.1779785e+01
   3.0622070e+06   1.2939453e+01
   3.0622500e+06   1.5502930e+01
   3.0622660e+06   1.5930176e+01
   3.0622970e+06   1.3488770e+01
   3.0623090e+06   1.4099121e+01
   3.0623480e+06   1.4587402e+01
   3.0624480e+06   2.2155762e+01
   3.0624850e+06   1.1718750e+01
   3.0625240e+06   1.2268066e+01
   3.0625520e+06   1.2451172e+01
   3.0626150e+06   1.3488770e+01
   3.0626970e+06   1.2878418e+01
   3.0629660e+06   1.2329102e+01
   3.0632100e+06   1.3305664e+01
   3.0815570e+06   1.2329102e+01
   3.0816140e+06   1.9042969e+01
   3.0816640e+06   1.1779785e+01
   3.0816800e+06   1.5380859e+01
   3.0817150e+06   2.0141602e+01
   3.0817250e+06   1.8127441e+01
   3.0817560e+06   2.1179199e+01
   3.0817700e+06   1.1962891e+01
   3.0818020e+06   1.8127441e+01
   3.0818290e+06   1.2145996e+01
   3.0819060e+06   1.3122559e+01
   3.0819600e+06   1.3061523e+01
   3.0820250e+06   1.3610840e+01
   3.0820590e+06   1.6357422e+01
   3.0820970e+06   1.2207031e+01
   3.0821570e+06   1.1901855e+01
   3.0822160e+06   1.5625000e+01
   3.0822770e+06   1.3488770e+01
   3.0823550e+06   1.7089844e+01
   3.0824480e+06   1.2573242e+01
   3.0825530e+06   1.4282227e+01
   3.0826030e+06   1.3610840e+01
   3.0826400e+06   1.4648438e+01
   3.0826800e+06   1.2329102e+01
   3.0828090e+06   1.2451172e+01
   3.1271290e+06   1.5075684e+01
   3.1341860e+06   1.3122559e+01
   3.1523850e+06   1.5625000e+01
   3.2177330e+06   1.3916016e+01
   3.2177570e+06   1.4709473e+01
   3.2177880e+06   1.7944336e+01
   3.2178270e+06   2.6794434e+01
   3.2178520e+06   1.5441895e+01
   3.2179040e+06   1.2329102e+01
   3.2179150e+06   1.3244629e+01
   3.2179400e+06   1.2939453e+01
   3.2181690e+06   1.5930176e+01
   3.2182050e+06   1.4892578e+01
   3.2182450e+06   1.2817383e+01
   3.2182940e+06   1.4831543e+01
   3.2183610e+06   1.1901855e+01
   3.2184060e+06   1.5380859e+01
   3.2184340e+06   1.1962891e+01
   3.2184810e+06   1.2695312e+01
   3.2185070e+06   1.6845703e+01
   3.2185260e+06   1.3793945e+01
   3.2185920e+06   1.3916016e+01
   3.2186840e+06   1.4892578e+01
   3.2187440e+06   1.2695312e+01
   3.2187760e+06   1.2023926e+01
   3.2188170e+06   1.5075684e+01
   3.2188400e+06   1.3854980e+01
   3.2189070e+06   1.4587402e+01
   3.2189460e+06   1.2634277e+01
   3.2190180e+06   1.3854980e+01
   3.2190340e+06   1.2573242e+01
   3.2191530e+06   1.2268066e+01
   3.2193540e+06   1.5380859e+01
   3.2197580e+06   1.4892578e+01
   3.2651370e+06   2.0690918e+01
   3.2652100e+06   1.2634277e+01
   3.2652560e+06   1.2268066e+01
   3.2652940e+06   1.9592285e+01
   3.2653160e+06   2.3437500e+01
   3.2653290e+06   3.2592773e+01
   3.2653660e+06   1.4282227e+01
   3.2654070e+06   1.3061523e+01
   3.2654280e+06   1.4953613e+01
   3.2658540e+06   1.3305664e+01
   3.2659240e+06   1.5502930e+01
   3.2660100e+06   1.2084961e+01
   3.2661040e+06   1.6906738e+01
   3.2662160e+06   1.6357422e+01
   3.2663620e+06   1.7028809e+01
   3.2663850e+06   1.5380859e+01
   3.2665260e+06   1.1779785e+01
   3.2666970e+06   1.6662598e+01
   3.2669010e+06   1.3671875e+01
   3.2983940e+06   1.3488770e+01
   3.3003680e+06   1.4465332e+01
   3.3004000e+06   1.2329102e+01
   3.3305590e+06   1.7211914e+01
   3.3305940e+06   1.1840820e+01
   3.3306160e+06   1.1901855e+01
   3.3306400e+06   1.3732910e+01
   3.3306630e+06   2.6855469e+01
   3.3306730e+06   2.2033691e+01
   3.3306950e+06   1.8066406e+01
   3.3307120e+06   1.7150879e+01
   3.3307270e+06   1.3122559e+01
   3.3307500e+06   1.2939453e+01
   3.3308440e+06   1.2084961e+01
   3.3309950e+06   1.1962891e+01
   3.3310390e+06   1.2512207e+01
   3.3312000e+06   1.4038086e+01
   3.3312540e+06   1.5258789e+01
   3.3312710e+06   1.1840820e+01
   3.3313350e+06   1.3671875e+01
   3.3313660e+06   1.3244629e+01
   3.3314270e+06   2.4108887e+01
   3.3316530e+06   1.7211914e+01
   3.3316980e+06   1.2695312e+01
   3.3317740e+06   1.3488770e+01
   3.3317940e+06   1.8920898e+01
   3.3320210e+06   1.4831543e+01
   3.3465580e+06   1.3488770e+01
   3.3565970e+06   1.4587402e+01
   3.3566830e+06   1.4221191e+01
   3.3567070e+06   1.2817383e+01
   3.3567180e+06   1.7028809e+01
   3.3567300e+06   1.2878418e+01
   3.3567550e+06   2.5024414e+01
   3.3567770e+06   1.4648438e+01
   3.3567930e+06   2.1301270e+01
   3.3568210e+06   1.6052246e+01
   3.3568590e+06   1.4770508e+01
   3.3568840e+06   1.2268066e+01
   3.3569080e+06   1.1840820e+01
   3.3569600e+06   1.1901855e+01
   3.3570040e+06   1.3000488e+01
   3.3570740e+06   1.2084961e+01
   3.3572990e+06   1.3000488e+01
   3.3573430e+06   1.4099121e+01
   3.3573770e+06   1.3488770e+01
   3.3574340e+06   1.2329102e+01
   3.3574690e+06   1.4648438e+01
   3.3574940e+06   1.3732910e+01
   3.3575650e+06   1.2634277e+01
   3.3576760e+06   1.7761230e+01
   3.3577360e+06   1.1901855e+01
   3.3578880e+06   1.8310547e+01
   3.3579430e+06   1.4404297e+01
   3.3580570e+06   1.5380859e+01
   3.3601160e+06   1.3488770e+01
   3.3726760e+06   1.4160156e+01
   3.3727060e+06   1.2023926e+01
   3.3772660e+06   1.1962891e+01
   3.4234990e+06   1.5991211e+01
   3.4235460e+06   1.2512207e+01
   3.4235680e+06   2.0629883e+01
   3.4235950e+06   1.3549805e+01
   3.4236140e+06   1.3671875e+01
   3.4236290e+06   2.0690918e+01
   3.4236630e+06   1.8371582e+01
   3.4236740e+06   1.2878418e+01
   3.4236950e+06   1.5869141e+01
   3.4237450e+06   1.1901855e+01
   3.4238370e+06   1.3977051e+01
   3.4238780e+06   1.2268066e+01
   3.4240980e+06   1.2023926e+01
   3.4241380e+06   1.3732910e+01
   3.4242290e+06   1.7578125e+01
   3.4242970e+06   1.3793945e+01
   3.4243080e+06   1.4404297e+01
   3.4243620e+06   1.4038086e+01
   3.4243830e+06   1.2329102e+01
   3.4244740e+06   1.4526367e+01
   3.4245070e+06   1.1718750e+01
   3.4246040e+06   1.2817383e+01
   3.4249350e+06   1.2329102e+01
   3.4250240e+06   1.5686035e+01
   3.4252110e+06   1.3000488e+01
   3.4286900e+06   1.4160156e+01
   3.4555860e+06   1.8188477e+01
   3.4556460e+06   1.3366699e+01
   3.4556700e+06   2.3864746e+01
   3.4556900e+06   1.5686035e+01
   3.4557070e+06   2.3620605e+01
   3.4557380e+06   2.2094727e+01
   3.4557690e+06   1.6601562e+01
   3.4558040e+06   1.1962891e+01
   3.4558290e+06   1.2207031e+01
   3.4559200e+06   1.3549805e+01
   3.4560570e+06   1.3183594e+01
   3.4561580e+06   1.5258789e+01
   3.4562950e+06   1.5808105e+01
   3.4563830e+06   1.3854980e+01
   3.4564530e+06   1.2451172e+01
   3.4565950e+06   1.2268066e+01
   3.4566810e+06   1.2023926e+01
   3.4568430e+06   1.3671875e+01
   3.4573050e+06   1.3916016e+01
   3.4582830e+06   1.3671875e+01
   3.4588970e+06   1.4831543e+01
   3.4598670e+06   1.5563965e+01
   3.4603950e+06   1.4099121e+01
   3.4713100e+06   1.6967773e+01
   3.4713480e+06   1.5258789e+01
   3.4713680e+06   1.3916016e+01
   3.4713970e+06   2.0751953e+01
   3.4714240e+06   1.6662598e+01
   3.4714370e+06   2.1118164e+01
   3.4714650e+06   2.4047852e+01
   3.4715070e+06   3.2531738e+01
   3.4715330e+06   1.2695312e+01
   3.4715790e+06   1.5136719e+01
   3.4716240e+06   1.2817383e+01
   3.4716600e+06   1.2695312e+01
   3.4717090e+06   1.6235352e+01
   3.4717410e+06   1.3610840e+01
   3.4718030e+06   1.2573242e+01
   3.4718560e+06   1.2084961e+01
   3.4719230e+06   2.0080566e+01
   3.4719340e+06   1.2512207e+01
   3.4719940e+06   1.9592285e+01
   3.4720600e+06   1.1718750e+01
   3.4721700e+06   1.6540527e+01
   3.4722800e+06   1.2695312e+01
   3.4723180e+06   1.9165039e+01
   3.4724760e+06   1.2695312e+01
   3.4726800e+06   1.2268066e+01
   3.4729210e+06   1.1779785e+01
   3.4742840e+06   1.4953613e+01
   3.4754330e+06   1.4465332e+01
   3.4763320e+06   1.5625000e+01
   3.5302920e+06   1.4892578e+01
   3.5542760e+06   1.6174316e+01
   3.6017610e+06   1.7333984e+01
   3.6103630e+06   1.5380859e+01
   3.6827500e+06   1.3122559e+01
   3.6827660e+06   1.5991211e+01
   3.6828010e+06   1.2145996e+01
   3.6828330e+06   1.1718750e+01
   3.6828500e+06   1.4099121e+01
   3.6828940e+06   1.7639160e+01
   3.6829170e+06   2.4291992e+01
   3.6829620e+06   3.1555176e+01
   3.6829850e+06   1.2451172e+01
   3.6829970e+06   2.2949219e+01
   3.6830250e+06   1.9042969e+01
   3.6830490e+06   1.5563965e+01
   3.6830630e+06   1.3183594e+01
   3.6830960e+06   1.2207031e+01
   3.6831260e+06   1.8493652e+01
   3.6832510e+06   1.1901855e+01
   3.6833020e+06   1.3427734e+01
   3.6833440e+06   1.2268066e+01
   3.6834110e+06   1.3244629e+01
   3.6834450e+06   1.1718750e+01
   3.6835160e+06   1.6113281e+01
   3.6835560e+06   1.2512207e+01
   3.6835940e+06   1.4282227e+01
   3.6836360e+06   1.2756348e+01
   3.6836760e+06   1.4709473e+01
   3.6837080e+06   1.2451172e+01
   3.6837270e+06   1.6113281e+01
   3.6837540e+06   1.9226074e+01
   3.6838130e+06   1.1901855e+01
   3.6838750e+06   1.5869141e+01
   3.6839030e+06   1.5380859e+01
   3.6839550e+06   1.4282227e+01
   3.6839760e+06   1.2756348e+01
   3.6841630e+06   1.4282227e+01
   3.6847410e+06   1.3000488e+01
   3.6855990e+06   1.4587402e+01
   3.7111020e+06   1.2207031e+01
   3.8035040e+06   1.9409180e+01
   3.8038470e+06   1.2756348e+01
   3.8039590e+06   2.8808594e+01
   3.8040110e+06   1.2756348e+01
   3.8040350e+06   2.4719238e+01
   3.8040770e+06   1.4221191e+01
   3.8041020e+06   1.4038086e+01
   3.8041240e+06   2.4475098e+01
   3.8041520e+06   1.8249512e+01
   3.8041750e+06   1.4343262e+01
   3.8042040e+06   1.5991211e+01
   3.8042340e+06   1.5991211e+01
   3.8042640e+06   1.6601563e+01
   3.8042920e+06   1.4160156e+01
   3.8043280e+06   1.3183594e+01
   3.8044310e+06   1.2329102e+01
   3.8044760e+06   1.4709473e+01
   3.8045190e+06   1.2390137e+01
   3.8045660e+06   1.3122559e+01
   3.8046210e+06   1.3061523e+01
   3.8046790e+06   1.1779785e+01
   3.8047810e+06   1.4587402e+01
   3.8048500e+06   1.6662598e+01
   3.8048820e+06   1.3549805e+01
   3.8049350e+06   1.4892578e+01
   3.8049970e+06   1.3244629e+01
   3.8051030e+06   1.1840820e+01
   3.8051190e+06   1.4465332e+01
   3.8052130e+06   1.2207031e+01
   3.8052480e+06   1.3244629e+01
   3.8052970e+06   1.2207031e+01
   3.8053720e+06   1.2145996e+01
   3.8055240e+06   1.3122559e+01
   3.8055510e+06   1.8981934e+01
   3.9327750e+06   1.3366699e+01
   3.9327980e+06   1.3061523e+01
   3.9328170e+06   1.5197754e+01
   3.9328450e+06   1.7883301e+01
   3.9328570e+06   2.3498535e+01
   3.9328810e+06   1.8981934e+01
   3.9329120e+06   1.7639160e+01
   3.9329380e+06   1.5930176e+01
   3.9329630e+06   1.4648438e+01
   3.9329890e+06   1.3488770e+01
   3.9330170e+06   1.2451172e+01
   3.9330390e+06   1.2329102e+01
   3.9332220e+06   1.5075684e+01
   3.9332610e+06   1.3366699e+01
   3.9333090e+06   1.1779785e+01
   3.9333580e+06   1.7211914e+01
   3.9333930e+06   1.5502930e+01
   3.9334130e+06   1.2634277e+01
   3.9334740e+06   1.5380859e+01
   3.9335360e+06   1.9897461e+01
   3.9336200e+06   1.2145996e+01
   3.9336510e+06   1.8920898e+01
   3.9336910e+06   1.7883301e+01
   3.9337500e+06   1.5563965e+01
   3.9338170e+06   1.3244629e+01
   3.9338500e+06   1.6113281e+01
   3.9339940e+06   2.1850586e+01
   3.9340630e+06   1.3366699e+01
   3.9341260e+06   1.2451172e+01
   3.9341730e+06   1.6845703e+01
   3.9342050e+06   1.4770508e+01
   3.9343540e+06   1.4465332e+01
   3.9344610e+06   1.1779785e+01
   3.9516430e+06   1.2573242e+01
   3.9516670e+06   1.2878418e+01
   3.9517020e+06   1.7517090e+01
   3.9517340e+06   1.2390137e+01
   3.9517910e+06   1.4526367e+01
   3.9518280e+06   1.5197754e+01
   3.9518410e+06   2.6428223e+01
   3.9518810e+06   1.6357422e+01
   3.9518960e+06   1.9592285e+01
   3.9519310e+06   1.7395020e+01
   3.9519550e+06   2.0080566e+01
   3.9519780e+06   2.1911621e+01
   3.9520180e+06   2.0385742e+01
   3.9520490e+06   1.3549805e+01
   3.9520840e+06   1.4953613e+01
   3.9521170e+06   1.6479492e+01
   3.9522300e+06   1.3916016e+01
   3.9522990e+06   1.2207031e+01
   3.9523420e+06   1.3610840e+01
   3.9523930e+06   1.8676758e+01
   3.9524530e+06   1.3366699e+01
   3.9524710e+06   1.2145996e+01
   3.9525480e+06   1.4892578e+01
   3.9525750e+06   1.4160156e+01
   3.9526060e+06   1.3366699e+01
   3.9526530e+06   1.5319824e+01
   3.9526630e+06   1.6662598e+01
   3.9527570e+06   1.6967773e+01
   3.9529510e+06   1.2390137e+01
   3.9533410e+06   1.3671875e+01
   3.9842430e+06   2.0874023e+01
   3.9912290e+06   1.1901855e+01
   3.9964540e+06   1.7028809e+01
   4.0041590e+06   1.6906738e+01
   4.0062400e+06   1.8310547e+01
   4.0080300e+06   1.5502930e+01
   4.0081370e+06   1.5319824e+01
   4.0081660e+06   2.3132324e+01
   4.0081830e+06   1.7639160e+01
   4.0082030e+06   1.9531250e+01
   4.0082140e+06   1.8005371e+01
   4.0082450e+06   2.0385742e+01
   4.0082630e+06   1.5014648e+01
   4.0083010e+06   1.1901855e+01
   4.0083320e+06   1.2390137e+01
   4.0085430e+06   1.2023926e+01
   4.0085810e+06   1.2023926e+01
   4.0086470e+06   1.2390137e+01
   4.0086920e+06   1.2695312e+01
   4.0087540e+06   2.0202637e+01
   4.0088280e+06   1.7333984e+01
   4.0089450e+06   1.3061523e+01
   4.0090020e+06   1.2512207e+01
   4.0091250e+06   1.4587402e+01
   4.0091670e+06   1.5625000e+01
   4.0091940e+06   1.2512207e+01
   4.0092300e+06   1.5502930e+01
   4.0093520e+06   1.7089844e+01
   4.0093980e+06   1.5319824e+01
   4.0094760e+06   1.5380859e+01
   4.0095130e+06   1.2145996e+01
   4.0096190e+06   2.1484375e+01
   4.0097730e+06   1.4282227e+01
   4.0098200e+06   1.3732910e+01
   4.0099460e+06   1.3488770e+01
   4.0378710e+06   1.2634277e+01
   4.0421540e+06   1.1962891e+01
   4.0435980e+06   1.8249512e+01
   4.0441420e+06   1.7272949e+01
   4.0512020e+06   1.6479492e+01
   4.0517510e+06   1.4160156e+01
   4.0554050e+06   1.8188477e+01
   4.0587880e+06   1.5869141e+01
   4.0619760e+06   1.5075684e+01
   4.0675420e+06   1.4892578e+01
   4.0688930e+06   1.8066406e+01
   4.0694460e+06   1.4831543e+01
   4.0742160e+06   1.8920898e+01
   4.0775580e+06   1.7883301e+01
   4.0785870e+06   1.4099121e+01
   4.0788960e+06   1.5258789e+01
   4.0789080e+06   1.2756348e+01
   4.0789350e+06   1.3305664e+01
   4.0789650e+06   1.3610840e+01
   4.0789880e+06   2.3925781e+01
   4.0790120e+06   1.8798828e+01
   4.0790240e+06   2.0141602e+01
   4.0790480e+06   2.0874023e+01
   4.0790790e+06   1.4282227e+01
   4.0791150e+06   1.5380859e+01
   4.0791450e+06   1.6845703e+01
   4.0791770e+06   1.7761230e+01
   4.0791910e+06   1.3427734e+01
   4.0793940e+06   1.5502930e+01
   4.0795620e+06   1.2390137e+01
   4.0796260e+06   1.1718750e+01
   4.0797120e+06   1.5014648e+01
   4.0798150e+06   1.3549805e+01
   4.0798520e+06   1.2573242e+01
   4.0799640e+06   1.6235352e+01
   4.0800820e+06   1.9836426e+01
   4.0801460e+06   1.1779785e+01
   4.0804040e+06   1.1901855e+01
   4.0806240e+06   1.1840820e+01
   4.0814310e+06   1.3305664e+01
   4.0946700e+06   1.4587402e+01
   4.0954070e+06   1.4831543e+01
   4.0959520e+06   1.9042969e+01
   4.1079000e+06   1.7944336e+01
   4.1098200e+06   1.6479492e+01
   4.1213100e+06   1.7211914e+01
   4.1224520e+06   1.3305664e+01
   4.1436110e+06   1.8920898e+01
   4.1453080e+06   1.1840820e+01
   4.1483300e+06   1.7761230e+01
   4.1491270e+06   1.7150879e+01
   4.1495890e+06   1.4770508e+01
   4.1501190e+06   1.4587402e+01
   4.1592260e+06   1.8188477e+01
   4.1656890e+06   1.8005371e+01
   4.1662400e+06   1.5075684e+01
   4.1712520e+06   1.5441895e+01
   4.1714190e+06   1.1718750e+01
   4.1714420e+06   1.3305664e+01
   4.1714530e+06   1.3671875e+01
   4.1714710e+06   1.2390137e+01
   4.1715070e+06   1.9958496e+01
   4.1715370e+06   2.7038574e+01
   4.1715690e+06   1.5014648e+01
   4.1715820e+06   1.9653320e+01
   4.1716130e+06   1.7639160e+01
   4.1716270e+06   1.1901855e+01
   4.1716470e+06   1.5869141e+01
   4.1716800e+06   1.2756348e+01
   4.1717060e+06   1.4221191e+01
   4.1717160e+06   1.2939453e+01
   4.1717410e+06   1.3366699e+01
   4.1717750e+06   1.4648438e+01
   4.1718050e+06   1.5563965e+01
   4.1719220e+06   1.3671875e+01
   4.1719700e+06   1.2084961e+01
   4.1720130e+06   1.2512207e+01
   4.1721380e+06   2.2155762e+01
   4.1722040e+06   1.3061523e+01
   4.1722210e+06   1.3061523e+01
   4.1722670e+06   1.4709473e+01
   4.1723020e+06   1.1962891e+01
   4.1723550e+06   1.5075684e+01
   4.1724000e+06   1.2268066e+01
   4.1724230e+06   1.2390137e+01
   4.1724750e+06   1.2329102e+01
   4.1725420e+06   1.1962891e+01
   4.1726570e+06   1.1962891e+01
   4.1727180e+06   1.3244629e+01
   4.1727530e+06   1.2390137e+01
   4.1736310e+06   1.3061523e+01
   4.1738340e+06   1.2878418e+01
   4.1739580e+06   1.3122559e+01
   4.1918210e+06   1.8920898e+01
   4.2022360e+06   2.1728516e+01
   4.2060330e+06   1.4282227e+01
   4.2091470e+06   1.8920898e+01
   4.2193960e+06   1.7456055e+01
   4.2198700e+06   1.3916016e+01
   4.2267370e+06   1.5136719e+01
   4.2271950e+06   1.6113281e+01
   4.2277550e+06   1.6906738e+01
   4.2309610e+06   1.7456055e+01
   4.2315210e+06   1.6418457e+01
   4.2409000e+06   1.5991211e+01
   4.2521480e+06   1.6601562e+01
   4.2521900e+06   1.1718750e+01
   4.2522520e+06   1.1962891e+01
   4.2522780e+06   2.0996094e+01
   4.2523010e+06   1.3000488e+01
   4.2523300e+06   1.9104004e+01
   4.2523670e+06   2.2277832e+01
   4.2523920e+06   1.5563965e+01
   4.2524020e+06   1.8188477e+01
   4.2524540e+06   1.2573242e+01
   4.2524730e+06   1.2817383e+01
   4.2525530e+06   1.2268066e+01
   4.2525810e+06   1.3488770e+01
   4.2529470e+06   1.5625000e+01
   4.2529710e+06   1.2145996e+01
   4.2530060e+06   1.4709473e+01
   4.2530640e+06   1.4221191e+01
   4.2530990e+06   1.2145996e+01
   4.2533090e+06   1.2084961e+01
   4.2533400e+06   1.3549805e+01
   4.2533700e+06   1.3122559e+01
   4.2534910e+06   1.2329102e+01
   4.2535320e+06   1.3549805e+01
   4.2535670e+06   1.1718750e+01
   4.2537140e+06   1.2817383e+01
   4.2538290e+06   1.2390137e+01
   4.2539240e+06   1.3000488e+01
   4.2541420e+06   1.3488770e+01
   4.2544760e+06   1.2207031e+01
   4.2545630e+06   1.3183594e+01
   4.2776890e+06   1.5563965e+01
   4.2898950e+06   1.2695312e+01
   4.2899250e+06   1.1840820e+01
   4.2992260e+06   1.3854980e+01
   4.2993370e+06   1.9897461e+01
   4.2993610e+06   1.2145996e+01
   4.2993770e+06   2.3071289e+01
   4.2994130e+06   2.7526855e+01
   4.2994620e+06   1.2695313e+01
   4.2995030e+06   1.2329102e+01
   4.2996160e+06   1.4526367e+01
   4.2999150e+06   1.2756348e+01
   4.2999440e+06   1.5563965e+01
   4.2999800e+06   1.3977051e+01
   4.3000570e+06   1.2390137e+01
   4.3001450e+06   1.5686035e+01
   4.3002300e+06   1.1962891e+01
   4.3002490e+06   1.2023926e+01
   4.3002870e+06   1.2512207e+01
   4.3004340e+06   1.3244629e+01
   4.3005520e+06   1.1840820e+01
   4.3006690e+06   1.2023926e+01
   4.3008060e+06   1.4404297e+01
   4.3010250e+06   1.2390137e+01
   4.3015320e+06   1.3977051e+01
   4.3207370e+06   1.3122559e+01
   4.3304400e+06   1.8127441e+01
   4.3417780e+06   1.6540527e+01
   4.3493810e+06   1.8432617e+01
   4.3577630e+06   1.8371582e+01
   4.3662820e+06   1.8066406e+01
   4.3712950e+06   1.7211914e+01
   4.4099010e+06   1.8188477e+01
   4.4408080e+06   1.8066406e+01
   4.4412780e+06   1.5686035e+01
   4.4412890e+06   1.6784668e+01
   4.4413460e+06   1.2939453e+01
   4.4413780e+06   1.6540527e+01
   4.4414050e+06   2.0874023e+01
   4.4414260e+06   1.9958496e+01
   4.4414450e+06   1.3549805e+01
   4.4414710e+06   2.4536133e+01
   4.4414820e+06   1.6113281e+01
   4.4415090e+06   1.6906738e+01
   4.4415300e+06   1.1718750e+01
   4.4415460e+06   1.6967773e+01
   4.4415780e+06   1.3732910e+01
   4.4417430e+06   1.2451172e+01
   4.4418610e+06   1.2390137e+01
   4.4420140e+06   1.3610840e+01
   4.4420850e+06   1.8737793e+01
   4.4421290e+06   1.2756348e+01
   4.4421640e+06   1.2023926e+01
   4.4422130e+06   1.5136719e+01
   4.4422430e+06   1.4648438e+01
   4.4422740e+06   1.6113281e+01
   4.4423570e+06   1.2695312e+01
   4.4424360e+06   1.4099121e+01
   4.4424670e+06   1.2939453e+01
   4.4425170e+06   1.7822266e+01
   4.4425890e+06   1.4587402e+01
   4.4426370e+06   1.1840820e+01
   4.4426840e+06   1.2939453e+01
   4.4427080e+06   1.2573242e+01
   4.4437560e+06   1.2756348e+01
   4.4699360e+06   1.3732910e+01
   4.4848950e+06   1.6479492e+01
   4.5075170e+06   1.5563965e+01
   4.5273020e+06   1.5258789e+01
   4.5676170e+06   1.8371582e+01
   4.5734940e+06   1.8859863e+01
   4.5739190e+06   1.5808105e+01
   4.6039110e+06   1.5441895e+01
   4.6471630e+06   1.4892578e+01
   4.6481130e+06   1.1962891e+01
   4.6481980e+06   1.7272949e+01
   4.6482310e+06   1.3916016e+01
   4.6482920e+06   1.3977051e+01
   4.6483460e+06   1.4343262e+01
   4.6483690e+06   1.2023926e+01
   4.6483900e+06   1.2451172e+01
   4.6484130e+06   1.4892578e+01
   4.6484410e+06   1.4831543e+01
   4.6484510e+06   2.7221680e+01
   4.6484990e+06   2.0446777e+01
   4.6485170e+06   1.4343262e+01
   4.6485500e+06   2.1667480e+01
   4.6485860e+06   1.6052246e+01
   4.6486280e+06   1.9165039e+01
   4.6486600e+06   1.6906738e+01
   4.6486900e+06   1.4709473e+01
   4.6487240e+06   1.7089844e+01
   4.6487640e+06   1.3977051e+01
   4.6488230e+06   1.5014648e+01
   4.6488420e+06   1.1962891e+01
   4.6489040e+06   1.1718750e+01
   4.6489370e+06   1.7333984e+01
   4.6489640e+06   1.6052246e+01
   4.6489830e+06   1.3671875e+01
   4.6490580e+06   1.3122559e+01
   4.6490960e+06   1.1962891e+01
   4.6491080e+06   1.6418457e+01
   4.6491400e+06   1.6540527e+01
   4.6492790e+06   1.2145996e+01
   4.6494050e+06   1.3854980e+01
   4.6494160e+06   1.1840820e+01
   4.6494540e+06   1.4709473e+01
   4.6495030e+06   1.3427734e+01
   4.6495250e+06   1.2084961e+01
   4.6495970e+06   1.2390137e+01
   4.6496310e+06   2.0446777e+01
   4.6497180e+06   1.3061523e+01
   4.6497480e+06   1.2145996e+01
   4.6897800e+06   1.1962891e+01
   4.7018410e+06   1.2084961e+01
   4.7146450e+06   1.2695313e+01
   4.7146650e+06   1.3610840e+01
   4.7146960e+06   1.3671875e+01
   4.7147120e+06   1.5136719e+01
   4.7147460e+06   1.9775391e+01
   4.7147580e+06   3.0273438e+01
   4.7147810e+06   1.5563965e+01
   4.7147920e+06   2.1179199e+01
   4.7148160e+06   1.2451172e+01
   4.7148400e+06   1.7272949e+01
   4.7149770e+06   1.3793945e+01
   4.7151460e+06   1.3183594e+01
   4.7152410e+06   1.2329102e+01
   4.7153550e+06   1.4831543e+01
   4.7154990e+06   1.1779785e+01
   4.7155340e+06   2.0935059e+01
   4.7155520e+06   1.3732910e+01
   4.7156210e+06   1.4343262e+01
   4.7156550e+06   1.2878418e+01
   4.7157500e+06   1.1901855e+01
   4.7157780e+06   1.2512207e+01
   4.7158280e+06   1.4953613e+01
   4.7158790e+06   1.1901855e+01
   4.7159990e+06   1.2451172e+01
   4.7161790e+06   1.2207031e+01
   4.7164500e+06   1.5258789e+01
   4.7283340e+06   1.2390137e+01
   4.7283630e+06   1.2756348e+01
   4.7284920e+06   1.2023926e+01
   4.7285180e+06   1.5686035e+01
   4.7285720e+06   1.2268066e+01
   4.7285960e+06   1.3732910e+01
   4.7286150e+06   2.1667480e+01
   4.7286420e+06   1.1840820e+01
   4.7286750e+06   2.6184082e+01
   4.7286980e+06   2.7526855e+01
   4.7287210e+06   1.2268066e+01
   4.7287470e+06   1.6723633e+01
   4.7287700e+06   2.2460938e+01
   4.7288090e+06   1.3732910e+01
   4.7288220e+06   1.6540527e+01
   4.7288600e+06   1.4343262e+01
   4.7288850e+06   1.5869141e+01
   4.7289210e+06   1.2512207e+01
   4.7289430e+06   1.6540527e+01
   4.7289650e+06   1.2207031e+01
   4.7291620e+06   1.2878418e+01
   4.7291770e+06   1.2268066e+01
   4.7292150e+06   1.6357422e+01
   4.7292880e+06   1.2939453e+01
   4.7293440e+06   1.3488770e+01
   4.7293830e+06   1.2268066e+01
   4.7294320e+06   1.1718750e+01
   4.7295230e+06   1.3916016e+01
   4.7295640e+06   1.4526367e+01
   4.7296890e+06   1.4282227e+01
   4.7297520e+06   1.1779785e+01
   4.7299800e+06   1.2145996e+01
   4.7301150e+06   1.4038086e+01
   4.7303680e+06   1.3183594e+01
   4.7499160e+06   1.4282227e+01
   4.7913760e+06   1.5075684e+01
   4.7914050e+06   1.4831543e+01
   4.7914680e+06   1.5014648e+01
   4.7915070e+06   1.7883301e+01
   4.7915180e+06   2.6184082e+01
   4.7915610e+06   2.0935059e+01
   4.7915800e+06   1.1779785e+01
   4.7916100e+06   1.4343262e+01
   4.7916320e+06   2.0263672e+01
   4.7917240e+06   1.1718750e+01
   4.7918550e+06   1.2451172e+01
   4.7919800e+06   1.1779785e+01
   4.7920330e+06   1.3916016e+01
   4.7920910e+06   1.7456055e+01
   4.7921450e+06   1.3916016e+01
   4.7921560e+06   1.2634277e+01
   4.7922250e+06   1.2573242e+01
   4.7922350e+06   1.3549805e+01
   4.7922920e+06   1.3305664e+01
   4.7923700e+06   1.5136719e+01
   4.7923900e+06   1.2084961e+01
   4.7924840e+06   1.7639160e+01
   4.7925110e+06   1.4648438e+01
   4.7928620e+06   1.2207031e+01
   4.7931440e+06   1.1901855e+01
   4.7933740e+06   1.4160156e+01
   4.8193340e+06   1.7761230e+01
   4.8405710e+06   1.5808105e+01
   4.8406210e+06   1.2512207e+01
   4.8406730e+06   1.7395020e+01
   4.8407020e+06   1.1718750e+01
   4.8407260e+06   2.0812988e+01
   4.8407360e+06   1.9104004e+01
   4.8407660e+06   2.1484375e+01
   4.8407760e+06   1.4404297e+01
   4.8408020e+06   1.2268066e+01
   4.8408310e+06   1.2451172e+01
   4.8408620e+06   1.5197754e+01
   4.8409400e+06   1.3183594e+01
   4.8409760e+06   1.4770508e+01
   4.8410480e+06   1.3122559e+01
   4.8412030e+06   1.3305664e+01
   4.8412360e+06   1.3549805e+01
   4.8413520e+06   1.3732910e+01
   4.8414340e+06   1.8798828e+01
   4.8415130e+06   1.3488770e+01
   4.8415920e+06   1.2145996e+01
   4.8416610e+06   1.2695312e+01
   4.8416760e+06   1.3122559e+01
   4.8417820e+06   1.5747070e+01
   4.8418080e+06   1.2512207e+01
   4.8418940e+06   1.3061523e+01
   4.8419710e+06   1.3183594e+01
   4.8420560e+06   1.1779785e+01
   4.8422070e+06   1.4587402e+01
   4.8427360e+06   1.1962891e+01
   4.8428650e+06   1.3854980e+01
   4.8828470e+06   1.6235352e+01
   4.8832520e+06   1.4099121e+01
   4.8833030e+06   1.3122559e+01
   4.8833290e+06   1.2145996e+01
   4.8833640e+06   1.6357422e+01
   4.8834030e+06   1.9775391e+01
   4.8834360e+06   1.2207031e+01
   4.8834460e+06   2.6123047e+01
   4.8834760e+06   1.2145996e+01
   4.8834860e+06   1.2390137e+01
   4.8835080e+06   1.3854980e+01
   4.8836250e+06   1.3000488e+01
   4.8838490e+06   1.3427734e+01
   4.8839030e+06   1.2939453e+01
   4.8839400e+06   1.1718750e+01
   4.8840130e+06   1.1962891e+01
   4.8840450e+06   1.3793945e+01
   4.8841110e+06   1.7150879e+01
   4.8841670e+06   1.2878418e+01
   4.8841940e+06   1.4038086e+01
   4.8842570e+06   1.6601563e+01
   4.8843730e+06   1.5991211e+01
   4.8844040e+06   1.3732910e+01
   4.8844870e+06   1.5136719e+01
   4.8846140e+06   1.2878418e+01
   4.8846770e+06   1.3366699e+01
   4.8847990e+06   1.2145996e+01
   4.8849740e+06   1.2756348e+01
   4.8851760e+06   1.2207031e+01
   4.8852250e+06   1.2084961e+01
   4.9297120e+06   1.2756348e+01
   4.9438130e+06   1.5625000e+01
   4.9747840e+06   1.1901855e+01
   5.0036500e+06   1.2451172e+01
   5.0036990e+06   1.2512207e+01
   5.0037090e+06   1.7272949e+01
   5.0037430e+06   2.4414062e+01
   5.0037590e+06   1.7517090e+01
   5.0037800e+06   1.8371582e+01
   5.0038090e+06   2.2583008e+01
   5.0038390e+06   1.4892578e+01
   5.0039750e+06   1.2695313e+01
   5.0041540e+06   1.4526367e+01
   5.0042040e+06   1.6113281e+01
   5.0042500e+06   1.3061523e+01
   5.0042680e+06   1.2573242e+01
   5.0043060e+06   1.5563965e+01
   5.0043410e+06   1.3427734e+01
   5.0043690e+06   1.3671875e+01
   5.0043860e+06   1.1840820e+01
   5.0044370e+06   1.7700195e+01
   5.0044730e+06   1.1962891e+01
   5.0045400e+06   1.3183594e+01
   5.0045670e+06   1.2695312e+01
   5.0046480e+06   1.2695312e+01
   5.0046800e+06   1.7761230e+01
   5.0047330e+06   1.3488770e+01
   5.0047660e+06   1.5747070e+01
   5.0048160e+06   1.5625000e+01
   5.0048740e+06   1.2878418e+01
   5.0049230e+06   1.8249512e+01
   5.0050040e+06   1.2268066e+01
   5.0051100e+06   1.4587402e+01
   5.0052640e+06   1.6723633e+01
   5.0054590e+06   1.3244629e+01
   5.0587380e+06   1.1779785e+01
   5.0630090e+06   1.7456055e+01
   5.0799920e+06   1.1779785e+01
   5.0837190e+06   1.5197754e+01
   5.1008060e+06   1.4404297e+01
   5.1008550e+06   1.7761230e+01
   5.1008700e+06   2.4902344e+01
   5.1008930e+06   2.4902344e+01
   5.1009230e+06   2.2460938e+01
   5.1009480e+06   1.2390137e+01
   5.1009950e+06   1.2084961e+01
   5.1010540e+06   1.4709473e+01
   5.1010700e+06   1.3488770e+01
   5.1012040e+06   1.2268066e+01
   5.1012210e+06   1.2451172e+01
   5.1012600e+06   1.2207031e+01
   5.1013240e+06   1.1962891e+01
   5.1013610e+06   1.2939453e+01
   5.1014270e+06   1.4648438e+01
   5.1015610e+06   1.4282227e+01
   5.1016110e+06   1.8737793e+01
   5.1017610e+06   1.7883301e+01
   5.1018360e+06   1.2756348e+01
   5.1018790e+06   1.3122559e+01
   5.1019320e+06   1.2451172e+01
   5.1019820e+06   1.4099121e+01
   5.1020480e+06   1.2207031e+01
   5.1021740e+06   1.2207031e+01
   5.1025830e+06   1.3366699e+01
   5.1032380e+06   1.3549805e+01
   5.1404670e+06   1.2573242e+01
   5.1404920e+06   1.3427734e+01
   5.1405210e+06   1.2512207e+01
   5.1405470e+06   1.4526367e+01
   5.1405630e+06   1.2023926e+01
   5.1405800e+06   1.9226074e+01
   5.1405910e+06   2.2644043e+01
   5.1406150e+06   1.5014648e+01
   5.1406490e+06   1.5319824e+01
   5.1406820e+06   1.4892578e+01
   5.1407580e+06   1.1962891e+01
   5.1409590e+06   1.2573242e+01
   5.1410540e+06   1.6662598e+01
   5.1411170e+06   1.2145996e+01
   5.1411280e+06   1.2695313e+01
   5.1411850e+06   1.6052246e+01
   5.1412040e+06   1.2207031e+01
   5.1412440e+06   1.5625000e+01
   5.1413420e+06   1.5441895e+01
   5.1414410e+06   1.7395020e+01
   5.1415050e+06   1.3244629e+01
   5.1415660e+06   1.5930176e+01
   5.1416320e+06   2.3803711e+01
   5.1416470e+06   1.4221191e+01
   5.1417630e+06   1.3854980e+01
   5.1418620e+06   1.3793945e+01
   5.1419520e+06   1.1718750e+01
   5.1855090e+06   1.3793945e+01
   5.1855390e+06   1.1901855e+01
   5.1876630e+06   1.3916016e+01
   5.2083070e+06   1.3061523e+01
   5.2436590e+06   1.8432617e+01
   5.2565130e+06   1.4160156e+01
   5.2589380e+06   1.4770508e+01
   5.2591020e+06   1.1718750e+01
   5.2591240e+06   1.4038086e+01
   5.2591720e+06   1.8310547e+01
   5.2592310e+06   1.4221191e+01
   5.2592780e+06   1.3671875e+01
   5.2593190e+06   2.5451660e+01
   5.2593550e+06   1.7700195e+01
   5.2593960e+06   1.5380859e+01
   5.2594260e+06   1.4526367e+01
   5.2594700e+06   1.2207031e+01
   5.2595260e+06   1.1962891e+01
   5.2595490e+06   1.1840820e+01
   5.2596600e+06   1.4831543e+01
   5.2597390e+06   1.2756348e+01
   5.2597840e+06   1.5747070e+01
   5.2598350e+06   1.3000488e+01
   5.2598940e+06   1.7150879e+01
   5.2599690e+06   1.2207031e+01
   5.2599840e+06   1.2939453e+01
   5.2600090e+06   1.2695312e+01
   5.2600440e+06   1.2695312e+01
   5.2600970e+06   1.3366699e+01
   5.2601940e+06   1.2695312e+01
   5.2602400e+06   1.5197754e+01
   5.2602940e+06   1.3244629e+01
   5.2603400e+06   1.3061523e+01
   5.2604540e+06   1.2390137e+01
   5.2604800e+06   1.4282227e+01
   5.2606680e+06   1.3488770e+01
   5.2607890e+06   1.3549805e+01
   5.2608180e+06   1.2939453e+01
   5.2610270e+06   1.3671875e+01
   5.2838970e+06   1.1718750e+01
   5.3207120e+06   1.2023926e+01
   5.3233360e+06   1.2939453e+01
   5.3486530e+06   1.4160156e+01
   5.3487770e+06   1.1840820e+01
   5.3488600e+06   1.1840820e+01
   5.3488840e+06   1.8859863e+01
   5.3489740e+06   1.4526367e+01
   5.3490250e+06   2.1850586e+01
   5.3490510e+06   2.2644043e+01
   5.3490640e+06   1.5319824e+01
   5.3490990e+06   2.3193359e+01
   5.3491260e+06   1.7150879e+01
   5.3491400e+06   2.0629883e+01
   5.3491830e+06   1.8615723e+01
   5.3492120e+06   1.3122559e+01
   5.3492430e+06   1.4160156e+01
   5.3492780e+06   1.2023926e+01
   5.3493050e+06   1.2451172e+01
   5.3493590e+06   1.3916016e+01
   5.3495910e+06   1.2390137e+01
   5.3497160e+06   1.3854980e+01
   5.3497810e+06   1.7272949e+01
   5.3498120e+06   1.6906738e+01
   5.3498520e+06   1.2695312e+01
   5.3499550e+06   1.5563965e+01
   5.3499780e+06   1.1718750e+01
   5.3500850e+06   1.2573242e+01
   5.3500980e+06   1.3854980e+01
   5.3501710e+06   1.2756348e+01
   5.3503320e+06   1.1779785e+01
   5.3692340e+06   1.2878418e+01
   5.3692800e+06   1.2207031e+01
   5.3934310e+06   1.4770508e+01
   5.3945310e+06   1.7944336e+01
   5.3992580e+06   1.2634277e+01
   5.3992870e+06   1.1779785e+01
   5.4066150e+06   1.6052246e+01
   5.4066600e+06   1.6418457e+01
   5.4067440e+06   1.7822266e+01
   5.4067790e+06   1.5991211e+01
   5.4067910e+06   1.6784668e+01
   5.4068280e+06   2.0446777e+01
   5.4068400e+06   2.5451660e+01
   5.4068630e+06   1.6113281e+01
   5.4068780e+06   1.5563965e+01
   5.4068900e+06   1.9409180e+01
   5.4069180e+06   1.7517090e+01
   5.4069450e+06   1.9714355e+01
   5.4069740e+06   1.8493652e+01
   5.4069910e+06   1.3732910e+01
   5.4070700e+06   1.6723633e+01
   5.4071020e+06   1.5014648e+01
   5.4072650e+06   1.4038086e+01
   5.4073170e+06   1.2390137e+01
   5.4073710e+06   1.5136719e+01
   5.4074960e+06   1.2634277e+01
   5.4075120e+06   1.5197754e+01
   5.4075880e+06   2.4963379e+01
   5.4076280e+06   1.4892578e+01
   5.4076650e+06   1.8005371e+01
   5.4076980e+06   1.3793945e+01
   5.4077840e+06   1.2756348e+01
   5.4078100e+06   1.4343262e+01
   5.4079630e+06   1.6967773e+01
   5.4087550e+06   1.3793945e+01
   5.4849780e+06   1.4526367e+01
   5.5160870e+06   1.2268066e+01
   5.5320660e+06   1.7883301e+01
   5.5832010e+06   1.5563965e+01
   5.5868700e+06   1.3488770e+01
   5.5868940e+06   1.2512207e+01
   5.5869200e+06   1.1718750e+01
   5.5869460e+06   1.3488770e+01
   5.5869800e+06   1.2207031e+01
   5.5869940e+06   1.9653320e+01
   5.5870260e+06   2.6062012e+01
   5.5870380e+06   1.2878418e+01
   5.5870610e+06   2.0141602e+01
   5.5870900e+06   1.3366699e+01
   5.5871090e+06   1.2756348e+01
   5.5871330e+06   1.2878418e+01
   5.5871460e+06   1.6540527e+01
   5.5871970e+06   1.1840820e+01
   5.5872290e+06   1.3610840e+01
   5.5872900e+06   1.3610840e+01
   5.5874100e+06   1.3122559e+01
   5.5874420e+06   1.2084961e+01
   5.5875480e+06   1.2695313e+01
   5.5875920e+06   1.1962891e+01
   5.5876300e+06   1.2817383e+01
   5.5876520e+06   1.5136719e+01
   5.5876970e+06   1.3732910e+01
   5.5877270e+06   1.3305664e+01
   5.5877620e+06   1.3793945e+01
   5.5877770e+06   2.2277832e+01
   5.5878440e+06   1.1901855e+01
   5.5878590e+06   1.3244629e+01
   5.5878750e+06   1.2084961e+01
   5.5879580e+06   1.8432617e+01
   5.5879890e+06   1.3977051e+01
   5.5880090e+06   1.3305664e+01
   5.5880580e+06   1.6113281e+01
   5.5880930e+06   1.6113281e+01
   5.5881370e+06   1.4099121e+01
   5.5881620e+06   1.5441895e+01
   5.5882170e+06   1.3061523e+01
   5.5882420e+06   1.1901855e+01
   5.5883120e+06   1.3305664e+01
   5.5883840e+06   1.3488770e+01
   5.5884020e+06   1.4343262e+01
   5.5884950e+06   1.5869141e+01
   5.5887740e+06   1.5136719e+01
   5.6194460e+06   1.5625000e+01
   5.6226940e+06   1.5258789e+01
   5.6607160e+06   1.2817383e+01
   5.6640940e+06   1.3305664e+01
   5.6743430e+06   1.3549805e+01
   5.6744190e+06   1.6784668e+01
   5.6745480e+06   1.6662598e+01
   5.6746100e+06   1.8249512e+01
   5.6746390e+06   1.5869141e+01
   5.6746640e+06   1.4221191e+01
   5.6746790e+06   2.6977539e+01
   5.6747090e+06   1.6174316e+01
   5.6747200e+06   1.7578125e+01
   5.6747550e+06   1.2145996e+01
   5.6748030e+06   1.4587402e+01
   5.6748720e+06   1.2512207e+01
   5.6750960e+06   1.1962891e+01
   5.6751380e+06   1.1901855e+01
   5.6751850e+06   1.5136719e+01
   5.6752410e+06   1.4343262e+01
   5.6752820e+06   1.2207031e+01
   5.6753040e+06   1.3366699e+01
   5.6753460e+06   1.3793945e+01
   5.6753760e+06   1.2939453e+01
   5.6754440e+06   1.4465332e+01
   5.6754630e+06   1.2695312e+01
   5.6756020e+06   1.5563965e+01
   5.6756210e+06   1.6235352e+01
   5.6756650e+06   1.3366699e+01
   5.6762360e+06   1.3488770e+01
   5.6945650e+06   1.7456055e+01
   5.6954900e+06   1.6967773e+01
   5.7086280e+06   1.2145996e+01
   5.7196510e+06   1.2573242e+01
   5.7298360e+06   1.1779785e+01
   5.7336440e+06   1.6296387e+01
   5.7576000e+06   1.4587402e+01
   5.7679960e+06   1.4648438e+01
   5.7681570e+06   1.2145996e+01
   5.7681860e+06   1.5014648e+01
   5.7682380e+06   2.2705078e+01
   5.7682590e+06   2.2277832e+01
   5.7682770e+06   1.2390137e+01
   5.7683030e+06   2.3925781e+01
   5.7683130e+06   1.2145996e+01
   5.7683500e+06   1.9653320e+01
   5.7684160e+06   1.2145996e+01
   5.7684370e+06   1.2817383e+01
   5.7684690e+06   1.6967773e+01
   5.7685220e+06   1.6296387e+01
   5.7686390e+06   1.3122559e+01
   5.7688260e+06   1.2512207e+01
   5.7688840e+06   1.2329102e+01
   5.7689020e+06   1.1718750e+01
   5.7689460e+06   2.3010254e+01
   5.7689850e+06   1.1901855e+01
   5.7690110e+06   1.4282227e+01
   5.7690290e+06   1.2207031e+01
   5.7690470e+06   1.2390137e+01
   5.7690900e+06   1.1718750e+01
   5.7691290e+06   1.3000488e+01
   5.7691720e+06   1.4160156e+01
   5.7691910e+06   2.1362305e+01
   5.7692270e+06   1.4648438e+01
   5.7692770e+06   1.3610840e+01
   5.7693050e+06   1.3305664e+01
   5.7693340e+06   1.3000488e+01
   5.7694430e+06   1.3488770e+01
   5.7694640e+06   1.4831543e+01
   5.7694840e+06   1.1901855e+01
   5.7695770e+06   1.1779785e+01
   5.7697050e+06   1.2023926e+01
   5.7698230e+06   1.2268066e+01
   5.7701670e+06   1.2023926e+01
   5.7782490e+06   1.2451172e+01
   5.8123260e+06   1.4953613e+01
   5.8123790e+06   1.1901855e+01
   5.8124490e+06   1.8798828e+01
   5.8124680e+06   1.2145996e+01
   5.8124850e+06   2.2338867e+01
   5.8125140e+06   1.2756348e+01
   5.8125300e+06   1.3122559e+01
   5.8125730e+06   1.5747070e+01
   5.8125850e+06   1.3000488e+01
   5.8126160e+06   1.2084961e+01
   5.8127890e+06   1.2268066e+01
   5.8129030e+06   1.3305664e+01
   5.8131140e+06   1.7395020e+01
   5.8131600e+06   1.4099121e+01
   5.8131860e+06   1.8249512e+01
   5.8132050e+06   1.1962891e+01
   5.8132440e+06   1.3610840e+01
   5.8132710e+06   1.1840820e+01
   5.8133370e+06   1.3793945e+01
   5.8134300e+06   1.4343262e+01
   5.8134700e+06   1.2207031e+01
   5.8135220e+06   2.2705078e+01
   5.8136030e+06   1.2756348e+01
   5.8136800e+06   1.1962891e+01
   5.8138060e+06   1.2573242e+01
   5.8138960e+06   1.1840820e+01
   5.8142510e+06   1.2329102e+01
   5.8542530e+06   1.2756348e+01
   5.8578770e+06   1.4465332e+01
   5.8580300e+06   1.4770508e+01
   5.8580520e+06   2.6489258e+01
   5.8580770e+06   1.1718750e+01
   5.8581080e+06   3.1433105e+01
   5.8581190e+06   1.2573242e+01
   5.8581530e+06   2.2033691e+01
   5.8581830e+06   1.7211914e+01
   5.8582010e+06   1.2512207e+01
   5.8582580e+06   1.2023926e+01
   5.8582740e+06   1.2451172e+01
   5.8585500e+06   1.3916016e+01
   5.8586030e+06   1.2878418e+01
   5.8586550e+06   1.4099121e+01
   5.8587150e+06   1.7944336e+01
   5.8587930e+06   1.2634277e+01
   5.8588310e+06   1.3549805e+01
   5.8588440e+06   1.4282227e+01
   5.8589350e+06   1.1962891e+01
   5.8589580e+06   1.3916016e+01
   5.8590780e+06   1.5319824e+01
   5.8591730e+06   1.3977051e+01
   5.8596260e+06   1.3366699e+01
   5.8854660e+06   1.1901855e+01
   5.8854990e+06   1.1901855e+01
   5.9264370e+06   1.2084961e+01
   5.9483710e+06   1.1962891e+01
   5.9924700e+06   1.2329102e+01
