   5.9990000e+06   0.0000000e+00
   3.5960000e+03   1.5014648e+01
   3.7690000e+03   1.1840820e+01
   4.5620000e+03   1.2145996e+01
   1.8327000e+04   1.1779785e+01
   1.9323000e+04   1.6540527e+01
   1.9833000e+04   1.2817383e+01
   4.0776000e+04   1.3122559e+01
   4.2750000e+04   1.1840820e+01
   4.2879000e+04   1.1901855e+01
   4.3005000e+04   1.3305664e+01
   4.3253000e+04   1.3183594e+01
   4.3362000e+04   1.2817383e+01
   5.6170000e+04   1.3122559e+01
   5.6376000e+04   1.5747070e+01
   5.6523000e+04   1.1596680e+01
   5.6711000e+04   1.1596680e+01
   6.9151000e+04   1.4038086e+01
   8.3307000e+04   1.5502930e+01
   8.3480000e+04   1.4099121e+01
   8.3792000e+04   1.3610840e+01
   9.4754000e+04   1.1413574e+01
   9.4948000e+04   1.2023926e+01
   9.5368000e+04   1.3122559e+01
   1.0553400e+05   1.2512207e+01
   1.0594700e+05   1.1474609e+01
   1.1698900e+05   1.2634277e+01
   1.1711800e+05   1.1901855e+01
   1.1722800e+05   1.2390137e+01
   1.1730300e+05   1.2268066e+01
   1.1738000e+05   1.3671875e+01
   1.1761400e+05   1.1657715e+01
   1.1786200e+05   1.3061523e+01
   1.1787400e+05   1.4404297e+01
   1.1971100e+05   1.1840820e+01
   1.3622400e+05   1.3061523e+01
   1.4087200e+05   1.1840820e+01
   1.4579400e+05   1.1535645e+01
   1.4605200e+05   1.5258789e+01
   1.4651200e+05   1.3122559e+01
   1.5724000e+05   1.1718750e+01
   1.6017800e+05   1.5258789e+01
   1.6032300e+05   1.1535645e+01
   1.6059500e+05   1.3305664e+01
   1.6147800e+05   1.1474609e+01
   1.6161900e+05   1.3488770e+01
   1.6175900e+05   1.4160156e+01
   1.6187800e+05   1.2939453e+01
   1.7933800e+05   1.1535645e+01
   1.8556300e+05   1.2084961e+01
   1.8608400e+05   1.4221191e+01
   1.8621800e+05   1.4587402e+01
   1.8651000e+05   1.1474609e+01
   2.0019600e+05   1.4404297e+01
   2.0023900e+05   1.2939453e+01
   2.0043100e+05   1.1779785e+01
   2.0050300e+05   1.1413574e+01
   2.0056000e+05   1.6906738e+01
   2.0061700e+05   1.1840820e+01
   2.0069400e+05   1.2817383e+01
   2.1356900e+05   1.1840820e+01
   2.1787100e+05   1.1596680e+01
   2.1965800e+05   1.2145996e+01
   2.1980400e+05   1.2329102e+01
   2.2005800e+05   1.3305664e+01
   2.2626000e+05   1.1474609e+01
   2.2828700e+05   1.5136719e+01
   2.3352400e+05   1.2573242e+01
   2.3569100e+05   1.1840820e+01
   2.3631600e+05   1.3549805e+01
   2.3648000e+05   1.2756348e+01
   2.3664800e+05   1.1535645e+01
   2.3681900e+05   1.2390137e+01
   2.3682900e+05   1.2756348e+01
   2.3697700e+05   1.1779785e+01
   2.5062000e+05   1.3305664e+01
   2.5520900e+05   1.1840820e+01
   2.5668600e+05   1.1901855e+01
   2.5853000e+05   1.2512207e+01
   2.5913900e+05   1.3488770e+01
   2.5921700e+05   1.4038086e+01
   2.5935800e+05   1.4465332e+01
   2.5944400e+05   1.2695312e+01
   2.5968200e+05   1.5014648e+01
   2.5979900e+05   1.2695312e+01
   2.7340600e+05   1.1596680e+01
   2.7991700e+05   1.8310547e+01
   2.8039500e+05   1.4465332e+01
   2.9291500e+05   1.4526367e+01
   2.9735200e+05   1.3916016e+01
   2.9786600e+05   1.4038086e+01
   2.9792800e+05   1.1596680e+01
   2.9806100e+05   1.2573242e+01
   2.9810800e+05   1.1474609e+01
   2.9853400e+05   1.2329102e+01
   3.1289300e+05   1.4587402e+01
   3.1382300e+05   1.3977051e+01
   3.1439000e+05   1.1657715e+01
   3.1446200e+05   1.4770508e+01
   3.1452400e+05   1.1596680e+01
   3.1472100e+05   1.1901855e+01
   3.1495800e+05   1.1718750e+01
   3.1588000e+05   1.1657715e+01
   3.2332800e+05   1.2878418e+01
   3.2813400e+05   1.3916016e+01
   3.2907300e+05   1.1413574e+01
   3.3181500e+05   1.4221191e+01
   3.3264600e+05   1.4892578e+01
   3.3517900e+05   1.1840820e+01
   3.3706800e+05   1.3061523e+01
   3.3717100e+05   1.8249512e+01
   3.3721900e+05   1.1535645e+01
   3.3738600e+05   1.1596680e+01
   3.3743100e+05   1.1596680e+01
   3.3758100e+05   1.1535645e+01
   3.5189700e+05   1.1962891e+01
   3.5202400e+05   1.2451172e+01
   3.5205700e+05   1.3061523e+01
   3.5222700e+05   1.3061523e+01
   3.5235500e+05   1.2451172e+01
   3.5243000e+05   1.1535645e+01
   3.5254800e+05   1.2268066e+01
   3.5269000e+05   1.2451172e+01
   3.5398200e+05   1.1901855e+01
   3.6540900e+05   1.2817383e+01
   3.6728100e+05   1.1962891e+01
   3.6756000e+05   1.4831543e+01
   3.6758600e+05   1.3122559e+01
   3.6769800e+05   1.8127441e+01
   3.6799400e+05   1.1840820e+01
   3.8334600e+05   1.3244629e+01
   3.8564900e+05   1.5380859e+01
   3.8570000e+05   1.1962891e+01
   3.8579700e+05   1.3122559e+01
   3.8582000e+05   1.1718750e+01
   3.8607600e+05   1.1657715e+01
   3.9989600e+05   1.1474609e+01
   4.0000600e+05   1.3732910e+01
   4.0003600e+05   1.1901855e+01
   4.0008700e+05   1.1474609e+01
   4.0012600e+05   1.1657715e+01
   4.1235100e+05   1.2329102e+01
   4.1375400e+05   1.3000488e+01
   4.1385900e+05   1.1596680e+01
   4.1394600e+05   1.2573242e+01
   4.1397300e+05   1.1413574e+01
   4.2387600e+05   1.5441895e+01
   4.2565800e+05   1.2268066e+01
   4.2918400e+05   1.1535645e+01
   4.2990800e+05   1.2084961e+01
   4.2994500e+05   1.5869141e+01
   4.3005300e+05   1.1596680e+01
   4.3007300e+05   1.2939453e+01
   4.3030600e+05   1.2023926e+01
   4.3036500e+05   1.2268066e+01
   4.4284600e+05   1.1657715e+01
   4.4359400e+05   1.2268066e+01
   4.4397900e+05   1.2084961e+01
   4.4412400e+05   1.5441895e+01
   4.4416800e+05   1.1718750e+01
   4.5323300e+05   1.2268066e+01
   4.5572900e+05   1.2756348e+01
   4.5907100e+05   1.3061523e+01
   4.6312000e+05   1.3549805e+01
   4.6341600e+05   1.2451172e+01
   4.6362100e+05   1.2451172e+01
   4.6368500e+05   1.3854980e+01
   4.7347300e+05   1.2207031e+01
   4.7682100e+05   1.1718750e+01
   4.7905500e+05   1.3427734e+01
   4.8024200e+05   1.1962891e+01
   4.8132100e+05   1.4404297e+01
   4.8316600e+05   1.4221191e+01
   4.8447600e+05   1.2023926e+01
   4.8473900e+05   1.1596680e+01
   4.8480400e+05   1.4648438e+01
   4.8486600e+05   1.4099121e+01
   4.8492800e+05   1.1596680e+01
   4.8502200e+05   1.2451172e+01
   4.8512200e+05   1.3732910e+01
   4.9478200e+05   1.1718750e+01
   4.9803200e+05   1.2329102e+01
   4.9998500e+05   1.3549805e+01
   5.0172500e+05   1.2878418e+01
   5.0210100e+05   1.1474609e+01
   5.0214800e+05   1.2573242e+01
   5.0220000e+05   1.1535645e+01
   5.1123500e+05   1.2329102e+01
   5.1426200e+05   1.3916016e+01
   5.1803100e+05   1.2145996e+01
   5.2258800e+05   1.3305664e+01
   5.2264100e+05   1.4465332e+01
   5.2277200e+05   1.5197754e+01
   5.2293100e+05   1.1962891e+01
   5.3502600e+05   1.1535645e+01
   5.3593500e+05   1.2023926e+01
   5.4299600e+05   1.2023926e+01
   5.4820700e+05   1.1901855e+01
   5.4906700e+05   1.1596680e+01
   5.4938400e+05   1.3000488e+01
   5.4943400e+05   1.3061523e+01
   5.4951200e+05   1.3122559e+01
   5.4961800e+05   1.1779785e+01
   5.4964900e+05   1.1840820e+01
   5.6236800e+05   1.2023926e+01
   5.6337600e+05   1.4343262e+01
   5.6424700e+05   1.2573242e+01
   5.6615600e+05   1.2512207e+01
   5.6657300e+05   1.7761230e+01
   5.6674500e+05   1.1596680e+01
   5.6689300e+05   1.1413574e+01
   5.7568500e+05   1.2695312e+01
   5.7755100e+05   1.3427734e+01
   5.8011500e+05   1.1962891e+01
   5.8102900e+05   1.2268066e+01
   5.8320000e+05   1.3549805e+01
   5.8325100e+05   1.2329102e+01
   5.9602000e+05   1.1657715e+01
   5.9722500e+05   1.1657715e+01
   5.9851200e+05   1.4526367e+01
   6.0627700e+05   1.2207031e+01
   6.0853100e+05   1.2268066e+01
   6.1348800e+05   1.1596680e+01
   6.1353000e+05   1.8432617e+01
   6.1357000e+05   1.1962891e+01
   6.1366100e+05   1.2084961e+01
   6.1367500e+05   1.2207031e+01
   6.1374500e+05   1.1474609e+01
   6.1379100e+05   1.3244629e+01
   6.1402100e+05   1.2268066e+01
   6.2391000e+05   1.1474609e+01
   6.2766300e+05   1.1657715e+01
   6.2854200e+05   1.3793945e+01
   6.2897300e+05   1.2817383e+01
   6.2903700e+05   1.2512207e+01
   6.2921600e+05   1.1596680e+01
   6.2923500e+05   1.2207031e+01
   6.2934700e+05   1.2695312e+01
   6.3012700e+05   1.1413574e+01
   6.4997500e+05   1.1962891e+01
   6.5017000e+05   1.2023926e+01
   6.5019800e+05   1.4709473e+01
   6.5036400e+05   1.3732910e+01
   6.6179800e+05   1.3244629e+01
   6.6559200e+05   1.1535645e+01
   6.6973300e+05   1.2817383e+01
   6.7626500e+05   1.2756348e+01
   6.7640800e+05   1.9531250e+01
   6.7642000e+05   1.2573242e+01
   6.7655400e+05   1.4587402e+01
   6.7672000e+05   1.2084961e+01
   6.7748700e+05   1.1596680e+01
   6.8733900e+05   1.3244629e+01
   6.9137200e+05   1.2145996e+01
   6.9271100e+05   1.1413574e+01
   6.9287700e+05   1.3000488e+01
   6.9289200e+05   1.2939453e+01
   6.9303100e+05   1.2390137e+01
   6.9328800e+05   1.2573242e+01
   7.0760400e+05   1.2512207e+01
   7.1061900e+05   1.2939453e+01
   7.1076000e+05   1.1962891e+01
   7.1109600e+05   1.2329102e+01
   7.1160600e+05   1.3061523e+01
   7.2603100e+05   1.2512207e+01
   7.2724000e+05   1.2634277e+01
   7.3929500e+05   1.1535645e+01
   7.3943600e+05   1.2695312e+01
   7.3945600e+05   1.3793945e+01
   7.5270000e+05   1.1596680e+01
   7.5595400e+05   1.4343262e+01
   7.5613900e+05   1.2695312e+01
   7.5676000e+05   1.2695312e+01
   7.6746800e+05   1.2207031e+01
   7.7439200e+05   2.0446777e+01
   7.7449600e+05   1.1840820e+01
   7.7456200e+05   1.8005371e+01
   7.7460400e+05   1.1413574e+01
   7.7474200e+05   1.3427734e+01
   7.9055100e+05   1.1535645e+01
   7.9328100e+05   1.3061523e+01
   7.9758400e+05   1.2939453e+01
   8.0167400e+05   1.2634277e+01
   8.0181900e+05   1.2878418e+01
   8.0184400e+05   1.3305664e+01
   8.0193900e+05   1.3244629e+01
   8.0196900e+05   1.2023926e+01
   8.0212200e+05   1.3000488e+01
   8.0226900e+05   1.3244629e+01
   8.0258900e+05   1.3122559e+01
   8.1786200e+05   1.2390137e+01
   8.2989600e+05   1.4953613e+01
   8.3004300e+05   1.9287109e+01
   8.3024300e+05   1.4648438e+01
   8.3917000e+05   1.4831543e+01
   8.4889500e+05   1.4648438e+01
   8.6820700e+05   1.1840820e+01
   8.7083900e+05   1.2390137e+01
   8.7098600e+05   1.5136719e+01
   8.7109700e+05   1.1535645e+01
   8.7114900e+05   1.4587402e+01
   8.7132500e+05   1.1962891e+01
   9.5969900e+05   1.3183594e+01
   9.5983500e+05   1.3854980e+01
   9.5989100e+05   1.4465332e+01
   9.6007200e+05   1.6113281e+01
   1.0211030e+06   1.4160156e+01
   1.0213830e+06   1.6662598e+01
   1.0214620e+06   1.2756348e+01
   1.0216230e+06   1.7089844e+01
   1.0218860e+06   1.3427734e+01
   1.0556130e+06   1.2756348e+01
   1.0893290e+06   1.1962891e+01
   1.1119130e+06   1.2573242e+01
   1.1551170e+06   1.1718750e+01
   1.1552630e+06   1.4831543e+01
   1.1553760e+06   1.7272949e+01
   1.1554150e+06   1.4099121e+01
   1.1554660e+06   1.3305664e+01
   1.1555360e+06   1.2939453e+01
   1.1555640e+06   1.2390137e+01
   1.1555980e+06   1.2390137e+01
   1.1668950e+06   1.3549805e+01
   1.1678530e+06   1.1779785e+01
   1.1687150e+06   1.4770508e+01
   1.1706390e+06   1.5625000e+01
   1.1718270e+06   1.2084961e+01
   1.1726960e+06   1.1962891e+01
   1.1736150e+06   1.2084961e+01
   1.1743360e+06   1.2207031e+01
   1.1753870e+06   1.1413574e+01
   1.1761340e+06   1.1962891e+01
   1.1771020e+06   1.2695312e+01
   1.1780920e+06   1.1413574e+01
   1.1789640e+06   1.2145996e+01
   1.1797530e+06   1.2145996e+01
   1.1807340e+06   1.3366699e+01
   1.1816790e+06   1.2512207e+01
   1.1837440e+06   1.3366699e+01
   1.1856390e+06   1.1474609e+01
   1.1866220e+06   1.1413574e+01
   1.1881400e+06   1.1657715e+01
   1.1891510e+06   1.1779785e+01
   1.1900350e+06   1.3610840e+01
   1.1938370e+06   1.3977051e+01
   1.1947540e+06   1.3366699e+01
   1.1956170e+06   1.3427734e+01
   1.1976970e+06   1.1413574e+01
   1.1984740e+06   1.5136719e+01
   1.2005720e+06   1.4587402e+01
   1.2067050e+06   1.2390137e+01
   1.2075940e+06   1.3977051e+01
   1.2145730e+06   1.3549805e+01
   1.2257280e+06   1.1474609e+01
   1.2322010e+06   1.1901855e+01
   1.2344740e+06   1.3061523e+01
   1.2478400e+06   1.3916016e+01
   1.4251150e+06   1.1779785e+01
   1.4801060e+06   1.7883301e+01
   1.4801460e+06   1.7150879e+01
   1.4801830e+06   1.2634277e+01
   1.4802210e+06   1.4648438e+01
   1.4802550e+06   1.4404297e+01
   1.4802850e+06   1.2390137e+01
   1.4915920e+06   1.2207031e+01
   1.4930410e+06   1.1962891e+01
   1.4938740e+06   1.4099121e+01
   1.4946600e+06   1.3305664e+01
   1.4955410e+06   1.6967773e+01
   1.4958310e+06   1.1901855e+01
   1.4959690e+06   1.1962891e+01
   1.4960200e+06   1.3732910e+01
   1.4961840e+06   1.6906738e+01
   1.4961970e+06   1.6479492e+01
   1.4962960e+06   1.3732910e+01
   1.4990180e+06   1.1413574e+01
   1.4992410e+06   1.1535645e+01
   1.5057830e+06   1.4160156e+01
   1.5079060e+06   1.1413574e+01
   1.5082920e+06   1.4709473e+01
   1.5085530e+06   1.2329102e+01
   1.5086110e+06   1.2817383e+01
   1.5087330e+06   1.3427734e+01
   1.5088280e+06   1.2939453e+01
   1.5088560e+06   1.5136719e+01
   1.5088780e+06   1.1413574e+01
   1.5088990e+06   2.0874023e+01
   1.5089200e+06   1.5014648e+01
   1.5092470e+06   1.1413574e+01
   1.5128130e+06   1.2207031e+01
   1.5202350e+06   1.3244629e+01
   1.5214800e+06   1.2634277e+01
   1.5221790e+06   1.3427734e+01
   1.5232000e+06   1.4648437e+01
   1.5240610e+06   1.1596680e+01
   1.5248220e+06   1.2756348e+01
   1.5267470e+06   1.2878418e+01
   1.5273740e+06   1.1413574e+01
   1.5282650e+06   1.2390137e+01
   1.5290870e+06   1.2268066e+01
   1.5302030e+06   1.2329102e+01
   1.5343900e+06   1.3122559e+01
   1.5363740e+06   1.4709473e+01
   1.5623070e+06   1.4404297e+01
   1.5630970e+06   1.6174316e+01
   1.5691160e+06   1.5563965e+01
   1.5712920e+06   1.3305664e+01
   1.5713340e+06   1.9165039e+01
   1.5713960e+06   1.6662598e+01
   1.5714430e+06   1.2084961e+01
   1.5714800e+06   1.1840820e+01
   1.5715450e+06   1.6418457e+01
   1.5715760e+06   1.4099121e+01
   1.5716330e+06   1.2084961e+01
   1.5811610e+06   1.5014648e+01
   1.5827410e+06   1.1962891e+01
   1.5839170e+06   1.1535645e+01
   1.5873500e+06   1.3305664e+01
   1.5883140e+06   1.1474609e+01
   1.5889930e+06   1.4526367e+01
   1.5924710e+06   1.2023926e+01
   1.5934710e+06   1.3916016e+01
   1.5948500e+06   1.4282227e+01
   1.6023000e+06   1.3061523e+01
   1.6097900e+06   1.3366699e+01
   1.6104540e+06   1.3977051e+01
   1.6135750e+06   1.7944336e+01
   1.6159670e+06   1.4892578e+01
   1.6259280e+06   1.4038086e+01
   1.6267040e+06   1.5258789e+01
   1.6278200e+06   1.4465332e+01
   1.6358180e+06   1.1718750e+01
   1.6366560e+06   1.3000488e+01
   1.6375110e+06   1.4526367e+01
   1.6375580e+06   1.4038086e+01
   1.6375890e+06   2.0324707e+01
   1.6376170e+06   1.4831543e+01
   1.6376600e+06   1.3305664e+01
   1.6491130e+06   1.4709473e+01
   1.6499720e+06   1.3000488e+01
   1.6507990e+06   1.2695312e+01
   1.6519020e+06   1.2329102e+01
   1.6531660e+06   1.3671875e+01
   1.6551120e+06   1.3671875e+01
   1.6565680e+06   1.3427734e+01
   1.6575500e+06   1.6235352e+01
   1.6605430e+06   1.2939453e+01
   1.6642990e+06   1.3061523e+01
   1.6650410e+06   1.3427734e+01
   1.6657270e+06   1.4465332e+01
   1.6665810e+06   1.2878418e+01
   1.6687810e+06   1.5563965e+01
   1.6695070e+06   1.2634277e+01
   1.6790050e+06   1.3183594e+01
   1.6803740e+06   1.3427734e+01
   1.6810680e+06   1.3549805e+01
   1.6818850e+06   1.5563965e+01
   1.6829040e+06   1.1901855e+01
   1.6900370e+06   1.1962891e+01
   1.6920870e+06   1.2695312e+01
   1.6933940e+06   1.1535645e+01
   1.6967910e+06   1.1474609e+01
   1.6968480e+06   1.3732910e+01
   1.6968760e+06   2.8198242e+01
   1.6969290e+06   1.3977051e+01
   1.6969780e+06   1.2573242e+01
   1.7094780e+06   1.2756348e+01
   1.7103760e+06   1.4404297e+01
   1.7113040e+06   1.2451172e+01
   1.7122420e+06   1.1901855e+01
   1.7147580e+06   1.2695312e+01
   1.7155790e+06   1.3854980e+01
   1.7162510e+06   1.3488770e+01
   1.7177180e+06   1.3549805e+01
   1.7216760e+06   1.2695312e+01
   1.7224120e+06   1.4526367e+01
   1.7232180e+06   1.4160156e+01
   1.7281420e+06   1.2451172e+01
   1.7290150e+06   1.1535645e+01
   1.7302760e+06   1.1779785e+01
   1.7401170e+06   1.3061523e+01
   1.7429740e+06   1.2573242e+01
   1.7430270e+06   1.2573242e+01
   1.7430800e+06   1.3122559e+01
   1.7430960e+06   1.4465332e+01
   1.7431170e+06   1.3122559e+01
   1.7431550e+06   1.2084961e+01
   1.7431720e+06   1.2512207e+01
   1.7432040e+06   1.3305664e+01
   1.7432960e+06   1.2756348e+01
   1.7433420e+06   1.2573242e+01
   1.7554350e+06   1.2695312e+01
   1.7559780e+06   1.3122559e+01
   1.7567250e+06   1.1596680e+01
   1.7576050e+06   1.4282227e+01
   1.7584360e+06   1.1840820e+01
   1.7601810e+06   1.4038086e+01
   1.7611350e+06   1.1962891e+01
   1.7621370e+06   1.2390137e+01
   1.7628620e+06   1.3061523e+01
   1.7651880e+06   1.3305664e+01
   1.7652990e+06   1.3732910e+01
   1.7653100e+06   1.2329102e+01
   1.7653370e+06   1.3793945e+01
   1.7654140e+06   1.1413574e+01
   1.7774670e+06   1.3244629e+01
   1.7783640e+06   1.2451172e+01
   1.7790900e+06   1.4160156e+01
   1.7803840e+06   1.5075684e+01
   1.7811010e+06   1.1596680e+01
   1.7819260e+06   1.2084961e+01
   1.7827760e+06   1.4343262e+01
   1.7834020e+06   1.3244629e+01
   1.7910170e+06   1.4343262e+01
   1.7913140e+06   1.6418457e+01
   1.7913390e+06   1.4892578e+01
   1.7913640e+06   1.5197754e+01
   1.7914030e+06   1.1413574e+01
   1.7914470e+06   1.2878418e+01
   1.7945340e+06   1.4465332e+01
   1.7966420e+06   1.1657715e+01
   1.8045100e+06   1.4526367e+01
   1.8057480e+06   1.1718750e+01
   1.8065100e+06   1.2878418e+01
   1.8078730e+06   1.5136719e+01
   1.8087310e+06   1.3183594e+01
   1.8095330e+06   1.4648438e+01
   1.8117220e+06   1.2695312e+01
   1.8124800e+06   1.4282227e+01
   1.8147450e+06   1.2207031e+01
   1.8161400e+06   1.1901855e+01
   1.8161940e+06   1.6967773e+01
   1.8162260e+06   2.0996094e+01
   1.8162600e+06   1.2145996e+01
   1.8163340e+06   1.2023926e+01
   1.8304630e+06   1.1779785e+01
   1.8311470e+06   1.2268066e+01
   1.8337060e+06   1.2084961e+01
   1.8349780e+06   1.2451172e+01
   1.8372030e+06   1.2390137e+01
   1.8425850e+06   1.3427734e+01
   1.8426540e+06   1.3000488e+01
   1.8426770e+06   1.7028809e+01
   1.8427010e+06   1.1962891e+01
   1.8427310e+06   1.2756348e+01
   1.8427800e+06   1.1474609e+01
   1.8428110e+06   1.3610840e+01
   1.8466460e+06   1.1413574e+01
   1.8472030e+06   1.1413574e+01
   1.8483230e+06   1.1535645e+01
   1.8578430e+06   1.1718750e+01
   1.8587350e+06   1.3122559e+01
   1.8587630e+06   1.6357422e+01
   1.8587770e+06   1.8432617e+01
   1.8588030e+06   1.1474609e+01
   1.8588630e+06   1.3793945e+01
   1.8589260e+06   1.2512207e+01
   1.8625160e+06   1.1413574e+01
   1.8733110e+06   1.3366699e+01
   1.8739350e+06   1.1657715e+01
   1.8754090e+06   1.4465332e+01
   1.8765040e+06   1.2329102e+01
   1.8796960e+06   1.3366699e+01
   1.8883870e+06   1.3244629e+01
   1.8891830e+06   1.2756348e+01
   1.8898840e+06   1.1901855e+01
   1.8913900e+06   1.4953613e+01
   1.8920960e+06   1.1657715e+01
   1.8928170e+06   1.2573242e+01
   1.8943270e+06   1.2878418e+01
   1.8944850e+06   1.4648438e+01
   1.8945120e+06   1.3366699e+01
   1.8945900e+06   1.2634277e+01
   1.8976960e+06   1.2878418e+01
   1.8982380e+06   1.1840820e+01
   1.9104840e+06   1.1779785e+01
   1.9111400e+06   1.1718750e+01
   1.9117980e+06   1.2939453e+01
   1.9129050e+06   1.4770508e+01
   1.9187670e+06   1.4038086e+01
   1.9196630e+06   1.1535645e+01
   1.9203960e+06   1.1413574e+01
   1.9218750e+06   1.2817383e+01
   1.9276780e+06   1.2756348e+01
   1.9277670e+06   1.1474609e+01
   1.9277890e+06   1.2329102e+01
   1.9278150e+06   1.6601562e+01
   1.9278430e+06   1.1413574e+01
   1.9278980e+06   1.2390137e+01
   1.9279670e+06   1.1413574e+01
   1.9411640e+06   1.2451172e+01
   1.9418110e+06   1.3000488e+01
   1.9433750e+06   1.2451172e+01
   1.9441390e+06   1.4953613e+01
   1.9455650e+06   1.3610840e+01
   1.9493620e+06   1.2145996e+01
   1.9538510e+06   1.4160156e+01
   1.9547520e+06   1.3122559e+01
   1.9561650e+06   1.2084961e+01
   1.9570540e+06   1.3793945e+01
   1.9570980e+06   1.1718750e+01
   1.9571420e+06   1.3244629e+01
   1.9572200e+06   1.1535645e+01
   1.9572900e+06   1.2756348e+01
   1.9573200e+06   1.1596680e+01
   1.9615300e+06   1.4038086e+01
   1.9715210e+06   1.4770508e+01
   1.9721890e+06   1.2023926e+01
   1.9728900e+06   1.4099121e+01
   1.9754500e+06   1.2390137e+01
   1.9784440e+06   1.1901855e+01
   1.9798990e+06   1.2939453e+01
   1.9841120e+06   1.3793945e+01
   1.9894980e+06   1.4465332e+01
   1.9902710e+06   1.4221191e+01
   1.9909530e+06   1.6479492e+01
   1.9909960e+06   1.4160156e+01
   1.9910150e+06   1.3061523e+01
   1.9910360e+06   1.2084961e+01
   1.9910570e+06   1.3061523e+01
   1.9911400e+06   1.2817383e+01
   1.9932610e+06   1.2634277e+01
   2.0054490e+06   1.4160156e+01
   2.0062080e+06   1.5136719e+01
   2.0068740e+06   1.3793945e+01
   2.0076870e+06   1.3488770e+01
   2.0084160e+06   1.5014648e+01
   2.0112390e+06   1.1535645e+01
   2.0124380e+06   1.3610840e+01
   2.0168610e+06   1.1413574e+01
   2.0198770e+06   1.3366699e+01
   2.0248210e+06   1.3122559e+01
   2.0255960e+06   1.2573242e+01
   2.0284670e+06   1.4099121e+01
   2.0285270e+06   1.4526367e+01
   2.0285490e+06   1.1657715e+01
   2.0285700e+06   1.2756348e+01
   2.0286440e+06   1.2756348e+01
   2.0286710e+06   1.1779785e+01
   2.0287520e+06   1.1657715e+01
   2.0306790e+06   1.1413574e+01
   2.0308600e+06   1.2207031e+01
   2.0437050e+06   1.2512207e+01
   2.0475710e+06   1.2207031e+01
   2.0483100e+06   1.5075684e+01
   2.0495490e+06   1.3244629e+01
   2.0510340e+06   1.2634277e+01
   2.0517910e+06   1.2145996e+01
   2.0521960e+06   1.2878418e+01
   2.0522330e+06   1.4587402e+01
   2.0522850e+06   1.3183594e+01
   2.0523510e+06   1.1779785e+01
   2.0552060e+06   1.1840820e+01
   2.0554000e+06   1.1779785e+01
   2.0559260e+06   1.3549805e+01
   2.0670030e+06   1.2390137e+01
   2.0680950e+06   1.3732910e+01
   2.0709810e+06   1.4160156e+01
   2.0793100e+06   1.2939453e+01
   2.0801160e+06   1.2512207e+01
   2.0803360e+06   1.1535645e+01
   2.0803910e+06   1.2451172e+01
   2.0804150e+06   1.4526367e+01
   2.0835540e+06   1.2329102e+01
   2.0954510e+06   1.1474609e+01
   2.0981890e+06   1.3305664e+01
   2.0990660e+06   1.4526367e+01
   2.1041380e+06   1.3488770e+01
   2.1056000e+06   1.3000488e+01
   2.1067280e+06   1.3488770e+01
   2.1076030e+06   1.3671875e+01
   2.1084890e+06   1.3122559e+01
   2.1149430e+06   1.1657715e+01
   2.1165520e+06   1.2634277e+01
   2.1189400e+06   1.4587402e+01
   2.1201790e+06   1.3916016e+01
   2.1262180e+06   1.1962891e+01
   2.1274890e+06   1.2207031e+01
   2.1356430e+06   1.1657715e+01
   2.1449560e+06   1.2817383e+01
   2.1469700e+06   1.3061523e+01
   2.1491140e+06   1.3366699e+01
   2.1501900e+06   1.1779785e+01
   2.1533040e+06   1.2268066e+01
   2.1567430e+06   1.2268066e+01
   2.1616120e+06   1.2451172e+01
   2.1640040e+06   1.2451172e+01
   2.1649790e+06   1.1535645e+01
   2.1686510e+06   1.1596680e+01
   2.1720450e+06   1.5319824e+01
   2.1764190e+06   1.1840820e+01
   2.1829670e+06   1.3916016e+01
   2.1842900e+06   1.1535645e+01
   2.1872280e+06   1.2756348e+01
   2.1899090e+06   1.2756348e+01
   2.1927520e+06   1.4038086e+01
   2.1990390e+06   1.1840820e+01
   2.2015460e+06   1.2695312e+01
   2.2045950e+06   1.1657715e+01
   2.2129940e+06   1.1596680e+01
   2.2179450e+06   1.2084961e+01
   2.2268860e+06   1.4038086e+01
   2.2356060e+06   1.4465332e+01
   2.2416070e+06   1.3610840e+01
   2.2733660e+06   1.3366699e+01
   2.2885850e+06   1.2145996e+01
   2.2972450e+06   1.4038086e+01
   2.3252110e+06   1.2634277e+01
   2.5968010e+06   1.5686035e+01
   2.5968460e+06   1.6479492e+01
   2.5968670e+06   1.2756348e+01
   2.5969080e+06   1.1718750e+01
   2.5969240e+06   1.4160156e+01
   2.5969630e+06   1.1413574e+01
   2.5969800e+06   1.3366699e+01
   2.5970810e+06   1.1718750e+01
   2.5973390e+06   1.2084961e+01
   2.5975150e+06   1.1596680e+01
   2.5979320e+06   1.2939453e+01
   2.6081810e+06   1.3610840e+01
   2.6089960e+06   1.5502930e+01
   2.6097280e+06   1.1962891e+01
   2.6122190e+06   1.5136719e+01
   2.6141970e+06   1.2634277e+01
   2.6150520e+06   1.1596680e+01
   2.6163000e+06   1.2145996e+01
   2.6189570e+06   1.4526367e+01
   2.6196350e+06   1.1840820e+01
   2.6204780e+06   1.1657715e+01
   2.6222180e+06   1.1901855e+01
   2.6229470e+06   1.4404297e+01
   2.6239290e+06   1.1596680e+01
   2.6262110e+06   1.4770508e+01
   2.6272750e+06   1.2817383e+01
   2.6336810e+06   1.5075684e+01
   2.6353230e+06   1.1840820e+01
   2.6368870e+06   1.4343262e+01
   2.7049020e+06   1.6418457e+01
   2.8279960e+06   1.4831543e+01
   2.8282210e+06   1.3305664e+01
   2.8282640e+06   2.0751953e+01
   2.8282830e+06   1.4221191e+01
   2.8283410e+06   1.6845703e+01
   2.8283980e+06   1.9287109e+01
   2.8284220e+06   1.1840820e+01
   2.8393380e+06   1.1901855e+01
   2.8408120e+06   1.2695312e+01
   2.8425030e+06   1.2939453e+01
   2.8432910e+06   1.1413574e+01
   2.8440210e+06   1.2512207e+01
   2.8464200e+06   1.4892578e+01
   2.8482130e+06   1.1779785e+01
   2.8500660e+06   1.2084961e+01
   2.8519530e+06   1.3854980e+01
   2.8537720e+06   1.4282227e+01
   2.8556110e+06   1.3671875e+01
   2.8563330e+06   1.3854980e+01
   2.8646860e+06   1.2451172e+01
   2.8731890e+06   1.2023926e+01
   2.8761140e+06   1.3549805e+01
   2.8816320e+06   1.4953613e+01
   2.8846260e+06   1.1779785e+01
   2.8850050e+06   1.2878418e+01
   2.8914490e+06   1.3793945e+01
   2.9115520e+06   1.4343262e+01
   2.9201420e+06   1.3854980e+01
   2.9306480e+06   1.4465332e+01
   3.0610710e+06   1.2756348e+01
   3.0611100e+06   1.5686035e+01
   3.0611520e+06   1.6784668e+01
   3.0612210e+06   1.3488770e+01
   3.0612310e+06   1.6601562e+01
   3.0612640e+06   2.1362305e+01
   3.0613020e+06   1.6052246e+01
   3.0747400e+06   1.5075684e+01
   3.0762540e+06   1.3732910e+01
   3.0807150e+06   1.1718750e+01
   3.0810980e+06   1.5136719e+01
   3.0813830e+06   1.2512207e+01
   3.0814140e+06   1.7333984e+01
   3.0815060e+06   1.5869141e+01
   3.0815320e+06   2.0507812e+01
   3.0815850e+06   1.6113281e+01
   3.0816310e+06   1.2268066e+01
   3.0816900e+06   1.4404297e+01
   3.0817400e+06   1.3671875e+01
   3.0822390e+06   1.1474609e+01
   3.0935750e+06   1.4648438e+01
   3.0944530e+06   1.5502930e+01
   3.0951690e+06   1.3854980e+01
   3.0961810e+06   1.3183594e+01
   3.0972000e+06   1.2451172e+01
   3.0980590e+06   1.3732910e+01
   3.0987000e+06   1.2329102e+01
   3.0994280e+06   1.2023926e+01
   3.1009650e+06   1.1962891e+01
   3.1041440e+06   1.2023926e+01
   3.1051370e+06   1.1596680e+01
   3.1167690e+06   1.2268066e+01
   3.1178500e+06   1.3427734e+01
   3.1226600e+06   1.7089844e+01
   3.1287170e+06   1.3488770e+01
   3.1343400e+06   1.2939453e+01
   3.1359950e+06   1.2084961e+01
   3.1439710e+06   1.2451172e+01
   3.1530300e+06   1.2634277e+01
   3.1552340e+06   1.3488770e+01
   3.1561680e+06   1.1474609e+01
   3.1605810e+06   1.3549805e+01
   3.1630760e+06   1.3244629e+01
   3.1637690e+06   1.4343262e+01
   3.1674030e+06   1.2817383e+01
   3.1719390e+06   1.4099121e+01
   3.1775620e+06   1.3488770e+01
   3.1806960e+06   1.1596680e+01
   3.1825180e+06   1.5319824e+01
   3.1906230e+06   1.1596680e+01
   3.1935520e+06   1.4221191e+01
   3.1982130e+06   1.1718750e+01
   3.2174440e+06   1.4953613e+01
   3.2176800e+06   1.3793945e+01
   3.2177020e+06   1.5319824e+01
   3.2177570e+06   1.1779785e+01
   3.2177690e+06   1.3061523e+01
   3.2178170e+06   1.4221191e+01
   3.2178310e+06   1.1901855e+01
   3.2178780e+06   1.6723633e+01
   3.2179300e+06   1.1901855e+01
   3.2299870e+06   1.3427734e+01
   3.2312130e+06   1.2145996e+01
   3.2334450e+06   1.3305664e+01
   3.2353820e+06   1.2878418e+01
   3.2363760e+06   1.4099121e+01
   3.2373680e+06   1.1718750e+01
   3.2379740e+06   1.2329102e+01
   3.2401750e+06   1.2695312e+01
   3.2435480e+06   1.6357422e+01
   3.2443270e+06   1.5441895e+01
   3.2459250e+06   1.6418457e+01
   3.2477480e+06   1.2878418e+01
   3.2487560e+06   1.5197754e+01
   3.2496850e+06   1.3122559e+01
   3.2513710e+06   1.3488770e+01
   3.2581050e+06   1.1596680e+01
   3.2587790e+06   1.4282227e+01
   3.2596260e+06   1.1779785e+01
   3.2631660e+06   1.3793945e+01
   3.2648090e+06   1.1901855e+01
   3.2650110e+06   1.4038086e+01
   3.2650480e+06   1.2023926e+01
   3.2650800e+06   1.5075684e+01
   3.2651200e+06   1.4404297e+01
   3.2652150e+06   1.2695312e+01
   3.2652470e+06   1.2145996e+01
   3.2652870e+06   1.4038086e+01
   3.2653280e+06   1.1474609e+01
   3.2782380e+06   1.3671875e+01
   3.2789690e+06   1.2695312e+01
   3.2799300e+06   1.2817383e+01
   3.2806870e+06   1.4465332e+01
   3.2821720e+06   1.5014648e+01
   3.2828150e+06   1.5197754e+01
   3.2836130e+06   1.2145996e+01
   3.2852110e+06   1.2817383e+01
   3.2867910e+06   1.1535645e+01
   3.2886040e+06   1.5686035e+01
   3.2894760e+06   1.5075684e+01
   3.2920710e+06   1.1718750e+01
   3.2943310e+06   1.6113281e+01
   3.3047190e+06   1.1535645e+01
   3.3127690e+06   1.3305664e+01
   3.3155530e+06   1.2939453e+01
   3.3204420e+06   1.3610840e+01
   3.3211230e+06   1.2451172e+01
   3.3226300e+06   1.2817383e+01
   3.3235380e+06   1.2634277e+01
   3.3250320e+06   1.4160156e+01
   3.3269490e+06   1.3000488e+01
   3.3298170e+06   1.2145996e+01
   3.3306810e+06   1.5563965e+01
   3.3307300e+06   1.6296387e+01
   3.3307670e+06   2.0507812e+01
   3.3308110e+06   1.1901855e+01
   3.3308220e+06   1.1474609e+01
   3.3308520e+06   1.4831543e+01
   3.3308840e+06   1.1596680e+01
   3.3408200e+06   1.1962891e+01
   3.3417270e+06   1.3916016e+01
   3.3424570e+06   1.2390137e+01
   3.3461460e+06   1.5502930e+01
   3.3467630e+06   1.2573242e+01
   3.3479980e+06   1.4099121e+01
   3.3486900e+06   1.3000488e+01
   3.3506240e+06   1.3183594e+01
   3.3515090e+06   1.2634277e+01
   3.3539610e+06   1.6113281e+01
   3.3548230e+06   1.2756348e+01
   3.3563680e+06   1.3305664e+01
   3.3564960e+06   1.4038086e+01
   3.3565200e+06   1.1474609e+01
   3.3565530e+06   1.1596680e+01
   3.3566050e+06   1.4404297e+01
   3.3566260e+06   1.4770508e+01
   3.3566690e+06   1.2145996e+01
   3.3567310e+06   1.2695312e+01
   3.3676900e+06   1.3122559e+01
   3.3711570e+06   1.5258789e+01
   3.3725920e+06   1.2756348e+01
   3.3736550e+06   1.1535645e+01
   3.3742480e+06   1.1962891e+01
   3.3748450e+06   1.2634277e+01
   3.3759340e+06   1.2756348e+01
   3.3779920e+06   1.7395020e+01
   3.3788220e+06   1.1901855e+01
   3.3796710e+06   1.3061523e+01
   3.3822950e+06   1.3488770e+01
   3.3830430e+06   1.3000488e+01
   3.3839680e+06   1.3671875e+01
   3.3855880e+06   1.3549805e+01
   3.3871760e+06   1.2390137e+01
   3.3880170e+06   1.6052246e+01
   3.3959130e+06   1.2817383e+01
   3.3965100e+06   1.3061523e+01
   3.4042520e+06   1.3793945e+01
   3.4054750e+06   1.1840820e+01
   3.4075090e+06   1.2084961e+01
   3.4137170e+06   1.2756348e+01
   3.4150490e+06   1.2756348e+01
   3.4187000e+06   1.4526367e+01
   3.4202600e+06   1.4892578e+01
   3.4212570e+06   1.2207031e+01
   3.4219220e+06   1.3488770e+01
   3.4233580e+06   1.1718750e+01
   3.4233740e+06   1.4770508e+01
   3.4234250e+06   1.1474609e+01
   3.4234380e+06   1.5502930e+01
   3.4234740e+06   1.4221191e+01
   3.4234990e+06   1.1962891e+01
   3.4235140e+06   1.3793945e+01
   3.4235310e+06   1.1840820e+01
   3.4235620e+06   1.5808105e+01
   3.4236070e+06   1.2573242e+01
   3.4359390e+06   1.2268066e+01
   3.4390280e+06   1.4709473e+01
   3.4396530e+06   1.2573242e+01
   3.4438900e+06   1.1840820e+01
   3.4463770e+06   1.5808105e+01
   3.4470800e+06   1.4099121e+01
   3.4476920e+06   1.3977051e+01
   3.4503060e+06   1.2695312e+01
   3.4511170e+06   1.3549805e+01
   3.4517110e+06   1.5869141e+01
   3.4543250e+06   1.1474609e+01
   3.4553560e+06   1.3916016e+01
   3.4554510e+06   1.7639160e+01
   3.4555040e+06   1.3244629e+01
   3.4555160e+06   1.3061523e+01
   3.4555600e+06   1.6357422e+01
   3.4555790e+06   1.2329102e+01
   3.4556150e+06   1.4465332e+01
   3.4556560e+06   1.4160156e+01
   3.4556870e+06   1.2573242e+01
   3.4569980e+06   1.1535645e+01
   3.4581630e+06   1.1901855e+01
   3.4684660e+06   1.2207031e+01
   3.4690690e+06   1.2390137e+01
   3.4699040e+06   1.2451172e+01
   3.4710320e+06   1.3122559e+01
   3.4711020e+06   1.2695312e+01
   3.4711660e+06   1.5197754e+01
   3.4712550e+06   2.0446777e+01
   3.4713290e+06   1.1474609e+01
   3.4714430e+06   1.1718750e+01
   3.4715660e+06   1.1840820e+01
   3.4837310e+06   1.2695313e+01
   3.4845870e+06   1.3000488e+01
   3.4868560e+06   1.1779785e+01
   3.4875340e+06   1.1657715e+01
   3.4887450e+06   1.4526367e+01
   3.4895950e+06   1.3366699e+01
   3.4904470e+06   1.4587402e+01
   3.4910810e+06   1.3854980e+01
   3.4927970e+06   1.2451172e+01
   3.4935220e+06   1.1840820e+01
   3.4941580e+06   1.3183594e+01
   3.4961140e+06   1.1535645e+01
   3.4967830e+06   1.1474609e+01
   3.5003570e+06   1.2512207e+01
   3.5043110e+06   1.1962891e+01
   3.5051380e+06   1.1779785e+01
   3.5177730e+06   1.2512207e+01
   3.5186890e+06   1.2695312e+01
   3.5226750e+06   1.3549805e+01
   3.5234200e+06   1.2573242e+01
   3.5251190e+06   1.2329102e+01
   3.5301200e+06   1.2756348e+01
   3.5308340e+06   1.1535645e+01
   3.5315250e+06   1.3916016e+01
   3.5341320e+06   1.5014648e+01
   3.5365250e+06   1.1779785e+01
   3.5393520e+06   1.1718750e+01
   3.5407150e+06   1.2329102e+01
   3.5416150e+06   1.1962891e+01
   3.5446380e+06   1.3061523e+01
   3.5457990e+06   1.4343262e+01
   3.5477420e+06   1.4648438e+01
   3.5527870e+06   1.2207031e+01
   3.5537430e+06   1.2695312e+01
   3.5548600e+06   1.2817383e+01
   3.5567030e+06   1.3427734e+01
   3.5583570e+06   1.3122559e+01
   3.5614350e+06   1.4404297e+01
   3.5621340e+06   1.2023926e+01
   3.5659330e+06   1.4099121e+01
   3.5667890e+06   1.2512207e+01
   3.5687690e+06   1.2023926e+01
   3.5709820e+06   1.4587402e+01
   3.5744830e+06   1.5625000e+01
   3.5751710e+06   1.4221191e+01
   3.5760950e+06   1.1535645e+01
   3.5797520e+06   1.2878418e+01
   3.5804940e+06   1.4465332e+01
   3.5860020e+06   1.3427734e+01
   3.5884740e+06   1.3610840e+01
   3.5894310e+06   1.2390137e+01
   3.5942840e+06   1.3244629e+01
   3.5975370e+06   1.1962891e+01
   3.6006530e+06   1.2695312e+01
   3.6043680e+06   1.3977051e+01
   3.6101470e+06   1.3244629e+01
   3.6137190e+06   1.3000488e+01
   3.6185930e+06   1.2023926e+01
   3.6296140e+06   1.4343262e+01
   3.6319000e+06   1.2573242e+01
   3.6395250e+06   1.2695312e+01
   3.6434650e+06   1.2023926e+01
   3.6476730e+06   1.1901855e+01
   3.6538590e+06   1.4343262e+01
   3.6824280e+06   1.5075684e+01
   3.6825390e+06   1.5380859e+01
   3.6825790e+06   1.2084961e+01
   3.6826550e+06   1.1962891e+01
   3.6826810e+06   1.6113281e+01
   3.6827020e+06   1.4282227e+01
   3.6827490e+06   1.1840820e+01
   3.6827840e+06   1.1657715e+01
   3.6828210e+06   1.2451172e+01
   3.6828410e+06   1.3061523e+01
   3.6828570e+06   1.4526367e+01
   3.6829010e+06   1.1840820e+01
   3.6829460e+06   1.1779785e+01
   3.6829920e+06   1.1840820e+01
   3.6830420e+06   1.3488770e+01
   3.6832330e+06   1.2512207e+01
   3.6944630e+06   1.2878418e+01
   3.6951980e+06   1.3732910e+01
   3.6970150e+06   1.1535645e+01
   3.6977210e+06   1.2939453e+01
   3.6984290e+06   1.3366699e+01
   3.6993050e+06   1.2023926e+01
   3.7000460e+06   1.2023926e+01
   3.7007540e+06   1.2268066e+01
   3.7027350e+06   1.1474609e+01
   3.7033870e+06   1.2207031e+01
   3.7040800e+06   1.2084961e+01
   3.7056880e+06   1.1474609e+01
   3.7065430e+06   1.2268066e+01
   3.7072980e+06   1.2390137e+01
   3.7082230e+06   1.2573242e+01
   3.7088360e+06   1.4038086e+01
   3.7097440e+06   1.2573242e+01
   3.7139060e+06   1.4404297e+01
   3.7160060e+06   1.3916016e+01
   3.7168690e+06   1.4038086e+01
   3.7177470e+06   1.2878418e+01
   3.7185810e+06   1.3732910e+01
   3.7227140e+06   1.1718750e+01
   3.7242800e+06   1.4465332e+01
   3.7361410e+06   1.2390137e+01
   3.7368810e+06   1.2756348e+01
   3.7452080e+06   1.2878418e+01
   3.7528000e+06   1.4221191e+01
   3.7553690e+06   1.1596680e+01
   3.7589100e+06   1.2878418e+01
   3.7596620e+06   1.2756348e+01
   3.7654870e+06   1.2512207e+01
   3.7745710e+06   1.4465332e+01
   3.8035350e+06   1.3427734e+01
   3.8037070e+06   1.4770508e+01
   3.8037270e+06   1.5563965e+01
   3.8038200e+06   1.4160156e+01
   3.8038720e+06   1.5808105e+01
   3.8039780e+06   1.1779785e+01
   3.8040570e+06   1.2329102e+01
   3.8041080e+06   1.4953613e+01
   3.8041960e+06   1.2329102e+01
   3.8060070e+06   1.2207031e+01
   3.8171120e+06   1.1840820e+01
   3.8179470e+06   1.1901855e+01
   3.8185520e+06   1.2756348e+01
   3.8192220e+06   1.1596680e+01
   3.8202890e+06   1.4221191e+01
   3.8226660e+06   1.3122559e+01
   3.8254340e+06   1.1779785e+01
   3.8270760e+06   1.1962891e+01
   3.8291650e+06   1.2634277e+01
   3.8317800e+06   1.1779785e+01
   3.8362170e+06   1.2145996e+01
   3.8368380e+06   1.3366699e+01
   3.8380220e+06   1.2756348e+01
   3.8403860e+06   1.3000488e+01
   3.8435650e+06   1.2756348e+01
   3.8549630e+06   1.1840820e+01
   3.8662510e+06   1.5991211e+01
   3.8679240e+06   1.4892578e+01
   3.8706140e+06   1.2634277e+01
   3.8809380e+06   1.1535645e+01
   3.8834180e+06   1.3183594e+01
   3.8866980e+06   1.2023926e+01
   3.9044650e+06   1.4038086e+01
   3.9325610e+06   1.6906738e+01
   3.9327110e+06   1.6052246e+01
   3.9327680e+06   1.7639160e+01
   3.9327950e+06   1.5625000e+01
   3.9328160e+06   1.2512207e+01
   3.9328960e+06   1.2756348e+01
   3.9329120e+06   1.5991211e+01
   3.9329570e+06   1.4709473e+01
   3.9332000e+06   1.1596680e+01
   3.9446950e+06   1.3916016e+01
   3.9454360e+06   1.1474609e+01
   3.9476530e+06   1.1535645e+01
   3.9483740e+06   1.3916016e+01
   3.9489650e+06   1.4892578e+01
   3.9509520e+06   1.1535645e+01
   3.9511630e+06   1.1840820e+01
   3.9512320e+06   1.3061523e+01
   3.9513900e+06   1.2939453e+01
   3.9514730e+06   1.5197754e+01
   3.9515300e+06   1.1962891e+01
   3.9516280e+06   1.3977051e+01
   3.9516390e+06   1.4404297e+01
   3.9517010e+06   1.2207031e+01
   3.9517380e+06   1.5563965e+01
   3.9517840e+06   1.6723633e+01
   3.9517970e+06   1.1657715e+01
   3.9519040e+06   1.1657715e+01
   3.9520900e+06   1.1962891e+01
   3.9640770e+06   1.5075684e+01
   3.9650710e+06   1.3244629e+01
   3.9659490e+06   1.2573242e+01
   3.9681170e+06   1.1718750e+01
   3.9687760e+06   1.2023926e+01
   3.9698740e+06   1.2145996e+01
   3.9708890e+06   1.3732910e+01
   3.9740660e+06   1.5197754e+01
   3.9752890e+06   1.6113281e+01
   3.9763440e+06   1.2390137e+01
   3.9876300e+06   1.1657715e+01
   3.9884780e+06   1.2145996e+01
   3.9895350e+06   1.1596680e+01
   3.9901600e+06   1.3916016e+01
   4.0078140e+06   1.3061523e+01
   4.0078570e+06   1.3305664e+01
   4.0080060e+06   1.5319824e+01
   4.0080190e+06   1.1596680e+01
   4.0080610e+06   1.2939453e+01
   4.0080770e+06   1.1962891e+01
   4.0176490e+06   1.1474609e+01
   4.0185530e+06   1.1962891e+01
   4.0199390e+06   1.2390137e+01
   4.0215490e+06   1.3122559e+01
   4.0222870e+06   1.1718750e+01
   4.0231020e+06   1.2329102e+01
   4.0239620e+06   1.2023926e+01
   4.0246050e+06   1.2023926e+01
   4.0267160e+06   1.4282227e+01
   4.0298230e+06   1.3427734e+01
   4.0305060e+06   1.4221191e+01
   4.0316880e+06   1.2390137e+01
   4.0381780e+06   1.2939453e+01
   4.0401890e+06   1.2207031e+01
   4.0427830e+06   1.3122559e+01
   4.0433990e+06   1.4038086e+01
   4.0460160e+06   1.3732910e+01
   4.0519580e+06   1.2390137e+01
   4.0553880e+06   1.3916016e+01
   4.0642430e+06   1.3366699e+01
   4.0654550e+06   1.1474609e+01
   4.0670810e+06   1.2023926e+01
   4.0770820e+06   1.1962891e+01
   4.0776550e+06   1.1718750e+01
   4.0786780e+06   1.3305664e+01
   4.0787490e+06   1.2817383e+01
   4.0787870e+06   1.2268066e+01
   4.0788170e+06   1.3671875e+01
   4.0788290e+06   1.4343262e+01
   4.0789220e+06   1.5441895e+01
   4.0789460e+06   1.1840820e+01
   4.0789660e+06   1.3488770e+01
   4.0901670e+06   1.1718750e+01
   4.0916110e+06   1.3793945e+01
   4.0922430e+06   1.1901855e+01
   4.0930760e+06   1.3244629e+01
   4.0944780e+06   1.2939453e+01
   4.0961690e+06   1.4343262e+01
   4.0988780e+06   1.4221191e+01
   4.0996050e+06   1.4404297e+01
   4.1002840e+06   1.3244629e+01
   4.1010660e+06   1.1474609e+01
   4.1030330e+06   1.1657715e+01
   4.1051390e+06   1.1962891e+01
   4.1079710e+06   1.1596680e+01
   4.1118220e+06   1.4526367e+01
   4.1125400e+06   1.3183594e+01
   4.1153600e+06   1.2207031e+01
   4.1252490e+06   1.3671875e+01
   4.1259190e+06   1.1779785e+01
   4.1269280e+06   1.3061523e+01
   4.1318270e+06   1.2268066e+01
   4.1393350e+06   1.3916016e+01
   4.1400820e+06   1.3000488e+01
   4.1443820e+06   1.1901855e+01
   4.1464170e+06   1.5380859e+01
   4.1498230e+06   1.1901855e+01
   4.1561960e+06   1.2756348e+01
   4.1571710e+06   1.2451172e+01
   4.1579860e+06   1.3427734e+01
   4.1610190e+06   1.3793945e+01
   4.1622270e+06   1.3000488e+01
   4.1675330e+06   1.3122559e+01
   4.1698550e+06   1.3549805e+01
   4.1707390e+06   1.3244629e+01
   4.1711650e+06   1.3671875e+01
   4.1712210e+06   1.3488770e+01
   4.1713670e+06   1.2451172e+01
   4.1714410e+06   1.7456055e+01
   4.1714830e+06   1.2573242e+01
   4.1715190e+06   1.2756348e+01
   4.1837500e+06   1.2451172e+01
   4.1843880e+06   1.3854980e+01
   4.1852200e+06   1.4343262e+01
   4.1865830e+06   1.1962891e+01
   4.1878590e+06   1.4404297e+01
   4.1886260e+06   1.2145996e+01
   4.1910530e+06   1.1657715e+01
   4.1917880e+06   1.2145996e+01
   4.1925540e+06   1.3000488e+01
   4.1979500e+06   1.3916016e+01
   4.1987320e+06   1.1535645e+01
   4.1993160e+06   1.1779785e+01
   4.2014970e+06   1.2023926e+01
   4.2035560e+06   1.4221191e+01
   4.2072210e+06   1.2817383e+01
   4.2077750e+06   1.2695312e+01
   4.2131780e+06   1.3000488e+01
   4.2137970e+06   1.4404297e+01
   4.2180230e+06   1.5319824e+01
   4.2232280e+06   1.2512207e+01
   4.2238820e+06   1.2390137e+01
   4.2316940e+06   1.6052246e+01
   4.2333310e+06   1.4099121e+01
   4.2342330e+06   1.2939453e+01
   4.2366170e+06   1.2817383e+01
   4.2381110e+06   1.2695312e+01
   4.2451180e+06   1.4099121e+01
   4.2459130e+06   1.2878418e+01
   4.2518470e+06   1.4038086e+01
   4.2520000e+06   1.5380859e+01
   4.2520210e+06   1.7028809e+01
   4.2520930e+06   1.1596680e+01
   4.2521280e+06   1.2329102e+01
   4.2521850e+06   1.4465332e+01
   4.2522100e+06   1.4160156e+01
   4.2522720e+06   1.2084961e+01
   4.2523000e+06   1.2268066e+01
   4.2523350e+06   1.3610840e+01
   4.2624480e+06   1.4160156e+01
   4.2630290e+06   1.1657715e+01
   4.2645480e+06   1.2451172e+01
   4.2654800e+06   1.3854980e+01
   4.2661010e+06   1.3183594e+01
   4.2673520e+06   1.1840820e+01
   4.2694820e+06   1.1962891e+01
   4.2704090e+06   1.5014648e+01
   4.2712950e+06   1.1962891e+01
   4.2720350e+06   1.5869141e+01
   4.2739450e+06   1.1596680e+01
   4.2757140e+06   1.3061523e+01
   4.2764870e+06   1.3488770e+01
   4.2771130e+06   1.2573242e+01
   4.2793790e+06   1.1657715e+01
   4.2800460e+06   1.2573242e+01
   4.2855800e+06   1.2878418e+01
   4.2864790e+06   1.3549805e+01
   4.2908280e+06   1.1718750e+01
   4.2990550e+06   1.9104004e+01
   4.2991160e+06   1.5075684e+01
   4.2991310e+06   1.3488770e+01
   4.2992030e+06   1.4343262e+01
   4.2992860e+06   1.3549805e+01
   4.2993320e+06   1.3916016e+01
   4.2993830e+06   1.2207031e+01
   4.2995940e+06   1.1535645e+01
   4.3119350e+06   1.2695312e+01
   4.3125960e+06   1.2939453e+01
   4.3136520e+06   1.4221191e+01
   4.3143470e+06   1.1962891e+01
   4.3150090e+06   1.3305664e+01
   4.3156530e+06   1.2512207e+01
   4.3169430e+06   1.3732910e+01
   4.3180070e+06   1.3549805e+01
   4.3188750e+06   1.1535645e+01
   4.3195910e+06   1.2390137e+01
   4.3204130e+06   1.3183594e+01
   4.3259310e+06   1.2145996e+01
   4.3265070e+06   1.2634277e+01
   4.3273230e+06   1.2207031e+01
   4.3344760e+06   1.2207031e+01
   4.3375810e+06   1.2268066e+01
   4.3382400e+06   1.1840820e+01
   4.3394140e+06   1.2756348e+01
   4.3457760e+06   1.2573242e+01
   4.3465160e+06   1.3122559e+01
   4.3519630e+06   1.2329102e+01
   4.3557750e+06   1.2695312e+01
   4.3568350e+06   1.3793945e+01
   4.3601240e+06   1.6357422e+01
   4.3609870e+06   1.1779785e+01
   4.3617890e+06   1.2695312e+01
   4.3636720e+06   1.2329102e+01
   4.3715760e+06   1.2695312e+01
   4.3727340e+06   1.1474609e+01
   4.3743940e+06   1.2451172e+01
   4.3784320e+06   1.4587402e+01
   4.3792300e+06   1.2207031e+01
   4.3843690e+06   1.1779785e+01
   4.3859610e+06   1.3977051e+01
   4.3890510e+06   1.4709473e+01
   4.3958100e+06   1.3427734e+01
   4.3965220e+06   1.3244629e+01
   4.4038320e+06   1.3488770e+01
   4.4101630e+06   1.3244629e+01
   4.4159390e+06   1.3671875e+01
   4.4167270e+06   1.1962891e+01
   4.4203530e+06   1.1657715e+01
   4.4294590e+06   1.1596680e+01
   4.4351200e+06   1.3610840e+01
   4.4394490e+06   1.3061523e+01
   4.4408900e+06   1.2695312e+01
   4.4409930e+06   1.4465332e+01
   4.4410880e+06   1.3854980e+01
   4.4411420e+06   1.3427734e+01
   4.4412060e+06   1.1474609e+01
   4.4412490e+06   1.3610840e+01
   4.4412790e+06   1.2878418e+01
   4.4413240e+06   1.4343262e+01
   4.4413550e+06   1.2695312e+01
   4.4413810e+06   1.1474609e+01
   4.4414060e+06   1.3916016e+01
   4.4414180e+06   1.2939453e+01
   4.4414940e+06   1.1596680e+01
   4.4421070e+06   1.1596680e+01
   4.4536990e+06   1.2268066e+01
   4.4542810e+06   1.3854980e+01
   4.4564870e+06   1.2268066e+01
   4.4572410e+06   1.4709473e+01
   4.4590660e+06   1.1779785e+01
   4.4596950e+06   1.1901855e+01
   4.4629140e+06   1.2023926e+01
   4.4646840e+06   1.4526367e+01
   4.4663330e+06   1.2573242e+01
   4.4680320e+06   1.2634277e+01
   4.4707820e+06   1.2512207e+01
   4.4748140e+06   1.4404297e+01
   4.4755930e+06   1.5625000e+01
   4.4762940e+06   1.1474609e+01
   4.4791150e+06   1.3671875e+01
   4.4872730e+06   1.4282227e+01
   4.4898590e+06   1.3916016e+01
   4.4907880e+06   1.1779785e+01
   4.4915730e+06   1.2084961e+01
   4.4943200e+06   1.4831543e+01
   4.5024540e+06   1.2817383e+01
   4.5050380e+06   1.3488770e+01
   4.5058770e+06   1.5136719e+01
   4.5100330e+06   1.1962891e+01
   4.5180180e+06   1.4404297e+01
   4.5191140e+06   1.2145996e+01
   4.5309650e+06   1.3793945e+01
   4.5395150e+06   1.3732910e+01
   4.5551810e+06   1.3549805e+01
   4.5604610e+06   1.4770508e+01
   4.5828390e+06   1.1474609e+01
   4.6471400e+06   1.3488770e+01
   4.6475510e+06   1.4221191e+01
   4.6478990e+06   1.4648438e+01
   4.6481840e+06   1.6906738e+01
   4.6482220e+06   1.2695312e+01
   4.6482450e+06   1.1535645e+01
   4.6483070e+06   1.2329102e+01
   4.6483540e+06   1.2939453e+01
   4.6484000e+06   1.2207031e+01
   4.6487530e+06   1.1474609e+01
   4.7146350e+06   1.2695312e+01
   4.7146710e+06   1.2878418e+01
   4.7147400e+06   1.4038086e+01
   4.7147750e+06   1.2390137e+01
   4.7148250e+06   1.4343262e+01
   4.7148840e+06   1.2145996e+01
   4.7149020e+06   1.4953613e+01
   4.7279130e+06   1.4038086e+01
   4.7281050e+06   1.3122559e+01
   4.7283010e+06   1.4770508e+01
   4.7283810e+06   1.1840820e+01
   4.7284090e+06   1.3061523e+01
   4.7284690e+06   1.1840820e+01
   4.7287090e+06   1.5686035e+01
   4.7287420e+06   1.1779785e+01
   4.7287870e+06   1.4343262e+01
   4.7384380e+06   1.2939453e+01
   4.7415520e+06   1.3183594e+01
   4.7454620e+06   1.1657715e+01
   4.7468490e+06   1.2939453e+01
   4.7490010e+06   1.3366699e+01
   4.7530620e+06   1.2390137e+01
   4.7623460e+06   1.2023926e+01
   4.7684720e+06   1.3488770e+01
   4.7711670e+06   1.1901855e+01
   4.7735380e+06   1.3488770e+01
   4.7743190e+06   1.2023926e+01
   4.7898680e+06   1.2145996e+01
   4.7906900e+06   1.3122559e+01
   4.7911100e+06   1.3610840e+01
   4.7911360e+06   1.5686035e+01
   4.7912440e+06   1.1596680e+01
   4.7912680e+06   1.3183594e+01
   4.7912900e+06   1.1474609e+01
   4.7913860e+06   1.4648438e+01
   4.7914240e+06   1.1901855e+01
   4.7914610e+06   1.6784668e+01
   4.7914980e+06   1.5747070e+01
   4.7915290e+06   1.3610840e+01
   4.8023190e+06   1.3916016e+01
   4.8031200e+06   1.1840820e+01
   4.8069990e+06   1.1901855e+01
   4.8083450e+06   1.3671875e+01
   4.8110380e+06   1.2084961e+01
   4.8128650e+06   1.2207031e+01
   4.8141150e+06   1.3122559e+01
   4.8193230e+06   1.3916016e+01
   4.8243850e+06   1.2756348e+01
   4.8288200e+06   1.2023926e+01
   4.8295950e+06   1.1535645e+01
   4.8313920e+06   1.3671875e+01
   4.8349630e+06   1.1474609e+01
   4.8391090e+06   1.3183594e+01
   4.8403370e+06   1.2207031e+01
   4.8403870e+06   1.8859863e+01
   4.8404850e+06   1.2878418e+01
   4.8405510e+06   1.2390137e+01
   4.8405720e+06   1.2878418e+01
   4.8406270e+06   1.1474609e+01
   4.8406550e+06   1.3244629e+01
   4.8406730e+06   1.4648438e+01
   4.8406980e+06   1.6601562e+01
   4.8407410e+06   1.3122559e+01
   4.8407790e+06   1.3305664e+01
   4.8408440e+06   1.2756348e+01
   4.8512260e+06   1.1962891e+01
   4.8518300e+06   1.2756348e+01
   4.8548140e+06   1.4709473e+01
   4.8553370e+06   1.2268066e+01
   4.8573350e+06   1.3610840e+01
   4.8611810e+06   1.3366699e+01
   4.8619720e+06   1.3671875e+01
   4.8638000e+06   1.3183594e+01
   4.8649740e+06   1.3061523e+01
   4.8679550e+06   1.2145996e+01
   4.8699520e+06   1.1779785e+01
   4.8729870e+06   1.1474609e+01
   4.8742080e+06   1.3305664e+01
   4.8753360e+06   1.2268066e+01
   4.8787640e+06   1.4404297e+01
   4.8806570e+06   1.4160156e+01
   4.8830210e+06   1.4282227e+01
   4.8831010e+06   1.4038086e+01
   4.8831640e+06   1.3000488e+01
   4.8832340e+06   1.2512207e+01
   4.8832650e+06   1.4343262e+01
   4.8833030e+06   1.2634277e+01
   4.8833470e+06   1.3366699e+01
   4.8833930e+06   1.4892578e+01
   4.8834210e+06   1.2084961e+01
   4.8836410e+06   1.1535645e+01
   4.8955740e+06   1.3366699e+01
   4.8980440e+06   1.2145996e+01
   4.8987160e+06   1.2512207e+01
   4.9002050e+06   1.4160156e+01
   4.9007910e+06   1.5563965e+01
   4.9032960e+06   1.1962891e+01
   4.9042700e+06   1.2939453e+01
   4.9052860e+06   1.2207031e+01
   4.9080450e+06   1.1901855e+01
   4.9086570e+06   1.2878418e+01
   4.9097830e+06   1.2817383e+01
   4.9103940e+06   1.2878418e+01
   4.9137690e+06   1.1840820e+01
   4.9237500e+06   1.2023926e+01
   4.9243530e+06   1.1901855e+01
   4.9249240e+06   1.2268066e+01
   4.9256130e+06   1.2756348e+01
   4.9272470e+06   1.2573242e+01
   4.9322630e+06   1.2268066e+01
   4.9330170e+06   1.2023926e+01
   4.9347280e+06   1.1596680e+01
   4.9374340e+06   1.2817383e+01
   4.9396510e+06   1.1596680e+01
   4.9409570e+06   1.2145996e+01
   4.9472240e+06   1.2390137e+01
   4.9487210e+06   1.2817383e+01
   4.9504140e+06   1.1474609e+01
   4.9557130e+06   1.2145996e+01
   4.9616930e+06   1.4038086e+01
   4.9635850e+06   1.2817383e+01
   4.9663230e+06   1.2390137e+01
   4.9684650e+06   1.1840820e+01
   4.9709880e+06   1.1901855e+01
   4.9742300e+06   1.2817383e+01
   4.9749780e+06   1.2878418e+01
   4.9760550e+06   1.1657715e+01
   4.9784720e+06   1.1535645e+01
   4.9836330e+06   1.1779785e+01
   4.9902900e+06   1.2329102e+01
   4.9914410e+06   1.1718750e+01
   4.9942050e+06   1.4221191e+01
   4.9950200e+06   1.3000488e+01
   4.9999560e+06   1.1962891e+01
   5.0035620e+06   1.4892578e+01
   5.0036010e+06   1.5441895e+01
   5.0036700e+06   1.1657715e+01
   5.0036970e+06   1.6113281e+01
   5.0037580e+06   1.5258789e+01
   5.0038010e+06   1.6967773e+01
   5.0042610e+06   1.1596680e+01
   5.0165370e+06   1.1718750e+01
   5.0172040e+06   1.3305664e+01
   5.0183710e+06   1.2573242e+01
   5.0192630e+06   1.3000488e+01
   5.0199890e+06   1.1840820e+01
   5.0206820e+06   1.2878418e+01
   5.0242290e+06   1.2451172e+01
   5.0249290e+06   1.2145996e+01
   5.0256910e+06   1.2329102e+01
   5.0263520e+06   1.1840820e+01
   5.0271790e+06   1.2573242e+01
   5.0282060e+06   1.2329102e+01
   5.0290350e+06   1.2695312e+01
   5.0297620e+06   1.3732910e+01
   5.0314410e+06   1.2329102e+01
   5.0329360e+06   1.3427734e+01
   5.0349830e+06   1.2512207e+01
   5.0358700e+06   1.2817383e+01
   5.0365350e+06   1.1657715e+01
   5.0370530e+06   1.2573242e+01
   5.0406720e+06   1.2268066e+01
   5.0452060e+06   1.2207031e+01
   5.0501510e+06   1.1657715e+01
   5.0510850e+06   1.1840820e+01
   5.0570760e+06   1.3549805e+01
   5.0579160e+06   1.1474609e+01
   5.0586610e+06   1.1901855e+01
   5.0619330e+06   1.2329102e+01
   5.0628610e+06   1.3488770e+01
   5.0635300e+06   1.1657715e+01
   5.0661530e+06   1.1535645e+01
   5.0675160e+06   1.1474609e+01
   5.0686280e+06   1.1474609e+01
   5.0694130e+06   1.3854980e+01
   5.0701210e+06   1.2817383e+01
   5.0719560e+06   1.1779785e+01
   5.0761550e+06   1.2573242e+01
   5.0771950e+06   1.1474609e+01
   5.0949370e+06   1.3366699e+01
   5.0974740e+06   1.1840820e+01
   5.1006720e+06   1.5991211e+01
   5.1007100e+06   1.3366699e+01
   5.1007660e+06   1.2634277e+01
   5.1008260e+06   1.7883301e+01
   5.1008510e+06   1.6235352e+01
   5.1008960e+06   2.0202637e+01
   5.1009360e+06   1.2023926e+01
   5.1130480e+06   1.2878418e+01
   5.1135750e+06   1.2695312e+01
   5.1145080e+06   1.2207031e+01
   5.1150700e+06   1.2451172e+01
   5.1174920e+06   1.2207031e+01
   5.1181410e+06   1.3427734e+01
   5.1186590e+06   1.2329102e+01
   5.1209870e+06   1.5625000e+01
   5.1216240e+06   1.2695312e+01
   5.1230190e+06   1.2634277e+01
   5.1236530e+06   1.3366699e+01
   5.1247920e+06   1.2573242e+01
   5.1267850e+06   1.1718750e+01
   5.1276220e+06   1.1779785e+01
   5.1291010e+06   1.4526367e+01
   5.1301170e+06   1.4099121e+01
   5.1349920e+06   1.1596680e+01
   5.1386830e+06   1.4648438e+01
   5.1394830e+06   1.6235352e+01
   5.1403790e+06   1.2451172e+01
   5.1405050e+06   1.4343262e+01
   5.1405490e+06   1.1901855e+01
   5.1406040e+06   1.2268066e+01
   5.1406900e+06   1.1901855e+01
   5.1448120e+06   1.2451172e+01
   5.1533860e+06   1.4404297e+01
   5.1538200e+06   1.1840820e+01
   5.1562760e+06   1.2512207e+01
   5.1590450e+06   1.4038086e+01
   5.1598520e+06   1.1474609e+01
   5.1607940e+06   1.2207031e+01
   5.1646930e+06   1.1657715e+01
   5.1697030e+06   1.1962891e+01
   5.1705180e+06   1.2268066e+01
   5.1737550e+06   1.1840820e+01
   5.1746070e+06   1.1779785e+01
   5.1778350e+06   1.2023926e+01
   5.1893970e+06   1.2207031e+01
   5.1900610e+06   1.3610840e+01
   5.1910480e+06   1.1840820e+01
   5.1933390e+06   1.3610840e+01
   5.1940880e+06   1.3427734e+01
   5.1954100e+06   1.4221191e+01
   5.2016500e+06   1.3244629e+01
   5.2033660e+06   1.2145996e+01
   5.2044210e+06   1.1718750e+01
   5.2136620e+06   1.4892578e+01
   5.2147330e+06   1.2390137e+01
   5.2179260e+06   1.3305664e+01
   5.2202150e+06   1.4038086e+01
   5.2219340e+06   1.2207031e+01
   5.2291590e+06   1.3671875e+01
   5.2304970e+06   1.3488770e+01
   5.2333150e+06   1.1901855e+01
   5.2380500e+06   1.2451172e+01
   5.2430220e+06   1.2145996e+01
   5.2468520e+06   1.2573242e+01
   5.2529180e+06   1.1779785e+01
   5.2556480e+06   1.1840820e+01
   5.2587180e+06   1.2573242e+01
   5.2588570e+06   1.4709473e+01
   5.2590840e+06   1.1718750e+01
   5.2591470e+06   1.5808105e+01
   5.2592290e+06   1.7089844e+01
   5.2592930e+06   1.1962891e+01
   5.2728920e+06   1.2268066e+01
   5.2734990e+06   1.2451172e+01
   5.2743770e+06   1.2084961e+01
   5.2754700e+06   1.2512207e+01
   5.2762120e+06   1.2634277e+01
   5.2771800e+06   1.1657715e+01
   5.2777340e+06   1.3366699e+01
   5.2784030e+06   1.2695312e+01
   5.2793240e+06   1.4038086e+01
   5.2829990e+06   1.3122559e+01
   5.2839800e+06   1.3549805e+01
   5.2851550e+06   1.6052246e+01
   5.2860760e+06   1.3916016e+01
   5.2870160e+06   1.1535645e+01
   5.2886880e+06   1.5197754e+01
   5.2928070e+06   1.3488770e+01
   5.2954610e+06   1.1901855e+01
   5.2961710e+06   1.1840820e+01
   5.3050810e+06   1.2695312e+01
   5.3089160e+06   1.1535645e+01
   5.3096150e+06   1.2145996e+01
   5.3103260e+06   1.3000488e+01
   5.3113150e+06   1.3183594e+01
   5.3122240e+06   1.2573242e+01
   5.3175930e+06   1.1535645e+01
   5.3272100e+06   1.3977051e+01
   5.3327710e+06   1.1962891e+01
   5.3353190e+06   1.3671875e+01
   5.3368320e+06   1.2634277e+01
   5.3415180e+06   1.4160156e+01
   5.3423520e+06   1.3977051e+01
   5.3439570e+06   1.4282227e+01
   5.3484950e+06   1.1596680e+01
   5.3489690e+06   1.4526367e+01
   5.3490880e+06   1.6174316e+01
   5.3491170e+06   1.2268066e+01
   5.3491910e+06   1.3488770e+01
   5.3492270e+06   1.2695312e+01
   5.3492460e+06   1.8066406e+01
   5.3493140e+06   1.1962891e+01
   5.3493250e+06   1.2573242e+01
   5.3505750e+06   1.4770508e+01
   5.3511760e+06   1.1596680e+01
   5.3622360e+06   1.1962891e+01
   5.3628470e+06   1.1535645e+01
   5.3642840e+06   1.2329102e+01
   5.3648980e+06   1.3732910e+01
   5.3677480e+06   1.3610840e+01
   5.3684970e+06   1.2817383e+01
   5.3701030e+06   1.2023926e+01
   5.3707240e+06   1.1718750e+01
   5.3720550e+06   1.2145996e+01
   5.3736430e+06   1.1962891e+01
   5.3757750e+06   1.2939453e+01
   5.3773410e+06   1.2756348e+01
   5.3783840e+06   1.3183594e+01
   5.3827270e+06   1.2207031e+01
   5.3837270e+06   1.2145996e+01
   5.3845670e+06   1.2939453e+01
   5.3867040e+06   1.2756348e+01
   5.3885710e+06   1.3183594e+01
   5.3915870e+06   1.2268066e+01
   5.3936050e+06   1.1596680e+01
   5.4008250e+06   1.4587402e+01
   5.4015300e+06   1.3671875e+01
   5.4022100e+06   1.2634277e+01
   5.4048700e+06   1.4343262e+01
   5.4064710e+06   1.3732910e+01
   5.4065000e+06   1.2634277e+01
   5.4065850e+06   1.5563965e+01
   5.4066600e+06   1.2573242e+01
   5.4066910e+06   1.2145996e+01
   5.4067240e+06   2.1118164e+01
   5.4067440e+06   1.1596680e+01
   5.4067690e+06   1.2329102e+01
   5.4202730e+06   1.1779785e+01
   5.4228610e+06   1.3366699e+01
   5.4243060e+06   1.1840820e+01
   5.4249190e+06   1.4465332e+01
   5.4274370e+06   1.2207031e+01
   5.4292400e+06   1.3793945e+01
   5.4300970e+06   1.2634277e+01
   5.4317270e+06   1.3854980e+01
   5.4325120e+06   1.2634277e+01
   5.4369800e+06   1.2695312e+01
   5.4392930e+06   1.1474609e+01
   5.4412720e+06   1.1779785e+01
   5.4441550e+06   1.2390137e+01
   5.4492270e+06   1.3488770e+01
   5.4498530e+06   1.2756348e+01
   5.4516160e+06   1.2756348e+01
   5.4542350e+06   1.1840820e+01
   5.4553280e+06   1.1840820e+01
   5.4589560e+06   1.3366699e+01
   5.4596760e+06   1.1840820e+01
   5.4611050e+06   1.1962891e+01
   5.4639510e+06   1.2268066e+01
   5.4667390e+06   1.2084961e+01
   5.4675630e+06   1.3977051e+01
   5.4690130e+06   1.2634277e+01
   5.4729630e+06   1.3793945e+01
   5.4736710e+06   1.1962891e+01
   5.4745040e+06   1.1657715e+01
   5.4764210e+06   1.2512207e+01
   5.4799500e+06   1.4038086e+01
   5.4806410e+06   1.2145996e+01
   5.4854060e+06   1.1840820e+01
   5.4860750e+06   1.2817383e+01
   5.4883050e+06   1.3610840e+01
   5.4923450e+06   1.3427734e+01
   5.4944470e+06   1.1657715e+01
   5.5026770e+06   1.2207031e+01
   5.5093870e+06   1.1962891e+01
   5.5116530e+06   1.3305664e+01
   5.5157410e+06   1.2573242e+01
   5.5215640e+06   1.2023926e+01
   5.5240390e+06   1.3671875e+01
   5.5258850e+06   1.1840820e+01
   5.5266320e+06   1.1596680e+01
   5.5373750e+06   1.4343262e+01
   5.5382070e+06   1.3305664e+01
   5.5406470e+06   1.2084961e+01
   5.5414260e+06   1.2695312e+01
   5.5422540e+06   1.2634277e+01
   5.5579540e+06   1.4404297e+01
   5.5710260e+06   1.3183594e+01
   5.5803230e+06   1.6113281e+01
   5.5867850e+06   1.5441895e+01
   5.5868620e+06   1.7150879e+01
   5.5869390e+06   1.2268066e+01
   5.5870020e+06   1.2084961e+01
   5.5870330e+06   1.2207031e+01
   5.5870740e+06   1.6357422e+01
   5.5872720e+06   1.3671875e+01
   5.5994210e+06   1.1535645e+01
   5.6005790e+06   1.3000488e+01
   5.6041970e+06   1.2145996e+01
   5.6049520e+06   1.3366699e+01
   5.6057580e+06   1.3183594e+01
   5.6063940e+06   1.1596680e+01
   5.6072040e+06   1.2084961e+01
   5.6102900e+06   1.1840820e+01
   5.6110950e+06   1.3122559e+01
   5.6120340e+06   1.3183594e+01
   5.6135430e+06   1.1718750e+01
   5.6143300e+06   1.3000488e+01
   5.6179520e+06   1.2145996e+01
   5.6187660e+06   1.3000488e+01
   5.6237140e+06   1.3305664e+01
   5.6277000e+06   1.1657715e+01
   5.6283400e+06   1.3305664e+01
   5.6295320e+06   1.2512207e+01
   5.6318170e+06   1.2756348e+01
   5.6327260e+06   1.1474609e+01
   5.6341000e+06   1.3000488e+01
   5.6358380e+06   1.2878418e+01
   5.6384290e+06   1.1901855e+01
   5.6389830e+06   1.2878418e+01
   5.6435420e+06   1.4282227e+01
   5.6442600e+06   1.2878418e+01
   5.6459610e+06   1.1474609e+01
   5.6491830e+06   1.2817383e+01
   5.6616040e+06   1.5869141e+01
   5.6692630e+06   1.2390137e+01
   5.6703420e+06   1.3122559e+01
   5.6740560e+06   1.2756348e+01
   5.6742170e+06   1.5563965e+01
   5.6742520e+06   1.2329102e+01
   5.6743730e+06   1.1657715e+01
   5.6744280e+06   1.2207031e+01
   5.6744580e+06   1.1535645e+01
   5.6745230e+06   1.1840820e+01
   5.6745930e+06   1.4282227e+01
   5.6746280e+06   1.3854980e+01
   5.6746710e+06   1.3244629e+01
   5.6896320e+06   1.1718750e+01
   5.6903770e+06   1.2878418e+01
   5.6916870e+06   1.2512207e+01
   5.6944560e+06   1.4160156e+01
   5.6951770e+06   1.2756348e+01
   5.6974330e+06   1.1718750e+01
   5.6981560e+06   1.5380859e+01
   5.7026170e+06   1.4099121e+01
   5.7033430e+06   1.3488770e+01
   5.7041390e+06   1.3183594e+01
   5.7075920e+06   1.1779785e+01
   5.7172890e+06   1.3061523e+01
   5.7324060e+06   1.5075684e+01
   5.7332730e+06   1.4587402e+01
   5.7403780e+06   1.4099121e+01
   5.7430120e+06   1.3244629e+01
   5.7464380e+06   1.1962891e+01
   5.7482100e+06   1.1779785e+01
   5.7546660e+06   1.5502930e+01
   5.7607960e+06   1.4526367e+01
   5.7666170e+06   1.2084961e+01
   5.7678050e+06   1.2023926e+01
   5.7678950e+06   1.2084961e+01
   5.7679450e+06   1.2329102e+01
   5.7680100e+06   1.5563965e+01
   5.7680430e+06   1.7944336e+01
   5.7681180e+06   1.6235352e+01
   5.7681780e+06   1.1657715e+01
   5.7682120e+06   1.6540527e+01
   5.7682320e+06   1.1535645e+01
   5.7689790e+06   1.5258789e+01
   5.7808630e+06   1.4282227e+01
   5.7834050e+06   1.6113281e+01
   5.7858430e+06   1.1840820e+01
   5.7868190e+06   1.3122559e+01
   5.7884690e+06   1.2573242e+01
   5.7905000e+06   1.2512207e+01
   5.7930380e+06   1.3916016e+01
   5.7990310e+06   1.1779785e+01
   5.7997820e+06   1.3122559e+01
   5.8008210e+06   1.2145996e+01
   5.8057670e+06   1.2390137e+01
   5.8066140e+06   1.4282227e+01
   5.8081310e+06   1.3977051e+01
   5.8107830e+06   1.2390137e+01
   5.8116160e+06   1.2268066e+01
   5.8120100e+06   1.4526367e+01
   5.8120280e+06   1.4831543e+01
   5.8121450e+06   1.1535645e+01
   5.8122670e+06   1.1840820e+01
   5.8123380e+06   1.1657715e+01
   5.8123770e+06   1.5258789e+01
   5.8247260e+06   1.2145996e+01
   5.8264740e+06   1.1779785e+01
   5.8278430e+06   1.3122559e+01
   5.8289790e+06   1.3061523e+01
   5.8330210e+06   1.4038086e+01
   5.8359280e+06   1.3366699e+01
   5.8364890e+06   1.1474609e+01
   5.8388590e+06   1.2573242e+01
   5.8394420e+06   1.1657715e+01
   5.8400210e+06   1.1962891e+01
   5.8409750e+06   1.2023926e+01
   5.8488140e+06   1.3549805e+01
   5.8497830e+06   1.4099121e+01
   5.8515500e+06   1.2939453e+01
   5.8521150e+06   1.3305664e+01
   5.8572930e+06   1.2939453e+01
   5.8577350e+06   1.5808105e+01
   5.8577960e+06   1.4587402e+01
   5.8578550e+06   1.6235352e+01
   5.8579510e+06   1.2634277e+01
   5.8580030e+06   1.5808105e+01
   5.8580660e+06   1.2329102e+01
   5.8580990e+06   1.1474609e+01
   5.8581370e+06   1.2756348e+01
   5.8582430e+06   1.1901855e+01
   5.8683650e+06   1.2084961e+01
   5.8726140e+06   1.2756348e+01
   5.8731560e+06   1.2817383e+01
   5.8739380e+06   1.3610840e+01
   5.8747160e+06   1.3122559e+01
   5.8765130e+06   1.2878418e+01
   5.8774440e+06   1.1657715e+01
   5.8782410e+06   1.2084961e+01
   5.8814230e+06   1.1718750e+01
   5.8832630e+06   1.4953613e+01
   5.8883160e+06   1.1535645e+01
   5.8906490e+06   1.3122559e+01
   5.8914950e+06   1.6113281e+01
   5.8926690e+06   1.2634277e+01
   5.8932970e+06   1.1718750e+01
   5.8984300e+06   1.3244629e+01
   5.8989680e+06   1.4526367e+01
   5.9002970e+06   1.3977051e+01
   5.9045410e+06   1.3183594e+01
   5.9051710e+06   1.1779785e+01
   5.9059190e+06   1.2756348e+01
   5.9095770e+06   1.3977051e+01
   5.9112910e+06   1.1718750e+01
   5.9120960e+06   1.2573242e+01
   5.9127140e+06   1.2023926e+01
   5.9135910e+06   1.2878418e+01
   5.9170230e+06   1.2268066e+01
   5.9203350e+06   1.2207031e+01
   5.9222090e+06   1.1718750e+01
   5.9236460e+06   1.4160156e+01
   5.9246960e+06   1.1962891e+01
   5.9249920e+06   1.3732910e+01
   5.9265520e+06   1.1962891e+01
   5.9293680e+06   1.3610840e+01
   5.9300440e+06   1.3549805e+01
   5.9328370e+06   1.1474609e+01
   5.9353070e+06   1.2878418e+01
   5.9361330e+06   1.4709473e+01
   5.9387980e+06   1.1962891e+01
   5.9422530e+06   1.2817383e+01
   5.9429490e+06   1.4770508e+01
   5.9452870e+06   1.3549805e+01
   5.9485170e+06   1.2878418e+01
   5.9552500e+06   1.2695312e+01
   5.9586500e+06   1.4160156e+01
   5.9601140e+06   1.2390137e+01
   5.9623330e+06   1.2084961e+01
   5.9640700e+06   1.4221191e+01
   5.9680140e+06   1.1840820e+01
   5.9737520e+06   1.2451172e+01
   5.9777770e+06   1.2756348e+01
   5.9841130e+06   1.4099121e+01
   5.9858980e+06   1.2023926e+01
   5.9950670e+06   1.3549805e+01
