   5.9990000e+06   0.0000000e+00
   1.3165100e+05   1.5258789e+01
   1.3167100e+05   1.3732910e+01
   1.6786100e+05   1.3061523e+01
   3.0976600e+05   1.5075684e+01
   3.0985800e+05   1.2756348e+01
   3.0990200e+05   1.3671875e+01
   4.1210500e+05   1.2878418e+01
   4.1213700e+05   1.3000488e+01
   4.1219700e+05   1.7150879e+01
   5.5074800e+05   1.3916016e+01
   7.3670000e+05   1.4831543e+01
   7.3673400e+05   1.2817383e+01
   1.0311680e+06   1.4160156e+01
   1.0502770e+06   1.2817383e+01
   1.1323820e+06   1.2878418e+01
   1.1491590e+06   1.2817383e+01
   1.2090410e+06   1.2756348e+01
   1.2090910e+06   1.3305664e+01
   1.7381430e+06   1.3183594e+01
   1.7381870e+06   1.4404297e+01
   1.7571860e+06   1.3061523e+01
   1.7572650e+06   1.3549805e+01
   1.7573120e+06   1.2817383e+01
   1.8531560e+06   1.3122559e+01
   1.8532730e+06   1.4404297e+01
   1.9195840e+06   1.4587402e+01
   1.9847260e+06   1.4404297e+01
   2.0067810e+06   1.2695312e+01
   2.2311230e+06   1.3061523e+01
   2.4726430e+06   1.2695312e+01
   2.5710670e+06   1.4587402e+01
   2.5712320e+06   1.3549805e+01
   2.6007410e+06   1.3183594e+01
   2.7417420e+06   1.2756348e+01
   2.7511790e+06   1.3916016e+01
   2.9831340e+06   1.3000488e+01
   3.0709200e+06   1.3000488e+01
   3.3565910e+06   1.2695312e+01
   4.1869100e+06   1.2756348e+01
   4.1871550e+06   1.2756348e+01
   4.5106230e+06   1.2756348e+01
   4.8256410e+06   1.2634277e+01
   5.2819410e+06   1.3183594e+01
   5.8776280e+06   1.3366699e+01
   5.9337750e+06   1.3854980e+01
