   5.9990000e+06   0.0000000e+00
   1.3172500e+05   1.3305664e+01
   1.3174500e+05   2.0446777e+01
   1.3177000e+05   2.3071289e+01
   1.3178000e+05   1.6601563e+01
   1.3179100e+05   2.3315430e+01
   1.3181700e+05   1.8005371e+01
   1.3183100e+05   1.5869141e+01
   1.3184800e+05   1.2634277e+01
   1.3186400e+05   1.4160156e+01
   1.3202100e+05   1.5869141e+01
   1.6784900e+05   1.2817383e+01
   1.6787000e+05   1.3671875e+01
   1.6789400e+05   2.3620605e+01
   1.6795400e+05   1.5625000e+01
   3.0992800e+05   1.3488770e+01
   3.0994700e+05   2.5390625e+01
   3.0998200e+05   1.3244629e+01
   3.0999700e+05   1.4953613e+01
   3.1012700e+05   1.3183594e+01
   3.1451300e+05   1.3854980e+01
   3.1486600e+05   1.4831543e+01
   3.1834800e+05   1.3183594e+01
   4.1198800e+05   1.3732910e+01
   4.1203000e+05   1.3854980e+01
   4.1205300e+05   1.4892578e+01
   4.1207500e+05   1.5930176e+01
   4.1211600e+05   1.7333984e+01
   4.1216500e+05   1.4282227e+01
   4.1584800e+05   1.4282227e+01
   5.5052700e+05   1.6906738e+01
   5.5055900e+05   2.1362305e+01
   5.5058100e+05   1.3122559e+01
   5.5061400e+05   1.7761230e+01
   5.5064600e+05   1.3183594e+01
   5.5067400e+05   1.4221191e+01
   5.5075200e+05   1.3122559e+01
   5.5104500e+05   1.4099121e+01
   5.5663400e+05   1.3488770e+01
   6.3429800e+05   1.9897461e+01
   6.3467600e+05   2.1484375e+01
   7.3006500e+05   1.2512207e+01
   7.3034700e+05   1.2878418e+01
   7.3644200e+05   1.2451172e+01
   7.3657300e+05   1.3549805e+01
   7.3664400e+05   2.2094727e+01
   7.3665600e+05   1.9470215e+01
   7.3669500e+05   1.6784668e+01
   7.3674600e+05   1.6174316e+01
   7.3680600e+05   1.2451172e+01
   7.3708200e+05   1.3183594e+01
   7.3712400e+05   1.4953613e+01
   7.4036400e+05   1.3000488e+01
   1.0312390e+06   2.3254395e+01
   1.0312580e+06   1.3000488e+01
   1.0313140e+06   1.8432617e+01
   1.0313380e+06   1.2634277e+01
   1.0314040e+06   1.4404297e+01
   1.0315360e+06   1.3977051e+01
   1.0316040e+06   1.5502930e+01
   1.0317030e+06   1.5441895e+01
   1.0317920e+06   1.3854980e+01
   1.0318730e+06   1.4404297e+01
   1.0322910e+06   1.3854980e+01
   1.0384740e+06   1.3305664e+01
   1.0497940e+06   1.2878418e+01
   1.0499310e+06   1.3305664e+01
   1.0504210e+06   1.2695313e+01
   1.0505110e+06   1.7150879e+01
   1.0505480e+06   1.2451172e+01
   1.0507070e+06   1.5686035e+01
   1.0632700e+06   1.3305664e+01
   1.0635140e+06   1.2939453e+01
   1.2087250e+06   1.2756348e+01
   1.2089160e+06   1.3488770e+01
   1.2089610e+06   1.2634277e+01
   1.2090040e+06   2.1118164e+01
   1.2090140e+06   1.6418457e+01
   1.2090690e+06   2.0690918e+01
   1.2091060e+06   1.4282227e+01
   1.2136270e+06   1.2817383e+01
   1.2137680e+06   1.2695312e+01
   1.3949580e+06   1.4160156e+01
   1.4380340e+06   1.2756348e+01
   1.4382220e+06   1.2756348e+01
   1.4382600e+06   1.3244629e+01
   1.4382920e+06   1.3366699e+01
   1.4383210e+06   1.8432617e+01
   1.4383320e+06   2.9785156e+01
   1.4384010e+06   1.6113281e+01
   1.4384470e+06   1.3488770e+01
   1.4386420e+06   1.3000488e+01
   1.4386690e+06   1.3000488e+01
   1.4387320e+06   1.2512207e+01
   1.4387880e+06   1.4465332e+01
   1.4388570e+06   1.4648438e+01
   1.5918890e+06   1.2451172e+01
   1.5919430e+06   1.4221191e+01
   1.5919730e+06   1.5258789e+01
   1.5919880e+06   1.9714355e+01
   1.5920480e+06   2.0202637e+01
   1.5921100e+06   1.5686035e+01
   1.5924550e+06   1.3916016e+01
   1.5928450e+06   1.3732910e+01
   1.7381810e+06   1.4099121e+01
   1.7382510e+06   1.2756348e+01
   1.7383060e+06   1.5686035e+01
   1.7383250e+06   2.1484375e+01
   1.7383780e+06   1.3916016e+01
   1.7384740e+06   1.2817383e+01
   1.7385690e+06   1.2512207e+01
   1.7570210e+06   1.2512207e+01
   1.7570530e+06   1.4404297e+01
   1.7570830e+06   1.4770508e+01
   1.7571140e+06   1.7639160e+01
   1.7571380e+06   2.0935059e+01
   1.7572110e+06   1.6235352e+01
   1.7572630e+06   1.3061523e+01
   1.7572740e+06   1.2451172e+01
   1.7573830e+06   1.4221191e+01
   1.8527280e+06   1.4160156e+01
   1.8530500e+06   1.7761230e+01
   1.8530600e+06   1.2573242e+01
   1.8530990e+06   2.2155762e+01
   1.8531180e+06   1.5991211e+01
   1.8531580e+06   1.5747070e+01
   1.8531880e+06   1.6845703e+01
   1.8535020e+06   1.3061523e+01
   1.8535930e+06   1.3183594e+01
   1.8536720e+06   1.2939453e+01
   1.8537580e+06   1.3488770e+01
   1.8538770e+06   1.2573242e+01
   1.8596090e+06   1.2512207e+01
   1.8598430e+06   1.3427734e+01
   1.9191910e+06   1.3793945e+01
   1.9192500e+06   1.3061523e+01
   1.9192750e+06   1.3427734e+01
   1.9193280e+06   1.3732910e+01
   1.9193410e+06   2.0874023e+01
   1.9193580e+06   1.5747070e+01
   1.9194000e+06   1.3000488e+01
   1.9194620e+06   1.3122559e+01
   1.9198700e+06   1.3061523e+01
   1.9844390e+06   1.3671875e+01
   1.9844640e+06   1.2695312e+01
   1.9845670e+06   1.2634277e+01
   1.9845970e+06   1.9714355e+01
   1.9846680e+06   1.4526367e+01
   1.9850120e+06   1.2512207e+01
   2.0814360e+06   1.2756348e+01
   2.0816390e+06   1.3183594e+01
   2.1381510e+06   1.2512207e+01
   2.1381990e+06   1.2817383e+01
   2.1382380e+06   2.4169922e+01
   2.1382930e+06   1.5686035e+01
   2.1383240e+06   1.3000488e+01
   2.1383560e+06   1.2695312e+01
   2.1387670e+06   1.2817383e+01
   2.2307040e+06   1.2939453e+01
   2.2308860e+06   1.2573242e+01
   2.2309650e+06   1.2634277e+01
   2.2310230e+06   1.2451172e+01
   2.2310620e+06   1.6662598e+01
   2.2310730e+06   1.3488770e+01
   2.2311560e+06   1.2756348e+01
   2.4725860e+06   1.2634277e+01
   2.4727500e+06   1.3854980e+01
   2.4727990e+06   1.2634277e+01
   2.4728530e+06   1.2573242e+01
   2.4729090e+06   1.2756348e+01
   2.5709760e+06   1.5075684e+01
   2.5714040e+06   1.2573242e+01
   2.6008620e+06   1.3000488e+01
   2.7413860e+06   1.4831543e+01
   2.7414230e+06   1.9836426e+01
   2.7416040e+06   1.4709473e+01
   2.7417970e+06   1.2878418e+01
   2.9828170e+06   1.2451172e+01
   2.9828920e+06   1.2756348e+01
   2.9829780e+06   1.4892578e+01
   2.9830380e+06   1.3244629e+01
   2.9831880e+06   1.2451172e+01
   2.9832340e+06   1.4953613e+01
   2.9834960e+06   1.2817383e+01
   2.9836860e+06   1.3244629e+01
   3.0985110e+06   1.2512207e+01
   3.2066760e+06   1.2512207e+01
   3.3564910e+06   1.2329102e+01
   3.3565820e+06   1.5747070e+01
   3.3566040e+06   1.2451172e+01
   3.3566250e+06   1.3610840e+01
   3.3566890e+06   1.3122559e+01
   3.3567080e+06   1.9592285e+01
   3.3567320e+06   1.4770508e+01
   3.3567750e+06   1.8310547e+01
   3.3568420e+06   2.1972656e+01
   3.3569760e+06   1.3854980e+01
   3.3570480e+06   1.2939453e+01
   3.3571310e+06   1.6357422e+01
   3.3571810e+06   1.3000488e+01
   3.3573440e+06   1.3244629e+01
   3.3574000e+06   1.3000488e+01
   3.3575160e+06   1.2451172e+01
   3.3575800e+06   1.3916016e+01
   3.3577400e+06   1.2817383e+01
   3.3579170e+06   1.3732910e+01
   3.3649250e+06   1.2451172e+01
   3.3659540e+06   1.3610840e+01
   3.3661930e+06   1.2512207e+01
   3.3770080e+06   1.3427734e+01
   3.5014950e+06   2.1118164e+01
   3.5292790e+06   1.3183594e+01
   3.5293480e+06   1.5686035e+01
   3.5294070e+06   1.5136719e+01
   3.5294350e+06   1.2878418e+01
   3.5294560e+06   1.3793945e+01
   3.5295010e+06   1.7456055e+01
   3.5295130e+06   1.5747070e+01
   3.5296230e+06   1.3549805e+01
   3.5297160e+06   1.4404297e+01
   3.5299440e+06   1.3549805e+01
   3.5300690e+06   1.2329102e+01
   3.5301920e+06   1.2329102e+01
   3.5303650e+06   1.2634277e+01
   3.5304610e+06   1.4465332e+01
   3.5305820e+06   1.2390137e+01
   3.5336220e+06   1.3122559e+01
   3.5348140e+06   1.2451172e+01
   3.6545490e+06   1.2634277e+01
   3.6545910e+06   1.2878418e+01
   3.6546150e+06   1.9653320e+01
   3.6546320e+06   1.3122559e+01
   3.6546660e+06   1.3244629e+01
   3.6553240e+06   1.2695312e+01
   3.6606530e+06   1.2817383e+01
   3.6650740e+06   1.3000488e+01
   3.6681900e+06   1.2329102e+01
   3.7729090e+06   1.4892578e+01
   3.7729260e+06   1.3549805e+01
   3.7729760e+06   2.1179199e+01
   3.7729980e+06   1.2695312e+01
   3.7730340e+06   1.5258789e+01
   4.0808110e+06   1.2573242e+01
   4.0808960e+06   1.4648438e+01
   4.0809210e+06   1.5502930e+01
   4.0809350e+06   1.9287109e+01
   4.0809500e+06   1.3793945e+01
   4.0809740e+06   2.1179199e+01
   4.0810210e+06   1.4221191e+01
   4.0810380e+06   1.3977051e+01
   4.0814130e+06   1.2878418e+01
   4.0816420e+06   1.2573242e+01
   4.0817360e+06   1.2634277e+01
   4.0820610e+06   1.5991211e+01
   4.0821400e+06   1.3061523e+01
   4.0911560e+06   1.4465332e+01
   4.1869480e+06   2.0629883e+01
   4.1870040e+06   2.0263672e+01
   4.1870390e+06   1.7150879e+01
   4.1871750e+06   1.3061523e+01
   4.1872160e+06   1.4038086e+01
   4.1873050e+06   1.2329102e+01
   4.1948630e+06   1.5502930e+01
   4.2201780e+06   1.2878418e+01
   4.5101960e+06   1.4404297e+01
   4.5102760e+06   1.2695312e+01
   4.5103370e+06   1.3610840e+01
   4.5104450e+06   1.8371582e+01
   4.5104800e+06   1.4465332e+01
   4.5105140e+06   1.6235352e+01
   4.5105510e+06   1.4404297e+01
   4.5105920e+06   1.7395020e+01
   4.5106500e+06   1.3061523e+01
   4.5108450e+06   1.5563965e+01
   4.5109840e+06   1.5625000e+01
   4.5110670e+06   1.8371582e+01
   4.5112530e+06   1.5136719e+01
   4.5113790e+06   1.3732910e+01
   4.5115530e+06   1.5686035e+01
   4.5116570e+06   1.5319824e+01
   4.5118900e+06   1.4160156e+01
   4.5120080e+06   1.5563965e+01
   4.5121310e+06   1.4404297e+01
   4.5167700e+06   1.5686035e+01
   4.5548590e+06   1.2939453e+01
   4.5552360e+06   1.2451172e+01
   4.8253800e+06   1.3183594e+01
   4.8254540e+06   1.3183594e+01
   4.8255360e+06   1.3122559e+01
   4.8282480e+06   1.2573242e+01
   4.8290310e+06   1.4221191e+01
   4.9334210e+06   1.2512207e+01
   5.0291180e+06   1.2817383e+01
   5.0293320e+06   1.2573242e+01
   5.0294130e+06   1.2390137e+01
   5.0295620e+06   1.3000488e+01
   5.0296720e+06   1.4343262e+01
   5.0302150e+06   1.3305664e+01
   5.4086420e+06   1.2878418e+01
   5.4105930e+06   1.2756348e+01
   5.4213260e+06   1.2451172e+01
   5.4213720e+06   1.5136719e+01
   5.4214160e+06   1.4343262e+01
   5.4214330e+06   2.0324707e+01
   5.4214490e+06   1.3793945e+01
   5.4215070e+06   1.2451172e+01
   5.4215360e+06   1.3671875e+01
   5.4215760e+06   1.6174316e+01
   5.4220310e+06   1.3366699e+01
   5.4225060e+06   1.3305664e+01
   5.4238820e+06   1.3793945e+01
   5.4356750e+06   1.3366699e+01
   5.4359680e+06   1.3427734e+01
   5.4361710e+06   1.4343262e+01
   5.4386660e+06   1.3916016e+01
   5.4455280e+06   1.2573242e+01
   5.8775510e+06   1.2817383e+01
   5.8775920e+06   1.3427734e+01
   5.8776320e+06   1.4648438e+01
   5.8776840e+06   1.3061523e+01
   5.8779100e+06   1.3000488e+01
   5.8780220e+06   1.2390137e+01
   5.8784750e+06   1.2573242e+01
   5.8786310e+06   1.2817383e+01
   5.8923650e+06   1.2329102e+01
   5.8992780e+06   1.3977051e+01
   5.9010010e+06   1.3000488e+01
   5.9017630e+06   1.2390137e+01
   5.9335220e+06   1.2512207e+01
   5.9335330e+06   1.2573242e+01
   5.9335660e+06   1.4648438e+01
   5.9335930e+06   1.5808105e+01
   5.9336560e+06   1.4709473e+01
   5.9337140e+06   1.2634277e+01
   5.9337350e+06   1.3916016e+01
   5.9352300e+06   1.2939453e+01
   5.9566370e+06   1.2939453e+01
