   5.9990000e+06   0.0000000e+00
   1.3185400e+05   1.3732910e+01
   1.3188600e+05   1.5075684e+01
   1.3190100e+05   1.3183594e+01
   1.3193200e+05   1.2878418e+01
   1.3203900e+05   1.2329102e+01
   1.6762800e+05   1.5930176e+01
   1.6765300e+05   1.2756348e+01
   1.6770900e+05   1.5441895e+01
   1.6775000e+05   1.3854980e+01
   1.6779700e+05   1.3854980e+01
   1.6785300e+05   1.2512207e+01
   1.6786900e+05   1.4526367e+01
   3.1000500e+05   1.6296387e+01
   3.1002600e+05   1.5930176e+01
   3.1007000e+05   1.4343262e+01
   3.1009400e+05   1.3854980e+01
   3.1022200e+05   1.2512207e+01
   4.1225100e+05   1.4953613e+01
   4.1226600e+05   1.4953613e+01
   5.5077500e+05   1.5380859e+01
   5.5085200e+05   1.4038086e+01
   5.5095600e+05   1.3427734e+01
   6.3063100e+05   1.3366699e+01
   7.2332800e+05   1.2390137e+01
   7.3687800e+05   1.5075684e+01
   7.3689700e+05   1.5380859e+01
   7.3696400e+05   1.3610840e+01
   1.0313740e+06   1.3610840e+01
   1.0313890e+06   1.8127441e+01
   1.0315640e+06   1.3610840e+01
   1.0505120e+06   1.4160156e+01
   1.0505710e+06   1.2390137e+01
   1.0506660e+06   1.2634277e+01
   1.2090980e+06   1.2756348e+01
   1.2091210e+06   1.7089844e+01
   1.2091350e+06   1.3854980e+01
   1.2091840e+06   1.2878418e+01
   1.2092850e+06   1.3977051e+01
   1.4384640e+06   1.5258789e+01
   1.4384780e+06   1.2817383e+01
   1.4385040e+06   1.4587402e+01
   1.5920880e+06   1.2817383e+01
   1.5921240e+06   1.2695313e+01
   1.5922940e+06   1.2329102e+01
   1.6281050e+06   1.2512207e+01
   1.7384180e+06   1.9653320e+01
   1.7384610e+06   1.2634277e+01
   1.7385370e+06   1.2573242e+01
   1.7573670e+06   1.5502930e+01
   1.7574240e+06   1.5869141e+01
   1.7574400e+06   1.2878418e+01
   1.7575960e+06   1.5197754e+01
   1.8533450e+06   1.4770508e+01
   1.8533710e+06   1.5625000e+01
   1.8534080e+06   1.3488770e+01
   1.9195600e+06   1.6052246e+01
   1.9196160e+06   1.7211914e+01
   1.9196400e+06   1.3916016e+01
   1.9197450e+06   1.2451172e+01
   1.9197890e+06   1.2512207e+01
   1.9848380e+06   1.3244629e+01
   1.9848610e+06   1.2695312e+01
   1.9848770e+06   1.4160156e+01
   1.9849050e+06   1.3793945e+01
   1.9849710e+06   1.3671875e+01
   1.9850680e+06   1.2451172e+01
   2.1382770e+06   1.4343262e+01
   2.1382920e+06   1.2695312e+01
   2.1383250e+06   1.5869141e+01
   2.1383550e+06   2.1667480e+01
   2.1384330e+06   1.4404297e+01
   2.1384880e+06   1.3793945e+01
   2.2311420e+06   1.3061523e+01
   2.2311770e+06   1.3977051e+01
   2.2312340e+06   1.8127441e+01
   2.2312610e+06   1.5991211e+01
   2.2312770e+06   1.3061523e+01
   2.2313100e+06   1.3305664e+01
   2.2314450e+06   1.4221191e+01
   2.4728630e+06   1.6662598e+01
   2.4728810e+06   1.3549805e+01
   2.4729520e+06   1.4465332e+01
   2.4731170e+06   1.3061523e+01
   2.5711510e+06   1.6174316e+01
   2.5712560e+06   1.6479492e+01
   2.5712980e+06   1.4953613e+01
   2.5714660e+06   1.4099121e+01
   2.5714820e+06   1.5686035e+01
   2.5715160e+06   1.2451172e+01
   2.6015120e+06   1.2878418e+01
   2.9831050e+06   1.3183594e+01
   2.9831970e+06   1.5014648e+01
   2.9832820e+06   1.2451172e+01
   2.9832920e+06   1.3244629e+01
   2.9833500e+06   1.3793945e+01
   3.3567850e+06   1.5808105e+01
   3.3568610e+06   1.2817383e+01
   3.5295640e+06   1.3244629e+01
   3.5295960e+06   1.2390137e+01
   3.5296130e+06   1.6967773e+01
   3.5296740e+06   1.2451172e+01
   3.5297300e+06   1.3366699e+01
   3.6547220e+06   1.2634277e+01
   3.6547470e+06   1.2451172e+01
   3.6547860e+06   1.3610840e+01
   3.6548120e+06   1.3427734e+01
   3.6549090e+06   1.2756348e+01
   3.6550950e+06   1.2634277e+01
   3.7730640e+06   1.4648438e+01
   3.7731370e+06   1.3488770e+01
   3.7733230e+06   1.2573242e+01
   3.9388100e+06   1.2878418e+01
   4.0809650e+06   1.4465332e+01
   4.1870980e+06   1.8554688e+01
   4.1871160e+06   1.7333984e+01
   4.1871530e+06   1.2878418e+01
   4.1871660e+06   1.5808105e+01
   4.1872020e+06   1.2390137e+01
   4.1872410e+06   1.4770508e+01
   4.5105840e+06   1.3122559e+01
   4.5107900e+06   1.3305664e+01
   4.5546330e+06   1.2695312e+01
   4.5546860e+06   1.3122559e+01
   4.5547050e+06   1.3427734e+01
   4.5547630e+06   1.2512207e+01
   4.5547740e+06   1.5625000e+01
   4.8256400e+06   1.7028809e+01
   4.8256550e+06   1.3977051e+01
   4.8257190e+06   1.3977051e+01
   5.0294620e+06   1.4099121e+01
   5.0295030e+06   1.7639160e+01
   5.0295450e+06   1.3977051e+01
   5.0296480e+06   1.3122559e+01
   5.4213810e+06   1.3305664e+01
   5.4216350e+06   1.2695312e+01
   5.8777850e+06   1.3366699e+01
   5.8778070e+06   1.3793945e+01
   5.8778410e+06   1.2573242e+01
   5.8779660e+06   1.4038086e+01
   5.8866550e+06   1.2451172e+01
   5.9337840e+06   1.4343262e+01
   5.9338010e+06   1.6845703e+01
   5.9338240e+06   1.3366699e+01
   5.9338660e+06   1.3488770e+01
   5.9338970e+06   1.5075684e+01
