   5.9990000e+06   0.0000000e+00
   6.2466000e+04   1.2329102e+01
   9.8617000e+04   1.2268066e+01
   1.1098500e+05   1.2145996e+01
   1.3181700e+05   1.4099121e+01
   1.3184400e+05   1.2634277e+01
   1.3188300e+05   1.8615723e+01
   1.3189300e+05   1.5441895e+01
   1.6761900e+05   1.6235352e+01
   1.6769400e+05   1.4099121e+01
   1.6776200e+05   1.3916016e+01
   1.6783300e+05   1.6174316e+01
   1.6785000e+05   1.2512207e+01
   1.6791200e+05   1.2145996e+01
   1.6821200e+05   1.2634277e+01
   1.6932700e+05   1.4892578e+01
   1.6947300e+05   1.2573242e+01
   1.9849400e+05   1.2390137e+01
   2.2194200e+05   1.3183594e+01
   2.4834900e+05   1.2207031e+01
   2.6473300e+05   1.2145996e+01
   2.7993600e+05   1.2695313e+01
   3.0999800e+05   1.3183594e+01
   3.1001300e+05   1.3000488e+01
   3.1003300e+05   1.2756348e+01
   3.1006300e+05   1.4282227e+01
   3.1140200e+05   1.2756348e+01
   3.1202200e+05   1.3122559e+01
   3.1245300e+05   1.2878418e+01
   3.1279200e+05   1.2268066e+01
   3.1320100e+05   1.2268066e+01
   3.1377500e+05   1.2268066e+01
   3.2152800e+05   1.4099121e+01
   3.3324000e+05   1.3244629e+01
   3.4862900e+05   1.3122559e+01
   3.8426000e+05   1.3488770e+01
   4.1223200e+05   2.0202637e+01
   4.1226900e+05   1.3183594e+01
   4.1231700e+05   1.2695313e+01
   4.1236300e+05   1.2573242e+01
   4.1463800e+05   1.4648438e+01
   4.1481700e+05   1.2145996e+01
   4.1581200e+05   1.3977051e+01
   4.1603600e+05   1.4587402e+01
   5.5075200e+05   2.0141602e+01
   5.5077500e+05   1.9226074e+01
   5.5079300e+05   1.2939453e+01
   5.5083700e+05   1.3122559e+01
   5.5088100e+05   1.2695313e+01
   5.5322100e+05   1.2695313e+01
   5.5379800e+05   1.2329102e+01
   5.5431400e+05   1.2573242e+01
   5.5451200e+05   1.2939453e+01
   6.0077100e+05   1.2939453e+01
   6.0569000e+05   1.2145996e+01
   6.2544000e+05   1.2268066e+01
   6.6721500e+05   1.2390137e+01
   6.7101800e+05   1.2634277e+01
   6.9143100e+05   1.2695312e+01
   6.9288500e+05   1.2329102e+01
   7.3684900e+05   1.2573242e+01
   7.3687700e+05   1.9836426e+01
   7.3690300e+05   1.4221191e+01
   7.3692500e+05   1.4587402e+01
   7.3696200e+05   1.3732910e+01
   7.3697600e+05   1.4160156e+01
   7.3699100e+05   1.2756348e+01
   7.3745300e+05   1.2695313e+01
   7.3825900e+05   1.3122559e+01
   7.3943700e+05   1.2939453e+01
   7.3961800e+05   1.3061523e+01
   7.3993200e+05   1.2390137e+01
   7.4018000e+05   1.3305664e+01
   8.5358000e+05   1.2268066e+01
   9.3943800e+05   1.3122559e+01
   9.7931400e+05   1.3000488e+01
   1.0313320e+06   1.9897461e+01
   1.0313860e+06   1.4404297e+01
   1.0314440e+06   1.3916016e+01
   1.0315020e+06   1.3549805e+01
   1.0325570e+06   1.3061523e+01
   1.0505080e+06   1.2756348e+01
   1.0505190e+06   1.3366699e+01
   1.0505540e+06   1.2939453e+01
   1.0505770e+06   1.8310547e+01
   1.0521380e+06   1.2817383e+01
   1.0526680e+06   1.3061523e+01
   1.0530100e+06   1.3366699e+01
   1.0535090e+06   1.2695312e+01
   1.0679960e+06   1.2145996e+01
   1.1217840e+06   1.3610840e+01
   1.1273000e+06   1.3305664e+01
   1.2091050e+06   1.3488770e+01
   1.2091290e+06   1.6174316e+01
   1.2091650e+06   1.3793945e+01
   1.2091860e+06   1.3366699e+01
   1.2092430e+06   1.3183594e+01
   1.2093020e+06   1.4953613e+01
   1.2106430e+06   1.4099121e+01
   1.2112420e+06   1.5563965e+01
   1.2618390e+06   1.2695312e+01
   1.4273390e+06   1.2756348e+01
   1.4384410e+06   1.3488770e+01
   1.4384820e+06   1.2329102e+01
   1.4385090e+06   2.5329590e+01
   1.4386340e+06   1.3916016e+01
   1.4386810e+06   1.2451172e+01
   1.4391680e+06   1.2512207e+01
   1.5554660e+06   1.3183594e+01
   1.5921740e+06   1.6052246e+01
   1.5922870e+06   1.3854980e+01
   1.5923200e+06   1.3000488e+01
   1.5923970e+06   1.2390137e+01
   1.6999720e+06   1.3122559e+01
   1.7040550e+06   1.2817383e+01
   1.7383760e+06   1.3854980e+01
   1.7384150e+06   1.3427734e+01
   1.7384270e+06   1.7822266e+01
   1.7384800e+06   1.6906738e+01
   1.7384940e+06   1.3305664e+01
   1.7393020e+06   1.2695312e+01
   1.7573430e+06   1.2207031e+01
   1.7573710e+06   1.4709473e+01
   1.7573820e+06   1.5380859e+01
   1.7574200e+06   1.4648438e+01
   1.7575080e+06   1.2390137e+01
   1.7575370e+06   1.3549805e+01
   1.7599370e+06   1.4221191e+01
   1.7602190e+06   1.2939453e+01
   1.8395370e+06   1.3427734e+01
   1.8532670e+06   2.1179199e+01
   1.8533230e+06   1.5869141e+01
   1.8533460e+06   1.2695312e+01
   1.8533850e+06   1.3366699e+01
   1.8534480e+06   1.4343262e+01
   1.8535640e+06   1.2207031e+01
   1.8544140e+06   1.2268066e+01
   1.8550510e+06   1.4099121e+01
   1.9032020e+06   1.2512207e+01
   1.9195380e+06   1.6052246e+01
   1.9195560e+06   1.3061523e+01
   1.9195830e+06   1.4160156e+01
   1.9195930e+06   1.2939453e+01
   1.9196360e+06   1.2329102e+01
   1.9196580e+06   1.5136719e+01
   1.9197180e+06   1.2512207e+01
   1.9197840e+06   1.2329102e+01
   1.9207880e+06   1.2512207e+01
   1.9211930e+06   1.4709473e+01
   1.9213640e+06   1.2512207e+01
   1.9711770e+06   1.2329102e+01
   1.9848090e+06   2.6062012e+01
   1.9848700e+06   1.2634277e+01
   1.9849370e+06   1.3183594e+01
   1.9850900e+06   1.3183594e+01
   1.9851540e+06   1.2634277e+01
   2.1133290e+06   1.3122559e+01
   2.1383060e+06   1.3244629e+01
   2.1383360e+06   1.5014648e+01
   2.1383560e+06   1.3000488e+01
   2.1384190e+06   1.3244629e+01
   2.1385160e+06   1.5563965e+01
   2.1385900e+06   1.3854980e+01
   2.2311660e+06   1.2329102e+01
   2.2312450e+06   1.4648438e+01
   2.2312600e+06   2.1728516e+01
   2.2313330e+06   1.7333984e+01
   2.2314240e+06   1.2451172e+01
   2.2315960e+06   1.2634277e+01
   2.2320620e+06   1.6174316e+01
   2.3202010e+06   1.2817383e+01
   2.3649590e+06   1.3549805e+01
   2.4501210e+06   1.2268066e+01
   2.4712230e+06   1.2268066e+01
   2.4728410e+06   1.2695312e+01
   2.4729030e+06   1.2329102e+01
   2.4729750e+06   1.2451172e+01
   2.4730740e+06   1.7395020e+01
   2.4733000e+06   1.9714355e+01
   2.5712540e+06   1.3549805e+01
   2.5713420e+06   1.2695312e+01
   2.5837110e+06   1.3122559e+01
   2.6123870e+06   1.2695312e+01
   2.6687300e+06   1.2390137e+01
   2.7266570e+06   1.2878418e+01
   2.8039200e+06   1.3549805e+01
   2.8868150e+06   1.3793945e+01
   2.9831090e+06   1.3305664e+01
   2.9831670e+06   1.3244629e+01
   3.0064540e+06   1.2634277e+01
   3.0603800e+06   1.2329102e+01
   3.0969500e+06   1.2268066e+01
   3.1036520e+06   1.2756348e+01
   3.2189810e+06   1.4160156e+01
   3.3045840e+06   1.2573242e+01
   3.3403260e+06   1.3122559e+01
   3.3569420e+06   2.2277832e+01
   3.3570250e+06   1.6113281e+01
   3.3571030e+06   1.2573242e+01
   3.3572940e+06   1.2878418e+01
   3.3574040e+06   1.3061523e+01
   3.3574980e+06   1.2268066e+01
   3.3575910e+06   1.3183594e+01
   3.3576850e+06   1.3793945e+01
   3.3577900e+06   1.6662598e+01
   3.3579020e+06   1.2512207e+01
   3.3580150e+06   1.3122559e+01
   3.3581180e+06   1.2390137e+01
   3.3582260e+06   1.4038086e+01
   3.3583480e+06   1.3000488e+01
   3.3874120e+06   1.2878418e+01
   3.4592300e+06   1.2329102e+01
   3.5295430e+06   1.3122559e+01
   3.5296410e+06   1.4343262e+01
   3.5296600e+06   2.0874023e+01
   3.5307860e+06   1.3122559e+01
   3.5311260e+06   1.2939453e+01
   3.5312560e+06   1.3000488e+01
   3.6003380e+06   1.2756348e+01
   3.6547560e+06   1.4099121e+01
   3.6548060e+06   1.6418457e+01
   3.6548360e+06   1.5625000e+01
   3.6548960e+06   1.4648438e+01
   3.6569200e+06   1.5136719e+01
   3.7273750e+06   1.3183594e+01
   3.7730720e+06   1.6479492e+01
   3.7731060e+06   1.3671875e+01
   3.7731300e+06   1.3854980e+01
   3.7731840e+06   1.2512207e+01
   3.7732330e+06   1.5075684e+01
   3.7743920e+06   1.2878418e+01
   3.7784290e+06   1.5136719e+01
   3.7799310e+06   1.4160156e+01
   3.8576290e+06   1.2451172e+01
   3.9822960e+06   1.2756348e+01
   4.0811140e+06   1.6418457e+01
   4.0812070e+06   1.4404297e+01
   4.0812930e+06   1.2390137e+01
   4.0813990e+06   1.3671875e+01
   4.1164360e+06   1.2878418e+01
   4.1867480e+06   1.2451172e+01
   4.1871560e+06   1.7150879e+01
   4.1872230e+06   1.6723633e+01
   4.1872860e+06   1.6418457e+01
   4.1879300e+06   1.3122559e+01
   4.1881510e+06   1.3977051e+01
   4.1889200e+06   1.2451172e+01
   4.3041000e+06   1.2634277e+01
   4.3614770e+06   1.2573242e+01
   4.4139280e+06   1.2634277e+01
   4.5105890e+06   1.2695312e+01
   4.5106340e+06   1.2268066e+01
   4.5107090e+06   1.7700195e+01
   4.5107330e+06   1.3122559e+01
   4.5107780e+06   1.4038086e+01
   4.5108300e+06   1.4282227e+01
   4.5108960e+06   1.2939453e+01
   4.5112600e+06   1.3671875e+01
   4.5113610e+06   1.3061523e+01
   4.5114630e+06   1.2817383e+01
   4.5115650e+06   1.4465332e+01
   4.5116760e+06   1.2939453e+01
   4.5117870e+06   1.3000488e+01
   4.5547660e+06   1.8493652e+01
   4.5547940e+06   1.2573242e+01
   4.5548630e+06   1.2329102e+01
   4.5548860e+06   1.3916016e+01
   4.5549720e+06   1.8249512e+01
   4.5550360e+06   1.2878418e+01
   4.5551030e+06   1.2268066e+01
   4.5551330e+06   1.2268066e+01
   4.5554460e+06   1.2512207e+01
   4.7235350e+06   1.2878418e+01
   4.7990640e+06   1.2268066e+01
   4.8225170e+06   1.2329102e+01
   4.8256070e+06   1.2512207e+01
   4.8256640e+06   1.3977051e+01
   4.8257760e+06   1.4770508e+01
   4.8258540e+06   1.3488770e+01
   4.8259220e+06   1.5625000e+01
   4.8259420e+06   1.3427734e+01
   4.8260160e+06   1.4465332e+01
   4.8262810e+06   1.5441895e+01
   4.8564520e+06   1.3000488e+01
   4.8926930e+06   1.2512207e+01
   5.0296130e+06   1.9042969e+01
   5.0297130e+06   1.9897461e+01
   5.0298260e+06   1.3854980e+01
   5.0299560e+06   1.5014648e+01
   5.1799860e+06   1.2329102e+01
   5.2257890e+06   1.4038086e+01
   5.2643520e+06   1.2695312e+01
   5.2776090e+06   1.3366699e+01
   5.3579690e+06   1.5075684e+01
   5.4390700e+06   1.2878418e+01
   5.4474030e+06   1.2756348e+01
   5.4572990e+06   1.2756348e+01
   5.7185820e+06   1.2634277e+01
   5.8515040e+06   1.2329102e+01
   5.8778780e+06   1.3671875e+01
   5.8779500e+06   1.7395020e+01
   5.8780060e+06   1.8005371e+01
   5.8780730e+06   1.2878418e+01
   5.8782500e+06   1.3061523e+01
   5.8783500e+06   1.3366699e+01
   5.8784290e+06   1.2878418e+01
   5.8789660e+06   1.2695312e+01
   5.8791550e+06   1.4099121e+01
   5.8794410e+06   1.2939453e+01
   5.8795750e+06   1.3000488e+01
   5.8796900e+06   1.3793945e+01
   5.8801080e+06   1.3061523e+01
   5.9282060e+06   1.2390137e+01
   5.9337770e+06   1.5258789e+01
   5.9338130e+06   2.1911621e+01
   5.9338710e+06   1.5747070e+01
   5.9339260e+06   1.2451172e+01
   5.9339860e+06   1.2329102e+01
   5.9356590e+06   1.2939453e+01
   5.9360860e+06   1.4282227e+01
   5.9366980e+06   1.2451172e+01
   5.9569560e+06   1.2634277e+01
