   5.9990000e+06   0.0000000e+00
   1.3188600e+05   1.3061523e+01
   1.6792100e+05   1.3366699e+01
   3.1005900e+05   1.4770508e+01
   5.5072600e+05   1.7517090e+01
   7.3691600e+05   1.3732910e+01
   1.0315680e+06   1.3427734e+01
   1.0504240e+06   1.3244629e+01
   1.0506110e+06   1.4953613e+01
   1.5920600e+06   1.2939453e+01
   1.7574170e+06   1.3977051e+01
   2.1383860e+06   1.4587402e+01
   3.5294910e+06   1.4221191e+01
   3.7730770e+06   1.4831543e+01
   3.7731450e+06   1.2939453e+01
   3.7731800e+06   1.3061523e+01
   4.0810360e+06   1.4770508e+01
   4.1126310e+06   1.2939453e+01
   4.1870880e+06   1.4404297e+01
   4.5105760e+06   1.3854980e+01
   4.5106470e+06   1.4099121e+01
   4.8259640e+06   1.3061523e+01
   5.4212880e+06   1.3061523e+01
   5.8778730e+06   1.3977051e+01
