   5.9990000e+06   0.0000000e+00
   1.3188600e+05   1.5197754e+01
   1.3189600e+05   1.9714355e+01
   1.3195100e+05   1.3427734e+01
   1.3198000e+05   1.8371582e+01
   1.3200200e+05   1.3366699e+01
   1.3204300e+05   1.4099121e+01
   1.6774900e+05   1.6540527e+01
   1.6776400e+05   1.4343262e+01
   1.6779700e+05   1.3671875e+01
   1.6785600e+05   1.3793945e+01
   1.6788000e+05   1.4282227e+01
   1.6790200e+05   1.3427734e+01
   1.6793700e+05   1.8249512e+01
   1.6797800e+05   1.4282227e+01
   1.6798800e+05   1.6967773e+01
   1.6807500e+05   1.4160156e+01
   3.0997900e+05   1.4465332e+01
   3.1001400e+05   1.3488770e+01
   3.1004000e+05   1.6174316e+01
   3.1006600e+05   1.6113281e+01
   3.1007900e+05   1.7761230e+01
   3.1008900e+05   1.7883301e+01
   3.1011900e+05   1.7944336e+01
   3.1015000e+05   1.4221191e+01
   3.1019500e+05   1.7211914e+01
   3.1020700e+05   1.3671875e+01
   3.1024800e+05   1.4160156e+01
   3.1028200e+05   1.6662598e+01
   4.1213200e+05   1.3732910e+01
   4.1215600e+05   1.3732910e+01
   4.1217600e+05   1.7700195e+01
   4.1219600e+05   1.4282227e+01
   4.1221900e+05   1.9775391e+01
   4.1226300e+05   1.5808105e+01
   4.1229300e+05   1.3549805e+01
   5.4844800e+05   1.3610840e+01
   5.5078600e+05   1.4526367e+01
   5.5084900e+05   1.3793945e+01
   7.3675800e+05   2.1057129e+01
   7.3678600e+05   1.7517090e+01
   7.3683300e+05   1.9531250e+01
   7.3686700e+05   1.4709473e+01
   7.3693700e+05   1.3793945e+01
   7.3705300e+05   1.4160156e+01
   1.0313400e+06   1.7028809e+01
   1.0313530e+06   1.5380859e+01
   1.0313900e+06   1.5075684e+01
   1.0314140e+06   1.4953613e+01
   1.0314510e+06   1.6845703e+01
   1.0314860e+06   1.6296387e+01
   1.0315280e+06   1.3488770e+01
   1.0503370e+06   1.3671875e+01
   1.0504570e+06   1.5869141e+01
   1.0505720e+06   1.4160156e+01
   1.0505870e+06   1.3671875e+01
   1.0507120e+06   1.5136719e+01
   1.0508770e+06   1.3488770e+01
   1.1517330e+06   1.3366699e+01
   1.2089910e+06   1.3549805e+01
   1.2090190e+06   1.4526367e+01
   1.2090640e+06   1.6235352e+01
   1.2090880e+06   1.5380859e+01
   1.2091160e+06   1.7272949e+01
   1.2091510e+06   2.0080566e+01
   1.2091790e+06   2.2521973e+01
   1.4382560e+06   1.4770508e+01
   1.4383260e+06   1.4648438e+01
   1.4383560e+06   1.5136719e+01
   1.4384040e+06   1.8188477e+01
   1.4384400e+06   1.3977051e+01
   1.4384680e+06   1.7089844e+01
   1.4384920e+06   1.4465332e+01
   1.4386260e+06   1.4343262e+01
   1.4386630e+06   1.8493652e+01
   1.4387070e+06   1.3427734e+01
   1.5919910e+06   1.3488770e+01
   1.5920260e+06   1.4892578e+01
   1.5920470e+06   1.5991211e+01
   1.5920770e+06   1.5563965e+01
   1.5920920e+06   1.6174316e+01
   1.5921170e+06   1.8005371e+01
   1.5921330e+06   1.5563965e+01
   1.5921510e+06   1.4404297e+01
   1.5921880e+06   1.5075684e+01
   1.5922040e+06   1.3732910e+01
   1.5922530e+06   1.8493652e+01
   1.7383720e+06   1.4892578e+01
   1.7383850e+06   1.3549805e+01
   1.7384170e+06   1.5991211e+01
   1.7384720e+06   1.3549805e+01
   1.7385050e+06   1.6418457e+01
   1.7571300e+06   1.3671875e+01
   1.7572140e+06   1.9470215e+01
   1.7573420e+06   1.4892578e+01
   1.7573520e+06   1.3488770e+01
   1.7574300e+06   1.6235352e+01
   1.8532060e+06   1.3916016e+01
   1.8532950e+06   1.3427734e+01
   1.8533830e+06   1.3854980e+01
   1.8533980e+06   1.6052246e+01
   1.9194300e+06   1.5930176e+01
   1.9195100e+06   1.4709473e+01
   1.9195910e+06   1.8188477e+01
   1.9196430e+06   1.3916016e+01
   1.9847540e+06   1.3610840e+01
   1.9848740e+06   1.3427734e+01
   1.9849270e+06   1.4038086e+01
   1.9849730e+06   1.3610840e+01
   1.9850180e+06   1.5380859e+01
   2.0767620e+06   1.4160156e+01
   2.1382990e+06   1.5197754e+01
   2.1383360e+06   1.6235352e+01
   2.1383770e+06   1.5930176e+01
   2.1384250e+06   1.3916016e+01
   2.1384520e+06   1.3854980e+01
   2.1384720e+06   1.5136719e+01
   2.1385100e+06   1.6723633e+01
   2.2311010e+06   1.7395020e+01
   2.2311550e+06   1.4465332e+01
   2.2311990e+06   1.3793945e+01
   2.2312340e+06   1.4526367e+01
   2.2312860e+06   1.5197754e+01
   2.2313550e+06   1.3793945e+01
   2.4726200e+06   1.3793945e+01
   2.4726730e+06   1.3427734e+01
   2.4727030e+06   1.5991211e+01
   2.4727600e+06   1.4648438e+01
   2.4728600e+06   1.4099121e+01
   2.4728900e+06   1.5441895e+01
   2.4729270e+06   1.4953613e+01
   2.4731550e+06   1.3366699e+01
   2.4731960e+06   1.3977051e+01
   2.5710360e+06   1.3427734e+01
   2.5713950e+06   1.3977051e+01
   2.7414590e+06   1.4221191e+01
   2.7416190e+06   1.6235352e+01
   2.9829530e+06   1.4526367e+01
   2.9830020e+06   1.4221191e+01
   2.9830250e+06   1.5441895e+01
   2.9830910e+06   1.4709473e+01
   2.9831650e+06   1.5258789e+01
   2.9832400e+06   1.4892578e+01
   2.9833740e+06   1.4831543e+01
   2.9833960e+06   1.4343262e+01
   3.3565880e+06   1.3366699e+01
   3.3566260e+06   1.4038086e+01
   3.3567240e+06   1.4526367e+01
   3.3567750e+06   1.6052246e+01
   3.3568280e+06   1.5869141e+01
   3.3568430e+06   1.8432617e+01
   3.3568940e+06   1.3732910e+01
   3.3569190e+06   1.6418457e+01
   3.3569910e+06   1.4465332e+01
   3.3570230e+06   1.3671875e+01
   3.3570420e+06   1.4282227e+01
   3.5294300e+06   1.5991211e+01
   3.5294980e+06   1.8737793e+01
   3.5295370e+06   1.5869141e+01
   3.5295640e+06   1.7028809e+01
   3.5296060e+06   1.4282227e+01
   3.5296240e+06   1.6418457e+01
   3.5296470e+06   1.5869141e+01
   3.5296950e+06   1.5563965e+01
   3.5297220e+06   1.4404297e+01
   3.5299290e+06   1.3427734e+01
   3.6546310e+06   1.3305664e+01
   3.6546430e+06   1.5747070e+01
   3.6546980e+06   1.8371582e+01
   3.6547620e+06   1.6296387e+01
   3.6547730e+06   1.4831543e+01
   3.6548150e+06   1.6052246e+01
   3.6548620e+06   1.4587402e+01
   3.6549710e+06   1.3793945e+01
   3.7730100e+06   1.6601562e+01
   3.7730540e+06   1.8920898e+01
   3.7730950e+06   1.9165039e+01
   3.7731340e+06   1.5502930e+01
   3.7732640e+06   1.3366699e+01
   3.9676360e+06   1.3427734e+01
   4.0806980e+06   1.3916016e+01
   4.0807240e+06   1.4221191e+01
   4.0808610e+06   1.4526367e+01
   4.0809410e+06   1.6845703e+01
   4.0809730e+06   1.3427734e+01
   4.0810020e+06   2.0141602e+01
   4.0810260e+06   1.3610840e+01
   4.0810460e+06   1.6784668e+01
   4.0811010e+06   1.8371582e+01
   4.0811690e+06   1.4831543e+01
   4.1870620e+06   1.4099121e+01
   4.1870900e+06   1.3916016e+01
   4.1871080e+06   1.4892578e+01
   4.1871590e+06   1.6845703e+01
   4.1872040e+06   1.7333984e+01
   4.5104100e+06   1.4282227e+01
   4.5104300e+06   1.3427734e+01
   4.5104950e+06   1.3488770e+01
   4.5105400e+06   1.3793945e+01
   4.5106090e+06   1.4526367e+01
   4.5106300e+06   1.4404297e+01
   4.5106760e+06   1.3671875e+01
   4.5106920e+06   1.4709473e+01
   4.5107110e+06   1.4404297e+01
   4.5107840e+06   1.6784668e+01
   4.5109250e+06   1.3305664e+01
   4.5543990e+06   1.5380859e+01
   4.5545650e+06   1.3610840e+01
   4.5546430e+06   1.3610840e+01
   4.7988380e+06   1.3488770e+01
   4.8081200e+06   1.3488770e+01
   4.8255180e+06   1.3732910e+01
   4.8255560e+06   1.5502930e+01
   4.8255890e+06   1.5197754e+01
   4.8256650e+06   1.5808105e+01
   4.8256820e+06   1.3977051e+01
   4.8257140e+06   1.8981934e+01
   4.8257900e+06   1.3854980e+01
   4.8258390e+06   1.5563965e+01
   5.0292250e+06   1.5625000e+01
   5.0293350e+06   1.4038086e+01
   5.0293880e+06   1.5930176e+01
   5.0294630e+06   1.6845703e+01
   5.0294920e+06   1.3366699e+01
   5.0295810e+06   1.5747070e+01
   5.0296480e+06   1.4343262e+01
   5.0297810e+06   1.3854980e+01
   5.0300250e+06   1.3977051e+01
   5.4212430e+06   1.3427734e+01
   5.4212670e+06   1.3671875e+01
   5.4212780e+06   1.6418457e+01
   5.4213630e+06   1.5136719e+01
   5.4214570e+06   1.3488770e+01
   5.4215190e+06   1.6479492e+01
   5.4217300e+06   1.4343262e+01
   5.4217840e+06   1.3977051e+01
   5.8776760e+06   1.3427734e+01
   5.8777110e+06   1.9104004e+01
   5.8777660e+06   1.7456055e+01
   5.8777950e+06   1.6662598e+01
   5.8778260e+06   2.0446777e+01
   5.8778660e+06   1.3916016e+01
   5.8779190e+06   1.4953613e+01
   5.8781570e+06   1.4526367e+01
   5.9336090e+06   1.3916016e+01
   5.9337040e+06   1.7456055e+01
   5.9337750e+06   1.4160156e+01
   5.9338200e+06   1.3427734e+01
   5.9339220e+06   1.3610840e+01
   5.9746310e+06   1.3549805e+01
