   5.9990000e+06   0.0000000e+00
   2.5040000e+03   2.5024414e+01
   7.5900000e+03   2.8625488e+01
   1.7007000e+04   2.6611328e+01
   2.2415000e+04   2.5817871e+01
   2.5529000e+04   2.5573730e+01
   2.7777000e+04   2.4963379e+01
   4.3470000e+04   2.6184082e+01
   4.4655000e+04   2.4658203e+01
   6.0847000e+04   2.5512695e+01
   7.0616000e+04   2.4597168e+01
   7.2274000e+04   2.5878906e+01
   8.2667000e+04   2.5634766e+01
   8.3800000e+04   2.4902344e+01
   8.4730000e+04   2.8564453e+01
   8.9257000e+04   2.9663086e+01
   9.2669000e+04   2.6062012e+01
   9.7642000e+04   2.6794434e+01
   1.0999800e+05   2.6123047e+01
   1.1052100e+05   2.9052734e+01
   1.1079000e+05   2.7404785e+01
   1.1080300e+05   2.5085449e+01
   1.1082600e+05   4.8706055e+01
   1.1089800e+05   3.1372070e+01
   1.1090800e+05   4.5471191e+01
   1.1092200e+05   4.8339844e+01
   1.1096000e+05   3.7414551e+01
   1.1097800e+05   3.2592773e+01
   1.1099900e+05   4.0344238e+01
   1.1103200e+05   3.7414551e+01
   1.1104500e+05   3.8391113e+01
   1.1107300e+05   3.4667969e+01
   1.1110500e+05   2.6855469e+01
   1.1111800e+05   3.0273438e+01
   1.1113600e+05   2.5207520e+01
   1.1135300e+05   2.5146484e+01
   1.1160400e+05   2.7587891e+01
   1.1291300e+05   3.4301758e+01
   1.1302300e+05   2.8503418e+01
   1.1315400e+05   3.6132812e+01
   1.1346100e+05   2.5512695e+01
   1.1381700e+05   2.9724121e+01
   1.1392400e+05   2.6611328e+01
   1.1417200e+05   2.6245117e+01
   1.1493700e+05   2.5268555e+01
   1.1598700e+05   2.6367188e+01
   1.1805600e+05   2.6672363e+01
   1.2053100e+05   3.0700684e+01
   1.2081800e+05   2.4597168e+01
   1.2089200e+05   2.5146484e+01
   1.2316700e+05   2.5146484e+01
   1.2498700e+05   2.5573730e+01
   1.2582900e+05   2.5878906e+01
   1.2610800e+05   2.5634766e+01
   1.3152200e+05   2.6733398e+01
   1.3580800e+05   2.6489258e+01
   1.3690200e+05   2.4963379e+01
   1.3753800e+05   2.7221680e+01
   1.3837800e+05   2.5756836e+01
   1.4110500e+05   2.5512695e+01
   1.4273200e+05   2.7465820e+01
   1.4380700e+05   2.8564453e+01
   1.4480500e+05   2.6611328e+01
   1.5033700e+05   2.7282715e+01
   1.5293300e+05   2.5634766e+01
   1.5395000e+05   2.4597168e+01
   1.5495900e+05   2.9052734e+01
   1.5840500e+05   2.4658203e+01
   1.6137000e+05   2.5024414e+01
   1.6173800e+05   2.7465820e+01
   1.6256800e+05   2.5146484e+01
   1.7408200e+05   2.4658203e+01
   1.7871300e+05   2.8503418e+01
   1.8336600e+05   2.7343750e+01
   1.8377500e+05   2.6428223e+01
   1.8874800e+05   2.6550293e+01
   1.9692600e+05   3.1005859e+01
   1.9741300e+05   2.5329590e+01
   2.0083300e+05   2.5939941e+01
   2.0481400e+05   2.6062012e+01
   2.1179100e+05   2.4597168e+01
   2.1223800e+05   2.6123047e+01
   2.1425600e+05   2.5329590e+01
   2.1900400e+05   2.6550293e+01
   2.1951900e+05   2.5268555e+01
   2.2502700e+05   2.5695801e+01
   2.2655600e+05   2.8442383e+01
   2.2796300e+05   2.6245117e+01
   2.3353000e+05   2.8442383e+01
   2.4348300e+05   2.5329590e+01
   2.4848500e+05   2.5695801e+01
   2.5477600e+05   2.4658203e+01
   2.5735200e+05   2.7526855e+01
   2.6497700e+05   2.4963379e+01
   2.7209800e+05   2.5390625e+01
   2.7490600e+05   2.5024414e+01
   2.8612100e+05   2.5817871e+01
   2.9077400e+05   2.4597168e+01
   2.9780600e+05   2.5207520e+01
   2.9940900e+05   2.4963379e+01
   3.0390500e+05   2.5451660e+01
   3.1507600e+05   2.5573730e+01
   3.1997500e+05   2.7770996e+01
   3.2075900e+05   2.5451660e+01
   3.2218000e+05   2.5695801e+01
   3.3531200e+05   2.5024414e+01
   3.4387900e+05   2.5573730e+01
   3.4527300e+05   2.6855469e+01
   3.4710600e+05   2.5085449e+01
   3.5228000e+05   2.4963379e+01
   3.5418000e+05   2.6306152e+01
   3.5923200e+05   2.7526855e+01
   3.6098400e+05   2.6977539e+01
   3.6398000e+05   2.6306152e+01
   3.6787900e+05   2.4658203e+01
   3.7684600e+05   2.5085449e+01
   3.8051800e+05   2.5573730e+01
   3.8772300e+05   2.5329590e+01
   3.8977400e+05   2.4780273e+01
   3.9119300e+05   2.6184082e+01
   4.0305300e+05   2.5878906e+01
   4.0916200e+05   2.8930664e+01
   4.2198300e+05   2.5817871e+01
   4.2681500e+05   2.9113770e+01
   4.2794100e+05   2.7648926e+01
   4.3487400e+05   2.5390625e+01
   4.4183400e+05   2.6123047e+01
   4.4384300e+05   2.7770996e+01
   4.5838300e+05   2.5695801e+01
   4.6550500e+05   2.6062012e+01
   4.7639500e+05   2.8808594e+01
   4.7966000e+05   2.5817871e+01
   4.9310300e+05   2.6306152e+01
   4.9673800e+05   2.6428223e+01
   5.0203000e+05   2.5024414e+01
   5.1021200e+05   2.7709961e+01
   5.1483900e+05   2.6611328e+01
   5.2136200e+05   2.6245117e+01
   5.2749100e+05   2.4963379e+01
   5.2924100e+05   2.5146484e+01
   5.3438500e+05   2.5756836e+01
   5.3682000e+05   2.5451660e+01
   5.4096500e+05   2.9663086e+01
   5.4812600e+05   2.4780273e+01
   5.5220300e+05   2.4902344e+01
   5.6023700e+05   2.8930664e+01
   5.7083700e+05   2.5512695e+01
   5.7214300e+05   2.6000977e+01
   5.8019300e+05   2.6672363e+01
   5.8544500e+05   2.5207520e+01
   5.9092100e+05   2.5207520e+01
   6.0284300e+05   2.4658203e+01
   6.0413000e+05   2.5390625e+01
   6.1654600e+05   2.7770996e+01
   6.3877900e+05   2.4658203e+01
   6.4326900e+05   2.8076172e+01
   6.6003000e+05   2.4780273e+01
   6.6607500e+05   2.5634766e+01
   6.7486000e+05   2.6733398e+01
   6.7801500e+05   2.5817871e+01
   6.8577900e+05   2.5634766e+01
   6.9660800e+05   2.5329590e+01
   7.1636100e+05   2.5573730e+01
   7.2254400e+05   2.7404785e+01
   7.3133900e+05   2.8381348e+01
   7.3210500e+05   2.4841309e+01
   7.3760800e+05   2.4902344e+01
   7.4366500e+05   2.4658203e+01
   7.4675200e+05   2.8442383e+01
   7.5230000e+05   2.5329590e+01
   7.5403300e+05   2.5390625e+01
   7.6289700e+05   2.5939941e+01
   7.6715400e+05   2.6855469e+01
   7.7068700e+05   2.7343750e+01
   7.7434500e+05   2.5451660e+01
   7.8077800e+05   2.6611328e+01
   7.8947200e+05   2.4841309e+01
   7.9649600e+05   2.5207520e+01
   8.0565400e+05   2.5512695e+01
   8.0653100e+05   2.5451660e+01
   8.0888500e+05   2.9968262e+01
   8.1232100e+05   2.5512695e+01
   8.2074000e+05   2.8320312e+01
   8.2571900e+05   2.6306152e+01
   8.3121500e+05   2.5207520e+01
   8.3316100e+05   2.4597168e+01
   8.3618800e+05   3.1677246e+01
   8.4026600e+05   2.4841309e+01
   8.4157400e+05   2.9418945e+01
   8.4838100e+05   2.4902344e+01
   8.4952300e+05   2.7099609e+01
   8.5497000e+05   2.5573730e+01
   8.5745200e+05   2.6123047e+01
   8.6188800e+05   2.5024414e+01
   8.6378000e+05   2.7038574e+01
   8.6964500e+05   2.4719238e+01
   8.7897000e+05   2.5390625e+01
   8.8129600e+05   2.4658203e+01
   8.8239000e+05   2.5817871e+01
   9.0054800e+05   2.5878906e+01
   9.0662200e+05   2.4780273e+01
   9.0824800e+05   2.7954102e+01
   9.2463500e+05   2.4841309e+01
   9.3021800e+05   2.5451660e+01
   9.4548100e+05   2.4658203e+01
   9.4764100e+05   2.5756836e+01
   9.6754600e+05   2.5024414e+01
   9.7479900e+05   2.9296875e+01
   9.7937400e+05   2.6123047e+01
   9.8307300e+05   2.6245117e+01
   9.8388700e+05   2.7587891e+01
   9.8556600e+05   2.5634766e+01
   9.9096100e+05   2.5146484e+01
   9.9395600e+05   2.5268555e+01
   9.9737600e+05   2.5085449e+01
   1.0023710e+06   2.7160645e+01
   1.0196590e+06   2.5573730e+01
   1.0263310e+06   2.7099609e+01
   1.0294960e+06   2.7221680e+01
   1.0352960e+06   2.4841309e+01
   1.0469410e+06   2.5268555e+01
   1.0506900e+06   2.5939941e+01
   1.0534680e+06   2.9663086e+01
   1.0669590e+06   2.5024414e+01
   1.0697550e+06   2.5817871e+01
   1.0738490e+06   2.5024414e+01
   1.0755470e+06   2.4597168e+01
   1.0914120e+06   2.7160645e+01
   1.0930660e+06   2.7038574e+01
   1.0945000e+06   2.6611328e+01
   1.1063800e+06   2.6550293e+01
   1.1111680e+06   2.6489258e+01
   1.1212360e+06   2.6611328e+01
   1.1242240e+06   2.4658203e+01
   1.1298600e+06   2.5573730e+01
   1.1354270e+06   2.6184082e+01
   1.1437710e+06   2.8808594e+01
   1.1466310e+06   2.7465820e+01
   1.1476850e+06   2.5512695e+01
   1.1513780e+06   2.5329590e+01
   1.1521530e+06   2.5451660e+01
   1.1526660e+06   2.6245117e+01
   1.1587330e+06   2.4780273e+01
   1.1637560e+06   2.6245117e+01
   1.1669970e+06   2.6855469e+01
   1.1732490e+06   2.5878906e+01
   1.1754880e+06   2.5817871e+01
   1.1788450e+06   2.4841309e+01
   1.1980590e+06   2.4780273e+01
   1.2037330e+06   2.6611328e+01
   1.2139000e+06   3.0273438e+01
   1.2255780e+06   2.5146484e+01
   1.2275010e+06   2.6733398e+01
   1.2313740e+06   2.4780273e+01
   1.2451100e+06   2.6428223e+01
   1.2470680e+06   2.6245117e+01
   1.2480120e+06   2.6611328e+01
   1.2501090e+06   2.4841309e+01
   1.2589810e+06   2.4719238e+01
   1.2692360e+06   2.6245117e+01
   1.2782410e+06   2.6550293e+01
   1.2851880e+06   2.4841309e+01
   1.2980960e+06   2.6245117e+01
   1.3005310e+06   2.5146484e+01
   1.3182540e+06   2.4719238e+01
   1.3199540e+06   2.5024414e+01
   1.3205570e+06   2.5573730e+01
   1.3214580e+06   2.6123047e+01
   1.3251040e+06   2.5634766e+01
   1.3258980e+06   2.6550293e+01
   1.3287240e+06   2.7343750e+01
   1.3316880e+06   2.8137207e+01
   1.3325090e+06   2.6000977e+01
   1.3356860e+06   2.5878906e+01
   1.3401200e+06   3.0212402e+01
   1.3421840e+06   2.5817871e+01
   1.3522900e+06   2.5878906e+01
   1.3533270e+06   2.7404785e+01
   1.3605250e+06   2.6794434e+01
   1.3663480e+06   2.5207520e+01
   1.3699370e+06   2.6550293e+01
   1.3741720e+06   2.4780273e+01
   1.3752610e+06   2.5451660e+01
   1.3990740e+06   2.7526855e+01
   1.4127980e+06   2.4597168e+01
   1.4185050e+06   2.5085449e+01
   1.4254090e+06   2.4780273e+01
   1.4317320e+06   2.5146484e+01
   1.4392710e+06   2.5085449e+01
   1.4504390e+06   2.9663086e+01
   1.4610960e+06   2.5695801e+01
   1.4695290e+06   2.5939941e+01
   1.4738570e+06   2.8442383e+01
   1.4768710e+06   2.7770996e+01
   1.4957880e+06   2.5390625e+01
   1.4967380e+06   2.6733398e+01
   1.5011720e+06   2.5634766e+01
   1.5065120e+06   2.6245117e+01
   1.5130040e+06   2.4780273e+01
   1.5260680e+06   2.9113770e+01
   1.5274540e+06   2.5878906e+01
   1.5328850e+06   2.5695801e+01
   1.5347940e+06   2.5146484e+01
   1.5425240e+06   2.4597168e+01
   1.5545580e+06   2.4963379e+01
   1.5639520e+06   2.4597168e+01
   1.5692740e+06   2.6062012e+01
   1.5806420e+06   2.5939941e+01
   1.5828410e+06   2.6794434e+01
   1.5925590e+06   2.6428223e+01
   1.6022890e+06   2.8747559e+01
   1.6053110e+06   2.5390625e+01
   1.6116720e+06   2.5817871e+01
   1.6127080e+06   2.5390625e+01
   1.6153780e+06   2.6428223e+01
   1.6165080e+06   3.1738281e+01
   1.6225490e+06   2.8198242e+01
   1.6258130e+06   2.6977539e+01
   1.6319050e+06   2.5817871e+01
   1.6327350e+06   2.6733398e+01
   1.6344380e+06   2.4719238e+01
   1.6447060e+06   2.6611328e+01
   1.6517500e+06   2.8076172e+01
   1.6722580e+06   2.4963379e+01
   1.6814920e+06   2.5268555e+01
   1.6833030e+06   2.8564453e+01
   1.6877690e+06   2.5695801e+01
   1.6966450e+06   2.6428223e+01
   1.6980940e+06   2.7282715e+01
   1.7009560e+06   2.6489258e+01
   1.7058600e+06   2.5573730e+01
   1.7118130e+06   2.4963379e+01
   1.7149420e+06   3.0090332e+01
   1.7228160e+06   2.9113770e+01
   1.7271410e+06   2.5024414e+01
   1.7310880e+06   2.5207520e+01
   1.7329930e+06   2.4902344e+01
   1.7388410e+06   2.5756836e+01
   1.7437280e+06   2.5268555e+01
   1.7472290e+06   3.2958984e+01
   1.7591500e+06   2.6794434e+01
   1.7688710e+06   2.4780273e+01
   1.7729820e+06   2.6916504e+01
   1.7764390e+06   2.4658203e+01
   1.7849080e+06   2.5146484e+01
   1.7889960e+06   2.7282715e+01
   1.7975240e+06   2.8930664e+01
   1.8009310e+06   2.5878906e+01
   1.8094830e+06   2.4841309e+01
   1.8116270e+06   2.6428223e+01
   1.8137240e+06   2.6611328e+01
   1.8146960e+06   2.6306152e+01
   1.8156120e+06   2.7099609e+01
   1.8289460e+06   2.6672363e+01
   1.8324600e+06   2.7160645e+01
   1.8358420e+06   2.8259277e+01
   1.8366270e+06   2.4719238e+01
   1.8392220e+06   2.5329590e+01
   1.8802470e+06   2.6123047e+01
   1.8811510e+06   2.7038574e+01
   1.8879050e+06   2.5390625e+01
   1.8911190e+06   2.6855469e+01
   1.8918780e+06   2.7038574e+01
   1.8968540e+06   2.4719238e+01
   1.9020870e+06   2.5390625e+01
   1.9042180e+06   2.4597168e+01
   1.9060910e+06   2.7343750e+01
   1.9103600e+06   2.4963379e+01
   1.9252620e+06   2.4719238e+01
   1.9340400e+06   2.8869629e+01
   1.9382910e+06   2.6184082e+01
   1.9396550e+06   2.5512695e+01
   1.9407520e+06   2.5268555e+01
   1.9430280e+06   2.5634766e+01
   1.9452440e+06   2.8198242e+01
   1.9463160e+06   2.8381348e+01
   1.9526670e+06   2.6062012e+01
   1.9542390e+06   2.8808594e+01
   1.9592930e+06   2.6428223e+01
   1.9756370e+06   2.6123047e+01
   1.9831170e+06   2.6306152e+01
   1.9915880e+06   2.6428223e+01
   1.9931420e+06   2.7648926e+01
   2.0007100e+06   2.7709961e+01
   2.0045850e+06   2.5939941e+01
   2.0108430e+06   2.7832031e+01
   2.0128770e+06   2.5939941e+01
   2.0270600e+06   2.4780273e+01
   2.0513550e+06   2.5207520e+01
   2.0535120e+06   2.5268555e+01
   2.0545650e+06   2.6184082e+01
   2.0588580e+06   2.5451660e+01
   2.0655570e+06   2.5085449e+01
   2.0685150e+06   2.6123047e+01
   2.0700200e+06   2.6733398e+01
   2.0759430e+06   2.5451660e+01
   2.0806770e+06   2.5207520e+01
   2.0853250e+06   2.4780273e+01
   2.0906690e+06   2.5207520e+01
   2.0954840e+06   2.7343750e+01
   2.0976950e+06   2.5512695e+01
   2.1026500e+06   2.5756836e+01
   2.1055520e+06   2.8076172e+01
   2.1171080e+06   2.5146484e+01
   2.1233820e+06   2.5756836e+01
   2.1270330e+06   2.6306152e+01
   2.1420330e+06   2.5329590e+01
   2.1511000e+06   2.4841309e+01
   2.1642580e+06   2.8076172e+01
   2.1744020e+06   2.7404785e+01
   2.1784250e+06   2.6184082e+01
   2.2015830e+06   2.4841309e+01
   2.2088300e+06   2.9479980e+01
   2.2189740e+06   2.4841309e+01
   2.2197920e+06   2.5207520e+01
   2.2276960e+06   2.7160645e+01
   2.2305570e+06   3.1433105e+01
   2.2518750e+06   2.5268555e+01
   2.2547680e+06   2.7770996e+01
   2.2577270e+06   2.5512695e+01
   2.2762930e+06   2.8198242e+01
   2.2818010e+06   2.4719238e+01
   2.2855470e+06   2.8747559e+01
   2.2890560e+06   2.5268555e+01
   2.2984070e+06   2.5085449e+01
   2.3191980e+06   2.5573730e+01
   2.3218920e+06   2.5451660e+01
   2.3245970e+06   2.6000977e+01
   2.3278010e+06   2.5756836e+01
   2.3307560e+06   2.6000977e+01
   2.3324390e+06   2.4780273e+01
   2.3359230e+06   2.5756836e+01
   2.3379830e+06   2.7709961e+01
   2.3414680e+06   2.5817871e+01
   2.3485050e+06   2.8808594e+01
   2.3633990e+06   2.5207520e+01
   2.3647020e+06   2.5024414e+01
   2.3679340e+06   2.6367188e+01
   2.3694710e+06   2.5207520e+01
   2.3757050e+06   2.8503418e+01
   2.3845380e+06   2.4902344e+01
   2.3860730e+06   2.5512695e+01
   2.3875460e+06   2.5573730e+01
   2.3889610e+06   2.6977539e+01
   2.4004770e+06   2.9907227e+01
   2.4149480e+06   2.4780273e+01
   2.4185620e+06   2.6184082e+01
   2.4202810e+06   2.4780273e+01
   2.4418690e+06   2.7099609e+01
   2.4436800e+06   2.6855469e+01
   2.4540800e+06   2.5085449e+01
   2.4571460e+06   2.8259277e+01
   2.4636040e+06   2.9846191e+01
   2.4673150e+06   2.5024414e+01
   2.4687840e+06   2.6000977e+01
   2.4716110e+06   2.6062012e+01
   2.4818680e+06   2.5268555e+01
   2.4867330e+06   2.5268555e+01
   2.5068990e+06   2.5085449e+01
   2.5083210e+06   2.5390625e+01
   2.5139730e+06   2.5268555e+01
   2.5156820e+06   2.5756836e+01
   2.5258960e+06   2.5878906e+01
   2.5518150e+06   2.8320313e+01
   2.5559930e+06   2.4963379e+01
   2.5623080e+06   2.5146484e+01
   2.5747080e+06   2.8076172e+01
   2.5835770e+06   2.5634766e+01
   2.5886490e+06   2.6855469e+01
   2.6043450e+06   2.6733398e+01
   2.6057100e+06   2.4597168e+01
   2.6126140e+06   2.5268555e+01
   2.6168370e+06   2.6123047e+01
   2.6208900e+06   2.6000977e+01
   2.6246900e+06   2.5939941e+01
   2.6545800e+06   2.5390625e+01
   2.6595520e+06   2.4963379e+01
   2.6626260e+06   2.5817871e+01
   2.6778680e+06   2.5390625e+01
   2.6829320e+06   2.5329590e+01
   2.6835030e+06   2.6672363e+01
   2.6922290e+06   2.4780273e+01
   2.6931730e+06   2.4841309e+01
   2.6985300e+06   2.4597168e+01
   2.7037320e+06   2.6672363e+01
   2.7088860e+06   2.5268555e+01
   2.7177060e+06   2.8747559e+01
   2.7201490e+06   2.8442383e+01
   2.7261950e+06   2.6245117e+01
   2.7273040e+06   2.6245117e+01
   2.7293030e+06   2.5146484e+01
   2.7315720e+06   2.4963379e+01
   2.7386870e+06   2.6000977e+01
   2.7452200e+06   2.4902344e+01
   2.7558150e+06   2.4963379e+01
   2.7570670e+06   2.9113770e+01
   2.7589510e+06   2.7038574e+01
   2.7626850e+06   2.5329590e+01
   2.7734860e+06   2.4719238e+01
   2.7863080e+06   2.6367188e+01
   2.7877180e+06   2.6062012e+01
   2.7931910e+06   2.6672363e+01
   2.8031470e+06   2.8076172e+01
   2.8106570e+06   2.5390625e+01
   2.8207720e+06   2.5634766e+01
   2.8217430e+06   2.6855469e+01
   2.8255880e+06   2.5817871e+01
   2.8339960e+06   2.4719238e+01
   2.8439970e+06   2.6855469e+01
   2.8472800e+06   2.5024414e+01
   2.8542550e+06   2.5451660e+01
   2.8670980e+06   2.4658203e+01
   2.8684420e+06   2.7160645e+01
   2.8705830e+06   2.6306152e+01
   2.8864680e+06   2.8808594e+01
   2.8921190e+06   2.5573730e+01
   2.8937900e+06   2.7343750e+01
   2.8973430e+06   2.6123047e+01
   2.9033800e+06   2.6184082e+01
   2.9197630e+06   2.5146484e+01
   2.9229310e+06   2.4719238e+01
   2.9393120e+06   2.5207520e+01
   2.9474480e+06   2.5451660e+01
   2.9562390e+06   2.5146484e+01
   2.9596140e+06   2.4902344e+01
   2.9624830e+06   2.5146484e+01
   2.9645320e+06   2.5695801e+01
   2.9655120e+06   2.6062012e+01
   2.9701240e+06   2.5207520e+01
   2.9775440e+06   2.8076172e+01
   2.9809350e+06   3.0456543e+01
   2.9879650e+06   2.6794434e+01
   2.9956490e+06   2.8625488e+01
   3.0001760e+06   2.4963379e+01
   3.0024050e+06   2.8625488e+01
   3.0088340e+06   2.7160645e+01
   3.0227150e+06   2.5085449e+01
   3.0392970e+06   2.7526855e+01
   3.0428000e+06   2.5695801e+01
   3.0447610e+06   2.6977539e+01
   3.0468340e+06   3.1250000e+01
   3.0593760e+06   2.5024414e+01
   3.0647070e+06   2.8869629e+01
   3.0674990e+06   2.6916504e+01
   3.0716910e+06   2.5451660e+01
   3.0745380e+06   2.7160645e+01
   3.0819270e+06   2.6733398e+01
   3.0996720e+06   2.6977539e+01
   3.1091510e+06   2.6611328e+01
   3.1133640e+06   2.7893066e+01
   3.1153430e+06   3.4301758e+01
   3.1192250e+06   2.6245117e+01
   3.1201960e+06   2.6245117e+01
   3.1359450e+06   2.7587891e+01
   3.1380060e+06   2.6184082e+01
   3.1406330e+06   3.1188965e+01
   3.1491010e+06   2.4841309e+01
   3.1506540e+06   2.5024414e+01
   3.1527490e+06   2.6733398e+01
   3.1540870e+06   2.6794434e+01
   3.1559240e+06   2.6794434e+01
   3.1623010e+06   2.6123047e+01
   3.1662180e+06   2.7893066e+01
   3.1764340e+06   2.4841309e+01
   3.1841050e+06   2.7099609e+01
   3.1863520e+06   2.7404785e+01
   3.1886130e+06   2.6062012e+01
   3.1930680e+06   3.0395508e+01
   3.1940250e+06   2.5329590e+01
   3.1995320e+06   2.7709961e+01
   3.2002040e+06   2.6306152e+01
   3.2116510e+06   2.5390625e+01
   3.2223090e+06   2.6977539e+01
   3.2246490e+06   2.8320312e+01
   3.2256520e+06   2.5329590e+01
   3.2289370e+06   2.5146484e+01
   3.2344390e+06   2.6000977e+01
   3.2363480e+06   2.6916504e+01
   3.2395210e+06   2.5024414e+01
   3.2416140e+06   2.7404785e+01
   3.2426490e+06   2.5756836e+01
   3.2441010e+06   2.7709961e+01
   3.2494260e+06   2.4902344e+01
   3.2502450e+06   2.6428223e+01
   3.2518330e+06   2.5024414e+01
   3.2583470e+06   2.5512695e+01
   3.2633820e+06   2.5268555e+01
   3.2657890e+06   2.5878906e+01
   3.2706700e+06   3.0761719e+01
   3.2725300e+06   2.6367188e+01
   3.2794470e+06   2.4963379e+01
   3.2846300e+06   2.7221680e+01
   3.2909650e+06   2.5634766e+01
   3.2962970e+06   2.8625488e+01
   3.3046350e+06   2.5085449e+01
   3.3211600e+06   2.6245117e+01
   3.3264460e+06   2.5329590e+01
   3.3312190e+06   2.6062012e+01
   3.3386460e+06   2.6794434e+01
   3.3508040e+06   2.9479980e+01
   3.3578440e+06   2.5268555e+01
   3.3924250e+06   2.9663086e+01
   3.3965640e+06   3.1433105e+01
   3.3971800e+06   2.6428223e+01
   3.3983420e+06   2.5390625e+01
   3.4029360e+06   2.5329590e+01
   3.4062170e+06   2.6977539e+01
   3.4204670e+06   2.4902344e+01
   3.4275260e+06   2.6184082e+01
   3.4299580e+06   2.5329590e+01
   3.4357470e+06   2.6611328e+01
   3.4376920e+06   2.5329590e+01
   3.4470800e+06   2.7038574e+01
   3.4549030e+06   2.6916504e+01
   3.4622760e+06   2.9479980e+01
   3.4663790e+06   2.5146484e+01
   3.4764010e+06   2.5268555e+01
   3.4799810e+06   2.5939941e+01
   3.4880520e+06   2.4841309e+01
   3.4996110e+06   2.4902344e+01
   3.5092510e+06   2.7893066e+01
   3.5150820e+06   2.6062012e+01
   3.5159170e+06   2.6245117e+01
   3.5219130e+06   2.5024414e+01
   3.5236510e+06   2.7465820e+01
   3.5330260e+06   2.6184082e+01
   3.5366230e+06   2.5085449e+01
   3.5528020e+06   2.5573730e+01
   3.5557340e+06   2.6245117e+01
   3.5652350e+06   2.8869629e+01
   3.5659430e+06   2.6428223e+01
   3.5727340e+06   2.7954102e+01
   3.5757770e+06   2.8137207e+01
   3.5826020e+06   2.5329590e+01
   3.5855140e+06   2.8198242e+01
   3.5885240e+06   2.4963379e+01
   3.6010830e+06   2.5207520e+01
   3.6029230e+06   2.7587891e+01
   3.6040170e+06   2.5512695e+01
   3.6098610e+06   3.1921387e+01
   3.6123290e+06   2.6672363e+01
   3.6157050e+06   2.5207520e+01
   3.6243660e+06   2.8137207e+01
   3.6255040e+06   2.5024414e+01
   3.6325380e+06   2.5268555e+01
   3.6334410e+06   2.6306152e+01
   3.6369810e+06   2.5451660e+01
   3.6417860e+06   2.5451660e+01
   3.6493910e+06   2.6000977e+01
   3.6527700e+06   2.9541016e+01
   3.6532560e+06   2.4902344e+01
   3.6547070e+06   2.6245117e+01
   3.6705470e+06   2.8076172e+01
   3.6732080e+06   2.5512695e+01
   3.6815420e+06   2.7893066e+01
   3.6854790e+06   2.7160645e+01
   3.6872610e+06   2.6123047e+01
   3.6900970e+06   2.5024414e+01
   3.7128740e+06   2.6733398e+01
   3.7203160e+06   2.7893066e+01
   3.7293540e+06   2.5512695e+01
   3.7397470e+06   2.6794434e+01
   3.7475530e+06   2.5390625e+01
   3.7553670e+06   2.5634766e+01
   3.7578070e+06   2.5024414e+01
   3.7704700e+06   2.7770996e+01
   3.7725240e+06   2.8808594e+01
   3.7755010e+06   2.7526855e+01
   3.7932700e+06   2.7770996e+01
   3.7951160e+06   2.6550293e+01
   3.8209220e+06   2.8503418e+01
   3.8211730e+06   2.5207520e+01
   3.8322960e+06   2.5390625e+01
   3.8455290e+06   2.5512695e+01
   3.8593390e+06   2.8747559e+01
   3.8609220e+06   2.5390625e+01
   3.8809050e+06   2.6489258e+01
   3.8847920e+06   2.7099609e+01
   3.8884260e+06   2.6611328e+01
   3.8944510e+06   2.5634766e+01
   3.9024280e+06   2.5024414e+01
   3.9032360e+06   2.8320312e+01
   3.9255620e+06   2.5512695e+01
   3.9407100e+06   2.5207520e+01
   3.9760320e+06   2.5512695e+01
   3.9878770e+06   2.4902344e+01
   3.9929680e+06   2.5085449e+01
   3.9942290e+06   2.7221680e+01
   3.9964120e+06   2.5268555e+01
   3.9989350e+06   2.8076172e+01
   4.0114180e+06   2.6428223e+01
   4.0247600e+06   2.4963379e+01
   4.0379640e+06   2.4963379e+01
   4.0529690e+06   2.6123047e+01
   4.0596480e+06   3.0883789e+01
   4.0681370e+06   2.6245117e+01
   4.0752500e+06   2.5451660e+01
   4.0837480e+06   2.8442383e+01
   4.0859010e+06   2.7404785e+01
   4.1050750e+06   2.5451660e+01
   4.1144520e+06   2.4963379e+01
   4.1251290e+06   2.6550293e+01
   4.1267980e+06   2.7832031e+01
   4.1286180e+06   2.5268555e+01
   4.1314090e+06   2.5085449e+01
   4.1342630e+06   2.7221680e+01
   4.1399390e+06   2.4963379e+01
   4.1414240e+06   2.5756836e+01
   4.1475330e+06   2.7343750e+01
   4.1580100e+06   2.8259277e+01
   4.1633980e+06   2.6550293e+01
   4.1690740e+06   2.7893066e+01
   4.1784410e+06   2.8564453e+01
   4.1989310e+06   2.5695801e+01
   4.2105180e+06   2.7526855e+01
   4.2143800e+06   2.5634766e+01
   4.2158990e+06   2.6428223e+01
   4.2189950e+06   2.6977539e+01
   4.2225520e+06   2.5024414e+01
   4.2293620e+06   2.5207520e+01
   4.2316270e+06   2.6123047e+01
   4.2350570e+06   2.6000977e+01
   4.2391520e+06   2.5024414e+01
   4.2436700e+06   2.4963379e+01
   4.2444800e+06   2.7832031e+01
   4.2474220e+06   2.5207520e+01
   4.2484870e+06   2.5207520e+01
   4.2498760e+06   2.5207520e+01
   4.2515290e+06   2.5024414e+01
   4.2641990e+06   2.6977539e+01
   4.2686910e+06   2.5085449e+01
   4.2698670e+06   2.6062012e+01
   4.2766600e+06   2.5695801e+01
   4.2793360e+06   2.4902344e+01
   4.2825990e+06   2.6672363e+01
   4.2834410e+06   2.7404785e+01
   4.2847070e+06   2.5268555e+01
   4.2874390e+06   2.5939941e+01
   4.2945480e+06   2.7832031e+01
   4.3480730e+06   2.5390625e+01
   4.3524270e+06   2.6062012e+01
   4.3562220e+06   2.4963379e+01
   4.3627180e+06   2.5512695e+01
   4.3653160e+06   2.5146484e+01
   4.3674310e+06   2.4841309e+01
   4.3681300e+06   2.6611328e+01
   4.3732960e+06   2.8076172e+01
   4.3820440e+06   2.5390625e+01
   4.4048790e+06   2.5024414e+01
   4.4133510e+06   2.6733398e+01
   4.4144310e+06   2.5390625e+01
   4.4174620e+06   2.5451660e+01
   4.4193320e+06   2.6245117e+01
   4.4291100e+06   2.5512695e+01
   4.4389300e+06   2.4963379e+01
   4.4467830e+06   2.6428223e+01
   4.4565440e+06   2.7343750e+01
   4.4571690e+06   2.7038574e+01
   4.4604510e+06   2.7465820e+01
   4.4625010e+06   2.6367188e+01
   4.4694930e+06   2.4841309e+01
   4.4729860e+06   2.6428223e+01
   4.4763080e+06   2.7099609e+01
   4.4826810e+06   2.6855469e+01
   4.4880120e+06   3.2348633e+01
   4.4988990e+06   2.5451660e+01
   4.5012420e+06   2.5573730e+01
   4.5289930e+06   2.8137207e+01
   4.5297860e+06   2.6245117e+01
   4.5323400e+06   2.7282715e+01
   4.5604910e+06   2.6916504e+01
   4.5630090e+06   2.5573730e+01
   4.5645520e+06   2.5085449e+01
   4.5653710e+06   2.4963379e+01
   4.5672620e+06   2.5146484e+01
   4.5680300e+06   3.0395508e+01
   4.5767240e+06   2.5390625e+01
   4.5968430e+06   2.8076172e+01
   4.5974040e+06   2.6916504e+01
   4.6014210e+06   2.6611328e+01
   4.6152190e+06   2.6367188e+01
   4.6176740e+06   2.5939941e+01
   4.6223200e+06   2.6611328e+01
   4.6316280e+06   2.6367188e+01
   4.6426490e+06   2.5756836e+01
   4.6447110e+06   2.8808594e+01
   4.6587690e+06   2.7282715e+01
   4.6653220e+06   2.7954102e+01
   4.6770190e+06   2.6062012e+01
   4.6835880e+06   2.6489258e+01
   4.6856570e+06   2.7160645e+01
   4.6959720e+06   2.6794434e+01
   4.7001370e+06   2.6916504e+01
   4.7155810e+06   2.5451660e+01
   4.7193030e+06   2.4841309e+01
   4.7207950e+06   2.6611328e+01
   4.7220000e+06   2.4963379e+01
   4.7230850e+06   2.5207520e+01
   4.7370960e+06   3.1372070e+01
   4.7383330e+06   2.5451660e+01
   4.7414240e+06   2.5207520e+01
   4.7462540e+06   2.6428223e+01
   4.7469950e+06   2.5634766e+01
   4.7492260e+06   2.4841309e+01
   4.7540900e+06   2.6794434e+01
   4.7577740e+06   2.5878906e+01
   4.7655550e+06   2.5024414e+01
   4.7695790e+06   2.6000977e+01
   4.7787670e+06   2.6855469e+01
   4.7813010e+06   2.5024414e+01
   4.7867800e+06   2.5207520e+01
   4.7978630e+06   2.5085449e+01
   4.7994810e+06   2.4841309e+01
   4.8013880e+06   2.6733398e+01
   4.8019320e+06   3.2470703e+01
   4.8020250e+06   2.5085449e+01
   4.8053340e+06   2.8259277e+01
   4.8153990e+06   2.5207520e+01
   4.8242660e+06   2.6000977e+01
   4.8356280e+06   2.5695801e+01
   4.8376430e+06   2.5634766e+01
   4.8382800e+06   2.7465820e+01
   4.8468400e+06   2.5268555e+01
   4.8501230e+06   2.6245117e+01
   4.8678300e+06   2.6855469e+01
   4.8872330e+06   2.8198242e+01
   4.8928940e+06   2.5085449e+01
   4.8996190e+06   2.4902344e+01
   4.9033490e+06   2.7770996e+01
   4.9045290e+06   2.4841309e+01
   4.9076650e+06   2.7404785e+01
   4.9080400e+06   2.7832031e+01
   4.9125760e+06   2.5573730e+01
   4.9187630e+06   2.7526855e+01
   4.9196120e+06   2.6916504e+01
   4.9220030e+06   2.8442383e+01
   4.9231850e+06   2.6855469e+01
   4.9254060e+06   2.8381348e+01
   4.9299490e+06   2.6000977e+01
   4.9305960e+06   2.5512695e+01
   4.9317670e+06   2.7221680e+01
   4.9486250e+06   2.5268555e+01
   4.9511070e+06   2.4902344e+01
   4.9546100e+06   2.4963379e+01
   4.9623570e+06   2.6550293e+01
   4.9632490e+06   2.5634766e+01
   4.9743850e+06   2.7282715e+01
   4.9757840e+06   2.6367188e+01
   4.9763030e+06   2.5024414e+01
   4.9932930e+06   2.7954102e+01
   5.0026350e+06   2.5573730e+01
   5.0038180e+06   2.9663086e+01
   5.0049630e+06   2.5329590e+01
   5.0085680e+06   2.5085449e+01
   5.0095940e+06   2.5756836e+01
   5.0101760e+06   2.6184082e+01
   5.0148190e+06   2.7648926e+01
   5.0167260e+06   2.6489258e+01
   5.0201270e+06   2.8747559e+01
   5.0372460e+06   2.4841309e+01
   5.0445380e+06   2.6367188e+01
   5.0456670e+06   2.5634766e+01
   5.0497310e+06   2.7526855e+01
   5.0779630e+06   2.7770996e+01
   5.0805750e+06   2.5451660e+01
   5.0816260e+06   2.6489258e+01
   5.0869980e+06   2.6672363e+01
   5.0913430e+06   2.7893066e+01
   5.0960990e+06   2.5878906e+01
   5.1138410e+06   2.6428223e+01
   5.1435290e+06   2.6428223e+01
   5.1525120e+06   2.5939941e+01
   5.1549620e+06   2.6855469e+01
   5.1590650e+06   2.8259277e+01
   5.1635430e+06   2.7404785e+01
   5.1640580e+06   2.6977539e+01
   5.1756600e+06   2.6306152e+01
   5.1829260e+06   2.6672363e+01
   5.1854020e+06   2.4841309e+01
   5.2021800e+06   2.6916504e+01
   5.2075430e+06   2.6550293e+01
   5.2161970e+06   2.5939941e+01
   5.2184460e+06   2.4963379e+01
   5.2339710e+06   2.6367188e+01
   5.2437210e+06   2.8137207e+01
   5.2468330e+06   2.9357910e+01
   5.2566670e+06   2.4963379e+01
   5.2757660e+06   2.5085449e+01
   5.2832990e+06   2.5451660e+01
   5.2880370e+06   2.6306152e+01
   5.2976400e+06   2.6672363e+01
   5.3102390e+06   2.5329590e+01
   5.3166070e+06   2.6550293e+01
   5.3190030e+06   2.5451660e+01
   5.3295310e+06   2.5268555e+01
   5.3330470e+06   2.5085449e+01
   5.3421010e+06   2.5146484e+01
   5.3520090e+06   2.4963379e+01
   5.3614490e+06   2.6428223e+01
   5.3683770e+06   2.5512695e+01
   5.3701110e+06   2.7526855e+01
   5.3711590e+06   2.5207520e+01
   5.3810740e+06   2.6672363e+01
   5.3836780e+06   2.5695801e+01
   5.3855380e+06   2.5146484e+01
   5.3884390e+06   2.4841309e+01
   5.3940490e+06   2.4963379e+01
   5.3951120e+06   2.6611328e+01
   5.3991000e+06   2.6245117e+01
   5.4003760e+06   2.4902344e+01
   5.4030660e+06   2.4902344e+01
   5.4078930e+06   2.5390625e+01
   5.4117980e+06   2.5024414e+01
   5.4187340e+06   2.8869629e+01
   5.4241440e+06   2.6550293e+01
   5.4308120e+06   2.5329590e+01
   5.4380590e+06   2.5268555e+01
   5.4417880e+06   2.5329590e+01
   5.4426180e+06   2.6428223e+01
   5.4591350e+06   2.5085449e+01
   5.4653610e+06   2.4963379e+01
   5.4696020e+06   2.7954102e+01
   5.4701200e+06   2.8381348e+01
   5.4789910e+06   2.6428223e+01
   5.4810950e+06   2.5329590e+01
   5.4903590e+06   2.5817871e+01
   5.4922470e+06   2.5695801e+01
   5.4945590e+06   2.7526855e+01
   5.4963530e+06   2.7099609e+01
   5.5005320e+06   2.5146484e+01
   5.5049460e+06   2.6245117e+01
   5.5072330e+06   2.5268555e+01
   5.5109440e+06   2.5756836e+01
   5.5140220e+06   2.5024414e+01
   5.5229340e+06   2.5329590e+01
   5.5270270e+06   2.5512695e+01
   5.5310220e+06   2.7770996e+01
   5.5358450e+06   2.6550293e+01
   5.5495160e+06   2.6367188e+01
   5.5563850e+06   2.5451660e+01
   5.5572390e+06   2.7221680e+01
   5.5630000e+06   2.6550293e+01
   5.5733190e+06   2.4841309e+01
   5.5811050e+06   2.7099609e+01
   5.5875550e+06   2.5390625e+01
   5.5896910e+06   2.6184082e+01
   5.5913920e+06   2.5634766e+01
   5.5942150e+06   2.7954102e+01
   5.5947660e+06   2.5024414e+01
   5.6007070e+06   2.5878906e+01
   5.6106620e+06   2.5695801e+01
   5.6183740e+06   2.7282715e+01
   5.6202740e+06   2.5024414e+01
   5.6261030e+06   2.5024414e+01
   5.6356050e+06   2.6794434e+01
   5.6439260e+06   2.7648926e+01
   5.6486900e+06   2.6123047e+01
   5.6626810e+06   2.5878906e+01
   5.6662560e+06   2.6550293e+01
   5.6677910e+06   2.4902344e+01
   5.6692980e+06   2.9968262e+01
   5.6794450e+06   2.7038574e+01
   5.7017470e+06   2.5695801e+01
   5.7031430e+06   2.5634766e+01
   5.7074220e+06   2.6489258e+01
   5.7118630e+06   2.9541016e+01
   5.7140420e+06   2.5024414e+01
   5.7198530e+06   2.5085449e+01
   5.7276340e+06   2.5451660e+01
   5.7563850e+06   2.5634766e+01
   5.7671620e+06   2.5817871e+01
   5.7742530e+06   2.6550293e+01
   5.7802870e+06   2.6794434e+01
   5.7821480e+06   2.4963379e+01
   5.7905150e+06   2.4841309e+01
   5.7912190e+06   2.5390625e+01
   5.7931170e+06   2.5756836e+01
   5.8083890e+06   2.7099609e+01
   5.8185670e+06   2.6611328e+01
   5.8238060e+06   2.6489258e+01
   5.8324480e+06   2.8503418e+01
   5.8343410e+06   2.5695801e+01
   5.8482440e+06   2.9907227e+01
   5.8507130e+06   2.5329590e+01
   5.8561200e+06   2.6000977e+01
   5.8618140e+06   2.7160645e+01
   5.8806380e+06   2.5268555e+01
   5.8838930e+06   2.5390625e+01
   5.8926030e+06   2.4963379e+01
   5.8943630e+06   2.6916504e+01
   5.8954160e+06   2.4902344e+01
   5.8970560e+06   3.6010742e+01
   5.8996280e+06   2.8808594e+01
   5.9034960e+06   2.8076172e+01
   5.9078420e+06   2.6855469e+01
   5.9224260e+06   2.4841309e+01
   5.9242700e+06   2.5756836e+01
   5.9252110e+06   2.6184082e+01
   5.9280610e+06   2.5817871e+01
   5.9422260e+06   2.7770996e+01
   5.9482440e+06   2.6184082e+01
   5.9546730e+06   2.5390625e+01
   5.9589270e+06   2.5207520e+01
   5.9676990e+06   2.7587891e+01
   5.9729220e+06   2.5207520e+01
