   5.9990000e+06   0.0000000e+00
   1.1106500e+05   3.4667969e+01
   1.1109200e+05   4.5654297e+01
   1.1110800e+05   4.1076660e+01
   1.1111900e+05   5.2856445e+01
   1.1114400e+05   5.4626465e+01
   1.1118900e+05   3.3142090e+01
   1.1120100e+05   2.9968262e+01
   1.1125500e+05   2.6184082e+01
   1.1129800e+05   2.8015137e+01
   1.1133600e+05   2.7770996e+01
   1.1135800e+05   2.7160645e+01
   1.1146200e+05   3.4179688e+01
   1.1152900e+05   3.2409668e+01
   1.1161600e+05   2.8503418e+01
   1.1167600e+05   2.6000977e+01
   1.1181200e+05   2.6489258e+01
   1.1183500e+05   3.0883789e+01
   1.1226400e+05   2.7282715e+01
   1.1240800e+05   2.8991699e+01
   1.1271600e+05   2.6062012e+01
   1.1355900e+05   2.6367188e+01
   1.1370300e+05   3.1799316e+01
   1.1381900e+05   2.7343750e+01
   1.1399000e+05   2.7099609e+01
   2.8247500e+05   4.6997070e+01
   4.5533200e+05   3.7841797e+01
   5.7415900e+05   3.8879395e+01
   6.3749100e+05   3.4606934e+01
   6.5971300e+05   3.9001465e+01
   1.2145320e+06   4.2541504e+01
   1.2571570e+06   4.4494629e+01
   1.2723560e+06   3.9978027e+01
   1.3783400e+06   4.1381836e+01
   1.5869110e+06   4.6386719e+01
   1.7835130e+06   4.4738770e+01
   1.7893490e+06   4.2602539e+01
   1.9360030e+06   3.6560059e+01
   2.2182770e+06   4.0100098e+01
   2.3314030e+06   4.4860840e+01
   2.6761520e+06   4.7973633e+01
   2.7541140e+06   3.9428711e+01
   2.8338190e+06   4.3334961e+01
   3.1828860e+06   4.2053223e+01
   3.2993760e+06   4.1503906e+01
   3.4565210e+06   4.6020508e+01
   3.5578160e+06   4.5166016e+01
   3.7917140e+06   2.6794434e+01
   4.0497000e+06   3.5522461e+01
   4.1527740e+06   5.1025391e+01
   4.3182710e+06   4.1931152e+01
   4.3537890e+06   4.5593262e+01
   4.3984480e+06   4.1748047e+01
   4.5974810e+06   5.0842285e+01
   4.6348550e+06   4.9072266e+01
   4.6735430e+06   3.6437988e+01
   4.8279260e+06   4.0954590e+01
   4.9490390e+06   4.3273926e+01
   4.9971380e+06   4.8156738e+01
   5.0398990e+06   4.0344238e+01
   5.0570230e+06   4.0039062e+01
   5.0613490e+06   4.3884277e+01
   5.0858490e+06   3.9428711e+01
   5.1450920e+06   4.7058105e+01
   5.2350500e+06   4.2907715e+01
   5.2908590e+06   4.2236328e+01
   5.2919390e+06   4.6386719e+01
   5.2932050e+06   4.2297363e+01
   5.3062860e+06   4.8461914e+01
   5.5723780e+06   3.7597656e+01
   5.5960070e+06   3.9855957e+01
   5.6003550e+06   3.9428711e+01
