   5.9990000e+06   0.0000000e+00
   1.1106900e+05   2.8259277e+01
   1.1109300e+05   3.7841797e+01
   1.1110800e+05   2.5390625e+01
   1.1113500e+05   4.3029785e+01
   1.1116700e+05   2.9541016e+01
   1.1119700e+05   2.3071289e+01
   1.1121900e+05   2.2399902e+01
   1.1122900e+05   3.1066895e+01
   1.1125700e+05   2.4719238e+01
   1.1129000e+05   2.6245117e+01
   1.1133100e+05   2.6306152e+01
   1.1203000e+05   2.3559570e+01
   1.1316800e+05   2.1667480e+01
   1.1340700e+05   2.2827148e+01
   1.1410100e+05   2.4963379e+01
   1.1672000e+05   2.1850586e+01
   7.6476800e+05   2.1728516e+01
   9.6913700e+05   2.3681641e+01
   1.3562360e+06   2.1606445e+01
   5.3540100e+06   2.3803711e+01
   5.8688520e+06   2.2521973e+01
