   5.9990000e+06   0.0000000e+00
   3.7130000e+03   2.3986816e+01
   1.0635000e+04   2.3986816e+01
   3.8933000e+04   2.5695801e+01
   4.0666000e+04   2.3254395e+01
   5.2802000e+04   2.3254395e+01
   5.4215000e+04   2.3498535e+01
   5.9989000e+04   2.3864746e+01
   6.7569000e+04   2.3193359e+01
   8.0737000e+04   2.3986816e+01
   8.9200000e+04   2.3254395e+01
   9.9902000e+04   2.3925781e+01
   1.0102400e+05   2.3681641e+01
   1.0262800e+05   2.4475098e+01
   1.0377500e+05   2.4536133e+01
   1.0531500e+05   2.3986816e+01
   1.0956900e+05   2.3681641e+01
   1.1061300e+05   3.8024902e+01
   1.1084700e+05   2.4353027e+01
   1.1086100e+05   3.6071777e+01
   1.1090300e+05   2.5146484e+01
   1.1093600e+05   3.6560059e+01
   1.1095300e+05   3.5400391e+01
   1.1096400e+05   3.4362793e+01
   1.1098900e+05   4.0954590e+01
   1.1102200e+05   4.5532227e+01
   1.1103200e+05   2.5878906e+01
   1.1106100e+05   2.7954102e+01
   1.1109700e+05   3.0090332e+01
   1.1111100e+05   3.2592773e+01
   1.1119200e+05   2.9663086e+01
   1.1122700e+05   3.2958984e+01
   1.1124300e+05   2.3315430e+01
   1.1132500e+05   2.7465820e+01
   1.1150200e+05   2.3254395e+01
   1.1154800e+05   3.2287598e+01
   1.1198300e+05   2.3498535e+01
   1.1203800e+05   2.4230957e+01
   1.1248900e+05   2.3498535e+01
   1.1261200e+05   2.3803711e+01
   1.1337500e+05   2.6000977e+01
   1.2156100e+05   2.3742676e+01
   1.5583600e+05   2.3620605e+01
   1.5855100e+05   2.3559570e+01
   1.6599900e+05   2.3437500e+01
   1.6673900e+05   2.3437500e+01
   1.7235800e+05   2.6367188e+01
   1.8569100e+05   2.3742676e+01
   1.9135700e+05   2.3803711e+01
   1.9545500e+05   2.4963379e+01
   1.9651500e+05   2.4291992e+01
   2.0336800e+05   2.5817871e+01
   2.0844700e+05   2.3254395e+01
   2.3632100e+05   2.4658203e+01
   2.4283700e+05   2.4414062e+01
   2.5813200e+05   2.4597168e+01
   2.5910500e+05   2.3376465e+01
   2.6326700e+05   2.5939941e+01
   2.8685100e+05   2.3498535e+01
   2.9957700e+05   2.3986816e+01
   3.0585200e+05   2.3864746e+01
   3.1244400e+05   2.3864746e+01
   3.2379500e+05   2.4169922e+01
   3.2489600e+05   2.3254395e+01
   3.3663900e+05   2.3437500e+01
   3.4477300e+05   2.3376465e+01
   3.5350200e+05   2.6245117e+01
   3.5482200e+05   2.4291992e+01
   3.8038600e+05   2.3559570e+01
   3.9350800e+05   2.6733398e+01
   4.0032800e+05   2.3864746e+01
   4.0724800e+05   2.3254395e+01
   4.2023100e+05   2.4353027e+01
   4.2485800e+05   2.3315430e+01
   4.2622200e+05   2.5939941e+01
   4.3746700e+05   2.6123047e+01
   4.4402200e+05   2.4658203e+01
   4.5865000e+05   2.3803711e+01
   4.7070900e+05   2.3742676e+01
   4.7775900e+05   2.3559570e+01
   4.8597800e+05   2.3986816e+01
   4.9385000e+05   2.9174805e+01
   4.9869800e+05   2.4108887e+01
   5.1875100e+05   2.4230957e+01
   5.2977000e+05   2.5024414e+01
   5.3715000e+05   2.7221680e+01
   5.4941000e+05   2.5451660e+01
   5.5765800e+05   2.3315430e+01
   5.6266200e+05   2.6367188e+01
   5.7261500e+05   2.9846191e+01
   5.7406600e+05   2.3620605e+01
   5.7882600e+05   2.4475098e+01
   5.8055000e+05   2.6489258e+01
   5.8609200e+05   2.5756836e+01
   5.9211400e+05   2.3742676e+01
   5.9434400e+05   2.3376465e+01
   6.0341700e+05   2.4230957e+01
   6.0560100e+05   2.6733398e+01
   6.0694000e+05   2.3864746e+01
   6.1334200e+05   2.7099609e+01
   6.1552600e+05   2.4780273e+01
   6.2972700e+05   2.3742676e+01
   6.5088100e+05   2.3986816e+01
   6.5672800e+05   2.3986816e+01
   6.7317000e+05   2.3681641e+01
   6.8882700e+05   2.5512695e+01
   6.9700500e+05   2.5695801e+01
   7.1843100e+05   2.4230957e+01
   7.2653900e+05   2.7038574e+01
   7.3586200e+05   2.6123047e+01
   7.4270900e+05   2.3925781e+01
   7.5971300e+05   2.5756836e+01
   7.6972100e+05   2.3193359e+01
   7.7661900e+05   2.3315430e+01
   7.8901500e+05   2.3376465e+01
   8.0488300e+05   2.5939941e+01
   8.0809400e+05   2.3437500e+01
   8.1729200e+05   2.5817871e+01
   8.2611300e+05   2.3925781e+01
   8.2790200e+05   2.5207520e+01
   8.2929300e+05   2.3498535e+01
   8.3417400e+05   2.3437500e+01
   8.4315200e+05   2.7954102e+01
   8.4640500e+05   2.5878906e+01
   8.4840800e+05   2.4047852e+01
   8.5475900e+05   2.4353027e+01
   8.5605500e+05   2.3864746e+01
   8.6500800e+05   2.3620605e+01
   8.6764100e+05   2.3437500e+01
   8.7056100e+05   2.3681641e+01
   8.7558300e+05   2.4902344e+01
   8.8665500e+05   2.6611328e+01
   8.9523200e+05   2.8015137e+01
   8.9657000e+05   2.4291992e+01
   8.9992300e+05   2.3376465e+01
   9.1399500e+05   2.3376465e+01
   9.1696700e+05   2.5634766e+01
   9.2861800e+05   2.5573730e+01
   9.3708400e+05   2.5756836e+01
   9.4211000e+05   2.7404785e+01
   9.4462000e+05   2.9113770e+01
   9.4864900e+05   2.3559570e+01
   9.5364800e+05   2.5939941e+01
   9.5609100e+05   2.6611328e+01
   9.5923100e+05   2.4414062e+01
   9.6037700e+05   2.3376465e+01
   9.6533000e+05   2.4414062e+01
   9.7118600e+05   2.5573730e+01
   9.7238100e+05   2.3315430e+01
   9.7356700e+05   2.4169922e+01
   9.7468600e+05   2.5939941e+01
   9.8393500e+05   2.4719238e+01
   9.8641800e+05   2.3803711e+01
   9.9895000e+05   2.4536133e+01
   1.0117220e+06   2.3986816e+01
   1.0244010e+06   2.8503418e+01
   1.0258720e+06   2.3620605e+01
   1.0291170e+06   2.3193359e+01
   1.0495340e+06   2.3193359e+01
   1.0530910e+06   2.3681641e+01
   1.0785540e+06   2.4658203e+01
   1.0850190e+06   2.4597168e+01
   1.0899090e+06   2.4902344e+01
   1.0914190e+06   2.3254395e+01
   1.0930470e+06   2.3925781e+01
   1.0990810e+06   2.4597168e+01
   1.1039550e+06   2.4597168e+01
   1.1074810e+06   2.3437500e+01
   1.1227220e+06   2.3193359e+01
   1.1324440e+06   2.5390625e+01
   1.1381410e+06   2.4536133e+01
   1.1395860e+06   2.4291992e+01
   1.1515470e+06   2.3559570e+01
   1.1568250e+06   2.5451660e+01
   1.1583030e+06   2.3803711e+01
   1.1621700e+06   2.4902344e+01
   1.1637170e+06   2.6245117e+01
   1.1648830e+06   2.3498535e+01
   1.1768110e+06   2.3742676e+01
   1.1781070e+06   2.4475098e+01
   1.1811700e+06   2.4719238e+01
   1.1921120e+06   2.3254395e+01
   1.1977530e+06   2.5939941e+01
   1.1988320e+06   2.3498535e+01
   1.2013750e+06   2.3986816e+01
   1.2098270e+06   2.5390625e+01
   1.2113980e+06   2.4047852e+01
   1.2127720e+06   2.6916504e+01
   1.2140950e+06   2.3437500e+01
   1.2155620e+06   2.5512695e+01
   1.2198420e+06   2.5573730e+01
   1.2270180e+06   2.6000977e+01
   1.2285960e+06   2.4658203e+01
   1.2335400e+06   2.3498535e+01
   1.2389140e+06   2.5024414e+01
   1.2401360e+06   2.4291992e+01
   1.2414610e+06   2.3437500e+01
   1.2453670e+06   2.5817871e+01
   1.2507510e+06   2.5695801e+01
   1.2536010e+06   2.3376465e+01
   1.2682460e+06   2.3193359e+01
   1.2852160e+06   2.3742676e+01
   1.2935140e+06   2.5085449e+01
   1.2948460e+06   2.3803711e+01
   1.3012880e+06   2.8686523e+01
   1.3026910e+06   2.4963379e+01
   1.3039920e+06   2.3742676e+01
   1.3115790e+06   2.5573730e+01
   1.3128480e+06   2.5573730e+01
   1.3182430e+06   2.4841309e+01
   1.3191690e+06   2.5573730e+01
   1.3228040e+06   2.3742676e+01
   1.3243330e+06   2.6611328e+01
   1.3320820e+06   2.4169922e+01
   1.3428880e+06   2.3620605e+01
   1.3442650e+06   2.6062012e+01
   1.3485510e+06   2.4475098e+01
   1.3803970e+06   2.4414062e+01
   1.3909530e+06   2.4230957e+01
   1.3973820e+06   2.3620605e+01
   1.4166430e+06   2.5268555e+01
   1.4244870e+06   2.3376465e+01
   1.4290850e+06   2.3620605e+01
   1.4363050e+06   2.5573730e+01
   1.4444220e+06   2.3803711e+01
   1.4466590e+06   2.3681641e+01
   1.4540830e+06   2.3193359e+01
   1.4574380e+06   2.3498535e+01
   1.4706160e+06   2.3437500e+01
   1.4719800e+06   2.3193359e+01
   1.4977150e+06   2.5939941e+01
   1.5001620e+06   2.3742676e+01
   1.5062860e+06   2.5451660e+01
   1.5081230e+06   2.4536133e+01
   1.5187720e+06   2.7343750e+01
   1.5301640e+06   2.4291992e+01
   1.5320100e+06   2.6611328e+01
   1.5370820e+06   2.4597168e+01
   1.5384360e+06   2.5329590e+01
   1.5492240e+06   2.5268555e+01
   1.5505670e+06   2.3315430e+01
   1.5660650e+06   2.3864746e+01
   1.5672880e+06   2.6794434e+01
   1.5701600e+06   2.5146484e+01
   1.5745660e+06   2.7221680e+01
   1.5787070e+06   2.5329590e+01
   1.5832490e+06   2.4414062e+01
   1.5843610e+06   2.4719238e+01
   1.5974900e+06   2.5329590e+01
   1.6032840e+06   2.3315430e+01
   1.6134540e+06   2.4963379e+01
   1.6320240e+06   2.3193359e+01
   1.6380940e+06   2.6916504e+01
   1.6405550e+06   2.4291992e+01
   1.6621520e+06   2.3376465e+01
   1.6666790e+06   2.4902344e+01
   1.6772190e+06   2.4902344e+01
   1.6843250e+06   2.4902344e+01
   1.7034370e+06   2.4780273e+01
   1.7306080e+06   2.3254395e+01
   1.7374900e+06   2.4047852e+01
   1.7460280e+06   2.3437500e+01
   1.7639390e+06   2.5085449e+01
   1.7654970e+06   2.5146484e+01
   1.7772380e+06   2.3864746e+01
   1.7867540e+06   2.3742676e+01
   1.8068000e+06   2.8259277e+01
   1.8235110e+06   2.5878906e+01
   1.8262320e+06   2.3864746e+01
   1.8420170e+06   2.5268555e+01
   1.8478380e+06   2.5268555e+01
   1.8624210e+06   2.6428223e+01
   1.8928590e+06   2.3559570e+01
   1.9082310e+06   2.4169922e+01
   1.9252430e+06   2.6245117e+01
   1.9290640e+06   2.5817871e+01
   1.9356540e+06   2.7526855e+01
   1.9398030e+06   2.3315430e+01
   1.9414010e+06   2.4719238e+01
   1.9525710e+06   2.4780273e+01
   1.9603280e+06   2.3742676e+01
   1.9757600e+06   2.4353027e+01
   1.9863810e+06   2.4169922e+01
   2.0009100e+06   2.3254395e+01
   2.0055600e+06   2.4414062e+01
   2.0068040e+06   2.4658203e+01
   2.0104390e+06   2.5329590e+01
   2.0117800e+06   2.3864746e+01
   2.0223050e+06   2.3925781e+01
   2.0235970e+06   2.6062012e+01
   2.0247950e+06   2.3803711e+01
   2.0329120e+06   2.4963379e+01
   2.0431460e+06   2.4597168e+01
   2.0560150e+06   2.6000977e+01
   2.0599670e+06   2.4169922e+01
   2.0765710e+06   2.5085449e+01
   2.1094100e+06   2.3315430e+01
   2.1147640e+06   2.3620605e+01
   2.1382610e+06   2.8320312e+01
   2.1393150e+06   2.4291992e+01
   2.1438020e+06   2.5512695e+01
   2.1533760e+06   2.3803711e+01
   2.1546190e+06   2.3620605e+01
   2.1634140e+06   2.4353027e+01
   2.1787710e+06   2.3742676e+01
   2.1849370e+06   2.6550293e+01
   2.1904150e+06   2.3193359e+01
   2.1956370e+06   2.4719238e+01
   2.2136120e+06   2.3376465e+01
   2.2186500e+06   2.4963379e+01
   2.2259440e+06   2.4047852e+01
   2.2440300e+06   2.5634766e+01
   2.2451710e+06   2.5207520e+01
   2.2537700e+06   2.4841309e+01
   2.2567990e+06   2.5512695e+01
   2.2831690e+06   2.5817871e+01
   2.2857010e+06   2.3193359e+01
   2.2869200e+06   2.6306152e+01
   2.2906950e+06   2.4719238e+01
   2.2936360e+06   2.4475098e+01
   2.3030860e+06   2.4108887e+01
   2.3351800e+06   2.5146484e+01
   2.3458910e+06   2.3681641e+01
   2.3559430e+06   2.4169922e+01
   2.3630310e+06   2.3559570e+01
   2.3901030e+06   2.7587891e+01
   2.3914670e+06   2.6855469e+01
   2.3990490e+06   2.4291992e+01
   2.4113440e+06   2.3620605e+01
   2.4300470e+06   2.3376465e+01
   2.4378070e+06   2.3498535e+01
   2.4412640e+06   2.3498535e+01
   2.4460280e+06   2.4230957e+01
   2.4727130e+06   2.4230957e+01
   2.4742010e+06   2.6428223e+01
   2.4916830e+06   2.7832031e+01
   2.4947930e+06   2.3986816e+01
   2.5059350e+06   2.6062012e+01
   2.5107380e+06   2.4963379e+01
   2.5180720e+06   2.4230957e+01
   2.5505140e+06   2.3315430e+01
   2.5640130e+06   2.5146484e+01
   2.5655350e+06   2.7343750e+01
   2.5671170e+06   3.3020020e+01
   2.5965260e+06   2.7465820e+01
   2.6376550e+06   2.7343750e+01
   2.6522570e+06   2.3620605e+01
   2.6538460e+06   2.4108887e+01
   2.6633310e+06   2.5390625e+01
   2.6758000e+06   2.4230957e+01
   2.6806410e+06   2.6916504e+01
   2.6912830e+06   2.4475098e+01
   2.7144250e+06   2.5146484e+01
   2.7183760e+06   2.3315430e+01
   2.7459110e+06   2.8076172e+01
   2.7735060e+06   2.4475098e+01
   2.7759320e+06   2.3559570e+01
   2.7776430e+06   2.4902344e+01
   2.7830980e+06   2.3559570e+01
   2.7881090e+06   2.6977539e+01
   2.7914540e+06   2.6306152e+01
   2.7962650e+06   2.5085449e+01
   2.8042630e+06   2.3559570e+01
   2.8078370e+06   2.6000977e+01
   2.8093500e+06   2.4475098e+01
   2.8151580e+06   2.3864746e+01
   2.8338040e+06   2.5024414e+01
   2.8507810e+06   2.5634766e+01
   2.8656730e+06   2.4963379e+01
   2.8817910e+06   2.4169922e+01
   2.8928510e+06   2.4597168e+01
   2.9082860e+06   2.3376465e+01
   2.9102870e+06   2.4108887e+01
   2.9235390e+06   2.4047852e+01
   2.9364650e+06   2.3376465e+01
   2.9616380e+06   2.4597168e+01
   2.9657320e+06   2.3803711e+01
   2.9686840e+06   2.3376465e+01
   2.9718920e+06   2.3620605e+01
   2.9743130e+06   2.3803711e+01
   2.9780690e+06   2.6489258e+01
   2.9862930e+06   2.6977539e+01
   2.9996440e+06   2.3864746e+01
   3.0046740e+06   2.3925781e+01
   3.0266190e+06   2.3864746e+01
   3.0334110e+06   2.2949219e+01
   3.0360910e+06   2.3864746e+01
   3.0442920e+06   2.4475098e+01
   3.0610130e+06   2.2888184e+01
   3.0772080e+06   2.5329590e+01
   3.0880030e+06   2.3803711e+01
   3.1210390e+06   2.2949219e+01
   3.1305300e+06   2.4841309e+01
   3.1404270e+06   2.3315430e+01
   3.1489150e+06   2.4719238e+01
   3.1547440e+06   2.5939941e+01
   3.1608900e+06   2.2766113e+01
   3.1671170e+06   2.3620605e+01
   3.1816000e+06   2.3498535e+01
   3.1869530e+06   2.2827148e+01
   3.1900330e+06   2.5756836e+01
   3.2050890e+06   2.3742676e+01
   3.2162460e+06   2.5085449e+01
   3.2439540e+06   2.5146484e+01
   3.2477390e+06   2.2827148e+01
   3.2540540e+06   2.6367188e+01
   3.2552650e+06   2.4047852e+01
   3.2603710e+06   2.2949219e+01
   3.2773440e+06   2.3742676e+01
   3.2996170e+06   2.2766113e+01
   3.3106900e+06   2.3132324e+01
   3.3335960e+06   2.2827148e+01
   3.3364760e+06   2.4108887e+01
   3.3650670e+06   2.5085449e+01
   3.3749680e+06   2.4047852e+01
   3.3902630e+06   2.3254395e+01
   3.3972320e+06   2.4353027e+01
   3.4311530e+06   2.3437500e+01
   3.4370540e+06   2.3376465e+01
   3.4772010e+06   2.3986816e+01
   3.4991170e+06   2.3742676e+01
   3.5036020e+06   2.6794434e+01
   3.5097690e+06   2.5268555e+01
   3.5430410e+06   2.3437500e+01
   3.5639030e+06   2.4475098e+01
   3.5699720e+06   2.2705078e+01
   3.5769070e+06   2.2583008e+01
   3.5918920e+06   2.3254395e+01
   3.5950840e+06   2.3620605e+01
   3.6091140e+06   2.2888184e+01
   3.6157140e+06   2.3803711e+01
   3.6217700e+06   2.2766113e+01
   3.6374000e+06   2.2888184e+01
   3.6784010e+06   2.4047852e+01
   3.6977910e+06   2.4169922e+01
   3.7019610e+06   2.8015137e+01
   3.7146290e+06   2.4963379e+01
   3.7229220e+06   2.2949219e+01
   3.7310000e+06   2.3315430e+01
   3.7478860e+06   2.3437500e+01
   3.7933850e+06   2.2583008e+01
   3.7973850e+06   2.3132324e+01
   3.8008400e+06   2.5207520e+01
   3.8065210e+06   2.3864746e+01
   3.8172050e+06   2.4597168e+01
   3.8207430e+06   2.5573730e+01
   3.8232420e+06   2.3071289e+01
   3.8472320e+06   2.5268555e+01
   3.8563680e+06   2.4047852e+01
   3.8696510e+06   2.3071289e+01
   3.8782400e+06   2.3315430e+01
   3.8967350e+06   2.4169922e+01
   3.9020220e+06   2.5329590e+01
   3.9163110e+06   2.6123047e+01
   3.9270740e+06   2.4536133e+01
   3.9375350e+06   2.3010254e+01
   3.9451530e+06   2.3132324e+01
   3.9915730e+06   2.3315430e+01
   4.0021450e+06   2.4353027e+01
   4.0124960e+06   2.4475098e+01
   4.0225830e+06   2.5085449e+01
   4.0269860e+06   2.2949219e+01
   4.0425710e+06   2.2766113e+01
   4.0564570e+06   2.5512695e+01
   4.0656670e+06   2.4047852e+01
   4.0748360e+06   2.3010254e+01
   4.0936910e+06   2.3803711e+01
   4.0984080e+06   2.3010254e+01
   4.1416440e+06   2.5329590e+01
   4.1678820e+06   2.4230957e+01
   4.1786360e+06   2.5817871e+01
   4.1828190e+06   2.2766113e+01
   4.1871250e+06   2.3986816e+01
   4.1965870e+06   2.2888184e+01
   4.2041810e+06   2.3498535e+01
   4.2135320e+06   2.3193359e+01
   4.2177440e+06   2.3803711e+01
   4.2335480e+06   2.3498535e+01
   4.2441960e+06   2.2644043e+01
   4.2913470e+06   2.2766113e+01
   4.3139200e+06   2.3742676e+01
   4.3196690e+06   2.4230957e+01
   4.3355020e+06   2.5024414e+01
   4.3837960e+06   2.6733398e+01
   4.4188970e+06   2.3559570e+01
   4.4268290e+06   2.3681641e+01
   4.4301370e+06   2.3376465e+01
   4.4357250e+06   2.3620605e+01
   4.4379880e+06   2.3742676e+01
   4.4401210e+06   2.5329590e+01
   4.4652140e+06   2.4414062e+01
   4.4900860e+06   2.2827148e+01
   4.4917380e+06   2.4108887e+01
   4.5156840e+06   2.3986816e+01
   4.5168090e+06   2.3986816e+01
   4.5184620e+06   2.4291992e+01
   4.5287800e+06   2.4047852e+01
   4.5418930e+06   2.5817871e+01
   4.5714870e+06   2.3376465e+01
   4.5737330e+06   2.4230957e+01
   4.5754550e+06   2.4230957e+01
   4.5939740e+06   2.4169922e+01
   4.6064830e+06   2.2888184e+01
   4.6111560e+06   2.2949219e+01
   4.6259200e+06   2.3437500e+01
   4.6400200e+06   2.3498535e+01
   4.6461120e+06   2.4047852e+01
   4.6550820e+06   2.3315430e+01
   4.6655410e+06   2.3193359e+01
   4.7075470e+06   2.2583008e+01
   4.7153990e+06   2.7160645e+01
   4.7305430e+06   2.4536133e+01
   4.7390310e+06   2.5634766e+01
   4.7441730e+06   2.3010254e+01
   4.7503570e+06   2.3620605e+01
   4.7572410e+06   2.3742676e+01
   4.7646200e+06   2.5634766e+01
   4.7744880e+06   2.3132324e+01
   4.7815830e+06   2.4658203e+01
   4.7975050e+06   2.3376465e+01
   4.8078590e+06   2.3925781e+01
   4.8200320e+06   2.2644043e+01
   4.8267180e+06   2.2705078e+01
   4.8354190e+06   2.3498535e+01
   4.8520370e+06   2.2644043e+01
   4.8654610e+06   2.5146484e+01
   4.8739180e+06   2.3620605e+01
   4.8842520e+06   2.6428223e+01
   4.9264080e+06   2.4902344e+01
   4.9338600e+06   2.5817871e+01
   4.9478850e+06   2.4414062e+01
   4.9589400e+06   2.2766113e+01
   4.9621540e+06   2.2583008e+01
   4.9715480e+06   2.4780273e+01
   5.0156400e+06   2.2705078e+01
   5.0280220e+06   2.3376465e+01
   5.0325020e+06   2.4291992e+01
   5.0456630e+06   2.3376465e+01
   5.0673570e+06   2.3254395e+01
   5.0734080e+06   2.3437500e+01
   5.0894820e+06   2.2705078e+01
   5.0947230e+06   2.2949219e+01
   5.1173750e+06   2.3803711e+01
   5.1263680e+06   2.3864746e+01
   5.1379040e+06   2.3925781e+01
   5.1563250e+06   2.7954102e+01
   5.1610600e+06   2.3620605e+01
   5.1783680e+06   2.2583008e+01
   5.1857820e+06   2.2644043e+01
   5.2085170e+06   2.3193359e+01
   5.2219110e+06   2.3315430e+01
   5.2337330e+06   2.2705078e+01
   5.2408670e+06   2.7954102e+01
   5.2757770e+06   2.6000977e+01
   5.2790540e+06   2.3986816e+01
   5.2877460e+06   2.2827148e+01
   5.2965400e+06   2.4047852e+01
   5.2973950e+06   2.2766113e+01
   5.3004190e+06   2.6123047e+01
   5.3114480e+06   2.5207520e+01
   5.3168210e+06   2.4963379e+01
   5.3213400e+06   2.3315430e+01
   5.3239280e+06   2.3376465e+01
   5.3303660e+06   2.3071289e+01
   5.3314920e+06   2.2766113e+01
   5.3557100e+06   2.3132324e+01
   5.3663680e+06   2.2583008e+01
   5.3819580e+06   2.4353027e+01
   5.3875930e+06   2.5268555e+01
   5.3948050e+06   2.6367188e+01
   5.4006570e+06   2.3071289e+01
   5.4134380e+06   2.3010254e+01
   5.4303240e+06   2.5573730e+01
   5.4333530e+06   2.6000977e+01
   5.4375880e+06   2.2583008e+01
   5.4790420e+06   2.2827148e+01
   5.4834150e+06   2.2521973e+01
   5.4854780e+06   3.1005859e+01
   5.4889730e+06   2.4780273e+01
   5.5236460e+06   2.7893066e+01
   5.5437950e+06   2.3925781e+01
   5.5615800e+06   2.4414062e+01
   5.5630700e+06   2.7221680e+01
   5.5643760e+06   2.3803711e+01
   5.5741380e+06   2.2766113e+01
   5.5767530e+06   2.7343750e+01
   5.5808750e+06   2.4963379e+01
   5.5916320e+06   2.3437500e+01
   5.6020490e+06   2.3681641e+01
   5.6043030e+06   2.2583008e+01
   5.6079230e+06   2.3559570e+01
   5.6153550e+06   2.3254395e+01
   5.6220710e+06   2.4475098e+01
   5.6269240e+06   2.4902344e+01
   5.6310060e+06   2.2827148e+01
   5.6357270e+06   2.4414062e+01
   5.6439870e+06   2.3254395e+01
   5.6473060e+06   2.4230957e+01
   5.6511140e+06   2.2583008e+01
   5.6877950e+06   2.2644043e+01
   5.7160070e+06   2.2705078e+01
   5.7179700e+06   2.3742676e+01
   5.7247220e+06   2.3681641e+01
   5.7341240e+06   2.4475098e+01
   5.7398920e+06   2.4536133e+01
   5.7463270e+06   2.5024414e+01
   5.7511740e+06   2.4536133e+01
   5.7558220e+06   2.3071289e+01
   5.7613070e+06   2.2705078e+01
   5.7741170e+06   2.4108887e+01
   5.7988040e+06   2.5024414e+01
   5.8019680e+06   2.4414062e+01
   5.8230840e+06   2.4719238e+01
   5.8278020e+06   2.2583008e+01
   5.8481000e+06   2.3437500e+01
   5.8482750e+06   2.4841309e+01
   5.8584980e+06   2.3254395e+01
   5.8958870e+06   2.3986816e+01
   5.9067340e+06   2.6733398e+01
   5.9430970e+06   2.2644043e+01
   5.9623830e+06   2.2705078e+01
   5.9634120e+06   2.2888184e+01
   5.9706970e+06   2.4902344e+01
