   5.9990000e+06   0.0000000e+00
   1.1109300e+05   2.3071289e+01
   1.1111300e+05   4.5227051e+01
   1.1115000e+05   3.0029297e+01
   1.1118000e+05   4.0649414e+01
   1.1120000e+05   3.6987305e+01
   1.1125400e+05   2.3498535e+01
   1.1127700e+05   2.4780273e+01
   1.1131800e+05   2.5695801e+01
   1.1133500e+05   3.1677246e+01
   1.1141400e+05   2.7099609e+01
   1.1306400e+05   2.2583008e+01
   1.1390300e+05   2.6306152e+01
   2.1032200e+05   2.4353027e+01
   3.4091320e+06   2.3193359e+01
   5.6741890e+06   2.3193359e+01
