   5.9990000e+06   0.0000000e+00
   8.8601700e+05   4.9377441e+01
   8.8603400e+05   4.3640137e+01
   8.8623500e+05   4.1076660e+01
   9.4349400e+05   3.7536621e+01
   9.4350600e+05   3.6926270e+01
   9.4364100e+05   3.6804199e+01
   9.4369200e+05   4.4555664e+01
   9.4400400e+05   3.8513184e+01
   9.9609100e+05   3.8574219e+01
   9.9619200e+05   3.7536621e+01
   9.9628900e+05   4.1015625e+01
   9.9638000e+05   4.0710449e+01
   9.9653100e+05   3.8146973e+01
   1.0387150e+06   4.3395996e+01
   1.0387420e+06   3.6682129e+01
   1.0387810e+06   3.9367676e+01
   1.0388840e+06   4.8034668e+01
   1.0389840e+06   5.5175781e+01
   1.0579780e+06   3.7414551e+01
   1.0582560e+06   3.8635254e+01
   1.0800670e+06   3.7963867e+01
   1.0800890e+06   3.9245605e+01
   1.0802290e+06   3.6865234e+01
   1.1016430e+06   3.6865234e+01
   1.1016750e+06   3.6560059e+01
   1.1248370e+06   4.1931152e+01
   1.1249120e+06   4.0588379e+01
   1.1249580e+06   4.5227051e+01
   1.1249960e+06   3.8574219e+01
   1.1250390e+06   5.1208496e+01
   1.1595780e+06   3.8330078e+01
   1.1596940e+06   5.8898926e+01
   1.1597070e+06   3.8757324e+01
   1.1846990e+06   3.9001465e+01
   1.1848280e+06   3.7658691e+01
   1.1849010e+06   4.0588379e+01
   1.1850100e+06   4.1076660e+01
   1.2065870e+06   3.8024902e+01
   1.2066350e+06   4.1442871e+01
   1.2278830e+06   3.7231445e+01
   1.2280900e+06   4.2297363e+01
   1.2281570e+06   3.6376953e+01
   1.2282130e+06   3.7231445e+01
   1.2282570e+06   4.4006348e+01
   1.2284280e+06   3.7841797e+01
   1.2489540e+06   3.9245605e+01
   1.2491090e+06   3.7048340e+01
   1.2491400e+06   4.1137695e+01
   1.2492600e+06   4.2175293e+01
   1.2687530e+06   4.3701172e+01
   1.2687790e+06   4.2663574e+01
   1.2689100e+06   4.0100098e+01
   1.3035200e+06   3.7780762e+01
   1.3037660e+06   3.7658691e+01
   1.3276450e+06   4.1137695e+01
   1.3279160e+06   3.9001465e+01
   1.3634080e+06   3.6743164e+01
   1.3860290e+06   3.9733887e+01
   1.3864800e+06   3.7231445e+01
   1.4503220e+06   4.1503906e+01
   1.4911930e+06   3.7719727e+01
   1.5109510e+06   3.7536621e+01
   1.5109840e+06   3.7536621e+01
   1.5447280e+06   4.6752930e+01
   1.5750510e+06   4.3579102e+01
   1.5754840e+06   3.6743164e+01
   1.8194320e+06   4.0405273e+01
   1.8195590e+06   4.2419434e+01
   1.8647780e+06   4.1992188e+01
   1.8648880e+06   4.2724609e+01
   1.8649330e+06   3.9062500e+01
   1.8651600e+06   4.1076660e+01
   1.9215170e+06   3.8757324e+01
   2.0516710e+06   3.7353516e+01
   2.0519730e+06   3.7841797e+01
   2.0857070e+06   3.8513184e+01
   2.3266200e+06   3.9611816e+01
   2.3268010e+06   4.5043945e+01
   2.3268290e+06   3.7719727e+01
   2.3268580e+06   4.8828125e+01
   2.4008050e+06   4.9377441e+01
   2.4008170e+06   4.1809082e+01
   2.4008400e+06   4.5532227e+01
   2.4008830e+06   4.6142578e+01
   2.4009070e+06   5.1818848e+01
   2.4009530e+06   5.0598145e+01
   2.4009930e+06   3.8208008e+01
   2.4011330e+06   3.6682129e+01
   2.4011600e+06   4.0710449e+01
   2.4011850e+06   3.6560059e+01
   2.5514240e+06   4.1381836e+01
   2.5514710e+06   3.8391113e+01
   2.5515090e+06   5.6030273e+01
   2.5515200e+06   3.7475586e+01
   2.5515410e+06   4.1259766e+01
   2.5515580e+06   4.0222168e+01
   2.5516500e+06   3.7536621e+01
   2.5517160e+06   3.6804199e+01
   2.7135220e+06   4.3518066e+01
   2.7135620e+06   3.7109375e+01
   2.7136210e+06   4.2663574e+01
   2.7136690e+06   3.6315918e+01
   2.7136960e+06   3.8513184e+01
   2.7139450e+06   3.7597656e+01
   2.8021600e+06   4.6325684e+01
   2.8021950e+06   4.7668457e+01
   2.8022370e+06   3.6743164e+01
   2.8022630e+06   4.6203613e+01
   2.8023930e+06   3.7719727e+01
   2.8025090e+06   3.8757324e+01
   3.0314900e+06   3.6560059e+01
   3.0315180e+06   4.7790527e+01
   3.0315500e+06   4.0771484e+01
   3.0315740e+06   3.5156250e+01
   3.0316020e+06   3.6071777e+01
   3.0316810e+06   3.7048340e+01
   3.0318050e+06   3.5156250e+01
   3.0475860e+06   5.6579590e+01
   3.0476360e+06   4.4677734e+01
   3.0478090e+06   3.6010742e+01
   3.0899780e+06   3.6132812e+01
   3.0900020e+06   3.5827637e+01
   3.0900370e+06   3.7414551e+01
   3.0900670e+06   3.5156250e+01
   3.0900770e+06   4.0466309e+01
   3.0900880e+06   4.4433594e+01
   3.0901840e+06   3.4973145e+01
   3.0902460e+06   3.4667969e+01
   3.0903820e+06   3.6132812e+01
   3.1737290e+06   3.6376953e+01
   3.1737480e+06   3.6926270e+01
   3.1738080e+06   3.8391113e+01
   3.1738210e+06   3.4790039e+01
   3.1738710e+06   5.0537109e+01
   3.1738930e+06   5.9448242e+01
   3.1739970e+06   3.5583496e+01
   3.1740790e+06   3.7109375e+01
   3.2121580e+06   3.6743164e+01
   3.2122180e+06   4.8828125e+01
   3.2122310e+06   4.3334961e+01
   3.2122640e+06   5.2673340e+01
   3.2123100e+06   3.9306641e+01
   3.2605540e+06   3.5583496e+01
   3.2605920e+06   4.0283203e+01
   3.2606130e+06   4.9133301e+01
   3.2606280e+06   4.0222168e+01
   3.2606740e+06   3.5705566e+01
   3.2607130e+06   4.5166016e+01
   3.2607670e+06   3.8024902e+01
   3.2960310e+06   3.9001465e+01
   3.2960870e+06   3.7231445e+01
   3.2961000e+06   3.5949707e+01
   3.2962200e+06   3.7902832e+01
   3.3358750e+06   4.5288086e+01
   3.3359050e+06   4.5532227e+01
   3.3359480e+06   3.6621094e+01
   3.3826590e+06   4.1137695e+01
   3.4437190e+06   4.8278809e+01
   3.4439460e+06   4.0222168e+01
   3.4652550e+06   3.5644531e+01
   3.4652720e+06   3.8208008e+01
   3.4653100e+06   3.5156250e+01
   3.4653890e+06   3.5888672e+01
   3.4654270e+06   4.2419434e+01
   3.4655550e+06   3.6254883e+01
   3.4943750e+06   3.7475586e+01
   3.4943850e+06   3.4667969e+01
   3.4944170e+06   3.8146973e+01
   3.4944320e+06   3.6254883e+01
   3.4944730e+06   6.1279297e+01
   3.4945160e+06   3.6804199e+01
   3.4945730e+06   3.7902832e+01
   3.4946060e+06   3.6437988e+01
   3.4946240e+06   3.7719727e+01
   3.4946750e+06   3.4912109e+01
   3.5665900e+06   4.6081543e+01
   3.5668200e+06   4.0588379e+01
   3.9038400e+06   3.4851074e+01
   3.9038840e+06   3.6682129e+01
   3.9039260e+06   3.6560059e+01
   3.9040050e+06   3.7353516e+01
   3.9041260e+06   3.8024902e+01
   3.9043440e+06   3.5400391e+01
   3.9167690e+06   3.6132812e+01
   3.9168580e+06   3.7902832e+01
   3.9171560e+06   3.8391113e+01
   4.0459830e+06   4.0039062e+01
   4.0459960e+06   4.5593262e+01
   4.0460210e+06   4.6569824e+01
   4.0460890e+06   3.7109375e+01
   4.0461640e+06   3.6560059e+01
   4.0463350e+06   4.0039062e+01
   4.0464250e+06   3.5705566e+01
   4.1482840e+06   3.4606934e+01
   4.1483870e+06   3.7292480e+01
   4.1484050e+06   3.5034180e+01
   4.1484540e+06   3.4912109e+01
   4.1485640e+06   3.4851074e+01
   4.1486690e+06   4.4982910e+01
   4.2836590e+06   3.4851074e+01
   4.2838270e+06   4.1198730e+01
   4.2842100e+06   3.6560059e+01
   4.3532720e+06   3.6926270e+01
   4.3533630e+06   3.7292480e+01
   4.3534610e+06   3.5583496e+01
   4.3534870e+06   3.4790039e+01
   4.3535380e+06   3.6193848e+01
   4.3535540e+06   4.9743652e+01
   4.4187130e+06   3.4606934e+01
   4.4187540e+06   4.0039062e+01
   4.4188210e+06   3.5217285e+01
   4.4188630e+06   3.6315918e+01
   4.4189360e+06   3.7231445e+01
   4.4189970e+06   3.6682129e+01
   4.4190880e+06   3.7292480e+01
   4.5109480e+06   3.5827637e+01
   4.5876260e+06   4.2053223e+01
   4.5877290e+06   3.6071777e+01
   4.5877940e+06   4.5410156e+01
   4.5879980e+06   3.4973145e+01
   4.7622560e+06   3.8391113e+01
   4.7622880e+06   4.1381836e+01
   4.7623150e+06   4.2175293e+01
   4.7623340e+06   3.8085937e+01
   4.7623590e+06   3.5766602e+01
   4.7623930e+06   4.1198730e+01
   4.7625890e+06   3.4851074e+01
   4.7626230e+06   3.5095215e+01
   4.7626710e+06   4.2846680e+01
   4.8557720e+06   3.5705566e+01
   4.8558020e+06   3.5156250e+01
   4.8558650e+06   4.5471191e+01
   4.8559730e+06   3.7841797e+01
   4.8561900e+06   3.5278320e+01
   5.0491250e+06   4.0039062e+01
   5.0492020e+06   3.8269043e+01
   5.0492560e+06   5.0048828e+01
   5.0493860e+06   3.4606934e+01
   5.1470340e+06   3.6987305e+01
   5.1470510e+06   4.6875000e+01
   5.1471600e+06   3.8818359e+01
   5.1471840e+06   5.2795410e+01
   5.1472370e+06   3.5888672e+01
   5.1473380e+06   3.5278320e+01
   5.1474530e+06   3.5705566e+01
   5.1475290e+06   3.7780762e+01
   5.2482030e+06   3.5339355e+01
   5.2482290e+06   3.8452148e+01
   5.2482880e+06   5.1635742e+01
   5.2483180e+06   3.5461426e+01
   5.2483490e+06   3.8024902e+01
   5.2483840e+06   3.5827637e+01
   5.2486480e+06   3.8391113e+01
   5.4142480e+06   3.5522461e+01
   5.4143320e+06   4.0344238e+01
   5.4144040e+06   4.0283203e+01
   5.4144600e+06   5.7678223e+01
   5.4145110e+06   3.5522461e+01
   5.4146310e+06   3.7414551e+01
   5.6027650e+06   3.6254883e+01
   5.6028930e+06   5.1208496e+01
   5.6029350e+06   3.8574219e+01
   5.6029480e+06   4.2541504e+01
   5.6031100e+06   3.5217285e+01
   5.6701250e+06   4.1198730e+01
   5.6702780e+06   3.5949707e+01
   5.6970290e+06   3.6743164e+01
   5.6970980e+06   3.6376953e+01
   5.6971210e+06   3.6621094e+01
   5.6971540e+06   3.8024902e+01
   5.6972600e+06   4.7790527e+01
