   5.9990000e+06   0.0000000e+00
   2.7861600e+05   4.4006348e+01
   3.0059300e+05   4.1564941e+01
   5.3976000e+05   4.2846680e+01
   6.3839100e+05   5.1269531e+01
   7.2261100e+05   4.1198730e+01
   8.1945800e+05   4.5288086e+01
   8.3849800e+05   4.4677734e+01
   8.5259800e+05   4.4860840e+01
   8.8606300e+05   4.9865723e+01
   8.8612100e+05   4.4799805e+01
   8.8613200e+05   6.8359375e+01
   8.8618100e+05   5.3649902e+01
   8.8630200e+05   5.0231934e+01
   9.4346700e+05   4.3701172e+01
   9.4382900e+05   4.3518066e+01
   9.4393000e+05   4.1870117e+01
   9.4397200e+05   4.2724609e+01
   9.4415800e+05   4.2358398e+01
   9.9628200e+05   5.3527832e+01
   9.9638000e+05   4.4860840e+01
   9.9639400e+05   5.1330566e+01
   9.9642900e+05   4.7363281e+01
   9.9645300e+05   4.9682617e+01
   9.9648700e+05   5.1086426e+01
   9.9655100e+05   4.2419434e+01
   1.0239690e+06   4.1992188e+01
   1.0388820e+06   4.3395996e+01
   1.0389210e+06   4.2358398e+01
   1.0389400e+06   4.7119141e+01
   1.0389800e+06   4.9255371e+01
   1.0390570e+06   4.5227051e+01
   1.0581200e+06   4.4189453e+01
   1.0581380e+06   4.5104980e+01
   1.0583170e+06   4.1870117e+01
   1.0801030e+06   5.0170898e+01
   1.0801520e+06   4.2785645e+01
   1.0803300e+06   4.2114258e+01
   1.0807000e+06   4.6875000e+01
   1.1015680e+06   5.8837891e+01
   1.1016240e+06   4.2358398e+01
   1.1016790e+06   4.1809082e+01
   1.1018260e+06   4.1320801e+01
   1.1251040e+06   5.2795410e+01
   1.1596670e+06   4.1870117e+01
   1.1596780e+06   4.6630859e+01
   1.1597420e+06   4.2785645e+01
   1.1847230e+06   4.5288086e+01
   1.1847430e+06   5.1391602e+01
   1.1848130e+06   5.1391602e+01
   1.1849310e+06   4.3762207e+01
   1.2064360e+06   4.1381836e+01
   1.2066460e+06   5.0170898e+01
   1.2066980e+06   4.3701172e+01
   1.2067330e+06   4.9499512e+01
   1.2069580e+06   4.3090820e+01
   1.2281140e+06   4.6752930e+01
   1.2282800e+06   4.2785645e+01
   1.2283150e+06   4.8583984e+01
   1.2492160e+06   4.6997070e+01
   1.2689270e+06   4.1625977e+01
   1.2689750e+06   4.4616699e+01
   1.3036070e+06   4.4311523e+01
   1.3085320e+06   4.4433594e+01
   1.3276170e+06   4.5288086e+01
   1.3459390e+06   4.2846680e+01
   1.4048170e+06   4.3579102e+01
   1.4571170e+06   4.5532227e+01
   1.4911890e+06   4.9194336e+01
   1.6459880e+06   4.3212891e+01
   1.7073560e+06   4.6752930e+01
   1.7471370e+06   4.4250488e+01
   1.8193240e+06   4.3273926e+01
   1.8647240e+06   4.5349121e+01
   1.8649520e+06   4.6630859e+01
   1.8650120e+06   4.3151855e+01
   1.8650590e+06   4.1259766e+01
   1.9238500e+06   4.7180176e+01
   2.1458040e+06   4.2419434e+01
   2.1519890e+06   4.1381836e+01
   2.2645750e+06   4.3151855e+01
   2.3266530e+06   4.1381836e+01
   2.3267510e+06   4.3151855e+01
   2.3268530e+06   4.3029785e+01
   2.3268920e+06   5.2490234e+01
   2.4008620e+06   4.4250488e+01
   2.4009260e+06   4.5227051e+01
   2.4009630e+06   4.5349121e+01
   2.4009850e+06   4.4433594e+01
   2.4010000e+06   5.6701660e+01
   2.5514770e+06   4.6081543e+01
   2.5515300e+06   4.1625977e+01
   2.5516060e+06   4.4555664e+01
   2.5516260e+06   4.3518066e+01
   2.7134970e+06   4.2541504e+01
   2.7135500e+06   6.3049316e+01
   2.7136480e+06   4.9438477e+01
   2.7136960e+06   4.1992188e+01
   2.7137790e+06   4.5104980e+01
   2.8021740e+06   4.6142578e+01
   2.8022350e+06   4.8828125e+01
   2.8022480e+06   4.5288086e+01
   2.8025780e+06   4.4067383e+01
   2.8830530e+06   4.2114258e+01
   2.8903210e+06   4.4616699e+01
   2.8906710e+06   4.6264648e+01
   3.0314790e+06   4.3457031e+01
   3.0315120e+06   4.9255371e+01
   3.0315410e+06   4.5227051e+01
   3.0315570e+06   4.9926758e+01
   3.0316020e+06   4.4555664e+01
   3.0316810e+06   4.4189453e+01
   3.0317730e+06   3.9672852e+01
   3.0473730e+06   4.2663574e+01
   3.0476730e+06   4.1564941e+01
   3.0478320e+06   5.1025391e+01
   3.0899790e+06   3.9672852e+01
   3.0900760e+06   4.1503906e+01
   3.0901120e+06   4.2114258e+01
   3.0901250e+06   5.2917480e+01
   3.0901470e+06   4.3640137e+01
   3.0901970e+06   5.6152344e+01
   3.0902310e+06   4.5349121e+01
   3.1737250e+06   4.3151855e+01
   3.1737530e+06   5.7556152e+01
   3.1738010e+06   5.2001953e+01
   3.1738690e+06   4.0832520e+01
   3.1738820e+06   4.8034668e+01
   3.1739000e+06   5.5419922e+01
   3.2121820e+06   4.7241211e+01
   3.2122190e+06   5.9997559e+01
   3.2122300e+06   5.8715820e+01
   3.2122650e+06   4.0527344e+01
   3.2122990e+06   4.2968750e+01
   3.2123200e+06   5.5480957e+01
   3.2123900e+06   4.1748047e+01
   3.2606260e+06   4.0100098e+01
   3.2606530e+06   4.0832520e+01
   3.2607090e+06   4.2297363e+01
   3.2607790e+06   4.0161133e+01
   3.2609290e+06   4.0222168e+01
   3.2960730e+06   4.9377441e+01
   3.2961140e+06   3.9794922e+01
   3.2961400e+06   3.9733887e+01
   3.2962080e+06   4.7607422e+01
   3.2962420e+06   4.1381836e+01
   3.2962620e+06   4.2907715e+01
   3.2963140e+06   4.1687012e+01
   3.2964810e+06   4.2053223e+01
   3.3358430e+06   4.3334961e+01
   3.3359180e+06   4.1625977e+01
   3.3359640e+06   4.7607422e+01
   3.3360770e+06   3.9794922e+01
   3.3825880e+06   4.4372559e+01
   3.3826220e+06   4.7363281e+01
   3.3826820e+06   4.7973633e+01
   3.3828020e+06   4.2602539e+01
   3.3837960e+06   4.2419434e+01
   3.4437490e+06   4.5166016e+01
   3.4439930e+06   4.0161133e+01
   3.4650840e+06   4.1503906e+01
   3.4651500e+06   4.0527344e+01
   3.4651610e+06   4.5593262e+01
   3.4652980e+06   5.6030273e+01
   3.4653320e+06   4.6264648e+01
   3.4655350e+06   4.2114258e+01
   3.4943600e+06   4.8278809e+01
   3.4944900e+06   5.7250977e+01
   3.4945260e+06   4.4555664e+01
   3.4946320e+06   4.2358398e+01
   3.5661630e+06   4.5715332e+01
   3.5666030e+06   4.2968750e+01
   3.5666400e+06   5.7678223e+01
   3.5667180e+06   6.5307617e+01
   3.5668020e+06   4.0649414e+01
   3.9042350e+06   4.0100098e+01
   3.9043350e+06   4.1320801e+01
   3.9044500e+06   4.4555664e+01
   3.9046110e+06   4.3640137e+01
   3.9046650e+06   4.4067383e+01
   4.0459370e+06   4.0588379e+01
   4.0461580e+06   4.6508789e+01
   4.0462860e+06   4.2663574e+01
   4.1484070e+06   3.9855957e+01
   4.1484850e+06   4.2724609e+01
   4.1486280e+06   4.5104980e+01
   4.1486480e+06   4.0649414e+01
   4.1755980e+06   4.6569824e+01
   4.2840370e+06   4.3029785e+01
   4.4187110e+06   4.0344238e+01
   4.4192280e+06   4.0283203e+01
   4.5110350e+06   4.0954590e+01
   4.5877050e+06   4.0466309e+01
   4.5877590e+06   4.4982910e+01
   4.5878220e+06   4.6142578e+01
   4.5878660e+06   5.2673340e+01
   4.7624280e+06   4.7180176e+01
   4.7631980e+06   4.2175293e+01
   4.8557670e+06   4.0527344e+01
   4.8558630e+06   4.8767090e+01
   4.8559430e+06   4.2175293e+01
   4.8560150e+06   4.1076660e+01
   5.0492460e+06   4.3518066e+01
   5.0492790e+06   4.6020508e+01
   5.0493240e+06   5.8166504e+01
   5.0493640e+06   4.1503906e+01
   5.1471240e+06   4.2968750e+01
   5.1472140e+06   4.1625977e+01
   5.1472630e+06   4.6569824e+01
   5.1473340e+06   4.6325684e+01
   5.2359330e+06   4.0100098e+01
   5.2481800e+06   4.6508789e+01
   5.2483020e+06   6.1340332e+01
   5.2483510e+06   5.1879883e+01
   5.4144520e+06   4.0649414e+01
   5.4144800e+06   5.1879883e+01
   5.4145190e+06   4.1015625e+01
   5.4146000e+06   4.4677734e+01
   5.4832330e+06   4.0710449e+01
   5.6028640e+06   4.8767090e+01
   5.6028790e+06   4.3395996e+01
   5.6029410e+06   4.6447754e+01
   5.6030070e+06   6.4575195e+01
   5.6704550e+06   4.0649414e+01
   5.6705470e+06   4.0527344e+01
   5.6705820e+06   4.1748047e+01
   5.6706420e+06   5.0537109e+01
   5.6706830e+06   5.4870605e+01
   5.6707620e+06   4.0649414e+01
   5.6968100e+06   4.8950195e+01
   5.6970530e+06   4.0649414e+01
   5.7572090e+06   4.1076660e+01
   5.8840300e+06   4.0588379e+01
