   5.9990000e+06   0.0000000e+00
   5.9019600e+05   4.0954590e+01
   8.7466700e+05   3.9062500e+01
   8.8596700e+05   4.0405273e+01
   8.8608800e+05   4.2175293e+01
   8.8614800e+05   3.9794922e+01
   8.8623600e+05   4.2419434e+01
   9.4395700e+05   3.9978027e+01
   1.0388690e+06   4.3518066e+01
   1.0389100e+06   4.0771484e+01
   1.0389980e+06   5.0720215e+01
   1.0516100e+06   4.3701172e+01
   1.0581340e+06   4.0100098e+01
   1.1016620e+06   3.9733887e+01
   1.1017610e+06   3.9855957e+01
   1.1252760e+06   3.8574219e+01
   1.1595480e+06   4.0283203e+01
   1.1597620e+06   4.1198730e+01
   1.2066970e+06   3.9306641e+01
   1.2283670e+06   4.2968750e+01
   1.2688650e+06   4.5166016e+01
   1.6172330e+06   3.8940430e+01
   1.8646820e+06   3.8879395e+01
   2.3270740e+06   4.0405273e+01
   2.4008540e+06   3.9123535e+01
   2.4009200e+06   4.1137695e+01
   2.4009600e+06   4.2175293e+01
   2.5515310e+06   4.1809082e+01
   2.5515560e+06   4.7302246e+01
   2.8021300e+06   4.6264648e+01
   3.0314310e+06   3.8879395e+01
   3.0314820e+06   4.0832520e+01
   3.0315270e+06   4.1503906e+01
   3.0315410e+06   4.2968750e+01
   3.0902710e+06   4.1870117e+01
   3.1737130e+06   4.1015625e+01
   3.1739220e+06   4.4677734e+01
   3.2121150e+06   4.7607422e+01
   3.2121580e+06   3.8940430e+01
   3.2122400e+06   3.9489746e+01
   3.2606890e+06   4.0954590e+01
   3.2835080e+06   3.9611816e+01
   3.2961010e+06   4.0466309e+01
   3.2963250e+06   4.2663574e+01
   3.3359880e+06   4.4677734e+01
   3.3360810e+06   3.9916992e+01
   3.3828030e+06   4.2236328e+01
   3.4438850e+06   4.2907715e+01
   3.4439020e+06   3.9733887e+01
   3.4652080e+06   4.5898438e+01
   3.4653710e+06   3.9489746e+01
   3.4654230e+06   4.1625977e+01
   3.4948420e+06   4.0893555e+01
   3.5666210e+06   4.5104980e+01
   3.5666920e+06   3.9550781e+01
   3.5667510e+06   4.4738770e+01
   3.5667950e+06   3.9733887e+01
   4.1484670e+06   3.9672852e+01
   4.3451890e+06   4.1381836e+01
   4.5878060e+06   4.0222168e+01
   5.0491740e+06   4.0039062e+01
   5.1472010e+06   4.8278809e+01
   5.2481210e+06   4.6264648e+01
   5.4144420e+06   4.1198730e+01
   5.4144550e+06   4.0832520e+01
   5.4144860e+06   4.0161133e+01
   5.6030030e+06   4.2297363e+01
   5.6972650e+06   4.1259766e+01
