   5.9990000e+06   0.0000000e+00
   6.0833000e+04   2.9174805e+01
   6.0873000e+04   2.3315430e+01
   6.0964000e+04   2.7221680e+01
   6.0974000e+04   1.7517090e+01
   6.1093000e+04   1.7761230e+01
   6.1172000e+04   1.5197754e+01
   6.1205000e+04   1.4343262e+01
   6.1215000e+04   1.3610840e+01
   6.1228000e+04   1.4587402e+01
   6.1252000e+04   1.6967773e+01
   6.1295000e+04   2.7343750e+01
   6.1305000e+04   1.7150879e+01
   6.1337000e+04   1.9287109e+01
   6.1347000e+04   1.8554688e+01
   6.1373000e+04   1.9592285e+01
   6.1407000e+04   2.9541016e+01
   6.1417000e+04   1.5686035e+01
   6.1438000e+04   2.5939941e+01
   6.1453000e+04   1.3610840e+01
   6.1483000e+04   3.8574219e+01
   6.1493000e+04   2.0751953e+01
   6.1532000e+04   1.3916016e+01
   6.1551000e+04   6.5246582e+01
   6.1576000e+04   1.8127441e+01
   6.1607000e+04   1.8432617e+01
   6.1639000e+04   1.6296387e+01
   6.1663000e+04   1.4465332e+01
   6.1674000e+04   1.8615723e+01
   6.1697000e+04   1.7211914e+01
   6.1716000e+04   2.2827148e+01
   6.1881000e+04   1.3549805e+01
   6.1967000e+04   1.4648438e+01
   6.9125000e+04   5.3344727e+01
   7.1130000e+04   5.5725098e+01
   7.2782000e+04   5.3222656e+01
   7.5502000e+04   5.5053711e+01
   7.9128000e+04   5.1635742e+01
   8.1836000e+04   4.9987793e+01
   8.5134000e+04   5.2246094e+01
   8.5445000e+04   1.7761230e+01
   9.0071000e+04   4.9499512e+01
   1.0029200e+05   4.9560547e+01
   1.0123700e+05   1.7395020e+01
   1.4323600e+05   2.4536133e+01
   1.4331300e+05   2.7770996e+01
   1.4335700e+05   2.0202637e+01
   1.4337800e+05   2.2644043e+01
   1.4340900e+05   3.0334473e+01
   1.4342600e+05   1.5502930e+01
   1.4343700e+05   2.0324707e+01
   1.4345600e+05   4.5471191e+01
   1.4347400e+05   1.4953613e+01
   1.4348900e+05   2.7954102e+01
   1.4350600e+05   5.2124023e+01
   1.4352600e+05   2.3010254e+01
   1.4353900e+05   1.6296387e+01
   1.4355700e+05   3.1372070e+01
   1.4357400e+05   4.8034668e+01
   1.4359400e+05   1.9836426e+01
   1.4362600e+05   2.5085449e+01
   1.4365200e+05   5.7128906e+01
   1.4367100e+05   1.6723633e+01
   1.4369300e+05   1.4099121e+01
   1.4370400e+05   1.5625000e+01
   1.4373300e+05   2.9968262e+01
   1.4374400e+05   1.9287109e+01
   1.4376900e+05   1.4953613e+01
   1.4378800e+05   1.8798828e+01
   1.4380100e+05   1.7456055e+01
   1.4384400e+05   2.9296875e+01
   1.4387100e+05   2.0019531e+01
   1.4394600e+05   2.3559570e+01
   1.4403700e+05   1.7028809e+01
   1.5237600e+05   5.2246094e+01
   1.5245500e+05   1.5075684e+01
   1.5274500e+05   4.8034668e+01
   1.5286400e+05   1.5075684e+01
   1.5291100e+05   4.5471191e+01
   1.5302000e+05   3.3325195e+01
   1.5312800e+05   2.7038574e+01
   1.5321600e+05   1.5380859e+01
   1.5346300e+05   1.6723633e+01
   1.5360600e+05   2.2521973e+01
   1.5374300e+05   2.0629883e+01
   1.5393500e+05   3.4423828e+01
   1.5414500e+05   3.0334473e+01
   1.5487100e+05   2.4353027e+01
   1.5503200e+05   1.4892578e+01
   1.5505200e+05   2.2460938e+01
   1.5514400e+05   1.7333984e+01
   1.5521000e+05   1.4343262e+01
   1.5526900e+05   1.4770508e+01
   1.5538000e+05   2.1606445e+01
   1.5556000e+05   1.4160156e+01
   1.5557100e+05   2.1911621e+01
   1.5571600e+05   1.5747070e+01
   1.5592600e+05   1.7639160e+01
   1.5604500e+05   1.6174316e+01
   1.5612500e+05   1.8249512e+01
   1.5640100e+05   2.0690918e+01
   1.5665000e+05   3.3203125e+01
   1.5703400e+05   3.5766602e+01
   1.5742200e+05   3.3813477e+01
   1.5780300e+05   3.6804199e+01
   1.5812300e+05   3.7475586e+01
   1.5840200e+05   3.1433105e+01
   1.5883600e+05   2.9846191e+01
   1.6205200e+05   4.0161133e+01
   1.6409700e+05   4.6386719e+01
   1.6543300e+05   4.1076660e+01
   1.6662600e+05   4.4555664e+01
   1.6673400e+05   1.6418457e+01
   1.6780400e+05   4.2724609e+01
   1.6890700e+05   4.0405273e+01
   1.7012500e+05   3.9916992e+01
   1.7128800e+05   4.4982910e+01
   1.7295200e+05   4.2541504e+01
   1.7453800e+05   4.4555664e+01
   1.7600900e+05   4.5837402e+01
   1.7818700e+05   4.6997070e+01
   1.7912300e+05   4.1870117e+01
   1.8377000e+05   4.1809082e+01
   1.8633900e+05   4.5837402e+01
   2.1926200e+05   5.7495117e+01
   2.1936700e+05   1.6723633e+01
   2.1956500e+05   1.5686035e+01
   3.0308000e+05   2.5512695e+01
   3.0314800e+05   2.4841309e+01
   3.0316400e+05   5.8471680e+01
   3.0319100e+05   2.7160645e+01
   3.0321800e+05   3.8269043e+01
   3.0323700e+05   1.9287109e+01
   3.0325100e+05   5.4870605e+01
   3.0326100e+05   4.4982910e+01
   3.0328100e+05   2.0568848e+01
   3.0329400e+05   2.2766113e+01
   3.0331900e+05   6.6406250e+01
   3.0335000e+05   1.4099121e+01
   3.0339100e+05   5.9265137e+01
   3.0340800e+05   2.2521973e+01
   3.0345200e+05   1.6357422e+01
   3.0351000e+05   1.4953613e+01
   3.0356300e+05   1.3671875e+01
   3.0361400e+05   2.1484375e+01
   3.0364700e+05   1.7089844e+01
   3.0371600e+05   2.0019531e+01
   3.1206300e+05   1.7150879e+01
   3.1242300e+05   5.4748535e+01
   3.1277900e+05   5.2307129e+01
   3.1295100e+05   4.3823242e+01
   3.1308300e+05   3.9916992e+01
   3.1319700e+05   2.8137207e+01
   3.1329200e+05   1.6723633e+01
   3.1353700e+05   1.3916016e+01
   3.1367100e+05   2.0751953e+01
   3.1381700e+05   1.9897461e+01
   3.1403300e+05   3.0029297e+01
   3.1423100e+05   2.7038574e+01
   3.1445200e+05   2.7770996e+01
   3.1476800e+05   2.6855469e+01
   3.1515900e+05   3.2043457e+01
   3.1561200e+05   1.3671875e+01
   3.1987800e+05   5.1574707e+01
   3.2163500e+05   4.8400879e+01
   3.2203100e+05   1.3671875e+01
   3.2339100e+05   4.7607422e+01
   3.2584400e+05   4.9682617e+01
   3.2698600e+05   4.6264648e+01
   3.2841900e+05   4.5654297e+01
   3.2997300e+05   4.9926758e+01
   3.3291400e+05   4.8278809e+01
   3.3453200e+05   4.5166016e+01
   3.3986700e+05   5.0659180e+01
   3.4369600e+05   5.2062988e+01
   3.9571900e+05   3.1616211e+01
   3.9576000e+05   1.7333984e+01
   3.9578600e+05   3.8024902e+01
   3.9579800e+05   5.4077148e+01
   3.9583700e+05   3.0334473e+01
   3.9585000e+05   2.9113770e+01
   3.9586600e+05   1.8005371e+01
   3.9588000e+05   5.4260254e+01
   3.9590000e+05   3.6560059e+01
   3.9593000e+05   2.0935059e+01
   3.9595200e+05   3.6315918e+01
   3.9597400e+05   1.8981934e+01
   3.9599100e+05   1.5441895e+01
   3.9601100e+05   3.6071777e+01
   3.9607300e+05   1.5747070e+01
   3.9610300e+05   1.4160156e+01
   3.9614800e+05   1.4282227e+01
   3.9619000e+05   1.4221191e+01
   3.9637900e+05   1.5197754e+01
   3.9644500e+05   1.8859863e+01
   3.9664400e+05   1.6235352e+01
   3.9671800e+05   1.7028809e+01
   3.9739500e+05   1.4770508e+01
   4.0302900e+05   1.5319824e+01
   4.0334700e+05   1.3549805e+01
   4.0373000e+05   1.4343262e+01
   4.0446300e+05   1.4221191e+01
   4.0989800e+05   4.7119141e+01
   4.1186300e+05   5.3833008e+01
   4.1529500e+05   5.2246094e+01
   4.1947100e+05   5.3039551e+01
   4.3973700e+05   1.6662598e+01
   4.9371200e+05   2.2216797e+01
   4.9384400e+05   1.5930176e+01
   4.9408200e+05   3.2470703e+01
   4.9416600e+05   1.4953613e+01
   4.9420800e+05   1.7150879e+01
   4.9434400e+05   1.6723633e+01
   4.9436500e+05   2.5878906e+01
   4.9438000e+05   1.3977051e+01
   4.9444600e+05   4.6142578e+01
   4.9450400e+05   1.4160156e+01
   4.9454000e+05   1.8676758e+01
   4.9455100e+05   2.0202637e+01
   4.9462500e+05   1.5869141e+01
   4.9464100e+05   3.1127930e+01
   4.9468600e+05   1.6784668e+01
   4.9470900e+05   1.7761230e+01
   4.9473100e+05   2.4169922e+01
   4.9476800e+05   6.2316895e+01
   4.9479500e+05   1.3671875e+01
   4.9487200e+05   1.4404297e+01
   4.9488800e+05   1.7517090e+01
   4.9493200e+05   1.8371582e+01
   4.9500700e+05   5.7373047e+01
   4.9503600e+05   1.5991211e+01
   4.9511000e+05   3.0029297e+01
   4.9547000e+05   1.3549805e+01
   6.3958300e+05   6.2683105e+01
   6.3971100e+05   1.9897461e+01
   6.4034100e+05   5.8532715e+01
   6.4054100e+05   1.9165039e+01
   6.4060600e+05   1.3977051e+01
   6.4065900e+05   1.4587402e+01
   6.4085900e+05   5.9875488e+01
   6.4091800e+05   1.4038086e+01
   6.4097400e+05   1.7395020e+01
   6.4099700e+05   1.7944336e+01
   6.8812200e+05   3.2592773e+01
   6.8814900e+05   1.9592285e+01
   6.8816500e+05   3.1494141e+01
   6.8818000e+05   6.9091797e+01
   6.8821100e+05   1.9409180e+01
   6.8822300e+05   4.8400879e+01
   6.8825100e+05   1.4831543e+01
   6.8826400e+05   5.4382324e+01
   6.8829200e+05   2.3010254e+01
   6.8832000e+05   2.4658203e+01
   6.8833700e+05   7.1105957e+01
   6.8837300e+05   1.3916016e+01
   6.8839100e+05   1.3977051e+01
   6.8840800e+05   2.7526855e+01
   6.8843800e+05   2.1911621e+01
   6.8845300e+05   1.6113281e+01
   6.8846800e+05   1.8981934e+01
   6.8853700e+05   2.5573730e+01
   6.8858100e+05   1.3793945e+01
   6.8861000e+05   1.5319824e+01
   6.8866400e+05   2.3376465e+01
   6.8869400e+05   1.5991211e+01
   6.8871000e+05   1.9348145e+01
   6.8879200e+05   1.5502930e+01
   6.9570000e+05   1.9409180e+01
   6.9633000e+05   1.3549805e+01
   6.9760500e+05   5.4016113e+01
   6.9831100e+05   5.0842285e+01
   6.9857900e+05   5.3222656e+01
   6.9873500e+05   4.6813965e+01
   6.9888300e+05   3.7780762e+01
   6.9901500e+05   3.0029297e+01
   6.9923300e+05   3.0212402e+01
   6.9969600e+05   1.4038086e+01
   6.9990900e+05   2.4536133e+01
   7.0005000e+05   1.8676758e+01
   7.0011600e+05   1.3610840e+01
   7.0020600e+05   1.8798828e+01
   7.0034400e+05   1.6113281e+01
   7.0036500e+05   3.9855957e+01
   7.0038200e+05   1.9042969e+01
   7.0044400e+05   1.3916016e+01
   7.0046600e+05   1.8066406e+01
   7.0048200e+05   1.4221191e+01
   7.0056600e+05   3.0456543e+01
   7.0059200e+05   1.8676758e+01
   7.0061500e+05   1.9897461e+01
   7.0063000e+05   1.3854980e+01
   7.0072600e+05   1.9714355e+01
   7.0076100e+05   3.3203125e+01
   7.0081700e+05   1.5747070e+01
   7.0086100e+05   1.9165039e+01
   7.0089300e+05   3.1372070e+01
   7.0095400e+05   1.6296387e+01
   7.0101100e+05   1.7883301e+01
   7.0102800e+05   2.9052734e+01
   7.0107800e+05   1.8127441e+01
   7.0116500e+05   3.2897949e+01
   7.0121900e+05   1.8554688e+01
   7.0131100e+05   1.8005371e+01
   7.0141700e+05   3.6376953e+01
   7.0143600e+05   1.5808105e+01
   7.0169600e+05   1.7089844e+01
   7.0171900e+05   2.4597168e+01
   7.0188000e+05   1.4709473e+01
   7.0210400e+05   1.3549805e+01
   7.0215000e+05   1.4221191e+01
   7.0755500e+05   5.0903320e+01
   7.0911800e+05   4.9560547e+01
   7.1052700e+05   4.7180176e+01
   7.1170600e+05   5.3100586e+01
   7.1294100e+05   4.5593262e+01
   7.1474400e+05   4.9377441e+01
   7.1630100e+05   4.4372559e+01
   7.1882000e+05   4.8645020e+01
   7.2179900e+05   5.1147461e+01
   7.2438000e+05   5.2795410e+01
   7.6093700e+05   2.0629883e+01
   8.2363500e+05   2.7770996e+01
   8.2370400e+05   3.2653809e+01
   8.2373000e+05   2.3620605e+01
   8.2374300e+05   4.0466309e+01
   8.2376800e+05   3.2531738e+01
   8.2378700e+05   4.5898438e+01
   8.2381300e+05   2.7587891e+01
   8.2382600e+05   2.0141602e+01
   8.2384300e+05   7.4951172e+01
   8.2387200e+05   3.2348633e+01
   8.2389600e+05   1.9042969e+01
   8.2391400e+05   1.3916016e+01
   8.2393500e+05   1.3671875e+01
   8.2395100e+05   2.3254395e+01
   8.2397300e+05   4.0100098e+01
   8.2399100e+05   2.0080566e+01
   8.2402100e+05   1.7028809e+01
   8.2406500e+05   2.9296875e+01
   8.2410400e+05   1.5502930e+01
   8.2417700e+05   2.1667480e+01
   8.2425300e+05   1.7456055e+01
   8.2433700e+05   1.4953613e+01
   8.2442800e+05   2.2888184e+01
   8.2446700e+05   2.1362305e+01
   8.2487700e+05   1.3671875e+01
   8.3670800e+05   5.3222656e+01
   8.3942000e+05   5.1269531e+01
   8.4067600e+05   4.5532227e+01
   8.4403700e+05   5.2185059e+01
   8.5564800e+05   5.3283691e+01
   9.1382800e+05   2.7893066e+01
   9.1389100e+05   1.9104004e+01
   9.1397500e+05   2.0385742e+01
   9.1403200e+05   1.8371582e+01
   9.1406000e+05   1.8920898e+01
   9.1413200e+05   1.6357422e+01
   9.1416000e+05   1.8798828e+01
   9.1417900e+05   2.4414062e+01
   9.1419100e+05   1.4648438e+01
   9.1420300e+05   1.9226074e+01
   9.1424400e+05   1.8676758e+01
   9.1426200e+05   2.8564453e+01
   9.1430000e+05   1.6235352e+01
   9.1431600e+05   2.2033691e+01
   9.1434100e+05   1.9104004e+01
   9.1437800e+05   2.0690918e+01
   9.1439500e+05   1.6967773e+01
   9.1447300e+05   5.9570312e+01
   9.1449900e+05   1.8615723e+01
   9.1454700e+05   1.6052246e+01
   9.1458100e+05   1.4526367e+01
   9.1461800e+05   1.6235352e+01
   9.1470600e+05   5.3344727e+01
   9.1477800e+05   1.6174316e+01
   9.1482000e+05   1.5075684e+01
   9.1487800e+05   1.5380859e+01
   9.1492100e+05   1.6479492e+01
   9.1500100e+05   1.7822266e+01
   9.1503800e+05   1.3549805e+01
   9.1524800e+05   1.3854980e+01
   9.1527500e+05   2.1728516e+01
   9.7057700e+05   5.3710938e+01
   9.7112800e+05   2.3193359e+01
   9.7120800e+05   2.8991699e+01
   9.7127500e+05   2.0751953e+01
   9.7130700e+05   2.4841309e+01
   9.7136200e+05   2.5268555e+01
   9.7138800e+05   1.7761230e+01
   9.7140200e+05   1.6113281e+01
   9.7151000e+05   2.5512695e+01
   9.7153600e+05   1.7089844e+01
   9.7155300e+05   1.5075684e+01
   9.7161500e+05   1.7028809e+01
   9.7166600e+05   3.0578613e+01
   9.7176900e+05   1.7944336e+01
   9.7180300e+05   1.4831543e+01
   9.7189100e+05   6.5856934e+01
   9.7193200e+05   3.1005859e+01
   9.7195000e+05   1.4282227e+01
   9.7197700e+05   1.7028809e+01
   9.7212300e+05   1.3854980e+01
   9.7228600e+05   2.6245117e+01
   9.7229800e+05   5.7067871e+01
   9.7233200e+05   1.3977051e+01
   9.7248700e+05   1.3549805e+01
   9.7255400e+05   1.5502930e+01
   9.7258200e+05   1.3549805e+01
   9.7272800e+05   1.5075684e+01
   1.0452200e+06   1.9897461e+01
   1.0452530e+06   2.6977539e+01
   1.0453290e+06   2.7587891e+01
   1.0453520e+06   2.1179199e+01
   1.0453760e+06   1.5136719e+01
   1.0454260e+06   1.9653320e+01
   1.0454560e+06   1.4526367e+01
   1.0455020e+06   1.4099121e+01
   1.0455700e+06   1.7089844e+01
   1.0455940e+06   1.5747070e+01
   1.0456470e+06   1.4587402e+01
   1.0456580e+06   2.3376465e+01
   1.0457100e+06   1.3610840e+01
   1.0457450e+06   1.8554688e+01
   1.0457580e+06   1.6052246e+01
   1.0457910e+06   1.3671875e+01
   1.0458540e+06   2.6794434e+01
   1.0458990e+06   1.6540527e+01
   1.0459170e+06   6.0913086e+01
   1.0459430e+06   1.8188477e+01
   1.0459630e+06   1.4770508e+01
   1.0461230e+06   2.3803711e+01
   1.0461620e+06   1.6601562e+01
   1.0461870e+06   1.6906738e+01
   1.0462110e+06   5.2246094e+01
   1.0463250e+06   1.4404297e+01
   1.0465190e+06   1.4953613e+01
   1.1207910e+06   3.1921387e+01
   1.1208520e+06   1.5380859e+01
   1.1208640e+06   1.6723633e+01
   1.1208770e+06   1.4709473e+01
   1.1208910e+06   2.1057129e+01
   1.1209080e+06   3.2287598e+01
   1.1209370e+06   2.4414062e+01
   1.1209470e+06   3.2104492e+01
   1.1209590e+06   4.0405273e+01
   1.1209930e+06   6.0913086e+01
   1.1210180e+06   3.3325195e+01
   1.1210280e+06   1.5014648e+01
   1.1210470e+06   3.0883789e+01
   1.1210720e+06   7.3608398e+01
   1.1210870e+06   3.3264160e+01
   1.1211420e+06   3.8330078e+01
   1.1211740e+06   1.5808105e+01
   1.1212000e+06   2.7893066e+01
   1.1212340e+06   1.4099121e+01
   1.1212760e+06   1.7150879e+01
   1.1213040e+06   1.6357422e+01
   1.1213340e+06   1.4160156e+01
   1.1213560e+06   1.7395020e+01
   1.1215970e+06   1.4038086e+01
   1.1299430e+06   5.0109863e+01
   1.1312390e+06   4.7668457e+01
   1.1326900e+06   4.6325684e+01
   1.1336410e+06   4.9987793e+01
   1.1338850e+06   1.8676758e+01
   1.1342490e+06   4.9804688e+01
   1.1360610e+06   5.3161621e+01
   1.1372340e+06   5.4016113e+01
   1.1389100e+06   4.9682617e+01
   1.1411510e+06   4.1503906e+01
   1.1427610e+06   4.9682617e+01
   1.1451380e+06   4.3273926e+01
   1.1466400e+06   4.6447754e+01
   1.1484830e+06   4.7485352e+01
   1.1514960e+06   1.5991211e+01
   1.1531020e+06   4.5532227e+01
   1.1703310e+06   4.6630859e+01
   1.1707380e+06   3.2104492e+01
   1.1707890e+06   2.0019531e+01
   1.1708340e+06   2.5512695e+01
   1.1708880e+06   2.3376465e+01
   1.1709770e+06   2.7221680e+01
   1.1710080e+06   1.7272949e+01
   1.1710270e+06   1.8615723e+01
   1.1710480e+06   1.5502930e+01
   1.1710740e+06   2.8930664e+01
   1.1710900e+06   2.3437500e+01
   1.1711190e+06   2.2094727e+01
   1.1711390e+06   2.2888184e+01
   1.1711690e+06   3.0151367e+01
   1.1711980e+06   2.9968262e+01
   1.1712220e+06   1.6174316e+01
   1.1712350e+06   3.2897949e+01
   1.1712500e+06   1.3916016e+01
   1.1712750e+06   1.7578125e+01
   1.1713010e+06   5.5480957e+01
   1.1713290e+06   2.9663086e+01
   1.1713650e+06   1.9531250e+01
   1.1713790e+06   1.5563965e+01
   1.1714020e+06   1.4526367e+01
   1.1714140e+06   3.1799316e+01
   1.1714290e+06   4.6020508e+01
   1.1714610e+06   1.7089844e+01
   1.1715530e+06   3.1250000e+01
   1.1715750e+06   1.4343262e+01
   1.1716640e+06   1.5258789e+01
   1.1716920e+06   3.4667969e+01
   1.1717220e+06   1.4282227e+01
   1.1718210e+06   1.5930176e+01
   1.1718610e+06   1.5197754e+01
   1.1719310e+06   2.0324707e+01
   1.1720600e+06   1.4770508e+01
   1.1721680e+06   1.4953613e+01
   1.1722170e+06   1.8493652e+01
   1.1724050e+06   2.0996094e+01
   1.1867130e+06   4.8828125e+01
   1.2294010e+06   1.7211914e+01
   1.2294760e+06   3.1555176e+01
   1.2296010e+06   2.1240234e+01
   1.2297020e+06   1.6113281e+01
   1.2297120e+06   1.5197754e+01
   1.2297780e+06   1.4892578e+01
   1.2298250e+06   1.5441895e+01
   1.2298580e+06   1.9042969e+01
   1.2299210e+06   1.5747070e+01
   1.2299330e+06   1.6479492e+01
   1.2299890e+06   2.1972656e+01
   1.2300510e+06   1.5686035e+01
   1.2300930e+06   1.5380859e+01
   1.2301040e+06   1.4404297e+01
   1.2301430e+06   2.1179199e+01
   1.2302070e+06   2.0080566e+01
   1.2302620e+06   6.0363770e+01
   1.2303070e+06   1.9714355e+01
   1.2303190e+06   1.5869141e+01
   1.2303360e+06   2.4353027e+01
   1.2304110e+06   1.5441895e+01
   1.2304580e+06   1.4282227e+01
   1.2305130e+06   2.0629883e+01
   1.2305640e+06   1.5747070e+01
   1.2306470e+06   2.1301270e+01
   1.2306680e+06   5.0903320e+01
   1.2309510e+06   2.4658203e+01
   1.2309890e+06   1.4526367e+01
   1.2310380e+06   1.4404297e+01
   1.2814490e+06   2.8259277e+01
   1.2815200e+06   2.0751953e+01
   1.2815630e+06   2.3681641e+01
   1.2815770e+06   1.5747070e+01
   1.2816550e+06   2.1972656e+01
   1.2817000e+06   2.3925781e+01
   1.2817250e+06   1.5197754e+01
   1.2817410e+06   1.8554688e+01
   1.2817510e+06   1.4831543e+01
   1.2817620e+06   2.1850586e+01
   1.2818090e+06   1.6418457e+01
   1.2818270e+06   1.9531250e+01
   1.2818370e+06   2.7648926e+01
   1.2818540e+06   6.1279297e+01
   1.2819190e+06   1.3610840e+01
   1.2819460e+06   1.4038086e+01
   1.2819640e+06   1.5930176e+01
   1.2819940e+06   6.2072754e+01
   1.2820230e+06   1.3732910e+01
   1.2820560e+06   1.9226074e+01
   1.2820710e+06   1.3854980e+01
   1.2821720e+06   2.2521973e+01
   1.2821850e+06   1.3793945e+01
   1.2822100e+06   1.3916016e+01
   1.2822580e+06   1.4160156e+01
   1.2822830e+06   1.8432617e+01
   1.2823240e+06   5.0964355e+01
   1.2825150e+06   1.4526367e+01
   1.2826220e+06   1.4770508e+01
   1.2964710e+06   5.6579590e+01
   1.3544820e+06   2.2155762e+01
   1.3545130e+06   3.3691406e+01
   1.3545980e+06   1.8249512e+01
   1.3546390e+06   1.3793945e+01
   1.3547120e+06   1.6235352e+01
   1.3547230e+06   2.8381348e+01
   1.3548160e+06   1.9409180e+01
   1.3548270e+06   1.4892578e+01
   1.3548800e+06   1.8066406e+01
   1.3549190e+06   1.8615723e+01
   1.3549400e+06   2.0019531e+01
   1.3550480e+06   1.7333984e+01
   1.3550700e+06   1.8859863e+01
   1.3551050e+06   1.5502930e+01
   1.3551250e+06   1.3610840e+01
   1.3551690e+06   1.5747070e+01
   1.3552180e+06   1.7761230e+01
   1.3552530e+06   5.7617188e+01
   1.3553030e+06   1.4099121e+01
   1.3553480e+06   1.3977051e+01
   1.3553880e+06   2.0996094e+01
   1.3555420e+06   1.4526367e+01
   1.3557600e+06   1.9714355e+01
   1.3557800e+06   1.3793945e+01
   1.4649930e+06   4.2297363e+01
   1.4650710e+06   2.2521973e+01
   1.4651060e+06   1.8249512e+01
   1.4651530e+06   1.4526367e+01
   1.4652120e+06   2.7954102e+01
   1.4652350e+06   1.3854980e+01
   1.4652690e+06   1.3732910e+01
   1.4653030e+06   1.4282227e+01
   1.4653290e+06   2.0019531e+01
   1.4653540e+06   1.6479492e+01
   1.4654280e+06   1.6113281e+01
   1.4654630e+06   1.9531250e+01
   1.4655830e+06   5.1879883e+01
   1.4656720e+06   2.1301270e+01
   1.4656930e+06   1.3977051e+01
   1.4658110e+06   1.3732910e+01
   1.4658780e+06   1.7700195e+01
   1.4660360e+06   5.1757812e+01
   1.4745660e+06   5.5908203e+01
   1.5123780e+06   2.6550293e+01
   1.5124400e+06   2.3681641e+01
   1.5124730e+06   2.0812988e+01
   1.5124850e+06   1.7517090e+01
   1.5125450e+06   2.0690918e+01
   1.5125600e+06   1.5136719e+01
   1.5125940e+06   2.9663086e+01
   1.5126210e+06   1.3732910e+01
   1.5126320e+06   3.1127930e+01
   1.5126740e+06   1.4038086e+01
   1.5126950e+06   2.0568848e+01
   1.5127610e+06   1.5502930e+01
   1.5127980e+06   1.6540527e+01
   1.5128110e+06   1.4282227e+01
   1.5128270e+06   6.1340332e+01
   1.5128540e+06   1.5075684e+01
   1.5128840e+06   1.5014648e+01
   1.5129450e+06   1.4648438e+01
   1.5129550e+06   1.4038086e+01
   1.5130760e+06   1.5747070e+01
   1.5131620e+06   1.4770508e+01
   1.5132360e+06   1.3916016e+01
   1.5132960e+06   1.5808105e+01
   1.5216690e+06   5.7800293e+01
   1.5308370e+06   5.4138184e+01
   1.6099690e+06   2.8320313e+01
   1.6100130e+06   1.8859863e+01
   1.6100660e+06   1.6113281e+01
   1.6101470e+06   1.9836426e+01
   1.6101600e+06   1.7395020e+01
   1.6101880e+06   1.8615723e+01
   1.6102080e+06   1.7395020e+01
   1.6102360e+06   1.7517090e+01
   1.6102510e+06   1.4892578e+01
   1.6102760e+06   1.4770508e+01
   1.6102870e+06   1.5075684e+01
   1.6103240e+06   1.5014648e+01
   1.6103740e+06   5.4870605e+01
   1.6103850e+06   2.2216797e+01
   1.6104030e+06   1.3732910e+01
   1.6104180e+06   1.5380859e+01
   1.6105010e+06   6.2622070e+01
   1.6105120e+06   1.9165039e+01
   1.6105750e+06   1.4526367e+01
   1.6106430e+06   1.5991211e+01
   1.6106620e+06   5.1635742e+01
   1.6107680e+06   1.4770508e+01
   1.6108320e+06   1.3610840e+01
   1.6108750e+06   1.6357422e+01
   1.6109550e+06   1.5686035e+01
   1.6109770e+06   1.4099121e+01
   1.6111480e+06   1.7700195e+01
   1.6111840e+06   1.6052246e+01
   1.6175020e+06   5.6640625e+01
   1.6212150e+06   5.1757812e+01
   1.6274970e+06   5.8654785e+01
   1.6294030e+06   5.6396484e+01
   1.6873230e+06   3.0761719e+01
   1.6873900e+06   1.8615723e+01
   1.6874180e+06   1.4892578e+01
   1.6875010e+06   1.5136719e+01
   1.6875340e+06   2.0874023e+01
   1.6875440e+06   1.5014648e+01
   1.6875820e+06   1.8066406e+01
   1.6876180e+06   1.4587402e+01
   1.6876350e+06   1.6235352e+01
   1.6876810e+06   1.4038086e+01
   1.6877040e+06   1.4831543e+01
   1.6877230e+06   1.6967773e+01
   1.6877400e+06   2.1057129e+01
   1.6877730e+06   1.5258789e+01
   1.6878150e+06   5.6701660e+01
   1.6878260e+06   1.9165039e+01
   1.6878620e+06   1.3671875e+01
   1.6879090e+06   1.5136719e+01
   1.6879560e+06   6.4514160e+01
   1.6879710e+06   1.4770508e+01
   1.6880820e+06   1.5380859e+01
   1.6880940e+06   1.4404297e+01
   1.6882790e+06   1.8127441e+01
   1.6883750e+06   1.3916016e+01
   1.6884260e+06   1.5319824e+01
   1.6884660e+06   1.4770508e+01
   1.6885730e+06   1.8127441e+01
   1.6955500e+06   5.0720215e+01
   1.7050610e+06   5.1513672e+01
   1.7440630e+06   2.4780273e+01
   1.7441170e+06   1.9958496e+01
   1.7441690e+06   1.9531250e+01
   1.7441970e+06   1.4831543e+01
   1.7442570e+06   3.2348633e+01
   1.7443070e+06   1.4587402e+01
   1.7443380e+06   2.2521973e+01
   1.7443810e+06   1.5563965e+01
   1.7444060e+06   2.0080566e+01
   1.7444280e+06   1.5930176e+01
   1.7444450e+06   1.4465332e+01
   1.7445010e+06   2.5207520e+01
   1.7445420e+06   5.0964355e+01
   1.7445700e+06   1.6479492e+01
   1.7446240e+06   1.4465332e+01
   1.7446430e+06   1.8859863e+01
   1.7446780e+06   6.2683105e+01
   1.7447480e+06   1.7028809e+01
   1.7447830e+06   1.3916016e+01
   1.7449700e+06   1.9165039e+01
   1.7450240e+06   1.4038086e+01
   1.7450950e+06   5.4626465e+01
   1.7451150e+06   1.7272949e+01
   1.7452550e+06   1.4221191e+01
   1.7453400e+06   1.4648438e+01
   1.7453740e+06   1.4770508e+01
   1.7454470e+06   1.3793945e+01
   1.7454720e+06   1.8188477e+01
   1.7534180e+06   4.9743652e+01
   1.7657140e+06   5.1086426e+01
   1.8193270e+06   1.9287109e+01
   1.8195630e+06   5.6701660e+01
   1.8198000e+06   2.0324707e+01
   1.8199420e+06   1.7883301e+01
   1.8200350e+06   1.6418457e+01
   1.8201650e+06   1.3732910e+01
   1.8201770e+06   3.0456543e+01
   1.8202120e+06   1.7639160e+01
   1.8202370e+06   1.4343262e+01
   1.8202520e+06   1.7028809e+01
   1.8203270e+06   2.5512695e+01
   1.8203870e+06   1.8432617e+01
   1.8204700e+06   2.4230957e+01
   1.8205080e+06   1.5258789e+01
   1.8205590e+06   1.4648438e+01
   1.8205990e+06   2.6611328e+01
   1.8206260e+06   1.5686035e+01
   1.8207650e+06   2.0812988e+01
   1.8209970e+06   5.7800293e+01
   1.8210380e+06   1.4953613e+01
   1.8210730e+06   1.8188477e+01
   1.8211920e+06   1.4099121e+01
   1.8213660e+06   1.4465332e+01
   1.8888780e+06   2.0629883e+01
   1.8889570e+06   2.0629883e+01
   1.8890580e+06   5.5297852e+01
   1.8894380e+06   1.4099121e+01
   1.8896410e+06   5.3100586e+01
   1.8896670e+06   1.8066406e+01
   1.8898700e+06   1.7944336e+01
   1.8900570e+06   2.3498535e+01
   1.8901210e+06   1.6967773e+01
   1.8901560e+06   1.4160156e+01
   1.8902540e+06   2.3986816e+01
   1.8903890e+06   1.6235352e+01
   1.8904700e+06   1.4526367e+01
   1.8905810e+06   2.6916504e+01
   1.8906330e+06   1.7578125e+01
   1.8906740e+06   1.5441895e+01
   1.8906880e+06   1.6296387e+01
   1.8909460e+06   1.5441895e+01
   1.8910550e+06   1.5747070e+01
   1.8911600e+06   1.4221191e+01
   1.9283500e+06   2.7282715e+01
   1.9284180e+06   2.2888184e+01
   1.9284400e+06   1.7822266e+01
   1.9284610e+06   1.4160156e+01
   1.9285230e+06   1.8432617e+01
   1.9285340e+06   1.6113281e+01
   1.9285520e+06   1.6052246e+01
   1.9285810e+06   2.3132324e+01
   1.9286080e+06   1.6235352e+01
   1.9286460e+06   1.3977051e+01
   1.9286610e+06   1.3671875e+01
   1.9287050e+06   1.8920898e+01
   1.9287240e+06   1.8249512e+01
   1.9287430e+06   1.5991211e+01
   1.9287590e+06   5.9570312e+01
   1.9287950e+06   1.5075684e+01
   1.9288110e+06   1.7333984e+01
   1.9288290e+06   1.5869141e+01
   1.9288540e+06   1.4831543e+01
   1.9289200e+06   4.8767090e+01
   1.9289430e+06   1.4953613e+01
   1.9289550e+06   1.8981934e+01
   1.9290470e+06   1.7944336e+01
   1.9290880e+06   1.4099121e+01
   1.9292030e+06   1.4465332e+01
   1.9292390e+06   1.4892578e+01
   1.9293230e+06   1.9470215e+01
   1.9294330e+06   1.4831543e+01
   1.9397170e+06   5.7373047e+01
   2.0665250e+06   5.2856445e+01
   2.0761400e+06   2.2399902e+01
   2.0762330e+06   2.0202637e+01
   2.0762620e+06   1.6418457e+01
   2.0763400e+06   1.8371582e+01
   2.0763900e+06   1.5136719e+01
   2.0764250e+06   1.6662598e+01
   2.0765290e+06   1.6906738e+01
   2.0765410e+06   1.5319824e+01
   2.0766390e+06   2.2583008e+01
   2.0766790e+06   1.6906738e+01
   2.0766930e+06   1.8920898e+01
   2.0767890e+06   6.2561035e+01
   2.0768710e+06   1.3610840e+01
   2.0770420e+06   5.3100586e+01
   2.0770710e+06   1.3610840e+01
   2.0772640e+06   1.7333984e+01
   2.0774600e+06   5.4870605e+01
   2.0775190e+06   1.3854980e+01
   2.0777140e+06   1.4587402e+01
   2.0851600e+06   5.3527832e+01
   2.0925510e+06   5.8898926e+01
   2.2069940e+06   3.3020020e+01
   2.2070330e+06   1.4648438e+01
   2.2070790e+06   1.5014648e+01
   2.2071410e+06   2.5512695e+01
   2.2072070e+06   1.5808105e+01
   2.2072190e+06   2.5146484e+01
   2.2072390e+06   1.4465332e+01
   2.2073280e+06   2.7954102e+01
   2.2074580e+06   1.9531250e+01
   2.2074720e+06   1.7700195e+01
   2.2075200e+06   5.8715820e+01
   2.2075610e+06   1.3854980e+01
   2.2076250e+06   1.6479492e+01
   2.2076580e+06   1.4038086e+01
   2.2076760e+06   1.5991211e+01
   2.2078160e+06   5.4687500e+01
   2.2080600e+06   1.6845703e+01
   2.2081120e+06   5.4138184e+01
   2.2095140e+06   2.1240234e+01
   2.2182990e+06   5.9509277e+01
   2.2464730e+06   2.9968262e+01
   2.2465520e+06   2.9724121e+01
   2.2465670e+06   1.8920898e+01
   2.2466680e+06   2.5695801e+01
   2.2467580e+06   3.3508301e+01
   2.2467710e+06   1.3549805e+01
   2.2468300e+06   1.6723633e+01
   2.2468510e+06   1.8005371e+01
   2.2468870e+06   1.6906738e+01
   2.2469040e+06   1.8127441e+01
   2.2469660e+06   1.9165039e+01
   2.2469890e+06   1.9348145e+01
   2.2470320e+06   2.5451660e+01
   2.2470520e+06   1.6479492e+01
   2.2470840e+06   7.2143555e+01
   2.2471160e+06   2.0996094e+01
   2.2471280e+06   1.4038086e+01
   2.2471670e+06   1.6601562e+01
   2.2471940e+06   5.5114746e+01
   2.2472160e+06   2.7099609e+01
   2.2472400e+06   1.8005371e+01
   2.2472850e+06   2.5024414e+01
   2.2472950e+06   2.4658203e+01
   2.2473330e+06   1.8127441e+01
   2.2473550e+06   1.6418457e+01
   2.2473820e+06   2.3559570e+01
   2.2474560e+06   1.5441895e+01
   2.2474820e+06   1.9592285e+01
   2.2475140e+06   1.8554688e+01
   2.2475750e+06   2.3376465e+01
   2.2486140e+06   1.9348145e+01
   2.2554820e+06   5.4565430e+01
   2.2568090e+06   5.3588867e+01
   2.2589500e+06   5.5114746e+01
   2.2604520e+06   4.9194336e+01
   2.2629360e+06   5.1757812e+01
   2.2648520e+06   4.6813965e+01
   2.2684970e+06   4.9499512e+01
   2.2711660e+06   4.7729492e+01
   2.2756590e+06   5.7556152e+01
   2.3593510e+06   2.0263672e+01
   2.3594870e+06   2.3132324e+01
   2.3595030e+06   1.4831543e+01
   2.3595460e+06   1.4038086e+01
   2.3595560e+06   1.7883301e+01
   2.3596630e+06   1.8493652e+01
   2.3596840e+06   3.2714844e+01
   2.3597200e+06   1.8920898e+01
   2.3597330e+06   2.0324707e+01
   2.3597710e+06   1.8432617e+01
   2.3598070e+06   1.5380859e+01
   2.3598920e+06   2.7404785e+01
   2.3599050e+06   1.6174316e+01
   2.3599290e+06   1.6662598e+01
   2.3599510e+06   1.4343262e+01
   2.3599880e+06   1.5136719e+01
   2.3600740e+06   1.4526367e+01
   2.3601050e+06   6.5002441e+01
   2.3601540e+06   1.8920898e+01
   2.3601670e+06   1.5625000e+01
   2.3602830e+06   1.3916016e+01
   2.3603160e+06   1.4831543e+01
   2.3604180e+06   1.7395020e+01
   2.3604430e+06   1.3732910e+01
   2.3605160e+06   1.6113281e+01
   2.4151650e+06   5.6884766e+01
   2.4152850e+06   1.5502930e+01
   2.4155590e+06   1.5563965e+01
   2.4159910e+06   5.6884766e+01
   2.4162710e+06   1.6479492e+01
   2.4162900e+06   1.4404297e+01
   2.4163980e+06   1.4587402e+01
   2.4166270e+06   5.5786133e+01
   2.4302570e+06   1.6601562e+01
   2.4303180e+06   5.9875488e+01
   2.4303890e+06   2.1240234e+01
   2.4308170e+06   1.4343262e+01
   2.5412680e+06   6.0913086e+01
   2.5414140e+06   1.7639160e+01
   2.5416720e+06   1.4526367e+01
   2.5417030e+06   2.7832031e+01
   2.5418150e+06   2.0874023e+01
   2.5419080e+06   1.9531250e+01
   2.5419200e+06   2.7770996e+01
   2.5420730e+06   2.6550293e+01
   2.5421650e+06   2.7954102e+01
   2.5422350e+06   1.4038086e+01
   2.5422520e+06   1.3854980e+01
   2.5423310e+06   1.8005371e+01
   2.5423660e+06   6.4636230e+01
   2.5429900e+06   5.4870605e+01
   2.5430640e+06   1.4099121e+01
   2.5503750e+06   4.8950195e+01
   2.5859900e+06   3.8391113e+01
   2.5860510e+06   2.3681641e+01
   2.5860680e+06   2.0019531e+01
   2.5860820e+06   1.4099121e+01
   2.5861020e+06   6.3964844e+01
   2.5861120e+06   1.3610840e+01
   2.5861230e+06   2.7893066e+01
   2.5861370e+06   1.4404297e+01
   2.5861520e+06   1.6845703e+01
   2.5861740e+06   7.7636719e+01
   2.5861930e+06   5.4809570e+01
   2.5862160e+06   1.6052246e+01
   2.5862270e+06   1.8981934e+01
   2.5862450e+06   6.7260742e+01
   2.5862880e+06   2.1850586e+01
   2.5863180e+06   3.6071777e+01
   2.5863290e+06   1.7028809e+01
   2.5863590e+06   1.4709473e+01
   2.5863730e+06   2.9602051e+01
   2.5864010e+06   1.6540527e+01
   2.5864190e+06   1.3854980e+01
   2.5864580e+06   2.8320312e+01
   2.5864800e+06   1.5563965e+01
   2.5865120e+06   1.7272949e+01
   2.5865640e+06   1.4221191e+01
   2.5865870e+06   2.0996094e+01
   2.5866450e+06   1.3671875e+01
   2.5866780e+06   1.8188477e+01
   2.5867530e+06   1.7822266e+01
   2.5868350e+06   2.0446777e+01
   2.5962520e+06   1.6235352e+01
   2.5971850e+06   1.6662598e+01
   2.5976300e+06   5.1818848e+01
   2.5979530e+06   5.4626465e+01
   2.5981040e+06   4.0893555e+01
   2.5981620e+06   1.3610840e+01
   2.5982170e+06   3.3935547e+01
   2.5983210e+06   2.8869629e+01
   2.5984110e+06   1.6540527e+01
   2.5988460e+06   1.7456055e+01
   2.5989740e+06   1.7700195e+01
   2.5991480e+06   1.7272949e+01
   2.5992870e+06   1.7272949e+01
   2.5994700e+06   2.5268555e+01
   2.5996960e+06   2.2399902e+01
   2.5999110e+06   2.6977539e+01
   2.6001510e+06   2.7160645e+01
   2.6006070e+06   2.8442383e+01
   2.6033380e+06   1.3610840e+01
   2.6033840e+06   3.8269043e+01
   2.6045600e+06   4.1381836e+01
   2.6055090e+06   4.0954590e+01
   2.6064440e+06   3.7170410e+01
   2.6075970e+06   3.9123535e+01
   2.6077420e+06   1.7517090e+01
   2.6086760e+06   3.9733887e+01
   2.6096660e+06   4.2541504e+01
   2.6107980e+06   3.9794922e+01
   2.6119160e+06   4.3762207e+01
   2.6129280e+06   4.1259766e+01
   2.6139140e+06   4.5227051e+01
   2.6149580e+06   4.3395996e+01
   2.6161360e+06   4.2785645e+01
   2.6173940e+06   4.3762207e+01
   2.6185940e+06   4.6264648e+01
   2.6199830e+06   4.3212891e+01
   2.6213070e+06   4.2846680e+01
   2.6227410e+06   4.5776367e+01
   2.6238990e+06   3.9672852e+01
   2.6258850e+06   4.5288086e+01
   2.6294110e+06   4.6386719e+01
   2.6348220e+06   5.1757812e+01
   2.6654800e+06   1.3732910e+01
   2.7588880e+06   1.4526367e+01
   2.8204850e+06   2.6000977e+01
   2.8205180e+06   1.4465332e+01
   2.8205440e+06   3.0151367e+01
   2.8205740e+06   1.9592285e+01
   2.8206000e+06   4.2968750e+01
   2.8206180e+06   3.4240723e+01
   2.8206330e+06   2.1240234e+01
   2.8206460e+06   3.9489746e+01
   2.8206660e+06   3.9978027e+01
   2.8206910e+06   2.5512695e+01
   2.8207120e+06   3.5949707e+01
   2.8207290e+06   1.7028809e+01
   2.8207720e+06   5.7739258e+01
   2.8207850e+06   2.2705078e+01
   2.8208040e+06   1.3793945e+01
   2.8208150e+06   2.1972656e+01
   2.8208260e+06   2.1545410e+01
   2.8208480e+06   4.2236328e+01
   2.8208630e+06   3.8818359e+01
   2.8209060e+06   1.6174316e+01
   2.8209280e+06   2.2216797e+01
   2.8209600e+06   1.8310547e+01
   2.8209930e+06   1.5014648e+01
   2.8210180e+06   1.5869141e+01
   2.8210320e+06   1.7395020e+01
   2.8210680e+06   1.5197754e+01
   2.8210820e+06   1.6540527e+01
   2.8211020e+06   1.3916016e+01
   2.8211930e+06   2.0385742e+01
   2.8255370e+06   1.4953613e+01
   2.8303270e+06   4.6875000e+01
   2.8308660e+06   4.6264648e+01
   2.8310120e+06   1.5686035e+01
   2.8311350e+06   4.6020508e+01
   2.8312900e+06   4.1442871e+01
   2.8314350e+06   3.5522461e+01
   2.8315460e+06   2.5573730e+01
   2.8316360e+06   1.5869141e+01
   2.8317510e+06   1.8615723e+01
   2.8318780e+06   2.0874023e+01
   2.8320420e+06   2.0935059e+01
   2.8321970e+06   2.7465820e+01
   2.8324270e+06   3.2348633e+01
   2.8327020e+06   3.2104492e+01
   2.8330050e+06   3.3996582e+01
   2.8333540e+06   3.3020020e+01
   2.8336710e+06   2.7221680e+01
   2.8379520e+06   4.2114258e+01
   2.8391070e+06   1.3977051e+01
   2.8396690e+06   4.3273926e+01
   2.8409790e+06   4.4311523e+01
   2.8422310e+06   4.3029785e+01
   2.8425160e+06   1.8920898e+01
   2.8454210e+06   4.8583984e+01
   2.8472390e+06   4.2236328e+01
   2.8485760e+06   4.2053223e+01
   2.8506870e+06   4.5043945e+01
   2.8548280e+06   5.0537109e+01
   2.9994200e+06   1.4099121e+01
   2.9995620e+06   1.9042969e+01
   2.9997380e+06   1.4587402e+01
   2.9998180e+06   3.6865234e+01
   2.9999250e+06   3.0395508e+01
   2.9999830e+06   1.3916016e+01
   2.9999950e+06   1.7639160e+01
   3.0000360e+06   2.8259277e+01
   3.0000490e+06   1.5502930e+01
   3.0001200e+06   2.1545410e+01
   3.0001370e+06   1.9470215e+01
   3.0001820e+06   1.5319824e+01
   3.0002250e+06   1.5441895e+01
   3.0002560e+06   1.9470215e+01
   3.0002720e+06   6.4086914e+01
   3.0003420e+06   1.6235352e+01
   3.0003660e+06   1.6784668e+01
   3.0004020e+06   2.5573730e+01
   3.0004560e+06   1.8432617e+01
   3.0004810e+06   7.0007324e+01
   3.0005070e+06   1.7822266e+01
   3.0006330e+06   1.3916016e+01
   3.0006990e+06   2.0141602e+01
   3.0007400e+06   4.8034668e+01
   3.0009880e+06   1.4648438e+01
   3.0010420e+06   1.4648438e+01
   3.0012140e+06   1.4160156e+01
   3.0585280e+06   2.3132324e+01
   3.0587030e+06   1.6235352e+01
   3.0591020e+06   2.6550293e+01
   3.0591960e+06   1.7822266e+01
   3.0592780e+06   2.5390625e+01
   3.0592990e+06   1.5258789e+01
   3.0594720e+06   1.6174316e+01
   3.0595730e+06   5.7800293e+01
   3.0597150e+06   1.5136719e+01
   3.0603830e+06   1.6601563e+01
   3.0604000e+06   2.3986816e+01
   3.0604580e+06   2.5512695e+01
   3.0605270e+06   1.3854980e+01
   3.0606700e+06   3.0761719e+01
   3.0607600e+06   1.3977051e+01
   3.0610160e+06   1.4221191e+01
   3.0610430e+06   3.0578613e+01
   3.0612490e+06   6.1706543e+01
   3.0613770e+06   1.5991211e+01
   3.1538280e+06   2.8564453e+01
   3.1538970e+06   2.4658203e+01
   3.1539150e+06   1.4526367e+01
   3.1539430e+06   1.4404297e+01
   3.1539590e+06   3.8391113e+01
   3.1539700e+06   2.5878906e+01
   3.1539960e+06   1.3916016e+01
   3.1540070e+06   4.4677734e+01
   3.1540280e+06   1.4282227e+01
   3.1540490e+06   6.1523438e+01
   3.1540670e+06   2.5207520e+01
   3.1540790e+06   1.5930176e+01
   3.1540910e+06   3.1921387e+01
   3.1541130e+06   4.8095703e+01
   3.1541360e+06   1.4770508e+01
   3.1541470e+06   3.0395508e+01
   3.1541720e+06   2.4353027e+01
   3.1541970e+06   3.2104492e+01
   3.1542100e+06   2.1240234e+01
   3.1542300e+06   1.5625000e+01
   3.1542790e+06   2.1423340e+01
   3.1542950e+06   2.0080566e+01
   3.1543130e+06   1.7517090e+01
   3.1543620e+06   1.4526367e+01
   3.1543760e+06   2.7282715e+01
   3.1544350e+06   2.0446777e+01
   3.1545080e+06   2.0996094e+01
   3.1545580e+06   1.5136719e+01
   3.1546020e+06   2.0141602e+01
   3.1546940e+06   1.8920898e+01
   3.1654220e+06   5.1757812e+01
   3.1657550e+06   4.9194336e+01
   3.1659250e+06   4.2114258e+01
   3.1660430e+06   4.1015625e+01
   3.1661540e+06   3.2531738e+01
   3.1662430e+06   1.6601562e+01
   3.1667850e+06   1.5686035e+01
   3.1669430e+06   2.0690918e+01
   3.1671920e+06   3.3325195e+01
   3.1673850e+06   2.6000977e+01
   3.1676670e+06   3.1250000e+01
   3.1679790e+06   3.0517578e+01
   3.1683440e+06   3.3569336e+01
   3.1723270e+06   4.2297363e+01
   3.1735130e+06   4.2785645e+01
   3.1736020e+06   1.6845703e+01
   3.1746240e+06   3.6926270e+01
   3.1759610e+06   3.9550781e+01
   3.1759980e+06   1.7028809e+01
   3.1771400e+06   4.2907715e+01
   3.1783450e+06   4.5654297e+01
   3.1797560e+06   4.4311523e+01
   3.1809370e+06   4.4311523e+01
   3.1822460e+06   4.4250488e+01
   3.1842540e+06   4.7729492e+01
   3.1866080e+06   3.9184570e+01
   3.1918520e+06   4.4006348e+01
   3.1972500e+06   4.8889160e+01
   3.2548220e+06   2.6916504e+01
   3.2548680e+06   2.0996094e+01
   3.2549350e+06   2.3681641e+01
   3.2549450e+06   1.4587402e+01
   3.2550720e+06   1.5563965e+01
   3.2550930e+06   2.8625488e+01
   3.2551090e+06   1.5502930e+01
   3.2551220e+06   1.7089844e+01
   3.2551480e+06   2.3376465e+01
   3.2551730e+06   2.5817871e+01
   3.2551970e+06   1.5869141e+01
   3.2552080e+06   2.4169922e+01
   3.2552250e+06   1.5625000e+01
   3.2552390e+06   3.4729004e+01
   3.2552630e+06   2.0202637e+01
   3.2552970e+06   4.3640137e+01
   3.2553120e+06   2.8259277e+01
   3.2553390e+06   6.9030762e+01
   3.2553870e+06   3.6804199e+01
   3.2554010e+06   1.5075684e+01
   3.2554320e+06   1.5930176e+01
   3.2554740e+06   6.0058594e+01
   3.2554840e+06   2.5390625e+01
   3.2555330e+06   1.6235352e+01
   3.2555560e+06   1.4953613e+01
   3.2555890e+06   6.2194824e+01
   3.2556250e+06   1.6784668e+01
   3.2556470e+06   1.4526367e+01
   3.2556910e+06   3.9245605e+01
   3.2557050e+06   1.6662598e+01
   3.2557800e+06   1.5991211e+01
   3.2558110e+06   1.3854980e+01
   3.2558360e+06   2.0080566e+01
   3.2558590e+06   1.8798828e+01
   3.2558850e+06   3.3691406e+01
   3.2559300e+06   1.8127441e+01
   3.2561140e+06   2.3437500e+01
   3.3363450e+06   5.5236816e+01
   3.4169470e+06   1.6235352e+01
   3.4301170e+06   3.7780762e+01
   3.4301320e+06   1.4892578e+01
   3.4302240e+06   2.2155762e+01
   3.4302410e+06   1.7395020e+01
   3.4302590e+06   1.9348145e+01
   3.4303380e+06   2.0812988e+01
   3.4303710e+06   2.4658203e+01
   3.4303970e+06   1.4587402e+01
   3.4304070e+06   1.3854980e+01
   3.4304640e+06   1.7639160e+01
   3.4304880e+06   1.3916016e+01
   3.4305080e+06   2.0202637e+01
   3.4305570e+06   1.6296387e+01
   3.4306020e+06   1.7822266e+01
   3.4306330e+06   6.3171387e+01
   3.4306580e+06   2.1057129e+01
   3.4307180e+06   1.4038086e+01
   3.4307430e+06   1.6662598e+01
   3.4308390e+06   5.0659180e+01
   3.4309120e+06   2.1728516e+01
   3.4309520e+06   1.3793945e+01
   3.4311210e+06   1.4831543e+01
   3.4311590e+06   5.5908203e+01
   3.4312280e+06   1.3732910e+01
   3.4588830e+06   1.8493652e+01
   3.4590300e+06   5.4077148e+01
   3.4593040e+06   1.4282227e+01
   3.4593470e+06   1.4221191e+01
   3.4593940e+06   1.4526367e+01
   3.4594620e+06   1.7822266e+01
   3.4595100e+06   1.4953613e+01
   3.4596960e+06   5.6457520e+01
   3.5418370e+06   2.9113770e+01
   3.5419070e+06   1.9226074e+01
   3.5419310e+06   3.3020020e+01
   3.5419540e+06   3.9794922e+01
   3.5419780e+06   2.5085449e+01
   3.5419920e+06   2.6794434e+01
   3.5420120e+06   1.8920898e+01
   3.5420270e+06   3.1860352e+01
   3.5420430e+06   1.6296387e+01
   3.5420850e+06   3.4667969e+01
   3.5421010e+06   6.5124512e+01
   3.5421220e+06   2.7038574e+01
   3.5421480e+06   2.0935059e+01
   3.5421750e+06   6.1950684e+01
   3.5422010e+06   1.5930176e+01
   3.5422420e+06   1.7944336e+01
   3.5422590e+06   1.5502930e+01
   3.5423060e+06   1.4404297e+01
   3.5423190e+06   2.1362305e+01
   3.5423500e+06   1.5686035e+01
   3.5423800e+06   1.8798828e+01
   3.5424240e+06   2.1972656e+01
   3.5424500e+06   2.6367188e+01
   3.5424800e+06   1.9958496e+01
   3.5425430e+06   1.8188477e+01
   3.5426330e+06   1.8310547e+01
   3.5427260e+06   1.8371582e+01
   3.5427520e+06   1.6357422e+01
   3.5490640e+06   1.6235352e+01
   3.5528610e+06   5.5847168e+01
   3.5529650e+06   1.3793945e+01
   3.5533180e+06   5.7312012e+01
   3.5535150e+06   4.8767090e+01
   3.5536350e+06   4.4311523e+01
   3.5537220e+06   2.0996094e+01
   3.5538070e+06   1.8249512e+01
   3.5539050e+06   1.6357422e+01
   3.5540060e+06   2.1179199e+01
   3.5541170e+06   1.4099121e+01
   3.5542450e+06   1.7639160e+01
   3.5544260e+06   2.6855469e+01
   3.5545890e+06   2.4475098e+01
   3.5547970e+06   3.0334473e+01
   3.5550390e+06   3.3264160e+01
   3.5552590e+06   2.8137207e+01
   3.5555110e+06   2.9724121e+01
   3.5557730e+06   2.7648926e+01
   3.5560620e+06   2.6733398e+01
   3.5564220e+06   3.0578613e+01
   3.5576370e+06   2.9296875e+01
   3.5578430e+06   2.4780273e+01
   3.5600750e+06   4.5654297e+01
   3.5617440e+06   4.6752930e+01
   3.5620100e+06   1.6418457e+01
   3.5641470e+06   4.1931152e+01
   3.5653700e+06   4.3579102e+01
   3.5659500e+06   1.4404297e+01
   3.5668490e+06   4.5410156e+01
   3.5680490e+06   4.3884277e+01
   3.5697560e+06   4.1381836e+01
   3.5711170e+06   4.5043945e+01
   3.5765000e+06   5.0659180e+01
   3.7118040e+06   1.5563965e+01
   3.8698990e+06   1.7883301e+01
   3.8701790e+06   2.1789551e+01
   3.8701980e+06   2.9846191e+01
   3.8702160e+06   3.6682129e+01
   3.8702400e+06   2.7404785e+01
   3.8702610e+06   2.9602051e+01
   3.8702740e+06   1.5563965e+01
   3.8703030e+06   6.6345215e+01
   3.8703300e+06   2.1606445e+01
   3.8703490e+06   3.1066895e+01
   3.8703770e+06   3.1982422e+01
   3.8703890e+06   6.1462402e+01
   3.8704360e+06   1.8676758e+01
   3.8704560e+06   3.2409668e+01
   3.8704780e+06   4.5959473e+01
   3.8705030e+06   2.7709961e+01
   3.8705400e+06   1.6784668e+01
   3.8705730e+06   2.9846191e+01
   3.8706470e+06   1.5808105e+01
   3.8706780e+06   1.4831543e+01
   3.8707120e+06   2.3010254e+01
   3.8708770e+06   1.7639160e+01
   3.8709640e+06   2.2277832e+01
   3.8710670e+06   1.7578125e+01
   3.8711840e+06   2.1484375e+01
   3.8804590e+06   1.6845703e+01
   3.8808420e+06   5.0598145e+01
   3.8810210e+06   1.5014648e+01
   3.8814040e+06   4.7607422e+01
   3.8814230e+06   1.4892578e+01
   3.8816770e+06   5.6884766e+01
   3.8818370e+06   4.1137695e+01
   3.8819680e+06   3.3081055e+01
   3.8820780e+06   2.8930664e+01
   3.8821170e+06   1.5686035e+01
   3.8821880e+06   2.3010254e+01
   3.8823070e+06   2.3559570e+01
   3.8825110e+06   2.6489258e+01
   3.8826690e+06   2.0263672e+01
   3.8828080e+06   1.4648438e+01
   3.8829200e+06   3.0761719e+01
   3.8831640e+06   3.2775879e+01
   3.8832710e+06   1.6296387e+01
   3.8834540e+06   3.0090332e+01
   3.8838930e+06   3.6560059e+01
   3.8882930e+06   5.0170898e+01
   3.8900100e+06   4.9438477e+01
   3.8917660e+06   4.1564941e+01
   3.8933030e+06   4.8095703e+01
   3.8946760e+06   4.6569824e+01
   3.8966380e+06   4.6386719e+01
   3.8982730e+06   4.7119141e+01
   3.9011650e+06   4.6997070e+01
   3.9083230e+06   5.0109863e+01
   4.0179990e+06   3.1982422e+01
   4.0180350e+06   1.9287109e+01
   4.0180840e+06   2.6428223e+01
   4.0181560e+06   2.2033691e+01
   4.0182080e+06   2.2644043e+01
   4.0182310e+06   1.3732910e+01
   4.0182540e+06   3.3996582e+01
   4.0182990e+06   1.4465332e+01
   4.0183220e+06   2.8320312e+01
   4.0183520e+06   1.4160156e+01
   4.0183760e+06   1.5869141e+01
   4.0183990e+06   1.9042969e+01
   4.0184250e+06   1.7639160e+01
   4.0184480e+06   1.5197754e+01
   4.0184600e+06   1.3854980e+01
   4.0184700e+06   6.8725586e+01
   4.0184910e+06   1.5319824e+01
   4.0185140e+06   1.8066406e+01
   4.0185660e+06   1.4282227e+01
   4.0185950e+06   1.6845703e+01
   4.0186050e+06   2.0324707e+01
   4.0186160e+06   2.2888184e+01
   4.0187190e+06   5.1940918e+01
   4.0187630e+06   1.3793945e+01
   4.0188290e+06   1.6418457e+01
   4.0189580e+06   1.6601562e+01
   4.0191080e+06   6.3720703e+01
   4.0191850e+06   1.6113281e+01
   4.1129870e+06   2.5939941e+01
   4.1130410e+06   1.8737793e+01
   4.1130610e+06   4.6691895e+01
   4.1130750e+06   2.6306152e+01
   4.1131040e+06   4.7119141e+01
   4.1131250e+06   2.1789551e+01
   4.1131410e+06   4.5776367e+01
   4.1131530e+06   5.0659180e+01
   4.1131830e+06   3.0395508e+01
   4.1132030e+06   1.7028809e+01
   4.1132260e+06   6.0913086e+01
   4.1132570e+06   1.6357422e+01
   4.1132800e+06   1.7089844e+01
   4.1132960e+06   5.3466797e+01
   4.1133370e+06   1.7456055e+01
   4.1133550e+06   1.7089844e+01
   4.1133680e+06   1.7639160e+01
   4.1133820e+06   1.4892578e+01
   4.1134280e+06   1.9714355e+01
   4.1134720e+06   1.3732910e+01
   4.1134850e+06   1.6967773e+01
   4.1135390e+06   1.9470215e+01
   4.1136560e+06   1.6235352e+01
   4.1136810e+06   1.6906738e+01
   4.1137150e+06   1.3732910e+01
   4.1137460e+06   1.7639160e+01
   4.1138940e+06   1.5319824e+01
   4.1140450e+06   1.3977051e+01
   4.1201880e+06   1.4526367e+01
   4.1209520e+06   1.6479492e+01
   4.1239250e+06   1.3793945e+01
   4.1253200e+06   5.4992676e+01
   4.1259760e+06   5.7128906e+01
   4.1263750e+06   5.0964355e+01
   4.1265810e+06   4.6936035e+01
   4.1267410e+06   4.1137695e+01
   4.1268970e+06   3.6560059e+01
   4.1270210e+06   2.6916504e+01
   4.1271430e+06   2.3803711e+01
   4.1272610e+06   2.3315430e+01
   4.1273870e+06   1.8188477e+01
   4.1275150e+06   1.9104004e+01
   4.1277310e+06   2.8808594e+01
   4.1279860e+06   3.0761719e+01
   4.1282020e+06   1.3854980e+01
   4.1282880e+06   3.2409668e+01
   4.1343210e+06   4.3334961e+01
   4.1359670e+06   4.0710449e+01
   4.1385470e+06   4.3090820e+01
   4.1413400e+06   4.9560547e+01
   4.1447280e+06   4.8339844e+01
   4.1494750e+06   4.8950195e+01
   4.3459020e+06   5.7800293e+01
   4.3459960e+06   1.7883301e+01
   4.3467500e+06   5.4565430e+01
   4.3468100e+06   2.0141602e+01
   4.3468940e+06   1.8127441e+01
   4.3470200e+06   1.6662598e+01
   4.3471040e+06   1.4709473e+01
   4.3471210e+06   3.2775879e+01
   4.3472490e+06   2.8015137e+01
   4.3472850e+06   1.8371582e+01
   4.3473640e+06   1.5625000e+01
   4.3473820e+06   2.6245117e+01
   4.3474470e+06   1.9592285e+01
   4.3474820e+06   1.7456055e+01
   4.3475360e+06   1.3854980e+01
   4.3475650e+06   1.7333984e+01
   4.3477180e+06   2.9663086e+01
   4.3477700e+06   1.4526367e+01
   4.3477890e+06   1.8188477e+01
   4.3478520e+06   1.3732910e+01
   4.3479780e+06   1.4831543e+01
   4.3481330e+06   2.3681641e+01
   4.3481510e+06   1.5502930e+01
   4.3482420e+06   2.5146484e+01
   4.3483990e+06   2.4353027e+01
   4.3484390e+06   1.5625000e+01
   4.3484820e+06   1.4160156e+01
   4.3485320e+06   1.4648438e+01
   4.4100840e+06   3.0944824e+01
   4.4101730e+06   2.2888184e+01
   4.4101870e+06   1.4526367e+01
   4.4102140e+06   1.5075684e+01
   4.4102300e+06   1.5563965e+01
   4.4102570e+06   1.6845703e+01
   4.4102690e+06   1.3916016e+01
   4.4103260e+06   1.5258789e+01
   4.4103660e+06   1.3854980e+01
   4.4104420e+06   1.4526367e+01
   4.4104610e+06   1.4770508e+01
   4.4104840e+06   2.0507812e+01
   4.4105520e+06   1.5502930e+01
   4.4105760e+06   1.7578125e+01
   4.4105910e+06   1.4038086e+01
   4.4106060e+06   1.4160156e+01
   4.4106870e+06   2.1057129e+01
   4.4107230e+06   6.3476562e+01
   4.4107490e+06   1.5075684e+01
   4.4108380e+06   1.8615723e+01
   4.4108540e+06   1.3793945e+01
   4.4110140e+06   5.2429199e+01
   4.4111810e+06   2.0324707e+01
   4.4914390e+06   3.0456543e+01
   4.4914800e+06   1.5380859e+01
   4.4915060e+06   3.9550781e+01
   4.4915210e+06   5.2917480e+01
   4.4915450e+06   3.3813477e+01
   4.4915580e+06   3.6804199e+01
   4.4915760e+06   2.1972656e+01
   4.4915970e+06   4.2968750e+01
   4.4916090e+06   1.9531250e+01
   4.4916220e+06   2.0751953e+01
   4.4916410e+06   3.3935547e+01
   4.4916530e+06   1.4648437e+01
   4.4916670e+06   1.7333984e+01
   4.4916820e+06   5.2490234e+01
   4.4917010e+06   2.7404785e+01
   4.4917220e+06   1.6540527e+01
   4.4917400e+06   1.7517090e+01
   4.4917510e+06   2.9174805e+01
   4.4917730e+06   1.6357422e+01
   4.4918230e+06   2.5756836e+01
   4.4918350e+06   1.7883301e+01
   4.4918830e+06   2.2521973e+01
   4.4919560e+06   1.9348145e+01
   4.4919780e+06   1.4282227e+01
   4.4920220e+06   3.5766602e+01
   4.4920420e+06   2.5573730e+01
   4.4921010e+06   1.9653320e+01
   4.4922870e+06   1.4465332e+01
   4.4997480e+06   2.0751953e+01
   4.5033830e+06   5.5236816e+01
   4.5039860e+06   5.1086426e+01
   4.5042340e+06   5.2490234e+01
   4.5043310e+06   1.5930176e+01
   4.5043970e+06   3.9489746e+01
   4.5045070e+06   3.6010742e+01
   4.5046040e+06   2.0751953e+01
   4.5047120e+06   3.0761719e+01
   4.5048140e+06   1.9165039e+01
   4.5049490e+06   2.2155762e+01
   4.5051330e+06   3.0273438e+01
   4.5052970e+06   2.5451660e+01
   4.5054650e+06   1.4831543e+01
   4.5056300e+06   2.0446777e+01
   4.5058470e+06   2.4780273e+01
   4.5060730e+06   3.6987305e+01
   4.5063060e+06   3.8208008e+01
   4.5065780e+06   3.2043457e+01
   4.5070160e+06   2.7038574e+01
   4.5114610e+06   4.5349121e+01
   4.5135780e+06   4.4860840e+01
   4.5147680e+06   4.6691895e+01
   4.5153290e+06   1.6235352e+01
   4.5158970e+06   1.7333984e+01
   4.5178680e+06   4.2968750e+01
   4.5190200e+06   4.1687012e+01
   4.5206450e+06   3.8757324e+01
   4.5227780e+06   4.4067383e+01
   4.5241780e+06   4.4128418e+01
   4.6343880e+06   2.1728516e+01
   4.6790580e+06   2.7160645e+01
   4.6791430e+06   1.8371582e+01
   4.6792440e+06   2.1423340e+01
   4.6792660e+06   1.4343262e+01
   4.6792780e+06   2.2644043e+01
   4.6793360e+06   1.3732910e+01
   4.6793620e+06   2.0324707e+01
   4.6794120e+06   1.9958496e+01
   4.6794250e+06   2.1606445e+01
   4.6794640e+06   1.7333984e+01
   4.6795130e+06   2.9113770e+01
   4.6795410e+06   1.7395020e+01
   4.6795920e+06   5.5236816e+01
   4.6796270e+06   2.1301270e+01
   4.6797140e+06   1.3732910e+01
   4.6797310e+06   1.6662598e+01
   4.6797880e+06   1.3732910e+01
   4.6798130e+06   6.2866211e+01
   4.6799000e+06   1.6784668e+01
   4.6799400e+06   2.1850586e+01
   4.6801000e+06   1.6174316e+01
   4.6803340e+06   2.2705078e+01
   4.7332090e+06   2.7954102e+01
   4.7332750e+06   2.7526855e+01
   4.7332870e+06   1.6845703e+01
   4.7332970e+06   4.0649414e+01
   4.7333170e+06   2.8442383e+01
   4.7333420e+06   3.3691406e+01
   4.7333550e+06   1.4587402e+01
   4.7333690e+06   3.8024902e+01
   4.7333860e+06   1.4099121e+01
   4.7334010e+06   6.6650391e+01
   4.7334210e+06   3.4545898e+01
   4.7334490e+06   1.5930176e+01
   4.7334600e+06   1.7517090e+01
   4.7334780e+06   6.2744141e+01
   4.7335080e+06   2.0385742e+01
   4.7335440e+06   3.6987305e+01
   4.7335650e+06   2.5451660e+01
   4.7336060e+06   1.7822266e+01
   4.7336310e+06   1.6296387e+01
   4.7336450e+06   2.1057129e+01
   4.7336720e+06   1.4099121e+01
   4.7337190e+06   2.8320312e+01
   4.7337400e+06   2.1362305e+01
   4.7337710e+06   1.4099121e+01
   4.7338100e+06   1.9775391e+01
   4.7338850e+06   1.4404297e+01
   4.7339500e+06   2.1301270e+01
   4.7340450e+06   2.0019531e+01
   4.7341480e+06   2.3315430e+01
   4.7451630e+06   5.4992676e+01
   4.7468870e+06   4.4860840e+01
   4.7482580e+06   5.3771973e+01
   4.7499400e+06   4.6630859e+01
   4.7511020e+06   4.4738770e+01
   4.7525680e+06   4.8950195e+01
   4.7538610e+06   4.3457031e+01
   4.7568490e+06   4.8156738e+01
   4.7580300e+06   4.9316406e+01
   4.7593480e+06   5.1025391e+01
   4.7663950e+06   4.7851562e+01
   4.8391360e+06   2.3803711e+01
   4.8392070e+06   2.2338867e+01
   4.8392480e+06   1.5747070e+01
   4.8392720e+06   2.5268555e+01
   4.8392910e+06   1.7639160e+01
   4.8393070e+06   2.7404785e+01
   4.8393240e+06   2.7587891e+01
   4.8393420e+06   2.3864746e+01
   4.8393660e+06   2.6550293e+01
   4.8393830e+06   1.7639160e+01
   4.8393970e+06   1.4465332e+01
   4.8394270e+06   6.7810059e+01
   4.8394600e+06   1.6967773e+01
   4.8394900e+06   2.0996094e+01
   4.8395060e+06   4.4311523e+01
   4.8395290e+06   1.6967773e+01
   4.8395660e+06   2.6916504e+01
   4.8395890e+06   1.5319824e+01
   4.8396350e+06   2.0324707e+01
   4.8396940e+06   1.4038086e+01
   4.8397350e+06   1.7395020e+01
   4.8398140e+06   1.5686035e+01
   4.8398550e+06   1.8066406e+01
   4.8398770e+06   1.7639160e+01
   4.8399670e+06   1.4343262e+01
   4.8400970e+06   1.5747070e+01
   4.8402000e+06   1.7639160e+01
   4.8520280e+06   5.3405762e+01
   4.8542200e+06   5.1635742e+01
   4.8581050e+06   5.3588867e+01
   4.8596410e+06   4.8767090e+01
   4.8617270e+06   5.1208496e+01
   4.8688780e+06   5.1574707e+01
   4.8757940e+06   4.8156738e+01
   4.9056680e+06   2.6123047e+01
   4.9056830e+06   1.4099121e+01
   4.9057080e+06   1.5686035e+01
   4.9057330e+06   2.2216797e+01
   4.9057650e+06   1.7456055e+01
   4.9057980e+06   3.3020020e+01
   4.9058130e+06   2.2644043e+01
   4.9058380e+06   5.9570312e+01
   4.9058640e+06   1.8432617e+01
   4.9058980e+06   1.9226074e+01
   4.9059110e+06   2.2949219e+01
   4.9059320e+06   2.3315430e+01
   4.9059460e+06   6.7016602e+01
   4.9059940e+06   2.4475098e+01
   4.9060280e+06   4.9377441e+01
   4.9060510e+06   2.8808594e+01
   4.9061050e+06   4.4250488e+01
   4.9061190e+06   1.3732910e+01
   4.9061400e+06   1.5258789e+01
   4.9061780e+06   1.9409180e+01
   4.9061890e+06   3.6254883e+01
   4.9062300e+06   1.5319824e+01
   4.9062530e+06   1.4953613e+01
   4.9063180e+06   1.4709473e+01
   4.9064170e+06   1.3916016e+01
   4.9064400e+06   1.7395020e+01
   4.9064610e+06   1.6296387e+01
   4.9068070e+06   1.8493652e+01
   4.9183340e+06   5.2429199e+01
   4.9233340e+06   4.6752930e+01
   4.9247810e+06   4.7363281e+01
   4.9324160e+06   5.3222656e+01
   4.9325840e+06   1.4038086e+01
   4.9327070e+06   1.4404297e+01
   4.9361740e+06   5.5053711e+01
   4.9479930e+06   4.9377441e+01
   5.0313680e+06   1.8798828e+01
   5.0321680e+06   4.9255371e+01
   5.1140210e+06   5.3833008e+01
   5.2244610e+06   1.9531250e+01
   5.2251470e+06   2.1362305e+01
   5.2256530e+06   5.2856445e+01
   5.2257760e+06   1.6906738e+01
   5.2257960e+06   2.0446777e+01
   5.2258490e+06   1.3977051e+01
   5.2258730e+06   1.4038086e+01
   5.2259190e+06   3.1860352e+01
   5.2259870e+06   1.7150879e+01
   5.2260080e+06   1.5747070e+01
   5.2260300e+06   2.1179199e+01
   5.2260870e+06   1.4526367e+01
   5.2261150e+06   1.9470215e+01
   5.2261660e+06   1.6235352e+01
   5.2261950e+06   2.3803711e+01
   5.2262500e+06   1.4648438e+01
   5.2263300e+06   1.6479492e+01
   5.2263650e+06   1.7883301e+01
   5.2264070e+06   2.3132324e+01
   5.2264650e+06   1.4404297e+01
   5.2265620e+06   1.5808105e+01
   5.2266570e+06   1.5014648e+01
   5.2266890e+06   1.3732910e+01
   5.2267240e+06   1.8310547e+01
   5.2269090e+06   5.5725098e+01
   5.2269870e+06   1.4587402e+01
   5.3292840e+06   3.0151367e+01
   5.3292940e+06   1.5930176e+01
   5.3293510e+06   1.8493652e+01
   5.3293830e+06   1.4160156e+01
   5.3294670e+06   2.3681641e+01
   5.3295100e+06   1.9958496e+01
   5.3295300e+06   1.4221191e+01
   5.3295880e+06   1.8371582e+01
   5.3296030e+06   1.5075684e+01
   5.3296320e+06   1.7761230e+01
   5.3296510e+06   1.8920898e+01
   5.3296670e+06   2.0996094e+01
   5.3296870e+06   2.4169922e+01
   5.3297300e+06   2.2277832e+01
   5.3297580e+06   3.7475586e+01
   5.3297680e+06   6.7810059e+01
   5.3297890e+06   1.9165039e+01
   5.3298100e+06   2.0812988e+01
   5.3298270e+06   2.2094727e+01
   5.3298390e+06   2.0568848e+01
   5.3298500e+06   3.8757324e+01
   5.3298870e+06   5.8776855e+01
   5.3299080e+06   1.4465332e+01
   5.3299190e+06   1.5258789e+01
   5.3299360e+06   1.7761230e+01
   5.3299500e+06   1.7761230e+01
   5.3299740e+06   1.9042969e+01
   5.3300060e+06   1.6235352e+01
   5.3300160e+06   1.4465332e+01
   5.3300370e+06   2.0141602e+01
   5.3300660e+06   1.3854980e+01
   5.3300780e+06   2.0812988e+01
   5.3301180e+06   2.9785156e+01
   5.3301290e+06   1.9226074e+01
   5.3301420e+06   1.3793945e+01
   5.3301780e+06   1.5991211e+01
   5.3302030e+06   2.6916504e+01
   5.3302740e+06   1.4221191e+01
   5.3303010e+06   1.4953613e+01
   5.3304720e+06   1.3854980e+01
   5.3384040e+06   5.0903320e+01
   5.3397890e+06   5.3222656e+01
   5.3415040e+06   4.7607422e+01
   5.3426060e+06   4.5288086e+01
   5.3442400e+06   5.0720215e+01
   5.3464420e+06   5.1696777e+01
   5.3497790e+06   5.3344727e+01
   5.3509540e+06   4.9865723e+01
   5.3522030e+06   4.8461914e+01
   5.3651560e+06   5.3527832e+01
   5.5514320e+06   1.7822266e+01
   5.5729580e+06   5.6274414e+01
   5.5737810e+06   1.3793945e+01
   5.5738240e+06   1.7211914e+01
   5.5738570e+06   4.9377441e+01
   5.6770480e+06   2.6733398e+01
   5.6771020e+06   1.4831543e+01
   5.6771290e+06   2.3010254e+01
   5.6771400e+06   1.5441895e+01
   5.6771690e+06   1.5258789e+01
   5.6772100e+06   2.2705078e+01
   5.6772280e+06   1.4038086e+01
   5.6772630e+06   1.5258789e+01
   5.6773100e+06   1.6906738e+01
   5.6773610e+06   2.7221680e+01
   5.6773820e+06   1.3916016e+01
   5.6774240e+06   1.7639160e+01
   5.6774470e+06   1.7944336e+01
   5.6774600e+06   1.5441895e+01
   5.6774990e+06   5.9692383e+01
   5.6775730e+06   1.8127441e+01
   5.6775900e+06   1.4465332e+01
   5.6776530e+06   6.1706543e+01
   5.6776950e+06   1.5686035e+01
   5.6778070e+06   5.3710938e+01
   5.6778170e+06   1.4831543e+01
   5.6780080e+06   4.7302246e+01
   5.6780720e+06   1.9836426e+01
   5.6780990e+06   1.5502930e+01
   5.6781360e+06   1.4770508e+01
   5.6782920e+06   2.1911621e+01
   5.6789840e+06   1.3793945e+01
   5.6845850e+06   5.2856445e+01
   5.6891040e+06   5.0231934e+01
   5.6925280e+06   4.6813965e+01
   5.7676310e+06   2.2216797e+01
   5.7677150e+06   4.0466309e+01
   5.7677280e+06   3.7353516e+01
   5.7677620e+06   6.0485840e+01
   5.7677820e+06   1.4648438e+01
   5.7678120e+06   4.4555664e+01
   5.7678430e+06   2.5390625e+01
   5.7678660e+06   2.5390625e+01
   5.7678780e+06   6.1523438e+01
   5.7679200e+06   2.7282715e+01
   5.7679510e+06   4.0954590e+01
   5.7679840e+06   2.8259277e+01
   5.7679960e+06   1.4160156e+01
   5.7680170e+06   1.8554687e+01
   5.7680520e+06   1.8432617e+01
   5.7680800e+06   2.3742676e+01
   5.7680990e+06   1.4099121e+01
   5.7681200e+06   1.4587402e+01
   5.7681530e+06   1.8188477e+01
   5.7682070e+06   1.8310547e+01
   5.7682330e+06   1.6296387e+01
   5.7682780e+06   1.5747070e+01
   5.7683570e+06   1.7883301e+01
   5.7684600e+06   1.8737793e+01
   5.7685540e+06   2.5207520e+01
   5.7686140e+06   1.5136719e+01
   5.7724350e+06   1.4587402e+01
   5.7803650e+06   4.8034668e+01
   5.7807580e+06   5.3894043e+01
   5.7809580e+06   5.0964355e+01
   5.7810890e+06   4.0954590e+01
   5.7811840e+06   2.9724121e+01
   5.7812870e+06   2.9052734e+01
   5.7813800e+06   1.5869141e+01
   5.7814760e+06   1.4343262e+01
   5.7815870e+06   1.4343262e+01
   5.7817100e+06   1.6174316e+01
   5.7818530e+06   1.9042969e+01
   5.7820050e+06   1.9897461e+01
   5.7821760e+06   2.2460938e+01
   5.7823750e+06   2.4902344e+01
   5.7826860e+06   2.4902344e+01
   5.7830080e+06   3.1799316e+01
   5.7834400e+06   3.1677246e+01
   5.7866860e+06   4.4616699e+01
   5.7877530e+06   4.6081543e+01
   5.7888540e+06   4.2236328e+01
   5.7899590e+06   4.1870117e+01
   5.7911390e+06   4.4616699e+01
   5.7921800e+06   3.9062500e+01
   5.7931810e+06   4.0710449e+01
   5.7944140e+06   4.4433594e+01
   5.7955560e+06   4.3029785e+01
   5.7968510e+06   4.6447754e+01
   5.7982390e+06   4.3273926e+01
   5.7995750e+06   4.4616699e+01
   5.8007490e+06   4.5532227e+01
   5.8052760e+06   5.0659180e+01
   5.8066360e+06   4.8461914e+01
   5.8174270e+06   5.1635742e+01
   5.9616870e+06   1.4343262e+01
   5.9617540e+06   1.8188477e+01
   5.9617640e+06   1.4160156e+01
   5.9618310e+06   2.1057129e+01
   5.9619070e+06   1.9226074e+01
   5.9619410e+06   1.4831543e+01
   5.9619650e+06   1.8005371e+01
   5.9619810e+06   1.6418457e+01
   5.9619930e+06   1.6601563e+01
   5.9620380e+06   3.1005859e+01
   5.9620780e+06   1.9836426e+01
   5.9621010e+06   5.4870605e+01
   5.9621960e+06   1.9592285e+01
   5.9622670e+06   5.8959961e+01
   5.9622780e+06   1.5441895e+01
   5.9623360e+06   2.5024414e+01
   5.9623740e+06   1.5991211e+01
   5.9624290e+06   5.8288574e+01
   5.9625570e+06   2.0629883e+01
   5.9626300e+06   4.6264648e+01
   5.9627700e+06   1.4343262e+01
   5.9634620e+06   1.3793945e+01
   5.9753060e+06   4.8522949e+01
