   5.9990000e+06   0.0000000e+00
   1.1089000e+04   1.4404297e+01
   1.2359000e+04   1.6113281e+01
   1.2914000e+04   1.7944336e+01
   6.1113000e+04   1.4892578e+01
   6.1293000e+04   2.9357910e+01
   6.1320000e+04   1.6601562e+01
   6.1361000e+04   1.6235352e+01
   6.1384000e+04   2.6428223e+01
   6.1397000e+04   2.4902344e+01
   6.1454000e+04   1.6662598e+01
   6.8627000e+04   1.3671875e+01
   8.5536000e+04   1.3854980e+01
   8.5642000e+04   1.3916016e+01
   1.4155800e+05   1.6845703e+01
   1.4325900e+05   1.9104004e+01
   1.4332900e+05   2.0568848e+01
   1.4335400e+05   2.0507812e+01
   1.4338500e+05   2.1118164e+01
   1.4341600e+05   2.8869629e+01
   1.4343600e+05   2.4414062e+01
   1.4345400e+05   1.9836426e+01
   1.4348700e+05   2.1972656e+01
   1.4359500e+05   1.9042969e+01
   1.4362800e+05   1.7456055e+01
   1.4364000e+05   1.5197754e+01
   1.5504100e+05   1.4587402e+01
   1.5521500e+05   1.5930176e+01
   1.5538400e+05   1.4953613e+01
   2.1950800e+05   1.4160156e+01
   2.6548500e+05   1.7517090e+01
   2.6564400e+05   1.4282227e+01
   2.8373300e+05   1.6723633e+01
   2.8459700e+05   1.4038086e+01
   3.0308000e+05   1.9714355e+01
   3.0309700e+05   2.6306152e+01
   3.0311100e+05   2.1606445e+01
   3.0314000e+05   2.0935059e+01
   3.0315100e+05   2.3620605e+01
   3.0318400e+05   1.4892578e+01
   3.0323900e+05   1.6174316e+01
   3.0325200e+05   1.7211914e+01
   3.0330000e+05   1.9226074e+01
   3.0340800e+05   1.3671875e+01
   3.0348500e+05   1.3916016e+01
   3.5513900e+05   1.4221191e+01
   3.9569600e+05   2.0629883e+01
   3.9571500e+05   1.8432617e+01
   3.9573800e+05   1.7272949e+01
   3.9575400e+05   2.2155762e+01
   3.9576700e+05   2.5756836e+01
   3.9578600e+05   1.8188477e+01
   3.9582000e+05   1.5319824e+01
   3.9584900e+05   1.3793945e+01
   3.9587800e+05   1.6479492e+01
   3.9605300e+05   1.4526367e+01
   4.9433300e+05   1.6906738e+01
   4.9449900e+05   1.8554688e+01
   4.9455800e+05   1.6174316e+01
   4.9467100e+05   1.6784668e+01
   4.9473000e+05   1.5014648e+01
   5.4395500e+05   1.5502930e+01
   5.8968600e+05   1.6601562e+01
   6.3928900e+05   1.4953613e+01
   6.8808300e+05   1.4892578e+01
   6.8810500e+05   2.7038574e+01
   6.8812300e+05   1.3854980e+01
   6.8814600e+05   2.8198242e+01
   6.8818500e+05   1.8920898e+01
   6.8821000e+05   1.6418457e+01
   6.8827300e+05   1.4465332e+01
   6.8830500e+05   1.5686035e+01
   6.8835500e+05   1.5136719e+01
   6.8849600e+05   1.6601562e+01
   6.9994000e+05   1.4221191e+01
   7.0020000e+05   1.3916016e+01
   7.0056600e+05   1.3977051e+01
   7.0069200e+05   1.3732910e+01
   7.0071500e+05   1.4282227e+01
   7.0079700e+05   1.5563965e+01
   7.0085500e+05   1.4038086e+01
   7.0096100e+05   1.5686035e+01
   7.0106700e+05   1.6296387e+01
   7.0170600e+05   1.3854980e+01
   8.2365700e+05   3.7963867e+01
   8.2367500e+05   1.6784668e+01
   8.2370500e+05   2.3864746e+01
   8.2377200e+05   1.6479492e+01
   8.2381800e+05   1.4160156e+01
   8.2383600e+05   1.4892578e+01
   8.2388300e+05   1.3793945e+01
   9.1386800e+05   1.5869141e+01
   9.1412000e+05   1.4282227e+01
   9.1414600e+05   1.7028809e+01
   9.1433500e+05   1.5686035e+01
   9.1460800e+05   1.6174316e+01
   1.0453530e+06   1.6906738e+01
   1.0456400e+06   1.4892578e+01
   1.0459280e+06   1.6357422e+01
   1.1180280e+06   1.3854980e+01
   1.1207620e+06   1.6723633e+01
   1.1208000e+06   1.5319824e+01
   1.1208120e+06   2.5451660e+01
   1.1208310e+06   2.1179199e+01
   1.1208590e+06   1.7211914e+01
   1.1208720e+06   2.5817871e+01
   1.1209230e+06   2.4658203e+01
   1.1209600e+06   2.2705078e+01
   1.1209930e+06   1.7517090e+01
   1.1210620e+06   1.5441895e+01
   1.1213270e+06   1.3793945e+01
   1.1708000e+06   1.5319824e+01
   1.1708610e+06   1.7700195e+01
   1.1709610e+06   2.0324707e+01
   1.1710050e+06   1.9226074e+01
   1.1710470e+06   1.7822266e+01
   1.1710870e+06   1.5136719e+01
   1.1711170e+06   1.5930176e+01
   1.1711740e+06   2.4353027e+01
   1.1712440e+06   1.5991211e+01
   1.1713300e+06   1.9409180e+01
   1.2282200e+06   1.8432617e+01
   1.2296230e+06   1.6174316e+01
   1.2296460e+06   1.5625000e+01
   1.2814820e+06   1.5075684e+01
   1.2815470e+06   1.4587402e+01
   1.2815670e+06   1.4648438e+01
   1.2816980e+06   1.5502930e+01
   1.2817290e+06   1.7883301e+01
   1.2817670e+06   1.6540527e+01
   1.2817780e+06   1.6662598e+01
   1.2818170e+06   1.4465332e+01
   1.3537610e+06   1.5625000e+01
   1.5124040e+06   1.4221191e+01
   1.5124560e+06   1.3916016e+01
   1.5125130e+06   1.3977051e+01
   1.5126330e+06   1.8676758e+01
   1.6100190e+06   1.5075684e+01
   1.6101180e+06   1.6357422e+01
   1.6102610e+06   1.3977051e+01
   1.6873170e+06   1.5747070e+01
   1.6874110e+06   1.4831543e+01
   1.6874660e+06   1.4099121e+01
   1.6876460e+06   1.4160156e+01
   1.6876920e+06   1.4099121e+01
   1.6877460e+06   1.7028809e+01
   1.7441020e+06   1.7150879e+01
   1.7442570e+06   2.5817871e+01
   1.7444590e+06   1.3732910e+01
   1.8198580e+06   1.5930176e+01
   1.8894400e+06   1.4892578e+01
   1.9283670e+06   1.6357422e+01
   1.9284210e+06   1.6784668e+01
   1.9284810e+06   1.8066406e+01
   1.9285660e+06   1.6601562e+01
   1.9287040e+06   1.6357422e+01
   1.9287720e+06   2.1789551e+01
   2.0750380e+06   1.9165039e+01
   2.0764990e+06   1.6296387e+01
   2.2077060e+06   1.4709473e+01
   2.2467820e+06   1.4953613e+01
   2.2468180e+06   1.4953613e+01
   2.2469290e+06   2.2705078e+01
   2.2469630e+06   2.2827148e+01
   2.2470160e+06   2.2583008e+01
   2.2470390e+06   2.1728516e+01
   2.2470700e+06   1.5258789e+01
   2.2471690e+06   1.5258789e+01
   2.3162040e+06   1.5991211e+01
   2.3375170e+06   1.3671875e+01
   2.3591300e+06   1.6357422e+01
   2.3594940e+06   1.5991211e+01
   2.4151620e+06   1.7639160e+01
   2.4303090e+06   1.6174316e+01
   2.4671220e+06   1.4587402e+01
   2.5417910e+06   1.6784668e+01
   2.5859950e+06   2.3071289e+01
   2.5860250e+06   2.6123047e+01
   2.5860350e+06   2.0996094e+01
   2.5860510e+06   2.8015137e+01
   2.5860860e+06   1.8371582e+01
   2.5861210e+06   2.8198242e+01
   2.5861410e+06   1.6357422e+01
   2.5861680e+06   2.4108887e+01
   2.5862050e+06   1.5075684e+01
   2.5862350e+06   1.6662598e+01
   2.5862740e+06   1.4465332e+01
   2.5871980e+06   1.4343262e+01
   2.7167080e+06   1.3671875e+01
   2.8204970e+06   1.9836426e+01
   2.8205080e+06   1.4343262e+01
   2.8205190e+06   1.7150879e+01
   2.8205460e+06   1.6906738e+01
   2.8205710e+06   1.7517090e+01
   2.8205860e+06   1.4709473e+01
   2.8206300e+06   1.5380859e+01
   2.8206670e+06   1.9714355e+01
   2.8206880e+06   1.5075684e+01
   2.8207300e+06   2.0690918e+01
   2.8207720e+06   1.5075684e+01
   2.8208280e+06   1.3916016e+01
   2.8209920e+06   1.4831543e+01
   2.8954500e+06   1.4404297e+01
   2.9581880e+06   1.4770508e+01
   2.9985430e+06   1.7700195e+01
   3.0000770e+06   1.4282227e+01
   3.0592850e+06   1.7211914e+01
   3.1538760e+06   3.4118652e+01
   3.1538870e+06   2.2827148e+01
   3.1539150e+06   1.4465332e+01
   3.1539290e+06   2.4475098e+01
   3.1539460e+06   1.8493652e+01
   3.1539850e+06   2.2094727e+01
   3.1540380e+06   1.4526367e+01
   3.1540860e+06   1.3854980e+01
   3.2548290e+06   1.4160156e+01
   3.2549310e+06   1.6601562e+01
   3.2549670e+06   2.1728516e+01
   3.2550570e+06   1.7517090e+01
   3.2551390e+06   1.4648437e+01
   3.2551500e+06   1.5502930e+01
   3.2552880e+06   1.4038086e+01
   3.2553010e+06   1.5319824e+01
   3.2554250e+06   1.3977051e+01
   3.4301510e+06   1.5808105e+01
   3.4304920e+06   1.4709473e+01
   3.5418530e+06   2.0629883e+01
   3.5418640e+06   3.4484863e+01
   3.5419020e+06   1.6723633e+01
   3.5419300e+06   1.4404297e+01
   3.5419540e+06   1.8859863e+01
   3.5419940e+06   1.8188477e+01
   3.5420510e+06   1.5319824e+01
   3.5433670e+06   1.3916016e+01
   3.5584190e+06   1.8066406e+01
   3.5586450e+06   1.4648438e+01
   3.5587630e+06   1.6662598e+01
   3.7967270e+06   1.4587402e+01
   3.8700780e+06   1.9775391e+01
   3.8700940e+06   1.3854980e+01
   3.8701140e+06   2.1728516e+01
   3.8701290e+06   2.2277832e+01
   3.8701580e+06   2.0324707e+01
   3.8702030e+06   1.7028809e+01
   3.8702510e+06   1.3854980e+01
   3.8702650e+06   2.1972656e+01
   3.8705060e+06   1.5319824e+01
   4.0179220e+06   1.7578125e+01
   4.0180700e+06   1.4526367e+01
   4.0183160e+06   1.3977051e+01
   4.0184320e+06   1.3916016e+01
   4.1130010e+06   3.0151367e+01
   4.1130320e+06   2.8076172e+01
   4.1130440e+06   2.2521973e+01
   4.1130820e+06   2.1850586e+01
   4.1131170e+06   1.3793945e+01
   4.1131300e+06   1.5808105e+01
   4.1132180e+06   1.4953613e+01
   4.2905470e+06   1.6052246e+01
   4.3460410e+06   1.4526367e+01
   4.3470920e+06   1.6418457e+01
   4.3475990e+06   1.4221191e+01
   4.4101710e+06   1.5258789e+01
   4.4102890e+06   1.4831543e+01
   4.4103780e+06   1.8554688e+01
   4.4914410e+06   2.0324707e+01
   4.4914650e+06   2.2338867e+01
   4.4914810e+06   1.5808105e+01
   4.4914990e+06   2.0812988e+01
   4.4915470e+06   1.5258789e+01
   4.4915640e+06   1.4526367e+01
   4.4915780e+06   1.5197754e+01
   4.4916310e+06   1.4099121e+01
   4.4916850e+06   1.7028809e+01
   4.4917000e+06   1.5136719e+01
   4.4917430e+06   2.1362305e+01
   4.4918190e+06   1.8066406e+01
   4.6791140e+06   1.6784668e+01
   4.6792630e+06   1.4282227e+01
   4.7332260e+06   2.7893066e+01
   4.7332460e+06   1.3916016e+01
   4.7332740e+06   2.4719238e+01
   4.7332990e+06   2.9357910e+01
   4.7333220e+06   1.7456055e+01
   4.7333590e+06   1.3732910e+01
   4.7334060e+06   1.4465332e+01
   4.7334870e+06   1.6296387e+01
   4.7335310e+06   1.7089844e+01
   4.7337550e+06   1.4709473e+01
   4.8255460e+06   2.2338867e+01
   4.8391350e+06   1.4831543e+01
   4.8391510e+06   1.6174316e+01
   4.8392060e+06   1.8737793e+01
   4.8392480e+06   1.4221191e+01
   4.8393210e+06   2.0935059e+01
   4.8393390e+06   1.5563965e+01
   4.8393650e+06   2.4841309e+01
   4.8393890e+06   1.9104004e+01
   4.8394030e+06   1.8615723e+01
   4.8394670e+06   1.9104004e+01
   4.8394960e+06   1.4282227e+01
   4.8395590e+06   1.6174316e+01
   4.8397650e+06   1.4648438e+01
   4.8616590e+06   1.4282227e+01
   4.9056880e+06   1.4648438e+01
   4.9057000e+06   1.4038086e+01
   4.9057670e+06   2.4475098e+01
   4.9057790e+06   1.5991211e+01
   4.9058270e+06   1.8127441e+01
   4.9058430e+06   2.0507812e+01
   4.9058910e+06   2.0080566e+01
   4.9059140e+06   1.5502930e+01
   4.9059500e+06   1.7089844e+01
   4.9059740e+06   1.8859863e+01
   4.9060880e+06   1.3732910e+01
   4.9061850e+06   1.6235352e+01
   4.9066620e+06   1.3793945e+01
   5.2241360e+06   1.4831543e+01
   5.2250940e+06   1.5075684e+01
   5.2252700e+06   1.4099121e+01
   5.2260960e+06   2.0202637e+01
   5.3295390e+06   1.4709473e+01
   5.3295830e+06   1.5136719e+01
   5.3296720e+06   3.2714844e+01
   5.3296930e+06   1.5136719e+01
   5.3297340e+06   1.7578125e+01
   5.3297630e+06   2.2521973e+01
   5.3297920e+06   2.3315430e+01
   5.3298250e+06   2.0446777e+01
   5.3298380e+06   1.8737793e+01
   5.3298800e+06   1.8432617e+01
   5.3299690e+06   1.8493652e+01
   5.3299970e+06   1.4465332e+01
   5.3301110e+06   1.4282227e+01
   5.5299620e+06   1.3977051e+01
   5.5738700e+06   1.5625000e+01
   5.6771550e+06   1.5625000e+01
   5.6774580e+06   2.0690918e+01
   5.6775730e+06   1.6662598e+01
   5.7676560e+06   1.9531250e+01
   5.7676660e+06   2.3742676e+01
   5.7677030e+06   2.8808594e+01
   5.7677190e+06   2.3803711e+01
   5.7677510e+06   2.7099609e+01
   5.7678900e+06   1.5991211e+01
   5.7679750e+06   1.3793945e+01
   5.7680160e+06   1.7578125e+01
   5.7685090e+06   1.4282227e+01
   5.7688730e+06   1.4831543e+01
   5.9615600e+06   1.6357422e+01
   5.9618430e+06   1.4465332e+01
   5.9620240e+06   1.4526367e+01
   5.9622910e+06   1.4953613e+01
