   5.9990000e+06   0.0000000e+00
   6.1489000e+04   1.3122559e+01
   6.1551000e+04   1.4709473e+01
   6.1706000e+04   1.3244629e+01
   1.4307800e+05   1.5075684e+01
   3.0285100e+05   1.3488770e+01
   3.0304400e+05   1.3122559e+01
   3.0349700e+05   1.3122559e+01
   3.9555300e+05   1.3916016e+01
   6.8790500e+05   1.3671875e+01
   6.8795700e+05   1.3244629e+01
   6.8797500e+05   1.4587402e+01
   6.8800500e+05   1.3671875e+01
   6.8807000e+05   1.3000488e+01
   6.8824400e+05   1.2878418e+01
   8.2352300e+05   1.4282227e+01
   1.1207950e+06   1.3549805e+01
   1.2817400e+06   1.2878418e+01
   1.5125470e+06   1.3854980e+01
   1.6097750e+06   1.5563965e+01
   1.6098020e+06   1.2939453e+01
   1.6098970e+06   1.4282227e+01
   1.7441470e+06   1.3549805e+01
   1.9281840e+06   1.4038086e+01
   2.2471310e+06   1.4587402e+01
   2.2471900e+06   1.3732910e+01
   2.2473000e+06   1.4099121e+01
   2.2476360e+06   1.3061523e+01
   2.5859650e+06   1.3793945e+01
   2.5860150e+06   1.3549805e+01
   2.5887800e+06   1.2878418e+01
   2.8203320e+06   1.3793945e+01
   2.8204080e+06   1.3305664e+01
   2.8206600e+06   1.3000488e+01
   3.1536880e+06   1.4221191e+01
   3.1537270e+06   1.3732910e+01
   3.5416650e+06   1.3122559e+01
   3.5417530e+06   1.3671875e+01
   3.5418120e+06   1.4404297e+01
   3.8670770e+06   1.3061523e+01
   3.8705000e+06   1.7150879e+01
   4.1129380e+06   1.4953613e+01
   4.1131910e+06   1.3244629e+01
   5.3298120e+06   1.3305664e+01
   5.3298590e+06   1.5808105e+01
   5.3298960e+06   1.3061523e+01
   5.3299950e+06   1.3549805e+01
   5.7675810e+06   1.6235352e+01
