   5.9990000e+06   0.0000000e+00
   1.2931000e+04   1.3916016e+01
   6.1203000e+04   1.4343262e+01
   6.1265000e+04   1.5258789e+01
   6.1304000e+04   2.4353027e+01
   6.1338000e+04   2.5634766e+01
   6.1378000e+04   2.1728516e+01
   6.1407000e+04   2.4414062e+01
   6.1440000e+04   1.7211914e+01
   6.1541000e+04   1.7272949e+01
   6.1648000e+04   1.9714355e+01
   1.4328700e+05   2.1850586e+01
   1.4330100e+05   1.5808105e+01
   1.4335100e+05   1.5747070e+01
   1.4336300e+05   2.0507812e+01
   1.4339100e+05   1.3916016e+01
   1.4342700e+05   1.5747070e+01
   1.4344300e+05   2.0751953e+01
   1.4347300e+05   1.8493652e+01
   1.4350000e+05   1.7028809e+01
   1.4356400e+05   1.6418457e+01
   1.4364800e+05   1.5686035e+01
   1.4375200e+05   1.5930176e+01
   1.5545600e+05   2.4902344e+01
   1.5558500e+05   2.0019531e+01
   1.5608100e+05   1.8676758e+01
   2.6547800e+05   1.4831543e+01
   2.6635600e+05   1.7333984e+01
   2.6701400e+05   1.4953613e+01
   2.8460600e+05   1.3854980e+01
   3.0305300e+05   2.8564453e+01
   3.0309500e+05   2.6062012e+01
   3.0311900e+05   2.9602051e+01
   3.0317000e+05   1.8859863e+01
   3.0318500e+05   1.5869141e+01
   3.0323700e+05   1.6174316e+01
   3.0325800e+05   1.5502930e+01
   3.0329700e+05   1.6845703e+01
   3.0330700e+05   1.8249512e+01
   3.9554800e+05   1.6052246e+01
   3.9565300e+05   1.9287109e+01
   3.9567600e+05   1.6784668e+01
   3.9569900e+05   1.4587402e+01
   3.9571500e+05   1.5808105e+01
   3.9574700e+05   2.4291992e+01
   3.9577200e+05   1.4465332e+01
   3.9578800e+05   2.0812988e+01
   3.9580800e+05   1.4648438e+01
   3.9584600e+05   1.9409180e+01
   3.9587900e+05   1.3854980e+01
   3.9590600e+05   1.6906738e+01
   3.9596900e+05   1.5563965e+01
   4.9358400e+05   1.4709473e+01
   4.9443900e+05   1.4099121e+01
   4.9447700e+05   2.1362305e+01
   4.9466700e+05   3.2226562e+01
   4.9489900e+05   1.3977051e+01
   4.9522400e+05   1.4709473e+01
   5.8991700e+05   1.3977051e+01
   6.3887600e+05   1.5686035e+01
   6.8800200e+05   1.5380859e+01
   6.8806500e+05   2.8869629e+01
   6.8807800e+05   1.7333984e+01
   6.8809400e+05   2.6062012e+01
   6.8812000e+05   1.7211914e+01
   6.8815300e+05   3.1555176e+01
   6.8817400e+05   2.1301270e+01
   6.8819200e+05   1.5991211e+01
   6.8823100e+05   2.1179199e+01
   6.8824500e+05   2.1057129e+01
   6.8829000e+05   1.4831543e+01
   7.0056700e+05   1.9409180e+01
   7.0067600e+05   2.2033691e+01
   7.0079700e+05   1.9714355e+01
   7.0082800e+05   1.5014648e+01
   7.0090700e+05   1.5197754e+01
   7.0098900e+05   1.4953613e+01
   7.0106400e+05   1.7944336e+01
   7.0124500e+05   1.5258789e+01
   7.0134200e+05   1.8676758e+01
   7.0149600e+05   1.6174316e+01
   7.0160400e+05   1.6357422e+01
   7.0172300e+05   1.9714355e+01
   8.2350800e+05   1.4953613e+01
   8.2360500e+05   2.9724121e+01
   8.2363000e+05   1.6540527e+01
   8.2365600e+05   1.8615723e+01
   8.2368700e+05   1.6845703e+01
   8.2370100e+05   1.6723633e+01
   8.2372600e+05   1.4465332e+01
   8.2378000e+05   2.3315430e+01
   8.2380300e+05   1.6235352e+01
   8.2381500e+05   1.7578125e+01
   8.2384000e+05   1.9897461e+01
   8.2386600e+05   1.5808105e+01
   8.7797500e+05   1.3977051e+01
   9.1301200e+05   1.6723633e+01
   9.1367300e+05   1.4892578e+01
   9.1391000e+05   1.5319824e+01
   9.7089400e+05   1.4404297e+01
   1.0451700e+06   1.4770508e+01
   1.0687790e+06   1.5319824e+01
   1.1207510e+06   2.2460938e+01
   1.1207690e+06   1.5563965e+01
   1.1207990e+06   1.8920898e+01
   1.1208290e+06   1.6540527e+01
   1.1208550e+06   2.3681641e+01
   1.1208900e+06   1.5258789e+01
   1.1209130e+06   1.9226074e+01
   1.1209440e+06   1.5441895e+01
   1.1209880e+06   2.5512695e+01
   1.1210210e+06   2.1423340e+01
   1.1211630e+06   1.8310547e+01
   1.1708790e+06   1.4526367e+01
   1.1709790e+06   1.4831543e+01
   1.1710150e+06   1.5502930e+01
   1.1710710e+06   1.4526367e+01
   1.1712050e+06   1.7272949e+01
   1.1713190e+06   2.2583008e+01
   1.2816390e+06   1.4221191e+01
   1.2817310e+06   1.4221191e+01
   1.3544220e+06   1.3854980e+01
   1.3544700e+06   1.4038086e+01
   1.3550770e+06   2.3498535e+01
   1.3782960e+06   1.5502930e+01
   1.4362690e+06   1.4648437e+01
   1.4642020e+06   1.4770508e+01
   1.4647640e+06   2.0507812e+01
   1.4658620e+06   1.4160156e+01
   1.5123770e+06   1.9836426e+01
   1.5124160e+06   1.4526367e+01
   1.5125870e+06   2.1118164e+01
   1.6102190e+06   2.4047852e+01
   1.6872380e+06   1.8676758e+01
   1.6873540e+06   1.4465332e+01
   1.6873800e+06   1.4099121e+01
   1.6875890e+06   1.3916016e+01
   1.6878720e+06   1.4343262e+01
   1.7439620e+06   1.4282227e+01
   1.7441210e+06   1.4892578e+01
   1.7450020e+06   2.9235840e+01
   1.8197700e+06   1.4709473e+01
   1.8208460e+06   1.5319824e+01
   1.8897560e+06   1.7761230e+01
   1.9283420e+06   2.2094727e+01
   1.9283920e+06   1.4282227e+01
   1.9285070e+06   1.4221191e+01
   2.0750970e+06   1.4587402e+01
   2.0754760e+06   1.3977051e+01
   2.0759690e+06   2.3925781e+01
   2.0764480e+06   2.7465820e+01
   2.2072430e+06   1.4343262e+01
   2.2076530e+06   1.9409180e+01
   2.2468450e+06   1.3854980e+01
   2.2469440e+06   1.7333984e+01
   2.2469540e+06   1.8981934e+01
   2.2469820e+06   1.5319824e+01
   2.2469960e+06   2.7282715e+01
   2.2470250e+06   1.5808105e+01
   2.2470590e+06   1.7333984e+01
   2.2471390e+06   1.5930176e+01
   2.2472110e+06   1.4953613e+01
   2.2473090e+06   1.6967773e+01
   2.2473650e+06   1.4892578e+01
   2.3587400e+06   1.7272949e+01
   2.3587670e+06   1.6540527e+01
   2.3588970e+06   2.2094727e+01
   2.3590260e+06   1.4587402e+01
   2.3590700e+06   2.4169922e+01
   2.3594370e+06   1.6296387e+01
   2.4153360e+06   1.4343262e+01
   2.4155270e+06   1.4099121e+01
   2.4164170e+06   1.6906738e+01
   2.4302680e+06   1.3977051e+01
   2.4671130e+06   1.6845703e+01
   2.5859830e+06   3.2104492e+01
   2.5860090e+06   2.1179199e+01
   2.5860280e+06   1.5502930e+01
   2.5860470e+06   1.5502930e+01
   2.5860630e+06   1.6113281e+01
   2.5860870e+06   2.1240234e+01
   2.5861090e+06   1.9653320e+01
   2.5861530e+06   1.4831543e+01
   2.5861690e+06   2.5268555e+01
   2.5862250e+06   1.7700195e+01
   2.5862770e+06   1.6174316e+01
   2.5863000e+06   1.6052246e+01
   2.5867210e+06   1.4282227e+01
   2.6073860e+06   1.4648438e+01
   2.7391890e+06   1.5930176e+01
   2.7613420e+06   1.5686035e+01
   2.8134250e+06   1.4831543e+01
   2.8203740e+06   1.4465332e+01
   2.8204690e+06   2.3986816e+01
   2.8204790e+06   1.5441895e+01
   2.8205020e+06   1.9836426e+01
   2.8205440e+06   1.4587402e+01
   2.8205610e+06   1.4160156e+01
   2.8205820e+06   2.0690918e+01
   2.8206050e+06   1.4099121e+01
   2.8206690e+06   1.4160156e+01
   2.8207140e+06   1.7761230e+01
   2.8207340e+06   2.2155762e+01
   2.8208420e+06   1.4465332e+01
   2.8210060e+06   1.7822266e+01
   2.9149150e+06   1.4282227e+01
   2.9584510e+06   1.4587402e+01
   3.0001830e+06   2.1301270e+01
   3.1538450e+06   2.9357910e+01
   3.1538630e+06   2.5756836e+01
   3.1538940e+06   2.4353027e+01
   3.1539040e+06   1.4038086e+01
   3.1539410e+06   1.7761230e+01
   3.1539550e+06   1.9104004e+01
   3.1540040e+06   2.0690918e+01
   3.1540470e+06   1.9348145e+01
   3.1540840e+06   1.5686035e+01
   3.1540960e+06   1.5869141e+01
   3.1542060e+06   1.4282227e+01
   3.2547390e+06   1.3916016e+01
   3.2552040e+06   1.6723633e+01
   3.2553460e+06   2.4047852e+01
   3.2554550e+06   1.5014648e+01
   3.4294530e+06   2.1545410e+01
   3.4298230e+06   2.2338867e+01
   3.4306820e+06   2.4353027e+01
   3.5417790e+06   1.3854980e+01
   3.5418220e+06   2.2583008e+01
   3.5418420e+06   2.3559570e+01
   3.5418730e+06   1.5197754e+01
   3.5419370e+06   2.7404785e+01
   3.5419740e+06   2.1118164e+01
   3.5420020e+06   1.7456055e+01
   3.5420620e+06   1.5014648e+01
   3.6753740e+06   1.4892578e+01
   3.7130170e+06   1.4648438e+01
   3.8693740e+06   1.5441895e+01
   3.8699960e+06   1.4099121e+01
   3.8700860e+06   1.6235352e+01
   3.8701110e+06   2.3498535e+01
   3.8701280e+06   2.0568848e+01
   3.8701720e+06   1.5014648e+01
   3.8701970e+06   2.0385742e+01
   3.8702100e+06   1.4709473e+01
   3.8702340e+06   1.8676758e+01
   3.8702850e+06   1.4038086e+01
   3.8703440e+06   1.9104004e+01
   4.0177330e+06   2.0629883e+01
   4.0183620e+06   2.2338867e+01
   4.0986170e+06   1.7639160e+01
   4.1129560e+06   2.1179199e+01
   4.1129800e+06   3.2958984e+01
   4.1130030e+06   2.9907227e+01
   4.1130280e+06   1.6235352e+01
   4.1130570e+06   2.1118164e+01
   4.1130700e+06   2.2338867e+01
   4.1131000e+06   2.0324707e+01
   4.1131270e+06   2.1728516e+01
   4.1131510e+06   1.4099121e+01
   4.1132010e+06   1.7761230e+01
   4.1132120e+06   1.6723633e+01
   4.1133700e+06   1.5197754e+01
   4.2551800e+06   2.4047852e+01
   4.3127380e+06   1.3977051e+01
   4.3455030e+06   1.4892578e+01
   4.3458020e+06   2.0080566e+01
   4.4097330e+06   1.4221191e+01
   4.4101460e+06   1.4282227e+01
   4.4914160e+06   2.2277832e+01
   4.4914270e+06   2.1728516e+01
   4.4914380e+06   1.9042969e+01
   4.4914610e+06   1.6906738e+01
   4.4914750e+06   2.1240234e+01
   4.4914860e+06   1.9836426e+01
   4.4915280e+06   1.8310547e+01
   4.4915510e+06   1.4343262e+01
   4.4915810e+06   2.0080566e+01
   4.4915930e+06   1.9958496e+01
   4.4916310e+06   2.1301270e+01
   4.4916480e+06   1.4160156e+01
   4.4916780e+06   1.4953613e+01
   4.4917160e+06   1.8310547e+01
   4.6264100e+06   1.4526367e+01
   4.6787590e+06   1.4648438e+01
   4.6792920e+06   1.5747070e+01
   4.7331230e+06   1.5502930e+01
   4.7331730e+06   1.4404297e+01
   4.7331950e+06   2.1911621e+01
   4.7332110e+06   2.4108887e+01
   4.7332400e+06   1.7822266e+01
   4.7332550e+06   2.0019531e+01
   4.7332790e+06   1.4282227e+01
   4.7332970e+06   1.7578125e+01
   4.7333320e+06   1.4465332e+01
   4.7333540e+06   1.7028809e+01
   4.7334120e+06   1.9836426e+01
   4.7336680e+06   1.5319824e+01
   4.8392590e+06   1.4160156e+01
   4.8393060e+06   2.6794434e+01
   4.8393410e+06   1.4221191e+01
   4.8393710e+06   2.0446777e+01
   4.8393820e+06   2.0507812e+01
   4.8394320e+06   3.0456543e+01
   4.8395000e+06   1.4343262e+01
   4.8395210e+06   1.4770508e+01
   4.8395850e+06   1.5991211e+01
   4.9054710e+06   1.3916016e+01
   4.9056260e+06   1.4892578e+01
   4.9057330e+06   1.9287109e+01
   4.9057960e+06   2.4230957e+01
   4.9058690e+06   1.8615723e+01
   4.9058980e+06   1.8188477e+01
   4.9059190e+06   1.4953613e+01
   4.9059560e+06   1.7211914e+01
   4.9059930e+06   1.7456055e+01
   4.9060570e+06   2.0690918e+01
   4.9060710e+06   1.5686035e+01
   5.0966990e+06   1.4770508e+01
   5.1143900e+06   1.3854980e+01
   5.1452360e+06   1.4892578e+01
   5.3102540e+06   1.3854980e+01
   5.3296120e+06   1.4404297e+01
   5.3296930e+06   1.9165039e+01
   5.3297050e+06   1.4404297e+01
   5.3297540e+06   2.6184082e+01
   5.3297750e+06   1.4160156e+01
   5.3298130e+06   1.5136719e+01
   5.3298790e+06   1.5625000e+01
   5.3299120e+06   1.4038086e+01
   5.3299340e+06   1.3916016e+01
   5.6770680e+06   1.4404297e+01
   5.6778300e+06   2.3742676e+01
   5.7676000e+06   1.5136719e+01
   5.7676250e+06   2.2888184e+01
   5.7676370e+06   2.0324707e+01
   5.7676630e+06   1.8554688e+01
   5.7676740e+06   1.6845703e+01
   5.7677340e+06   1.5136719e+01
   5.7677510e+06   1.5258789e+01
   5.7677770e+06   1.7578125e+01
   5.7678370e+06   1.6418457e+01
   5.7678550e+06   1.5197754e+01
   5.7681310e+06   1.4038086e+01
   5.7681950e+06   1.4343262e+01
   5.7682610e+06   1.7333984e+01
   5.9614600e+06   2.3315430e+01
