   5.9990000e+06   0.0000000e+00
   1.1180000e+04   1.4282227e+01
   1.2401000e+04   1.4343262e+01
   1.2440000e+04   1.3793945e+01
   1.2941000e+04   1.4343262e+01
   5.9845000e+04   1.8371582e+01
   6.1066000e+04   1.4343262e+01
   6.1175000e+04   1.3793945e+01
   6.1186000e+04   1.5563965e+01
   6.1198000e+04   1.5930176e+01
   6.1210000e+04   3.0639648e+01
   6.1231000e+04   1.5014648e+01
   6.1254000e+04   2.6916504e+01
   6.1271000e+04   2.5939941e+01
   6.1282000e+04   2.1362305e+01
   6.1309000e+04   2.1606445e+01
   6.1330000e+04   3.4790039e+01
   6.1349000e+04   4.8278809e+01
   6.1359000e+04   1.7333984e+01
   6.1370000e+04   2.8137207e+01
   6.1396000e+04   2.2399902e+01
   6.1421000e+04   1.9470215e+01
   6.1434000e+04   5.7739258e+01
   6.1470000e+04   4.8706055e+01
   6.1484000e+04   1.7822266e+01
   6.1497000e+04   3.3874512e+01
   6.1518000e+04   2.0812988e+01
   6.1549000e+04   3.9733887e+01
   6.1572000e+04   2.3620605e+01
   6.1640000e+04   3.0212402e+01
   6.1655000e+04   2.0751953e+01
   6.1690000e+04   1.6357422e+01
   6.1709000e+04   1.6967773e+01
   6.1749000e+04   1.5380859e+01
   6.1775000e+04   2.6123047e+01
   6.1786000e+04   2.4230957e+01
   6.1846000e+04   2.6428223e+01
   6.1920000e+04   2.1118164e+01
   6.1950000e+04   1.7089844e+01
   6.1998000e+04   2.8381348e+01
   6.2075000e+04   2.6794434e+01
   6.2159000e+04   2.8747559e+01
   6.2254000e+04   2.8076172e+01
   6.2348000e+04   2.2766113e+01
   6.2446000e+04   2.3620605e+01
   6.2545000e+04   2.4108887e+01
   6.2642000e+04   2.5573730e+01
   6.2754000e+04   2.4353027e+01
   6.2894000e+04   2.6000977e+01
   6.3053000e+04   2.3132324e+01
   6.3224000e+04   2.5451660e+01
   6.3338000e+04   2.4902344e+01
   6.3517000e+04   2.3254395e+01
   8.5821000e+04   1.3854980e+01
   1.0084300e+05   1.3732910e+01
   1.4159900e+05   2.2766113e+01
   1.4170700e+05   1.5258789e+01
   1.4309500e+05   1.5014648e+01
   1.4324800e+05   2.1911621e+01
   1.4329700e+05   1.6113281e+01
   1.4330700e+05   2.4719238e+01
   1.4332100e+05   3.4790039e+01
   1.4333800e+05   2.6550293e+01
   1.4334900e+05   1.5686035e+01
   1.4336800e+05   1.4221191e+01
   1.4339000e+05   3.1188965e+01
   1.4341500e+05   5.2978516e+01
   1.4344100e+05   1.8737793e+01
   1.4346200e+05   6.5856934e+01
   1.4347500e+05   5.0048828e+01
   1.4350300e+05   2.1789551e+01
   1.4353200e+05   7.0068359e+01
   1.4354200e+05   3.8208008e+01
   1.4357900e+05   1.7456055e+01
   1.4359600e+05   2.2705078e+01
   1.4361100e+05   1.7944336e+01
   1.4362500e+05   1.5991211e+01
   1.4364600e+05   2.8015137e+01
   1.4366000e+05   2.0507813e+01
   1.4367900e+05   1.4953613e+01
   1.4369700e+05   1.7395020e+01
   1.4372700e+05   1.8981934e+01
   1.4374400e+05   1.6113281e+01
   1.4376100e+05   1.3793945e+01
   1.4379600e+05   2.1118164e+01
   1.4382600e+05   1.7089844e+01
   1.4384900e+05   2.3986816e+01
   1.4387600e+05   2.0019531e+01
   1.4390600e+05   1.9836426e+01
   1.4392700e+05   1.7517090e+01
   1.4395800e+05   1.7944336e+01
   1.4401900e+05   2.3986816e+01
   1.4409100e+05   2.0385742e+01
   1.4412300e+05   1.6296387e+01
   1.4416400e+05   2.0690918e+01
   1.4422000e+05   2.0141602e+01
   1.4425300e+05   1.7944336e+01
   1.4428600e+05   2.4963379e+01
   1.4435400e+05   2.1362305e+01
   1.4439400e+05   1.5380859e+01
   1.4444700e+05   2.3315430e+01
   1.4451900e+05   2.3132324e+01
   1.4459700e+05   2.1484375e+01
   1.4467400e+05   2.2399902e+01
   1.4475100e+05   2.0080566e+01
   1.4483800e+05   1.9653320e+01
   1.4492600e+05   2.8381348e+01
   1.4501100e+05   2.4780273e+01
   1.4509900e+05   2.5451660e+01
   1.4519100e+05   2.0507812e+01
   1.4528700e+05   2.5817871e+01
   1.4538800e+05   2.0690918e+01
   1.4549000e+05   2.5817871e+01
   1.4559400e+05   2.3254395e+01
   1.4570600e+05   2.3010254e+01
   1.4584100e+05   2.2949219e+01
   1.4598400e+05   2.6733398e+01
   1.4612100e+05   2.1423340e+01
   1.4626800e+05   2.2155762e+01
   1.4642200e+05   2.4841309e+01
   1.4659600e+05   2.1667480e+01
   1.4680000e+05   2.1118164e+01
   1.5436900e+05   1.5014648e+01
   1.5438400e+05   1.4160156e+01
   1.5442800e+05   1.7944336e+01
   1.5445000e+05   1.3732910e+01
   1.5465200e+05   2.2949219e+01
   1.5467400e+05   1.5197754e+01
   1.5482400e+05   1.5747070e+01
   1.5483900e+05   1.5808105e+01
   1.5493900e+05   2.0019531e+01
   1.5498600e+05   2.0202637e+01
   1.5501000e+05   1.5502930e+01
   1.5502200e+05   1.5319824e+01
   1.5506100e+05   1.4465332e+01
   1.5518800e+05   1.7395020e+01
   1.5524200e+05   1.7517090e+01
   1.5525400e+05   3.0578613e+01
   1.5527200e+05   2.8686523e+01
   1.5535100e+05   1.6296387e+01
   1.5536700e+05   1.6418457e+01
   1.5546000e+05   1.5502930e+01
   1.5548100e+05   1.4160156e+01
   1.5551600e+05   1.7700195e+01
   1.5553000e+05   1.5136719e+01
   1.5558100e+05   2.4169922e+01
   1.5565800e+05   1.8554688e+01
   1.5566800e+05   1.7761230e+01
   1.5578700e+05   1.7150879e+01
   1.5581100e+05   1.5563965e+01
   1.5583900e+05   2.4902344e+01
   1.5608200e+05   1.4526367e+01
   1.5613700e+05   2.2949219e+01
   1.5629900e+05   1.5197754e+01
   1.5664700e+05   1.3916016e+01
   1.8791200e+05   1.4038086e+01
   1.9115300e+05   1.4221191e+01
   2.2014600e+05   1.3854980e+01
   2.2076400e+05   1.3732910e+01
   2.2121100e+05   2.1911621e+01
   2.2126400e+05   1.8737793e+01
   2.6550200e+05   1.8676758e+01
   2.6557500e+05   1.5075684e+01
   2.6589600e+05   1.6967773e+01
   2.6633100e+05   1.4343262e+01
   2.6655600e+05   1.9714355e+01
   2.6683300e+05   1.6174316e+01
   2.8379000e+05   1.6845703e+01
   2.8391300e+05   1.8554688e+01
   2.8397700e+05   1.5197754e+01
   2.8461400e+05   1.7456055e+01
   2.8473300e+05   1.9348145e+01
   2.9256200e+05   1.8798828e+01
   3.0298900e+05   1.4709473e+01
   3.0300400e+05   1.4099121e+01
   3.0302400e+05   1.3977051e+01
   3.0304800e+05   4.2968750e+01
   3.0307700e+05   3.2958984e+01
   3.0308900e+05   1.9287109e+01
   3.0311200e+05   6.7321777e+01
   3.0313900e+05   3.4057617e+01
   3.0315000e+05   1.4526367e+01
   3.0316900e+05   3.3996582e+01
   3.0319400e+05   3.9062500e+01
   3.0320800e+05   1.7333984e+01
   3.0322400e+05   4.5837402e+01
   3.0324000e+05   1.7944336e+01
   3.0325800e+05   2.4841309e+01
   3.0327200e+05   3.7658691e+01
   3.0331600e+05   2.1545410e+01
   3.0333100e+05   1.8798828e+01
   3.0334800e+05   1.7272949e+01
   3.0338800e+05   1.7761230e+01
   3.0340900e+05   1.7089844e+01
   3.0344500e+05   2.3254395e+01
   3.0348300e+05   2.0263672e+01
   3.0350600e+05   1.5075684e+01
   3.0353800e+05   1.7333984e+01
   3.0355000e+05   2.0141602e+01
   3.0358800e+05   1.8310547e+01
   3.0361800e+05   1.9287109e+01
   3.0364000e+05   1.8493652e+01
   3.0367500e+05   1.4038086e+01
   3.0369400e+05   1.6845703e+01
   3.0374300e+05   2.0568848e+01
   3.0381900e+05   2.0446777e+01
   3.0388400e+05   2.1362305e+01
   3.0394700e+05   3.0029297e+01
   3.0401300e+05   1.9165039e+01
   3.0407800e+05   1.8371582e+01
   3.0410900e+05   1.4587402e+01
   3.0412800e+05   2.0996094e+01
   3.0416100e+05   1.6784668e+01
   3.0417100e+05   2.0019531e+01
   3.0423400e+05   2.6550293e+01
   3.0424900e+05   1.6540527e+01
   3.0431900e+05   2.5634766e+01
   3.0439300e+05   2.3376465e+01
   3.0447400e+05   2.4658203e+01
   3.0455600e+05   2.5268555e+01
   3.0463800e+05   2.3803711e+01
   3.0472400e+05   2.6000977e+01
   3.0481700e+05   1.6662598e+01
   3.0490100e+05   2.2460938e+01
   3.0499100e+05   2.4536133e+01
   3.0508700e+05   2.0202637e+01
   3.0518100e+05   2.3559570e+01
   3.0528700e+05   2.3437500e+01
   3.0540000e+05   2.5634766e+01
   3.0550600e+05   2.3559570e+01
   3.0560800e+05   2.3559570e+01
   3.0572300e+05   2.8564453e+01
   3.0584800e+05   2.4414063e+01
   3.0597700e+05   2.4475098e+01
   3.0609300e+05   2.4291992e+01
   3.0626600e+05   2.1545410e+01
   3.0642700e+05   2.2216797e+01
   3.0663100e+05   2.3437500e+01
   3.0684600e+05   2.2888184e+01
   3.0705400e+05   2.2399902e+01
   3.1690800e+05   3.5156250e+01
   3.9562300e+05   2.9663086e+01
   3.9564300e+05   1.7639160e+01
   3.9565900e+05   3.4729004e+01
   3.9567400e+05   2.1545410e+01
   3.9569500e+05   2.1606445e+01
   3.9570900e+05   3.9733887e+01
   3.9572800e+05   2.6489258e+01
   3.9573800e+05   1.9042969e+01
   3.9574900e+05   4.2663574e+01
   3.9577100e+05   4.3701172e+01
   3.9579100e+05   3.9184570e+01
   3.9582300e+05   4.2358398e+01
   3.9583900e+05   1.8676758e+01
   3.9586300e+05   2.1179199e+01
   3.9587900e+05   2.6916504e+01
   3.9589500e+05   2.1728516e+01
   3.9592300e+05   2.5268555e+01
   3.9594900e+05   2.1423340e+01
   3.9596400e+05   2.4536133e+01
   3.9599800e+05   1.6052246e+01
   3.9601700e+05   1.3977051e+01
   3.9603900e+05   2.1240234e+01
   3.9605500e+05   1.4404297e+01
   3.9607500e+05   1.8188477e+01
   3.9612400e+05   2.1423340e+01
   3.9616600e+05   1.9531250e+01
   3.9620100e+05   1.7517090e+01
   3.9621600e+05   1.5930176e+01
   3.9623700e+05   1.6113281e+01
   3.9627000e+05   1.4465332e+01
   3.9635700e+05   1.7883301e+01
   3.9641800e+05   1.8249512e+01
   3.9649700e+05   1.8615723e+01
   3.9655100e+05   1.6784668e+01
   3.9661500e+05   1.7211914e+01
   3.9663900e+05   1.7395020e+01
   3.9670900e+05   2.7832031e+01
   3.9673300e+05   1.9165039e+01
   3.9679200e+05   1.7700195e+01
   3.9688000e+05   2.4108887e+01
   3.9695900e+05   2.3132324e+01
   3.9703800e+05   2.3803711e+01
   3.9712000e+05   2.1179199e+01
   3.9720700e+05   2.3254395e+01
   3.9731000e+05   2.1789551e+01
   3.9739900e+05   2.3437500e+01
   3.9749200e+05   2.7893066e+01
   3.9758400e+05   2.1362305e+01
   3.9769000e+05   2.3742676e+01
   3.9780400e+05   2.3437500e+01
   3.9792000e+05   2.7099609e+01
   3.9803400e+05   2.0935059e+01
   3.9815800e+05   2.5207520e+01
   3.9828600e+05   2.4841309e+01
   3.9842100e+05   2.2399902e+01
   3.9858800e+05   2.4353027e+01
   3.9875200e+05   2.1301270e+01
   3.9891900e+05   2.6184082e+01
   3.9912200e+05   2.3437500e+01
   3.9931600e+05   2.3071289e+01
   3.9958400e+05   2.4475098e+01
   4.9370300e+05   1.8920898e+01
   4.9376600e+05   1.4038086e+01
   4.9383400e+05   1.4770508e+01
   4.9400900e+05   1.5014648e+01
   4.9409700e+05   1.6418457e+01
   4.9425800e+05   1.4587402e+01
   4.9427700e+05   1.4038086e+01
   4.9429500e+05   1.4526367e+01
   4.9433600e+05   1.8554688e+01
   4.9437900e+05   1.6784668e+01
   4.9439000e+05   1.4343262e+01
   4.9442300e+05   1.6113281e+01
   4.9443700e+05   1.7822266e+01
   4.9445200e+05   1.4953613e+01
   4.9448000e+05   1.4343262e+01
   4.9449800e+05   1.4160156e+01
   4.9451000e+05   2.7709961e+01
   4.9452700e+05   1.5441895e+01
   4.9454100e+05   1.9042969e+01
   4.9455900e+05   3.5827637e+01
   4.9457400e+05   2.4414062e+01
   4.9460000e+05   1.3916016e+01
   4.9461700e+05   1.4587402e+01
   4.9465600e+05   1.5808105e+01
   4.9467600e+05   3.0822754e+01
   4.9474500e+05   2.4841309e+01
   4.9477800e+05   1.8249512e+01
   4.9483100e+05   1.4038086e+01
   4.9486800e+05   1.5136719e+01
   4.9495500e+05   2.5817871e+01
   4.9500300e+05   1.5930176e+01
   4.9520600e+05   1.4160156e+01
   4.9530000e+05   1.3977051e+01
   5.4392600e+05   1.5197754e+01
   5.4396300e+05   1.9592285e+01
   5.4402100e+05   1.8432617e+01
   5.4436500e+05   2.2338867e+01
   5.8964300e+05   1.9226074e+01
   5.8966900e+05   2.4230957e+01
   5.8973300e+05   1.7272949e+01
   5.8997700e+05   1.5075684e+01
   6.3831900e+05   2.1606445e+01
   6.3838800e+05   1.8981934e+01
   6.3842900e+05   1.4465332e+01
   6.3916200e+05   1.8859863e+01
   6.3929200e+05   1.4465332e+01
   6.4027800e+05   1.4465332e+01
   6.4098000e+05   1.9897461e+01
   6.5070800e+05   1.7761230e+01
   6.8802700e+05   1.5197754e+01
   6.8803800e+05   3.2531738e+01
   6.8807200e+05   3.7841797e+01
   6.8808600e+05   3.8696289e+01
   6.8809800e+05   3.1433105e+01
   6.8811600e+05   3.0090332e+01
   6.8813800e+05   3.3081055e+01
   6.8815200e+05   2.7160645e+01
   6.8817700e+05   2.6733398e+01
   6.8819200e+05   2.1545410e+01
   6.8820600e+05   1.6357422e+01
   6.8822100e+05   2.5512695e+01
   6.8823500e+05   2.6428223e+01
   6.8825600e+05   2.9602051e+01
   6.8828600e+05   2.6000977e+01
   6.8830800e+05   1.8493652e+01
   6.8832900e+05   2.3559570e+01
   6.8834900e+05   2.0080566e+01
   6.8837300e+05   1.7333984e+01
   6.8839100e+05   1.7578125e+01
   6.8840700e+05   1.5197754e+01
   6.8842300e+05   1.6967773e+01
   6.8846000e+05   1.4282227e+01
   6.8847100e+05   1.9165039e+01
   6.8852100e+05   1.5686035e+01
   6.8854000e+05   1.6052246e+01
   6.8859000e+05   1.6113281e+01
   6.8860700e+05   2.1179199e+01
   6.8866200e+05   2.2155762e+01
   6.8872500e+05   2.1850586e+01
   6.8878900e+05   1.4831543e+01
   6.8884800e+05   2.2521973e+01
   6.8891300e+05   2.3925781e+01
   6.8896900e+05   1.4221191e+01
   6.8899700e+05   1.8371582e+01
   6.8905600e+05   2.1179199e+01
   6.8908600e+05   1.8493652e+01
   6.8913800e+05   2.4291992e+01
   6.8921500e+05   2.2521973e+01
   6.8929000e+05   2.4658203e+01
   6.8936700e+05   2.6855469e+01
   6.8944700e+05   2.2094727e+01
   6.8952300e+05   2.4963379e+01
   6.8960400e+05   2.5085449e+01
   6.8969200e+05   2.3437500e+01
   6.8978400e+05   2.3864746e+01
   6.8987800e+05   2.6916504e+01
   6.8996900e+05   2.3986816e+01
   6.9005900e+05   2.3437500e+01
   6.9015100e+05   2.0446777e+01
   6.9024200e+05   2.2338867e+01
   6.9034700e+05   2.6367188e+01
   6.9045500e+05   2.3010254e+01
   6.9057900e+05   2.4353027e+01
   6.9069800e+05   2.7465820e+01
   6.9081700e+05   2.6611328e+01
   6.9095400e+05   2.6245117e+01
   6.9109100e+05   2.5329590e+01
   6.9122600e+05   2.2827148e+01
   6.9138100e+05   2.8076172e+01
   6.9154600e+05   2.4719238e+01
   6.9175600e+05   2.4353027e+01
   6.9955000e+05   1.5014648e+01
   6.9960300e+05   1.6418457e+01
   6.9966200e+05   1.5441895e+01
   6.9985400e+05   2.4353027e+01
   6.9998500e+05   1.4953613e+01
   6.9999700e+05   1.6357422e+01
   7.0009100e+05   4.0222168e+01
   7.0010100e+05   1.4953613e+01
   7.0015500e+05   1.6784668e+01
   7.0017500e+05   1.5258789e+01
   7.0024500e+05   1.5625000e+01
   7.0031600e+05   1.4770508e+01
   7.0034900e+05   3.2165527e+01
   7.0037300e+05   1.5686035e+01
   7.0042800e+05   1.4465332e+01
   7.0046000e+05   1.5258789e+01
   7.0047400e+05   1.6906738e+01
   7.0051100e+05   1.4343262e+01
   7.0052200e+05   2.6306152e+01
   7.0056500e+05   1.7944336e+01
   7.0062700e+05   2.1240234e+01
   7.0063800e+05   1.6540527e+01
   7.0070300e+05   2.0446777e+01
   7.0073000e+05   1.6052246e+01
   7.0074700e+05   2.2155762e+01
   7.0080700e+05   1.9775391e+01
   7.0081900e+05   2.6611328e+01
   7.0086100e+05   1.9714355e+01
   7.0087800e+05   2.0874023e+01
   7.0090100e+05   4.4067383e+01
   7.0096500e+05   2.0080566e+01
   7.0100300e+05   1.7944336e+01
   7.0102800e+05   1.9104004e+01
   7.0104000e+05   1.9165039e+01
   7.0106900e+05   1.5808105e+01
   7.0109500e+05   2.1362305e+01
   7.0112500e+05   1.3977051e+01
   7.0122200e+05   1.3793945e+01
   7.0123200e+05   2.9235840e+01
   7.0124600e+05   1.3793945e+01
   7.0137900e+05   2.3803711e+01
   7.0153600e+05   2.7587891e+01
   7.0161000e+05   1.4587402e+01
   7.0170700e+05   2.5939941e+01
   7.0182900e+05   1.7395020e+01
   7.0190100e+05   2.4230957e+01
   7.0211100e+05   2.6855469e+01
   7.0238400e+05   2.4658203e+01
   8.1729100e+05   1.3671875e+01
   8.2351800e+05   1.6052246e+01
   8.2357200e+05   1.9348145e+01
   8.2360300e+05   3.5156250e+01
   8.2363000e+05   2.1423340e+01
   8.2364600e+05   2.5390625e+01
   8.2366700e+05   1.5563965e+01
   8.2367700e+05   3.4729004e+01
   8.2369400e+05   2.0935059e+01
   8.2370600e+05   2.0080566e+01
   8.2372300e+05   4.5837402e+01
   8.2374900e+05   2.4230957e+01
   8.2376700e+05   3.5156250e+01
   8.2378500e+05   1.8554688e+01
   8.2380700e+05   2.5939941e+01
   8.2382300e+05   1.9592285e+01
   8.2384100e+05   2.3559570e+01
   8.2385400e+05   1.6967773e+01
   8.2386400e+05   2.2277832e+01
   8.2390700e+05   2.1118164e+01
   8.2394300e+05   1.8188477e+01
   8.2395500e+05   2.2827148e+01
   8.2398000e+05   1.8493652e+01
   8.2400000e+05   2.5390625e+01
   8.2402300e+05   1.9042969e+01
   8.2404900e+05   1.8737793e+01
   8.2406800e+05   1.9775391e+01
   8.2410400e+05   1.8432617e+01
   8.2413200e+05   1.4282227e+01
   8.2414400e+05   2.3193359e+01
   8.2419200e+05   2.4963379e+01
   8.2425500e+05   1.4831543e+01
   8.2428300e+05   1.4770508e+01
   8.2431400e+05   1.7272949e+01
   8.2438200e+05   2.3986816e+01
   8.2446100e+05   1.5808105e+01
   8.2451000e+05   3.5400391e+01
   8.2458300e+05   2.0568848e+01
   8.2466200e+05   2.0996094e+01
   8.2470100e+05   1.8493652e+01
   8.2473400e+05   2.6245117e+01
   8.2483700e+05   2.2888184e+01
   8.2492000e+05   2.1911621e+01
   8.2500600e+05   2.2216797e+01
   8.2509700e+05   2.2766113e+01
   8.2519700e+05   2.6855469e+01
   8.2529400e+05   2.4597168e+01
   8.2538800e+05   2.7709961e+01
   8.2548100e+05   2.3803711e+01
   8.2557600e+05   2.5268555e+01
   8.2567400e+05   2.7221680e+01
   8.2577900e+05   2.7893066e+01
   8.2588300e+05   2.6428223e+01
   8.2598200e+05   2.5451660e+01
   8.2610600e+05   2.3681641e+01
   8.2624000e+05   2.3193359e+01
   8.2637800e+05   1.9897461e+01
   8.2651700e+05   2.3742676e+01
   8.2667500e+05   2.4902344e+01
   8.2688200e+05   2.9174805e+01
   8.2713600e+05   2.3193359e+01
   9.1267100e+05   1.6906738e+01
   9.1274500e+05   2.0812988e+01
   9.1280000e+05   1.4465332e+01
   9.1313400e+05   1.4709473e+01
   9.1325500e+05   1.5014648e+01
   9.1348300e+05   1.4282227e+01
   9.1362200e+05   2.2583008e+01
   9.1378300e+05   1.6174316e+01
   9.1394100e+05   2.2949219e+01
   9.1399700e+05   1.4160156e+01
   9.1408900e+05   1.6174316e+01
   9.1410500e+05   1.5625000e+01
   9.1414200e+05   1.4770508e+01
   9.1419200e+05   1.7272949e+01
   9.1422300e+05   1.4770508e+01
   9.1423700e+05   1.4770508e+01
   9.1425600e+05   1.8432617e+01
   9.1426700e+05   1.4465332e+01
   9.1437700e+05   1.4709473e+01
   9.1444400e+05   1.5441895e+01
   9.1463200e+05   1.4526367e+01
   9.4162600e+05   1.4099121e+01
   9.6959000e+05   1.5441895e+01
   9.7077300e+05   1.9897461e+01
   9.7104600e+05   2.2583008e+01
   9.7106400e+05   1.3916016e+01
   9.7126900e+05   1.5380859e+01
   9.7149100e+05   1.8676758e+01
   9.7168700e+05   1.5991211e+01
   9.7180400e+05   1.4953613e+01
   9.7197700e+05   1.5686035e+01
   9.7202000e+05   2.2583008e+01
   9.7213300e+05   1.5502930e+01
   1.0443800e+06   1.7272949e+01
   1.0450140e+06   1.3732910e+01
   1.0450390e+06   1.7761230e+01
   1.0451990e+06   1.4648438e+01
   1.0452680e+06   1.4099121e+01
   1.0452950e+06   1.4099121e+01
   1.0454220e+06   1.5502930e+01
   1.0455360e+06   1.7517090e+01
   1.0456170e+06   1.7150879e+01
   1.0458600e+06   2.0141602e+01
   1.1207120e+06   1.4587402e+01
   1.1207230e+06   1.7028809e+01
   1.1207510e+06   4.0161133e+01
   1.1207670e+06   1.6174316e+01
   1.1207940e+06   2.0446777e+01
   1.1208110e+06   2.6550293e+01
   1.1208300e+06   2.1850586e+01
   1.1208480e+06   3.2470703e+01
   1.1208590e+06   3.7109375e+01
   1.1208770e+06   1.8615723e+01
   1.1208920e+06   2.1484375e+01
   1.1209170e+06   2.0202637e+01
   1.1209320e+06   3.7231445e+01
   1.1209440e+06   2.4841309e+01
   1.1209700e+06   3.1799316e+01
   1.1209840e+06   3.0456543e+01
   1.1210020e+06   2.6000977e+01
   1.1210270e+06   3.2226562e+01
   1.1210530e+06   1.4953613e+01
   1.1210830e+06   2.1362305e+01
   1.1211110e+06   1.7700195e+01
   1.1211260e+06   1.8615723e+01
   1.1211500e+06   2.0874023e+01
   1.1211760e+06   1.8493652e+01
   1.1211930e+06   1.3671875e+01
   1.1212310e+06   1.7456055e+01
   1.1212670e+06   1.8249512e+01
   1.1212770e+06   1.8249512e+01
   1.1213040e+06   1.5014648e+01
   1.1213300e+06   1.4099121e+01
   1.1213760e+06   1.7639160e+01
   1.1214210e+06   1.4099121e+01
   1.1214310e+06   2.2155762e+01
   1.1214510e+06   2.0874023e+01
   1.1215180e+06   2.1972656e+01
   1.1215800e+06   1.9287109e+01
   1.1216300e+06   2.1789551e+01
   1.1217040e+06   2.2521973e+01
   1.1217760e+06   2.2521973e+01
   1.1218390e+06   2.2277832e+01
   1.1218770e+06   1.5441895e+01
   1.1219300e+06   2.3132324e+01
   1.1219990e+06   2.3559570e+01
   1.1220740e+06   2.0751953e+01
   1.1221510e+06   2.1240234e+01
   1.1222300e+06   2.3620605e+01
   1.1223120e+06   2.7954102e+01
   1.1223910e+06   2.2766113e+01
   1.1224730e+06   2.4841309e+01
   1.1225600e+06   2.2521973e+01
   1.1226450e+06   2.6489258e+01
   1.1227340e+06   2.3071289e+01
   1.1228180e+06   2.2583008e+01
   1.1229190e+06   2.6672363e+01
   1.1230200e+06   2.3193359e+01
   1.1231220e+06   2.5573730e+01
   1.1232270e+06   2.4963379e+01
   1.1233430e+06   2.5146484e+01
   1.1234620e+06   2.1240234e+01
   1.1235910e+06   2.4475098e+01
   1.1237130e+06   2.1850586e+01
   1.1238420e+06   2.3498535e+01
   1.1239870e+06   2.5024414e+01
   1.1241400e+06   2.2766113e+01
   1.1243510e+06   2.5207520e+01
   1.1314490e+06   1.3854980e+01
   1.1705640e+06   1.8676758e+01
   1.1707290e+06   1.8127441e+01
   1.1707760e+06   1.5258789e+01
   1.1707960e+06   1.6601562e+01
   1.1708770e+06   2.1484375e+01
   1.1708920e+06   1.8371582e+01
   1.1709080e+06   1.5075684e+01
   1.1709260e+06   2.2888184e+01
   1.1709500e+06   3.6376953e+01
   1.1709850e+06   1.7333984e+01
   1.1710190e+06   2.4902344e+01
   1.1710360e+06   1.8127441e+01
   1.1710710e+06   5.4931641e+01
   1.1710890e+06   2.3803711e+01
   1.1711190e+06   1.5441895e+01
   1.1711360e+06   1.4282227e+01
   1.1711580e+06   2.7893066e+01
   1.1712100e+06   2.3376465e+01
   1.1712390e+06   1.6296387e+01
   1.1712590e+06   3.5888672e+01
   1.1712710e+06   1.4404297e+01
   1.1713250e+06   1.6906738e+01
   1.1713610e+06   3.8208008e+01
   1.1713900e+06   1.6601562e+01
   1.1714600e+06   3.0456543e+01
   1.1715410e+06   1.5380859e+01
   1.1715620e+06   2.4841309e+01
   1.1716710e+06   2.6306152e+01
   1.1717420e+06   1.8981934e+01
   1.1717870e+06   2.7404785e+01
   1.1719130e+06   2.6672363e+01
   1.1720400e+06   2.6123047e+01
   1.1721970e+06   2.9724121e+01
   1.1723890e+06   3.0395508e+01
   1.1726460e+06   2.6000977e+01
   1.2282580e+06   1.9836426e+01
   1.2290470e+06   1.5441895e+01
   1.2293430e+06   1.3977051e+01
   1.2294480e+06   2.1179199e+01
   1.2296660e+06   2.0202637e+01
   1.2297210e+06   1.4221191e+01
   1.2297670e+06   1.3977051e+01
   1.2298660e+06   1.6479492e+01
   1.2300920e+06   1.5991211e+01
   1.2301250e+06   1.4038086e+01
   1.2301650e+06   1.4709473e+01
   1.2813430e+06   1.3671875e+01
   1.2814610e+06   2.1667480e+01
   1.2814860e+06   1.9104004e+01
   1.2815070e+06   1.3793945e+01
   1.2815370e+06   2.2277832e+01
   1.2815640e+06   1.7700195e+01
   1.2815980e+06   2.4841309e+01
   1.2816230e+06   1.6784668e+01
   1.2816460e+06   1.3793945e+01
   1.2817030e+06   1.9287109e+01
   1.2817140e+06   1.9348145e+01
   1.2817240e+06   3.2409668e+01
   1.2817790e+06   2.1423340e+01
   1.2817940e+06   1.4892578e+01
   1.2818620e+06   2.1911621e+01
   1.2818970e+06   1.4465332e+01
   1.2819820e+06   2.7282715e+01
   1.2820220e+06   1.5197754e+01
   1.2820960e+06   2.9663086e+01
   1.2822200e+06   2.9296875e+01
   1.2823490e+06   2.8015137e+01
   1.2824980e+06   2.6306152e+01
   1.2826690e+06   2.4475098e+01
   1.3537720e+06   1.7272949e+01
   1.3540560e+06   1.3916016e+01
   1.3542820e+06   1.3793945e+01
   1.3544250e+06   1.4038086e+01
   1.3547010e+06   1.6601562e+01
   1.3548650e+06   1.3671875e+01
   1.3549850e+06   1.5747070e+01
   1.4259390e+06   1.6357422e+01
   1.4273140e+06   1.5502930e+01
   1.4637010e+06   2.0141602e+01
   1.4647280e+06   1.3732910e+01
   1.4647760e+06   1.3793945e+01
   1.4648770e+06   1.8249512e+01
   1.4651660e+06   1.4099121e+01
   1.4658760e+06   1.4221191e+01
   1.5123200e+06   1.4465332e+01
   1.5123350e+06   1.7456055e+01
   1.5123690e+06   5.0292969e+01
   1.5124060e+06   1.8859863e+01
   1.5124200e+06   3.8269043e+01
   1.5124480e+06   1.4831543e+01
   1.5124590e+06   1.8615723e+01
   1.5124900e+06   1.9348145e+01
   1.5125310e+06   1.9897461e+01
   1.5125480e+06   1.4892578e+01
   1.5125700e+06   1.6967773e+01
   1.5125960e+06   2.6306152e+01
   1.5126060e+06   2.2460938e+01
   1.5126370e+06   1.8188477e+01
   1.5126760e+06   1.4526367e+01
   1.5127290e+06   2.7099609e+01
   1.5127430e+06   2.9052734e+01
   1.5127800e+06   1.4038086e+01
   1.5128490e+06   2.8564453e+01
   1.5128690e+06   1.4343262e+01
   1.5129350e+06   2.3803711e+01
   1.5129620e+06   3.1188965e+01
   1.5130740e+06   2.4414062e+01
   1.5132090e+06   2.8564453e+01
   1.5133580e+06   2.5756836e+01
   1.5135820e+06   3.0395508e+01
   1.6099510e+06   1.6845703e+01
   1.6099630e+06   1.6845703e+01
   1.6100180e+06   1.5930176e+01
   1.6100710e+06   1.3977051e+01
   1.6100900e+06   1.9165039e+01
   1.6101300e+06   1.5014648e+01
   1.6102200e+06   1.4648438e+01
   1.6102300e+06   3.2653809e+01
   1.6102810e+06   1.3977051e+01
   1.6103730e+06   1.3793945e+01
   1.6104090e+06   2.8625488e+01
   1.6104350e+06   1.6235352e+01
   1.6104800e+06   1.5991211e+01
   1.6105440e+06   2.4719238e+01
   1.6106000e+06   1.4343262e+01
   1.6106820e+06   2.9724121e+01
   1.6107760e+06   1.4587402e+01
   1.6108340e+06   2.3315430e+01
   1.6110010e+06   2.6794434e+01
   1.6112220e+06   2.9174805e+01
   1.6871680e+06   1.4038086e+01
   1.6872550e+06   1.4160156e+01
   1.6873090e+06   1.8432617e+01
   1.6873570e+06   1.3732910e+01
   1.6873800e+06   1.5563965e+01
   1.6874310e+06   1.6418457e+01
   1.6874780e+06   1.4770508e+01
   1.6874890e+06   1.5197754e+01
   1.6875110e+06   1.3732910e+01
   1.6875870e+06   1.7150879e+01
   1.6876110e+06   1.5380859e+01
   1.6876250e+06   1.5197754e+01
   1.6876440e+06   1.4587402e+01
   1.6876540e+06   1.4282227e+01
   1.6876810e+06   1.4587402e+01
   1.6877490e+06   1.8493652e+01
   1.6877780e+06   1.6906738e+01
   1.6878750e+06   2.1118164e+01
   1.6880070e+06   1.4160156e+01
   1.6881430e+06   1.4648438e+01
   1.7438650e+06   1.6235352e+01
   1.7440930e+06   1.3854980e+01
   1.7441320e+06   1.7700195e+01
   1.7443000e+06   1.4648438e+01
   1.7443560e+06   1.5014648e+01
   1.7443730e+06   1.3732910e+01
   1.7443870e+06   1.3793945e+01
   1.7444600e+06   1.5502930e+01
   1.7444700e+06   1.6235352e+01
   1.7445960e+06   2.6367188e+01
   1.7446530e+06   1.4221191e+01
   1.7536370e+06   1.3977051e+01
   1.7924160e+06   1.4587402e+01
   1.8194570e+06   1.4587402e+01
   1.8195470e+06   1.3793945e+01
   1.8198150e+06   1.4709473e+01
   1.8200630e+06   1.5441895e+01
   1.8202280e+06   1.3916016e+01
   1.8205810e+06   1.5991211e+01
   1.8345680e+06   1.5869141e+01
   1.8895130e+06   1.5075684e+01
   1.8895820e+06   1.7883301e+01
   1.8897140e+06   1.3732910e+01
   1.8899510e+06   1.5075684e+01
   1.8900300e+06   1.4038086e+01
   1.8903000e+06   1.4038086e+01
   1.9283280e+06   3.8391113e+01
   1.9283630e+06   1.4831543e+01
   1.9284060e+06   1.4709473e+01
   1.9284400e+06   1.5747070e+01
   1.9284660e+06   1.4709473e+01
   1.9285280e+06   1.4648438e+01
   1.9285380e+06   1.4953613e+01
   1.9285650e+06   1.4099121e+01
   1.9286060e+06   1.7333984e+01
   1.9286230e+06   2.8808594e+01
   1.9286560e+06   1.3732910e+01
   1.9287740e+06   2.8930664e+01
   1.9289130e+06   2.1972656e+01
   1.9289830e+06   1.8310547e+01
   1.9290640e+06   2.7770996e+01
   1.9292580e+06   2.8564453e+01
   1.9703190e+06   1.7456055e+01
   2.0396570e+06   1.4282227e+01
   2.0753790e+06   1.4770508e+01
   2.0754410e+06   1.5014648e+01
   2.0756020e+06   1.3671875e+01
   2.0756400e+06   1.9042969e+01
   2.0764180e+06   1.5686035e+01
   2.0768760e+06   1.4770508e+01
   2.2068310e+06   1.6540527e+01
   2.2069010e+06   1.6418457e+01
   2.2071020e+06   1.4282227e+01
   2.2072580e+06   1.5991211e+01
   2.2075010e+06   1.3916016e+01
   2.2075580e+06   1.4709473e+01
   2.2188360e+06   1.3671875e+01
   2.2467430e+06   1.4160156e+01
   2.2468250e+06   1.9104004e+01
   2.2468620e+06   1.4526367e+01
   2.2468740e+06   1.4526367e+01
   2.2468970e+06   1.5625000e+01
   2.2469190e+06   2.7587891e+01
   2.2469500e+06   3.0944824e+01
   2.2469770e+06   3.6071777e+01
   2.2469950e+06   2.1118164e+01
   2.2470250e+06   5.3955078e+01
   2.2470370e+06   1.8371582e+01
   2.2470530e+06   2.9113770e+01
   2.2470630e+06   3.0151367e+01
   2.2470810e+06   2.1545410e+01
   2.2471080e+06   2.0141602e+01
   2.2471400e+06   4.2114258e+01
   2.2471500e+06   2.0507813e+01
   2.2471710e+06   1.8798828e+01
   2.2472020e+06   1.8859863e+01
   2.2472130e+06   4.0405273e+01
   2.2472430e+06   1.9958496e+01
   2.2472530e+06   1.3854980e+01
   2.2472670e+06   3.3325195e+01
   2.2472850e+06   1.8493652e+01
   2.2473240e+06   3.3386230e+01
   2.2473370e+06   1.8310547e+01
   2.2473760e+06   1.8310547e+01
   2.2473870e+06   2.7099609e+01
   2.2474100e+06   1.4526367e+01
   2.2474260e+06   2.0385742e+01
   2.2474500e+06   2.2094727e+01
   2.2475030e+06   2.2705078e+01
   2.2475390e+06   4.0466309e+01
   2.2475610e+06   1.8554688e+01
   2.2475770e+06   2.2705078e+01
   2.2476430e+06   2.9113770e+01
   2.2476860e+06   1.4648438e+01
   2.2477050e+06   2.1362305e+01
   2.2477330e+06   1.5502930e+01
   2.2477830e+06   2.5817871e+01
   2.2478550e+06   2.5451660e+01
   2.2479310e+06   2.5329590e+01
   2.2480060e+06   2.2888184e+01
   2.2480870e+06   2.4780273e+01
   2.2481700e+06   2.4169922e+01
   2.2482540e+06   2.3803711e+01
   2.2483410e+06   2.7587891e+01
   2.2484360e+06   2.3071289e+01
   2.2485330e+06   2.6977539e+01
   2.2486330e+06   2.8198242e+01
   2.2487290e+06   2.2583008e+01
   2.2488380e+06   2.5512695e+01
   2.2489510e+06   2.5573730e+01
   2.2490680e+06   2.6794434e+01
   2.2492060e+06   2.7404785e+01
   2.2493470e+06   2.4475098e+01
   2.2495290e+06   2.6123047e+01
   2.2496940e+06   2.4841309e+01
   2.2498450e+06   2.7099609e+01
   2.2524590e+06   1.3916016e+01
   2.3162620e+06   1.7211914e+01
   2.3376030e+06   1.4465332e+01
   2.3376460e+06   1.7761230e+01
   2.3515950e+06   1.4282227e+01
   2.3583310e+06   1.7272949e+01
   2.3584580e+06   1.4221191e+01
   2.3588980e+06   1.5808105e+01
   2.3590970e+06   1.5258789e+01
   2.3593830e+06   1.4282227e+01
   2.3597460e+06   1.6174316e+01
   2.3601990e+06   1.7272949e+01
   2.3603860e+06   1.3732910e+01
   2.4142070e+06   1.8371582e+01
   2.4145190e+06   1.4282227e+01
   2.4151790e+06   2.2338867e+01
   2.4154380e+06   1.6357422e+01
   2.4302890e+06   1.4587402e+01
   2.4303610e+06   2.0446777e+01
   2.4309910e+06   1.7578125e+01
   2.4671680e+06   1.8920898e+01
   2.5403880e+06   2.4780273e+01
   2.5414880e+06   1.3977051e+01
   2.5422220e+06   1.5930176e+01
   2.5859490e+06   1.5808105e+01
   2.5859690e+06   2.0812988e+01
   2.5859900e+06   4.1137695e+01
   2.5860160e+06   4.5471191e+01
   2.5860450e+06   3.1494141e+01
   2.5860600e+06   3.0639648e+01
   2.5860890e+06   3.5705566e+01
   2.5861050e+06   1.6418457e+01
   2.5861170e+06   4.2907715e+01
   2.5861400e+06   3.4057617e+01
   2.5861590e+06   1.9104004e+01
   2.5861790e+06   2.3864746e+01
   2.5862050e+06   2.4841309e+01
   2.5862210e+06   2.6306152e+01
   2.5862520e+06   3.2043457e+01
   2.5862930e+06   2.6855469e+01
   2.5863080e+06   1.7211914e+01
   2.5863290e+06   1.4587402e+01
   2.5863520e+06   1.7822266e+01
   2.5863700e+06   1.7456055e+01
   2.5863850e+06   2.8442383e+01
   2.5864330e+06   1.6418457e+01
   2.5864540e+06   1.7395020e+01
   2.5864800e+06   2.4780273e+01
   2.5866170e+06   1.5502930e+01
   2.5866520e+06   1.4465332e+01
   2.5866740e+06   2.0935059e+01
   2.5867240e+06   1.9897461e+01
   2.5867880e+06   2.1118164e+01
   2.5868390e+06   1.8310547e+01
   2.5869020e+06   1.6479492e+01
   2.5869590e+06   2.6367188e+01
   2.5870340e+06   2.1545410e+01
   2.5870840e+06   2.2155762e+01
   2.5871510e+06   1.8005371e+01
   2.5872240e+06   2.3010254e+01
   2.5873010e+06   2.2888184e+01
   2.5873700e+06   2.0812988e+01
   2.5874350e+06   2.4047852e+01
   2.5875030e+06   2.1179199e+01
   2.5875670e+06   1.9287109e+01
   2.5876390e+06   2.4047852e+01
   2.5877110e+06   2.1240234e+01
   2.5877830e+06   2.0202637e+01
   2.5878520e+06   2.6550293e+01
   2.5879250e+06   2.0141602e+01
   2.5879980e+06   2.2766113e+01
   2.5880740e+06   2.1667480e+01
   2.5881460e+06   2.1850586e+01
   2.5882160e+06   1.8005371e+01
   2.5882960e+06   2.8503418e+01
   2.5883780e+06   2.2521973e+01
   2.5884610e+06   2.3864746e+01
   2.5885430e+06   2.1118164e+01
   2.5886230e+06   2.2460938e+01
   2.5887030e+06   2.1484375e+01
   2.5887920e+06   2.2888184e+01
   2.5888820e+06   2.3315430e+01
   2.5889720e+06   2.2949219e+01
   2.5890680e+06   2.6123047e+01
   2.5891590e+06   2.0324707e+01
   2.5892470e+06   2.3193359e+01
   2.5893340e+06   2.2888184e+01
   2.5894290e+06   2.3315430e+01
   2.5895240e+06   1.8554688e+01
   2.5896230e+06   2.2583008e+01
   2.5897260e+06   2.0812988e+01
   2.5898420e+06   1.9531250e+01
   2.5899500e+06   1.9409180e+01
   2.5900610e+06   2.0751953e+01
   2.5901880e+06   2.2705078e+01
   2.5903060e+06   2.0019531e+01
   2.5904310e+06   1.9958496e+01
   2.5905600e+06   2.3315430e+01
   2.5906850e+06   2.2766113e+01
   2.5908250e+06   2.0690918e+01
   2.5909580e+06   2.2705078e+01
   2.5911170e+06   2.3132324e+01
   2.5912680e+06   1.9714355e+01
   2.5914270e+06   2.2094727e+01
   2.5915920e+06   2.1850586e+01
   2.5917650e+06   2.0629883e+01
   2.5919500e+06   2.3864746e+01
   2.5921860e+06   2.5085449e+01
   2.6047150e+06   3.1494141e+01
   2.6052680e+06   3.1433105e+01
   2.6075340e+06   2.6855469e+01
   2.7006660e+06   1.3671875e+01
   2.7152310e+06   2.1057129e+01
   2.7153030e+06   1.5075684e+01
   2.7163930e+06   1.7089844e+01
   2.7166340e+06   1.7761230e+01
   2.7215610e+06   1.3671875e+01
   2.7392410e+06   1.5930176e+01
   2.7901120e+06   1.4099121e+01
   2.8203030e+06   1.8005371e+01
   2.8203140e+06   1.3671875e+01
   2.8203400e+06   1.4953613e+01
   2.8203860e+06   1.9348145e+01
   2.8204270e+06   1.7395020e+01
   2.8204560e+06   3.9123535e+01
   2.8204800e+06   2.2155762e+01
   2.8205000e+06   2.0812988e+01
   2.8205110e+06   2.1728516e+01
   2.8205210e+06   3.4790039e+01
   2.8205480e+06   2.3254395e+01
   2.8205600e+06   4.3273926e+01
   2.8205870e+06   1.8310547e+01
   2.8205970e+06   2.2888184e+01
   2.8206130e+06   3.7109375e+01
   2.8206260e+06   3.5400391e+01
   2.8206480e+06   2.4108887e+01
   2.8206640e+06   2.7832031e+01
   2.8206820e+06   3.1250000e+01
   2.8207220e+06   2.6916504e+01
   2.8207400e+06   1.5380859e+01
   2.8207500e+06   1.6784668e+01
   2.8207680e+06   3.9489746e+01
   2.8207980e+06   2.2155762e+01
   2.8208630e+06   2.0446777e+01
   2.8208850e+06   1.9042969e+01
   2.8209090e+06   1.8920898e+01
   2.8209500e+06   1.5563965e+01
   2.8209650e+06   1.5197754e+01
   2.8209850e+06   2.1606445e+01
   2.8210110e+06   2.3498535e+01
   2.8210360e+06   1.3977051e+01
   2.8210610e+06   1.4282227e+01
   2.8210870e+06   1.9348145e+01
   2.8211160e+06   1.4953613e+01
   2.8211420e+06   1.8188477e+01
   2.8211920e+06   2.5390625e+01
   2.8212620e+06   1.6906738e+01
   2.8212950e+06   1.6662598e+01
   2.8213240e+06   1.7944336e+01
   2.8213800e+06   1.6418457e+01
   2.8214350e+06   2.0629883e+01
   2.8215120e+06   1.7211914e+01
   2.8215720e+06   1.8005371e+01
   2.8216030e+06   1.7089844e+01
   2.8216340e+06   2.1911621e+01
   2.8217210e+06   2.2705078e+01
   2.8217890e+06   1.9287109e+01
   2.8218590e+06   2.1850586e+01
   2.8219360e+06   2.4475098e+01
   2.8220130e+06   2.0935059e+01
   2.8220890e+06   1.9897461e+01
   2.8221650e+06   2.7526855e+01
   2.8222420e+06   1.8554688e+01
   2.8223180e+06   2.1240234e+01
   2.8223980e+06   1.9531250e+01
   2.8224840e+06   2.4902344e+01
   2.8225780e+06   2.1972656e+01
   2.8226710e+06   2.2583008e+01
   2.8227700e+06   2.4902344e+01
   2.8228640e+06   2.4780273e+01
   2.8229580e+06   2.1667480e+01
   2.8230550e+06   2.0019531e+01
   2.8231590e+06   1.9897461e+01
   2.8232710e+06   2.2583008e+01
   2.8233790e+06   2.3254395e+01
   2.8234940e+06   2.3681641e+01
   2.8236070e+06   2.2705078e+01
   2.8237300e+06   2.1789551e+01
   2.8238590e+06   2.4047852e+01
   2.8240010e+06   2.0568848e+01
   2.8241640e+06   2.2949219e+01
   2.8243150e+06   2.3681641e+01
   2.8244700e+06   2.6855469e+01
   2.8246520e+06   2.1484375e+01
   2.8248440e+06   2.8991699e+01
   2.8447760e+06   2.7648926e+01
   2.9581730e+06   1.6296387e+01
   2.9582320e+06   2.0202637e+01
   2.9585850e+06   1.5380859e+01
   2.9985880e+06   1.5136719e+01
   2.9993940e+06   1.6479492e+01
   2.9994990e+06   1.5197754e+01
   2.9996770e+06   1.5991211e+01
   2.9997310e+06   1.4587402e+01
   2.9999230e+06   1.8127441e+01
   2.9999400e+06   1.4709473e+01
   3.0000990e+06   2.1972656e+01
   3.0001900e+06   1.3671875e+01
   3.0002340e+06   1.8981934e+01
   3.0005340e+06   1.8798828e+01
   3.0006860e+06   1.4282227e+01
   3.0589380e+06   1.8737793e+01
   3.0589580e+06   1.4221191e+01
   3.0590210e+06   1.5197754e+01
   3.0593260e+06   1.3610840e+01
   3.0593440e+06   1.9226074e+01
   3.0594340e+06   1.4587402e+01
   3.0594800e+06   1.4404297e+01
   3.0596150e+06   1.4099121e+01
   3.0599970e+06   1.5686035e+01
   3.0603930e+06   1.8676758e+01
   3.1538080e+06   4.1320801e+01
   3.1538210e+06   2.0507812e+01
   3.1538380e+06   2.0507812e+01
   3.1538510e+06   4.2724609e+01
   3.1538780e+06   2.7648926e+01
   3.1538990e+06   1.5625000e+01
   3.1539110e+06   3.5339355e+01
   3.1539350e+06   1.5869141e+01
   3.1539490e+06   7.4645996e+01
   3.1539700e+06   3.2531738e+01
   3.1539890e+06   1.8371582e+01
   3.1540000e+06   1.8981934e+01
   3.1540220e+06   3.0883789e+01
   3.1540460e+06   3.6804199e+01
   3.1540730e+06   1.4038086e+01
   3.1540870e+06   2.3803711e+01
   3.1541250e+06   1.7395020e+01
   3.1541430e+06   2.0568848e+01
   3.1541570e+06   1.6296387e+01
   3.1541720e+06   1.6479492e+01
   3.1542090e+06   1.5258789e+01
   3.1542320e+06   1.4282227e+01
   3.1542510e+06   1.5502930e+01
   3.1542930e+06   1.7089844e+01
   3.1543130e+06   1.5502930e+01
   3.1543290e+06   1.7211914e+01
   3.1543500e+06   1.7639160e+01
   3.1544000e+06   1.7028809e+01
   3.1544380e+06   1.5319824e+01
   3.1544630e+06   1.8493652e+01
   3.1545180e+06   1.5991211e+01
   3.1545630e+06   1.5258789e+01
   3.1545830e+06   1.6052246e+01
   3.1546480e+06   1.6967773e+01
   3.1546700e+06   1.4770508e+01
   3.1546840e+06   1.8554688e+01
   3.1547600e+06   1.8005371e+01
   3.1547920e+06   1.3732910e+01
   3.1548220e+06   2.1118164e+01
   3.1548800e+06   2.0629883e+01
   3.1549490e+06   2.5451660e+01
   3.1549720e+06   1.6784668e+01
   3.1550000e+06   2.2827148e+01
   3.1550450e+06   1.5930176e+01
   3.1550840e+06   2.1606445e+01
   3.1551480e+06   2.4597168e+01
   3.1552120e+06   2.2949219e+01
   3.1552790e+06   1.7944336e+01
   3.1553450e+06   1.9775391e+01
   3.1554140e+06   2.0080566e+01
   3.1554840e+06   2.1972656e+01
   3.1555540e+06   2.4658203e+01
   3.1556260e+06   2.0996094e+01
   3.1556990e+06   2.5146484e+01
   3.1557670e+06   2.3559570e+01
   3.1558430e+06   2.3254395e+01
   3.1559210e+06   2.1911621e+01
   3.1559950e+06   2.1362305e+01
   3.1560730e+06   2.3132324e+01
   3.1561510e+06   2.0935059e+01
   3.1562300e+06   1.9287109e+01
   3.1563130e+06   2.2766113e+01
   3.1563950e+06   2.1850586e+01
   3.1564830e+06   2.2155762e+01
   3.1565750e+06   2.4841309e+01
   3.1566630e+06   2.0751953e+01
   3.1567590e+06   1.8798828e+01
   3.1568500e+06   2.1423340e+01
   3.1569340e+06   2.5146484e+01
   3.1570250e+06   2.2521973e+01
   3.1571190e+06   1.4648438e+01
   3.1572180e+06   2.2277832e+01
   3.1573160e+06   2.0019531e+01
   3.1574210e+06   2.1606445e+01
   3.1575220e+06   2.4230957e+01
   3.1576220e+06   2.1118164e+01
   3.1577310e+06   1.6662598e+01
   3.1578340e+06   2.4780273e+01
   3.1579440e+06   1.9958496e+01
   3.1580600e+06   2.1850586e+01
   3.1581860e+06   2.4230957e+01
   3.1583070e+06   2.3132324e+01
   3.1584280e+06   2.3559570e+01
   3.1585530e+06   2.3559570e+01
   3.1586930e+06   2.2644043e+01
   3.1588320e+06   2.4353027e+01
   3.1589760e+06   2.1484375e+01
   3.1591160e+06   2.1057129e+01
   3.1592870e+06   2.1972656e+01
   3.1594740e+06   2.1545410e+01
   3.1596490e+06   2.2033691e+01
   3.1598340e+06   2.4902344e+01
   3.1600530e+06   2.0935059e+01
   3.1720290e+06   1.4465332e+01
   3.1830480e+06   1.3793945e+01
   3.2547400e+06   3.1433105e+01
   3.2548040e+06   1.3977051e+01
   3.2548830e+06   1.7211914e+01
   3.2549380e+06   1.4831543e+01
   3.2549650e+06   2.4536133e+01
   3.2550030e+06   2.0263672e+01
   3.2550140e+06   1.9165039e+01
   3.2550830e+06   2.9174805e+01
   3.2551000e+06   1.5319824e+01
   3.2551260e+06   1.8493652e+01
   3.2551870e+06   1.5258789e+01
   3.2552090e+06   1.9897461e+01
   3.2552390e+06   1.3549805e+01
   3.2552490e+06   2.2705078e+01
   3.2552600e+06   2.1545410e+01
   3.2553080e+06   1.6845703e+01
   3.2553680e+06   3.7780762e+01
   3.2553880e+06   1.7028809e+01
   3.2554070e+06   1.4770508e+01
   3.2554240e+06   1.7456055e+01
   3.2554700e+06   2.0812988e+01
   3.2554970e+06   1.9287109e+01
   3.2555250e+06   1.7272949e+01
   3.2555640e+06   2.1606445e+01
   3.2555790e+06   2.3132324e+01
   3.2556210e+06   1.6235352e+01
   3.2556630e+06   2.5756836e+01
   3.2556900e+06   1.3549805e+01
   3.2557590e+06   2.8869629e+01
   3.2557800e+06   1.4160156e+01
   3.2558630e+06   2.1057129e+01
   3.2559040e+06   1.3793945e+01
   3.2559920e+06   2.8076172e+01
   3.2561270e+06   2.8015137e+01
   3.2562620e+06   2.6611328e+01
   3.2564440e+06   2.5573730e+01
   3.2566730e+06   2.4536133e+01
   3.3357510e+06   1.7883301e+01
   3.3360530e+06   1.6113281e+01
   3.3536240e+06   1.4587402e+01
   3.4296470e+06   1.3916016e+01
   3.4298570e+06   1.6357422e+01
   3.4299630e+06   1.3732910e+01
   3.4301040e+06   1.3854980e+01
   3.4301490e+06   1.8005371e+01
   3.4302730e+06   1.5319824e+01
   3.4302880e+06   1.3610840e+01
   3.4303750e+06   1.4709473e+01
   3.4303980e+06   1.4648438e+01
   3.4304260e+06   1.5930176e+01
   3.4304660e+06   1.3610840e+01
   3.4305240e+06   1.4953613e+01
   3.4305430e+06   1.6967773e+01
   3.4593230e+06   2.0874023e+01
   3.4594570e+06   1.6418457e+01
   3.4594990e+06   1.3732910e+01
   3.5417630e+06   1.3916016e+01
   3.5418020e+06   3.2348633e+01
   3.5418320e+06   3.0151367e+01
   3.5418580e+06   2.5390625e+01
   3.5418840e+06   4.1564941e+01
   3.5418940e+06   3.8452148e+01
   3.5419270e+06   2.8381348e+01
   3.5419410e+06   1.8493652e+01
   3.5419510e+06   5.7434082e+01
   3.5419870e+06   2.8747559e+01
   3.5420000e+06   1.8615723e+01
   3.5420120e+06   3.6621094e+01
   3.5420340e+06   1.5075684e+01
   3.5420480e+06   4.8400879e+01
   3.5420730e+06   1.6052246e+01
   3.5420840e+06   3.0639648e+01
   3.5421070e+06   2.0507812e+01
   3.5421290e+06   2.5634766e+01
   3.5421660e+06   3.0151367e+01
   3.5422120e+06   2.1728516e+01
   3.5422270e+06   2.0507812e+01
   3.5422650e+06   1.4526367e+01
   3.5422790e+06   1.3671875e+01
   3.5423070e+06   2.1362305e+01
   3.5423220e+06   1.7517090e+01
   3.5423550e+06   1.3977051e+01
   3.5423940e+06   1.3488770e+01
   3.5425000e+06   2.3010254e+01
   3.5425560e+06   1.9409180e+01
   3.5425940e+06   1.4221191e+01
   3.5426270e+06   1.5136719e+01
   3.5426720e+06   1.9958496e+01
   3.5427360e+06   1.8188477e+01
   3.5427950e+06   1.9958496e+01
   3.5428690e+06   2.1728516e+01
   3.5429280e+06   2.1301270e+01
   3.5429800e+06   1.7700195e+01
   3.5430640e+06   2.0996094e+01
   3.5431360e+06   2.1545410e+01
   3.5431790e+06   1.3793945e+01
   3.5431980e+06   2.0202637e+01
   3.5432640e+06   2.1362305e+01
   3.5433320e+06   1.7517090e+01
   3.5433990e+06   2.1911621e+01
   3.5434750e+06   2.3803711e+01
   3.5435460e+06   2.3437500e+01
   3.5436200e+06   1.8676758e+01
   3.5436920e+06   1.9287109e+01
   3.5437650e+06   2.6245117e+01
   3.5438390e+06   2.1972656e+01
   3.5439120e+06   2.5756836e+01
   3.5439930e+06   2.0141602e+01
   3.5440720e+06   2.8320313e+01
   3.5441510e+06   1.9653320e+01
   3.5442350e+06   2.2827148e+01
   3.5443200e+06   2.1850586e+01
   3.5444080e+06   2.1789551e+01
   3.5444940e+06   2.1789551e+01
   3.5445800e+06   2.2094727e+01
   3.5446700e+06   2.0141602e+01
   3.5447640e+06   2.3193359e+01
   3.5448560e+06   2.4108887e+01
   3.5449510e+06   2.1423340e+01
   3.5450560e+06   2.3803711e+01
   3.5451500e+06   2.2277832e+01
   3.5452520e+06   2.4230957e+01
   3.5453600e+06   2.3010254e+01
   3.5454700e+06   2.3315430e+01
   3.5455790e+06   1.9226074e+01
   3.5456890e+06   1.9348145e+01
   3.5458140e+06   2.3864746e+01
   3.5459460e+06   2.0507812e+01
   3.5460710e+06   2.0874023e+01
   3.5462040e+06   2.0629883e+01
   3.5463280e+06   2.0629883e+01
   3.5464680e+06   2.1606445e+01
   3.5466110e+06   2.2888184e+01
   3.5467750e+06   1.9531250e+01
   3.5469350e+06   2.0874023e+01
   3.5470810e+06   2.5451660e+01
   3.5472840e+06   2.3010254e+01
   3.5474720e+06   2.2033691e+01
   3.6861620e+06   1.4038086e+01
   3.7126570e+06   2.3742676e+01
   3.7127160e+06   1.8188477e+01
   3.7127630e+06   1.4404297e+01
   3.7129090e+06   1.5136719e+01
   3.7799180e+06   1.6296387e+01
   3.7967410e+06   1.6418457e+01
   3.8698810e+06   1.4099121e+01
   3.8698970e+06   1.4038086e+01
   3.8699310e+06   1.6113281e+01
   3.8699620e+06   1.4465332e+01
   3.8700000e+06   1.3671875e+01
   3.8700530e+06   4.1748047e+01
   3.8700940e+06   3.8513184e+01
   3.8701220e+06   3.3447266e+01
   3.8701320e+06   4.4555664e+01
   3.8701500e+06   1.5991211e+01
   3.8701720e+06   3.7292480e+01
   3.8701880e+06   1.4099121e+01
   3.8701990e+06   1.6357422e+01
   3.8702160e+06   4.2846680e+01
   3.8702350e+06   2.5573730e+01
   3.8702570e+06   2.1179199e+01
   3.8702760e+06   3.9916992e+01
   3.8702980e+06   2.2216797e+01
   3.8703190e+06   2.3132324e+01
   3.8703540e+06   1.7822266e+01
   3.8703810e+06   1.9592285e+01
   3.8704020e+06   1.9348145e+01
   3.8704280e+06   1.5441895e+01
   3.8704490e+06   2.4475098e+01
   3.8704730e+06   2.1789551e+01
   3.8704960e+06   2.0935059e+01
   3.8705250e+06   1.9897461e+01
   3.8705380e+06   1.4099121e+01
   3.8705600e+06   1.4221191e+01
   3.8705750e+06   1.5441895e+01
   3.8706270e+06   1.9287109e+01
   3.8706420e+06   1.3916016e+01
   3.8706870e+06   1.6418457e+01
   3.8707060e+06   1.5930176e+01
   3.8707440e+06   1.5625000e+01
   3.8708170e+06   1.3854980e+01
   3.8708680e+06   1.8127441e+01
   3.8709020e+06   1.6052246e+01
   3.8709270e+06   1.6418457e+01
   3.8709640e+06   1.4404297e+01
   3.8709930e+06   1.5869141e+01
   3.8710600e+06   2.0202637e+01
   3.8710740e+06   1.6174316e+01
   3.8711120e+06   2.1484375e+01
   3.8711760e+06   1.8859863e+01
   3.8712330e+06   2.1118164e+01
   3.8712700e+06   1.6967773e+01
   3.8712960e+06   1.4648438e+01
   3.8713180e+06   1.5869141e+01
   3.8713810e+06   1.8554688e+01
   3.8714470e+06   2.1484375e+01
   3.8715160e+06   2.2094727e+01
   3.8715860e+06   2.2277832e+01
   3.8716540e+06   2.4169922e+01
   3.8717240e+06   2.3132324e+01
   3.8717920e+06   2.0263672e+01
   3.8718630e+06   1.9958496e+01
   3.8719340e+06   1.9470215e+01
   3.8720100e+06   2.0874023e+01
   3.8720910e+06   2.5085449e+01
   3.8721750e+06   2.1057129e+01
   3.8722570e+06   2.3376465e+01
   3.8723370e+06   2.4597168e+01
   3.8724240e+06   2.2766113e+01
   3.8725050e+06   2.0812988e+01
   3.8725840e+06   2.2338867e+01
   3.8726670e+06   2.1240234e+01
   3.8727590e+06   2.2766113e+01
   3.8728530e+06   2.2033691e+01
   3.8729450e+06   2.1362305e+01
   3.8730340e+06   2.1545410e+01
   3.8731310e+06   2.0935059e+01
   3.8732310e+06   2.2338867e+01
   3.8733420e+06   2.2827148e+01
   3.8734460e+06   2.3498535e+01
   3.8735690e+06   2.0019531e+01
   3.8736920e+06   2.0812988e+01
   3.8738050e+06   2.5207520e+01
   3.8739200e+06   2.0812988e+01
   3.8740550e+06   2.2521973e+01
   3.8741930e+06   1.8554688e+01
   3.8743300e+06   2.4230957e+01
   3.8744780e+06   2.2949219e+01
   3.8746370e+06   2.2033691e+01
   3.8747970e+06   2.0141602e+01
   3.8749570e+06   2.2094727e+01
   3.8751350e+06   2.2827148e+01
   3.8753250e+06   2.2094727e+01
   3.8755190e+06   2.0935059e+01
   4.0175600e+06   1.5319824e+01
   4.0177670e+06   1.9470215e+01
   4.0178460e+06   1.7517090e+01
   4.0179810e+06   1.3793945e+01
   4.0180130e+06   1.5197754e+01
   4.0181270e+06   1.4648438e+01
   4.0181950e+06   1.4526367e+01
   4.0182420e+06   1.7517090e+01
   4.0182850e+06   1.5686035e+01
   4.0183160e+06   1.5686035e+01
   4.0183440e+06   1.4404297e+01
   4.0184220e+06   1.9470215e+01
   4.0187070e+06   1.4953613e+01
   4.0188800e+06   1.4038086e+01
   4.1128380e+06   1.4892578e+01
   4.1129080e+06   1.4648438e+01
   4.1129330e+06   2.1728516e+01
   4.1129440e+06   3.9794922e+01
   4.1129650e+06   1.4709473e+01
   4.1129880e+06   3.9855957e+01
   4.1130040e+06   3.1799316e+01
   4.1130300e+06   2.5329590e+01
   4.1130430e+06   4.0100098e+01
   4.1130800e+06   3.6621094e+01
   4.1130940e+06   2.6367188e+01
   4.1131090e+06   2.5878906e+01
   4.1131280e+06   1.6296387e+01
   4.1131420e+06   1.5441895e+01
   4.1131760e+06   4.4067383e+01
   4.1132020e+06   1.9958496e+01
   4.1132250e+06   1.4831543e+01
   4.1132420e+06   1.7639160e+01
   4.1132570e+06   1.7211914e+01
   4.1132830e+06   1.4709473e+01
   4.1132990e+06   1.4282227e+01
   4.1133280e+06   2.3864746e+01
   4.1133450e+06   1.5014648e+01
   4.1133680e+06   1.6723633e+01
   4.1133890e+06   2.2460938e+01
   4.1134140e+06   1.4831543e+01
   4.1134250e+06   1.3977051e+01
   4.1134610e+06   1.6174316e+01
   4.1134730e+06   1.3793945e+01
   4.1135140e+06   1.3671875e+01
   4.1135810e+06   1.5869141e+01
   4.1136240e+06   1.6052246e+01
   4.1136880e+06   2.1057129e+01
   4.1137440e+06   1.8554688e+01
   4.1137870e+06   1.7211914e+01
   4.1138560e+06   2.0446777e+01
   4.1139190e+06   1.8005371e+01
   4.1139840e+06   2.2644043e+01
   4.1140430e+06   1.9409180e+01
   4.1141120e+06   1.7700195e+01
   4.1141670e+06   1.3977051e+01
   4.1141790e+06   1.8310547e+01
   4.1142400e+06   2.0263672e+01
   4.1143100e+06   2.0935059e+01
   4.1143770e+06   2.4719238e+01
   4.1144460e+06   1.8737793e+01
   4.1145140e+06   1.8188477e+01
   4.1145830e+06   2.1667480e+01
   4.1146530e+06   2.2583008e+01
   4.1147200e+06   2.2277832e+01
   4.1147930e+06   2.3803711e+01
   4.1148600e+06   1.9409180e+01
   4.1149310e+06   2.3132324e+01
   4.1150040e+06   2.5756836e+01
   4.1150840e+06   2.2521973e+01
   4.1151560e+06   2.5146484e+01
   4.1152340e+06   2.4475098e+01
   4.1153070e+06   2.3620605e+01
   4.1153860e+06   2.3803711e+01
   4.1154740e+06   2.3498535e+01
   4.1155570e+06   1.9714355e+01
   4.1156370e+06   2.0080566e+01
   4.1157190e+06   2.0690918e+01
   4.1158050e+06   2.0751953e+01
   4.1158930e+06   1.5686035e+01
   4.1159850e+06   2.1789551e+01
   4.1160710e+06   1.9348145e+01
   4.1161630e+06   2.2094727e+01
   4.1162610e+06   2.2033691e+01
   4.1163680e+06   2.4108887e+01
   4.1164650e+06   2.2583008e+01
   4.1165680e+06   2.1301270e+01
   4.1166700e+06   2.2521973e+01
   4.1167810e+06   1.7028809e+01
   4.1168850e+06   2.1606445e+01
   4.1170090e+06   2.1972656e+01
   4.1171290e+06   2.2155762e+01
   4.1172530e+06   2.2033691e+01
   4.1173680e+06   1.8798828e+01
   4.1174890e+06   1.7578125e+01
   4.1176200e+06   2.0202637e+01
   4.1177430e+06   1.8310547e+01
   4.1179330e+06   2.3559570e+01
   4.1181070e+06   1.8615723e+01
   4.1182650e+06   2.3559570e+01
   4.1184470e+06   1.7700195e+01
   4.1186000e+06   2.1606445e+01
   4.1187810e+06   2.2399902e+01
   4.1189680e+06   2.3132324e+01
   4.1191860e+06   2.1667480e+01
   4.2908300e+06   1.8310547e+01
   4.2910530e+06   1.4221191e+01
   4.3064630e+06   1.9470215e+01
   4.3114650e+06   1.4404297e+01
   4.3438240e+06   1.3610840e+01
   4.3457620e+06   2.2155762e+01
   4.3458080e+06   1.4587402e+01
   4.3460040e+06   1.5808105e+01
   4.3468920e+06   1.3488770e+01
   4.3472910e+06   1.7089844e+01
   4.4098020e+06   1.3488770e+01
   4.4100490e+06   1.5075684e+01
   4.4100760e+06   1.3549805e+01
   4.4101880e+06   1.3916016e+01
   4.4102160e+06   1.3732910e+01
   4.4102980e+06   1.9897461e+01
   4.4103400e+06   1.7456055e+01
   4.4104010e+06   1.3610840e+01
   4.4104380e+06   1.7578125e+01
   4.4105530e+06   1.4038086e+01
   4.4105690e+06   1.5441895e+01
   4.4781430e+06   1.4892578e+01
   4.4913010e+06   1.3488770e+01
   4.4913720e+06   1.4465332e+01
   4.4913990e+06   1.6540527e+01
   4.4914100e+06   3.0395508e+01
   4.4914360e+06   3.3691406e+01
   4.4914520e+06   3.3874512e+01
   4.4914650e+06   3.0029297e+01
   4.4914760e+06   3.5339355e+01
   4.4914950e+06   2.4597168e+01
   4.4915120e+06   3.2958984e+01
   4.4915350e+06   1.6601562e+01
   4.4915460e+06   2.8442383e+01
   4.4915740e+06   2.0996094e+01
   4.4915870e+06   3.1982422e+01
   4.4916030e+06   2.0629883e+01
   4.4916240e+06   1.3549805e+01
   4.4916390e+06   2.7221680e+01
   4.4916640e+06   2.5390625e+01
   4.4916800e+06   1.8798828e+01
   4.4916920e+06   1.8859863e+01
   4.4917050e+06   1.4709473e+01
   4.4917330e+06   1.8371582e+01
   4.4917760e+06   2.1179199e+01
   4.4918000e+06   1.4709473e+01
   4.4918120e+06   1.4282227e+01
   4.4918590e+06   1.8798828e+01
   4.4919040e+06   1.4526367e+01
   4.4919550e+06   1.5686035e+01
   4.4919930e+06   1.6601562e+01
   4.4920210e+06   1.4709473e+01
   4.4920470e+06   1.7822266e+01
   4.4921030e+06   1.6845703e+01
   4.4921540e+06   2.1789551e+01
   4.4922180e+06   1.5625000e+01
   4.4922710e+06   1.9653320e+01
   4.4923370e+06   1.8249512e+01
   4.4923930e+06   2.1423340e+01
   4.4924640e+06   2.1179199e+01
   4.4925180e+06   2.1789551e+01
   4.4925770e+06   2.1118164e+01
   4.4926380e+06   1.9531250e+01
   4.4926770e+06   1.4587402e+01
   4.4927170e+06   2.1179199e+01
   4.4927840e+06   2.2949219e+01
   4.4928560e+06   2.4658203e+01
   4.4929300e+06   2.0690918e+01
   4.4929980e+06   2.7954102e+01
   4.4930650e+06   2.4475098e+01
   4.4931360e+06   2.1423340e+01
   4.4932100e+06   2.1789551e+01
   4.4932870e+06   2.0080566e+01
   4.4933610e+06   1.8615723e+01
   4.4934380e+06   2.1301270e+01
   4.4935150e+06   1.9165039e+01
   4.4935940e+06   2.5146484e+01
   4.4936800e+06   1.8737793e+01
   4.4937610e+06   2.2521973e+01
   4.4938420e+06   2.2827148e+01
   4.4939280e+06   2.0629883e+01
   4.4940160e+06   2.4475098e+01
   4.4941100e+06   2.0568848e+01
   4.4942010e+06   2.2216797e+01
   4.4942920e+06   2.2216797e+01
   4.4943870e+06   2.2583008e+01
   4.4944810e+06   2.3376465e+01
   4.4945730e+06   1.8493652e+01
   4.4946920e+06   2.2460938e+01
   4.4948040e+06   2.2705078e+01
   4.4949150e+06   2.1667480e+01
   4.4950280e+06   2.1484375e+01
   4.4951430e+06   2.1972656e+01
   4.4952600e+06   2.3132324e+01
   4.4953760e+06   2.1301270e+01
   4.4954850e+06   2.0812988e+01
   4.4956100e+06   2.2949219e+01
   4.4957570e+06   2.2766113e+01
   4.4959070e+06   1.9287109e+01
   4.4960530e+06   2.6123047e+01
   4.4962180e+06   2.5878906e+01
   4.4963840e+06   2.2033691e+01
   4.4965340e+06   2.2766113e+01
   4.4967170e+06   2.3803711e+01
   4.4968900e+06   2.2766113e+01
   4.5241900e+06   1.4709473e+01
   4.6783380e+06   3.9184570e+01
   4.6784030e+06   2.7282715e+01
   4.6789300e+06   2.1606445e+01
   4.6791180e+06   1.6296387e+01
   4.6791360e+06   1.3854980e+01
   4.6791800e+06   1.4770508e+01
   4.6792210e+06   1.6723633e+01
   4.6792710e+06   1.5014648e+01
   4.6793660e+06   1.3732910e+01
   4.6794190e+06   1.9165039e+01
   4.6794520e+06   1.7272949e+01
   4.6795380e+06   1.5014648e+01
   4.6795670e+06   1.4221191e+01
   4.6795800e+06   1.5502930e+01
   4.7331160e+06   1.6113281e+01
   4.7331760e+06   5.0231934e+01
   4.7332080e+06   3.5095215e+01
   4.7332290e+06   1.6967773e+01
   4.7332430e+06   3.0700684e+01
   4.7332610e+06   4.3457031e+01
   4.7332730e+06   3.6315918e+01
   4.7333010e+06   3.2470703e+01
   4.7333190e+06   3.0334473e+01
   4.7333390e+06   3.5888672e+01
   4.7333790e+06   2.1850586e+01
   4.7333980e+06   2.2949219e+01
   4.7334220e+06   2.5451660e+01
   4.7334360e+06   2.2766113e+01
   4.7334690e+06   3.4423828e+01
   4.7334890e+06   1.8188477e+01
   4.7335160e+06   1.7456055e+01
   4.7335320e+06   1.3977051e+01
   4.7335600e+06   1.8371582e+01
   4.7335950e+06   1.4648438e+01
   4.7336360e+06   2.1911621e+01
   4.7336510e+06   1.9470215e+01
   4.7336810e+06   2.0629883e+01
   4.7337030e+06   1.6601562e+01
   4.7337600e+06   1.8127441e+01
   4.7337870e+06   2.1179199e+01
   4.7338220e+06   1.5014648e+01
   4.7338410e+06   1.3549805e+01
   4.7338870e+06   1.6967773e+01
   4.7339280e+06   1.4038086e+01
   4.7339530e+06   1.8127441e+01
   4.7339830e+06   1.3793945e+01
   4.7339990e+06   1.7517090e+01
   4.7340260e+06   1.4587402e+01
   4.7340520e+06   1.8676758e+01
   4.7340840e+06   1.5686035e+01
   4.7341220e+06   2.1972656e+01
   4.7341780e+06   2.2033691e+01
   4.7342440e+06   1.8920898e+01
   4.7342680e+06   1.6113281e+01
   4.7343140e+06   2.4902344e+01
   4.7343680e+06   1.9653320e+01
   4.7344540e+06   2.2766113e+01
   4.7345240e+06   2.0996094e+01
   4.7345910e+06   1.8615723e+01
   4.7346570e+06   2.0141602e+01
   4.7347260e+06   2.1240234e+01
   4.7347940e+06   2.2338867e+01
   4.7348650e+06   1.9897461e+01
   4.7349400e+06   2.2094727e+01
   4.7350130e+06   2.5085449e+01
   4.7350950e+06   2.4353027e+01
   4.7351700e+06   2.0019531e+01
   4.7352460e+06   2.3132324e+01
   4.7353170e+06   1.8554688e+01
   4.7353930e+06   1.8493652e+01
   4.7354760e+06   2.1118164e+01
   4.7355610e+06   2.2216797e+01
   4.7356430e+06   1.9714355e+01
   4.7357260e+06   1.8371582e+01
   4.7358160e+06   2.3986816e+01
   4.7359030e+06   1.7578125e+01
   4.7359980e+06   2.4291992e+01
   4.7360870e+06   2.3376465e+01
   4.7361830e+06   1.6784668e+01
   4.7362750e+06   2.0446777e+01
   4.7363710e+06   2.3315430e+01
   4.7364750e+06   2.2216797e+01
   4.7365760e+06   2.1179199e+01
   4.7366840e+06   2.3559570e+01
   4.7367900e+06   2.0202637e+01
   4.7369060e+06   2.3193359e+01
   4.7370220e+06   2.2766113e+01
   4.7371540e+06   2.1545410e+01
   4.7372790e+06   2.3193359e+01
   4.7374110e+06   2.4108887e+01
   4.7375430e+06   2.0751953e+01
   4.7376870e+06   2.1240234e+01
   4.7378380e+06   2.1240234e+01
   4.7379960e+06   1.9226074e+01
   4.7381640e+06   2.4719238e+01
   4.7383390e+06   2.3315430e+01
   4.7385650e+06   2.5817871e+01
   4.7387780e+06   2.0629883e+01
   4.8390830e+06   1.7150879e+01
   4.8391370e+06   1.7944336e+01
   4.8391860e+06   4.1931152e+01
   4.8392160e+06   1.6296387e+01
   4.8392390e+06   2.4597168e+01
   4.8392600e+06   2.5085449e+01
   4.8392800e+06   3.3752441e+01
   4.8393020e+06   2.4963379e+01
   4.8393260e+06   2.7465820e+01
   4.8393400e+06   3.2043457e+01
   4.8393530e+06   4.9011230e+01
   4.8393860e+06   3.1433105e+01
   4.8394060e+06   1.4099121e+01
   4.8394160e+06   2.5268555e+01
   4.8394310e+06   1.6784668e+01
   4.8394430e+06   2.7221680e+01
   4.8394670e+06   2.0446777e+01
   4.8394860e+06   1.5747070e+01
   4.8395080e+06   1.8798828e+01
   4.8395190e+06   1.7089844e+01
   4.8395340e+06   1.3854980e+01
   4.8395570e+06   2.0446777e+01
   4.8395790e+06   1.3610840e+01
   4.8395910e+06   2.0812988e+01
   4.8396140e+06   1.9409180e+01
   4.8396430e+06   1.7822266e+01
   4.8396760e+06   1.4831543e+01
   4.8396960e+06   1.4648438e+01
   4.8397360e+06   1.8737793e+01
   4.8397530e+06   2.1789551e+01
   4.8397930e+06   2.1057129e+01
   4.8398250e+06   1.5625000e+01
   4.8398610e+06   1.3854980e+01
   4.8398890e+06   1.5197754e+01
   4.8399230e+06   1.8676758e+01
   4.8399570e+06   1.5441895e+01
   4.8400010e+06   2.3864746e+01
   4.8400630e+06   2.0080566e+01
   4.8401120e+06   1.9592285e+01
   4.8401380e+06   1.9714355e+01
   4.8401930e+06   1.8615723e+01
   4.8402730e+06   2.0202637e+01
   4.8403530e+06   2.3071289e+01
   4.8404290e+06   1.6479492e+01
   4.8405030e+06   1.9836426e+01
   4.8405760e+06   1.9714355e+01
   4.8406470e+06   1.9348145e+01
   4.8407180e+06   1.7578125e+01
   4.8407970e+06   2.3315430e+01
   4.8408730e+06   2.2521973e+01
   4.8409610e+06   2.3681641e+01
   4.8410510e+06   2.1057129e+01
   4.8411400e+06   2.0080566e+01
   4.8412230e+06   1.9836426e+01
   4.8413100e+06   2.2766113e+01
   4.8413960e+06   2.4536133e+01
   4.8414890e+06   2.3437500e+01
   4.8415890e+06   1.6723633e+01
   4.8416930e+06   1.5258789e+01
   4.8417960e+06   1.8798828e+01
   4.8419020e+06   1.8859863e+01
   4.8420040e+06   2.3437500e+01
   4.8421130e+06   2.3010254e+01
   4.8422270e+06   2.1606445e+01
   4.8423480e+06   1.9958496e+01
   4.8424770e+06   2.2521973e+01
   4.8426190e+06   2.3010254e+01
   4.8427710e+06   2.0935059e+01
   4.8429280e+06   2.1179199e+01
   4.8430770e+06   2.2705078e+01
   4.8432540e+06   2.2888184e+01
   4.8434270e+06   2.1850586e+01
   4.8522600e+06   3.4118652e+01
   4.8595280e+06   1.3977051e+01
   4.9055460e+06   1.8066406e+01
   4.9056110e+06   1.6174316e+01
   4.9056410e+06   1.4221191e+01
   4.9056800e+06   1.3854980e+01
   4.9057060e+06   3.9001465e+01
   4.9057270e+06   2.5634766e+01
   4.9057550e+06   1.5258789e+01
   4.9057920e+06   3.1799316e+01
   4.9058160e+06   1.8493652e+01
   4.9058310e+06   1.3854980e+01
   4.9058710e+06   5.8410645e+01
   4.9058870e+06   2.1179199e+01
   4.9058980e+06   2.6428223e+01
   4.9059280e+06   4.1992188e+01
   4.9059390e+06   2.3010254e+01
   4.9059560e+06   1.8127441e+01
   4.9059670e+06   2.6245117e+01
   4.9060060e+06   3.6437988e+01
   4.9060170e+06   2.0263672e+01
   4.9060510e+06   2.1667480e+01
   4.9060760e+06   4.1076660e+01
   4.9060860e+06   1.7944336e+01
   4.9061180e+06   1.8432617e+01
   4.9061430e+06   1.7272949e+01
   4.9061600e+06   1.6357422e+01
   4.9061810e+06   1.8310547e+01
   4.9062100e+06   2.0874023e+01
   4.9062330e+06   2.6977539e+01
   4.9062480e+06   1.3488770e+01
   4.9062710e+06   1.5991211e+01
   4.9062850e+06   1.6296387e+01
   4.9063040e+06   2.4536133e+01
   4.9063300e+06   1.6479492e+01
   4.9063790e+06   1.4160156e+01
   4.9064040e+06   2.3986816e+01
   4.9064510e+06   1.9104004e+01
   4.9064770e+06   1.9104004e+01
   4.9065070e+06   2.0080566e+01
   4.9065410e+06   1.6845703e+01
   4.9065660e+06   1.4770508e+01
   4.9065810e+06   1.9226074e+01
   4.9066190e+06   1.5625000e+01
   4.9066470e+06   1.9897461e+01
   4.9067180e+06   2.0446777e+01
   4.9067770e+06   2.3620605e+01
   4.9068690e+06   2.1789551e+01
   4.9069430e+06   1.8005371e+01
   4.9070200e+06   1.9165039e+01
   4.9070970e+06   2.7587891e+01
   4.9071780e+06   2.3376465e+01
   4.9072570e+06   2.2033691e+01
   4.9073390e+06   2.3864746e+01
   4.9074210e+06   2.3925781e+01
   4.9075060e+06   2.0812988e+01
   4.9075950e+06   2.1240234e+01
   4.9076820e+06   2.1972656e+01
   4.9077760e+06   2.1667480e+01
   4.9078670e+06   2.4536133e+01
   4.9079740e+06   2.5085449e+01
   4.9080810e+06   2.2338867e+01
   4.9082050e+06   2.3193359e+01
   4.9083200e+06   2.0141602e+01
   4.9084420e+06   2.1179199e+01
   4.9085740e+06   2.2521973e+01
   4.9087010e+06   1.9470215e+01
   4.9088410e+06   2.2949219e+01
   4.9089940e+06   2.0385742e+01
   4.9091560e+06   2.4353027e+01
   4.9093410e+06   2.4963379e+01
   4.9095310e+06   2.2460938e+01
   4.9097540e+06   2.2277832e+01
   4.9099680e+06   2.1911621e+01
   4.9389500e+06   1.4099121e+01
   4.9875400e+06   1.3854980e+01
   5.0298620e+06   1.7211914e+01
   5.0306170e+06   1.7395020e+01
   5.0308400e+06   1.4099121e+01
   5.0310440e+06   1.7700195e+01
   5.1042900e+06   1.5625000e+01
   5.2244460e+06   1.3793945e+01
   5.2250960e+06   2.3071289e+01
   5.2253120e+06   1.9104004e+01
   5.2258280e+06   2.1667480e+01
   5.2266090e+06   1.5869141e+01
   5.3294570e+06   1.4465332e+01
   5.3295080e+06   1.6540527e+01
   5.3295560e+06   1.5319824e+01
   5.3295980e+06   3.0700684e+01
   5.3296220e+06   1.7578125e+01
   5.3296530e+06   1.8493652e+01
   5.3296820e+06   2.5268555e+01
   5.3296980e+06   1.7211914e+01
   5.3297300e+06   3.7292480e+01
   5.3297560e+06   4.9743652e+01
   5.3297700e+06   3.1982422e+01
   5.3298160e+06   4.2480469e+01
   5.3298290e+06   2.4780273e+01
   5.3298680e+06   8.7219238e+01
   5.3298800e+06   4.5959473e+01
   5.3299070e+06   1.5502930e+01
   5.3299360e+06   2.5390625e+01
   5.3299560e+06   1.9592285e+01
   5.3299740e+06   3.5095215e+01
   5.3299920e+06   1.6174316e+01
   5.3300110e+06   2.4475098e+01
   5.3300360e+06   2.6062012e+01
   5.3300690e+06   3.0090332e+01
   5.3301190e+06   2.3864746e+01
   5.3301450e+06   1.6784668e+01
   5.3301630e+06   4.5776367e+01
   5.3301780e+06   1.7395020e+01
   5.3302050e+06   1.6174316e+01
   5.3302260e+06   1.4465332e+01
   5.3302400e+06   3.0151367e+01
   5.3303020e+06   2.0874023e+01
   5.3303500e+06   2.3132324e+01
   5.3303830e+06   1.5014648e+01
   5.3304100e+06   2.1972656e+01
   5.3304980e+06   1.8798828e+01
   5.3305710e+06   2.0019531e+01
   5.3306440e+06   2.2155762e+01
   5.3307220e+06   2.2949219e+01
   5.3308000e+06   2.5390625e+01
   5.3308790e+06   2.5756836e+01
   5.3309570e+06   2.1057129e+01
   5.3310420e+06   2.2094727e+01
   5.3311280e+06   2.3864746e+01
   5.3312130e+06   2.3132324e+01
   5.3313000e+06   2.2705078e+01
   5.3313960e+06   2.2521973e+01
   5.3315010e+06   2.8076172e+01
   5.3316030e+06   2.6062012e+01
   5.3317150e+06   1.9592285e+01
   5.3318380e+06   2.3742676e+01
   5.3319670e+06   2.2521973e+01
   5.3320920e+06   2.4353027e+01
   5.3322320e+06   2.5817871e+01
   5.3323930e+06   2.4780273e+01
   5.3325660e+06   2.6184082e+01
   5.3327330e+06   2.1911621e+01
   5.3328990e+06   2.3071289e+01
   5.3331010e+06   2.3437500e+01
   5.3499650e+06   1.3793945e+01
   5.5449320e+06   2.0629883e+01
   5.6007130e+06   1.3488770e+01
   5.6769160e+06   1.3916016e+01
   5.6770470e+06   1.3610840e+01
   5.6771550e+06   1.3671875e+01
   5.6772000e+06   1.8432617e+01
   5.6772190e+06   2.1606445e+01
   5.6773600e+06   1.3977051e+01
   5.6774700e+06   1.4099121e+01
   5.6775150e+06   1.3488770e+01
   5.6775900e+06   1.7211914e+01
   5.6776490e+06   1.6845703e+01
   5.6779450e+06   1.4587402e+01
   5.6780760e+06   1.5808105e+01
   5.7675810e+06   1.8798828e+01
   5.7676150e+06   2.2216797e+01
   5.7676250e+06   3.6315918e+01
   5.7676710e+06   3.5461426e+01
   5.7676900e+06   3.5827637e+01
   5.7677060e+06   3.3752441e+01
   5.7677160e+06   1.8859863e+01
   5.7677260e+06   2.1789551e+01
   5.7677490e+06   4.3029785e+01
   5.7677730e+06   2.8625488e+01
   5.7677990e+06   1.5930176e+01
   5.7678090e+06   4.0893555e+01
   5.7678280e+06   1.6418457e+01
   5.7678380e+06   2.1484375e+01
   5.7678520e+06   3.1677246e+01
   5.7678910e+06   1.6906738e+01
   5.7679130e+06   1.6296387e+01
   5.7679310e+06   2.1362305e+01
   5.7679770e+06   2.0690918e+01
   5.7680330e+06   2.5085449e+01
   5.7680690e+06   1.5441895e+01
   5.7680840e+06   1.8249512e+01
   5.7681180e+06   1.6601562e+01
   5.7681440e+06   2.2705078e+01
   5.7681620e+06   1.6540527e+01
   5.7683070e+06   2.0568848e+01
   5.7683430e+06   1.4892578e+01
   5.7683700e+06   1.9470215e+01
   5.7684190e+06   1.4587402e+01
   5.7684790e+06   1.7700195e+01
   5.7685290e+06   2.0690918e+01
   5.7685590e+06   1.5930176e+01
   5.7685920e+06   2.0141602e+01
   5.7686550e+06   2.0263672e+01
   5.7687130e+06   2.1789551e+01
   5.7687700e+06   1.9592285e+01
   5.7688310e+06   2.2888184e+01
   5.7688860e+06   2.2705078e+01
   5.7689270e+06   1.6296387e+01
   5.7689520e+06   2.0263672e+01
   5.7690390e+06   2.5451660e+01
   5.7691050e+06   2.2644043e+01
   5.7691720e+06   2.4414062e+01
   5.7692400e+06   1.9958496e+01
   5.7693050e+06   2.3315430e+01
   5.7693700e+06   2.2521973e+01
   5.7694380e+06   2.0568848e+01
   5.7695100e+06   2.4353027e+01
   5.7695780e+06   2.1789551e+01
   5.7696520e+06   1.7578125e+01
   5.7697240e+06   2.2399902e+01
   5.7697950e+06   2.2216797e+01
   5.7698710e+06   2.1240234e+01
   5.7699450e+06   2.1179199e+01
   5.7700210e+06   2.1911621e+01
   5.7700960e+06   2.3986816e+01
   5.7701750e+06   2.7099609e+01
   5.7702530e+06   2.1362305e+01
   5.7703380e+06   2.4230957e+01
   5.7704170e+06   1.6906738e+01
   5.7705040e+06   2.1789551e+01
   5.7705880e+06   2.5024414e+01
   5.7706700e+06   2.3010254e+01
   5.7707630e+06   2.3498535e+01
   5.7708540e+06   2.2583008e+01
   5.7709530e+06   2.0996094e+01
   5.7710390e+06   1.8859863e+01
   5.7711370e+06   1.8615723e+01
   5.7712290e+06   2.4108887e+01
   5.7713260e+06   2.0507812e+01
   5.7714320e+06   2.3071289e+01
   5.7715340e+06   2.2644043e+01
   5.7716370e+06   2.3193359e+01
   5.7717300e+06   1.9226074e+01
   5.7718320e+06   2.3986816e+01
   5.7719410e+06   2.4719238e+01
   5.7720490e+06   1.9714355e+01
   5.7721620e+06   2.1179199e+01
   5.7722840e+06   2.0690918e+01
   5.7723980e+06   2.0263672e+01
   5.7725200e+06   2.1667480e+01
   5.7726530e+06   2.0996094e+01
   5.7727930e+06   2.1972656e+01
   5.7729280e+06   2.0568848e+01
   5.7730820e+06   2.0324707e+01
   5.7732500e+06   2.1057129e+01
   5.7734000e+06   2.4291992e+01
   5.7735630e+06   2.0507812e+01
   5.7737330e+06   2.5085449e+01
   5.7738940e+06   1.7517090e+01
   5.7741090e+06   1.9470215e+01
   5.7877230e+06   3.0334473e+01
   5.9614720e+06   1.9897461e+01
   5.9615550e+06   1.3793945e+01
   5.9616890e+06   1.5686035e+01
   5.9617060e+06   1.9592285e+01
   5.9617380e+06   1.4404297e+01
   5.9617780e+06   1.4160156e+01
   5.9618190e+06   1.4343262e+01
   5.9618880e+06   1.5136719e+01
   5.9619050e+06   1.4526367e+01
   5.9619370e+06   1.3671875e+01
   5.9619820e+06   1.8981934e+01
   5.9620160e+06   1.3671875e+01
   5.9620610e+06   1.5014648e+01
   5.9621010e+06   1.4465332e+01
   5.9621430e+06   1.5686035e+01
   5.9623040e+06   1.4404297e+01
