   5.9990000e+06   0.0000000e+00
   6.1192000e+04   1.7761230e+01
   6.1265000e+04   1.5136719e+01
   6.1277000e+04   3.9367676e+01
   6.1314000e+04   2.2766113e+01
   6.1331000e+04   2.3376465e+01
   6.1342000e+04   1.8371582e+01
   6.1374000e+04   6.6467285e+01
   6.1408000e+04   1.5319824e+01
   6.1418000e+04   2.1240234e+01
   6.1450000e+04   3.9184570e+01
   6.1475000e+04   2.4719238e+01
   6.1503000e+04   3.5034180e+01
   6.1531000e+04   1.8432617e+01
   6.1552000e+04   3.0029297e+01
   6.1570000e+04   3.2531738e+01
   6.1580000e+04   1.4709473e+01
   6.1598000e+04   2.5756836e+01
   6.1639000e+04   3.0273438e+01
   6.1668000e+04   3.4851074e+01
   6.1680000e+04   2.5756836e+01
   6.1703000e+04   1.6296387e+01
   6.1725000e+04   3.1188965e+01
   6.1770000e+04   2.1484375e+01
   6.1780000e+04   2.0812988e+01
   6.1820000e+04   2.9663086e+01
   6.1841000e+04   1.5014648e+01
   6.1872000e+04   2.4658203e+01
   6.1923000e+04   2.3071289e+01
   6.1995000e+04   2.9541016e+01
   1.0096300e+05   2.1850586e+01
   1.0102400e+05   1.4404297e+01
   1.4326500e+05   1.9287109e+01
   1.4330400e+05   1.7822266e+01
   1.4335700e+05   4.1625977e+01
   1.4337400e+05   2.3986816e+01
   1.4339600e+05   3.0151367e+01
   1.4341900e+05   1.5014648e+01
   1.4343100e+05   1.5502930e+01
   1.4344300e+05   2.6794434e+01
   1.4346300e+05   3.7780762e+01
   1.4348100e+05   4.1870117e+01
   1.4349900e+05   1.6845703e+01
   1.4352200e+05   3.7048340e+01
   1.4354200e+05   3.0944824e+01
   1.4357400e+05   2.5024414e+01
   1.4358700e+05   5.7250977e+01
   1.4361900e+05   2.3742676e+01
   1.4363400e+05   3.4912109e+01
   1.4367500e+05   1.6845703e+01
   1.4370100e+05   2.0874023e+01
   1.4371800e+05   2.1911621e+01
   1.4378600e+05   2.2521973e+01
   1.4380200e+05   1.4465332e+01
   1.4383700e+05   2.3864746e+01
   1.4386600e+05   1.5380859e+01
   1.4388300e+05   2.8747559e+01
   1.4393400e+05   2.3742676e+01
   1.4398900e+05   2.5451660e+01
   1.4404000e+05   2.4108887e+01
   1.4415900e+05   1.6113281e+01
   1.5452000e+05   2.1179199e+01
   1.5469000e+05   1.5625000e+01
   1.5483200e+05   1.4099121e+01
   1.5484200e+05   1.6418457e+01
   1.5496700e+05   2.3559570e+01
   1.5507300e+05   1.5014648e+01
   1.5509800e+05   1.6418457e+01
   1.5522000e+05   1.3854980e+01
   1.5523300e+05   1.6723633e+01
   1.5533400e+05   1.8371582e+01
   1.5542600e+05   1.6845703e+01
   1.5547800e+05   1.5136719e+01
   1.5552300e+05   1.5014648e+01
   1.5560900e+05   1.8981934e+01
   1.5565000e+05   1.5197754e+01
   1.5569400e+05   1.5136719e+01
   1.5576100e+05   1.7395020e+01
   1.5579900e+05   1.6906738e+01
   1.5592200e+05   1.6540527e+01
   1.5627400e+05   2.0202637e+01
   1.5650900e+05   1.3854980e+01
   1.5669000e+05   1.8554688e+01
   2.1976800e+05   1.9104004e+01
   3.0305900e+05   1.8920898e+01
   3.0307900e+05   2.9907227e+01
   3.0310600e+05   3.9855957e+01
   3.0312000e+05   2.0446777e+01
   3.0314800e+05   1.5563965e+01
   3.0316000e+05   4.6936035e+01
   3.0318000e+05   7.8918457e+01
   3.0320900e+05   2.8442383e+01
   3.0323400e+05   5.3222656e+01
   3.0324700e+05   2.6428223e+01
   3.0327000e+05   3.5156250e+01
   3.0329400e+05   4.2724609e+01
   3.0331500e+05   1.7272949e+01
   3.0333500e+05   1.5625000e+01
   3.0335400e+05   1.7150879e+01
   3.0336400e+05   1.4038086e+01
   3.0339900e+05   2.3620605e+01
   3.0342700e+05   1.7761230e+01
   3.0344300e+05   1.6052246e+01
   3.0348200e+05   3.0456543e+01
   3.0353200e+05   2.4780273e+01
   3.0357500e+05   2.6367187e+01
   3.0358600e+05   1.5319824e+01
   3.0362300e+05   1.7150879e+01
   3.0366500e+05   3.0944824e+01
   3.9563700e+05   1.5197754e+01
   3.9566900e+05   1.7089844e+01
   3.9570000e+05   1.6723633e+01
   3.9571600e+05   2.1789551e+01
   3.9573700e+05   3.6560059e+01
   3.9574700e+05   1.9287109e+01
   3.9577300e+05   5.9509277e+01
   3.9579000e+05   4.5166016e+01
   3.9581300e+05   1.3977051e+01
   3.9582300e+05   2.8015137e+01
   3.9584400e+05   3.7719727e+01
   3.9586800e+05   1.9226074e+01
   3.9588400e+05   3.7536621e+01
   3.9591300e+05   2.6977539e+01
   3.9592700e+05   2.3559570e+01
   3.9595500e+05   1.5625000e+01
   3.9597200e+05   1.6174316e+01
   3.9599300e+05   1.5686035e+01
   3.9602400e+05   1.4221191e+01
   3.9605700e+05   2.1057129e+01
   3.9608800e+05   1.5014648e+01
   3.9616200e+05   2.7465820e+01
   3.9627400e+05   1.6113281e+01
   3.9633000e+05   1.7456055e+01
   3.9638600e+05   1.7883301e+01
   3.9645200e+05   1.8493652e+01
   3.9654600e+05   1.6235352e+01
   4.9397100e+05   2.0019531e+01
   4.9420000e+05   2.2644043e+01
   4.9438600e+05   1.9104004e+01
   4.9440200e+05   2.5451660e+01
   4.9448300e+05   1.9714355e+01
   4.9449900e+05   2.9174805e+01
   4.9455000e+05   1.7822266e+01
   4.9456000e+05   2.2644043e+01
   4.9458300e+05   1.5991211e+01
   4.9460700e+05   2.5146484e+01
   4.9462700e+05   1.4343262e+01
   4.9467900e+05   1.8981934e+01
   4.9469600e+05   1.4099121e+01
   4.9471900e+05   2.1728516e+01
   4.9488800e+05   1.4526367e+01
   5.9030500e+05   2.0690918e+01
   6.8804200e+05   1.5563965e+01
   6.8809300e+05   3.3142090e+01
   6.8810800e+05   4.8339844e+01
   6.8814900e+05   7.0983887e+01
   6.8816300e+05   4.7851562e+01
   6.8819200e+05   5.5114746e+01
   6.8821100e+05   3.4729004e+01
   6.8823000e+05   2.7282715e+01
   6.8824100e+05   2.3559570e+01
   6.8826300e+05   2.7282715e+01
   6.8828500e+05   2.7526855e+01
   6.8831400e+05   3.4851074e+01
   6.8833300e+05   3.8024902e+01
   6.8835500e+05   2.6306152e+01
   6.8837700e+05   1.5441895e+01
   6.8838800e+05   1.9042969e+01
   6.8843000e+05   2.9968262e+01
   6.8847500e+05   2.3925781e+01
   6.8850400e+05   1.6662598e+01
   6.8855000e+05   1.9104004e+01
   6.8856200e+05   3.4301758e+01
   6.8864400e+05   2.6000977e+01
   6.8866100e+05   1.5380859e+01
   6.8870200e+05   1.8005371e+01
   6.8875600e+05   2.1545410e+01
   6.9962800e+05   1.5502930e+01
   6.9980500e+05   1.7639160e+01
   6.9993300e+05   1.5747070e+01
   7.0005200e+05   1.5014648e+01
   7.0016200e+05   1.7333984e+01
   7.0025500e+05   2.2216797e+01
   7.0029300e+05   1.4343262e+01
   7.0036000e+05   2.0629883e+01
   7.0046000e+05   2.2766113e+01
   7.0052000e+05   1.3977051e+01
   7.0056100e+05   2.5146484e+01
   7.0060800e+05   1.8066406e+01
   7.0063000e+05   1.5930176e+01
   7.0065800e+05   1.5197754e+01
   7.0066800e+05   1.8859863e+01
   7.0070700e+05   1.8310547e+01
   7.0078200e+05   2.3071289e+01
   7.0080900e+05   2.6794434e+01
   7.0082400e+05   1.7456055e+01
   7.0088200e+05   1.4404297e+01
   7.0092100e+05   1.7211914e+01
   7.0105600e+05   1.4343262e+01
   7.0111200e+05   1.4892578e+01
   7.0116600e+05   1.4648438e+01
   7.0120500e+05   1.4831543e+01
   7.0124000e+05   1.4892578e+01
   7.0125400e+05   1.5197754e+01
   7.0127700e+05   1.3916016e+01
   7.0138200e+05   1.3854980e+01
   7.0148000e+05   1.3854980e+01
   7.0162800e+05   1.7456055e+01
   7.0177700e+05   1.7089844e+01
   7.0239200e+05   1.6662598e+01
   8.2360800e+05   1.4526367e+01
   8.2363100e+05   2.3681641e+01
   8.2366200e+05   3.8146973e+01
   8.2367300e+05   2.3742676e+01
   8.2369400e+05   1.9409180e+01
   8.2370500e+05   2.3681641e+01
   8.2372000e+05   2.6062012e+01
   8.2374600e+05   4.6936035e+01
   8.2376800e+05   4.0710449e+01
   8.2378900e+05   2.1606445e+01
   8.2380000e+05   2.8442383e+01
   8.2381900e+05   2.7526855e+01
   8.2384800e+05   2.8137207e+01
   8.2387600e+05   2.1789551e+01
   8.2389200e+05   4.0649414e+01
   8.2391700e+05   2.0874023e+01
   8.2394100e+05   2.2583008e+01
   8.2398200e+05   2.0568848e+01
   8.2400100e+05   1.3916016e+01
   8.2402100e+05   1.3916016e+01
   8.2403300e+05   2.1240234e+01
   8.2405600e+05   1.6113281e+01
   8.2410300e+05   2.4230957e+01
   8.2415000e+05   1.6601562e+01
   8.2419600e+05   2.3864746e+01
   8.2424100e+05   1.8371582e+01
   8.2431400e+05   2.3681641e+01
   8.2438300e+05   2.4658203e+01
   9.1337800e+05   1.8920898e+01
   9.1378000e+05   1.6357422e+01
   9.1395500e+05   1.4343262e+01
   9.1396500e+05   2.2705078e+01
   9.1401900e+05   2.4169922e+01
   9.1408800e+05   1.5625000e+01
   9.1413400e+05   1.6784668e+01
   9.1433800e+05   2.1362305e+01
   9.1462000e+05   1.4343262e+01
   9.7136900e+05   1.8127441e+01
   9.7177300e+05   2.2338867e+01
   1.0243960e+06   1.5991211e+01
   1.0452950e+06   1.7456055e+01
   1.0453280e+06   1.4648438e+01
   1.0457230e+06   1.5075684e+01
   1.1207370e+06   1.4770508e+01
   1.1207830e+06   2.3620605e+01
   1.1207930e+06   2.1423340e+01
   1.1208150e+06   3.7719727e+01
   1.1208550e+06   2.3620605e+01
   1.1208670e+06   2.3315430e+01
   1.1208860e+06   2.1972656e+01
   1.1209090e+06   2.5878906e+01
   1.1209270e+06   1.5136719e+01
   1.1209390e+06   3.0822754e+01
   1.1209660e+06   2.1301270e+01
   1.1209890e+06   3.4423828e+01
   1.1210000e+06   4.9377441e+01
   1.1210300e+06   1.4831543e+01
   1.1210570e+06   1.9592285e+01
   1.1210750e+06   4.7851562e+01
   1.1211140e+06   1.5441895e+01
   1.1211430e+06   1.7395020e+01
   1.1211550e+06   2.1667480e+01
   1.1211720e+06   2.0507812e+01
   1.1211920e+06   2.0324707e+01
   1.1212250e+06   1.5014648e+01
   1.1212360e+06   2.2460937e+01
   1.1212760e+06   2.7832031e+01
   1.1213010e+06   1.8005371e+01
   1.1213320e+06   3.3447266e+01
   1.1213680e+06   2.4780273e+01
   1.1214120e+06   3.8146973e+01
   1.1214550e+06   2.5268555e+01
   1.1215050e+06   1.6540527e+01
   1.1215220e+06   2.0507812e+01
   1.1215870e+06   2.6306152e+01
   1.1215980e+06   1.5686035e+01
   1.1216490e+06   2.3193359e+01
   1.1216990e+06   1.5014648e+01
   1.1707760e+06   2.1545410e+01
   1.1708290e+06   1.4282227e+01
   1.1708910e+06   2.8198242e+01
   1.1709470e+06   1.4038086e+01
   1.1709750e+06   1.7700195e+01
   1.1709910e+06   2.6367187e+01
   1.1710110e+06   1.9409180e+01
   1.1710220e+06   1.7456055e+01
   1.1710560e+06   2.0324707e+01
   1.1710770e+06   2.3132324e+01
   1.1711040e+06   2.8076172e+01
   1.1711330e+06   1.5014648e+01
   1.1711650e+06   3.7109375e+01
   1.1712000e+06   1.5930176e+01
   1.1712220e+06   1.4831543e+01
   1.1712440e+06   2.0202637e+01
   1.1712580e+06   1.9165039e+01
   1.1713240e+06   3.6804199e+01
   1.1713670e+06   2.0141602e+01
   1.1714190e+06   1.4831543e+01
   1.1717020e+06   1.5014648e+01
   1.2295250e+06   1.4587402e+01
   1.2296140e+06   1.8188477e+01
   1.2298460e+06   1.4526367e+01
   1.2299420e+06   2.0324707e+01
   1.2815220e+06   1.9470215e+01
   1.2815370e+06   1.6357422e+01
   1.2815930e+06   1.5991211e+01
   1.2816210e+06   2.3010254e+01
   1.2816500e+06   2.0202637e+01
   1.2816850e+06   3.3508301e+01
   1.2817160e+06   1.6906738e+01
   1.2817320e+06   1.4587402e+01
   1.2817780e+06   1.3854980e+01
   1.2818260e+06   2.6611328e+01
   1.2818520e+06   1.6357422e+01
   1.2819060e+06   1.3854980e+01
   1.2819960e+06   1.7456055e+01
   1.3135030e+06   1.4465332e+01
   1.3545640e+06   2.1606445e+01
   1.3548720e+06   2.1179199e+01
   1.4649400e+06   1.9165039e+01
   1.4651370e+06   1.9531250e+01
   1.4652490e+06   1.3977051e+01
   1.5124050e+06   1.4404297e+01
   1.5124320e+06   2.5512695e+01
   1.5124680e+06   1.8188477e+01
   1.5125270e+06   1.8798828e+01
   1.5125430e+06   1.6357422e+01
   1.5125710e+06   1.4892578e+01
   1.5126110e+06   2.0446777e+01
   1.5126410e+06   1.8554688e+01
   1.5127120e+06   3.0151367e+01
   1.5127280e+06   1.5136719e+01
   1.5127860e+06   1.4648438e+01
   1.5128220e+06   1.6174316e+01
   1.5129280e+06   1.8066406e+01
   1.5130490e+06   2.0935059e+01
   1.6095540e+06   1.5075684e+01
   1.6100140e+06   2.1057129e+01
   1.6100470e+06   2.2888184e+01
   1.6101100e+06   1.8920898e+01
   1.6101310e+06   1.4404297e+01
   1.6101430e+06   2.0202637e+01
   1.6101830e+06   1.3977051e+01
   1.6102050e+06   2.2277832e+01
   1.6102430e+06   1.4709473e+01
   1.6102530e+06   1.4160156e+01
   1.6103070e+06   1.5686035e+01
   1.6103440e+06   2.7954102e+01
   1.6104110e+06   1.9592285e+01
   1.6105270e+06   1.4953613e+01
   1.6106450e+06   2.0080566e+01
   1.6107730e+06   1.6601562e+01
   1.6873680e+06   2.3742676e+01
   1.6874240e+06   1.9042969e+01
   1.6874930e+06   1.8676758e+01
   1.6875050e+06   2.6123047e+01
   1.6875760e+06   1.3854980e+01
   1.6875950e+06   2.7526855e+01
   1.6877050e+06   1.8066406e+01
   1.6877660e+06   1.5319824e+01
   1.6878330e+06   1.4587402e+01
   1.6879270e+06   1.4831543e+01
   1.6880770e+06   1.9958496e+01
   1.7441430e+06   1.6662598e+01
   1.7442170e+06   2.7648926e+01
   1.7442970e+06   1.6296387e+01
   1.7443170e+06   2.1423340e+01
   1.7443560e+06   1.8066406e+01
   1.7444180e+06   1.4892578e+01
   1.7444400e+06   1.4526367e+01
   1.7445380e+06   1.5502930e+01
   1.7445730e+06   2.1545410e+01
   1.7447080e+06   1.9042969e+01
   1.7448620e+06   1.8554688e+01
   1.7864580e+06   1.9470215e+01
   1.7943470e+06   2.1667480e+01
   1.7993850e+06   1.8859863e+01
   1.8200900e+06   1.3916016e+01
   1.8205010e+06   1.8249512e+01
   1.8898200e+06   2.0629883e+01
   1.8904440e+06   1.4038086e+01
   1.9283950e+06   1.6967773e+01
   1.9284140e+06   2.5329590e+01
   1.9284300e+06   3.4179688e+01
   1.9285070e+06   1.7578125e+01
   1.9285170e+06   2.1606445e+01
   1.9285560e+06   2.0874023e+01
   1.9285900e+06   1.5441895e+01
   1.9286100e+06   1.5808105e+01
   1.9286740e+06   1.6113281e+01
   1.9287180e+06   1.7700195e+01
   1.9287520e+06   2.8198242e+01
   1.9288300e+06   1.5869141e+01
   1.9289480e+06   1.6052246e+01
   1.9291720e+06   1.4709473e+01
   2.0760570e+06   1.8615723e+01
   2.0760810e+06   1.3916016e+01
   2.2071710e+06   2.5146484e+01
   2.2072820e+06   1.3854980e+01
   2.2074080e+06   1.7944336e+01
   2.2468210e+06   1.6967773e+01
   2.2468550e+06   2.9479980e+01
   2.2469020e+06   1.6479492e+01
   2.2469220e+06   2.0751953e+01
   2.2469350e+06   3.3264160e+01
   2.2469450e+06   3.6926270e+01
   2.2469590e+06   1.4221191e+01
   2.2469750e+06   1.4404297e+01
   2.2469990e+06   2.6916504e+01
   2.2470190e+06   2.4841309e+01
   2.2470450e+06   2.0812988e+01
   2.2470650e+06   2.0812988e+01
   2.2470880e+06   1.5136719e+01
   2.2471080e+06   2.8015137e+01
   2.2471300e+06   2.0141602e+01
   2.2471480e+06   1.7456055e+01
   2.2471960e+06   1.4831543e+01
   2.2472280e+06   3.8574219e+01
   2.2472400e+06   2.6916504e+01
   2.2472600e+06   1.6296387e+01
   2.2472810e+06   2.8198242e+01
   2.2473120e+06   1.5686035e+01
   2.2473240e+06   5.0781250e+01
   2.2473600e+06   2.8686523e+01
   2.2473750e+06   1.9409180e+01
   2.2474000e+06   2.5451660e+01
   2.2474350e+06   1.4160156e+01
   2.2474680e+06   1.6296387e+01
   2.2474780e+06   3.1921387e+01
   2.2475240e+06   2.3864746e+01
   2.2475660e+06   2.6916504e+01
   2.2475860e+06   3.3020020e+01
   2.2476160e+06   2.0019531e+01
   2.2476610e+06   2.4169922e+01
   2.2477070e+06   3.4423828e+01
   2.2477530e+06   2.0812988e+01
   2.2478030e+06   2.1789551e+01
   2.2478330e+06   1.5319824e+01
   2.3589160e+06   1.7089844e+01
   2.3591300e+06   1.8615723e+01
   2.3592940e+06   1.4892578e+01
   2.4153380e+06   1.7211914e+01
   2.5405810e+06   1.5686035e+01
   2.5576600e+06   1.4099121e+01
   2.5859620e+06   1.4831543e+01
   2.5859930e+06   1.5625000e+01
   2.5860040e+06   3.1311035e+01
   2.5860180e+06   1.9958496e+01
   2.5860440e+06   4.3823242e+01
   2.5860700e+06   3.7963867e+01
   2.5860800e+06   2.3559570e+01
   2.5860920e+06   4.1931152e+01
   2.5861220e+06   5.1696777e+01
   2.5861380e+06   3.1860352e+01
   2.5861600e+06   1.4038086e+01
   2.5861780e+06   2.7099609e+01
   2.5861950e+06   2.8137207e+01
   2.5862240e+06   2.8381348e+01
   2.5862370e+06   3.0578613e+01
   2.5862620e+06   2.2583008e+01
   2.5862860e+06   2.1484375e+01
   2.5863310e+06   2.3132324e+01
   2.5863460e+06   1.7028809e+01
   2.5863560e+06   2.2216797e+01
   2.5864000e+06   3.7292480e+01
   2.5864390e+06   2.4536133e+01
   2.5864700e+06   2.3193359e+01
   2.5864800e+06   2.3925781e+01
   2.5865390e+06   2.1972656e+01
   2.5865630e+06   1.4099121e+01
   2.5865800e+06   1.9042969e+01
   2.5865990e+06   1.7456055e+01
   2.5866250e+06   1.8310547e+01
   2.5867240e+06   2.2033691e+01
   2.5867400e+06   1.4953613e+01
   2.5868340e+06   1.5991211e+01
   2.5869440e+06   1.5502930e+01
   2.5870790e+06   1.7089844e+01
   2.6074440e+06   2.4841309e+01
   2.6077110e+06   3.0029297e+01
   2.6078690e+06   2.2521973e+01
   2.6079980e+06   2.3803711e+01
   2.6081230e+06   1.6479492e+01
   2.6082500e+06   1.5930176e+01
   2.6083850e+06   1.9592285e+01
   2.6085310e+06   2.1850586e+01
   2.6087000e+06   2.0812988e+01
   2.6088800e+06   1.7272949e+01
   2.6090850e+06   2.2216797e+01
   2.6093550e+06   2.1301270e+01
   2.6143020e+06   2.3742676e+01
   2.6165670e+06   2.6611328e+01
   2.6191010e+06   2.1728516e+01
   2.8204820e+06   2.5695801e+01
   2.8205000e+06   1.6479492e+01
   2.8205130e+06   2.1484375e+01
   2.8205280e+06   2.2216797e+01
   2.8205560e+06   1.7333984e+01
   2.8205800e+06   1.4587402e+01
   2.8205900e+06   2.5939941e+01
   2.8206100e+06   1.9348145e+01
   2.8206330e+06   3.8879395e+01
   2.8206770e+06   2.0874023e+01
   2.8206940e+06   3.2165527e+01
   2.8207190e+06   1.7272949e+01
   2.8207460e+06   3.3203125e+01
   2.8207710e+06   3.3813477e+01
   2.8207880e+06   3.0212402e+01
   2.8208060e+06   2.6062012e+01
   2.8208300e+06   1.7822266e+01
   2.8208660e+06   2.2827148e+01
   2.8208870e+06   1.6113281e+01
   2.8209050e+06   2.3254395e+01
   2.8209460e+06   2.0324707e+01
   2.8209610e+06   1.7761230e+01
   2.8209860e+06   4.1259766e+01
   2.8210270e+06   2.1667480e+01
   2.8210370e+06   1.8737793e+01
   2.8210670e+06   2.0202637e+01
   2.8211060e+06   1.7700195e+01
   2.8211290e+06   2.7404785e+01
   2.8211510e+06   1.9836426e+01
   2.8211940e+06   2.2094727e+01
   2.8212460e+06   2.3925781e+01
   2.8212810e+06   2.0019531e+01
   2.8213120e+06   2.0690918e+01
   2.8213520e+06   1.6723633e+01
   2.8214900e+06   1.5502930e+01
   2.9584390e+06   1.8554687e+01
   2.9980510e+06   1.4099121e+01
   2.9995680e+06   1.8615723e+01
   2.9999450e+06   1.6906738e+01
   3.0001860e+06   2.8259277e+01
   3.0002620e+06   1.4648438e+01
   3.0592900e+06   1.8249512e+01
   3.1538560e+06   1.6784668e+01
   3.1538710e+06   2.9113770e+01
   3.1538900e+06   3.7414551e+01
   3.1539010e+06   1.4099121e+01
   3.1539220e+06   1.6784668e+01
   3.1539430e+06   5.7617188e+01
   3.1539600e+06   1.9226074e+01
   3.1539930e+06   4.1809082e+01
   3.1540070e+06   1.4465332e+01
   3.1540460e+06   2.7404785e+01
   3.1540590e+06   1.7333984e+01
   3.1540740e+06   3.4179688e+01
   3.1540950e+06   1.8127441e+01
   3.1541070e+06   2.2277832e+01
   3.1541360e+06   2.7770996e+01
   3.1541480e+06   2.4780273e+01
   3.1541810e+06   1.7456055e+01
   3.1541920e+06   1.9042969e+01
   3.1542150e+06   1.7578125e+01
   3.1542370e+06   2.5939941e+01
   3.1542740e+06   2.0751953e+01
   3.1543190e+06   2.5512695e+01
   3.1543390e+06   1.4526367e+01
   3.1543520e+06   1.4099121e+01
   3.1543970e+06   2.0446777e+01
   3.1544160e+06   3.2714844e+01
   3.1544440e+06   2.4475098e+01
   3.1544860e+06   2.1972656e+01
   3.1545070e+06   1.5258789e+01
   3.1545380e+06   2.3193359e+01
   3.1545810e+06   1.5075684e+01
   3.1546440e+06   2.3315430e+01
   3.2546810e+06   1.5625000e+01
   3.2548870e+06   2.1057129e+01
   3.2550050e+06   1.4038086e+01
   3.2550390e+06   1.9531250e+01
   3.2550540e+06   2.4047852e+01
   3.2550820e+06   1.5441895e+01
   3.2551300e+06   1.4587402e+01
   3.2551620e+06   3.7292480e+01
   3.2551720e+06   2.3803711e+01
   3.2552130e+06   1.5808105e+01
   3.2552500e+06   2.0141602e+01
   3.2553040e+06   1.8676758e+01
   3.2553190e+06   1.7700195e+01
   3.2553440e+06   2.1118164e+01
   3.2553690e+06   1.8493652e+01
   3.2553990e+06   1.6113281e+01
   3.2554370e+06   2.1728516e+01
   3.2555820e+06   1.4770508e+01
   3.2557990e+06   1.6540527e+01
   3.2558250e+06   1.4709473e+01
   3.4300510e+06   2.8137207e+01
   3.4302650e+06   1.6784668e+01
   3.4304480e+06   1.5991211e+01
   3.4305010e+06   2.1179199e+01
   3.4306100e+06   1.9531250e+01
   3.5418520e+06   2.9113770e+01
   3.5418800e+06   3.2287598e+01
   3.5418940e+06   1.6540527e+01
   3.5419190e+06   6.3232422e+01
   3.5419430e+06   2.3315430e+01
   3.5419660e+06   5.2490234e+01
   3.5419790e+06   3.8513184e+01
   3.5420030e+06   2.8503418e+01
   3.5420270e+06   2.1667480e+01
   3.5420390e+06   3.0639648e+01
   3.5420710e+06   2.0996094e+01
   3.5420880e+06   2.6000977e+01
   3.5421080e+06   2.1911621e+01
   3.5421420e+06   2.4780273e+01
   3.5421520e+06   2.8564453e+01
   3.5421730e+06   4.0893555e+01
   3.5422010e+06   1.5258789e+01
   3.5422260e+06   3.3752441e+01
   3.5422660e+06   2.4475098e+01
   3.5423080e+06   2.7343750e+01
   3.5423490e+06   2.2888184e+01
   3.5423750e+06   2.3620605e+01
   3.5423950e+06   2.6550293e+01
   3.5424630e+06   2.2216797e+01
   3.5424890e+06   1.5258789e+01
   3.5425410e+06   1.4099121e+01
   3.5426920e+06   1.4221191e+01
   3.5427960e+06   1.4770508e+01
   3.5450820e+06   1.4038086e+01
   3.5590130e+06   2.8686523e+01
   3.5592570e+06   2.8015137e+01
   3.5593950e+06   2.6977539e+01
   3.5595040e+06   1.7822266e+01
   3.5596070e+06   1.5869141e+01
   3.5597110e+06   1.9226074e+01
   3.5598210e+06   1.8310547e+01
   3.5599340e+06   1.4038086e+01
   3.5600520e+06   1.5625000e+01
   3.5601680e+06   1.3916016e+01
   3.5602990e+06   1.6052246e+01
   3.5604430e+06   1.8249512e+01
   3.5605890e+06   1.4953613e+01
   3.5607660e+06   1.7944336e+01
   3.5610940e+06   1.8310547e+01
   3.5613140e+06   1.8249512e+01
   3.5616420e+06   1.8615723e+01
   3.5685470e+06   2.4108887e+01
   3.5723950e+06   2.6367188e+01
   3.8700690e+06   1.4343262e+01
   3.8701040e+06   1.5380859e+01
   3.8701160e+06   4.0710449e+01
   3.8701260e+06   3.8208008e+01
   3.8701500e+06   5.7739258e+01
   3.8701720e+06   1.6418457e+01
   3.8701830e+06   3.1127930e+01
   3.8702010e+06   1.5258789e+01
   3.8702130e+06   5.1269531e+01
   3.8702440e+06   2.0507812e+01
   3.8702570e+06   4.9438477e+01
   3.8702780e+06   1.8981934e+01
   3.8703010e+06   3.7902832e+01
   3.8703290e+06   1.5380859e+01
   3.8703540e+06   4.3518066e+01
   3.8703870e+06   1.6479492e+01
   3.8704150e+06   2.8747559e+01
   3.8704550e+06   3.3508301e+01
   3.8704890e+06   2.4841309e+01
   3.8705220e+06   1.9592285e+01
   3.8705610e+06   2.1667480e+01
   3.8705720e+06   2.1240234e+01
   3.8706110e+06   2.5573730e+01
   3.8706300e+06   1.7333984e+01
   3.8706540e+06   1.6418457e+01
   3.8706650e+06   1.7883301e+01
   3.8706980e+06   2.5024414e+01
   3.8707560e+06   3.1860352e+01
   3.8708100e+06   2.2216797e+01
   3.8708610e+06   1.5869141e+01
   3.8709420e+06   1.5197754e+01
   3.8710460e+06   1.7578125e+01
   3.8711740e+06   1.3916016e+01
   4.0179740e+06   2.0324707e+01
   4.0181230e+06   1.4404297e+01
   4.0181860e+06   2.8320312e+01
   4.0183000e+06   1.4465332e+01
   4.0184350e+06   2.7832031e+01
   4.0184520e+06   1.7272949e+01
   4.0186170e+06   1.7761230e+01
   4.1129830e+06   2.7832031e+01
   4.1129990e+06   4.2968750e+01
   4.1130150e+06   6.1096191e+01
   4.1130430e+06   2.4536133e+01
   4.1130610e+06   5.2185059e+01
   4.1130880e+06   7.2265625e+01
   4.1131000e+06   2.2277832e+01
   4.1131200e+06   5.5908203e+01
   4.1131390e+06   2.9907227e+01
   4.1131640e+06   2.6367188e+01
   4.1131740e+06   4.5776367e+01
   4.1132000e+06   1.8127441e+01
   4.1132200e+06   2.3254395e+01
   4.1132500e+06   2.3803711e+01
   4.1132620e+06   2.5268555e+01
   4.1132980e+06   1.9592285e+01
   4.1133100e+06   1.3854980e+01
   4.1133320e+06   2.1179199e+01
   4.1133560e+06   2.5390625e+01
   4.1133700e+06   2.3803711e+01
   4.1134090e+06   2.1240234e+01
   4.1134300e+06   1.7211914e+01
   4.1134500e+06   2.1118164e+01
   4.1135040e+06   2.2766113e+01
   4.1135480e+06   1.7456055e+01
   4.1136010e+06   2.2338867e+01
   4.1136510e+06   1.7150879e+01
   4.1137050e+06   1.5014648e+01
   4.1137580e+06   2.2521973e+01
   4.1138060e+06   1.4648438e+01
   4.2911910e+06   1.9958496e+01
   4.3119480e+06   1.7395020e+01
   4.3121310e+06   2.9968262e+01
   4.3459320e+06   1.6540527e+01
   4.3535910e+06   1.3793945e+01
   4.4103110e+06   1.7822266e+01
   4.4106880e+06   1.8249512e+01
   4.4914440e+06   2.1362305e+01
   4.4914680e+06   5.0170898e+01
   4.4915030e+06   5.8593750e+01
   4.4915160e+06   4.4494629e+01
   4.4915390e+06   1.6906738e+01
   4.4915590e+06   6.5185547e+01
   4.4915740e+06   2.8015137e+01
   4.4915930e+06   3.6254883e+01
   4.4916090e+06   2.6123047e+01
   4.4916440e+06   2.5390625e+01
   4.4916700e+06   1.9165039e+01
   4.4916890e+06   3.3813477e+01
   4.4917110e+06   1.9165039e+01
   4.4917320e+06   2.9541016e+01
   4.4917500e+06   1.9165039e+01
   4.4917650e+06   2.3742676e+01
   4.4917940e+06   1.4526367e+01
   4.4918090e+06   3.1005859e+01
   4.4918430e+06   1.6357422e+01
   4.4918850e+06   2.6733398e+01
   4.4919030e+06   1.8615723e+01
   4.4919230e+06   2.2644043e+01
   4.4919480e+06   2.2094727e+01
   4.4919710e+06   2.0751953e+01
   4.4919850e+06   1.4831543e+01
   4.4920150e+06   1.5563965e+01
   4.4920610e+06   1.6296387e+01
   4.4920820e+06   1.5197754e+01
   4.4921190e+06   2.3315430e+01
   4.4921980e+06   2.1301270e+01
   4.4922740e+06   1.4465332e+01
   4.4923160e+06   1.6235352e+01
   4.4925920e+06   1.4587402e+01
   4.6790300e+06   1.8859863e+01
   4.6791590e+06   1.9104004e+01
   4.6794110e+06   4.0405273e+01
   4.6797220e+06   1.6967773e+01
   4.7331910e+06   1.4587402e+01
   4.7332080e+06   2.3315430e+01
   4.7332300e+06   2.2583008e+01
   4.7332490e+06   6.2133789e+01
   4.7332610e+06   1.8981934e+01
   4.7332790e+06   4.8278809e+01
   4.7332980e+06   2.9113770e+01
   4.7333290e+06   6.9885254e+01
   4.7333400e+06   2.7648926e+01
   4.7333630e+06   1.6723633e+01
   4.7333770e+06   3.1250000e+01
   4.7333930e+06   3.5339355e+01
   4.7334230e+06   2.5146484e+01
   4.7334460e+06   2.8808594e+01
   4.7334600e+06   3.3020020e+01
   4.7334830e+06   1.4587402e+01
   4.7334990e+06   1.6662598e+01
   4.7335260e+06   1.5747070e+01
   4.7335400e+06   2.3803711e+01
   4.7335780e+06   3.0822754e+01
   4.7335990e+06   1.6784668e+01
   4.7336120e+06   2.0507812e+01
   4.7336530e+06   2.9541016e+01
   4.7336770e+06   1.4343262e+01
   4.7336880e+06   1.9836426e+01
   4.7337420e+06   2.6184082e+01
   4.7337820e+06   2.9174805e+01
   4.7338260e+06   2.8198242e+01
   4.7338470e+06   1.8615723e+01
   4.7338700e+06   2.4963379e+01
   4.7339330e+06   2.3071289e+01
   4.7339430e+06   1.5625000e+01
   4.7339830e+06   2.2644043e+01
   4.7340360e+06   2.2705078e+01
   4.7340930e+06   3.4729004e+01
   4.7341570e+06   1.8066406e+01
   4.7342530e+06   1.4099121e+01
   4.8391100e+06   1.3977051e+01
   4.8391560e+06   2.0141602e+01
   4.8391760e+06   1.4038086e+01
   4.8392090e+06   1.6906738e+01
   4.8392250e+06   2.9418945e+01
   4.8392410e+06   2.2766113e+01
   4.8392940e+06   1.6540527e+01
   4.8393100e+06   2.9235840e+01
   4.8393290e+06   1.4526367e+01
   4.8393510e+06   4.3701172e+01
   4.8393640e+06   3.0883789e+01
   4.8393880e+06   5.9753418e+01
   4.8394230e+06   3.7170410e+01
   4.8394470e+06   4.6203613e+01
   4.8394880e+06   1.7761230e+01
   4.8395000e+06   5.4077148e+01
   4.8395340e+06   1.5686035e+01
   4.8395470e+06   1.8066406e+01
   4.8395800e+06   3.3142090e+01
   4.8395910e+06   2.0385742e+01
   4.8396280e+06   2.1911621e+01
   4.8396720e+06   1.7700195e+01
   4.8397200e+06   4.8217773e+01
   4.8397520e+06   1.8432617e+01
   4.8397960e+06   2.5451660e+01
   4.8398450e+06   1.8676758e+01
   4.8398880e+06   2.0874023e+01
   4.8399380e+06   1.5380859e+01
   4.8399890e+06   1.9653320e+01
   4.9056080e+06   1.7578125e+01
   4.9056240e+06   1.4892578e+01
   4.9057160e+06   2.4169922e+01
   4.9057540e+06   1.3977051e+01
   4.9057690e+06   3.1982422e+01
   4.9057880e+06   2.2827148e+01
   4.9057990e+06   1.7883301e+01
   4.9058350e+06   1.8737793e+01
   4.9058530e+06   1.6174316e+01
   4.9058730e+06   2.4230957e+01
   4.9058910e+06   2.1240234e+01
   4.9059200e+06   2.2094727e+01
   4.9059400e+06   2.7404785e+01
   4.9059680e+06   2.2888184e+01
   4.9060040e+06   2.5878906e+01
   4.9060210e+06   2.3925781e+01
   4.9060340e+06   4.7119141e+01
   4.9060700e+06   3.3325195e+01
   4.9061130e+06   1.5930176e+01
   4.9061320e+06   1.3854980e+01
   4.9061630e+06   2.6245117e+01
   4.9061730e+06   1.6357422e+01
   4.9062120e+06   2.0629883e+01
   4.9062580e+06   2.6062012e+01
   4.9063000e+06   1.6906738e+01
   4.9063300e+06   1.4831543e+01
   4.9063470e+06   2.5512695e+01
   4.9063940e+06   2.1240234e+01
   4.9064260e+06   1.5319824e+01
   4.9064450e+06   1.8798828e+01
   4.9064970e+06   2.4475098e+01
   4.9065480e+06   1.9348145e+01
   4.9066090e+06   2.2949219e+01
   4.9066690e+06   2.0568848e+01
   4.9067070e+06   1.5991211e+01
   4.9067300e+06   1.9409180e+01
   4.9068020e+06   2.2399902e+01
   4.9068710e+06   2.5024414e+01
   4.9069450e+06   2.7038574e+01
   5.0308630e+06   1.7517090e+01
   5.2250680e+06   1.3854980e+01
   5.3295650e+06   1.8005371e+01
   5.3295970e+06   1.4404297e+01
   5.3296230e+06   2.4963379e+01
   5.3296570e+06   2.5451660e+01
   5.3296720e+06   3.7536621e+01
   5.3296940e+06   2.0141602e+01
   5.3297080e+06   1.3793945e+01
   5.3297330e+06   1.4465332e+01
   5.3297510e+06   1.4587402e+01
   5.3297610e+06   3.7841797e+01
   5.3297750e+06   2.3193359e+01
   5.3297990e+06   2.3925781e+01
   5.3298220e+06   3.2531738e+01
   5.3298330e+06   3.2775879e+01
   5.3298500e+06   2.7221680e+01
   5.3298990e+06   1.7395020e+01
   5.3299130e+06   1.5136719e+01
   5.3299440e+06   2.9846191e+01
   5.3299730e+06   2.2033691e+01
   5.3300630e+06   1.7944336e+01
   5.3300870e+06   2.1057129e+01
   5.3301310e+06   1.8310547e+01
   5.3301490e+06   1.4221191e+01
   5.3302240e+06   1.8066406e+01
   5.3302880e+06   3.2287598e+01
   5.3303220e+06   1.8066406e+01
   5.3304300e+06   2.2216797e+01
   5.3305290e+06   1.4404297e+01
   5.3306170e+06   1.8615723e+01
   5.3307660e+06   1.7761230e+01
   5.3309120e+06   1.4404297e+01
   5.3322100e+06   3.4362793e+01
   5.3322830e+06   3.6926270e+01
   5.3323490e+06   3.3996582e+01
   5.3324140e+06   3.1494141e+01
   5.3324770e+06   3.1005859e+01
   5.3325430e+06   2.8381348e+01
   5.3326080e+06   2.8686523e+01
   5.3326850e+06   3.4790039e+01
   5.3327610e+06   3.1555176e+01
   5.3328450e+06   3.4301758e+01
   5.3329240e+06   3.0700684e+01
   5.3330270e+06   2.7709961e+01
   5.6771640e+06   1.7395020e+01
   5.6772120e+06   1.5930176e+01
   5.6773690e+06   1.5441895e+01
   5.7676160e+06   1.6479492e+01
   5.7676460e+06   3.2775879e+01
   5.7676720e+06   3.1616211e+01
   5.7676840e+06   3.2897949e+01
   5.7677060e+06   5.3222656e+01
   5.7677260e+06   3.1311035e+01
   5.7677530e+06   6.2316895e+01
   5.7677720e+06   2.7526855e+01
   5.7677970e+06   3.3996582e+01
   5.7678070e+06   4.2785645e+01
   5.7678350e+06   1.6357422e+01
   5.7678460e+06   2.6977539e+01
   5.7678690e+06   4.4311523e+01
   5.7678820e+06   2.9785156e+01
   5.7678980e+06   2.0202637e+01
   5.7679150e+06   3.4362793e+01
   5.7679330e+06   1.8554688e+01
   5.7679530e+06   1.9470215e+01
   5.7679740e+06   1.6174316e+01
   5.7679960e+06   2.6916504e+01
   5.7680320e+06   2.3254395e+01
   5.7680660e+06   1.9470215e+01
   5.7680890e+06   1.4221191e+01
   5.7681090e+06   1.8249512e+01
   5.7681230e+06   1.4770508e+01
   5.7681520e+06   2.4230957e+01
   5.7681760e+06   1.7822266e+01
   5.7682040e+06   1.8249512e+01
   5.7682510e+06   1.6601562e+01
   5.7682680e+06   1.7395020e+01
   5.7682990e+06   2.0324707e+01
   5.7683620e+06   3.2226562e+01
   5.7684110e+06   1.6357422e+01
   5.7684840e+06   2.5939941e+01
   5.7685390e+06   1.6357422e+01
   5.7710410e+06   1.5747070e+01
   5.9616710e+06   2.2460938e+01
   5.9618070e+06   1.4587402e+01
   5.9618410e+06   1.8920898e+01
   5.9619770e+06   1.5625000e+01
   5.9619990e+06   2.0385742e+01
   5.9620260e+06   2.1911621e+01
   5.9621300e+06   1.3916016e+01
   5.9622740e+06   1.9348145e+01
