   5.9990000e+06   0.0000000e+00
   1.1089000e+04   2.4841309e+01
   1.1237000e+04   2.3437500e+01
   1.1503000e+04   2.3132324e+01
   5.9941000e+04   2.7526855e+01
   5.9954000e+04   1.8310547e+01
   6.0059000e+04   2.1850586e+01
   6.1442000e+04   2.3742676e+01
   6.1461000e+04   1.6357422e+01
   6.1483000e+04   4.1442871e+01
   6.1498000e+04   1.5502930e+01
   6.1511000e+04   2.0324707e+01
   6.1524000e+04   4.6997070e+01
   6.1556000e+04   6.0302734e+01
   6.1568000e+04   4.7119141e+01
   6.1604000e+04   1.7578125e+01
   6.1620000e+04   6.1279297e+01
   6.1634000e+04   2.6855469e+01
   6.1677000e+04   5.2001953e+01
   6.1693000e+04   1.4709473e+01
   6.1738000e+04   2.2033691e+01
   6.1755000e+04   2.0751953e+01
   6.1769000e+04   1.5808105e+01
   6.1799000e+04   1.5502930e+01
   6.1812000e+04   2.1545410e+01
   6.1914000e+04   1.6235352e+01
   6.1979000e+04   2.2644043e+01
   6.2044000e+04   1.7272949e+01
   1.4205800e+05   2.7954102e+01
   1.4298100e+05   2.0080566e+01
   1.4301800e+05   1.7089844e+01
   1.4303400e+05   2.2888184e+01
   1.4305200e+05   1.8127441e+01
   1.4310700e+05   2.4047852e+01
   1.4313600e+05   1.9836426e+01
   1.4316700e+05   2.0202637e+01
   1.4318500e+05   1.4953613e+01
   1.4319900e+05   1.8249512e+01
   1.4322400e+05   1.7700195e+01
   1.4325000e+05   1.8432617e+01
   1.4326600e+05   4.4311523e+01
   1.4329500e+05   4.3945312e+01
   1.4331300e+05   1.9226074e+01
   1.4333600e+05   2.6245117e+01
   1.4336600e+05   2.8564453e+01
   1.4337600e+05   1.6601563e+01
   1.4339500e+05   4.2297363e+01
   1.4342400e+05   2.0568848e+01
   1.4345500e+05   1.7089844e+01
   1.4347400e+05   1.7089844e+01
   1.4349500e+05   1.9470215e+01
   1.4353100e+05   1.8493652e+01
   1.4357900e+05   1.7944336e+01
   1.4359500e+05   1.9958496e+01
   1.4365500e+05   1.5380859e+01
   1.4370100e+05   1.5258789e+01
   1.4373400e+05   1.7456055e+01
   1.4379400e+05   1.7456055e+01
   1.5482600e+05   2.1118164e+01
   1.5494500e+05   2.0507812e+01
   1.5502400e+05   2.0751953e+01
   1.5508500e+05   2.0202637e+01
   1.5589600e+05   1.4770508e+01
   1.5652500e+05   1.6357422e+01
   1.5664600e+05   2.8503418e+01
   1.5668100e+05   1.7517090e+01
   1.5675500e+05   2.4230957e+01
   1.5677500e+05   1.5991211e+01
   1.5685200e+05   2.5329590e+01
   1.5688400e+05   1.5930176e+01
   1.5691000e+05   1.5625000e+01
   1.5694400e+05   2.4719238e+01
   1.5704200e+05   1.6845703e+01
   1.5707600e+05   1.8066406e+01
   1.5715800e+05   2.1240234e+01
   1.5725500e+05   1.5991211e+01
   1.5730900e+05   2.4169922e+01
   1.5744600e+05   1.4953613e+01
   1.5750800e+05   1.4770508e+01
   1.5763100e+05   1.9836426e+01
   2.2038900e+05   2.1362305e+01
   2.2046300e+05   2.2277832e+01
   2.6552100e+05   2.3315430e+01
   2.6570400e+05   2.5268555e+01
   2.6583700e+05   2.2827148e+01
   2.8405100e+05   2.0629883e+01
   2.8415900e+05   2.2888184e+01
   2.8453100e+05   2.1362305e+01
   2.8479300e+05   1.6235352e+01
   3.0280300e+05   1.5014648e+01
   3.0283200e+05   3.5644531e+01
   3.0284700e+05   2.0935059e+01
   3.0288000e+05   2.4841309e+01
   3.0291400e+05   2.4169922e+01
   3.0293200e+05   2.1911621e+01
   3.0296100e+05   2.9663086e+01
   3.0297200e+05   1.5869141e+01
   3.0299400e+05   4.5471191e+01
   3.0300700e+05   2.1606445e+01
   3.0302400e+05   1.9958496e+01
   3.0305500e+05   2.3498535e+01
   3.0307200e+05   4.3640137e+01
   3.0308300e+05   1.5197754e+01
   3.0310800e+05   2.3010254e+01
   3.0315700e+05   1.6052246e+01
   3.0316900e+05   1.8737793e+01
   3.0320600e+05   1.7639160e+01
   3.0323000e+05   2.8137207e+01
   3.0334300e+05   1.6052246e+01
   3.0335400e+05   1.5380859e+01
   3.0341900e+05   1.8371582e+01
   3.0349200e+05   1.8127441e+01
   3.5889100e+05   2.2399902e+01
   3.5903000e+05   2.2399902e+01
   3.9544100e+05   1.8737793e+01
   3.9545500e+05   1.6967773e+01
   3.9548800e+05   1.4770508e+01
   3.9549800e+05   2.0385742e+01
   3.9554600e+05   2.1789551e+01
   3.9557500e+05   2.1301270e+01
   3.9560600e+05   5.1696777e+01
   3.9562900e+05   1.8737793e+01
   3.9564000e+05   2.1118164e+01
   3.9568200e+05   2.0263672e+01
   3.9570100e+05   1.9958496e+01
   3.9571800e+05   2.3559570e+01
   3.9576000e+05   1.5869141e+01
   3.9579100e+05   1.5991211e+01
   3.9581400e+05   3.1372070e+01
   3.9584000e+05   1.6296387e+01
   3.9588300e+05   2.0812988e+01
   3.9592900e+05   1.4831543e+01
   3.9595000e+05   2.0690918e+01
   3.9601800e+05   2.1972656e+01
   3.9608900e+05   2.0385742e+01
   3.9616400e+05   1.9531250e+01
   3.9721200e+05   1.4709473e+01
   4.7591300e+05   2.2155762e+01
   4.7688400e+05   2.4841309e+01
   4.9430200e+05   2.3864746e+01
   4.9448400e+05   2.1057129e+01
   4.9451600e+05   1.9531250e+01
   4.9487300e+05   1.6540527e+01
   4.9494100e+05   1.4770508e+01
   4.9498900e+05   2.9602051e+01
   4.9503700e+05   1.8615723e+01
   4.9527600e+05   1.5747070e+01
   5.4421000e+05   2.2888184e+01
   5.4529300e+05   2.7038574e+01
   5.4593500e+05   1.9897461e+01
   5.8988100e+05   2.6733398e+01
   5.8992500e+05   1.4831543e+01
   5.9032900e+05   1.5625000e+01
   6.3804500e+05   2.9907227e+01
   6.3826500e+05   2.6489258e+01
   6.3860200e+05   2.2277832e+01
   6.3870100e+05   1.5136719e+01
   6.5062700e+05   2.1667480e+01
   6.5081000e+05   2.2277832e+01
   6.5112600e+05   1.9531250e+01
   6.8789600e+05   3.0761719e+01
   6.8790900e+05   2.5939941e+01
   6.8793100e+05   1.5014648e+01
   6.8796600e+05   2.6550293e+01
   6.8798100e+05   1.5136719e+01
   6.8799700e+05   5.0292969e+01
   6.8802400e+05   5.1391602e+01
   6.8804100e+05   2.4536133e+01
   6.8807900e+05   2.7954102e+01
   6.8809700e+05   4.0344238e+01
   6.8812200e+05   1.9836426e+01
   6.8814000e+05   1.6906738e+01
   6.8815800e+05   3.5949707e+01
   6.8817400e+05   2.4902344e+01
   6.8822000e+05   1.8310547e+01
   6.8824700e+05   2.0141602e+01
   6.8827300e+05   2.2583008e+01
   6.8828800e+05   1.5686035e+01
   6.8832300e+05   1.5014648e+01
   6.8835500e+05   1.5747070e+01
   6.8839000e+05   1.8066406e+01
   6.8845100e+05   1.5258789e+01
   6.8851200e+05   1.5197754e+01
   6.8858700e+05   2.2888184e+01
   6.8865800e+05   2.0568848e+01
   7.0089700e+05   1.5014648e+01
   7.0090900e+05   2.5390625e+01
   7.0096800e+05   3.3081055e+01
   7.0101300e+05   2.2399902e+01
   7.0104500e+05   2.5024414e+01
   7.0106700e+05   1.8005371e+01
   7.0109100e+05   1.6906738e+01
   7.0112200e+05   1.6174316e+01
   7.0115100e+05   2.1057129e+01
   7.0122400e+05   2.5085449e+01
   7.0129300e+05   1.5686035e+01
   7.0140200e+05   2.4169922e+01
   7.0141400e+05   1.5686035e+01
   7.0149300e+05   1.5014648e+01
   7.0168300e+05   2.6916504e+01
   7.0174100e+05   1.5319824e+01
   7.0233100e+05   2.0935059e+01
   7.9855400e+05   2.2827148e+01
   8.2331400e+05   1.5502930e+01
   8.2340900e+05   1.5258789e+01
   8.2343300e+05   2.2888184e+01
   8.2345100e+05   2.0080566e+01
   8.2346800e+05   2.1118164e+01
   8.2347800e+05   2.6550293e+01
   8.2352000e+05   2.4047852e+01
   8.2353500e+05   1.7211914e+01
   8.2355000e+05   1.7822266e+01
   8.2357800e+05   2.8442383e+01
   8.2359000e+05   2.5878906e+01
   8.2362400e+05   2.6550293e+01
   8.2364100e+05   3.5522461e+01
   8.2366700e+05   2.2338867e+01
   8.2368000e+05   2.1484375e+01
   8.2370800e+05   2.3376465e+01
   8.2375900e+05   1.9348145e+01
   8.2379100e+05   1.7944336e+01
   8.2384100e+05   1.7272949e+01
   8.2389700e+05   2.3498535e+01
   8.2391100e+05   1.5563965e+01
   8.2395300e+05   2.1240234e+01
   8.2401500e+05   1.6967773e+01
   8.2406200e+05   2.0141602e+01
   8.2415300e+05   1.6723633e+01
   9.1293200e+05   3.0700684e+01
   9.1298800e+05   1.6113281e+01
   9.1309000e+05   2.0385742e+01
   9.1335600e+05   1.5319824e+01
   9.6984100e+05   2.4597168e+01
   9.7039900e+05   1.5380859e+01
   9.7051200e+05   1.6113281e+01
   9.7066300e+05   1.5136719e+01
   9.7101500e+05   1.4831543e+01
   9.7112000e+05   2.2766113e+01
   9.7113800e+05   1.7761230e+01
   9.7188600e+05   1.8310547e+01
   1.0438330e+06   2.1301270e+01
   1.0441780e+06   2.2155762e+01
   1.0442400e+06   1.8493652e+01
   1.0442580e+06   2.1789551e+01
   1.0445910e+06   1.8005371e+01
   1.1205570e+06   1.6540527e+01
   1.1205840e+06   1.9165039e+01
   1.1206160e+06   2.6245117e+01
   1.1206340e+06   2.4108887e+01
   1.1206770e+06   5.5908203e+01
   1.1206990e+06   3.1127930e+01
   1.1207300e+06   4.3579102e+01
   1.1207490e+06   5.5603027e+01
   1.1207620e+06   1.8737793e+01
   1.1208030e+06   1.5136719e+01
   1.1208550e+06   2.7954102e+01
   1.1208650e+06   1.7089844e+01
   1.1209060e+06   3.3813477e+01
   1.1209640e+06   2.5146484e+01
   1.1210230e+06   1.7150879e+01
   1.1211170e+06   1.7089844e+01
   1.1700360e+06   2.8564453e+01
   1.1700670e+06   2.2216797e+01
   1.1701930e+06   2.7648926e+01
   1.1704200e+06   2.2521973e+01
   1.1704970e+06   2.1423340e+01
   1.1705090e+06   2.4169922e+01
   1.1705630e+06   1.6845703e+01
   1.1705750e+06   1.5197754e+01
   1.1706230e+06   2.2583008e+01
   1.1706920e+06   1.4953613e+01
   1.1707110e+06   1.6357422e+01
   1.1707500e+06   1.4709473e+01
   1.1707920e+06   1.9104004e+01
   1.1708160e+06   1.6174316e+01
   1.1708410e+06   1.6357422e+01
   1.1708940e+06   1.5869141e+01
   1.1709440e+06   1.5869141e+01
   1.1709790e+06   1.8310547e+01
   1.2280490e+06   2.8198242e+01
   1.2284050e+06   2.4719238e+01
   1.2288970e+06   1.7333984e+01
   1.2812120e+06   1.6113281e+01
   1.2812520e+06   3.2714844e+01
   1.2812920e+06   1.5197754e+01
   1.2813060e+06   4.0100098e+01
   1.2813190e+06   1.6052246e+01
   1.2813330e+06   1.4892578e+01
   1.2813660e+06   2.0446777e+01
   1.2814180e+06   2.5207520e+01
   1.2814490e+06   1.5075684e+01
   1.2814670e+06   2.2766113e+01
   1.2815080e+06   1.4831543e+01
   1.2815520e+06   1.6235352e+01
   1.2815620e+06   1.6540527e+01
   1.2816340e+06   2.3376465e+01
   1.2817240e+06   2.7099609e+01
   1.3535730e+06   2.2521973e+01
   1.3537410e+06   2.5085449e+01
   1.3538320e+06   2.3193359e+01
   1.3538460e+06   2.0874023e+01
   1.3543590e+06   1.5136719e+01
   1.3545500e+06   1.5136719e+01
   1.4637380e+06   2.6672363e+01
   1.4640400e+06   2.1667480e+01
   1.4641600e+06   2.0080566e+01
   1.4641760e+06   1.6235352e+01
   1.4642810e+06   2.5512695e+01
   1.4646110e+06   1.4709473e+01
   1.4648460e+06   1.5197754e+01
   1.5121570e+06   3.3874512e+01
   1.5121680e+06   1.7639160e+01
   1.5122030e+06   4.0771484e+01
   1.5122280e+06   1.6052246e+01
   1.5122550e+06   2.6123047e+01
   1.5122910e+06   2.0690918e+01
   1.5123010e+06   2.3620605e+01
   1.5123320e+06   2.2094727e+01
   1.5123530e+06   2.8808594e+01
   1.5123700e+06   4.3640137e+01
   1.5124050e+06   1.6418457e+01
   1.5124260e+06   1.4892578e+01
   1.5124490e+06   1.8005371e+01
   1.5124620e+06   2.4658203e+01
   1.5124970e+06   1.6357422e+01
   1.5125290e+06   2.1423340e+01
   1.5125880e+06   1.5563965e+01
   1.5126240e+06   1.6296387e+01
   1.6096840e+06   1.5991211e+01
   1.6097260e+06   2.2338867e+01
   1.6097360e+06   2.2583008e+01
   1.6097600e+06   1.5197754e+01
   1.6097800e+06   3.5766602e+01
   1.6098260e+06   2.7587891e+01
   1.6098490e+06   1.8920898e+01
   1.6098680e+06   2.5085449e+01
   1.6099040e+06   1.5380859e+01
   1.6099230e+06   1.7883301e+01
   1.6099380e+06   1.5869141e+01
   1.6099970e+06   2.2277832e+01
   1.6100180e+06   1.5869141e+01
   1.6100490e+06   1.7883301e+01
   1.6100680e+06   1.8371582e+01
   1.6101460e+06   2.2094727e+01
   1.6102100e+06   1.9226074e+01
   1.6102700e+06   1.5380859e+01
   1.6104280e+06   1.5747070e+01
   1.6106970e+06   1.5563965e+01
   1.6110110e+06   1.6052246e+01
   1.6285460e+06   2.8320312e+01
   1.6870930e+06   2.1484375e+01
   1.6871030e+06   3.9367676e+01
   1.6871570e+06   3.0090332e+01
   1.6871750e+06   1.9287109e+01
   1.6872110e+06   1.7456055e+01
   1.6872510e+06   3.1250000e+01
   1.6872710e+06   1.8676758e+01
   1.6873050e+06   1.6296387e+01
   1.6873300e+06   2.1484375e+01
   1.6873560e+06   1.7089844e+01
   1.6873750e+06   2.8564453e+01
   1.6874220e+06   1.4709473e+01
   1.6875190e+06   1.7150879e+01
   1.7437520e+06   1.6662598e+01
   1.7438060e+06   1.8737793e+01
   1.7438440e+06   2.0202637e+01
   1.7438750e+06   1.7883301e+01
   1.7438860e+06   1.5747070e+01
   1.7439110e+06   1.8432617e+01
   1.7439260e+06   2.0568848e+01
   1.7439540e+06   2.3010254e+01
   1.7439710e+06   2.1179199e+01
   1.7440010e+06   2.2216797e+01
   1.7440550e+06   2.2033691e+01
   1.7440710e+06   1.6784668e+01
   1.7442020e+06   1.5502930e+01
   1.7442410e+06   2.5024414e+01
   1.7442640e+06   1.8066406e+01
   1.8005670e+06   4.4555664e+01
   1.8016290e+06   1.5502930e+01
   1.8194130e+06   2.4230957e+01
   1.8195710e+06   2.4353027e+01
   1.8196780e+06   2.5451660e+01
   1.8199930e+06   2.0324707e+01
   1.8202040e+06   1.4892578e+01
   1.8202360e+06   1.9653320e+01
   1.8893080e+06   2.7160645e+01
   1.8894440e+06   1.5991211e+01
   1.8894640e+06   2.4658203e+01
   1.8895960e+06   2.2583008e+01
   1.8896460e+06   1.6479492e+01
   1.8897660e+06   1.7333984e+01
   1.9281050e+06   3.5400391e+01
   1.9281520e+06   3.8574219e+01
   1.9282010e+06   3.4606934e+01
   1.9282200e+06   2.1728516e+01
   1.9282390e+06   3.2043457e+01
   1.9282660e+06   1.5563965e+01
   1.9282820e+06   1.7089844e+01
   1.9282960e+06   2.0324707e+01
   1.9283770e+06   1.4953613e+01
   1.9284070e+06   2.0385742e+01
   1.9284490e+06   2.1911621e+01
   1.9285230e+06   1.6357422e+01
   1.9286070e+06   1.7700195e+01
   1.9287250e+06   1.5625000e+01
   2.0749340e+06   2.5634766e+01
   2.0751560e+06   2.4658203e+01
   2.0752240e+06   2.4047852e+01
   2.0754620e+06   2.3376465e+01
   2.0754880e+06   1.5502930e+01
   2.0756140e+06   2.0019531e+01
   2.2057690e+06   2.0263672e+01
   2.2060140e+06   2.3742676e+01
   2.2063530e+06   1.6357422e+01
   2.2072950e+06   1.6113281e+01
   2.2078940e+06   2.3803711e+01
   2.2470900e+06   2.7099609e+01
   2.2471050e+06   1.7578125e+01
   2.2471270e+06   3.9855957e+01
   2.2471480e+06   5.2124023e+01
   2.2471770e+06   7.1716309e+01
   2.2471880e+06   1.8310547e+01
   2.2472060e+06   2.9052734e+01
   2.2472280e+06   5.2062988e+01
   2.2472550e+06   1.7517090e+01
   2.2472750e+06   5.2124023e+01
   2.2472960e+06   2.3620605e+01
   2.2473490e+06   1.7578125e+01
   2.2473910e+06   1.9897461e+01
   2.2474400e+06   2.0080566e+01
   2.2474890e+06   2.0507812e+01
   2.2475430e+06   1.5747070e+01
   2.2476010e+06   1.5686035e+01
   2.2476520e+06   1.4953613e+01
   2.2477100e+06   1.9409180e+01
   2.2477720e+06   1.6784668e+01
   2.2478330e+06   1.9165039e+01
   2.2478960e+06   1.7517090e+01
   2.3585880e+06   2.0263672e+01
   2.3587170e+06   2.5512695e+01
   2.3590480e+06   2.0507812e+01
   2.3590670e+06   1.4953613e+01
   2.3595560e+06   1.8493652e+01
   2.3600210e+06   1.5747070e+01
   2.4139610e+06   2.2949219e+01
   2.4141720e+06   2.3681641e+01
   2.4143390e+06   2.0507812e+01
   2.4303060e+06   2.6733398e+01
   2.4305520e+06   2.2705078e+01
   2.4308110e+06   2.6245117e+01
   2.4308340e+06   1.5380859e+01
   2.4310910e+06   2.2277832e+01
   2.4317250e+06   1.9042969e+01
   2.4659570e+06   2.3681641e+01
   2.4661860e+06   2.2277832e+01
   2.4664380e+06   2.0935059e+01
   2.5403050e+06   2.6245117e+01
   2.5403610e+06   2.4047852e+01
   2.5404920e+06   2.4414062e+01
   2.5407480e+06   2.0874023e+01
   2.5409110e+06   1.4770508e+01
   2.5411610e+06   1.6479492e+01
   2.5412830e+06   1.5136719e+01
   2.5416700e+06   2.1667480e+01
   2.5857990e+06   2.6672363e+01
   2.5858160e+06   1.9165039e+01
   2.5858370e+06   2.8259277e+01
   2.5858650e+06   2.7587891e+01
   2.5858800e+06   3.5095215e+01
   2.5859200e+06   5.3405762e+01
   2.5859380e+06   3.8024902e+01
   2.5859580e+06   2.8381348e+01
   2.5859730e+06   3.4851074e+01
   2.5860050e+06   3.5888672e+01
   2.5860240e+06   2.6977539e+01
   2.5860470e+06   1.4831543e+01
   2.5860570e+06   3.5522461e+01
   2.5860770e+06   2.6550293e+01
   2.5861210e+06   3.9184570e+01
   2.5861340e+06   1.9042969e+01
   2.5861590e+06   2.1484375e+01
   2.5861770e+06   1.8066406e+01
   2.5862050e+06   4.6813965e+01
   2.5862310e+06   1.6662598e+01
   2.5862600e+06   1.4953613e+01
   2.5862900e+06   1.6174316e+01
   2.5863160e+06   4.5776367e+01
   2.5863430e+06   1.7089844e+01
   2.5863980e+06   2.0385742e+01
   2.5864540e+06   1.4709473e+01
   2.5865070e+06   1.6906738e+01
   2.5865710e+06   1.5197754e+01
   2.7154870e+06   2.3803711e+01
   2.7155200e+06   1.7150879e+01
   2.7156210e+06   2.7160645e+01
   2.7160150e+06   2.3315430e+01
   2.7161220e+06   1.7456055e+01
   2.7394630e+06   2.6000977e+01
   2.7396160e+06   2.6000977e+01
   2.7776310e+06   1.4709473e+01
   2.7883620e+06   2.4353027e+01
   2.7884390e+06   1.5197754e+01
   2.7884660e+06   2.9541016e+01
   2.7886230e+06   2.6000977e+01
   2.8198590e+06   2.4658203e+01
   2.8201760e+06   2.0385742e+01
   2.8202230e+06   2.2583008e+01
   2.8202600e+06   1.7456055e+01
   2.8202830e+06   1.8920898e+01
   2.8203150e+06   2.2338867e+01
   2.8203530e+06   3.4545898e+01
   2.8203780e+06   1.7883301e+01
   2.8203970e+06   1.7150879e+01
   2.8204290e+06   2.0202637e+01
   2.8204540e+06   2.3193359e+01
   2.8204660e+06   1.5258789e+01
   2.8205470e+06   1.8798828e+01
   2.8206120e+06   1.5441895e+01
   2.8206620e+06   1.6052246e+01
   2.8207050e+06   3.0090332e+01
   2.8207790e+06   2.2766113e+01
   2.8208500e+06   1.9287109e+01
   2.8208750e+06   1.6845703e+01
   2.8209230e+06   1.7944336e+01
   2.8210050e+06   2.2766113e+01
   2.8211840e+06   1.6235352e+01
   2.8339520e+06   2.6916504e+01
   2.8524500e+06   5.5236816e+01
   2.9143460e+06   2.7587891e+01
   2.9144460e+06   2.6184082e+01
   2.9313580e+06   2.5024414e+01
   2.9315200e+06   2.3254395e+01
   2.9317640e+06   2.2644043e+01
   2.9581150e+06   2.5085449e+01
   2.9584700e+06   2.6428223e+01
   2.9585350e+06   1.5258789e+01
   2.9591490e+06   2.5451660e+01
   2.9932310e+06   2.1240234e+01
   2.9985750e+06   2.7648926e+01
   2.9986270e+06   2.0568848e+01
   2.9990960e+06   2.0812988e+01
   2.9992760e+06   1.7761230e+01
   3.0000620e+06   1.5258789e+01
   3.0002010e+06   1.7883301e+01
   3.0169600e+06   2.1240234e+01
   3.0171720e+06   2.5329590e+01
   3.0588730e+06   2.3803711e+01
   3.0591600e+06   2.3437500e+01
   3.0599450e+06   1.9104004e+01
   3.0601250e+06   1.6662598e+01
   3.0604120e+06   2.1606445e+01
   3.0609870e+06   1.5075684e+01
   3.1536380e+06   3.6010742e+01
   3.1536520e+06   1.6235352e+01
   3.1536740e+06   1.5380859e+01
   3.1537080e+06   2.9479980e+01
   3.1537210e+06   2.5939941e+01
   3.1537410e+06   2.3437500e+01
   3.1537640e+06   5.8471680e+01
   3.1537820e+06   4.3334961e+01
   3.1538080e+06   2.0629883e+01
   3.1538230e+06   1.7272949e+01
   3.1538450e+06   2.0935059e+01
   3.1538700e+06   2.2033691e+01
   3.1538890e+06   5.0903320e+01
   3.1539270e+06   1.8981934e+01
   3.1539380e+06   1.5197754e+01
   3.1539540e+06   2.0629883e+01
   3.1539790e+06   1.7211914e+01
   3.1540400e+06   1.7456055e+01
   3.1540500e+06   1.7211914e+01
   3.1541030e+06   1.5991211e+01
   3.1541390e+06   1.8615723e+01
   3.1541570e+06   2.0874023e+01
   3.1542180e+06   2.2338867e+01
   3.1542740e+06   2.2949219e+01
   3.1543320e+06   1.7578125e+01
   3.1543980e+06   1.9836426e+01
   3.1545210e+06   1.7944336e+01
   3.1545820e+06   1.5991211e+01
   3.1546510e+06   1.5502930e+01
   3.1568750e+06   1.6601562e+01
   3.2536460e+06   2.5573730e+01
   3.2537470e+06   1.5136719e+01
   3.2538280e+06   2.3315430e+01
   3.2539260e+06   1.6845703e+01
   3.2541710e+06   1.5380859e+01
   3.2544430e+06   1.6052246e+01
   3.2546640e+06   2.7038574e+01
   3.3359510e+06   2.3132324e+01
   3.3359790e+06   1.8981934e+01
   3.3360590e+06   2.6794434e+01
   3.3543770e+06   1.9958496e+01
   3.3543950e+06   2.8930664e+01
   3.3547970e+06   2.7648926e+01
   3.4287690e+06   2.3071289e+01
   3.4288770e+06   2.7587891e+01
   3.4297660e+06   1.8005371e+01
   3.4297870e+06   2.3254395e+01
   3.4302120e+06   1.9470215e+01
   3.4591340e+06   2.7648926e+01
   3.5415930e+06   1.5441895e+01
   3.5416420e+06   3.2531738e+01
   3.5416740e+06   2.1301270e+01
   3.5416870e+06   2.8625488e+01
   3.5417240e+06   1.7761230e+01
   3.5417470e+06   1.6662598e+01
   3.5417580e+06   5.5969238e+01
   3.5417820e+06   1.5625000e+01
   3.5418090e+06   2.5573730e+01
   3.5418250e+06   3.9489746e+01
   3.5418440e+06   2.6733398e+01
   3.5418740e+06   2.3742676e+01
   3.5418860e+06   3.1677246e+01
   3.5418990e+06   4.0100098e+01
   3.5419200e+06   2.3864746e+01
   3.5419400e+06   6.1340332e+01
   3.5419620e+06   1.7883301e+01
   3.5420180e+06   1.9653320e+01
   3.5420500e+06   1.7517090e+01
   3.5420910e+06   1.6906738e+01
   3.5421180e+06   2.2277832e+01
   3.5421480e+06   1.9592285e+01
   3.5421650e+06   1.5075684e+01
   3.5422730e+06   2.3498535e+01
   3.5423300e+06   1.9348145e+01
   3.5423890e+06   1.7272949e+01
   3.5424460e+06   2.0629883e+01
   3.6875000e+06   2.1240234e+01
   3.7124550e+06   2.7648926e+01
   3.7125530e+06   2.7648926e+01
   3.7614900e+06   2.4230957e+01
   3.7615930e+06   2.5146484e+01
   3.7616180e+06   1.8981934e+01
   3.7616520e+06   1.5197754e+01
   3.7783240e+06   2.4597168e+01
   3.7787500e+06   2.0324707e+01
   3.7957200e+06   2.2827148e+01
   3.7960900e+06   2.3315430e+01
   3.8231820e+06   2.6184082e+01
   3.8234320e+06   1.8981934e+01
   3.8234500e+06   2.0141602e+01
   3.8698680e+06   2.7954102e+01
   3.8701810e+06   2.4902344e+01
   3.8702220e+06   6.9885254e+01
   3.8702460e+06   2.9602051e+01
   3.8702670e+06   1.8554688e+01
   3.8702840e+06   2.5573730e+01
   3.8702970e+06   3.9978027e+01
   3.8703150e+06   2.1545410e+01
   3.8703440e+06   3.0090332e+01
   3.8703580e+06   2.6794434e+01
   3.8703770e+06   2.4536133e+01
   3.8704000e+06   2.9418945e+01
   3.8704230e+06   1.9958496e+01
   3.8704680e+06   1.5930176e+01
   3.8704810e+06   3.3874512e+01
   3.8704980e+06   2.0019531e+01
   3.8705810e+06   2.0507812e+01
   3.8706380e+06   1.4892578e+01
   3.8706950e+06   1.7761230e+01
   3.8708680e+06   1.5380859e+01
   4.0170380e+06   2.4963379e+01
   4.0171830e+06   1.8676758e+01
   4.0172070e+06   1.6784668e+01
   4.0172830e+06   1.9714355e+01
   4.0175190e+06   1.9287109e+01
   4.0176430e+06   1.6357422e+01
   4.0177900e+06   1.9348145e+01
   4.0179410e+06   1.4953613e+01
   4.0180400e+06   1.9775391e+01
   4.0180540e+06   2.1179199e+01
   4.0668460e+06   3.1066895e+01
   4.0770920e+06   2.8198242e+01
   4.1127920e+06   2.3742676e+01
   4.1128140e+06   1.5930176e+01
   4.1128320e+06   2.0629883e+01
   4.1128620e+06   3.6437988e+01
   4.1128880e+06   2.0812988e+01
   4.1129000e+06   4.6936035e+01
   4.1129260e+06   1.5930176e+01
   4.1129510e+06   3.7414551e+01
   4.1129690e+06   5.5419922e+01
   4.1129920e+06   1.6418457e+01
   4.1130020e+06   2.6977539e+01
   4.1130190e+06   3.0029297e+01
   4.1130390e+06   1.5930176e+01
   4.1130600e+06   1.5991211e+01
   4.1130800e+06   2.3132324e+01
   4.1131370e+06   1.5625000e+01
   4.1131690e+06   3.2104492e+01
   4.1131820e+06   1.9653320e+01
   4.1132230e+06   2.5756836e+01
   4.1132780e+06   1.6601563e+01
   4.1133400e+06   1.9592285e+01
   4.1133800e+06   1.7761230e+01
   4.1134340e+06   1.8188477e+01
   4.1134980e+06   1.6967773e+01
   4.1135560e+06   1.5319824e+01
   4.1136170e+06   1.7211914e+01
   4.2895110e+06   3.5156250e+01
   4.2907120e+06   2.4047852e+01
   4.3122670e+06   2.3193359e+01
   4.3453020e+06   2.4047852e+01
   4.3453610e+06   1.5075684e+01
   4.3454370e+06   2.4169922e+01
   4.3477990e+06   2.3620605e+01
   4.3478270e+06   3.1311035e+01
   4.3478980e+06   1.5991211e+01
   4.3480640e+06   2.3010254e+01
   4.3481490e+06   1.6235352e+01
   4.3481790e+06   1.7822266e+01
   4.3482810e+06   2.3193359e+01
   4.3483800e+06   1.5014648e+01
   4.4089880e+06   2.4780273e+01
   4.4091230e+06   2.0507812e+01
   4.4091990e+06   1.9104004e+01
   4.4095620e+06   1.8310547e+01
   4.4100170e+06   2.3376465e+01
   4.4786520e+06   1.5136719e+01
   4.4789980e+06   2.3254395e+01
   4.4912240e+06   1.8676758e+01
   4.4912420e+06   4.0588379e+01
   4.4912710e+06   2.1362305e+01
   4.4912930e+06   1.5747070e+01
   4.4913140e+06   2.4780273e+01
   4.4913540e+06   6.4025879e+01
   4.4913640e+06   2.3010254e+01
   4.4913850e+06   3.1555176e+01
   4.4914060e+06   2.7893066e+01
   4.4914230e+06   5.1025391e+01
   4.4914560e+06   1.5808105e+01
   4.4914820e+06   3.6499023e+01
   4.4915400e+06   1.7456055e+01
   4.4915860e+06   4.0893555e+01
   4.4916040e+06   1.6174316e+01
   4.4916430e+06   1.7639160e+01
   4.4916830e+06   1.8676758e+01
   4.4917370e+06   1.7333984e+01
   4.4917910e+06   1.5991211e+01
   4.4918390e+06   1.5991211e+01
   4.4918930e+06   1.8920898e+01
   4.4919510e+06   1.6662598e+01
   4.4919800e+06   1.6418457e+01
   4.4920190e+06   1.6479492e+01
   4.5903680e+06   1.6662598e+01
   4.6779910e+06   2.2216797e+01
   4.6780460e+06   1.7761230e+01
   4.6780910e+06   2.3620605e+01
   4.6785340e+06   1.7639160e+01
   4.6790310e+06   1.5747070e+01
   4.7329790e+06   1.5747070e+01
   4.7330120e+06   3.3325195e+01
   4.7330270e+06   2.3376465e+01
   4.7330460e+06   2.1057129e+01
   4.7330710e+06   1.7456055e+01
   4.7330920e+06   2.6733398e+01
   4.7331260e+06   2.9357910e+01
   4.7331360e+06   4.8706055e+01
   4.7331500e+06   2.3071289e+01
   4.7331610e+06   2.3864746e+01
   4.7331930e+06   3.7963867e+01
   4.7332090e+06   2.1484375e+01
   4.7332370e+06   2.2155762e+01
   4.7332550e+06   3.3691406e+01
   4.7332880e+06   1.8249512e+01
   4.7333160e+06   4.6325684e+01
   4.7333730e+06   1.7272949e+01
   4.7334260e+06   2.0507812e+01
   4.7334780e+06   1.6174316e+01
   4.7334890e+06   1.7700195e+01
   4.7335140e+06   1.7089844e+01
   4.7335310e+06   2.0507812e+01
   4.7335850e+06   2.5512695e+01
   4.7336390e+06   1.8188477e+01
   4.7337600e+06   1.7395020e+01
   4.7338200e+06   2.1423340e+01
   4.7340660e+06   1.8615723e+01
   4.7341120e+06   1.5014648e+01
   4.8384180e+06   1.5930176e+01
   4.8384340e+06   2.5634766e+01
   4.8384870e+06   1.6723633e+01
   4.8388320e+06   2.6123047e+01
   4.8388730e+06   2.0690918e+01
   4.8389050e+06   1.8554688e+01
   4.8389430e+06   3.3935547e+01
   4.8389770e+06   3.1860352e+01
   4.8390090e+06   1.6906738e+01
   4.8390350e+06   1.7517090e+01
   4.8390580e+06   1.6357422e+01
   4.8390800e+06   1.7944336e+01
   4.8391160e+06   2.3803711e+01
   4.8391320e+06   1.6967773e+01
   4.8391460e+06   1.6479492e+01
   4.8391610e+06   1.5991211e+01
   4.8391860e+06   1.7456055e+01
   4.8392140e+06   1.7211914e+01
   4.8392350e+06   1.9531250e+01
   4.8392570e+06   1.5625000e+01
   4.8392820e+06   2.1667480e+01
   4.8392940e+06   1.4953613e+01
   4.8393340e+06   1.6052246e+01
   4.8393450e+06   1.6723633e+01
   4.8393610e+06   1.5258789e+01
   4.8393860e+06   2.5756836e+01
   4.8393990e+06   1.5380859e+01
   4.8394300e+06   1.6418457e+01
   4.8394630e+06   2.9479980e+01
   4.8394950e+06   1.5136719e+01
   4.8395320e+06   1.7333984e+01
   4.8395600e+06   1.8554688e+01
   4.8395840e+06   1.9592285e+01
   4.8395980e+06   2.1789551e+01
   4.8396200e+06   1.6235352e+01
   4.8396640e+06   2.1301270e+01
   4.8397390e+06   2.1789551e+01
   4.8398170e+06   2.2644043e+01
   4.8398980e+06   1.5502930e+01
   4.9040810e+06   3.0883789e+01
   4.9053450e+06   1.8554688e+01
   4.9054290e+06   2.5939941e+01
   4.9054400e+06   1.9165039e+01
   4.9054760e+06   2.3803711e+01
   4.9055080e+06   1.7578125e+01
   4.9055540e+06   2.0263672e+01
   4.9055830e+06   1.6540527e+01
   4.9056300e+06   1.6723633e+01
   4.9056660e+06   1.7028809e+01
   4.9057540e+06   2.8442383e+01
   4.9058320e+06   2.0812988e+01
   4.9059150e+06   1.5563965e+01
   4.9059260e+06   1.9714355e+01
   4.9059720e+06   1.5258789e+01
   4.9060610e+06   1.5441895e+01
   4.9062840e+06   1.6113281e+01
   4.9886850e+06   2.5573730e+01
   5.0282170e+06   1.7639160e+01
   5.0283190e+06   2.2399902e+01
   5.0301830e+06   1.5991211e+01
   5.0303410e+06   2.3132324e+01
   5.0306380e+06   2.3986816e+01
   5.0845630e+06   2.3803711e+01
   5.1027460e+06   1.5808105e+01
   5.1027730e+06   2.4719238e+01
   5.1711170e+06   2.6489258e+01
   5.1712560e+06   2.4169922e+01
   5.2247680e+06   2.7282715e+01
   5.2248490e+06   1.5197754e+01
   5.2257320e+06   1.5625000e+01
   5.2262560e+06   1.5808105e+01
   5.2264950e+06   2.7160645e+01
   5.3298150e+06   3.4057617e+01
   5.3298250e+06   2.2644043e+01
   5.3298470e+06   3.0700684e+01
   5.3298630e+06   2.7709961e+01
   5.3298940e+06   1.5747070e+01
   5.3299060e+06   6.1889648e+01
   5.3299270e+06   1.6296387e+01
   5.3299470e+06   2.7343750e+01
   5.3299750e+06   4.5410156e+01
   5.3299850e+06   2.0935059e+01
   5.3300040e+06   3.5766602e+01
   5.3300260e+06   4.0710449e+01
   5.3300450e+06   2.2399902e+01
   5.3300710e+06   2.4780273e+01
   5.3300860e+06   4.1015625e+01
   5.3301220e+06   1.7517090e+01
   5.3301440e+06   2.2216797e+01
   5.3301720e+06   2.0385742e+01
   5.3302260e+06   1.4953613e+01
   5.3302820e+06   1.5686035e+01
   5.3303310e+06   1.7456055e+01
   5.3303850e+06   1.9348145e+01
   5.3304380e+06   1.7517090e+01
   5.3304950e+06   2.0141602e+01
   5.3305480e+06   1.7761230e+01
   5.3305940e+06   1.7211914e+01
   5.3306640e+06   1.5319824e+01
   5.3307130e+06   1.6601562e+01
   5.3307710e+06   1.7395020e+01
   5.3308050e+06   1.4831543e+01
   5.3308330e+06   1.4831543e+01
   5.3308970e+06   1.6296387e+01
   5.5014780e+06   3.8085938e+01
   5.5306880e+06   2.7587891e+01
   5.5449630e+06   2.7587891e+01
   5.5455390e+06   2.3071289e+01
   5.5729460e+06   1.9714355e+01
   5.5991450e+06   2.3620605e+01
   5.5994120e+06   1.6906738e+01
   5.5994650e+06   2.6184082e+01
   5.6761840e+06   2.6245117e+01
   5.6762380e+06   2.1850586e+01
   5.6762640e+06   1.5075684e+01
   5.6765700e+06   1.7028809e+01
   5.6768810e+06   1.4831543e+01
   5.6770690e+06   2.4658203e+01
   5.7674220e+06   1.5502930e+01
   5.7674440e+06   2.9541016e+01
   5.7674650e+06   1.5991211e+01
   5.7674840e+06   1.6540527e+01
   5.7674970e+06   2.7709961e+01
   5.7675240e+06   2.2338867e+01
   5.7675390e+06   2.1606445e+01
   5.7675610e+06   6.2011719e+01
   5.7675810e+06   1.6479492e+01
   5.7675940e+06   1.6662598e+01
   5.7676250e+06   4.7058105e+01
   5.7676470e+06   1.6357422e+01
   5.7676840e+06   4.1931152e+01
   5.7677110e+06   1.5075684e+01
   5.7677310e+06   1.8188477e+01
   5.7677410e+06   2.8381348e+01
   5.7677600e+06   1.5808105e+01
   5.7677760e+06   2.0202637e+01
   5.7678010e+06   1.5869141e+01
   5.7678110e+06   1.4953613e+01
   5.7678390e+06   3.4973145e+01
   5.7678700e+06   1.8554688e+01
   5.7678970e+06   3.8208008e+01
   5.7679150e+06   2.7587891e+01
   5.7679600e+06   1.7333984e+01
   5.7680130e+06   2.0751953e+01
   5.7680630e+06   1.5075684e+01
   5.7681000e+06   1.8127441e+01
   5.7681620e+06   1.5930176e+01
   5.7682370e+06   1.7272949e+01
   5.7682780e+06   1.9165039e+01
   5.7683340e+06   1.7395020e+01
   5.7683870e+06   1.5502930e+01
   5.7684590e+06   1.5014648e+01
   5.7685140e+06   1.7578125e+01
   5.7685970e+06   1.5686035e+01
   5.9607780e+06   2.3315430e+01
   5.9610380e+06   2.0751953e+01
   5.9612020e+06   1.8493652e+01
   5.9615420e+06   2.8442383e+01
   5.9625710e+06   1.4831543e+01
