   5.9990000e+06   0.0000000e+00
   1.1565000e+04   1.7883301e+01
   1.1807000e+04   1.4038086e+01
   6.1469000e+04   2.6062012e+01
   6.1493000e+04   1.6540527e+01
   6.1513000e+04   1.9104004e+01
   6.1525000e+04   3.1188965e+01
   6.1551000e+04   1.7089844e+01
   6.1571000e+04   1.5625000e+01
   6.1598000e+04   1.9653320e+01
   6.1616000e+04   2.2766113e+01
   6.1667000e+04   1.6174316e+01
   6.1693000e+04   1.8432617e+01
   6.1704000e+04   2.6733398e+01
   6.1733000e+04   1.4587402e+01
   6.1774000e+04   1.4953613e+01
   6.1812000e+04   1.7761230e+01
   6.1964000e+04   2.0507812e+01
   1.4293200e+05   1.6052246e+01
   1.4299600e+05   1.5625000e+01
   1.4303800e+05   1.4953613e+01
   1.4309700e+05   1.4099121e+01
   1.4314200e+05   2.0446777e+01
   1.4315400e+05   1.5930176e+01
   1.4320900e+05   1.7395020e+01
   1.4323000e+05   1.5075684e+01
   1.4325500e+05   2.1301270e+01
   1.4327400e+05   1.6052246e+01
   1.4330300e+05   1.4221191e+01
   1.4331700e+05   1.6418457e+01
   1.4336900e+05   2.4475098e+01
   1.4345800e+05   2.9907227e+01
   1.4351400e+05   1.4221191e+01
   1.4353800e+05   2.8747559e+01
   1.4364400e+05   1.7089844e+01
   1.4366800e+05   2.7343750e+01
   1.5657300e+05   1.5930176e+01
   1.5674400e+05   1.7272949e+01
   1.5693300e+05   1.6601562e+01
   1.5712700e+05   1.6723633e+01
   1.5715900e+05   1.5441895e+01
   1.5733300e+05   1.4038086e+01
   2.2047000e+05   1.4343262e+01
   2.8408400e+05   1.4831543e+01
   3.0285400e+05   1.7822266e+01
   3.0296900e+05   1.3977051e+01
   3.0298500e+05   1.7639160e+01
   3.0304200e+05   1.6479492e+01
   3.0306400e+05   1.9226074e+01
   3.0308100e+05   1.4465332e+01
   3.0314800e+05   2.0141602e+01
   3.0320300e+05   3.2104492e+01
   3.0322800e+05   1.4404297e+01
   3.0327200e+05   1.7578125e+01
   3.0330000e+05   1.4831543e+01
   3.0337400e+05   2.8320312e+01
   3.0340600e+05   1.4038086e+01
   3.9553500e+05   2.0019531e+01
   3.9557500e+05   1.8127441e+01
   3.9560200e+05   2.3376465e+01
   3.9563800e+05   1.4221191e+01
   3.9565300e+05   1.4831543e+01
   3.9570000e+05   1.6052246e+01
   3.9574800e+05   1.4953613e+01
   3.9585800e+05   1.4709473e+01
   3.9588700e+05   2.5268555e+01
   3.9596300e+05   1.4343262e+01
   3.9598900e+05   2.5634766e+01
   4.7685800e+05   1.6174316e+01
   4.9451400e+05   1.5014648e+01
   5.4535100e+05   1.4160156e+01
   5.4536700e+05   1.5441895e+01
   5.8996400e+05   1.4221191e+01
   6.3838400e+05   1.4160156e+01
   6.5068900e+05   1.5014648e+01
   6.5115500e+05   1.4831543e+01
   6.8792600e+05   1.4465332e+01
   6.8794100e+05   2.0080566e+01
   6.8797500e+05   2.7038574e+01
   6.8799400e+05   2.0324707e+01
   6.8804100e+05   1.5319824e+01
   6.8805600e+05   1.7211914e+01
   6.8808500e+05   1.4099121e+01
   6.8811700e+05   2.5390625e+01
   6.8815700e+05   2.6428223e+01
   6.8818300e+05   1.4770508e+01
   6.8822900e+05   1.4709473e+01
   6.8826900e+05   1.9958496e+01
   6.8833100e+05   2.7648926e+01
   7.0094400e+05   1.8249512e+01
   7.0106100e+05   2.4658203e+01
   7.0114200e+05   1.5869141e+01
   7.0122200e+05   1.5869141e+01
   7.0137100e+05   1.6601562e+01
   7.0138900e+05   1.4709473e+01
   7.0145200e+05   1.7517090e+01
   7.0160100e+05   1.7333984e+01
   7.0170000e+05   1.6845703e+01
   7.0189600e+05   1.7028809e+01
   7.0212200e+05   1.4587402e+01
   8.2279700e+05   1.4953613e+01
   8.2337800e+05   1.8005371e+01
   8.2348200e+05   1.5075684e+01
   8.2350600e+05   1.7211914e+01
   8.2353700e+05   2.1240234e+01
   8.2357900e+05   1.5625000e+01
   8.2359200e+05   2.3376465e+01
   8.2366400e+05   2.0874023e+01
   8.2369600e+05   1.4953613e+01
   8.2374000e+05   2.5085449e+01
   8.2377100e+05   2.2094727e+01
   8.2393300e+05   2.9541016e+01
   8.2404700e+05   1.4099121e+01
   9.1142200e+05   1.4221191e+01
   9.1369500e+05   1.5136719e+01
   9.6963200e+05   1.6601562e+01
   9.7109300e+05   1.4770508e+01
   9.7127600e+05   1.9470215e+01
   1.1206420e+06   2.3925781e+01
   1.1206720e+06   1.5197754e+01
   1.1207060e+06   1.8920898e+01
   1.1207550e+06   1.4160156e+01
   1.1207810e+06   1.6296387e+01
   1.1207960e+06   1.7944336e+01
   1.1208250e+06   1.5014648e+01
   1.1208560e+06   1.8737793e+01
   1.1208830e+06   2.1362305e+01
   1.1209080e+06   1.4587402e+01
   1.1210190e+06   1.5197754e+01
   1.1211700e+06   1.4038086e+01
   1.1705030e+06   1.4038086e+01
   1.1705920e+06   2.3071289e+01
   1.1706170e+06   1.6296387e+01
   1.1706970e+06   1.4526367e+01
   1.1707210e+06   1.5441895e+01
   1.1707790e+06   1.6052246e+01
   1.1708920e+06   1.5014648e+01
   1.1711550e+06   1.5869141e+01
   1.1713520e+06   1.5075684e+01
   1.1715250e+06   1.5441895e+01
   1.2282360e+06   1.4587402e+01
   1.2813160e+06   1.6174316e+01
   1.2813640e+06   1.9287109e+01
   1.2813970e+06   1.4892578e+01
   1.2814190e+06   1.4648438e+01
   1.2816430e+06   1.5991211e+01
   1.2821090e+06   1.5808105e+01
   1.3536080e+06   1.4953613e+01
   1.3538550e+06   1.5258789e+01
   1.4642430e+06   1.8737793e+01
   1.5122710e+06   2.2521973e+01
   1.5123450e+06   1.4160156e+01
   1.5123580e+06   1.4648438e+01
   1.5124720e+06   1.7517090e+01
   1.5124830e+06   1.4221191e+01
   1.5127640e+06   1.4770508e+01
   1.6098110e+06   1.5441895e+01
   1.6098580e+06   1.5930176e+01
   1.6098700e+06   2.3132324e+01
   1.6099860e+06   1.7089844e+01
   1.6100830e+06   1.4160156e+01
   1.6102300e+06   1.6906738e+01
   1.6104630e+06   1.4526367e+01
   1.6157420e+06   1.4892578e+01
   1.6285390e+06   1.5014648e+01
   1.6870690e+06   1.4343262e+01
   1.6871260e+06   1.5808105e+01
   1.6871530e+06   1.5197754e+01
   1.6872040e+06   1.5747070e+01
   1.6872790e+06   1.7272949e+01
   1.6873090e+06   2.0080566e+01
   1.6875850e+06   1.4648438e+01
   1.7439500e+06   1.8615723e+01
   1.7439760e+06   1.5869141e+01
   1.7440960e+06   1.5380859e+01
   1.7441300e+06   1.4282227e+01
   1.7446080e+06   1.6174316e+01
   1.9282150e+06   1.4465332e+01
   1.9282390e+06   2.4291992e+01
   1.9282510e+06   1.4343262e+01
   1.9282900e+06   1.5075684e+01
   1.9283310e+06   1.5747070e+01
   1.9283460e+06   1.6174316e+01
   1.9284040e+06   1.4099121e+01
   1.9285170e+06   1.4343262e+01
   1.9286660e+06   1.5136719e+01
   2.2471060e+06   1.7211914e+01
   2.2471190e+06   1.7272949e+01
   2.2471480e+06   1.4404297e+01
   2.2471770e+06   1.4709473e+01
   2.2471870e+06   1.8005371e+01
   2.2472310e+06   1.5991211e+01
   2.2472570e+06   2.7282715e+01
   2.2472800e+06   2.1850586e+01
   2.2473050e+06   2.1667480e+01
   2.2473200e+06   2.2338867e+01
   2.2473460e+06   1.4770508e+01
   2.2473900e+06   2.3315430e+01
   2.2475470e+06   2.1789551e+01
   2.4308480e+06   1.5441895e+01
   2.4312540e+06   1.6113281e+01
   2.4316070e+06   1.4587402e+01
   2.4662100e+06   1.4038086e+01
   2.5403440e+06   1.6967773e+01
   2.5410810e+06   1.6418457e+01
   2.5858430e+06   2.1118164e+01
   2.5858690e+06   2.7099609e+01
   2.5858940e+06   1.5869141e+01
   2.5859210e+06   2.0324707e+01
   2.5859310e+06   2.0080566e+01
   2.5859670e+06   1.7333984e+01
   2.5860190e+06   3.3508301e+01
   2.5860690e+06   1.7211914e+01
   2.5860980e+06   2.8869629e+01
   2.5861370e+06   1.8249512e+01
   2.5861940e+06   3.0334473e+01
   2.5862100e+06   1.8920898e+01
   2.5862680e+06   1.4038086e+01
   2.5863000e+06   1.9592285e+01
   2.7154760e+06   1.4038086e+01
   2.7159240e+06   1.3977051e+01
   2.7160960e+06   2.1972656e+01
   2.7163700e+06   1.7028809e+01
   2.7394220e+06   1.5319824e+01
   2.7884380e+06   1.5686035e+01
   2.7884840e+06   1.4404297e+01
   2.8201150e+06   1.4221191e+01
   2.8203140e+06   1.8920898e+01
   2.8203240e+06   1.4404297e+01
   2.8203780e+06   1.7333984e+01
   2.8204070e+06   1.6479492e+01
   2.8204590e+06   1.6418457e+01
   2.8205220e+06   1.5319824e+01
   2.8206150e+06   2.3864746e+01
   2.8208250e+06   1.4953613e+01
   2.8212660e+06   1.4038086e+01
   2.9315410e+06   1.8981934e+01
   3.0001050e+06   1.4038086e+01
   3.0006450e+06   1.8432617e+01
   3.0171700e+06   1.4648438e+01
   3.0599070e+06   1.6479492e+01
   3.1536410e+06   1.5991211e+01
   3.1537240e+06   2.3864746e+01
   3.1537450e+06   1.8737793e+01
   3.1537580e+06   1.5991211e+01
   3.1538010e+06   1.4770508e+01
   3.1538240e+06   1.6540527e+01
   3.1538420e+06   1.5197754e+01
   3.1538740e+06   1.5258789e+01
   3.1539240e+06   1.7272949e+01
   3.1539400e+06   1.3977051e+01
   3.1539770e+06   2.6733398e+01
   3.1540290e+06   1.8554688e+01
   3.1540450e+06   1.4709473e+01
   3.1540750e+06   2.6367188e+01
   3.1541070e+06   2.1789551e+01
   3.1541690e+06   2.5451660e+01
   3.3357790e+06   1.4282227e+01
   3.3543870e+06   1.7028809e+01
   3.4300550e+06   1.4221191e+01
   3.5417240e+06   1.4526367e+01
   3.5417500e+06   1.5136719e+01
   3.5417800e+06   2.4841309e+01
   3.5418170e+06   1.5075684e+01
   3.5418400e+06   1.7395020e+01
   3.5418560e+06   3.5705566e+01
   3.5418790e+06   1.5319824e+01
   3.5419110e+06   1.6540527e+01
   3.5419670e+06   1.6906738e+01
   3.5420320e+06   1.9104004e+01
   3.5421690e+06   2.3681641e+01
   3.6875160e+06   1.4099121e+01
   3.7617070e+06   1.4343262e+01
   3.7959890e+06   1.4282227e+01
   3.7960360e+06   1.4099121e+01
   3.8702050e+06   1.3977051e+01
   3.8702260e+06   1.9836426e+01
   3.8702480e+06   1.8371582e+01
   3.8702630e+06   1.8493652e+01
   3.8703070e+06   3.6743164e+01
   3.8703240e+06   1.5930176e+01
   3.8703700e+06   2.9602051e+01
   3.8703980e+06   1.5075684e+01
   3.8704270e+06   2.4902344e+01
   3.8704700e+06   1.4404297e+01
   3.8705700e+06   2.3010254e+01
   3.8706530e+06   1.5625000e+01
   3.8706910e+06   1.4648438e+01
   3.8707620e+06   2.0629883e+01
   4.1128300e+06   1.4160156e+01
   4.1128640e+06   2.8076172e+01
   4.1128810e+06   1.4587402e+01
   4.1129160e+06   2.0385742e+01
   4.1129260e+06   1.8676758e+01
   4.1129670e+06   2.4658203e+01
   4.1129990e+06   2.1057129e+01
   4.1130380e+06   1.5563965e+01
   4.1130640e+06   1.8310547e+01
   4.1130810e+06   1.4831543e+01
   4.1131110e+06   1.8066406e+01
   4.1131440e+06   1.7211914e+01
   4.1131900e+06   1.6174316e+01
   4.1132560e+06   1.9836426e+01
   4.1133510e+06   1.5991211e+01
   4.2908060e+06   1.3977051e+01
   4.3124540e+06   1.4343262e+01
   4.3453990e+06   1.4831543e+01
   4.3482780e+06   1.5380859e+01
   4.3873750e+06   1.4221191e+01
   4.4091690e+06   1.5197754e+01
   4.4912450e+06   1.3977051e+01
   4.4912990e+06   2.6000977e+01
   4.4913210e+06   1.5930176e+01
   4.4913560e+06   2.7221680e+01
   4.4914130e+06   1.4587402e+01
   4.4914270e+06   2.0080566e+01
   4.4914480e+06   1.5441895e+01
   4.4914720e+06   1.5380859e+01
   4.4914840e+06   2.9296875e+01
   4.4915020e+06   1.7272949e+01
   4.4915490e+06   1.5625000e+01
   4.4915620e+06   1.5258789e+01
   4.4916490e+06   2.6245117e+01
   4.4918290e+06   2.1728516e+01
   4.6780260e+06   1.4038086e+01
   4.6781140e+06   1.5136719e+01
   4.7329510e+06   1.4160156e+01
   4.7330020e+06   1.4160156e+01
   4.7330440e+06   1.4648438e+01
   4.7330760e+06   2.8259277e+01
   4.7331090e+06   1.5686035e+01
   4.7331370e+06   1.5258789e+01
   4.7331640e+06   2.2155762e+01
   4.7332000e+06   1.5136719e+01
   4.7332450e+06   1.6784668e+01
   4.7332790e+06   2.5695801e+01
   4.7333470e+06   2.8442383e+01
   4.7334030e+06   2.3986816e+01
   4.7335320e+06   1.8798828e+01
   4.8384480e+06   1.4343262e+01
   4.8389050e+06   1.4465332e+01
   4.8390160e+06   2.4658203e+01
   4.8390560e+06   1.5197754e+01
   4.8390800e+06   1.4770508e+01
   4.8391210e+06   1.7395020e+01
   4.8391830e+06   1.4404297e+01
   4.8392440e+06   1.5686035e+01
   4.8393240e+06   1.8371582e+01
   4.8393430e+06   1.6601562e+01
   4.8394240e+06   3.1616211e+01
   4.8395300e+06   3.7414551e+01
   4.8395950e+06   1.4343262e+01
   4.8397590e+06   1.5869141e+01
   4.8397990e+06   1.4709473e+01
   4.8400740e+06   1.4404297e+01
   4.9054680e+06   2.0019531e+01
   4.9055060e+06   1.5441895e+01
   4.9055230e+06   1.6235352e+01
   4.9055800e+06   1.5808105e+01
   4.9056940e+06   2.1118164e+01
   4.9057150e+06   1.7822266e+01
   4.9058150e+06   1.4282227e+01
   4.9058450e+06   1.5930176e+01
   4.9059130e+06   1.4038086e+01
   4.9060600e+06   1.4526367e+01
   4.9060990e+06   1.5197754e+01
   4.9061580e+06   2.0385742e+01
   4.9887330e+06   1.5136719e+01
   5.0283230e+06   1.4587402e+01
   5.1028010e+06   1.6723633e+01
   5.2266050e+06   1.5380859e+01
   5.3043020e+06   1.8249512e+01
   5.3298190e+06   1.4282227e+01
   5.3298430e+06   1.4221191e+01
   5.3298800e+06   2.1362305e+01
   5.3299340e+06   1.8615723e+01
   5.3299660e+06   1.7028809e+01
   5.3299810e+06   1.9042969e+01
   5.3300090e+06   2.3132324e+01
   5.3300370e+06   1.6540527e+01
   5.3300710e+06   2.8564453e+01
   5.3301220e+06   2.2827148e+01
   5.3301440e+06   1.7639160e+01
   5.3301960e+06   2.4902344e+01
   5.3303440e+06   1.8066406e+01
   5.3310460e+06   1.4221191e+01
   5.5014880e+06   1.4099121e+01
   5.5307910e+06   1.5197754e+01
   5.5450190e+06   1.4587402e+01
   5.5995180e+06   1.5319824e+01
   5.6002120e+06   1.4038086e+01
   5.6762440e+06   2.0568848e+01
   5.7674140e+06   1.5197754e+01
   5.7674270e+06   1.4526367e+01
   5.7675320e+06   1.7028809e+01
   5.7675460e+06   1.5625000e+01
   5.7675750e+06   1.7639160e+01
   5.7675950e+06   1.5502930e+01
   5.7676130e+06   2.0080566e+01
   5.7676330e+06   1.6784668e+01
   5.7676840e+06   1.6418457e+01
   5.7677030e+06   3.4667969e+01
   5.7677360e+06   1.4404297e+01
   5.7677510e+06   1.6662598e+01
   5.7677740e+06   1.6540527e+01
   5.7678070e+06   1.5075684e+01
   5.7678340e+06   2.2338867e+01
   5.7679290e+06   2.1240234e+01
   5.7680220e+06   2.0080566e+01
   5.8340290e+06   1.4038086e+01
