   5.9990000e+06   0.0000000e+00
   6.8812100e+05   1.1962891e+01
   1.3049490e+06   1.2084961e+01
   1.4183110e+06   1.2084961e+01
   1.7604140e+06   1.2390137e+01
   2.9105220e+06   1.2695312e+01
   3.2935310e+06   1.2084961e+01
   3.8702570e+06   1.2268066e+01
   4.1130250e+06   1.2084961e+01
   4.3752760e+06   1.2023926e+01
   4.7071010e+06   1.3122559e+01
   4.7332400e+06   1.2023926e+01
   4.7333020e+06   1.3000488e+01
   4.7828330e+06   1.2084961e+01
   5.4525750e+06   1.2145996e+01
   5.4951570e+06   1.2756348e+01
   5.7676540e+06   1.3000488e+01
