   5.9990000e+06   0.0000000e+00
   1.1837000e+04   1.6784668e+01
   1.2000000e+04   1.6601562e+01
   6.1481000e+04   2.1728516e+01
   6.1561000e+04   1.3305664e+01
   6.1576000e+04   1.7211914e+01
   6.1610000e+04   2.7282715e+01
   6.1645000e+04   1.8615723e+01
   6.1671000e+04   2.2766113e+01
   6.1685000e+04   1.7639160e+01
   6.1714000e+04   1.2695312e+01
   6.1802000e+04   2.3315430e+01
   6.5434000e+04   1.3793945e+01
   1.4320600e+05   1.8615723e+01
   1.4329500e+05   1.3671875e+01
   1.4333400e+05   2.7526855e+01
   1.4334500e+05   1.4526367e+01
   1.4339900e+05   1.4465332e+01
   1.4341200e+05   2.0141602e+01
   1.4343800e+05   1.3488770e+01
   1.4346600e+05   2.6794434e+01
   1.4355400e+05   1.6113281e+01
   1.4363300e+05   1.9714355e+01
   1.4374800e+05   2.0324707e+01
   1.4557100e+05   1.3610840e+01
   1.4568600e+05   1.2390137e+01
   1.4747000e+05   1.3488770e+01
   1.5534300e+05   1.6113281e+01
   1.5549800e+05   1.4404297e+01
   1.5639800e+05   1.8676758e+01
   1.5658700e+05   1.9409180e+01
   1.5680600e+05   1.4953613e+01
   1.5703900e+05   1.3244629e+01
   1.6254300e+05   1.7578125e+01
   1.8169200e+05   1.4099121e+01
   1.9473800e+05   1.3366699e+01
   2.8488800e+05   1.3977051e+01
   2.8504900e+05   2.1545410e+01
   3.0299000e+05   1.8005371e+01
   3.0304000e+05   1.2939453e+01
   3.0305800e+05   2.4719238e+01
   3.0314700e+05   2.6367188e+01
   3.0317400e+05   1.3000488e+01
   3.0318700e+05   1.3854980e+01
   3.0323300e+05   1.9348145e+01
   3.0327300e+05   1.5563965e+01
   3.0328700e+05   1.3305664e+01
   3.0362900e+05   1.4038086e+01
   3.0453600e+05   1.3061523e+01
   3.0485900e+05   1.2695312e+01
   3.0773500e+05   1.4953613e+01
   3.0791100e+05   1.4892578e+01
   3.9560300e+05   1.9836426e+01
   3.9561700e+05   1.5136719e+01
   3.9566500e+05   1.3732910e+01
   3.9571500e+05   1.6113281e+01
   3.9573000e+05   2.2277832e+01
   3.9581300e+05   1.3916016e+01
   3.9585600e+05   1.9165039e+01
   3.9595000e+05   1.5014648e+01
   3.9791700e+05   1.3183594e+01
   3.9860500e+05   1.7089844e+01
   4.0106600e+05   1.5869141e+01
   4.0150300e+05   1.4831543e+01
   4.7639600e+05   2.0202637e+01
   4.9479100e+05   1.6479492e+01
   4.9511500e+05   1.8249512e+01
   4.9555700e+05   1.2451172e+01
   4.9593800e+05   1.3000488e+01
   4.9635100e+05   1.5869141e+01
   6.8805000e+05   2.0446777e+01
   6.8806400e+05   1.7883301e+01
   6.8808200e+05   1.5686035e+01
   6.8812600e+05   1.3305664e+01
   6.8815000e+05   1.8615723e+01
   6.8821600e+05   3.2043457e+01
   6.8827900e+05   2.2033691e+01
   6.8834900e+05   1.6113281e+01
   6.8846200e+05   1.4160156e+01
   6.9032900e+05   1.3244629e+01
   7.0098900e+05   1.6052246e+01
   7.0114400e+05   1.5502930e+01
   7.0131200e+05   1.7272949e+01
   7.0137400e+05   1.3610840e+01
   7.0176600e+05   1.3732910e+01
   7.0284500e+05   1.2512207e+01
   7.0307700e+05   1.6113281e+01
   8.2359900e+05   2.0080566e+01
   8.2361100e+05   1.2451172e+01
   8.2365200e+05   2.3925781e+01
   8.2370100e+05   1.8371582e+01
   8.2376000e+05   2.0751953e+01
   8.2377400e+05   1.7883301e+01
   8.2380700e+05   1.3732910e+01
   8.2384400e+05   1.2451172e+01
   8.2388000e+05   1.3549805e+01
   8.2397000e+05   1.5258789e+01
   8.2405100e+05   1.3488770e+01
   8.2521500e+05   1.2573242e+01
   8.2752600e+05   1.3610840e+01
   8.9930500e+05   1.3488770e+01
   9.0305700e+05   1.4038086e+01
   9.1405700e+05   2.0141602e+01
   9.1421300e+05   1.2451172e+01
   9.1439100e+05   1.5563965e+01
   9.1464700e+05   1.3427734e+01
   9.1492200e+05   1.5197754e+01
   9.7140700e+05   1.5869141e+01
   9.7142700e+05   1.2878418e+01
   9.7175300e+05   1.5380859e+01
   9.7228500e+05   1.8127441e+01
   1.0455620e+06   1.5136719e+01
   1.0459550e+06   1.9348145e+01
   1.0851870e+06   1.2573242e+01
   1.1207420e+06   1.8005371e+01
   1.1207930e+06   2.0935059e+01
   1.1208360e+06   1.4709473e+01
   1.1208460e+06   2.0812988e+01
   1.1208690e+06   1.3610840e+01
   1.1209810e+06   1.6479492e+01
   1.1210260e+06   1.8493652e+01
   1.1210430e+06   1.2695312e+01
   1.1210900e+06   1.4343262e+01
   1.1221640e+06   1.2573242e+01
   1.1229480e+06   1.4587402e+01
   1.1235080e+06   1.6784668e+01
   1.1236270e+06   1.3793945e+01
   1.1237410e+06   1.2939453e+01
   1.1238540e+06   1.3610840e+01
   1.1247750e+06   1.4038086e+01
   1.1251140e+06   1.7089844e+01
   1.1345750e+06   1.3000488e+01
   1.1707550e+06   1.8493652e+01
   1.1709530e+06   1.4404297e+01
   1.1710720e+06   1.2573242e+01
   1.1719210e+06   1.3000488e+01
   1.1720170e+06   1.3183594e+01
   1.1721420e+06   1.4038086e+01
   1.1989580e+06   1.3000488e+01
   1.2296870e+06   1.5869141e+01
   1.2303150e+06   1.3732910e+01
   1.2814770e+06   1.6967773e+01
   1.2816090e+06   1.5380859e+01
   1.2817990e+06   1.3610840e+01
   1.2818970e+06   1.2939453e+01
   1.2819960e+06   1.2512207e+01
   1.2822950e+06   1.3977051e+01
   1.2824050e+06   1.3305664e+01
   1.3546640e+06   1.4038086e+01
   1.3549600e+06   1.6845703e+01
   1.3770220e+06   1.3488770e+01
   1.4465290e+06   1.2817383e+01
   1.4656420e+06   1.6418457e+01
   1.4783310e+06   1.2573242e+01
   1.5123890e+06   1.8920898e+01
   1.5124130e+06   1.6296387e+01
   1.5125150e+06   1.2634277e+01
   1.5125990e+06   1.8554688e+01
   1.5127630e+06   1.5014648e+01
   1.5133320e+06   1.2817383e+01
   1.5136230e+06   1.3793945e+01
   1.5481480e+06   1.2634277e+01
   1.6100710e+06   1.2634277e+01
   1.6101810e+06   1.3366699e+01
   1.6102710e+06   1.2573242e+01
   1.6105260e+06   1.2390137e+01
   1.6107170e+06   1.2573242e+01
   1.6108120e+06   1.3183594e+01
   1.6109200e+06   1.3183594e+01
   1.6110190e+06   1.2695312e+01
   1.6111150e+06   1.2512207e+01
   1.6112030e+06   1.3244629e+01
   1.6873730e+06   1.6174316e+01
   1.6874910e+06   1.6479492e+01
   1.6877680e+06   1.2634277e+01
   1.6879700e+06   1.3305664e+01
   1.6880490e+06   1.2451172e+01
   1.6881390e+06   1.4099121e+01
   1.6883340e+06   1.5930176e+01
   1.6884890e+06   1.3488770e+01
   1.6886300e+06   1.4343262e+01
   1.6887610e+06   1.6052246e+01
   1.6889430e+06   1.8493652e+01
   1.7440180e+06   1.3061523e+01
   1.7440980e+06   1.5563965e+01
   1.7442000e+06   1.4526367e+01
   1.7442980e+06   1.5563965e+01
   1.7444030e+06   1.4465332e+01
   1.7445040e+06   1.5625000e+01
   1.7447120e+06   1.5319824e+01
   1.7450190e+06   1.2451172e+01
   1.7451760e+06   1.4831543e+01
   1.7453660e+06   1.5991211e+01
   1.7455140e+06   1.5197754e+01
   1.8205100e+06   1.6967773e+01
   1.8207270e+06   1.6113281e+01
   1.8818160e+06   1.3305664e+01
   1.8906480e+06   1.6174316e+01
   1.9125300e+06   1.4465332e+01
   1.9283560e+06   1.4465332e+01
   1.9283970e+06   1.2390137e+01
   1.9284160e+06   1.9409180e+01
   1.9284910e+06   1.4282227e+01
   1.9285680e+06   1.3427734e+01
   1.9287440e+06   1.3305664e+01
   1.9289150e+06   1.2695312e+01
   1.9293620e+06   1.3916016e+01
   1.9295440e+06   1.5136719e+01
   1.9296440e+06   1.7089844e+01
   1.9299020e+06   1.2512207e+01
   1.9727840e+06   1.2878418e+01
   2.0765470e+06   1.7395020e+01
   2.0767770e+06   1.3671875e+01
   2.0769890e+06   1.4648438e+01
   2.0837730e+06   1.2817383e+01
   2.1446110e+06   1.2573242e+01
   2.2074750e+06   1.7883301e+01
   2.2076690e+06   1.4099121e+01
   2.2471530e+06   2.0629883e+01
   2.2472480e+06   1.7639160e+01
   2.2472650e+06   2.2338867e+01
   2.2473370e+06   2.1972656e+01
   2.2473520e+06   1.5258789e+01
   2.2473780e+06   1.3854980e+01
   2.2474080e+06   1.3183594e+01
   2.2475820e+06   1.2817383e+01
   2.2476920e+06   1.6296387e+01
   2.2479500e+06   1.2817383e+01
   2.2501780e+06   1.3488770e+01
   2.2537440e+06   1.4770508e+01
   2.3004730e+06   1.4282227e+01
   2.3598040e+06   1.6601562e+01
   2.3600530e+06   1.4587402e+01
   2.3602770e+06   1.3916016e+01
   2.3957400e+06   1.2390137e+01
   2.4145170e+06   1.2512207e+01
   2.4413500e+06   1.2939453e+01
   2.5403950e+06   1.6418457e+01
   2.5405140e+06   1.5869141e+01
   2.5424800e+06   1.5014648e+01
   2.5538150e+06   1.3977051e+01
   2.5859750e+06   1.5502930e+01
   2.5860280e+06   2.2399902e+01
   2.5860830e+06   2.3925781e+01
   2.5860980e+06   1.8981934e+01
   2.5861420e+06   2.3010254e+01
   2.5861560e+06   1.2451172e+01
   2.5862110e+06   2.2155762e+01
   2.5862610e+06   1.3977051e+01
   2.5863130e+06   1.3061523e+01
   2.5863500e+06   1.3183594e+01
   2.5887490e+06   1.4282227e+01
   2.5888450e+06   1.2634277e+01
   2.5958990e+06   1.2817383e+01
   2.5965420e+06   1.6235352e+01
   2.7169500e+06   1.2451172e+01
   2.7864710e+06   1.3061523e+01
   2.7923920e+06   1.2451172e+01
   2.8085000e+06   1.3000488e+01
   2.8204050e+06   1.8188477e+01
   2.8204160e+06   1.3183594e+01
   2.8204930e+06   1.3793945e+01
   2.8205500e+06   2.1545410e+01
   2.8205870e+06   1.2512207e+01
   2.8206320e+06   2.0080566e+01
   2.8207130e+06   1.2695313e+01
   2.8207620e+06   1.7761230e+01
   2.8207730e+06   1.5930176e+01
   2.8208200e+06   1.5502930e+01
   2.8208440e+06   1.3061523e+01
   2.8209060e+06   1.4282227e+01
   2.8219550e+06   1.4648438e+01
   2.8323060e+06   1.3000488e+01
   2.9028290e+06   1.2817383e+01
   2.9986170e+06   1.7944336e+01
   2.9991430e+06   1.4831543e+01
   3.0001690e+06   1.5441895e+01
   3.0003760e+06   1.6418457e+01
   3.0007110e+06   1.4892578e+01
   3.0608430e+06   1.7089844e+01
   3.0612250e+06   1.8310547e+01
   3.1537980e+06   2.0507812e+01
   3.1538330e+06   1.9470215e+01
   3.1538620e+06   2.4047852e+01
   3.1539190e+06   1.3916016e+01
   3.1539410e+06   2.4597168e+01
   3.1539970e+06   1.3671875e+01
   3.1540180e+06   1.9348145e+01
   3.1540690e+06   1.4709473e+01
   3.1541180e+06   1.3916016e+01
   3.1541820e+06   2.1972656e+01
   3.1542630e+06   1.3427734e+01
   3.1566660e+06   1.2573242e+01
   3.1618510e+06   1.2573242e+01
   3.1642450e+06   1.5930176e+01
   3.2553010e+06   1.5014648e+01
   3.2553920e+06   1.5991211e+01
   3.2555420e+06   1.4221191e+01
   3.2557210e+06   1.4770508e+01
   3.3160280e+06   1.2512207e+01
   3.4302830e+06   1.6357422e+01
   3.4304540e+06   1.4526367e+01
   3.4306150e+06   1.3854980e+01
   3.4307980e+06   1.4831543e+01
   3.5038210e+06   1.2756348e+01
   3.5417930e+06   1.6723633e+01
   3.5418270e+06   2.4291992e+01
   3.5418480e+06   2.7587891e+01
   3.5418600e+06   1.3488770e+01
   3.5418900e+06   1.6784668e+01
   3.5419300e+06   1.9775391e+01
   3.5419430e+06   1.2512207e+01
   3.5419670e+06   1.3793945e+01
   3.5420120e+06   1.7395020e+01
   3.5420570e+06   1.5930176e+01
   3.5421110e+06   1.3183594e+01
   3.5421820e+06   2.0751953e+01
   3.5423340e+06   1.7822266e+01
   3.5425580e+06   1.3610840e+01
   3.5455840e+06   1.2817383e+01
   3.5611100e+06   1.3427734e+01
   3.5818000e+06   1.2695312e+01
   3.6646870e+06   1.3183594e+01
   3.8159750e+06   1.2817383e+01
   3.8702370e+06   1.3854980e+01
   3.8702610e+06   1.7333984e+01
   3.8702820e+06   1.3671875e+01
   3.8703000e+06   2.2094727e+01
   3.8703340e+06   1.2573242e+01
   3.8703450e+06   1.9775391e+01
   3.8703860e+06   1.8493652e+01
   3.8703990e+06   1.5197754e+01
   3.8704190e+06   1.7578125e+01
   3.8704560e+06   1.5258789e+01
   3.8704740e+06   1.5014648e+01
   3.8704970e+06   1.3854980e+01
   3.8705440e+06   1.8554688e+01
   3.8706600e+06   1.7761230e+01
   3.8708480e+06   1.4587402e+01
   3.8737730e+06   1.3793945e+01
   3.8741570e+06   1.2573242e+01
   3.8752640e+06   1.3244629e+01
   3.9275810e+06   1.2573242e+01
   4.0180880e+06   1.4953613e+01
   4.0182540e+06   1.6967773e+01
   4.0185720e+06   1.5075684e+01
   4.0914290e+06   1.3061523e+01
   4.1042770e+06   1.3366699e+01
   4.1129180e+06   1.5930176e+01
   4.1129490e+06   1.6784668e+01
   4.1129690e+06   2.0812988e+01
   4.1130000e+06   1.8249512e+01
   4.1130160e+06   2.0202637e+01
   4.1130270e+06   1.3122559e+01
   4.1130410e+06   1.5686035e+01
   4.1130710e+06   2.3864746e+01
   4.1131320e+06   2.1789551e+01
   4.1132070e+06   1.2939453e+01
   4.1132520e+06   1.3549805e+01
   4.1133140e+06   1.5563965e+01
   4.1134380e+06   1.6601562e+01
   4.2809170e+06   1.2695312e+01
   4.3331680e+06   1.2573242e+01
   4.3479280e+06   1.5441895e+01
   4.3480750e+06   1.5014648e+01
   4.3482190e+06   1.3183594e+01
   4.3483690e+06   1.3671875e+01
   4.3487580e+06   1.4465332e+01
   4.3489480e+06   1.3122559e+01
   4.3686150e+06   1.2634277e+01
   4.4103720e+06   1.4770508e+01
   4.4105300e+06   1.3671875e+01
   4.4108050e+06   1.3916016e+01
   4.4202900e+06   1.2817383e+01
   4.4913750e+06   1.6662598e+01
   4.4914290e+06   3.2409668e+01
   4.4914570e+06   1.5930176e+01
   4.4914750e+06   1.5869141e+01
   4.4914900e+06   2.4108887e+01
   4.4915320e+06   1.7700195e+01
   4.4915600e+06   1.8188477e+01
   4.4916320e+06   1.9165039e+01
   4.4916530e+06   1.4282227e+01
   4.4918640e+06   1.3793945e+01
   4.4961470e+06   1.3671875e+01
   4.4966900e+06   1.2573242e+01
   4.5025880e+06   2.0568848e+01
   4.5028140e+06   1.5563965e+01
   4.5036300e+06   1.4343262e+01
   4.6793380e+06   1.3427734e+01
   4.6794310e+06   1.5197754e+01
   4.6795710e+06   1.5075684e+01
   4.6799640e+06   1.3244629e+01
   4.6803840e+06   1.6723633e+01
   4.7034730e+06   1.2512207e+01
   4.7036730e+06   1.2817383e+01
   4.7331450e+06   1.6662598e+01
   4.7332190e+06   2.0141602e+01
   4.7332520e+06   1.7456055e+01
   4.7332700e+06   2.1545410e+01
   4.7333070e+06   1.7578125e+01
   4.7333660e+06   1.5136719e+01
   4.7333900e+06   1.7211914e+01
   4.7334810e+06   1.4770508e+01
   4.7372800e+06   1.2634277e+01
   4.7396150e+06   1.2634277e+01
   4.7421170e+06   1.2939453e+01
   4.8390670e+06   1.7639160e+01
   4.8391530e+06   1.3977051e+01
   4.8391660e+06   1.4343262e+01
   4.8392260e+06   1.3549805e+01
   4.8393210e+06   1.3366699e+01
   4.8393550e+06   2.0568848e+01
   4.8394170e+06   1.5625000e+01
   4.8394340e+06   1.8127441e+01
   4.8394720e+06   1.2817383e+01
   4.8395660e+06   1.5869141e+01
   4.8410790e+06   1.2695312e+01
   4.8426790e+06   1.3183594e+01
   4.8430410e+06   1.2939453e+01
   4.8432950e+06   1.2634277e+01
   4.8443290e+06   1.3244629e+01
   4.9055440e+06   1.7211914e+01
   4.9056220e+06   1.4282227e+01
   4.9057150e+06   1.3549805e+01
   4.9057360e+06   1.4404297e+01
   4.9058500e+06   1.7761230e+01
   4.9062810e+06   1.2817383e+01
   5.1823800e+06   1.2573242e+01
   5.2264930e+06   1.2817383e+01
   5.2265590e+06   1.4709473e+01
   5.2268030e+06   1.5502930e+01
   5.2269490e+06   1.7395020e+01
   5.3298870e+06   1.7578125e+01
   5.3299480e+06   1.8066406e+01
   5.3300040e+06   1.6601562e+01
   5.3300400e+06   1.6540527e+01
   5.3300730e+06   1.5686035e+01
   5.3301240e+06   1.2817383e+01
   5.3301400e+06   1.2573242e+01
   5.3301630e+06   1.3305664e+01
   5.3302160e+06   1.4343262e+01
   5.3302600e+06   1.2573242e+01
   5.3304180e+06   1.5563965e+01
   5.3317840e+06   1.4465332e+01
   5.3322200e+06   1.2695312e+01
   5.3329120e+06   1.2939453e+01
   5.3336740e+06   1.4831543e+01
   5.3339460e+06   1.7456055e+01
   5.4895070e+06   1.2573242e+01
   5.5076070e+06   1.3000488e+01
   5.5089900e+06   1.2878418e+01
   5.6773700e+06   1.5563965e+01
   5.6775690e+06   1.2634277e+01
   5.6776850e+06   1.3427734e+01
   5.6780260e+06   1.7333984e+01
   5.7675910e+06   1.7456055e+01
   5.7676040e+06   2.1911621e+01
   5.7676270e+06   1.6845703e+01
   5.7676650e+06   1.8737793e+01
   5.7677040e+06   1.7028809e+01
   5.7677180e+06   1.5625000e+01
   5.7677440e+06   1.3244629e+01
   5.7678010e+06   3.7536621e+01
   5.7679020e+06   1.4587402e+01
   5.7679980e+06   1.2756348e+01
   5.7682550e+06   1.3732910e+01
   5.7704440e+06   1.2695312e+01
   5.7708110e+06   1.4038086e+01
   5.7710910e+06   1.3793945e+01
   5.7772560e+06   1.6479492e+01
   5.7794720e+06   1.5197754e+01
   5.7807930e+06   1.5441895e+01
   5.8273410e+06   1.8615723e+01
   5.9031530e+06   1.2695312e+01
   5.9619220e+06   1.8005371e+01
   5.9621540e+06   1.3549805e+01
   5.9623050e+06   1.3854980e+01
   5.9624690e+06   1.4160156e+01
