   5.9990000e+06   0.0000000e+00
   1.3064000e+04   1.3977051e+01
   1.3393000e+04   1.2634277e+01
   2.7692000e+04   1.2329102e+01
   5.9860000e+04   1.5136719e+01
   6.1290000e+04   1.5197754e+01
   6.1401000e+04   1.6052246e+01
   6.1417000e+04   1.8127441e+01
   6.1449000e+04   1.4709473e+01
   6.1459000e+04   1.7333984e+01
   6.1487000e+04   3.3142090e+01
   6.1515000e+04   1.3977051e+01
   6.1545000e+04   2.6367188e+01
   6.1572000e+04   2.2766113e+01
   6.1610000e+04   1.4221191e+01
   6.1623000e+04   1.5380859e+01
   6.1635000e+04   2.2460938e+01
   6.1699000e+04   1.9470215e+01
   6.1784000e+04   1.2695313e+01
   6.1858000e+04   1.3427734e+01
   6.1868000e+04   1.3183594e+01
   6.1941000e+04   1.3793945e+01
   6.1969000e+04   1.2390137e+01
   6.2404000e+04   1.2939453e+01
   7.3121000e+04   1.3977051e+01
   7.9100000e+04   1.2634277e+01
   8.6019000e+04   1.3061523e+01
   1.4190800e+05   1.3427734e+01
   1.4205600e+05   1.2573242e+01
   1.4209200e+05   1.3732910e+01
   1.4227200e+05   1.3061523e+01
   1.4292200e+05   1.5502930e+01
   1.4297000e+05   1.2756348e+01
   1.4300800e+05   1.4343262e+01
   1.4302500e+05   1.5136719e+01
   1.4304800e+05   2.4963379e+01
   1.4309300e+05   1.8188477e+01
   1.4310500e+05   2.4230957e+01
   1.4312500e+05   1.2512207e+01
   1.4316000e+05   1.8493652e+01
   1.4317400e+05   1.4160156e+01
   1.4319400e+05   1.5991211e+01
   1.4321000e+05   1.5380859e+01
   1.4323100e+05   1.3916016e+01
   1.4325000e+05   1.3793945e+01
   1.4328800e+05   2.5878906e+01
   1.4330900e+05   1.4648438e+01
   1.4336000e+05   1.9287109e+01
   1.4339000e+05   1.4404297e+01
   1.4343200e+05   1.4343262e+01
   1.4347700e+05   1.5686035e+01
   1.4352400e+05   2.0874023e+01
   1.4353900e+05   1.5686035e+01
   1.4357800e+05   1.4465332e+01
   1.4361100e+05   1.4038086e+01
   1.5123400e+05   1.9531250e+01
   1.5521200e+05   1.4404297e+01
   1.5539100e+05   1.3488770e+01
   1.5591600e+05   1.2329102e+01
   1.5600400e+05   2.3620605e+01
   1.5618600e+05   1.3549805e+01
   1.5623400e+05   1.7333984e+01
   1.5642600e+05   1.7150879e+01
   1.5661100e+05   1.8615723e+01
   1.5668500e+05   1.3061523e+01
   1.5677400e+05   2.4108887e+01
   1.5682700e+05   1.2329102e+01
   1.5695500e+05   1.6052246e+01
   1.5697400e+05   1.4343262e+01
   1.5699800e+05   1.2329102e+01
   1.5703700e+05   1.3122559e+01
   1.5723300e+05   1.2451172e+01
   1.5771300e+05   1.2573242e+01
   1.5788500e+05   1.3122559e+01
   1.5850200e+05   1.2451172e+01
   2.2050100e+05   1.3244629e+01
   2.2070000e+05   1.3061523e+01
   2.2085500e+05   2.0385742e+01
   2.2090000e+05   1.3244629e+01
   2.6564200e+05   1.2512207e+01
   2.8413800e+05   1.2878418e+01
   2.8457500e+05   1.3061523e+01
   2.8466300e+05   1.8432617e+01
   2.8477100e+05   1.3000488e+01
   2.8493800e+05   1.3305664e+01
   3.0274200e+05   1.7089844e+01
   3.0278300e+05   1.3916016e+01
   3.0281400e+05   1.5136719e+01
   3.0284600e+05   2.1057129e+01
   3.0287400e+05   1.3488770e+01
   3.0289500e+05   4.0344238e+01
   3.0292100e+05   1.6540527e+01
   3.0294500e+05   2.8137207e+01
   3.0298000e+05   1.6479492e+01
   3.0300800e+05   1.4770508e+01
   3.0302500e+05   1.3427734e+01
   3.0307100e+05   1.5930176e+01
   3.0308600e+05   2.2705078e+01
   3.0311000e+05   1.3305664e+01
   3.0312700e+05   2.3437500e+01
   3.0317200e+05   1.7883301e+01
   3.0324700e+05   1.7578125e+01
   3.0326500e+05   1.5747070e+01
   3.0331800e+05   1.2756348e+01
   3.0335100e+05   1.3366699e+01
   3.0338800e+05   1.3427734e+01
   3.0340700e+05   1.4160156e+01
   3.0361000e+05   1.2573242e+01
   3.5896800e+05   1.2512207e+01
   3.5908800e+05   1.2695312e+01
   3.9533200e+05   1.2817383e+01
   3.9537000e+05   1.7395020e+01
   3.9540500e+05   1.5258789e+01
   3.9541800e+05   1.3366699e+01
   3.9545100e+05   2.0812988e+01
   3.9546800e+05   1.7700195e+01
   3.9550800e+05   2.0874023e+01
   3.9552300e+05   2.8747559e+01
   3.9554300e+05   1.8188477e+01
   3.9558700e+05   2.6184082e+01
   3.9562700e+05   1.2817383e+01
   3.9563700e+05   1.8859863e+01
   3.9566000e+05   1.3977051e+01
   3.9567400e+05   2.1606445e+01
   3.9574200e+05   2.6611328e+01
   3.9580000e+05   1.2878418e+01
   3.9581900e+05   1.6113281e+01
   3.9585800e+05   1.7089844e+01
   3.9587000e+05   1.2573242e+01
   3.9588600e+05   1.7395020e+01
   3.9601200e+05   1.2756348e+01
   3.9606500e+05   1.2329102e+01
   3.9611500e+05   1.2573242e+01
   4.7684600e+05   1.3977051e+01
   4.9448900e+05   1.3977051e+01
   4.9469900e+05   1.3671875e+01
   4.9497400e+05   1.3366699e+01
   4.9515800e+05   1.4282227e+01
   4.9536700e+05   1.4038086e+01
   4.9541200e+05   1.2390137e+01
   4.9565900e+05   1.2512207e+01
   5.4397700e+05   1.3854980e+01
   5.4423400e+05   1.2817383e+01
   5.8969600e+05   1.3000488e+01
   5.8974700e+05   1.2756348e+01
   6.5111000e+05   1.3427734e+01
   6.8774600e+05   1.2329102e+01
   6.8778700e+05   1.5686035e+01
   6.8782500e+05   1.6723633e+01
   6.8784500e+05   1.6418457e+01
   6.8786500e+05   1.3122559e+01
   6.8789500e+05   1.9897461e+01
   6.8791700e+05   2.1850586e+01
   6.8793500e+05   1.8859863e+01
   6.8795900e+05   2.2705078e+01
   6.8797500e+05   1.9226074e+01
   6.8799100e+05   1.9226074e+01
   6.8801700e+05   2.4902344e+01
   6.8803900e+05   1.9165039e+01
   6.8805400e+05   2.4841309e+01
   6.8808200e+05   1.8310547e+01
   6.8810400e+05   2.8869629e+01
   6.8813100e+05   1.3122559e+01
   6.8814500e+05   1.5258789e+01
   6.8816700e+05   1.7333984e+01
   6.8818100e+05   1.3244629e+01
   6.8823600e+05   1.6906738e+01
   6.8824900e+05   2.6000977e+01
   6.8830400e+05   1.4465332e+01
   6.8833800e+05   1.4038086e+01
   6.8844700e+05   1.6357422e+01
   6.8852500e+05   1.2512207e+01
   6.9989000e+05   1.2329102e+01
   7.0076700e+05   1.6418457e+01
   7.0086800e+05   1.8310547e+01
   7.0088900e+05   1.2573242e+01
   7.0091100e+05   1.6662598e+01
   7.0093100e+05   1.6174316e+01
   7.0097100e+05   1.9958496e+01
   7.0099000e+05   1.3916016e+01
   7.0101900e+05   1.6052246e+01
   7.0103200e+05   1.3427734e+01
   7.0110800e+05   1.9348145e+01
   7.0112900e+05   1.3610840e+01
   7.0114500e+05   1.5563965e+01
   7.0116200e+05   1.9470215e+01
   7.0121700e+05   1.3366699e+01
   7.0126900e+05   1.3549805e+01
   7.0128300e+05   1.8371582e+01
   7.0131300e+05   1.7944336e+01
   7.0134700e+05   1.4648438e+01
   7.0141500e+05   1.3793945e+01
   7.0159000e+05   1.3244629e+01
   7.0164700e+05   1.5258789e+01
   7.0173200e+05   1.2756348e+01
   7.0177800e+05   1.2512207e+01
   7.0199400e+05   1.3183594e+01
   7.0209800e+05   1.2756348e+01
   7.0219400e+05   1.2695312e+01
   8.2333000e+05   2.7343750e+01
   8.2335500e+05   1.4953613e+01
   8.2338200e+05   1.3977051e+01
   8.2340600e+05   1.2939453e+01
   8.2344600e+05   1.5625000e+01
   8.2345800e+05   2.7648926e+01
   8.2349000e+05   1.3977051e+01
   8.2350100e+05   2.2705078e+01
   8.2353800e+05   1.3977051e+01
   8.2355000e+05   1.9470215e+01
   8.2357500e+05   1.5563965e+01
   8.2359200e+05   2.5817871e+01
   8.2364500e+05   1.5930176e+01
   8.2365800e+05   1.6784668e+01
   8.2369200e+05   1.4038086e+01
   8.2370500e+05   1.8188477e+01
   8.2372100e+05   1.4648437e+01
   8.2374200e+05   2.2888184e+01
   8.2381400e+05   1.7883301e+01
   8.2387300e+05   1.2512207e+01
   8.2390200e+05   1.6357422e+01
   8.2405600e+05   1.4648438e+01
   8.2452200e+05   1.2329102e+01
   8.6011500e+05   2.1606445e+01
   8.6020000e+05   1.6723633e+01
   9.1281400e+05   1.2939453e+01
   9.1301600e+05   1.4038086e+01
   9.1319100e+05   1.3061523e+01
   9.1345800e+05   1.2756348e+01
   9.1349100e+05   1.2512207e+01
   9.1359000e+05   1.2817383e+01
   9.1376700e+05   1.4587402e+01
   9.1380300e+05   1.2451172e+01
   9.1387700e+05   1.3305664e+01
   9.1403500e+05   1.3183594e+01
   9.1420000e+05   1.2939453e+01
   9.1473400e+05   1.2451172e+01
   9.7021700e+05   1.4282227e+01
   9.7061200e+05   1.3793945e+01
   9.7203800e+05   1.2451172e+01
   9.7240200e+05   1.3305664e+01
   1.0451860e+06   1.2512207e+01
   1.0457640e+06   1.3854980e+01
   1.0458400e+06   1.3671875e+01
   1.0462330e+06   1.2451172e+01
   1.0465300e+06   1.2390137e+01
   1.1204600e+06   1.4404297e+01
   1.1204950e+06   1.4770508e+01
   1.1205410e+06   1.5075684e+01
   1.1205810e+06   1.5380859e+01
   1.1206060e+06   1.5747070e+01
   1.1206190e+06   1.2573242e+01
   1.1206500e+06   1.9104004e+01
   1.1206700e+06   1.8615723e+01
   1.1206880e+06   2.2155762e+01
   1.1207070e+06   1.4831543e+01
   1.1207450e+06   2.8320313e+01
   1.1207700e+06   1.4282227e+01
   1.1208020e+06   1.6235352e+01
   1.1208280e+06   1.6845703e+01
   1.1208580e+06   1.9409180e+01
   1.1209100e+06   1.5258789e+01
   1.1209450e+06   1.6845703e+01
   1.1209580e+06   1.3488770e+01
   1.1210140e+06   1.3610840e+01
   1.1211280e+06   1.2878418e+01
   1.1211500e+06   1.2817383e+01
   1.1703290e+06   1.5136719e+01
   1.1703870e+06   1.2878418e+01
   1.1704210e+06   1.2573242e+01
   1.1704580e+06   1.3793945e+01
   1.1704710e+06   1.8371582e+01
   1.1704930e+06   1.3183594e+01
   1.1705090e+06   1.4038086e+01
   1.1705660e+06   1.3854980e+01
   1.1705780e+06   2.1362305e+01
   1.1705940e+06   1.3854980e+01
   1.1706220e+06   2.3132324e+01
   1.1707010e+06   1.2878418e+01
   1.1707460e+06   1.4587402e+01
   1.1707670e+06   1.4526367e+01
   1.1710340e+06   1.3732910e+01
   1.1804970e+06   1.2329102e+01
   1.2282730e+06   1.2390137e+01
   1.2285520e+06   1.2451172e+01
   1.2285980e+06   1.2451172e+01
   1.2290290e+06   1.3549805e+01
   1.2290720e+06   1.2451172e+01
   1.2291010e+06   1.2451172e+01
   1.2294960e+06   1.2939453e+01
   1.2296370e+06   1.3000488e+01
   1.2303980e+06   1.3427734e+01
   1.2380400e+06   1.3916016e+01
   1.2811160e+06   1.2695312e+01
   1.2811620e+06   1.6601562e+01
   1.2812080e+06   1.4038086e+01
   1.2812200e+06   1.2695312e+01
   1.2812390e+06   2.0080566e+01
   1.2812750e+06   1.5502930e+01
   1.2813050e+06   1.4587402e+01
   1.2813240e+06   2.4963379e+01
   1.2813450e+06   1.4587402e+01
   1.2813770e+06   1.3000488e+01
   1.2813990e+06   2.1606445e+01
   1.2814100e+06   1.3366699e+01
   1.2814300e+06   1.5563965e+01
   1.2814740e+06   1.3916016e+01
   1.2815330e+06   1.2817383e+01
   1.2918210e+06   1.3061523e+01
   1.3539520e+06   1.9775391e+01
   1.3543760e+06   1.2329102e+01
   1.3545760e+06   1.2573242e+01
   1.3546540e+06   1.4221191e+01
   1.4642560e+06   1.2329102e+01
   1.4644670e+06   1.4099121e+01
   1.4648960e+06   1.3488770e+01
   1.4651020e+06   1.6052246e+01
   1.5120620e+06   1.5075684e+01
   1.5120780e+06   1.9836426e+01
   1.5120980e+06   1.3610840e+01
   1.5121230e+06   1.6479492e+01
   1.5121370e+06   1.4831543e+01
   1.5121910e+06   1.7211914e+01
   1.5122010e+06   1.3732910e+01
   1.5122170e+06   1.4892578e+01
   1.5122350e+06   2.0019531e+01
   1.5122770e+06   2.3315430e+01
   1.5123150e+06   2.6489258e+01
   1.5123500e+06   1.2878418e+01
   1.5123610e+06   1.4831543e+01
   1.5123780e+06   1.6784668e+01
   1.5124130e+06   1.6967773e+01
   1.5126720e+06   1.3122559e+01
   1.6096300e+06   1.6296387e+01
   1.6096750e+06   1.6418457e+01
   1.6097050e+06   2.1972656e+01
   1.6097420e+06   1.6479492e+01
   1.6097950e+06   2.9479980e+01
   1.6098100e+06   1.8676758e+01
   1.6098440e+06   1.2329102e+01
   1.6098740e+06   2.8442383e+01
   1.6099370e+06   1.3122559e+01
   1.6099670e+06   2.1667480e+01
   1.6100090e+06   1.5075684e+01
   1.6100750e+06   2.0019531e+01
   1.6100940e+06   1.3916016e+01
   1.6285390e+06   1.2756348e+01
   1.6287070e+06   1.2390137e+01
   1.6287770e+06   1.3854980e+01
   1.6869780e+06   1.6052246e+01
   1.6870190e+06   1.3366699e+01
   1.6870450e+06   1.6540527e+01
   1.6870700e+06   1.8737793e+01
   1.6871020e+06   1.7822266e+01
   1.6871350e+06   2.0812988e+01
   1.6871560e+06   1.5747070e+01
   1.6871700e+06   2.0996094e+01
   1.6872210e+06   1.9104004e+01
   1.6872390e+06   1.5930176e+01
   1.6873160e+06   1.3549805e+01
   1.6873410e+06   1.3488770e+01
   1.6873690e+06   1.7456055e+01
   1.6874480e+06   1.5625000e+01
   1.6874680e+06   1.2512207e+01
   1.6876280e+06   1.2451172e+01
   1.6877560e+06   1.2329102e+01
   1.7436830e+06   1.5869141e+01
   1.7437040e+06   1.3122559e+01
   1.7437530e+06   1.5258789e+01
   1.7437780e+06   1.2390137e+01
   1.7438500e+06   1.2329102e+01
   1.7438780e+06   2.3864746e+01
   1.7438880e+06   1.7517090e+01
   1.7439270e+06   1.5563965e+01
   1.7439850e+06   1.4465332e+01
   1.7440820e+06   1.3732910e+01
   1.7443540e+06   1.2451172e+01
   1.8198970e+06   1.2573242e+01
   1.8200440e+06   1.2634277e+01
   1.8201400e+06   1.3244629e+01
   1.8203160e+06   1.3427734e+01
   1.8208670e+06   1.3610840e+01
   1.8211000e+06   1.3183594e+01
   1.8794730e+06   2.0202637e+01
   1.8895700e+06   1.3305664e+01
   1.8895950e+06   1.5563965e+01
   1.8898460e+06   1.2451172e+01
   1.8898780e+06   1.2512207e+01
   1.8899570e+06   1.4099121e+01
   1.9114140e+06   2.3376465e+01
   1.9279890e+06   1.3916016e+01
   1.9280290e+06   1.3305664e+01
   1.9280520e+06   1.5319824e+01
   1.9280670e+06   2.0507812e+01
   1.9280780e+06   1.6601562e+01
   1.9281050e+06   2.0324707e+01
   1.9281270e+06   1.6357422e+01
   1.9281460e+06   2.4353027e+01
   1.9281880e+06   1.6967773e+01
   1.9282090e+06   2.1972656e+01
   1.9282230e+06   1.5930176e+01
   1.9282460e+06   1.3549805e+01
   1.9283140e+06   1.2695312e+01
   1.9283310e+06   1.7517090e+01
   1.9283850e+06   1.5930176e+01
   1.9285570e+06   1.2878418e+01
   2.0750560e+06   1.2573242e+01
   2.0752720e+06   1.3305664e+01
   2.0756020e+06   1.2695312e+01
   2.1204150e+06   2.2155762e+01
   2.2069170e+06   1.3061523e+01
   2.2075340e+06   1.2512207e+01
   2.2077740e+06   1.2390137e+01
   2.2469170e+06   1.5380859e+01
   2.2470380e+06   1.2817383e+01
   2.2470630e+06   1.9165039e+01
   2.2470950e+06   2.0141602e+01
   2.2471250e+06   2.0446777e+01
   2.2471370e+06   2.1179199e+01
   2.2471480e+06   1.7211914e+01
   2.2471820e+06   2.4597168e+01
   2.2472110e+06   1.5930176e+01
   2.2472440e+06   1.6601562e+01
   2.2472590e+06   1.6174316e+01
   2.2472770e+06   1.6601563e+01
   2.2473010e+06   1.9470215e+01
   2.2473180e+06   1.3061523e+01
   2.2473560e+06   1.3977051e+01
   2.2473700e+06   1.9836426e+01
   2.2474050e+06   1.5686035e+01
   2.2474510e+06   1.7578125e+01
   2.2474710e+06   1.4709473e+01
   2.2475760e+06   1.5075684e+01
   2.2477250e+06   1.2695313e+01
   2.2596910e+06   1.2512207e+01
   2.2951540e+06   1.2329102e+01
   2.3585760e+06   1.4099121e+01
   2.3585860e+06   1.3000488e+01
   2.3586780e+06   1.4404297e+01
   2.3588020e+06   1.4831543e+01
   2.3588500e+06   1.8737793e+01
   2.3591070e+06   1.2817383e+01
   2.3598780e+06   1.3061523e+01
   2.3705120e+06   2.1301270e+01
   2.3719790e+06   2.2094727e+01
   2.3723710e+06   2.0263672e+01
   2.3800610e+06   1.9653320e+01
   2.3832100e+06   2.0446777e+01
   2.3840870e+06   1.9226074e+01
   2.3963610e+06   2.1240234e+01
   2.3986110e+06   1.6174316e+01
   2.4140120e+06   1.2329102e+01
   2.4141820e+06   1.2939453e+01
   2.4151940e+06   1.2390137e+01
   2.4308800e+06   1.3427734e+01
   2.4309080e+06   1.2390137e+01
   2.4458850e+06   1.9409180e+01
   2.5404370e+06   1.3000488e+01
   2.5404660e+06   1.3793945e+01
   2.5405580e+06   1.2329102e+01
   2.5421220e+06   1.3061523e+01
   2.5456520e+06   1.3000488e+01
   2.5855050e+06   1.4282227e+01
   2.5856800e+06   1.8859863e+01
   2.5857180e+06   1.3244629e+01
   2.5857530e+06   1.7944336e+01
   2.5857920e+06   1.5991211e+01
   2.5858240e+06   2.1423340e+01
   2.5858350e+06   1.6296387e+01
   2.5858490e+06   1.7089844e+01
   2.5858960e+06   2.6977539e+01
   2.5859450e+06   1.7395020e+01
   2.5859670e+06   3.0883789e+01
   2.5859790e+06   1.3671875e+01
   2.5860230e+06   1.4587402e+01
   2.5860400e+06   1.6235352e+01
   2.5860910e+06   1.4221191e+01
   2.5861080e+06   1.2756348e+01
   2.5861180e+06   1.5380859e+01
   2.5861380e+06   1.6906738e+01
   2.5861530e+06   1.8432617e+01
   2.5861860e+06   2.2827148e+01
   2.5861980e+06   1.3671875e+01
   2.5862150e+06   1.6723633e+01
   2.5862420e+06   1.3977051e+01
   2.5863160e+06   1.6906738e+01
   2.5863980e+06   1.5197754e+01
   2.5871250e+06   1.2878418e+01
   2.5999100e+06   1.2573242e+01
   2.6070280e+06   1.3549805e+01
   2.6353040e+06   1.3061523e+01
   2.6435410e+06   1.2573242e+01
   2.7157520e+06   1.2451172e+01
   2.7158960e+06   2.0080566e+01
   2.7160140e+06   1.8371582e+01
   2.7163350e+06   1.7822266e+01
   2.7165740e+06   1.8615723e+01
   2.7166140e+06   1.2573242e+01
   2.7883760e+06   1.2329102e+01
   2.7884780e+06   1.4038086e+01
   2.7912280e+06   1.8859863e+01
   2.8199190e+06   1.2329102e+01
   2.8200200e+06   1.2695312e+01
   2.8201790e+06   1.6296387e+01
   2.8202050e+06   1.3793945e+01
   2.8202630e+06   1.8676758e+01
   2.8202880e+06   2.2094727e+01
   2.8203030e+06   1.8005371e+01
   2.8203330e+06   1.8249512e+01
   2.8203650e+06   1.8737793e+01
   2.8203780e+06   1.7578125e+01
   2.8204000e+06   1.8615723e+01
   2.8204290e+06   1.6601562e+01
   2.8204400e+06   1.2390137e+01
   2.8204630e+06   1.3549805e+01
   2.8204910e+06   1.3122559e+01
   2.8205150e+06   1.9470215e+01
   2.8205890e+06   1.6845703e+01
   2.8206020e+06   1.6052246e+01
   2.8206260e+06   1.6113281e+01
   2.8206690e+06   1.6601562e+01
   2.8207490e+06   1.9958496e+01
   2.8207780e+06   1.3916016e+01
   2.8208130e+06   1.2573242e+01
   2.8208530e+06   1.2451172e+01
   2.8338140e+06   1.2390137e+01
   2.8564900e+06   2.1606445e+01
   2.9146000e+06   1.2512207e+01
   2.9149560e+06   1.3183594e+01
   2.9581960e+06   1.3244629e+01
   2.9585650e+06   1.6845703e+01
   2.9985820e+06   1.2390137e+01
   2.9986220e+06   1.3427734e+01
   2.9988470e+06   1.3610840e+01
   2.9990450e+06   1.2573242e+01
   2.9994760e+06   1.3122559e+01
   2.9998580e+06   1.2451172e+01
   3.0002590e+06   1.3549805e+01
   3.0004000e+06   1.2756348e+01
   3.0162070e+06   1.2329102e+01
   3.0163420e+06   1.2451172e+01
   3.0163640e+06   1.2512207e+01
   3.0163840e+06   2.0080566e+01
   3.0318790e+06   1.2939453e+01
   3.0592530e+06   1.5075684e+01
   3.0599150e+06   1.2817383e+01
   3.0601930e+06   1.2329102e+01
   3.1535330e+06   1.3732910e+01
   3.1535720e+06   1.6296387e+01
   3.1536150e+06   1.8981934e+01
   3.1536460e+06   1.6845703e+01
   3.1536620e+06   1.8188477e+01
   3.1536770e+06   2.5695801e+01
   3.1536910e+06   1.4526367e+01
   3.1537040e+06   1.7517090e+01
   3.1537330e+06   1.8005371e+01
   3.1537470e+06   1.8371582e+01
   3.1537770e+06   1.2329102e+01
   3.1537910e+06   1.7883301e+01
   3.1538230e+06   3.0029297e+01
   3.1538530e+06   1.7761230e+01
   3.1538760e+06   1.4770508e+01
   3.1538960e+06   1.9592285e+01
   3.1539480e+06   2.4414063e+01
   3.1539670e+06   1.5258789e+01
   3.1539930e+06   1.8432617e+01
   3.1540220e+06   2.2094727e+01
   3.1540420e+06   1.5197754e+01
   3.1540620e+06   1.4404297e+01
   3.1540740e+06   1.3671875e+01
   3.1540920e+06   1.3793945e+01
   3.1541650e+06   1.4587402e+01
   3.1541940e+06   1.3244629e+01
   3.1542690e+06   1.2329102e+01
   3.1543670e+06   1.4099121e+01
   3.1545290e+06   1.3427734e+01
   3.2537470e+06   1.4465332e+01
   3.2539460e+06   1.2695312e+01
   3.2540770e+06   1.4587402e+01
   3.2556030e+06   1.3366699e+01
   3.3543310e+06   1.3916016e+01
   3.4288790e+06   1.2695312e+01
   3.4294190e+06   1.3061523e+01
   3.4294490e+06   1.2939453e+01
   3.4296450e+06   1.3366699e+01
   3.4297830e+06   1.2512207e+01
   3.4302270e+06   1.2817383e+01
   3.4305690e+06   1.5258789e+01
   3.5412940e+06   1.2939453e+01
   3.5415520e+06   1.6540527e+01
   3.5415880e+06   1.9714355e+01
   3.5416140e+06   1.7395020e+01
   3.5416420e+06   1.5563965e+01
   3.5416550e+06   1.6845703e+01
   3.5416910e+06   1.8371582e+01
   3.5417280e+06   1.6479492e+01
   3.5417520e+06   1.2695312e+01
   3.5417620e+06   1.3305664e+01
   3.5417870e+06   2.5878906e+01
   3.5418250e+06   1.4404297e+01
   3.5418490e+06   2.9357910e+01
   3.5418690e+06   1.9165039e+01
   3.5419110e+06   2.1850586e+01
   3.5419360e+06   1.4343262e+01
   3.5419570e+06   1.6479492e+01
   3.5419870e+06   1.8188477e+01
   3.5420170e+06   1.5808105e+01
   3.5420330e+06   2.8747559e+01
   3.5420680e+06   1.5319824e+01
   3.5421120e+06   3.1799316e+01
   3.5421690e+06   2.5756836e+01
   3.5421840e+06   1.8249512e+01
   3.5422480e+06   1.2695312e+01
   3.5425360e+06   1.4709473e+01
   3.5656470e+06   1.3122559e+01
   3.5685140e+06   1.2329102e+01
   3.6871290e+06   1.2329102e+01
   3.7127240e+06   1.3916016e+01
   3.7616860e+06   1.4160156e+01
   3.7713380e+06   1.2329102e+01
   3.8233980e+06   1.4038086e+01
   3.8699860e+06   1.4404297e+01
   3.8701030e+06   1.5869141e+01
   3.8701350e+06   1.2817383e+01
   3.8701740e+06   1.2817383e+01
   3.8701850e+06   1.9165039e+01
   3.8702050e+06   3.4912109e+01
   3.8702160e+06   2.0874023e+01
   3.8702400e+06   2.3803711e+01
   3.8702640e+06   2.7038574e+01
   3.8703040e+06   2.0812988e+01
   3.8703140e+06   1.7211914e+01
   3.8703350e+06   1.7822266e+01
   3.8703580e+06   1.3671875e+01
   3.8703770e+06   2.1606445e+01
   3.8704280e+06   1.6967773e+01
   3.8704710e+06   2.4108887e+01
   3.8705190e+06   2.1301270e+01
   3.8705480e+06   1.3793945e+01
   3.8705620e+06   1.4892578e+01
   3.8705920e+06   1.4709473e+01
   3.8706180e+06   1.3061523e+01
   3.8706420e+06   1.7150879e+01
   3.8707080e+06   1.5563965e+01
   3.8707850e+06   1.2756348e+01
   3.8709950e+06   1.2817383e+01
   3.8710480e+06   1.2878418e+01
   3.8711960e+06   1.2634277e+01
   3.8714800e+06   1.2573242e+01
   3.8736000e+06   1.2634277e+01
   3.8755110e+06   1.4343262e+01
   3.8766410e+06   1.3183594e+01
   3.8800780e+06   1.2878418e+01
   3.8884700e+06   1.2512207e+01
   3.8899110e+06   1.4099121e+01
   3.8899390e+06   1.3305664e+01
   3.8986160e+06   1.4343262e+01
   3.8991550e+06   1.4099121e+01
   3.9143840e+06   1.2878418e+01
   3.9208260e+06   1.3732910e+01
   3.9248870e+06   1.2939453e+01
   3.9436860e+06   1.2756348e+01
   4.0172640e+06   1.4709473e+01
   4.0174340e+06   1.5686035e+01
   4.0176300e+06   1.4587402e+01
   4.0183800e+06   1.3671875e+01
   4.0184910e+06   1.3977051e+01
   4.0185690e+06   1.3916016e+01
   4.0778800e+06   1.3122559e+01
   4.1126990e+06   1.5747070e+01
   4.1127380e+06   1.6845703e+01
   4.1127610e+06   1.3244629e+01
   4.1128030e+06   2.7221680e+01
   4.1128300e+06   1.2329102e+01
   4.1128420e+06   1.5563965e+01
   4.1128810e+06   1.3977051e+01
   4.1128960e+06   2.1118164e+01
   4.1129320e+06   3.0700684e+01
   4.1129650e+06   1.5258789e+01
   4.1129830e+06   1.9897461e+01
   4.1130040e+06   1.2939453e+01
   4.1130250e+06   1.8859863e+01
   4.1130720e+06   1.9836426e+01
   4.1130900e+06   1.5808105e+01
   4.1131200e+06   1.5869141e+01
   4.1131440e+06   1.7395020e+01
   4.1131660e+06   1.5502930e+01
   4.1132260e+06   1.4709473e+01
   4.1132590e+06   1.4648438e+01
   4.1132820e+06   1.8920898e+01
   4.1133120e+06   1.2817383e+01
   4.1133530e+06   1.5197754e+01
   4.1135050e+06   1.4099121e+01
   4.1138670e+06   1.4648438e+01
   4.1142900e+06   1.5075684e+01
   4.1145900e+06   1.2451172e+01
   4.1953620e+06   1.2451172e+01
   4.2894920e+06   1.2878418e+01
   4.2901170e+06   1.2329102e+01
   4.2901730e+06   1.3061523e+01
   4.2904510e+06   1.7211914e+01
   4.2907140e+06   1.2756348e+01
   4.3454410e+06   1.2817383e+01
   4.3475040e+06   1.2878418e+01
   4.3478730e+06   1.2451172e+01
   4.3480400e+06   1.2451172e+01
   4.4100040e+06   1.2573242e+01
   4.4101460e+06   1.3244629e+01
   4.4789840e+06   1.2939453e+01
   4.4911520e+06   1.7944336e+01
   4.4911830e+06   1.4526367e+01
   4.4912170e+06   1.8432617e+01
   4.4912600e+06   2.5390625e+01
   4.4912720e+06   1.2939453e+01
   4.4913100e+06   1.3732910e+01
   4.4913230e+06   1.3183594e+01
   4.4913620e+06   1.8920898e+01
   4.4913840e+06   2.6123047e+01
   4.4914010e+06   1.5075684e+01
   4.4914220e+06   1.3977051e+01
   4.4914450e+06   1.3793945e+01
   4.4914670e+06   1.8188477e+01
   4.4915010e+06   2.3742676e+01
   4.4915320e+06   1.8432617e+01
   4.4915540e+06   1.4221191e+01
   4.4915780e+06   2.6611328e+01
   4.4916210e+06   1.3061523e+01
   4.4916320e+06   1.5625000e+01
   4.4916870e+06   1.7089844e+01
   4.4917170e+06   1.2756348e+01
   4.4917450e+06   1.3305664e+01
   4.4918190e+06   1.7089844e+01
   4.4918530e+06   1.3061523e+01
   4.4919350e+06   1.4160156e+01
   4.4924460e+06   1.2390137e+01
   4.4925820e+06   1.5441895e+01
   4.4989180e+06   1.8920898e+01
   4.6780640e+06   1.2878418e+01
   4.6784010e+06   1.3671875e+01
   4.6791110e+06   1.2512207e+01
   4.6793660e+06   1.2512207e+01
   4.6795570e+06   1.3000488e+01
   4.6796010e+06   1.3427734e+01
   4.6797000e+06   1.2390137e+01
   4.6800980e+06   1.3000488e+01
   4.7087290e+06   1.2390137e+01
   4.7329100e+06   1.6296387e+01
   4.7329590e+06   1.8371582e+01
   4.7329910e+06   1.8798828e+01
   4.7330060e+06   1.3244629e+01
   4.7330360e+06   1.4343262e+01
   4.7330870e+06   1.6479492e+01
   4.7331020e+06   2.0019531e+01
   4.7331360e+06   1.9287109e+01
   4.7331600e+06   2.0568848e+01
   4.7331770e+06   1.2756348e+01
   4.7332090e+06   2.4536133e+01
   4.7332270e+06   1.9226074e+01
   4.7332480e+06   1.5075684e+01
   4.7332690e+06   2.9235840e+01
   4.7333120e+06   1.8981934e+01
   4.7333290e+06   1.3488770e+01
   4.7333620e+06   1.8005371e+01
   4.7333930e+06   2.1789551e+01
   4.7334040e+06   1.3122559e+01
   4.7334450e+06   1.3732910e+01
   4.7334780e+06   1.7883301e+01
   4.7335640e+06   1.3916016e+01
   4.7336000e+06   1.4221191e+01
   4.7336460e+06   1.7639160e+01
   4.7340210e+06   1.3061523e+01
   4.7359030e+06   1.2390137e+01
   4.8385260e+06   1.3671875e+01
   4.8388190e+06   1.5014648e+01
   4.8388750e+06   1.5502930e+01
   4.8388980e+06   1.4770508e+01
   4.8389230e+06   1.4160156e+01
   4.8389430e+06   1.2939453e+01
   4.8389710e+06   1.3366699e+01
   4.8389840e+06   2.2888184e+01
   4.8390230e+06   3.1066895e+01
   4.8390560e+06   1.4160156e+01
   4.8390690e+06   1.5808105e+01
   4.8390900e+06   1.5441895e+01
   4.8391180e+06   1.2817383e+01
   4.8391690e+06   2.2949219e+01
   4.8391890e+06   1.3977051e+01
   4.8392250e+06   1.5380859e+01
   4.8392790e+06   1.7944336e+01
   4.8393060e+06   1.5563965e+01
   4.8393600e+06   1.7333984e+01
   4.8393980e+06   2.0202637e+01
   4.8394320e+06   2.1240234e+01
   4.8394530e+06   1.7944336e+01
   4.8395350e+06   1.8310547e+01
   4.8396070e+06   2.1057129e+01
   4.8465730e+06   1.2573242e+01
   4.8550100e+06   1.3916016e+01
   4.9041540e+06   1.2695312e+01
   4.9042800e+06   1.2939453e+01
   4.9052410e+06   1.6662598e+01
   4.9053010e+06   1.6845703e+01
   4.9053170e+06   1.2512207e+01
   4.9053530e+06   1.2634277e+01
   4.9053730e+06   1.6357422e+01
   4.9053980e+06   1.6784668e+01
   4.9054420e+06   1.4770508e+01
   4.9054640e+06   1.3305664e+01
   4.9055250e+06   1.7211914e+01
   4.9055450e+06   2.1789551e+01
   4.9055950e+06   2.6489258e+01
   4.9056620e+06   1.3000488e+01
   4.9056720e+06   1.3916016e+01
   4.9057490e+06   1.4709473e+01
   4.9058270e+06   1.5808105e+01
   4.9058390e+06   1.6052246e+01
   4.9059720e+06   1.4953613e+01
   4.9060030e+06   1.2756348e+01
   4.9060540e+06   1.3122559e+01
   4.9160800e+06   1.3122559e+01
   4.9224230e+06   2.2827148e+01
   4.9887470e+06   1.2756348e+01
   5.0295680e+06   1.2329102e+01
   5.0845090e+06   1.4831543e+01
   5.2247600e+06   1.2634277e+01
   5.2252950e+06   1.2817383e+01
   5.2261090e+06   1.2695312e+01
   5.2268340e+06   1.3244629e+01
   5.3296730e+06   1.3305664e+01
   5.3297340e+06   1.8432617e+01
   5.3297630e+06   1.5808105e+01
   5.3298000e+06   1.9775391e+01
   5.3298250e+06   2.3864746e+01
   5.3298430e+06   2.3681641e+01
   5.3298730e+06   2.0629883e+01
   5.3298980e+06   2.0202637e+01
   5.3299110e+06   1.7517090e+01
   5.3299280e+06   3.5766602e+01
   5.3299630e+06   1.8859863e+01
   5.3299800e+06   1.8554688e+01
   5.3299970e+06   1.4770508e+01
   5.3300330e+06   2.6489258e+01
   5.3300580e+06   1.6174316e+01
   5.3300790e+06   2.3132324e+01
   5.3300990e+06   1.3244629e+01
   5.3301310e+06   2.4291992e+01
   5.3301630e+06   1.4831543e+01
   5.3301840e+06   1.8920898e+01
   5.3302050e+06   1.3916016e+01
   5.3302390e+06   1.4404297e+01
   5.3302490e+06   1.9653320e+01
   5.3304380e+06   1.3854980e+01
   5.3305590e+06   1.3610840e+01
   5.3308520e+06   1.2756348e+01
   5.3776890e+06   1.2512207e+01
   5.5730520e+06   1.2573242e+01
   5.5994320e+06   1.2390137e+01
   5.6761050e+06   1.6052246e+01
   5.6762400e+06   1.6357422e+01
   5.6768740e+06   1.2390137e+01
   5.7018060e+06   2.1972656e+01
   5.7035630e+06   2.0751953e+01
   5.7059280e+06   2.0996094e+01
   5.7673470e+06   1.5991211e+01
   5.7673890e+06   1.2512207e+01
   5.7674220e+06   1.9409180e+01
   5.7674330e+06   2.0324707e+01
   5.7674620e+06   2.0568848e+01
   5.7674770e+06   2.1606445e+01
   5.7675030e+06   1.5197754e+01
   5.7675310e+06   2.1667480e+01
   5.7675470e+06   1.8981934e+01
   5.7675720e+06   2.4291992e+01
   5.7675870e+06   1.8554688e+01
   5.7676390e+06   1.3427734e+01
   5.7676520e+06   1.9470215e+01
   5.7676910e+06   1.5197754e+01
   5.7677030e+06   2.0019531e+01
   5.7677140e+06   1.7395020e+01
   5.7677440e+06   1.5747070e+01
   5.7677650e+06   2.2460938e+01
   5.7678060e+06   2.2277832e+01
   5.7678290e+06   1.3854980e+01
   5.7678520e+06   1.5441895e+01
   5.7678730e+06   2.4108887e+01
   5.7678980e+06   1.5075684e+01
   5.7679420e+06   1.4160156e+01
   5.7679710e+06   1.9287109e+01
   5.7679920e+06   1.6845703e+01
   5.7680470e+06   1.8127441e+01
   5.7681900e+06   1.2573242e+01
   5.7684390e+06   1.4160156e+01
   5.7710390e+06   1.2878418e+01
   5.7872120e+06   1.2573242e+01
   5.7983270e+06   1.4526367e+01
   5.8052370e+06   1.2390137e+01
   5.9607690e+06   1.2329102e+01
   5.9611200e+06   1.2939453e+01
   5.9612570e+06   1.2634277e+01
   5.9613510e+06   1.6723633e+01
   5.9613890e+06   1.2817383e+01
   5.9618820e+06   1.2451172e+01
