   5.9990000e+06   0.0000000e+00
   1.3128000e+04   1.3549805e+01
   6.1308000e+04   1.3244629e+01
   6.1471000e+04   2.4963379e+01
   6.1494000e+04   1.4648438e+01
   6.1516000e+04   1.5075684e+01
   6.1567000e+04   1.8432617e+01
   6.1578000e+04   1.8371582e+01
   6.1617000e+04   1.6723633e+01
   6.1635000e+04   1.7395020e+01
   6.1662000e+04   1.2939453e+01
   6.1697000e+04   1.7272949e+01
   6.1756000e+04   1.3793945e+01
   6.1803000e+04   1.6174316e+01
   6.2053000e+04   1.3610840e+01
   6.2264000e+04   1.3244629e+01
   6.2332000e+04   1.3488770e+01
   6.2423000e+04   1.7944336e+01
   6.3634000e+04   1.3183594e+01
   1.4313000e+05   1.7456055e+01
   1.4326600e+05   3.1921387e+01
   1.4332500e+05   1.6479492e+01
   1.4338600e+05   1.6662598e+01
   1.4343900e+05   1.3427734e+01
   1.4348900e+05   1.6479492e+01
   1.4354000e+05   1.4892578e+01
   1.4358800e+05   1.5075684e+01
   1.4363200e+05   1.3122559e+01
   1.4410300e+05   1.3916016e+01
   1.4735800e+05   1.3122559e+01
   1.5670600e+05   1.3671875e+01
   1.5680300e+05   1.2817383e+01
   1.5752400e+05   1.4831543e+01
   1.5809300e+05   1.5319824e+01
   3.0292800e+05   1.5136719e+01
   3.0300100e+05   1.2939453e+01
   3.0303100e+05   1.4465332e+01
   3.0306000e+05   2.2277832e+01
   3.0309100e+05   1.5014648e+01
   3.0311200e+05   2.3010254e+01
   3.0313400e+05   1.7272949e+01
   3.0316900e+05   1.8981934e+01
   3.0319200e+05   2.0568848e+01
   3.0324700e+05   1.2939453e+01
   3.0327900e+05   1.3305664e+01
   3.0333400e+05   1.3122559e+01
   3.0342200e+05   1.4892578e+01
   3.0352100e+05   1.2878418e+01
   3.0355300e+05   1.2939453e+01
   3.0366600e+05   1.2817383e+01
   3.0368800e+05   1.5197754e+01
   3.9550400e+05   1.2878418e+01
   3.9553500e+05   1.5930176e+01
   3.9560800e+05   1.7150879e+01
   3.9563900e+05   1.8127441e+01
   3.9565700e+05   1.3366699e+01
   3.9567600e+05   1.8737793e+01
   3.9570600e+05   1.8066406e+01
   3.9572500e+05   1.2817383e+01
   3.9574500e+05   1.4953613e+01
   3.9579000e+05   1.6540527e+01
   3.9581300e+05   1.6967773e+01
   3.9585300e+05   1.3793945e+01
   3.9587900e+05   1.6784668e+01
   3.9596500e+05   1.4648438e+01
   3.9610800e+05   1.3549805e+01
   3.9646100e+05   1.5808105e+01
   3.9652200e+05   1.2817383e+01
   4.2840800e+05   1.3854980e+01
   4.9478900e+05   1.3793945e+01
   4.9516900e+05   1.3000488e+01
   5.6205600e+05   1.3732910e+01
   6.8796200e+05   1.4831543e+01
   6.8800400e+05   1.3671875e+01
   6.8803500e+05   1.3061523e+01
   6.8806300e+05   2.6550293e+01
   6.8807600e+05   1.4160156e+01
   6.8809700e+05   1.3427734e+01
   6.8813600e+05   1.4038086e+01
   6.8820100e+05   1.3793945e+01
   6.8821200e+05   1.8737793e+01
   6.8824600e+05   2.1179199e+01
   6.8831800e+05   1.8066406e+01
   6.8838000e+05   1.2939453e+01
   6.8842200e+05   1.5197754e+01
   6.8848800e+05   1.3732910e+01
   6.8850700e+05   1.2817383e+01
   6.8857500e+05   1.5930176e+01
   6.8875800e+05   1.3000488e+01
   6.8891400e+05   1.3732910e+01
   6.8904100e+05   1.3610840e+01
   7.0102700e+05   1.3549805e+01
   7.0136900e+05   1.8493652e+01
   7.0144800e+05   1.3244629e+01
   7.0147100e+05   1.3305664e+01
   7.0154600e+05   1.3366699e+01
   7.0162400e+05   1.2817383e+01
   7.0175900e+05   1.4099121e+01
   7.0189500e+05   1.3610840e+01
   7.0209000e+05   1.4160156e+01
   7.0221800e+05   1.3000488e+01
   7.0252500e+05   1.6113281e+01
   8.2346400e+05   1.2939453e+01
   8.2352800e+05   1.3366699e+01
   8.2358600e+05   1.9531250e+01
   8.2361000e+05   2.4719238e+01
   8.2365100e+05   1.2817383e+01
   8.2368200e+05   1.6540527e+01
   8.2369200e+05   1.5136719e+01
   8.2372200e+05   1.3000488e+01
   8.2377200e+05   1.6418457e+01
   8.2383400e+05   1.3000488e+01
   8.2412200e+05   1.4465332e+01
   8.2597900e+05   1.2878418e+01
   8.2607800e+05   1.3000488e+01
   9.1424800e+05   1.2939453e+01
   9.1456300e+05   1.7395020e+01
   9.1475900e+05   1.3854980e+01
   9.7160700e+05   1.4282227e+01
   1.0459650e+06   1.3183594e+01
   1.1206480e+06   1.2939453e+01
   1.1207200e+06   1.9531250e+01
   1.1207520e+06   2.5878906e+01
   1.1207800e+06   2.3498535e+01
   1.1208070e+06   1.4648438e+01
   1.1208200e+06   2.2521973e+01
   1.1208740e+06   1.9042969e+01
   1.1208870e+06   1.3977051e+01
   1.1209020e+06   1.4343262e+01
   1.1209390e+06   1.5563965e+01
   1.1209770e+06   1.7150879e+01
   1.1210470e+06   1.3732910e+01
   1.1211050e+06   1.5502930e+01
   1.1211350e+06   1.4038086e+01
   1.1211620e+06   1.2878418e+01
   1.1213850e+06   1.4831543e+01
   1.1706850e+06   1.3122559e+01
   1.1707210e+06   1.5502930e+01
   1.1707640e+06   1.4404297e+01
   1.1708660e+06   2.0935059e+01
   1.1709530e+06   1.4526367e+01
   1.1710500e+06   1.3305664e+01
   1.1711220e+06   1.3061523e+01
   1.1713160e+06   1.5319824e+01
   1.1714120e+06   1.3305664e+01
   1.2302460e+06   1.4587402e+01
   1.2813420e+06   1.4221191e+01
   1.2814080e+06   1.5625000e+01
   1.2814700e+06   1.8188477e+01
   1.2815390e+06   1.5625000e+01
   1.2815530e+06   1.8188477e+01
   1.2817160e+06   1.5563965e+01
   1.2818260e+06   1.5686035e+01
   1.2818660e+06   1.6113281e+01
   1.2819600e+06   1.3610840e+01
   1.4655360e+06   1.3732910e+01
   1.5122370e+06   1.5502930e+01
   1.5123740e+06   1.2939453e+01
   1.5124110e+06   1.4831543e+01
   1.5125170e+06   1.3000488e+01
   1.5127000e+06   1.3305664e+01
   1.5128760e+06   1.3305664e+01
   1.5129170e+06   1.3610840e+01
   1.5130080e+06   1.3854980e+01
   1.5130860e+06   1.4526367e+01
   1.5132620e+06   1.2878418e+01
   1.5134460e+06   1.6296387e+01
   1.5135550e+06   1.5563965e+01
   1.6098360e+06   1.3122559e+01
   1.6098950e+06   1.3305664e+01
   1.6099900e+06   1.3977051e+01
   1.6100300e+06   1.3488770e+01
   1.6100650e+06   1.8249512e+01
   1.6102790e+06   1.3854980e+01
   1.6107780e+06   1.2939453e+01
   1.6108800e+06   1.4770508e+01
   1.6871720e+06   1.6113281e+01
   1.6872420e+06   1.4038086e+01
   1.6872930e+06   1.2817383e+01
   1.6873160e+06   1.3671875e+01
   1.6874280e+06   1.7578125e+01
   1.6876440e+06   1.3488770e+01
   1.6877220e+06   1.3061523e+01
   1.7439030e+06   1.3977051e+01
   1.7439770e+06   1.5747070e+01
   1.7440670e+06   1.6967773e+01
   1.7441480e+06   1.4404297e+01
   1.7441580e+06   1.5014648e+01
   1.7442600e+06   1.3244629e+01
   1.7442770e+06   1.3916016e+01
   1.8208280e+06   1.3732910e+01
   1.8210360e+06   1.4831543e+01
   1.9281770e+06   1.3732910e+01
   1.9282580e+06   1.3854980e+01
   1.9282720e+06   1.5441895e+01
   1.9282910e+06   1.3305664e+01
   1.9283140e+06   1.3183594e+01
   1.9284370e+06   1.4465332e+01
   1.9285010e+06   1.4709473e+01
   1.9285330e+06   1.5136719e+01
   1.9286420e+06   1.3610840e+01
   1.9287580e+06   1.5686035e+01
   1.9289170e+06   1.3488770e+01
   1.9290800e+06   1.3061523e+01
   1.9291760e+06   1.3305664e+01
   2.0765280e+06   1.3122559e+01
   2.2068670e+06   1.3916016e+01
   2.2076120e+06   1.2817383e+01
   2.2469520e+06   1.3732910e+01
   2.2472060e+06   1.8005371e+01
   2.2472270e+06   1.9042969e+01
   2.2472460e+06   1.9287109e+01
   2.2472610e+06   2.0568848e+01
   2.2473030e+06   1.3854980e+01
   2.2473190e+06   1.2817383e+01
   2.2473680e+06   1.8432617e+01
   2.2474230e+06   1.4282227e+01
   2.2474750e+06   1.6662598e+01
   2.2475240e+06   1.4953613e+01
   2.2475340e+06   1.3610840e+01
   2.2475930e+06   2.0751953e+01
   2.2476280e+06   1.3793945e+01
   2.2476510e+06   2.3315430e+01
   2.2477210e+06   1.7517090e+01
   2.2478100e+06   1.2878418e+01
   2.2478970e+06   1.3916016e+01
   2.2480720e+06   1.3549805e+01
   2.3604570e+06   1.3610840e+01
   2.5858900e+06   1.3549805e+01
   2.5859630e+06   1.8188477e+01
   2.5860080e+06   2.1240234e+01
   2.5860310e+06   2.2888184e+01
   2.5860770e+06   2.0507812e+01
   2.5860980e+06   1.9470215e+01
   2.5861130e+06   1.3183594e+01
   2.5861570e+06   1.8859863e+01
   2.5862120e+06   1.5930176e+01
   2.5863440e+06   1.2817383e+01
   2.5863780e+06   1.3061523e+01
   2.5864110e+06   1.3671875e+01
   2.5865220e+06   1.4526367e+01
   2.5867720e+06   1.4099121e+01
   2.5868420e+06   1.3549805e+01
   2.8203360e+06   1.4587402e+01
   2.8204510e+06   1.9409180e+01
   2.8204980e+06   1.4770508e+01
   2.8205330e+06   1.9897461e+01
   2.8205550e+06   2.2216797e+01
   2.8206520e+06   1.5502930e+01
   2.8207200e+06   1.9531250e+01
   2.8207780e+06   1.3183594e+01
   2.8208980e+06   1.4587402e+01
   2.8211480e+06   1.3305664e+01
   2.8213620e+06   1.5258789e+01
   2.8227260e+06   1.3671875e+01
   3.0002610e+06   1.3244629e+01
   3.0004410e+06   1.4404297e+01
   3.0610950e+06   1.3854980e+01
   3.1537250e+06   1.4892578e+01
   3.1537970e+06   1.4221191e+01
   3.1538230e+06   2.6733398e+01
   3.1538380e+06   1.3916016e+01
   3.1538790e+06   1.5258789e+01
   3.1538910e+06   1.4770508e+01
   3.1539360e+06   1.6235352e+01
   3.1539740e+06   1.3488770e+01
   3.1540650e+06   1.7456055e+01
   3.1540980e+06   1.4404297e+01
   3.1541590e+06   1.3427734e+01
   3.1542180e+06   1.9897461e+01
   3.1542770e+06   1.5441895e+01
   3.1543350e+06   2.0812988e+01
   3.1544000e+06   1.4709473e+01
   3.1544670e+06   1.4099121e+01
   3.2551240e+06   1.3427734e+01
   3.2555190e+06   1.6845703e+01
   3.2556030e+06   1.3122559e+01
   3.2557110e+06   1.4038086e+01
   3.2558670e+06   1.4282227e+01
   3.2560330e+06   1.2939453e+01
   3.5417310e+06   1.8127441e+01
   3.5418010e+06   2.0874023e+01
   3.5418310e+06   2.7832031e+01
   3.5418480e+06   1.7944336e+01
   3.5418730e+06   1.9409180e+01
   3.5419210e+06   1.6845703e+01
   3.5420360e+06   1.3000488e+01
   3.5421420e+06   1.8249512e+01
   3.5422510e+06   1.3305664e+01
   3.5422960e+06   1.3000488e+01
   3.5425960e+06   1.3183594e+01
   3.5428070e+06   1.3732910e+01
   3.8702670e+06   2.4902344e+01
   3.8702790e+06   3.1616211e+01
   3.8703130e+06   2.4169922e+01
   3.8703690e+06   2.6000977e+01
   3.8703950e+06   1.3000488e+01
   3.8704320e+06   1.9958496e+01
   3.8704710e+06   1.7211914e+01
   3.8704880e+06   1.3000488e+01
   3.8705270e+06   1.9775391e+01
   3.8705410e+06   1.9958496e+01
   3.8705940e+06   1.8066406e+01
   3.8706100e+06   1.3977051e+01
   3.8707060e+06   1.3061523e+01
   3.8707490e+06   1.5319824e+01
   3.8708810e+06   1.4465332e+01
   3.8711300e+06   1.5502930e+01
   3.8712300e+06   1.3305664e+01
   4.0183870e+06   1.4709473e+01
   4.0185830e+06   1.5502930e+01
   4.1128680e+06   1.8676758e+01
   4.1129430e+06   2.7648926e+01
   4.1129800e+06   2.6489258e+01
   4.1130020e+06   1.8493652e+01
   4.1130130e+06   1.6113281e+01
   4.1130330e+06   1.7639160e+01
   4.1130510e+06   1.9348145e+01
   4.1131020e+06   1.5991211e+01
   4.1132660e+06   1.6784668e+01
   4.1139240e+06   1.3793945e+01
   4.1168170e+06   1.3671875e+01
   4.1169610e+06   1.3000488e+01
   4.3261090e+06   1.3366699e+01
   4.3481580e+06   1.3244629e+01
   4.3482030e+06   1.7578125e+01
   4.3482750e+06   1.7761230e+01
   4.3484100e+06   1.3916016e+01
   4.3484270e+06   1.6296387e+01
   4.3485690e+06   1.3488770e+01
   4.4106080e+06   1.7700195e+01
   4.4108650e+06   1.3610840e+01
   4.4913050e+06   1.3549805e+01
   4.4913580e+06   1.3671875e+01
   4.4913750e+06   1.7639160e+01
   4.4914090e+06   1.3671875e+01
   4.4914190e+06   1.5930176e+01
   4.4914340e+06   1.3549805e+01
   4.4914450e+06   1.3977051e+01
   4.4914760e+06   1.7456055e+01
   4.4914960e+06   2.2644043e+01
   4.4915340e+06   1.9226074e+01
   4.4915470e+06   1.5441895e+01
   4.4916750e+06   1.3305664e+01
   4.4916950e+06   1.4282227e+01
   4.4917470e+06   1.6601562e+01
   4.4917650e+06   1.3610840e+01
   4.4918030e+06   1.4282227e+01
   4.4919220e+06   1.3000488e+01
   4.4919440e+06   1.8432617e+01
   4.4924650e+06   1.4587402e+01
   4.4944190e+06   1.3610840e+01
   4.4964890e+06   1.3244629e+01
   4.6794840e+06   1.4709473e+01
   4.7330930e+06   1.5502930e+01
   4.7331530e+06   1.9042969e+01
   4.7331830e+06   1.3366699e+01
   4.7332170e+06   2.3925781e+01
   4.7332280e+06   1.5258789e+01
   4.7332470e+06   1.3549805e+01
   4.7332810e+06   1.9531250e+01
   4.7333030e+06   1.8066406e+01
   4.7333530e+06   1.5075684e+01
   4.7333650e+06   2.2155762e+01
   4.7334540e+06   1.4709473e+01
   4.7335020e+06   1.5502930e+01
   4.7335550e+06   1.5563965e+01
   4.7336110e+06   1.3000488e+01
   4.7338980e+06   1.4099121e+01
   4.8390400e+06   1.3488770e+01
   4.8391050e+06   1.3610840e+01
   4.8391690e+06   1.5136719e+01
   4.8391800e+06   1.9348145e+01
   4.8391980e+06   2.0874023e+01
   4.8392190e+06   1.3488770e+01
   4.8392590e+06   1.3977051e+01
   4.8392780e+06   1.6662598e+01
   4.8392970e+06   1.4892578e+01
   4.8393300e+06   1.3122559e+01
   4.8393480e+06   1.7456055e+01
   4.8393840e+06   1.4343262e+01
   4.8394100e+06   1.3732910e+01
   4.8394400e+06   1.3488770e+01
   4.8394720e+06   1.5075684e+01
   4.8394920e+06   1.3427734e+01
   4.8396940e+06   1.4587402e+01
   4.8398910e+06   1.3183594e+01
   4.8525930e+06   1.3244629e+01
   4.9054810e+06   1.5808105e+01
   4.9055890e+06   1.3366699e+01
   4.9056160e+06   1.3244629e+01
   4.9056590e+06   2.5756836e+01
   4.9056710e+06   1.3061523e+01
   4.9057480e+06   1.4221191e+01
   4.9057860e+06   1.3244629e+01
   4.9058580e+06   1.3000488e+01
   4.9058850e+06   1.7211914e+01
   4.9059540e+06   1.4404297e+01
   4.9059810e+06   1.9897461e+01
   4.9060230e+06   1.5502930e+01
   4.9060650e+06   1.5625000e+01
   4.9072100e+06   1.3244629e+01
   5.2266780e+06   1.5747070e+01
   5.2269580e+06   1.3061523e+01
   5.3298000e+06   1.3122559e+01
   5.3299030e+06   1.3977051e+01
   5.3299290e+06   1.7822266e+01
   5.3299440e+06   1.6784668e+01
   5.3299690e+06   1.7700195e+01
   5.3299870e+06   2.0263672e+01
   5.3300190e+06   1.8432617e+01
   5.3300410e+06   1.6418457e+01
   5.3300750e+06   1.9897461e+01
   5.3300950e+06   1.7517090e+01
   5.3301450e+06   1.9714355e+01
   5.3306270e+06   1.4404297e+01
   5.3307560e+06   1.2939453e+01
   5.3309290e+06   1.3305664e+01
   5.3342070e+06   1.3488770e+01
   5.5915240e+06   1.3488770e+01
   5.6773320e+06   1.3854980e+01
   5.6775580e+06   1.5808105e+01
   5.6777680e+06   1.5686035e+01
   5.7487250e+06   1.2939453e+01
   5.7675160e+06   1.4099121e+01
   5.7675870e+06   1.9226074e+01
   5.7676130e+06   2.0080566e+01
   5.7676580e+06   1.7028809e+01
   5.7677090e+06   1.4892578e+01
   5.7677750e+06   1.4587402e+01
   5.7678360e+06   2.2521973e+01
   5.7679240e+06   1.8066406e+01
   5.7679900e+06   1.4282227e+01
   5.7684110e+06   1.3122559e+01
   5.9343390e+06   2.2521973e+01
   5.9619820e+06   1.3244629e+01
   5.9624450e+06   1.3549805e+01
