   5.9990000e+06   0.0000000e+00
   1.8299300e+05   1.3427734e+01
   4.2265500e+05   1.4587402e+01
   1.0468370e+06   1.4099121e+01
   1.2629650e+06   1.3549805e+01
   1.2630970e+06   1.5380859e+01
   1.2631460e+06   1.3549805e+01
   1.2855950e+06   1.3488770e+01
   1.5266590e+06   1.7395020e+01
   1.6291410e+06   1.3610840e+01
   1.6292090e+06   1.3549805e+01
   1.6292410e+06   1.8127441e+01
   1.6292800e+06   1.4221191e+01
   1.7222090e+06   1.3610840e+01
   1.7224590e+06   1.3488770e+01
   1.7696890e+06   1.4099121e+01
   1.7697070e+06   1.4221191e+01
   1.7697380e+06   1.4587402e+01
   1.7698290e+06   1.4892578e+01
   1.8792750e+06   1.3671875e+01
   1.8792870e+06   1.3671875e+01
   1.8793340e+06   1.3916016e+01
   1.8794040e+06   1.5014648e+01
   1.9196880e+06   1.3854980e+01
   1.9197800e+06   1.6052246e+01
   1.9200310e+06   1.3793945e+01
   1.9200800e+06   1.3610840e+01
   1.9500220e+06   1.4343262e+01
   1.9501590e+06   1.4221191e+01
   1.9503490e+06   1.3427734e+01
   1.9896150e+06   1.8066406e+01
   1.9896550e+06   1.3610840e+01
   2.0395580e+06   1.3427734e+01
   2.0794870e+06   1.3488770e+01
   2.0975660e+06   1.4770508e+01
   2.1439780e+06   1.3793945e+01
   2.1544600e+06   1.4099121e+01
   2.2326880e+06   1.4160156e+01
   2.2327740e+06   1.4770508e+01
   2.2737240e+06   1.3488770e+01
   2.2928650e+06   1.4160156e+01
   2.3119890e+06   1.4221191e+01
   2.4229720e+06   1.3671875e+01
   2.4232180e+06   1.3427734e+01
   2.4252010e+06   1.3366699e+01
   2.4293200e+06   1.3610840e+01
   2.4731970e+06   1.3427734e+01
   2.5144730e+06   1.3549805e+01
   2.5145260e+06   1.4221191e+01
   2.5592230e+06   1.3610840e+01
   2.5593740e+06   1.4099121e+01
   2.5595110e+06   1.3488770e+01
   3.4126090e+06   1.5808105e+01
   3.4127280e+06   1.5014648e+01
   3.7407600e+06   1.4526367e+01
   3.7409460e+06   1.5380859e+01
   4.0008060e+06   1.6235352e+01
   4.0009090e+06   1.6601562e+01
   4.0010090e+06   1.4953613e+01
   4.1116420e+06   1.4892578e+01
   4.1118000e+06   1.4587402e+01
   4.2010810e+06   1.5075684e+01
   4.2012470e+06   1.5258789e+01
   4.2012780e+06   1.4831543e+01
   4.2732580e+06   1.4648438e+01
   4.2733320e+06   1.4892578e+01
   4.3290810e+06   1.5747070e+01
   4.3948210e+06   1.5075684e+01
   4.4378070e+06   1.4831543e+01
   5.5530100e+06   1.6845703e+01
   5.5706310e+06   1.5502930e+01
   5.7573410e+06   1.5075684e+01
