   5.9990000e+06   0.0000000e+00
   2.4577600e+05   1.2329102e+01
   5.0584500e+05   1.2084961e+01
   9.3049600e+05   1.2695312e+01
   1.0470420e+06   1.2451172e+01
   1.2632340e+06   1.2145996e+01
   1.2655660e+06   1.2207031e+01
   1.4533880e+06   1.2878418e+01
   1.4654200e+06   1.2817383e+01
   1.5267630e+06   1.4526367e+01
   1.7224760e+06   1.2084961e+01
   3.4127700e+06   1.2756348e+01
   3.4128070e+06   1.5197754e+01
   3.4128820e+06   1.2878418e+01
   3.7409240e+06   1.2145996e+01
   4.0010110e+06   1.2023926e+01
   4.2013660e+06   1.2695312e+01
   5.2431750e+06   1.2084961e+01
   5.5531360e+06   1.5136719e+01
   5.8398090e+06   1.4831543e+01
