   5.9990000e+06   0.0000000e+00
   2.9011700e+05   1.3610840e+01
   4.5850600e+05   1.2207031e+01
   6.1395800e+05   1.2512207e+01
   1.0470700e+06   1.4465332e+01
   1.2631190e+06   1.2512207e+01
   1.2632100e+06   1.5075684e+01
   1.6294080e+06   1.3305664e+01
   1.7224780e+06   1.2817383e+01
   1.7225720e+06   1.3244629e+01
   1.8359650e+06   1.2145996e+01
   1.8794350e+06   1.4099121e+01
   2.1217680e+06   1.2634277e+01
   3.4128740e+06   1.2634277e+01
   3.5520080e+06   1.2145996e+01
   3.7409410e+06   1.2817383e+01
   3.8820790e+06   1.2023926e+01
   4.0009820e+06   1.3732910e+01
   4.2013360e+06   1.5563965e+01
   4.2733590e+06   1.2084961e+01
   4.3559170e+06   2.0263672e+01
   4.4376040e+06   1.4831543e+01
   4.4377520e+06   1.3000488e+01
   5.5152800e+06   1.2023926e+01
   5.5531430e+06   1.5502930e+01
   5.8398430e+06   1.2084961e+01
