   5.9990000e+06   0.0000000e+00
   1.3261400e+05   1.4526367e+01
   1.8292500e+05   1.5136719e+01
   1.8301500e+05   1.5808105e+01
   1.8305200e+05   1.6235352e+01
   1.8308600e+05   1.4892578e+01
   2.4526900e+05   1.4892578e+01
   2.4533400e+05   1.8371582e+01
   2.4549800e+05   1.4648438e+01
   2.4559400e+05   1.6418457e+01
   2.4567100e+05   1.6174316e+01
   2.8954400e+05   1.7944336e+01
   2.8966100e+05   1.4465332e+01
   3.3982300e+05   1.5441895e+01
   3.3991200e+05   1.7639160e+01
   3.8944500e+05   1.7395020e+01
   4.2841200e+05   1.5136719e+01
   1.0467050e+06   1.5441895e+01
   1.0467200e+06   1.7822266e+01
   1.0467560e+06   1.5136719e+01
   1.0467820e+06   1.4282227e+01
   1.0468230e+06   1.5014648e+01
   1.0468460e+06   1.8920898e+01
   1.0469100e+06   1.4343262e+01
   1.0469570e+06   1.4343262e+01
   1.0473850e+06   1.4831543e+01
   1.1052810e+06   1.4343262e+01
   1.2628910e+06   1.4343262e+01
   1.2629310e+06   1.4160156e+01
   1.2629430e+06   1.4099121e+01
   1.2630070e+06   1.8676758e+01
   1.2630460e+06   1.8798828e+01
   1.2630830e+06   1.7822266e+01
   1.2631300e+06   1.5930176e+01
   1.2631760e+06   2.1118164e+01
   1.5265680e+06   1.6174316e+01
   1.5265970e+06   1.8066406e+01
   1.5266240e+06   1.5808105e+01
   1.5266710e+06   1.4465332e+01
   1.5266970e+06   1.7761230e+01
   1.5637730e+06   1.6357422e+01
   1.5694310e+06   1.5014648e+01
   1.5698660e+06   1.6296387e+01
   1.6166400e+06   1.5869141e+01
   1.6291420e+06   1.8493652e+01
   1.6291650e+06   1.7211914e+01
   1.6291870e+06   1.4465332e+01
   1.6292210e+06   1.5625000e+01
   1.6292510e+06   1.6418457e+01
   1.6292890e+06   1.7395020e+01
   1.6293330e+06   1.6479492e+01
   1.6293700e+06   1.6845703e+01
   1.6293970e+06   1.4892578e+01
   1.6295000e+06   1.5197754e+01
   1.6295870e+06   1.4648438e+01
   1.6461020e+06   1.4038086e+01
   1.7222460e+06   2.2399902e+01
   1.7222580e+06   1.5808105e+01
   1.7222830e+06   2.0324707e+01
   1.7223120e+06   2.0568848e+01
   1.7223340e+06   1.6967773e+01
   1.7223700e+06   1.4160156e+01
   1.7223810e+06   1.4465332e+01
   1.7226160e+06   1.8066406e+01
   1.7277570e+06   1.4770508e+01
   1.7286680e+06   1.4587402e+01
   1.7696640e+06   1.4587402e+01
   1.7696850e+06   1.8920898e+01
   1.7697120e+06   1.7211914e+01
   1.7697370e+06   2.3742676e+01
   1.7697590e+06   2.1484375e+01
   1.7697700e+06   2.1057129e+01
   1.7698090e+06   1.8310547e+01
   1.7698880e+06   1.5502930e+01
   1.8357940e+06   2.2338867e+01
   1.8358090e+06   2.0446777e+01
   1.8358330e+06   1.4221191e+01
   1.8358470e+06   1.8127441e+01
   1.8359590e+06   1.5563965e+01
   1.8360150e+06   1.5625000e+01
   1.8792640e+06   1.6479492e+01
   1.8792900e+06   1.6113281e+01
   1.8793190e+06   1.9042969e+01
   1.8793970e+06   1.5930176e+01
   1.8796220e+06   1.5319824e+01
   1.9196910e+06   1.5808105e+01
   1.9197120e+06   3.3874512e+01
   1.9197490e+06   1.6540527e+01
   1.9197630e+06   1.5319824e+01
   1.9197780e+06   1.5686035e+01
   1.9198000e+06   1.4770508e+01
   1.9199260e+06   1.5258789e+01
   1.9500270e+06   1.4465332e+01
   1.9500410e+06   2.7954102e+01
   1.9500540e+06   2.0019531e+01
   1.9500940e+06   2.2399902e+01
   1.9501690e+06   1.4953613e+01
   1.9502100e+06   1.6906738e+01
   1.9502460e+06   1.5075684e+01
   1.9502980e+06   1.4648438e+01
   1.9503540e+06   1.5747070e+01
   1.9504570e+06   1.4526367e+01
   1.9895770e+06   1.6845703e+01
   1.9895960e+06   1.9409180e+01
   1.9896210e+06   2.2033691e+01
   1.9896420e+06   1.5869141e+01
   1.9896690e+06   1.7333984e+01
   1.9897900e+06   1.7089844e+01
   1.9899710e+06   1.4648438e+01
   1.9900670e+06   1.4709473e+01
   2.0395670e+06   1.4831543e+01
   2.0395930e+06   2.5146484e+01
   2.0396570e+06   1.6845703e+01
   2.0398150e+06   1.4221191e+01
   2.0398580e+06   1.6845703e+01
   2.0400390e+06   1.4526367e+01
   2.0672940e+06   1.9653320e+01
   2.0673220e+06   1.7089844e+01
   2.0673350e+06   1.4038086e+01
   2.0673790e+06   2.2888184e+01
   2.0673940e+06   1.7639160e+01
   2.0674130e+06   1.5563965e+01
   2.0674500e+06   1.5991211e+01
   2.0674820e+06   1.5747070e+01
   2.0676850e+06   1.6967773e+01
   2.0975020e+06   1.5014648e+01
   2.0975310e+06   1.6845703e+01
   2.0975450e+06   1.5686035e+01
   2.0975900e+06   1.7395020e+01
   2.0976190e+06   1.6479492e+01
   2.0976470e+06   1.5686035e+01
   2.0976890e+06   1.4343262e+01
   2.0977280e+06   1.6601562e+01
   2.1382430e+06   1.4099121e+01
   2.1446950e+06   1.4465332e+01
   2.2326070e+06   1.5136719e+01
   2.2326680e+06   1.7333984e+01
   2.2327170e+06   2.0080566e+01
   2.2327380e+06   1.4221191e+01
   2.2327700e+06   1.7272949e+01
   2.2330080e+06   1.5625000e+01
   2.2333110e+06   1.4831543e+01
   2.2928880e+06   2.0874023e+01
   2.2929390e+06   1.8371582e+01
   2.2929690e+06   1.4587402e+01
   2.2929830e+06   1.7761230e+01
   2.2930200e+06   1.7272949e+01
   2.2930310e+06   1.4221191e+01
   2.2930540e+06   1.4038086e+01
   2.2930990e+06   1.9531250e+01
   2.2931210e+06   1.4831543e+01
   2.2931510e+06   1.5380859e+01
   2.2931800e+06   1.4221191e+01
   2.3119020e+06   2.2888184e+01
   2.3119670e+06   1.6723633e+01
   2.3119990e+06   2.1667480e+01
   2.3120300e+06   1.5747070e+01
   2.3120560e+06   1.4587402e+01
   2.3121560e+06   1.8737793e+01
   2.3358090e+06   1.4465332e+01
   2.3938260e+06   1.4343262e+01
   2.3938980e+06   2.0385742e+01
   2.3939080e+06   1.9653320e+01
   2.3939550e+06   2.0751953e+01
   2.3939770e+06   1.6235352e+01
   2.3940120e+06   1.9226074e+01
   2.3978530e+06   1.4770508e+01
   2.4230520e+06   1.8371582e+01
   2.4231020e+06   1.4526367e+01
   2.4231690e+06   1.8737793e+01
   2.4231910e+06   1.4587402e+01
   2.4232160e+06   1.4343262e+01
   2.4232740e+06   1.4831543e+01
   2.4232890e+06   1.6235352e+01
   2.4233340e+06   1.4587402e+01
   2.5143280e+06   1.4343262e+01
   2.5144050e+06   1.4099121e+01
   2.5144650e+06   1.7272949e+01
   2.5145290e+06   1.4587402e+01
   2.5145420e+06   1.9775391e+01
   2.5145790e+06   1.5319824e+01
   2.5146430e+06   1.5930176e+01
   2.5146900e+06   1.4221191e+01
   2.5147110e+06   1.7333984e+01
   2.5592380e+06   1.5625000e+01
   2.5592740e+06   1.9653320e+01
   2.5593120e+06   1.9775391e+01
   2.5593710e+06   1.6906738e+01
   2.5593880e+06   1.5930176e+01
   2.5594540e+06   1.4953613e+01
   2.5595280e+06   1.5686035e+01
   2.5596050e+06   1.5441895e+01
   2.5810950e+06   1.4526367e+01
   2.6251720e+06   1.4160156e+01
   3.4126130e+06   1.5625000e+01
   3.4126500e+06   1.8798828e+01
   3.4126830e+06   2.4902344e+01
   3.4127050e+06   1.7761230e+01
   3.4127440e+06   1.5563965e+01
   3.4129200e+06   1.6052246e+01
   3.4244590e+06   1.5197754e+01
   3.4336230e+06   1.5502930e+01
   3.7407520e+06   2.0385742e+01
   3.7407750e+06   1.7700195e+01
   3.7408190e+06   1.5136719e+01
   3.7408710e+06   1.6723633e+01
   3.7408950e+06   1.5625000e+01
   3.7409080e+06   1.5747070e+01
   3.7409480e+06   1.8371582e+01
   3.8819990e+06   1.5563965e+01
   3.8820520e+06   3.0639648e+01
   3.8820830e+06   2.1057129e+01
   3.8820940e+06   1.7639160e+01
   3.8821560e+06   1.5380859e+01
   3.8821780e+06   1.8188477e+01
   4.0008470e+06   1.8127441e+01
   4.0008810e+06   1.5380859e+01
   4.0009100e+06   1.6540527e+01
   4.0009340e+06   2.0690918e+01
   4.0011750e+06   1.5319824e+01
   4.1116970e+06   1.5258789e+01
   4.1117400e+06   1.6723633e+01
   4.1118000e+06   1.6967773e+01
   4.1118220e+06   1.6235352e+01
   4.1118500e+06   1.5991211e+01
   4.1120640e+06   1.6357422e+01
   4.2011720e+06   1.5319824e+01
   4.2012480e+06   1.8615723e+01
   4.2012790e+06   1.5075684e+01
   4.2731420e+06   1.5197754e+01
   4.2731680e+06   1.8798828e+01
   4.2732120e+06   1.7761230e+01
   4.2732750e+06   1.5380859e+01
   4.2733710e+06   1.6418457e+01
   4.3290150e+06   1.5808105e+01
   4.3290270e+06   2.5146484e+01
   4.3290640e+06   1.6601562e+01
   4.3290780e+06   2.0568848e+01
   4.3291200e+06   1.5808105e+01
   4.3291420e+06   1.9226074e+01
   4.3291840e+06   1.8676758e+01
   4.3556590e+06   1.7272949e+01
   4.3556870e+06   1.9775391e+01
   4.3557490e+06   1.6845703e+01
   4.3557850e+06   1.5747070e+01
   4.3558100e+06   1.5319824e+01
   4.3558560e+06   1.5258789e+01
   4.3559380e+06   1.5441895e+01
   4.3947920e+06   1.6784668e+01
   4.3948050e+06   1.8920898e+01
   4.3948360e+06   2.0690918e+01
   4.3948590e+06   1.6174316e+01
   4.3951450e+06   1.8310547e+01
   4.4378490e+06   1.7517090e+01
   4.4378690e+06   2.2644043e+01
   4.4378910e+06   1.5502930e+01
   4.4379200e+06   1.5686035e+01
   4.4380560e+06   1.5625000e+01
   4.4381700e+06   1.5747070e+01
   5.2476710e+06   1.5380859e+01
   5.3424300e+06   1.5197754e+01
   5.5528880e+06   1.6723633e+01
   5.5529300e+06   1.8920898e+01
   5.5529710e+06   1.6906738e+01
   5.5530020e+06   2.2094727e+01
   5.5530150e+06   2.0996094e+01
   5.5530580e+06   2.1789551e+01
   5.5531770e+06   1.5808105e+01
   5.8396010e+06   1.6479492e+01
   5.8396600e+06   1.7272949e+01
   5.8397030e+06   2.3986816e+01
   5.8397470e+06   1.5197754e+01
