   5.9990000e+06   0.0000000e+00
   1.6495000e+04   1.2634277e+01
   1.8324200e+05   1.2634277e+01
   2.4576600e+05   1.2329102e+01
   1.0470880e+06   1.3183594e+01
   1.2631320e+06   1.4282227e+01
   1.2631530e+06   1.4160156e+01
   1.2632290e+06   1.3061523e+01
   1.5267580e+06   1.3366699e+01
   1.5267770e+06   1.2634277e+01
   1.5268290e+06   1.3305664e+01
   1.6293320e+06   1.3427734e+01
   1.6293590e+06   1.5319824e+01
   1.7224170e+06   1.3671875e+01
   1.7226560e+06   1.2939453e+01
   1.8355020e+06   1.2695312e+01
   1.8359080e+06   1.2634277e+01
   1.9195480e+06   1.2878418e+01
   2.0395280e+06   1.3977051e+01
   3.4127600e+06   1.2451172e+01
   3.7409220e+06   1.2634277e+01
   3.8820140e+06   1.3305664e+01
   3.8822160e+06   1.6723633e+01
   4.2013230e+06   1.3244629e+01
   4.2013480e+06   1.3000488e+01
   4.2014350e+06   1.3183594e+01
   4.2733870e+06   1.2573242e+01
   4.3081100e+06   1.2573242e+01
   4.3290250e+06   1.4099121e+01
   4.3946590e+06   1.2512207e+01
   4.3948590e+06   1.2329102e+01
   4.4377570e+06   1.4160156e+01
   4.4378070e+06   1.3122559e+01
   4.7604770e+06   1.2451172e+01
   5.5531360e+06   1.4648438e+01
   5.5533820e+06   1.2451172e+01
   5.8397970e+06   1.2695312e+01
   5.8398600e+06   1.2390137e+01
