   5.9990000e+06   0.0000000e+00
   1.7088400e+05   1.4770508e+01
   1.8313700e+05   1.3305664e+01
   2.1149200e+05   1.3061523e+01
   2.1860800e+05   1.3244629e+01
   2.2958400e+05   1.4709473e+01
   2.4289500e+05   1.5686035e+01
   2.4552300e+05   1.3122559e+01
   2.7268200e+05   1.2939453e+01
   2.8857100e+05   1.4526367e+01
   2.8879200e+05   1.3854980e+01
   3.1582900e+05   1.3854980e+01
   3.3978800e+05   1.3916016e+01
   3.3998800e+05   1.6113281e+01
   3.8846200e+05   1.3366699e+01
   4.2249200e+05   1.3244629e+01
   4.6245900e+05   1.4221191e+01
   4.7144100e+05   1.3000488e+01
   4.8183700e+05   1.3122559e+01
   4.9754400e+05   1.3061523e+01
   5.1731300e+05   1.2939453e+01
   5.4527400e+05   1.5869141e+01
   5.6506400e+05   1.3244629e+01
   9.0189200e+05   1.3854980e+01
   1.0467380e+06   1.4282227e+01
   1.0469060e+06   1.5197754e+01
   1.2630300e+06   1.3366699e+01
   1.2630760e+06   1.6357422e+01
   1.2630880e+06   1.3244629e+01
   1.2631380e+06   1.8310547e+01
   1.5266110e+06   1.5808105e+01
   1.5266290e+06   1.3549805e+01
   1.5266640e+06   1.3061523e+01
   1.6289420e+06   1.3488770e+01
   1.6292100e+06   1.3061523e+01
   1.6292260e+06   1.3061523e+01
   1.6292710e+06   1.6967773e+01
   1.7222140e+06   1.4648438e+01
   1.7222750e+06   1.2939453e+01
   1.7223220e+06   1.5197754e+01
   1.7694750e+06   1.3793945e+01
   1.7697910e+06   1.7639160e+01
   1.8355700e+06   1.5136719e+01
   1.8358450e+06   1.8127441e+01
   1.8359140e+06   1.5563965e+01
   1.8790360e+06   1.3488770e+01
   1.8792980e+06   1.3122559e+01
   1.9195300e+06   1.5747070e+01
   1.9196120e+06   1.5319824e+01
   1.9197860e+06   1.7150879e+01
   1.9198510e+06   1.5563965e+01
   1.9498820e+06   1.3610840e+01
   1.9500790e+06   1.3244629e+01
   1.9897080e+06   1.4404297e+01
   2.0394390e+06   1.4770508e+01
   2.0395840e+06   1.4953613e+01
   2.0396150e+06   1.3549805e+01
   2.0396600e+06   1.5014648e+01
   2.0397100e+06   1.4221191e+01
   2.0398030e+06   1.4343262e+01
   2.0671410e+06   1.3000488e+01
   2.0672940e+06   1.3488770e+01
   2.0674140e+06   1.8188477e+01
   2.0973530e+06   1.3732910e+01
   2.0975580e+06   1.6540527e+01
   2.0975790e+06   1.3122559e+01
   2.2325650e+06   1.3549805e+01
   2.2328010e+06   1.3244629e+01
   2.2926740e+06   1.3977051e+01
   2.2929810e+06   1.4038086e+01
   2.3118690e+06   1.3549805e+01
   2.3120680e+06   1.6174316e+01
   2.3120990e+06   1.5747070e+01
   2.3937000e+06   1.2939453e+01
   2.3939710e+06   1.4038086e+01
   2.3940090e+06   1.6052246e+01
   2.3940920e+06   1.7150879e+01
   2.3941280e+06   1.3610840e+01
   2.4228460e+06   1.2939453e+01
   2.4231050e+06   1.4404297e+01
   2.4231590e+06   1.3610840e+01
   2.4232170e+06   1.4465332e+01
   2.5145590e+06   1.3122559e+01
   2.5146310e+06   1.4160156e+01
   2.5146700e+06   1.3732910e+01
   2.5592900e+06   1.3671875e+01
   2.5593640e+06   1.3793945e+01
   2.5594300e+06   1.5380859e+01
   2.5595030e+06   1.3671875e+01
   2.6529260e+06   1.3610840e+01
   3.4125770e+06   1.4648438e+01
   3.4127150e+06   1.4526367e+01
   3.7406030e+06   1.3427734e+01
   3.7408670e+06   1.9531250e+01
   3.7409090e+06   1.4892578e+01
   3.7409230e+06   1.3793945e+01
   3.8817740e+06   1.4648438e+01
   3.8820070e+06   1.4648438e+01
   3.8820910e+06   1.3427734e+01
   4.0006670e+06   1.3305664e+01
   4.0008630e+06   1.4831543e+01
   4.0009190e+06   1.3671875e+01
   4.0009610e+06   1.5380859e+01
   4.1114660e+06   1.3549805e+01
   4.1117280e+06   1.8676758e+01
   4.1117780e+06   1.5930176e+01
   4.1118210e+06   1.3610840e+01
   4.2008810e+06   1.4099121e+01
   4.2012930e+06   1.5563965e+01
   4.2013220e+06   1.3366699e+01
   4.2729960e+06   1.5441895e+01
   4.2730190e+06   1.4465332e+01
   4.2731260e+06   1.4465332e+01
   4.2732240e+06   1.3671875e+01
   4.2732560e+06   1.6967773e+01
   4.2732700e+06   1.5686035e+01
   4.2733130e+06   1.3732910e+01
   4.3288560e+06   1.3305664e+01
   4.3290040e+06   1.5502930e+01
   4.3290680e+06   1.4099121e+01
   4.3290860e+06   1.3305664e+01
   4.3291270e+06   1.5014648e+01
   4.3553990e+06   1.3244629e+01
   4.3557570e+06   2.5146484e+01
   4.3946450e+06   1.3977051e+01
   4.4376750e+06   1.4465332e+01
   5.5171720e+06   1.3427734e+01
   5.5529040e+06   1.3610840e+01
   5.5529730e+06   1.3183594e+01
   5.5530180e+06   1.5625000e+01
   5.5986240e+06   1.3244629e+01
   5.6058740e+06   1.3122559e+01
   5.8396760e+06   1.6357422e+01
   5.8396990e+06   1.3366699e+01
   5.8397160e+06   1.4099121e+01
   5.8854430e+06   1.3244629e+01
