   5.9990000e+06   0.0000000e+00
   1.4418000e+04   1.5441895e+01
   3.0213000e+04   1.5930176e+01
   3.0337000e+04   1.3916016e+01
   4.0379000e+04   1.3732910e+01
   1.4197500e+05   1.8005371e+01
   1.6182000e+05   1.3183594e+01
   1.6206600e+05   1.8432617e+01
   1.8294100e+05   1.3916016e+01
   1.8296900e+05   2.0874023e+01
   1.8299700e+05   1.9042969e+01
   1.8302400e+05   1.6418457e+01
   1.8303600e+05   1.7395020e+01
   1.8306400e+05   2.9357910e+01
   1.8307900e+05   1.7639160e+01
   1.8310600e+05   3.2714844e+01
   1.8311900e+05   1.9104004e+01
   1.8317100e+05   1.6601562e+01
   1.8318300e+05   1.6296387e+01
   1.8320500e+05   1.5380859e+01
   1.8325300e+05   1.4526367e+01
   1.8352900e+05   1.3488770e+01
   1.9450700e+05   1.4709473e+01
   2.4339400e+05   1.8127441e+01
   2.4350000e+05   1.3305664e+01
   2.4367800e+05   1.7395020e+01
   2.4390500e+05   1.4709473e+01
   2.4395200e+05   1.4770508e+01
   2.4440100e+05   1.3183594e+01
   2.4535000e+05   1.3610840e+01
   2.4537100e+05   2.4780273e+01
   2.4541700e+05   1.3244629e+01
   2.4549400e+05   1.7272949e+01
   2.4552400e+05   1.8920898e+01
   2.4556200e+05   1.6845703e+01
   2.4558800e+05   2.0202637e+01
   2.4561800e+05   1.8310547e+01
   2.4564700e+05   1.7883301e+01
   2.4566900e+05   2.1728516e+01
   2.4568600e+05   1.4648438e+01
   2.4572700e+05   1.4465332e+01
   2.4579100e+05   1.3427734e+01
   2.7274000e+05   1.4404297e+01
   2.7290800e+05   1.6296387e+01
   2.7306400e+05   1.6113281e+01
   2.7329000e+05   1.8371582e+01
   2.7371500e+05   1.3366699e+01
   2.7414900e+05   1.5319824e+01
   2.8868900e+05   1.3305664e+01
   2.8873700e+05   1.3854980e+01
   2.8876600e+05   1.8981934e+01
   2.8897000e+05   1.3732910e+01
   2.8900000e+05   1.4038086e+01
   2.8901000e+05   1.3610840e+01
   2.8925700e+05   1.4343262e+01
   2.8927000e+05   1.3732910e+01
   2.8933000e+05   1.5197754e+01
   2.8938500e+05   1.4282227e+01
   2.8943300e+05   1.6113281e+01
   2.8947800e+05   1.5502930e+01
   2.8950700e+05   2.1850586e+01
   2.8956900e+05   2.2155762e+01
   2.8957900e+05   2.6306152e+01
   2.8959800e+05   1.4160156e+01
   2.8962600e+05   1.3854980e+01
   2.8965500e+05   1.7333984e+01
   2.8967800e+05   1.3427734e+01
   2.8970800e+05   1.4465332e+01
   2.8972100e+05   1.3427734e+01
   2.8974900e+05   1.4160156e+01
   2.8976800e+05   1.3244629e+01
   2.8984700e+05   1.5258789e+01
   2.8992100e+05   1.4404297e+01
   2.9190100e+05   1.3366699e+01
   3.2372100e+05   1.3488770e+01
   3.2385000e+05   1.4465332e+01
   3.2468600e+05   1.4099121e+01
   3.3899000e+05   1.4709473e+01
   3.3903400e+05   1.7272949e+01
   3.3910000e+05   1.3916016e+01
   3.3935200e+05   1.6479492e+01
   3.3943300e+05   1.3732910e+01
   3.3947600e+05   1.6052246e+01
   3.3964500e+05   1.4953613e+01
   3.3967900e+05   1.6357422e+01
   3.3970200e+05   1.7944336e+01
   3.3976300e+05   2.0263672e+01
   3.3981000e+05   1.9104004e+01
   3.3984700e+05   1.3977051e+01
   3.3987300e+05   1.5563965e+01
   3.3988800e+05   1.8493652e+01
   3.3992200e+05   1.3671875e+01
   3.3994000e+05   1.6479492e+01
   3.3998400e+05   1.4343262e+01
   3.4000600e+05   2.0446777e+01
   3.4006200e+05   1.7089844e+01
   3.4014800e+05   1.4465332e+01
   3.6602400e+05   1.4282227e+01
   3.6614500e+05   1.4221191e+01
   3.6647500e+05   1.3793945e+01
   3.7513700e+05   1.4465332e+01
   3.7521900e+05   1.3305664e+01
   3.7640100e+05   1.3793945e+01
   3.8840400e+05   1.5075684e+01
   3.8842800e+05   1.4343262e+01
   3.8865100e+05   1.4038086e+01
   3.8883000e+05   1.3244629e+01
   3.8888100e+05   1.4221191e+01
   3.8893100e+05   1.5319824e+01
   3.8901700e+05   1.3793945e+01
   3.8907000e+05   1.5136719e+01
   3.8923700e+05   1.4526367e+01
   3.8925700e+05   1.3610840e+01
   3.8929500e+05   1.3916016e+01
   3.8930700e+05   2.3437500e+01
   3.8932900e+05   2.4047852e+01
   3.8937600e+05   1.5930176e+01
   3.8938800e+05   1.7700195e+01
   3.8942800e+05   1.6296387e+01
   3.8945000e+05   1.6052246e+01
   3.8948900e+05   1.5747070e+01
   3.8956300e+05   1.5930176e+01
   3.8960200e+05   1.5075684e+01
   3.8970300e+05   1.4038086e+01
   3.8983800e+05   1.3366699e+01
   4.1399300e+05   1.3610840e+01
   4.1412200e+05   1.6784668e+01
   4.2727300e+05   1.4709473e+01
   4.2735000e+05   2.1057129e+01
   4.2747700e+05   1.3183594e+01
   4.2784800e+05   1.4526367e+01
   4.2808300e+05   1.4099121e+01
   4.2834200e+05   1.4099121e+01
   4.2852500e+05   1.5075684e+01
   4.4063200e+05   1.4587402e+01
   4.4080400e+05   1.4465332e+01
   4.4100300e+05   1.3427734e+01
   4.5246000e+05   1.3977051e+01
   4.5256900e+05   1.7578125e+01
   4.5294900e+05   1.3427734e+01
   4.5301200e+05   1.4160156e+01
   4.5326800e+05   1.3244629e+01
   4.6299000e+05   1.6479492e+01
   4.6889200e+05   1.7028809e+01
   4.7142700e+05   1.9104004e+01
   4.7146200e+05   1.6235352e+01
   4.8174700e+05   1.8981934e+01
   4.8213400e+05   1.5808105e+01
   4.8241100e+05   1.5502930e+01
   4.8589200e+05   1.5136719e+01
   4.8838400e+05   1.4404297e+01
   4.9764900e+05   1.6906738e+01
   4.9767200e+05   1.5197754e+01
   4.9805400e+05   1.4526367e+01
   4.9818100e+05   1.8249512e+01
   5.0868900e+05   1.3305664e+01
   5.0878900e+05   1.6723633e+01
   5.0907900e+05   1.3610840e+01
   5.0913000e+05   1.3488770e+01
   5.1741700e+05   1.3244629e+01
   5.1744300e+05   1.4953613e+01
   5.1770600e+05   1.5625000e+01
   5.1779100e+05   1.3488770e+01
   5.3151700e+05   1.7700195e+01
   5.3153100e+05   1.4587402e+01
   5.4532700e+05   1.8371582e+01
   5.4541500e+05   1.3427734e+01
   5.4552800e+05   1.3854980e+01
   5.4574900e+05   1.5014648e+01
   5.4660600e+05   1.3305664e+01
   5.5711800e+05   1.4587402e+01
   5.6511400e+05   1.5747070e+01
   5.6515800e+05   1.7639160e+01
   5.6563300e+05   1.6418457e+01
   5.6583700e+05   1.3427734e+01
   5.6634000e+05   1.3488770e+01
   5.6646800e+05   1.4221191e+01
   5.7943400e+05   1.6052246e+01
   5.7949300e+05   1.3610840e+01
   5.7997300e+05   1.5258789e+01
   5.8071600e+05   1.3366699e+01
   5.9429800e+05   1.8981934e+01
   5.9433700e+05   1.5075684e+01
   5.9453900e+05   1.3244629e+01
   5.9481800e+05   1.6845703e+01
   5.9538000e+05   1.5625000e+01
   5.9584000e+05   1.3366699e+01
   5.9902700e+05   1.4709473e+01
   6.0649100e+05   1.4648438e+01
   6.0678800e+05   1.6479492e+01
   6.1608300e+05   1.7150879e+01
   6.1632000e+05   1.3549805e+01
   6.1711800e+05   1.6296387e+01
   6.3183900e+05   1.3793945e+01
   6.3195600e+05   1.4099121e+01
   6.4495100e+05   1.3610840e+01
   6.4503000e+05   1.3671875e+01
   6.4506500e+05   1.4282227e+01
   6.4582800e+05   1.3305664e+01
   6.4611300e+05   1.3366699e+01
   6.6671900e+05   1.3305664e+01
   6.6700400e+05   1.5502930e+01
   6.8526400e+05   1.6113281e+01
   6.8643400e+05   1.4160156e+01
   6.8649200e+05   1.3488770e+01
   7.1040600e+05   1.6113281e+01
   7.1084000e+05   1.5808105e+01
   7.1101200e+05   1.6479492e+01
   7.3082600e+05   1.5625000e+01
   7.3098200e+05   1.9714355e+01
   7.3107000e+05   1.5869141e+01
   7.3170400e+05   1.3427734e+01
   7.5871000e+05   2.0568848e+01
   8.1993700e+05   1.4099121e+01
   9.5676100e+05   2.1606445e+01
   1.0466730e+06   1.4343262e+01
   1.0466860e+06   2.4597168e+01
   1.0467180e+06   1.8615723e+01
   1.0467410e+06   2.3010254e+01
   1.0467660e+06   1.6235352e+01
   1.0467950e+06   1.7272949e+01
   1.0468120e+06   1.7028809e+01
   1.0468290e+06   2.3864746e+01
   1.0468480e+06   3.7658691e+01
   1.0468870e+06   2.4353027e+01
   1.0469140e+06   2.0629883e+01
   1.0469460e+06   1.4099121e+01
   1.0469700e+06   1.9470215e+01
   1.0470220e+06   1.6479492e+01
   1.0472390e+06   1.3427734e+01
   1.0473640e+06   1.3854980e+01
   1.0476820e+06   1.5747070e+01
   1.0503670e+06   1.3183594e+01
   1.0581280e+06   1.4526367e+01
   1.0699930e+06   1.6357422e+01
   1.2628940e+06   1.3549805e+01
   1.2629290e+06   2.4414062e+01
   1.2629570e+06   1.8859863e+01
   1.2629710e+06   1.4526367e+01
   1.2629870e+06   2.0141602e+01
   1.2630030e+06   2.8015137e+01
   1.2630280e+06   1.5869141e+01
   1.2630540e+06   2.2338867e+01
   1.2630810e+06   3.0273438e+01
   1.2631130e+06   2.0507812e+01
   1.2631240e+06   1.6906738e+01
   1.2631340e+06   1.6357422e+01
   1.2631570e+06   1.6845703e+01
   1.2631750e+06   1.7395020e+01
   1.2632050e+06   1.6113281e+01
   1.2632160e+06   1.3366699e+01
   1.2633660e+06   1.4526367e+01
   1.2633820e+06   1.4221191e+01
   1.2634370e+06   1.3610840e+01
   1.2635470e+06   1.4709473e+01
   1.3141680e+06   1.7883301e+01
   1.5265200e+06   1.3549805e+01
   1.5265790e+06   3.3996582e+01
   1.5266070e+06   2.8259277e+01
   1.5266300e+06   5.4809570e+01
   1.5266710e+06   3.9123535e+01
   1.5267140e+06   2.5451660e+01
   1.5267380e+06   1.6418457e+01
   1.5268070e+06   1.5502930e+01
   1.5270360e+06   1.7150879e+01
   1.5315310e+06   1.4953613e+01
   1.5323190e+06   1.3732910e+01
   1.5373150e+06   1.5258789e+01
   1.5380620e+06   1.6357422e+01
   1.5406680e+06   1.8981934e+01
   1.5408620e+06   1.3366699e+01
   1.5426380e+06   1.8371582e+01
   1.5459210e+06   1.9165039e+01
   1.5823820e+06   2.0385742e+01
   1.5832690e+06   2.0690918e+01
   1.5833760e+06   1.4526367e+01
   1.5869550e+06   2.0629883e+01
   1.6290100e+06   1.7944336e+01
   1.6290400e+06   1.6113281e+01
   1.6291010e+06   1.5014648e+01
   1.6291350e+06   1.3488770e+01
   1.6291750e+06   1.5014648e+01
   1.6291880e+06   1.8554688e+01
   1.6292020e+06   1.7517090e+01
   1.6292270e+06   1.8981934e+01
   1.6292480e+06   3.1372070e+01
   1.6292750e+06   2.5268555e+01
   1.6292880e+06   2.6855469e+01
   1.6293090e+06   1.5991211e+01
   1.6293300e+06   2.6123047e+01
   1.6293630e+06   2.2583008e+01
   1.6293960e+06   2.0812988e+01
   1.6294080e+06   1.3549805e+01
   1.6294540e+06   1.7028809e+01
   1.6295460e+06   1.6357422e+01
   1.7221320e+06   1.3916016e+01
   1.7221550e+06   2.4780273e+01
   1.7222120e+06   1.4160156e+01
   1.7222370e+06   2.0568848e+01
   1.7222470e+06   1.4221191e+01
   1.7222860e+06   1.8493652e+01
   1.7222980e+06   1.9714355e+01
   1.7223270e+06   3.3203125e+01
   1.7223410e+06   1.6601562e+01
   1.7223690e+06   1.8615723e+01
   1.7223800e+06   1.7150879e+01
   1.7224000e+06   1.7333984e+01
   1.7224320e+06   1.7822266e+01
   1.7224640e+06   1.4770508e+01
   1.7224890e+06   1.5686035e+01
   1.7225130e+06   1.5869141e+01
   1.7225410e+06   1.6906738e+01
   1.7225960e+06   1.5502930e+01
   1.7226570e+06   1.4709473e+01
   1.7226920e+06   1.3427734e+01
   1.7231710e+06   1.4770508e+01
   1.7298640e+06   1.3488770e+01
   1.7300550e+06   1.3671875e+01
   1.7321450e+06   1.4770508e+01
   1.7349840e+06   1.7578125e+01
   1.7388490e+06   1.5808105e+01
   1.7695990e+06   1.7761230e+01
   1.7696130e+06   1.3671875e+01
   1.7696370e+06   1.8371582e+01
   1.7696470e+06   1.3854980e+01
   1.7696970e+06   1.6357422e+01
   1.7697160e+06   1.6479492e+01
   1.7697380e+06   3.0761719e+01
   1.7697520e+06   2.3376465e+01
   1.7697880e+06   1.6601562e+01
   1.7697990e+06   2.4047852e+01
   1.7698170e+06   1.5197754e+01
   1.7698370e+06   2.1545410e+01
   1.7698540e+06   2.2583008e+01
   1.7698750e+06   1.7700195e+01
   1.7699020e+06   1.5991211e+01
   1.7699120e+06   1.4099121e+01
   1.7699890e+06   1.4648438e+01
   1.7702520e+06   1.3916016e+01
   1.7705040e+06   1.6052246e+01
   1.7706920e+06   1.3244629e+01
   1.7712180e+06   1.3183594e+01
   1.7790930e+06   1.7028809e+01
   1.7809980e+06   1.6906738e+01
   1.7819740e+06   1.7395020e+01
   1.8356820e+06   1.7150879e+01
   1.8356980e+06   1.4160156e+01
   1.8357660e+06   1.4465332e+01
   1.8358270e+06   2.8991699e+01
   1.8358410e+06   2.6916504e+01
   1.8358610e+06   2.7832031e+01
   1.8358810e+06   1.5808105e+01
   1.8358940e+06   2.6611328e+01
   1.8359160e+06   2.1362305e+01
   1.8359340e+06   1.6662598e+01
   1.8359500e+06   1.3366699e+01
   1.8359660e+06   1.4465332e+01
   1.8359930e+06   1.5686035e+01
   1.8360150e+06   1.8981934e+01
   1.8360290e+06   1.3305664e+01
   1.8361580e+06   1.6601562e+01
   1.8362680e+06   1.5258789e+01
   1.8791190e+06   1.3671875e+01
   1.8791400e+06   1.5197754e+01
   1.8791780e+06   1.4770508e+01
   1.8791890e+06   1.6174316e+01
   1.8792190e+06   1.8432617e+01
   1.8792420e+06   1.9165039e+01
   1.8792760e+06   1.7333984e+01
   1.8792900e+06   1.7822266e+01
   1.8793140e+06   1.7272949e+01
   1.8793300e+06   2.4719238e+01
   1.8793480e+06   2.6367188e+01
   1.8793650e+06   2.0019531e+01
   1.8793880e+06   3.4973145e+01
   1.8794000e+06   2.0202637e+01
   1.8794220e+06   1.3671875e+01
   1.8794480e+06   1.7211914e+01
   1.8794580e+06   1.5625000e+01
   1.8795300e+06   1.4038086e+01
   1.8796300e+06   1.5014648e+01
   1.8796440e+06   1.3488770e+01
   1.8797710e+06   1.4160156e+01
   1.8798550e+06   1.3183594e+01
   1.9196220e+06   1.3793945e+01
   1.9196450e+06   1.9470215e+01
   1.9196690e+06   2.1362305e+01
   1.9197010e+06   1.3488770e+01
   1.9197280e+06   1.9836426e+01
   1.9197390e+06   2.3376465e+01
   1.9197780e+06   1.4282227e+01
   1.9197910e+06   2.1057129e+01
   1.9198310e+06   2.6733398e+01
   1.9198460e+06   1.8249512e+01
   1.9198590e+06   2.2827148e+01
   1.9198980e+06   1.5319824e+01
   1.9199340e+06   1.4160156e+01
   1.9199710e+06   1.9470215e+01
   1.9199830e+06   1.4343262e+01
   1.9200180e+06   1.3854980e+01
   1.9200820e+06   1.3549805e+01
   1.9201470e+06   1.4465332e+01
   1.9309890e+06   1.7028809e+01
   1.9375250e+06   1.6662598e+01
   1.9390220e+06   1.7456055e+01
   1.9499300e+06   2.1545410e+01
   1.9499770e+06   1.3488770e+01
   1.9499870e+06   1.6540527e+01
   1.9500130e+06   2.0202637e+01
   1.9500320e+06   2.3620605e+01
   1.9500430e+06   1.4343262e+01
   1.9500660e+06   2.0141602e+01
   1.9500830e+06   2.3620605e+01
   1.9501090e+06   1.9958496e+01
   1.9501300e+06   1.8676758e+01
   1.9501430e+06   2.0996094e+01
   1.9501720e+06   1.3977051e+01
   1.9501830e+06   2.4597168e+01
   1.9502090e+06   2.3498535e+01
   1.9502440e+06   1.4404297e+01
   1.9502580e+06   2.2033691e+01
   1.9502930e+06   1.3244629e+01
   1.9503230e+06   1.3366699e+01
   1.9504280e+06   1.4648438e+01
   1.9504910e+06   1.4465332e+01
   1.9505540e+06   1.4770508e+01
   1.9612430e+06   1.7456055e+01
   1.9894710e+06   1.9531250e+01
   1.9895160e+06   1.8798828e+01
   1.9895340e+06   1.3366699e+01
   1.9895640e+06   2.2888184e+01
   1.9895740e+06   2.0996094e+01
   1.9896150e+06   3.2409668e+01
   1.9896370e+06   3.0395508e+01
   1.9896510e+06   1.5319824e+01
   1.9896650e+06   1.8798828e+01
   1.9897030e+06   1.7456055e+01
   1.9897340e+06   1.4587402e+01
   1.9897920e+06   1.7089844e+01
   1.9898500e+06   1.4831543e+01
   1.9898650e+06   1.5930176e+01
   1.9900810e+06   1.4526367e+01
   2.0083910e+06   1.6723633e+01
   2.0100400e+06   1.5258789e+01
   2.0133980e+06   1.9592285e+01
   2.0394790e+06   1.8127441e+01
   2.0394960e+06   1.4099121e+01
   2.0395570e+06   1.5136719e+01
   2.0395680e+06   2.7832031e+01
   2.0395960e+06   2.2705078e+01
   2.0396160e+06   3.3691406e+01
   2.0396370e+06   4.3090820e+01
   2.0396490e+06   1.4526367e+01
   2.0396660e+06   2.9235840e+01
   2.0396860e+06   2.2094727e+01
   2.0396990e+06   2.0202637e+01
   2.0397220e+06   1.7761230e+01
   2.0397460e+06   2.3315430e+01
   2.0397650e+06   1.8066406e+01
   2.0397950e+06   1.6113281e+01
   2.0398590e+06   1.6174316e+01
   2.0399510e+06   1.5258789e+01
   2.0672090e+06   1.5319824e+01
   2.0672350e+06   1.4038086e+01
   2.0673000e+06   1.8066406e+01
   2.0673140e+06   1.8737793e+01
   2.0673400e+06   1.8798828e+01
   2.0673530e+06   1.6479492e+01
   2.0673860e+06   1.4038086e+01
   2.0674090e+06   2.2766113e+01
   2.0674320e+06   1.5747070e+01
   2.0674720e+06   2.8564453e+01
   2.0675000e+06   1.4404297e+01
   2.0675390e+06   2.2338867e+01
   2.0675610e+06   2.0507812e+01
   2.0676000e+06   1.6113281e+01
   2.0676770e+06   1.3244629e+01
   2.0677080e+06   1.5136719e+01
   2.0680100e+06   1.4282227e+01
   2.0695810e+06   1.3183594e+01
   2.0974100e+06   1.4953613e+01
   2.0974380e+06   2.1667480e+01
   2.0974650e+06   1.3549805e+01
   2.0975190e+06   1.5869141e+01
   2.0975360e+06   2.3681641e+01
   2.0975650e+06   2.6184082e+01
   2.0975840e+06   3.1921387e+01
   2.0976060e+06   2.1057129e+01
   2.0976350e+06   2.2094727e+01
   2.0976590e+06   1.5930176e+01
   2.0976690e+06   1.6296387e+01
   2.0977060e+06   1.6418457e+01
   2.0977310e+06   1.6418457e+01
   2.0977570e+06   1.6296387e+01
   2.0977970e+06   1.8371582e+01
   2.0978140e+06   1.4526367e+01
   2.0978390e+06   1.3732910e+01
   2.0978550e+06   1.4953613e+01
   2.1119890e+06   1.3854980e+01
   2.1136610e+06   2.0202637e+01
   2.1198560e+06   1.5136719e+01
   2.1265670e+06   1.3977051e+01
   2.1281160e+06   1.8554688e+01
   2.1281260e+06   1.3732910e+01
   2.1450590e+06   1.6113281e+01
   2.1549670e+06   1.3671875e+01
   2.1552730e+06   1.9897461e+01
   2.1572210e+06   1.7272949e+01
   2.1674890e+06   1.7700195e+01
   2.1787420e+06   1.9348145e+01
   2.1789080e+06   1.5747070e+01
   2.1806490e+06   2.0324707e+01
   2.1841910e+06   2.1484375e+01
   2.1864720e+06   1.9836426e+01
   2.1924520e+06   1.7700195e+01
   2.2324990e+06   1.5625000e+01
   2.2325740e+06   1.4587402e+01
   2.2325850e+06   1.7822266e+01
   2.2326140e+06   1.3854980e+01
   2.2326370e+06   1.4099121e+01
   2.2326780e+06   2.6672363e+01
   2.2326990e+06   2.1179199e+01
   2.2327090e+06   2.1362305e+01
   2.2327500e+06   2.2644043e+01
   2.2327630e+06   3.0334473e+01
   2.2327940e+06   1.6845703e+01
   2.2328060e+06   2.4963379e+01
   2.2328310e+06   1.8615723e+01
   2.2328600e+06   1.4770508e+01
   2.2328700e+06   1.6906738e+01
   2.2329180e+06   1.4038086e+01
   2.2329820e+06   1.3610840e+01
   2.2330810e+06   1.5502930e+01
   2.2926880e+06   1.3549805e+01
   2.2927730e+06   2.0263672e+01
   2.2927880e+06   2.2155762e+01
   2.2928090e+06   1.5075684e+01
   2.2928370e+06   1.6357422e+01
   2.2928640e+06   1.5319824e+01
   2.2929390e+06   1.4770508e+01
   2.2929710e+06   2.2583008e+01
   2.2929900e+06   1.8188477e+01
   2.2930130e+06   2.4658203e+01
   2.2930250e+06   2.3559570e+01
   2.2930570e+06   1.7089844e+01
   2.2930820e+06   2.2583008e+01
   2.2930970e+06   2.2460938e+01
   2.2931270e+06   1.8554688e+01
   2.2931490e+06   1.5197754e+01
   2.2931850e+06   1.5930176e+01
   2.2932250e+06   1.5563965e+01
   2.2932640e+06   1.6723633e+01
   2.2932900e+06   1.5319824e+01
   2.3117510e+06   1.7395020e+01
   2.3117910e+06   1.5441895e+01
   2.3118520e+06   1.6723633e+01
   2.3118880e+06   1.6296387e+01
   2.3119030e+06   1.6906738e+01
   2.3119320e+06   1.3366699e+01
   2.3119430e+06   2.2216797e+01
   2.3119650e+06   2.0629883e+01
   2.3120080e+06   2.5207520e+01
   2.3120320e+06   1.3793945e+01
   2.3120580e+06   1.9592285e+01
   2.3120690e+06   1.9104004e+01
   2.3121170e+06   2.5268555e+01
   2.3121390e+06   1.4709473e+01
   2.3121700e+06   2.6245117e+01
   2.3122040e+06   1.5625000e+01
   2.3122300e+06   1.9165039e+01
   2.3123030e+06   1.5930176e+01
   2.3124820e+06   1.5808105e+01
   2.3127580e+06   1.5014648e+01
   2.3937750e+06   2.1728516e+01
   2.3937870e+06   1.8188477e+01
   2.3938440e+06   1.3366699e+01
   2.3939190e+06   1.5991211e+01
   2.3939350e+06   1.4953613e+01
   2.3939560e+06   1.7578125e+01
   2.3939770e+06   1.7211914e+01
   2.3939910e+06   1.8005371e+01
   2.3940370e+06   2.7343750e+01
   2.3940470e+06   2.7038574e+01
   2.3940670e+06   2.3376465e+01
   2.3940890e+06   1.9348145e+01
   2.3941020e+06   1.5502930e+01
   2.3941320e+06   2.2705078e+01
   2.3941500e+06   1.8554688e+01
   2.3941770e+06   1.5319824e+01
   2.3941930e+06   1.5502930e+01
   2.3942130e+06   1.7028809e+01
   2.3942820e+06   1.5380859e+01
   2.4228320e+06   1.7028809e+01
   2.4228640e+06   1.3793945e+01
   2.4229270e+06   1.7150879e+01
   2.4229680e+06   1.3732910e+01
   2.4229830e+06   1.5136719e+01
   2.4230010e+06   1.4038086e+01
   2.4230580e+06   1.7272949e+01
   2.4230760e+06   1.8127441e+01
   2.4230940e+06   1.3916016e+01
   2.4231210e+06   2.0996094e+01
   2.4231530e+06   1.8554688e+01
   2.4231770e+06   2.9663086e+01
   2.4232140e+06   1.8676758e+01
   2.4232390e+06   1.3671875e+01
   2.4232710e+06   2.3193359e+01
   2.4232980e+06   1.5258789e+01
   2.4233240e+06   2.0446777e+01
   2.4233420e+06   1.4343262e+01
   2.4233770e+06   1.4038086e+01
   2.4233870e+06   1.4648438e+01
   2.4234100e+06   1.3183594e+01
   2.4234500e+06   1.3366699e+01
   2.4234750e+06   1.6601562e+01
   2.4235160e+06   1.3549805e+01
   2.4236610e+06   1.3244629e+01
   2.5142670e+06   1.8493652e+01
   2.5142930e+06   1.3854980e+01
   2.5143450e+06   1.3793945e+01
   2.5143610e+06   1.3610840e+01
   2.5143900e+06   1.5502930e+01
   2.5144300e+06   1.4831543e+01
   2.5144400e+06   1.6174316e+01
   2.5144670e+06   2.0629883e+01
   2.5144930e+06   1.4587402e+01
   2.5145240e+06   1.9592285e+01
   2.5145600e+06   2.2094727e+01
   2.5145740e+06   1.4465332e+01
   2.5146100e+06   1.6967773e+01
   2.5146290e+06   1.4953613e+01
   2.5146410e+06   1.5258789e+01
   2.5146770e+06   1.3732910e+01
   2.5147100e+06   1.8127441e+01
   2.5147260e+06   1.6418457e+01
   2.5147650e+06   2.4536133e+01
   2.5148290e+06   1.4099121e+01
   2.5148790e+06   1.4709473e+01
   2.5149010e+06   1.3427734e+01
   2.5589920e+06   1.7578125e+01
   2.5590360e+06   1.3549805e+01
   2.5591010e+06   1.3549805e+01
   2.5591700e+06   1.4892578e+01
   2.5592080e+06   1.5258789e+01
   2.5592320e+06   2.0446777e+01
   2.5592440e+06   2.8747559e+01
   2.5592750e+06   2.5024414e+01
   2.5592920e+06   1.3427734e+01
   2.5593070e+06   1.8249512e+01
   2.5593310e+06   2.0263672e+01
   2.5593490e+06   1.5014648e+01
   2.5593650e+06   2.3559570e+01
   2.5594040e+06   1.7211914e+01
   2.5594180e+06   2.3498535e+01
   2.5594430e+06   1.3183594e+01
   2.5594670e+06   1.6662598e+01
   2.5594770e+06   1.5014648e+01
   2.5595010e+06   1.6235352e+01
   2.5595310e+06   1.8981934e+01
   2.5595430e+06   2.1057129e+01
   2.5595610e+06   1.6723633e+01
   2.5596360e+06   1.3793945e+01
   2.5596460e+06   2.0446777e+01
   2.5596610e+06   1.3183594e+01
   2.5597170e+06   1.4099121e+01
   2.6397790e+06   1.8127441e+01
   2.7209890e+06   1.3305664e+01
   2.7310230e+06   1.8310547e+01
   2.7340260e+06   1.9348145e+01
   2.7387330e+06   2.0019531e+01
   2.7503060e+06   2.0202637e+01
   2.7564810e+06   1.7944336e+01
   2.7602690e+06   2.1057129e+01
   2.7734000e+06   1.6845703e+01
   2.7784360e+06   1.8066406e+01
   2.8544780e+06   2.0751953e+01
   2.8588560e+06   1.6418457e+01
   3.4125700e+06   1.5747070e+01
   3.4125910e+06   2.4902344e+01
   3.4126020e+06   2.0812988e+01
   3.4126120e+06   1.5991211e+01
   3.4126360e+06   2.0996094e+01
   3.4126470e+06   2.4169922e+01
   3.4126810e+06   2.3071289e+01
   3.4127010e+06   2.1423340e+01
   3.4127120e+06   1.8005371e+01
   3.4127290e+06   2.1667480e+01
   3.4127600e+06   3.2043457e+01
   3.4127820e+06   2.1362305e+01
   3.4128080e+06   2.2888184e+01
   3.4128300e+06   2.1118164e+01
   3.4128540e+06   1.8310547e+01
   3.4128720e+06   1.5808105e+01
   3.4129090e+06   1.3854980e+01
   3.4129350e+06   1.4648438e+01
   3.4129760e+06   1.3671875e+01
   3.4132180e+06   1.3427734e+01
   3.4190200e+06   1.3610840e+01
   3.4192260e+06   1.7028809e+01
   3.5078300e+06   2.1057129e+01
   3.7401550e+06   1.5197754e+01
   3.7402330e+06   1.7028809e+01
   3.7403850e+06   1.5808105e+01
   3.7405890e+06   1.4160156e+01
   3.7406910e+06   1.3427734e+01
   3.7407450e+06   3.0090332e+01
   3.7407560e+06   1.3427734e+01
   3.7407690e+06   1.3671875e+01
   3.7408130e+06   2.8991699e+01
   3.7408470e+06   2.6184082e+01
   3.7408610e+06   4.1381836e+01
   3.7408920e+06   2.2155762e+01
   3.7409070e+06   2.4414062e+01
   3.7409260e+06   2.3315430e+01
   3.7409390e+06   2.2705078e+01
   3.7410320e+06   1.3427734e+01
   3.7410660e+06   1.4343262e+01
   3.7411010e+06   1.5441895e+01
   3.7411570e+06   1.3427734e+01
   3.7411880e+06   1.5747070e+01
   3.7412320e+06   1.3854980e+01
   3.7412630e+06   1.3549805e+01
   3.7914950e+06   1.3488770e+01
   3.8429480e+06   1.3488770e+01
   3.8818490e+06   2.0629883e+01
   3.8818770e+06   1.3793945e+01
   3.8819040e+06   1.6479492e+01
   3.8819230e+06   2.0141602e+01
   3.8819790e+06   1.7272949e+01
   3.8820080e+06   1.9165039e+01
   3.8820320e+06   1.9348145e+01
   3.8820610e+06   1.9897461e+01
   3.8820730e+06   1.3305664e+01
   3.8821000e+06   1.8920898e+01
   3.8821210e+06   1.8981934e+01
   3.8821390e+06   1.7578125e+01
   3.8821580e+06   1.7761230e+01
   3.8821880e+06   1.6296387e+01
   3.8822350e+06   1.6235352e+01
   3.8822470e+06   1.6052246e+01
   3.8823530e+06   1.3122559e+01
   3.8824080e+06   1.4221191e+01
   3.8824610e+06   1.4221191e+01
   3.8828740e+06   1.3122559e+01
   4.0006550e+06   1.3427734e+01
   4.0006800e+06   1.8676758e+01
   4.0007140e+06   1.3488770e+01
   4.0007270e+06   1.3671875e+01
   4.0007680e+06   1.4465332e+01
   4.0008400e+06   1.7211914e+01
   4.0008580e+06   1.6540527e+01
   4.0008730e+06   1.9104004e+01
   4.0009050e+06   1.4831543e+01
   4.0009350e+06   2.1362305e+01
   4.0009610e+06   3.0822754e+01
   4.0009840e+06   3.1433105e+01
   4.0010070e+06   2.4536133e+01
   4.0010270e+06   1.6784668e+01
   4.0010490e+06   2.1240234e+01
   4.0010800e+06   1.3916016e+01
   4.0010950e+06   1.4343262e+01
   4.0011290e+06   1.5380859e+01
   4.0011480e+06   1.5258789e+01
   4.0011830e+06   1.3793945e+01
   4.0012100e+06   1.3305664e+01
   4.0810390e+06   1.8554688e+01
   4.0819760e+06   1.9775391e+01
   4.0822050e+06   1.8493652e+01
   4.1115290e+06   1.5014648e+01
   4.1115430e+06   1.6845703e+01
   4.1116150e+06   1.9409180e+01
   4.1116360e+06   1.9592285e+01
   4.1116490e+06   1.4221191e+01
   4.1116600e+06   1.3122559e+01
   4.1116870e+06   1.4343262e+01
   4.1117050e+06   1.5808105e+01
   4.1117190e+06   2.0141602e+01
   4.1117430e+06   2.4780273e+01
   4.1117540e+06   2.9907227e+01
   4.1117780e+06   2.1789551e+01
   4.1117920e+06   4.5837402e+01
   4.1118200e+06   1.9348145e+01
   4.1118370e+06   2.3559570e+01
   4.1118590e+06   1.4587402e+01
   4.1118790e+06   2.3132324e+01
   4.1119060e+06   1.7211914e+01
   4.1119280e+06   1.5930176e+01
   4.1119410e+06   1.7944336e+01
   4.1119940e+06   1.4343262e+01
   4.1120830e+06   1.3549805e+01
   4.1121880e+06   1.4343262e+01
   4.2009670e+06   1.7822266e+01
   4.2010140e+06   1.9226074e+01
   4.2010730e+06   1.3732910e+01
   4.2011050e+06   1.6845703e+01
   4.2011590e+06   1.6296387e+01
   4.2011930e+06   2.5817871e+01
   4.2012160e+06   2.1789551e+01
   4.2012370e+06   1.5441895e+01
   4.2012530e+06   3.3508301e+01
   4.2012850e+06   1.7517090e+01
   4.2013000e+06   2.7832031e+01
   4.2013280e+06   2.4780273e+01
   4.2013470e+06   2.3010254e+01
   4.2013680e+06   1.6601562e+01
   4.2013890e+06   1.4953613e+01
   4.2014330e+06   1.7456055e+01
   4.2014990e+06   1.5380859e+01
   4.2015300e+06   1.3671875e+01
   4.2016790e+06   1.3610840e+01
   4.2017010e+06   1.3122559e+01
   4.2422150e+06   1.7395020e+01
   4.2493110e+06   1.8066406e+01
   4.2502830e+06   1.4831543e+01
   4.2556860e+06   1.7578125e+01
   4.2687500e+06   1.7700195e+01
   4.2729200e+06   1.5197754e+01
   4.2729930e+06   1.6418457e+01
   4.2730140e+06   2.1972656e+01
   4.2730980e+06   1.3305664e+01
   4.2731100e+06   1.5441895e+01
   4.2731530e+06   1.4282227e+01
   4.2731800e+06   1.8615723e+01
   4.2731980e+06   1.8432617e+01
   4.2732170e+06   2.2094727e+01
   4.2732280e+06   1.6784668e+01
   4.2732400e+06   1.5747070e+01
   4.2732570e+06   3.7292480e+01
   4.2732710e+06   1.6174316e+01
   4.2732970e+06   2.7404785e+01
   4.2733070e+06   2.4230957e+01
   4.2733410e+06   1.3671875e+01
   4.2733570e+06   2.0812988e+01
   4.2733730e+06   1.6052246e+01
   4.2733860e+06   1.3305664e+01
   4.2734390e+06   1.3427734e+01
   4.2734650e+06   1.4892578e+01
   4.2734950e+06   1.3488770e+01
   4.2735110e+06   1.5014648e+01
   4.2735410e+06   1.4953613e+01
   4.2736350e+06   1.4099121e+01
   4.2736950e+06   1.5563965e+01
   4.2741900e+06   1.3549805e+01
   4.2846380e+06   1.4404297e+01
   4.3289510e+06   1.6662598e+01
   4.3289610e+06   1.6357422e+01
   4.3290250e+06   2.6184082e+01
   4.3290510e+06   3.8146973e+01
   4.3290720e+06   3.9611816e+01
   4.3290870e+06   2.1057129e+01
   4.3291080e+06   2.2644043e+01
   4.3291290e+06   1.5136719e+01
   4.3291520e+06   1.9470215e+01
   4.3291670e+06   2.0324707e+01
   4.3291910e+06   1.4099121e+01
   4.3292240e+06   1.7272949e+01
   4.3292630e+06   1.5808105e+01
   4.3293500e+06   1.6723633e+01
   4.3294600e+06   1.4770508e+01
   4.3295590e+06   1.3244629e+01
   4.3296700e+06   1.4648438e+01
   4.3298680e+06   1.3916016e+01
   4.3301070e+06   1.3488770e+01
   4.3305520e+06   1.3305664e+01
   4.3312790e+06   1.3549805e+01
   4.3347220e+06   1.4709473e+01
   4.3352880e+06   1.3916016e+01
   4.3555410e+06   1.8798828e+01
   4.3555720e+06   1.3366699e+01
   4.3556350e+06   1.7456055e+01
   4.3556550e+06   2.1789551e+01
   4.3557000e+06   1.6845703e+01
   4.3557360e+06   2.1545410e+01
   4.3557680e+06   2.4230957e+01
   4.3558000e+06   1.7456055e+01
   4.3558310e+06   1.7211914e+01
   4.3558480e+06   1.5258789e+01
   4.3558770e+06   1.6784668e+01
   4.3558950e+06   1.7150879e+01
   4.3559270e+06   1.3366699e+01
   4.3559740e+06   1.5197754e+01
   4.3559850e+06   1.5930176e+01
   4.3560740e+06   1.3549805e+01
   4.3560970e+06   1.3977051e+01
   4.3561550e+06   1.4831543e+01
   4.3561860e+06   1.4465332e+01
   4.3567230e+06   1.4038086e+01
   4.3595080e+06   1.4709473e+01
   4.3619680e+06   1.3427734e+01
   4.3947010e+06   1.3671875e+01
   4.3947550e+06   2.1545410e+01
   4.3947680e+06   1.3244629e+01
   4.3947800e+06   1.5625000e+01
   4.3948090e+06   1.8310547e+01
   4.3948310e+06   2.1789551e+01
   4.3948450e+06   3.3264160e+01
   4.3948760e+06   2.2766113e+01
   4.3949130e+06   2.6184082e+01
   4.3949340e+06   2.4658203e+01
   4.3949450e+06   1.3122559e+01
   4.3949830e+06   1.5686035e+01
   4.3951410e+06   1.3854980e+01
   4.3951580e+06   1.4038086e+01
   4.3953390e+06   1.4465332e+01
   4.3954520e+06   1.4465332e+01
   4.4377720e+06   1.7578125e+01
   4.4377970e+06   1.4770508e+01
   4.4378330e+06   1.5197754e+01
   4.4378510e+06   2.3132324e+01
   4.4378790e+06   1.5136719e+01
   4.4379080e+06   3.7536621e+01
   4.4379250e+06   1.5625000e+01
   4.4379440e+06   1.7150879e+01
   4.4379660e+06   2.8320312e+01
   4.4379810e+06   1.7456055e+01
   4.4379920e+06   2.2521973e+01
   4.4380100e+06   1.8005371e+01
   4.4380230e+06   1.7150879e+01
   4.4380960e+06   1.4221191e+01
   4.4384200e+06   1.4343262e+01
   4.4452810e+06   1.5136719e+01
   4.4876180e+06   1.5380859e+01
   4.8492420e+06   1.9348145e+01
   4.9153940e+06   1.5563965e+01
   4.9174330e+06   1.7700195e+01
   4.9212100e+06   2.0690918e+01
   4.9262650e+06   1.6906738e+01
   4.9267880e+06   1.6418457e+01
   5.0086000e+06   1.9287109e+01
   5.0086810e+06   1.4953613e+01
   5.1344340e+06   1.8432617e+01
   5.3251740e+06   1.9226074e+01
   5.3271980e+06   1.4465332e+01
   5.3306680e+06   1.7883301e+01
   5.3307880e+06   1.6357422e+01
   5.3355450e+06   1.7639160e+01
   5.3418140e+06   1.6296387e+01
   5.5528490e+06   1.3732910e+01
   5.5528800e+06   1.3671875e+01
   5.5529150e+06   2.3071289e+01
   5.5529460e+06   2.1301270e+01
   5.5529640e+06   2.2277832e+01
   5.5529900e+06   2.8442383e+01
   5.5530090e+06   1.8310547e+01
   5.5530380e+06   1.7089844e+01
   5.5530650e+06   1.8798828e+01
   5.5530780e+06   1.6235352e+01
   5.5531050e+06   1.4770508e+01
   5.5531160e+06   1.4099121e+01
   5.5531340e+06   1.6357422e+01
   5.5531560e+06   1.6723633e+01
   5.5532000e+06   1.3610840e+01
   5.5532260e+06   1.3610840e+01
   5.5532580e+06   1.4160156e+01
   5.5533240e+06   1.3732910e+01
   5.5533550e+06   1.3854980e+01
   5.5533820e+06   1.4709473e+01
   5.5534050e+06   1.4831543e+01
   5.5535930e+06   1.4099121e+01
   5.5536340e+06   1.4892578e+01
   5.5548700e+06   1.3793945e+01
   5.5722050e+06   1.6418457e+01
   5.6365130e+06   1.4892578e+01
   5.6380020e+06   1.9104004e+01
   5.6387820e+06   1.8066406e+01
   5.6394650e+06   1.5808105e+01
   5.6427780e+06   1.7761230e+01
   5.6432590e+06   1.9470215e+01
   5.6442620e+06   1.8737793e+01
   5.6445720e+06   1.9042969e+01
   5.6472280e+06   1.8920898e+01
   5.6474030e+06   1.6296387e+01
   5.6516010e+06   1.8798828e+01
   5.6522620e+06   1.6723633e+01
   5.6539310e+06   1.8432617e+01
   5.6642380e+06   1.5319824e+01
   5.6647860e+06   1.7517090e+01
   5.6653570e+06   1.9042969e+01
   5.6822830e+06   1.7944336e+01
   5.6977980e+06   1.7700195e+01
   5.7357970e+06   1.5869141e+01
   5.7893520e+06   1.7944336e+01
   5.7909020e+06   1.8188477e+01
   5.8202460e+06   1.3916016e+01
   5.8395550e+06   1.5808105e+01
   5.8395900e+06   1.5625000e+01
   5.8396130e+06   2.2766113e+01
   5.8396330e+06   1.9836426e+01
   5.8396560e+06   2.0874023e+01
   5.8396720e+06   3.1066895e+01
   5.8396970e+06   4.0039062e+01
   5.8397190e+06   1.9714355e+01
   5.8397370e+06   2.3315430e+01
   5.8397680e+06   1.3244629e+01
   5.8397950e+06   1.9897461e+01
   5.8398050e+06   2.1240234e+01
   5.8398250e+06   1.9104004e+01
   5.8398770e+06   1.4221191e+01
   5.8399230e+06   1.3793945e+01
   5.8399410e+06   1.3671875e+01
   5.8399670e+06   1.3610840e+01
   5.8400170e+06   1.4404297e+01
   5.8400390e+06   1.9531250e+01
   5.8400780e+06   1.7456055e+01
   5.8418480e+06   1.4709473e+01
   5.8423660e+06   1.3854980e+01
   5.8676780e+06   1.4038086e+01
