   5.9990000e+06   0.0000000e+00
   1.2220000e+03   1.2634277e+01
   3.8861000e+04   1.4404297e+01
   3.8987000e+04   1.6540527e+01
   3.9104000e+04   1.3671875e+01
   1.8290700e+05   1.3061523e+01
   1.8312600e+05   1.5075684e+01
   1.8317600e+05   1.4221191e+01
   1.8326800e+05   1.5502930e+01
   1.8337300e+05   1.9348145e+01
   1.8348900e+05   1.5930176e+01
   2.4593000e+05   1.4526367e+01
   2.4606300e+05   1.4343262e+01
   2.4620100e+05   1.3183594e+01
   2.9008800e+05   1.3366699e+01
   2.9013800e+05   1.3854980e+01
   2.9018900e+05   1.7761230e+01
   2.9029100e+05   1.7639160e+01
   2.9036200e+05   1.3122559e+01
   2.9043900e+05   1.2817383e+01
   2.9048100e+05   1.5197754e+01
   3.4022900e+05   1.2756348e+01
   3.4024200e+05   2.0568848e+01
   3.4028500e+05   1.5808105e+01
   3.4034900e+05   1.3793945e+01
   3.4042500e+05   1.2878418e+01
   3.4044000e+05   1.3305664e+01
   3.4047700e+05   1.4282227e+01
   3.4051400e+05   1.5686035e+01
   3.4070400e+05   1.3061523e+01
   3.5726700e+05   1.5991211e+01
   3.5747600e+05   1.3122559e+01
   3.8332300e+05   1.2817383e+01
   5.9889400e+05   1.3122559e+01
   9.9077600e+05   1.3000488e+01
   1.0469850e+06   1.4282227e+01
   1.0470580e+06   1.8737793e+01
   1.0470920e+06   1.8798828e+01
   1.0471170e+06   1.4465332e+01
   1.0471650e+06   1.6662598e+01
   1.0471910e+06   1.3732910e+01
   1.0473230e+06   1.3488770e+01
   1.0483660e+06   1.3122559e+01
   1.2631980e+06   2.1606445e+01
   1.2632450e+06   1.6784668e+01
   1.2632640e+06   1.3305664e+01
   1.2632910e+06   2.0935059e+01
   1.2633240e+06   1.8920898e+01
   1.2633570e+06   1.6967773e+01
   1.2634120e+06   1.2756348e+01
   1.2635040e+06   1.3183594e+01
   1.2640750e+06   1.3000488e+01
   1.5267270e+06   2.5878906e+01
   1.5267690e+06   1.5136719e+01
   1.5268400e+06   1.4160156e+01
   1.5268620e+06   1.4892578e+01
   1.5269020e+06   1.8737793e+01
   1.5270250e+06   1.2756348e+01
   1.6293080e+06   1.5075684e+01
   1.6293520e+06   1.6479492e+01
   1.6293700e+06   1.3610840e+01
   1.6293890e+06   1.3793945e+01
   1.6294150e+06   1.4282227e+01
   1.6294490e+06   1.2817383e+01
   1.6294820e+06   1.5747070e+01
   1.6295550e+06   1.6662598e+01
   1.6313790e+06   1.4343262e+01
   1.7224040e+06   1.3366699e+01
   1.7224750e+06   1.7028809e+01
   1.7225030e+06   2.1667480e+01
   1.7225670e+06   1.5869141e+01
   1.7226350e+06   1.3732910e+01
   1.7227150e+06   1.3183594e+01
   1.7695990e+06   1.8310547e+01
   1.7697550e+06   1.7761230e+01
   1.7697660e+06   1.6113281e+01
   1.7698050e+06   1.4465332e+01
   1.7698280e+06   1.3549805e+01
   1.7698410e+06   1.4648438e+01
   1.7698850e+06   1.3671875e+01
   1.7699320e+06   1.3610840e+01
   1.7700290e+06   1.3183594e+01
   1.7701160e+06   1.4831543e+01
   1.7703090e+06   1.2878418e+01
   1.7707000e+06   1.2695313e+01
   1.8357720e+06   1.3610840e+01
   1.8358810e+06   1.4892578e+01
   1.8359320e+06   1.3610840e+01
   1.8359660e+06   2.0202637e+01
   1.8359780e+06   1.8127441e+01
   1.8360510e+06   1.3366699e+01
   1.8360640e+06   1.9836426e+01
   1.8361270e+06   1.4953613e+01
   1.8361520e+06   1.6967773e+01
   1.8362360e+06   1.5014648e+01
   1.8793420e+06   1.2817383e+01
   1.8794610e+06   1.7517090e+01
   1.8794780e+06   1.3488770e+01
   1.8795050e+06   1.5991211e+01
   1.8795640e+06   1.2756348e+01
   1.8796990e+06   1.4465332e+01
   1.8798760e+06   1.3671875e+01
   1.9199690e+06   1.6479492e+01
   1.9200820e+06   1.7944336e+01
   1.9503450e+06   1.6723633e+01
   1.9503680e+06   1.4099121e+01
   1.9891530e+06   1.2817383e+01
   1.9896640e+06   1.2878418e+01
   1.9898010e+06   1.4282227e+01
   2.0399270e+06   1.6418457e+01
   2.0674910e+06   1.3366699e+01
   2.0676680e+06   1.3610840e+01
   2.0677990e+06   1.3366699e+01
   2.0978720e+06   1.4709473e+01
   2.0980890e+06   1.6113281e+01
   2.2330320e+06   1.6906738e+01
   2.2330950e+06   1.4404297e+01
   2.5148650e+06   1.4282227e+01
   2.5149040e+06   1.3549805e+01
   2.5150190e+06   1.3549805e+01
   2.5150560e+06   2.0935059e+01
   2.5150950e+06   1.6418457e+01
   3.3043170e+06   1.2878418e+01
   3.4127640e+06   1.3793945e+01
   3.4128260e+06   1.8310547e+01
   3.4128480e+06   1.7761230e+01
   3.4128670e+06   1.4770508e+01
   3.4129500e+06   1.3000488e+01
   3.4129670e+06   1.3793945e+01
   3.4130930e+06   1.5686035e+01
   3.4145650e+06   1.3305664e+01
   3.7408190e+06   1.8493652e+01
   3.7408600e+06   1.9287109e+01
   3.7408990e+06   1.5686035e+01
   3.7409110e+06   2.3498535e+01
   3.7409460e+06   1.3793945e+01
   3.7409690e+06   2.2277832e+01
   3.7410200e+06   1.3549805e+01
   3.7410710e+06   1.5991211e+01
   3.7411160e+06   1.2756348e+01
   3.7412180e+06   1.3183594e+01
   3.7413900e+06   1.2939453e+01
   3.7418040e+06   1.5075684e+01
   3.8022970e+06   1.2817383e+01
   3.8820090e+06   2.2155762e+01
   3.8820450e+06   1.2878418e+01
   3.8820720e+06   1.5747070e+01
   3.8820840e+06   1.6662598e+01
   3.8821310e+06   1.2817383e+01
   3.8821430e+06   1.7272949e+01
   3.8821850e+06   1.4465332e+01
   3.8822310e+06   1.4648438e+01
   3.8822610e+06   1.3793945e+01
   3.8824000e+06   1.3488770e+01
   3.8824560e+06   1.2573242e+01
   3.8825400e+06   1.4709473e+01
   4.0009880e+06   1.6723633e+01
   4.0010230e+06   2.2216797e+01
   4.0010430e+06   1.6723633e+01
   4.0010560e+06   1.5930176e+01
   4.0010840e+06   1.3122559e+01
   4.0011280e+06   1.4038086e+01
   4.0011530e+06   1.3061523e+01
   4.0011950e+06   1.2695312e+01
   4.0013340e+06   1.3671875e+01
   4.0016040e+06   1.4953613e+01
   4.1119050e+06   2.7038574e+01
   4.1119230e+06   2.0080566e+01
   4.1119520e+06   1.5014648e+01
   4.1119680e+06   1.4709473e+01
   4.1120000e+06   1.3000488e+01
   4.2013660e+06   2.3742676e+01
   4.2013780e+06   1.8310547e+01
   4.2014080e+06   2.3498535e+01
   4.2014220e+06   1.3366699e+01
   4.2014640e+06   1.8554688e+01
   4.2014780e+06   1.2634277e+01
   4.2015180e+06   1.4831543e+01
   4.2017930e+06   1.3000488e+01
   4.2733990e+06   1.3854980e+01
   4.2734140e+06   1.8005371e+01
   4.2734350e+06   2.7099609e+01
   4.2734530e+06   1.8066406e+01
   4.2734860e+06   1.8371582e+01
   4.2735170e+06   1.3732910e+01
   4.2737460e+06   1.3427734e+01
   4.3284900e+06   1.4221191e+01
   4.3285740e+06   1.6662598e+01
   4.3288340e+06   1.4221191e+01
   4.3289070e+06   1.3366699e+01
   4.3289430e+06   1.6723633e+01
   4.3289930e+06   1.5502930e+01
   4.3290560e+06   1.5991211e+01
   4.3291140e+06   1.5869141e+01
   4.3291470e+06   1.2756348e+01
   4.3291910e+06   1.3122559e+01
   4.3292410e+06   1.2695312e+01
   4.3292780e+06   1.2573242e+01
   4.3293890e+06   1.3549805e+01
   4.3559680e+06   1.4160156e+01
   4.3559800e+06   1.7456055e+01
   4.3560030e+06   1.9958496e+01
   4.3560210e+06   1.8188477e+01
   4.3560580e+06   1.4892578e+01
   4.3560730e+06   1.8859863e+01
   4.3560850e+06   1.2756348e+01
   4.3561160e+06   1.6113281e+01
   4.3562050e+06   1.4953613e+01
   4.3562690e+06   1.3305664e+01
   4.3568280e+06   1.3549805e+01
   4.3943550e+06   1.5319824e+01
   4.3944380e+06   1.4038086e+01
   4.3945810e+06   1.3305664e+01
   4.3946020e+06   1.4221191e+01
   4.3946740e+06   1.3854980e+01
   4.3946910e+06   1.5075684e+01
   4.3947290e+06   2.2949219e+01
   4.3947410e+06   1.3549805e+01
   4.3947710e+06   1.2878418e+01
   4.3948130e+06   1.4221191e+01
   4.3948490e+06   1.2634277e+01
   4.3948910e+06   1.2878418e+01
   4.3949320e+06   1.5686035e+01
   4.3950090e+06   1.3061523e+01
   4.3955490e+06   1.3671875e+01
   4.4373570e+06   1.3732910e+01
   4.4374090e+06   1.5014648e+01
   4.4374700e+06   1.3854980e+01
   4.4374810e+06   1.3366699e+01
   4.4375960e+06   1.4465332e+01
   4.4377360e+06   1.3549805e+01
   4.4378270e+06   1.3549805e+01
   4.4378740e+06   1.4465332e+01
   4.4379010e+06   1.6357422e+01
   4.4379190e+06   1.8432617e+01
   4.4379830e+06   1.2756348e+01
   4.4380090e+06   2.0629883e+01
   4.4381140e+06   1.2817383e+01
   4.4382440e+06   1.2756348e+01
   4.4382970e+06   1.3610840e+01
   4.4383890e+06   1.3000488e+01
   5.5294870e+06   1.3061523e+01
   5.5531190e+06   1.2939453e+01
   5.5531520e+06   1.8981934e+01
   5.5531650e+06   2.4963379e+01
   5.5531820e+06   1.2756348e+01
   5.5531930e+06   1.3061523e+01
   5.5532210e+06   1.5808105e+01
   5.5532930e+06   1.3610840e+01
   5.5533440e+06   1.3488770e+01
   5.5545170e+06   1.3366699e+01
   5.5613060e+06   1.2817383e+01
   5.8398000e+06   1.4160156e+01
   5.8398440e+06   1.4160156e+01
   5.8398600e+06   2.1606445e+01
   5.8398720e+06   2.0935059e+01
   5.8399340e+06   1.3732910e+01
   5.8399510e+06   2.0629883e+01
   5.8402040e+06   1.3122559e+01
