   5.9990000e+06   0.0000000e+00
   5.8643000e+05   1.0864258e+01
   8.9357700e+05   1.1291504e+01
   1.1089350e+06   1.0925293e+01
   1.1091190e+06   1.2145996e+01
   1.4227200e+06   1.2939453e+01
   1.4227360e+06   1.4587402e+01
   1.5022910e+06   1.5563965e+01
   1.5023120e+06   1.1108398e+01
   1.5023390e+06   1.1535645e+01
   1.5122860e+06   1.1352539e+01
   1.5123450e+06   1.2023926e+01
   1.5123770e+06   1.2390137e+01
   1.5124240e+06   1.1779785e+01
   1.5127130e+06   1.1291504e+01
   1.5252470e+06   1.1108398e+01
   1.5252870e+06   1.3854980e+01
   1.5390050e+06   1.3061523e+01
   1.5390310e+06   1.5625000e+01
   1.5390620e+06   1.3122559e+01
   1.5390800e+06   1.3793945e+01
   1.5391260e+06   1.2390137e+01
   1.5756970e+06   1.0864258e+01
   1.7284940e+06   1.2878418e+01
   1.7285360e+06   1.2329102e+01
   1.7998920e+06   1.8920898e+01
   1.7999220e+06   1.2390137e+01
   1.8730610e+06   1.5075684e+01
   1.8730920e+06   1.5136719e+01
   1.8731140e+06   1.1291504e+01
   2.2079650e+06   1.2023926e+01
   2.7800050e+06   1.2939453e+01
   2.7802450e+06   1.0864258e+01
   2.8700270e+06   1.2390137e+01
   2.8703310e+06   1.0925293e+01
   2.8714950e+06   1.0986328e+01
   2.9422060e+06   1.2084961e+01
   2.9422250e+06   1.2451172e+01
   3.0576660e+06   1.1169434e+01
   3.0685430e+06   1.2268066e+01
   3.0685740e+06   1.1413574e+01
   3.0686800e+06   1.1413574e+01
   3.0687960e+06   1.1291504e+01
   3.0696280e+06   1.0986328e+01
   3.0956590e+06   1.0925293e+01
   3.2744860e+06   1.1230469e+01
   3.5559670e+06   1.1474609e+01
   3.5560380e+06   1.6174316e+01
   3.6614770e+06   1.2573242e+01
   3.6615090e+06   1.6906738e+01
   3.6618610e+06   1.1047363e+01
   3.7575200e+06   1.2084961e+01
   3.7576150e+06   1.2939453e+01
   3.9413620e+06   1.0864258e+01
   4.0573300e+06   1.2268066e+01
   4.0573540e+06   1.1596680e+01
   4.0574650e+06   1.4099121e+01
   4.5133900e+06   1.2756348e+01
   4.6284300e+06   1.1413574e+01
   4.6284510e+06   1.1291504e+01
   4.6284720e+06   1.2817383e+01
   4.6284960e+06   1.2207031e+01
   5.2387030e+06   1.1291504e+01
   5.2984790e+06   1.5075684e+01
   5.2985060e+06   1.1047363e+01
   5.2985480e+06   1.5319824e+01
   5.3858820e+06   1.2329102e+01
   5.3989350e+06   1.5258789e+01
   5.3989590e+06   1.3244629e+01
   5.3989860e+06   1.2084961e+01
   5.3990300e+06   1.0925293e+01
   5.3991750e+06   1.0925293e+01
   5.4149630e+06   1.3183594e+01
   5.4150240e+06   1.2329102e+01
   5.6140050e+06   1.2145996e+01
   5.6140440e+06   1.3671875e+01
   5.7770890e+06   1.0864258e+01
   5.8341360e+06   1.1718750e+01
   5.8342220e+06   1.1657715e+01
   5.8345140e+06   1.0925293e+01
   5.9767360e+06   1.1108398e+01
