   5.9990000e+06   0.0000000e+00
   2.4446000e+04   1.1474609e+01
   8.2076000e+04   1.1901855e+01
   8.6664000e+04   1.1718750e+01
   1.2720900e+05   1.1901855e+01
   1.8131500e+05   1.1474609e+01
   2.1927600e+05   1.1535645e+01
   2.2128900e+05   1.1779785e+01
   2.4049300e+05   1.1535645e+01
   2.5967700e+05   1.1718750e+01
   3.5511900e+05   1.2634277e+01
   3.5665300e+05   1.1474609e+01
   3.7507100e+05   1.1474609e+01
   4.3567000e+05   1.1413574e+01
   4.7488700e+05   1.2939453e+01
   5.2980600e+05   1.1718750e+01
   5.5351200e+05   1.2329102e+01
   5.7319600e+05   1.2451172e+01
   6.1781800e+05   1.1962891e+01
   6.3976500e+05   1.2329102e+01
   6.5296300e+05   1.3244629e+01
   7.0299000e+05   1.1779785e+01
   7.2020600e+05   1.1413574e+01
   8.5136500e+05   1.1657715e+01
   9.0267600e+05   1.1535645e+01
   9.7196800e+05   1.2023926e+01
   1.0104390e+06   1.1840820e+01
   1.1495990e+06   1.1535645e+01
   1.2063100e+06   1.2207031e+01
   1.3232220e+06   1.1718750e+01
   1.4168670e+06   1.1840820e+01
   1.4185930e+06   1.1535645e+01
   1.4211420e+06   1.3183594e+01
   1.4334010e+06   1.1718750e+01
   1.4336440e+06   1.1535645e+01
   1.4340790e+06   1.2084961e+01
   1.4347240e+06   1.1657715e+01
   1.4575980e+06   1.1596680e+01
   1.5023930e+06   1.2512207e+01
   1.5121720e+06   1.2329102e+01
   1.5122600e+06   1.2207031e+01
   1.5252870e+06   1.1718750e+01
   1.5253260e+06   1.1413574e+01
   1.5389290e+06   1.1474609e+01
   1.5561000e+06   1.2023926e+01
   1.6477530e+06   1.1901855e+01
   1.7057930e+06   1.2451172e+01
   1.7096860e+06   1.1596680e+01
   1.7132810e+06   1.1535645e+01
   1.7286010e+06   1.3549805e+01
   1.7336390e+06   1.1535645e+01
   1.7421190e+06   1.1657715e+01
   1.7999340e+06   1.1535645e+01
   1.8677880e+06   1.1413574e+01
   1.8731290e+06   1.2145996e+01
   1.8732090e+06   1.2451172e+01
   1.9021820e+06   1.2390137e+01
   1.9615150e+06   1.1535645e+01
   2.0284150e+06   1.2634277e+01
   2.0347170e+06   1.1413574e+01
   2.0495690e+06   1.1413574e+01
   2.0496050e+06   1.1535645e+01
   2.1030490e+06   1.1657715e+01
   2.1298850e+06   1.2329102e+01
   2.1621980e+06   1.1474609e+01
   2.1820540e+06   1.1657715e+01
   2.1883110e+06   1.1596680e+01
   2.3177860e+06   1.1413574e+01
   2.3327500e+06   1.1413574e+01
   2.3463960e+06   1.2695312e+01
   2.3518530e+06   1.1535645e+01
   2.4673810e+06   1.1718750e+01
   2.4851480e+06   1.3610840e+01
   2.5023840e+06   1.3793945e+01
   2.5115000e+06   1.1962891e+01
   2.5440170e+06   1.1718750e+01
   2.5934850e+06   1.2023926e+01
   2.6502010e+06   1.1779785e+01
   2.7684310e+06   1.1840820e+01
   2.7717150e+06   1.1962891e+01
   2.9223470e+06   1.1901855e+01
   2.9883420e+06   1.2634277e+01
   3.0186700e+06   1.2573242e+01
   3.0211750e+06   1.1535645e+01
   3.0355180e+06   1.1779785e+01
   3.0548190e+06   1.3305664e+01
   3.0582730e+06   1.2695313e+01
   3.0689810e+06   1.1779785e+01
   3.1607650e+06   1.1657715e+01
   3.1986990e+06   1.2512207e+01
   3.2731660e+06   1.1840820e+01
   3.2744430e+06   1.2939453e+01
   3.3601160e+06   1.1596680e+01
   3.4751050e+06   1.1901855e+01
   3.5018590e+06   1.1840820e+01
   3.5559200e+06   1.2084961e+01
   3.5563920e+06   1.2084961e+01
   3.5568270e+06   1.1901855e+01
   3.5875270e+06   1.2145996e+01
   3.7579950e+06   1.1962891e+01
   3.7582160e+06   1.1901855e+01
   3.9414570e+06   1.1718750e+01
   3.9415230e+06   1.2023926e+01
   3.9423660e+06   1.2329102e+01
   3.9729900e+06   1.1779785e+01
   4.0477900e+06   1.3916016e+01
   4.0574590e+06   1.2390137e+01
   4.1054680e+06   1.3061523e+01
   4.1146050e+06   1.2634277e+01
   4.1287820e+06   1.1535645e+01
   4.1380870e+06   1.1535645e+01
   4.1749840e+06   1.1840820e+01
   4.2686070e+06   1.1779785e+01
   4.2799050e+06   1.1535645e+01
   4.2936260e+06   1.1840820e+01
   4.3116170e+06   1.1718750e+01
   4.3425070e+06   1.2573242e+01
   4.3762430e+06   1.2878418e+01
   4.4388050e+06   1.2451172e+01
   4.4658170e+06   1.1535645e+01
   4.4905420e+06   1.2634277e+01
   4.5562130e+06   1.2268066e+01
   4.6023150e+06   1.2329102e+01
   4.6072760e+06   1.2268066e+01
   4.6530920e+06   1.2512207e+01
   4.6716620e+06   1.2084961e+01
   4.6910290e+06   1.2329102e+01
   4.7279160e+06   1.3000488e+01
   4.7523810e+06   1.2145996e+01
   4.7863760e+06   1.1535645e+01
   4.9014010e+06   1.1840820e+01
   4.9077060e+06   1.3610840e+01
   4.9274140e+06   1.1840820e+01
   4.9373440e+06   1.1779785e+01
   4.9853880e+06   1.1657715e+01
   5.0691370e+06   1.1718750e+01
   5.0979840e+06   1.1718750e+01
   5.2171390e+06   1.1901855e+01
   5.3221430e+06   1.1779785e+01
   5.3859020e+06   1.1840820e+01
   5.3994730e+06   1.1596680e+01
   5.4151310e+06   1.2756348e+01
   5.4705900e+06   1.1779785e+01
   5.4802750e+06   1.1718750e+01
   5.5342810e+06   1.1657715e+01
   5.5686610e+06   1.1901855e+01
   5.6055840e+06   1.1718750e+01
   5.6134670e+06   1.1535645e+01
   5.6139410e+06   1.2573242e+01
   5.6139690e+06   1.2512207e+01
   5.6140830e+06   1.6906738e+01
   5.6144000e+06   1.1840820e+01
   5.6460790e+06   1.2329102e+01
   5.8236670e+06   1.2573242e+01
   5.8334420e+06   1.1596680e+01
   5.8339560e+06   1.1657715e+01
   5.8341920e+06   1.4831543e+01
   5.8343140e+06   1.1901855e+01
   5.8345290e+06   1.1779785e+01
   5.8347780e+06   1.2268066e+01
   5.9032470e+06   1.3061523e+01
