   5.9990000e+06   0.0000000e+00
   4.8125900e+05   1.1291504e+01
   8.6409800e+05   1.1047363e+01
   1.4228880e+06   1.1840820e+01
   1.4229120e+06   1.1230469e+01
   1.4229590e+06   1.1230469e+01
   1.5024170e+06   1.2268066e+01
   1.5123410e+06   1.0986328e+01
   1.8731720e+06   1.0986328e+01
   3.0689690e+06   1.0925293e+01
   3.2744870e+06   1.1474609e+01
   3.5563640e+06   1.1596680e+01
   3.6615280e+06   1.1779785e+01
   3.6616180e+06   1.1108398e+01
   3.6616680e+06   1.1291504e+01
   4.0572760e+06   1.1047363e+01
   4.0573530e+06   1.2084961e+01
   4.6654870e+06   1.1108398e+01
   4.8175130e+06   1.1047363e+01
   5.6139540e+06   1.1779785e+01
