   5.9990000e+06   0.0000000e+00
   1.8702800e+05   1.2756348e+01
   3.3836400e+05   1.1352539e+01
   4.3566400e+05   1.1718750e+01
   6.1766400e+05   1.1779785e+01
   6.6917300e+05   1.2268066e+01
   7.7714100e+05   1.2023926e+01
   9.5075900e+05   1.1596680e+01
   1.1088400e+06   1.1291504e+01
   1.1090330e+06   1.1413574e+01
   1.3071510e+06   1.1291504e+01
   1.4095330e+06   1.1230469e+01
   1.4226070e+06   1.1779785e+01
   1.4227110e+06   1.6052246e+01
   1.5021980e+06   1.2329102e+01
   1.5022460e+06   1.2451172e+01
   1.5022570e+06   1.1535645e+01
   1.5119700e+06   1.1901855e+01
   1.5122370e+06   1.1352539e+01
   1.5122710e+06   1.3183594e+01
   1.5123580e+06   1.3610840e+01
   1.5124840e+06   1.1108398e+01
   1.5252880e+06   1.1413574e+01
   1.5253820e+06   1.2329102e+01
   1.5254050e+06   1.2939453e+01
   1.5391300e+06   1.1840820e+01
   1.5391850e+06   1.1596680e+01
   1.5393510e+06   1.1596680e+01
   1.7153770e+06   1.1169434e+01
   1.7283880e+06   1.1474609e+01
   1.7284380e+06   1.1535645e+01
   1.7284720e+06   1.3549805e+01
   1.7285670e+06   1.1657715e+01
   1.7286140e+06   1.2939453e+01
   1.7996980e+06   1.3427734e+01
   1.7997740e+06   1.1657715e+01
   1.7998130e+06   1.2573242e+01
   1.8729660e+06   1.3549805e+01
   1.8729820e+06   1.4099121e+01
   1.8730210e+06   1.1047363e+01
   2.3174400e+06   1.2145996e+01
   2.3175020e+06   1.1047363e+01
   2.4937790e+06   1.1718750e+01
   2.6372820e+06   1.1718750e+01
   2.7307210e+06   1.1108398e+01
   2.7801170e+06   1.2451172e+01
   2.8699550e+06   1.3061523e+01
   2.9422010e+06   1.3183594e+01
   2.9423730e+06   1.1169434e+01
   3.0577450e+06   1.5197754e+01
   3.0577990e+06   1.5075684e+01
   3.0579900e+06   1.2390137e+01
   3.0684660e+06   1.2634277e+01
   3.0687100e+06   1.4038086e+01
   3.0687840e+06   1.1535645e+01
   3.2742310e+06   1.2573242e+01
   3.2742850e+06   1.1962891e+01
   3.2742960e+06   1.4404297e+01
   3.2743710e+06   1.4953613e+01
   3.5335960e+06   1.1413574e+01
   3.5559170e+06   1.1840820e+01
   3.5559350e+06   1.3427734e+01
   3.5559750e+06   1.1596680e+01
   3.5560050e+06   1.1718750e+01
   3.5561120e+06   1.1230469e+01
   3.6614540e+06   1.5502930e+01
   3.6615210e+06   1.3122559e+01
   3.6615480e+06   1.3183594e+01
   3.7575000e+06   1.4709473e+01
   3.7575150e+06   1.2145996e+01
   3.7575290e+06   1.4831543e+01
   3.9412390e+06   1.1413574e+01
   3.9413450e+06   1.2023926e+01
   3.9414050e+06   1.1291504e+01
   3.9414250e+06   1.8371582e+01
   3.9415410e+06   1.1352539e+01
   3.9417640e+06   1.1840820e+01
   4.0572250e+06   1.1230469e+01
   4.0572790e+06   1.1474609e+01
   4.1026350e+06   1.1352539e+01
   4.6284610e+06   1.2207031e+01
   4.6284890e+06   1.2817383e+01
   4.7935210e+06   1.2023926e+01
   5.2983540e+06   1.3671875e+01
   5.2984270e+06   1.3671875e+01
   5.2985260e+06   1.1535645e+01
   5.3858140e+06   1.5319824e+01
   5.3858340e+06   1.1535645e+01
   5.3859690e+06   1.2390137e+01
   5.3990200e+06   1.1535645e+01
   5.3990630e+06   1.5136719e+01
   5.3990760e+06   1.2878418e+01
   5.3990990e+06   1.1962891e+01
   5.3992240e+06   1.1230469e+01
   5.3993680e+06   1.1901855e+01
   5.4151190e+06   1.2207031e+01
   5.4151330e+06   1.1230469e+01
   5.4151720e+06   1.2023926e+01
   5.4833260e+06   1.1535645e+01
   5.6137730e+06   1.3732910e+01
   5.6138440e+06   1.2329102e+01
   5.8339440e+06   1.2268066e+01
   5.8340740e+06   1.1535645e+01
   5.9432620e+06   1.1474609e+01
