   5.9990000e+06   0.0000000e+00
   6.2810000e+04   1.2207031e+01
   6.2823000e+04   1.1474609e+01
   9.5405000e+04   1.2023926e+01
   9.5869000e+04   1.1779785e+01
   1.3620000e+05   1.1657715e+01
   1.3710900e+05   1.1535645e+01
   1.3746600e+05   1.1474609e+01
   1.6038900e+05   1.1535645e+01
   1.8685500e+05   1.1047363e+01
   1.8693900e+05   1.1657715e+01
   2.2714000e+05   1.3488770e+01
   2.6471900e+05   1.1169434e+01
   2.6472900e+05   1.2878418e+01
   2.6919600e+05   1.1718750e+01
   2.8695700e+05   1.1535645e+01
   2.8850100e+05   1.1596680e+01
   2.8910700e+05   1.1474609e+01
   3.3811000e+05   1.4099121e+01
   3.3820000e+05   1.1474609e+01
   3.7001400e+05   1.1047363e+01
   3.8380600e+05   1.1901855e+01
   3.9264300e+05   1.1474609e+01
   4.3420200e+05   1.1108398e+01
   4.8121800e+05   1.3305664e+01
   4.8125000e+05   1.1352539e+01
   4.8135400e+05   1.1230469e+01
   4.8158400e+05   1.1779785e+01
   4.8169100e+05   1.1474609e+01
   5.2943600e+05   1.2023926e+01
   5.2963300e+05   1.2390137e+01
   5.7398900e+05   1.1047363e+01
   5.9699100e+05   1.2451172e+01
   6.1784500e+05   1.1230469e+01
   6.1814500e+05   1.2512207e+01
   7.5037000e+05   1.2695313e+01
   7.9959900e+05   1.2634277e+01
   7.9966500e+05   1.1047363e+01
   8.2704600e+05   1.2634277e+01
   8.2707600e+05   1.2878418e+01
   8.6412500e+05   1.1962891e+01
   9.0717200e+05   1.2512207e+01
   9.7617800e+05   1.1230469e+01
   1.0697240e+06   1.4038086e+01
   1.1088140e+06   1.1535645e+01
   1.1088890e+06   1.1230469e+01
   1.1089130e+06   1.1047363e+01
   1.1090570e+06   1.4343262e+01
   1.1121670e+06   1.1413574e+01
   1.1123020e+06   1.1291504e+01
   1.1124300e+06   1.1230469e+01
   1.2063170e+06   1.1474609e+01
   1.2063770e+06   1.1291504e+01
   1.2071830e+06   1.1779785e+01
   1.2467150e+06   1.1718750e+01
   1.3059470e+06   1.1718750e+01
   1.3060310e+06   1.2451172e+01
   1.3652020e+06   1.1047363e+01
   1.4004120e+06   1.1047363e+01
   1.4226450e+06   1.3366699e+01
   1.4227500e+06   1.2268066e+01
   1.4229660e+06   1.3610840e+01
   1.4336440e+06   1.2451172e+01
   1.5022990e+06   1.6662598e+01
   1.5023160e+06   2.1057129e+01
   1.5023370e+06   1.5808105e+01
   1.5023670e+06   1.1413574e+01
   1.5122450e+06   1.3122559e+01
   1.5123330e+06   1.2695313e+01
   1.5123430e+06   1.1535645e+01
   1.5124120e+06   1.1352539e+01
   1.5124660e+06   1.2084961e+01
   1.5144220e+06   1.1413574e+01
   1.5155400e+06   1.1352539e+01
   1.5157070e+06   1.1169434e+01
   1.5158710e+06   1.1840820e+01
   1.5162310e+06   1.1169434e+01
   1.5252410e+06   1.2634277e+01
   1.5252740e+06   1.3427734e+01
   1.5252840e+06   1.4465332e+01
   1.5253360e+06   1.1474609e+01
   1.5267350e+06   1.1535645e+01
   1.5270610e+06   1.2023926e+01
   1.5390000e+06   1.1596680e+01
   1.5390350e+06   1.4892578e+01
   1.5390570e+06   1.3427734e+01
   1.6762680e+06   1.1169434e+01
   1.6979480e+06   1.1352539e+01
   1.7284530e+06   1.1047363e+01
   1.7285090e+06   1.4587402e+01
   1.7285360e+06   1.5930176e+01
   1.7285490e+06   1.8859863e+01
   1.7285760e+06   1.1291504e+01
   1.7998630e+06   1.2329102e+01
   1.7999050e+06   1.3183594e+01
   1.8730310e+06   1.1718750e+01
   1.8730510e+06   1.5869141e+01
   1.8730760e+06   1.5686035e+01
   1.8731250e+06   1.1718750e+01
   1.8743990e+06   1.4038086e+01
   1.8750300e+06   1.1047363e+01
   1.8756590e+06   1.1169434e+01
   1.8766290e+06   1.1291504e+01
   2.0830690e+06   1.2817383e+01
   2.1030940e+06   1.3061523e+01
   2.1521440e+06   1.2145996e+01
   2.3172390e+06   1.2817383e+01
   2.3174240e+06   1.1108398e+01
   2.3175790e+06   1.4953613e+01
   2.3176630e+06   1.1230469e+01
   2.4934700e+06   1.1779785e+01
   2.4935390e+06   1.3671875e+01
   2.4943680e+06   1.1169434e+01
   2.5656610e+06   1.1230469e+01
   2.6499880e+06   1.5563965e+01
   2.6500730e+06   1.2268066e+01
   2.6919510e+06   1.1535645e+01
   2.6991550e+06   1.4160156e+01
   2.6995500e+06   1.1657715e+01
   2.6996910e+06   1.1169434e+01
   2.7798430e+06   1.1901855e+01
   2.7799130e+06   1.1962891e+01
   2.7799590e+06   1.2084961e+01
   2.7799880e+06   1.3671875e+01
   2.7800090e+06   1.1413574e+01
   2.8698340e+06   1.2573242e+01
   2.8700030e+06   1.2756348e+01
   2.8700450e+06   1.6418457e+01
   2.8700910e+06   1.2023926e+01
   2.8865570e+06   1.1230469e+01
   2.9421510e+06   1.3000488e+01
   2.9422990e+06   1.1779785e+01
   2.9429490e+06   1.1291504e+01
   2.9454330e+06   1.1657715e+01
   2.9456820e+06   1.1169434e+01
   3.0574100e+06   1.1169434e+01
   3.0575770e+06   1.2145996e+01
   3.0576470e+06   1.7883301e+01
   3.0577010e+06   1.2939453e+01
   3.0577120e+06   1.2634277e+01
   3.0577970e+06   1.2084961e+01
   3.0578940e+06   1.3366699e+01
   3.0682900e+06   1.1413574e+01
   3.0685300e+06   1.1413574e+01
   3.0685620e+06   1.2023926e+01
   3.0686580e+06   1.1352539e+01
   3.0686940e+06   1.3305664e+01
   3.0687780e+06   1.1108398e+01
   3.2740310e+06   1.2207031e+01
   3.2742840e+06   2.0202637e+01
   3.2743700e+06   1.1169434e+01
   3.2746670e+06   1.1535645e+01
   3.2747590e+06   1.2756348e+01
   3.2749100e+06   1.3427734e+01
   3.4183420e+06   1.1230469e+01
   3.5560400e+06   1.0986328e+01
   3.5561140e+06   1.4648438e+01
   3.6613950e+06   1.2207031e+01
   3.6614440e+06   1.1108398e+01
   3.6614900e+06   1.3000488e+01
   3.6615230e+06   1.4404297e+01
   3.7574360e+06   1.1108398e+01
   3.7575620e+06   1.6113281e+01
   3.7575800e+06   1.2023926e+01
   3.7576560e+06   1.1108398e+01
   3.9412890e+06   1.7883301e+01
   3.9413670e+06   1.2084961e+01
   3.9414740e+06   1.1047363e+01
   4.0564690e+06   1.0986328e+01
   4.0573570e+06   1.9409180e+01
   4.0573770e+06   1.1352539e+01
   4.0574150e+06   1.1596680e+01
   4.0574770e+06   1.4465332e+01
   4.0574930e+06   1.3183594e+01
   4.0585160e+06   1.2145996e+01
   4.0588050e+06   1.1291504e+01
   4.2439800e+06   1.1474609e+01
   4.3683500e+06   1.1108398e+01
   4.3684190e+06   1.3854980e+01
   4.4012330e+06   1.3122559e+01
   4.4030240e+06   1.1108398e+01
   4.5119310e+06   1.1047363e+01
   4.5132810e+06   1.1718750e+01
   4.5132920e+06   1.6601562e+01
   4.5133100e+06   1.2268066e+01
   4.6283550e+06   1.3061523e+01
   4.6284290e+06   1.1291504e+01
   4.6285030e+06   1.3122559e+01
   4.6285900e+06   1.3183594e+01
   4.7467970e+06   1.1108398e+01
   4.7931540e+06   1.1352539e+01
   4.7934600e+06   1.1474609e+01
   5.0911870e+06   1.3061523e+01
   5.2167420e+06   1.3854980e+01
   5.2168000e+06   1.2390137e+01
   5.2169550e+06   1.1596680e+01
   5.2171340e+06   1.1474609e+01
   5.2345140e+06   1.1230469e+01
   5.2984940e+06   1.4343262e+01
   5.2985170e+06   1.1962891e+01
   5.2985330e+06   1.1047363e+01
   5.2985820e+06   1.3610840e+01
   5.3512840e+06   1.1596680e+01
   5.3857860e+06   1.1169434e+01
   5.3859030e+06   1.1474609e+01
   5.3859470e+06   1.3244629e+01
   5.3989210e+06   1.1108398e+01
   5.3989430e+06   1.2695312e+01
   5.3989570e+06   1.6967773e+01
   5.3990310e+06   1.1230469e+01
   5.3990990e+06   1.1047363e+01
   5.4011220e+06   1.1108398e+01
   5.4148790e+06   1.1047363e+01
   5.4149870e+06   1.1352539e+01
   5.4150260e+06   1.1596680e+01
   5.6135070e+06   1.1108398e+01
   5.6135530e+06   1.2145996e+01
   5.6136520e+06   1.1596680e+01
   5.6137720e+06   1.1535645e+01
   5.6138160e+06   1.3732910e+01
   5.6140840e+06   1.4709473e+01
   5.8339560e+06   1.2145996e+01
   5.8341020e+06   1.5014648e+01
   5.8341340e+06   1.1840820e+01
   5.8341640e+06   1.4953613e+01
   5.8342190e+06   1.2512207e+01
   5.8343150e+06   1.2451172e+01
