   5.9990000e+06   0.0000000e+00
   1.6042500e+05   1.1596680e+01
   2.2106900e+05   1.1169434e+01
   5.9696400e+05   1.1047363e+01
   6.1737800e+05   1.1901855e+01
   7.7716800e+05   1.2573242e+01
   7.9964500e+05   1.1840820e+01
   8.2722800e+05   1.1169434e+01
   1.1089780e+06   1.1657715e+01
   1.1090490e+06   1.2084961e+01
   1.1093890e+06   1.1047363e+01
   1.1094870e+06   1.1535645e+01
   1.2761500e+06   1.1108398e+01
   1.4225950e+06   1.2329102e+01
   1.5023040e+06   1.1779785e+01
   1.5023340e+06   1.4648438e+01
   1.5121250e+06   1.1108398e+01
   1.5122400e+06   1.1596680e+01
   1.5256630e+06   1.1474609e+01
   1.5389220e+06   1.1230469e+01
   1.5391000e+06   1.1108398e+01
   1.6062710e+06   1.1230469e+01
   1.7285490e+06   1.2329102e+01
   1.7998790e+06   1.1901855e+01
   1.7998900e+06   1.1657715e+01
   1.7999080e+06   1.1657715e+01
   1.8730910e+06   1.1108398e+01
   1.9866670e+06   1.1474609e+01
   2.0830630e+06   1.1108398e+01
   2.1087530e+06   1.1108398e+01
   2.1520410e+06   1.1230469e+01
   2.4148290e+06   1.4709473e+01
   2.8700030e+06   1.3610840e+01
   3.0576050e+06   1.2084961e+01
   3.0576490e+06   1.3122559e+01
   3.0577670e+06   1.1474609e+01
   3.0683170e+06   1.1230469e+01
   3.0684230e+06   1.2451172e+01
   3.5563930e+06   1.1291504e+01
   3.6615440e+06   1.3671875e+01
   3.7576300e+06   1.1962891e+01
   3.7957710e+06   1.1291504e+01
   3.7996570e+06   1.1657715e+01
   3.9415260e+06   1.2939453e+01
   3.9418260e+06   1.1047363e+01
   4.0574010e+06   1.2145996e+01
   4.0574970e+06   1.1718750e+01
   4.3397390e+06   1.1596680e+01
   4.3684840e+06   1.2207031e+01
   4.6283340e+06   1.1108398e+01
   4.6284920e+06   1.1596680e+01
   4.6285380e+06   1.2390137e+01
   4.6287220e+06   1.1047363e+01
   4.7932450e+06   1.1901855e+01
   4.9627040e+06   1.1535645e+01
   5.0365960e+06   1.1230469e+01
   5.2166860e+06   1.1230469e+01
   5.2343790e+06   1.2817383e+01
   5.2985860e+06   1.3854980e+01
   5.3989590e+06   1.2390137e+01
   5.3989880e+06   1.1474609e+01
   5.4148060e+06   1.8310547e+01
   5.4148630e+06   1.1352539e+01
   5.4150310e+06   1.1474609e+01
   5.4150810e+06   1.2145996e+01
   5.8342650e+06   1.1840820e+01
