   5.9990000e+06   0.0000000e+00
   1.5054440e+06   2.1667480e+01
   1.5056440e+06   2.0874023e+01
   1.6639900e+06   2.0935059e+01
   1.7955130e+06   2.2277832e+01
   1.8802800e+06   2.1606445e+01
   1.8953220e+06   2.0935059e+01
   2.7334170e+06   2.1606445e+01
   3.0378650e+06   2.1545410e+01
   3.0379150e+06   2.6306152e+01
   3.0504090e+06   2.1179199e+01
   3.0505540e+06   2.1911621e+01
   3.2206070e+06   2.2216797e+01
   3.4086650e+06   2.4291992e+01
   3.9911140e+06   2.1057129e+01
   4.1183470e+06   2.1118164e+01
   4.9331320e+06   2.2033691e+01
   4.9463980e+06   2.6855469e+01
   5.3607570e+06   2.4047852e+01
   5.3608310e+06   2.2094727e+01
   5.3608540e+06   2.6123047e+01
   5.7826860e+06   2.2033691e+01
   5.7828230e+06   2.2277832e+01
   5.7953200e+06   2.2644043e+01
   5.9309450e+06   2.1240234e+01
   5.9309610e+06   2.2644043e+01
   5.9310020e+06   2.4108887e+01
   5.9445450e+06   2.4291992e+01
   5.9448980e+06   2.2644043e+01
   5.9450290e+06   2.2460938e+01
