   5.9990000e+06   0.0000000e+00
   2.0444000e+04   2.8564453e+01
   3.2553000e+04   2.8198242e+01
   2.7036500e+05   2.7832031e+01
   4.1663400e+05   2.6611328e+01
   6.0408700e+05   2.7404785e+01
   6.0420000e+05   2.6550293e+01
   6.6766200e+05   2.8686523e+01
   7.2824600e+05   2.6489258e+01
   7.6699400e+05   2.6916504e+01
   7.9509800e+05   2.9907227e+01
   8.0406800e+05   2.6733398e+01
   8.0445400e+05   2.6733398e+01
   8.0477200e+05   2.6550293e+01
   8.0899900e+05   2.6794434e+01
   8.3355600e+05   2.6672363e+01
   8.8633900e+05   2.6123047e+01
   8.9571200e+05   2.8686523e+01
   9.0020800e+05   2.6672363e+01
   9.2840200e+05   2.7954102e+01
   9.6768400e+05   2.9235840e+01
   9.7820600e+05   3.1860352e+01
   9.8516800e+05   2.8686523e+01
   1.0056580e+06   2.7770996e+01
   1.0861150e+06   2.6428223e+01
   1.0866280e+06   2.8259277e+01
   1.1085210e+06   2.6245117e+01
   1.1247790e+06   2.6306152e+01
   1.1886880e+06   3.0090332e+01
   1.2036490e+06   2.6550293e+01
   1.2112720e+06   2.7343750e+01
   1.2215860e+06   2.6306152e+01
   1.2403480e+06   2.6550293e+01
   1.2953120e+06   3.1250000e+01
   1.3132670e+06   2.7465820e+01
   1.3235360e+06   3.1860352e+01
   1.3239020e+06   2.6794434e+01
   1.3340470e+06   2.6794434e+01
   1.3536090e+06   2.8137207e+01
   1.3680990e+06   2.7404785e+01
   1.3717410e+06   2.6306152e+01
   1.3875780e+06   4.1076660e+01
   1.4000660e+06   2.6245117e+01
   1.4012220e+06   2.9418945e+01
   1.4131820e+06   2.6733398e+01
   1.4207120e+06   2.7282715e+01
   1.4210780e+06   2.8503418e+01
   1.4222260e+06   2.7160645e+01
   1.4323590e+06   2.9296875e+01
   1.4336740e+06   2.6855469e+01
   1.4436590e+06   2.7404785e+01
   1.4505990e+06   2.6672363e+01
   1.4689230e+06   2.7221680e+01
   1.4839080e+06   2.9357910e+01
   1.5045420e+06   3.1738281e+01
   1.5050110e+06   3.0029297e+01
   1.5051320e+06   2.6550293e+01
   1.5051630e+06   3.1433105e+01
   1.5052030e+06   4.4982910e+01
   1.5052290e+06   7.5134277e+01
   1.5052450e+06   3.4545898e+01
   1.5052550e+06   2.8259277e+01
   1.5052930e+06   3.1982422e+01
   1.5053100e+06   2.8320312e+01
   1.5053420e+06   4.3823242e+01
   1.5053590e+06   4.5043945e+01
   1.5057940e+06   2.6245117e+01
   1.5061120e+06   2.6306152e+01
   1.5063620e+06   2.7282715e+01
   1.5064860e+06   2.8747559e+01
   1.5065140e+06   2.6428223e+01
   1.5068000e+06   3.2714844e+01
   1.5069430e+06   2.6977539e+01
   1.5071010e+06   2.7099609e+01
   1.5082980e+06   2.7282715e+01
   1.5085520e+06   3.7292480e+01
   1.5088650e+06   3.1433105e+01
   1.5097220e+06   2.6550293e+01
   1.5118980e+06   2.9113770e+01
   1.5131570e+06   2.6916504e+01
   1.5135260e+06   2.6306152e+01
   1.5159550e+06   2.9052734e+01
   1.5162510e+06   3.0639648e+01
   1.5166100e+06   2.6855469e+01
   1.5170310e+06   3.2104492e+01
   1.5170500e+06   3.3264160e+01
   1.5171200e+06   3.3264160e+01
   1.5171520e+06   3.5400391e+01
   1.5172180e+06   2.8869629e+01
   1.5172440e+06   4.7668457e+01
   1.5172640e+06   2.6855469e+01
   1.5173110e+06   2.7221680e+01
   1.5173400e+06   3.4973145e+01
   1.5173610e+06   3.0578613e+01
   1.5173830e+06   5.2246094e+01
   1.5174580e+06   2.6367188e+01
   1.5175280e+06   3.6376953e+01
   1.5175580e+06   2.7343750e+01
   1.5176310e+06   2.8930664e+01
   1.5177620e+06   3.1616211e+01
   1.5180470e+06   2.9785156e+01
   1.5186700e+06   2.6916504e+01
   1.5210430e+06   2.6916504e+01
   1.5228070e+06   2.8625488e+01
   1.5235480e+06   2.7648926e+01
   1.5287100e+06   2.6672363e+01
   1.5288860e+06   3.0883789e+01
   1.5290430e+06   4.1015625e+01
   1.5290570e+06   2.7282715e+01
   1.5290850e+06   3.4790039e+01
   1.5291000e+06   2.7160645e+01
   1.5291390e+06   3.2470703e+01
   1.5291910e+06   3.1860352e+01
   1.5292320e+06   3.6743164e+01
   1.5292490e+06   3.4606934e+01
   1.5293260e+06   2.7038574e+01
   1.5293500e+06   3.0090332e+01
   1.5293940e+06   3.3447266e+01
   1.5294260e+06   3.1127930e+01
   1.5295500e+06   3.2531738e+01
   1.5296000e+06   2.8564453e+01
   1.5296300e+06   2.6489258e+01
   1.5298330e+06   2.6428223e+01
   1.5298770e+06   2.6977539e+01
   1.5302080e+06   2.9724121e+01
   1.5302690e+06   2.7893066e+01
   1.5302920e+06   2.7282715e+01
   1.5304260e+06   2.8747559e+01
   1.5313920e+06   2.8686523e+01
   1.5317200e+06   2.7282715e+01
   1.5352950e+06   2.7404785e+01
   1.5412850e+06   3.6865234e+01
   1.5412980e+06   2.6550293e+01
   1.5413420e+06   2.7893066e+01
   1.5413700e+06   3.9550781e+01
   1.5414060e+06   2.8991699e+01
   1.5414380e+06   4.1076660e+01
   1.5414840e+06   2.6794434e+01
   1.5415020e+06   5.4077148e+01
   1.5415540e+06   2.6916504e+01
   1.5415870e+06   3.6560059e+01
   1.5416370e+06   4.0161133e+01
   1.5416880e+06   3.1555176e+01
   1.5417450e+06   3.0334473e+01
   1.5417860e+06   3.4729004e+01
   1.5418370e+06   3.6621094e+01
   1.5419260e+06   2.6672363e+01
   1.5421390e+06   3.7414551e+01
   1.5423210e+06   2.7160645e+01
   1.5424060e+06   2.9907227e+01
   1.5427480e+06   3.2897949e+01
   1.5471680e+06   2.9602051e+01
   1.5497490e+06   2.6977539e+01
   1.5611690e+06   2.9052734e+01
   1.5629660e+06   2.7526855e+01
   1.5707680e+06   3.2226562e+01
   1.5708400e+06   3.5705566e+01
   1.5709010e+06   2.6916504e+01
   1.5709430e+06   2.7160645e+01
   1.5709920e+06   4.6508789e+01
   1.5710370e+06   4.5043945e+01
   1.5710790e+06   3.0578613e+01
   1.5711100e+06   2.6428223e+01
   1.5711230e+06   4.4189453e+01
   1.5711640e+06   4.7607422e+01
   1.5711760e+06   3.2653809e+01
   1.5711960e+06   3.0822754e+01
   1.5712330e+06   2.7587891e+01
   1.5712860e+06   2.8503418e+01
   1.5713230e+06   3.6376953e+01
   1.5714110e+06   2.7954102e+01
   1.5715060e+06   2.9296875e+01
   1.5715670e+06   2.7404785e+01
   1.5717290e+06   2.7099609e+01
   1.5720300e+06   2.8625488e+01
   1.5723250e+06   2.8015137e+01
   1.5754230e+06   2.6550293e+01
   1.5757530e+06   2.6733398e+01
   1.5770100e+06   3.0822754e+01
   1.6012690e+06   2.8137207e+01
   1.6013710e+06   2.9357910e+01
   1.6014480e+06   2.8137207e+01
   1.6014840e+06   3.5888672e+01
   1.6015100e+06   3.4423828e+01
   1.6015230e+06   4.4799805e+01
   1.6015680e+06   3.0029297e+01
   1.6015780e+06   3.3752441e+01
   1.6016030e+06   3.0151367e+01
   1.6016360e+06   3.7170410e+01
   1.6016460e+06   3.2287598e+01
   1.6016730e+06   2.7343750e+01
   1.6016910e+06   3.2592773e+01
   1.6017150e+06   3.3386230e+01
   1.6017250e+06   2.9602051e+01
   1.6017540e+06   4.0405273e+01
   1.6017930e+06   2.8869629e+01
   1.6018050e+06   3.0761719e+01
   1.6018430e+06   2.6245117e+01
   1.6018720e+06   2.7221680e+01
   1.6019410e+06   2.6550293e+01
   1.6021010e+06   3.1188965e+01
   1.6024130e+06   3.1433105e+01
   1.6025230e+06   2.8686523e+01
   1.6027400e+06   2.7893066e+01
   1.6045140e+06   2.8991699e+01
   1.6056700e+06   2.6306152e+01
   1.6115830e+06   2.6184082e+01
   1.6186210e+06   2.8686523e+01
   1.6276500e+06   2.6489258e+01
   1.6360840e+06   2.7099609e+01
   1.6431210e+06   3.0578613e+01
   1.6531220e+06   3.1311035e+01
   1.6716620e+06   3.2165527e+01
   1.6716790e+06   2.9357910e+01
   1.6717290e+06   3.8574219e+01
   1.6717670e+06   3.6743164e+01
   1.6717830e+06   2.8991699e+01
   1.6717970e+06   6.8542480e+01
   1.6718560e+06   3.6865234e+01
   1.6718690e+06   3.1921387e+01
   1.6719430e+06   3.1860352e+01
   1.6719530e+06   2.8564453e+01
   1.6720090e+06   2.7160645e+01
   1.6720870e+06   2.7160645e+01
   1.6721580e+06   2.8869629e+01
   1.6724800e+06   2.6306152e+01
   1.6725260e+06   2.6611328e+01
   1.6725710e+06   2.7160645e+01
   1.6732650e+06   2.7160645e+01
   1.6734330e+06   2.6855469e+01
   1.6734820e+06   2.7404785e+01
   1.6736350e+06   2.9357910e+01
   1.6738870e+06   2.7099609e+01
   1.6741340e+06   2.8991699e+01
   1.6751680e+06   2.7709961e+01
   1.6846930e+06   3.4484863e+01
   1.6852820e+06   2.7893066e+01
   1.6853030e+06   2.8076172e+01
   1.6853710e+06   3.3630371e+01
   1.6853920e+06   3.5705566e+01
   1.6854150e+06   2.8686523e+01
   1.6854440e+06   3.3447266e+01
   1.6854940e+06   3.0883789e+01
   1.6855170e+06   4.3701172e+01
   1.6855590e+06   2.7160645e+01
   1.6855820e+06   3.9245605e+01
   1.6856170e+06   3.3081055e+01
   1.6857050e+06   2.7038574e+01
   1.6860330e+06   3.0822754e+01
   1.6860980e+06   2.7160645e+01
   1.6862160e+06   3.2104492e+01
   1.6867060e+06   2.6977539e+01
   1.6869410e+06   2.7648926e+01
   1.7025170e+06   2.6428223e+01
   1.7101150e+06   2.7221680e+01
   1.7102020e+06   2.8259277e+01
   1.7103080e+06   2.6672363e+01
   1.7103280e+06   3.5522461e+01
   1.7103730e+06   2.8747559e+01
   1.7103880e+06   2.7587891e+01
   1.7104050e+06   5.8654785e+01
   1.7104270e+06   3.9367676e+01
   1.7104570e+06   4.1015625e+01
   1.7104900e+06   4.4372559e+01
   1.7105210e+06   3.5644531e+01
   1.7105520e+06   3.4912109e+01
   1.7105920e+06   3.2348633e+01
   1.7106610e+06   2.7954102e+01
   1.7106820e+06   2.6916504e+01
   1.7107300e+06   2.7343750e+01
   1.7110930e+06   3.2470703e+01
   1.7111140e+06   2.7343750e+01
   1.7112720e+06   2.6245117e+01
   1.7114170e+06   3.0578613e+01
   1.7117160e+06   2.8930664e+01
   1.7212950e+06   3.1372070e+01
   1.7692370e+06   2.7221680e+01
   1.7767810e+06   2.6367188e+01
   1.7948820e+06   2.6733398e+01
   1.7950200e+06   2.8747559e+01
   1.7950510e+06   2.6123047e+01
   1.7951260e+06   3.3447266e+01
   1.7951880e+06   2.6672363e+01
   1.7952130e+06   3.0395508e+01
   1.7952590e+06   3.7841797e+01
   1.7952910e+06   3.9611816e+01
   1.7953070e+06   3.6071777e+01
   1.7953220e+06   3.4545898e+01
   1.7953650e+06   3.1066895e+01
   1.7953990e+06   4.2541504e+01
   1.7954440e+06   3.1494141e+01
   1.7954540e+06   3.0395508e+01
   1.7954900e+06   3.5705566e+01
   1.7955130e+06   3.0700684e+01
   1.7955290e+06   2.7893066e+01
   1.7955610e+06   2.8442383e+01
   1.7956480e+06   3.0822754e+01
   1.7958210e+06   3.5217285e+01
   1.7961020e+06   2.9052734e+01
   1.7967400e+06   2.6733398e+01
   1.7968590e+06   2.7587891e+01
   1.7970360e+06   3.9306641e+01
   1.7971480e+06   2.9907227e+01
   1.7972560e+06   2.6794434e+01
   1.7974590e+06   2.6550293e+01
   1.7975550e+06   2.9174805e+01
   1.7975890e+06   2.7404785e+01
   1.7981710e+06   2.6855469e+01
   1.7982730e+06   3.2836914e+01
   1.7986930e+06   2.6489258e+01
   1.8086570e+06   2.6916504e+01
   1.8096250e+06   3.0578613e+01
   1.8096860e+06   2.7038574e+01
   1.8097160e+06   3.2226562e+01
   1.8097360e+06   3.1127930e+01
   1.8097810e+06   3.8146973e+01
   1.8098010e+06   3.6926270e+01
   1.8098140e+06   2.7954102e+01
   1.8098470e+06   2.9357910e+01
   1.8098820e+06   2.9357910e+01
   1.8098950e+06   2.6489258e+01
   1.8099080e+06   2.7221680e+01
   1.8099840e+06   4.1015625e+01
   1.8100540e+06   3.6315918e+01
   1.8101990e+06   2.7404785e+01
   1.8103170e+06   2.7526855e+01
   1.8104040e+06   2.7648926e+01
   1.8104680e+06   3.3752441e+01
   1.8107010e+06   2.6733398e+01
   1.8108920e+06   2.9357910e+01
   1.8243200e+06   2.9663086e+01
   1.8243480e+06   2.6489258e+01
   1.8243950e+06   2.6794434e+01
   1.8244350e+06   3.0578613e+01
   1.8244740e+06   2.9602051e+01
   1.8245140e+06   3.6193848e+01
   1.8245540e+06   3.3386230e+01
   1.8245770e+06   3.5461426e+01
   1.8246200e+06   4.6936035e+01
   1.8246980e+06   3.2592773e+01
   1.8247210e+06   3.6132812e+01
   1.8247490e+06   2.7221680e+01
   1.8248500e+06   2.8015137e+01
   1.8249080e+06   3.9062500e+01
   1.8252100e+06   2.7709961e+01
   1.8254180e+06   2.7832031e+01
   1.8255990e+06   2.7648926e+01
   1.8257360e+06   2.8320312e+01
   1.8268450e+06   2.8015137e+01
   1.8297820e+06   2.8076172e+01
   1.8468890e+06   2.6977539e+01
   1.8787710e+06   2.8503418e+01
   1.8798580e+06   2.6977539e+01
   1.8799600e+06   3.4423828e+01
   1.8799880e+06   2.8991699e+01
   1.8800070e+06   2.8747559e+01
   1.8800330e+06   4.1503906e+01
   1.8800720e+06   3.9123535e+01
   1.8800910e+06   2.9357910e+01
   1.8801280e+06   3.5583496e+01
   1.8801700e+06   3.2104492e+01
   1.8802230e+06   3.2836914e+01
   1.8802330e+06   2.7770996e+01
   1.8802750e+06   2.8564453e+01
   1.8803800e+06   3.4118652e+01
   1.8805090e+06   2.7343750e+01
   1.8806170e+06   2.7587891e+01
   1.8806650e+06   2.7099609e+01
   1.8813880e+06   2.6306152e+01
   1.8816880e+06   2.7526855e+01
   1.8817490e+06   2.7954102e+01
   1.8818630e+06   2.7832031e+01
   1.8819510e+06   2.6123047e+01
   1.8823170e+06   3.0639648e+01
   1.8827770e+06   2.7038574e+01
   1.8941410e+06   2.6489258e+01
   1.8946180e+06   3.3569336e+01
   1.8947460e+06   2.8015137e+01
   1.8948320e+06   2.6550293e+01
   1.8948450e+06   2.8747559e+01
   1.8948710e+06   2.6184082e+01
   1.8948990e+06   3.1433105e+01
   1.8949150e+06   3.1677246e+01
   1.8949570e+06   2.7526855e+01
   1.8950040e+06   3.5339355e+01
   1.8950480e+06   2.6184082e+01
   1.8951110e+06   3.1677246e+01
   1.8952010e+06   3.1127930e+01
   1.8952460e+06   3.0883789e+01
   1.8952740e+06   3.0822754e+01
   1.8952930e+06   2.7343750e+01
   1.8953250e+06   2.8564453e+01
   1.8954420e+06   3.2043457e+01
   1.8956630e+06   3.2287598e+01
   1.8957960e+06   3.0395508e+01
   1.8958610e+06   2.9052734e+01
   1.8958730e+06   2.8137207e+01
   1.8960970e+06   2.6672363e+01
   1.8962660e+06   3.2531738e+01
   1.8966480e+06   3.3691406e+01
   1.9099270e+06   2.7465820e+01
   1.9108380e+06   3.0151367e+01
   1.9109470e+06   2.7099609e+01
   1.9109920e+06   2.8442383e+01
   1.9110740e+06   4.9133301e+01
   1.9111000e+06   3.7658691e+01
   1.9111370e+06   3.3508301e+01
   1.9111870e+06   2.7343750e+01
   1.9112070e+06   2.6916504e+01
   1.9112360e+06   3.2958984e+01
   1.9112640e+06   2.6855469e+01
   1.9113490e+06   3.6254883e+01
   1.9113680e+06   2.6916504e+01
   1.9113830e+06   2.9174805e+01
   1.9114650e+06   2.8015137e+01
   1.9114890e+06   3.0578613e+01
   1.9123210e+06   2.8076172e+01
   1.9126260e+06   2.8747559e+01
   1.9130150e+06   2.7038574e+01
   1.9133970e+06   2.6550293e+01
   1.9251030e+06   2.6733398e+01
   1.9306100e+06   3.0456543e+01
   1.9307550e+06   2.7465820e+01
   1.9307930e+06   4.3640137e+01
   1.9308550e+06   4.5837402e+01
   1.9308720e+06   3.6865234e+01
   1.9308880e+06   2.7099609e+01
   1.9309430e+06   2.6611328e+01
   1.9309650e+06   2.6733398e+01
   1.9309860e+06   2.7465820e+01
   1.9310140e+06   2.6367188e+01
   1.9310410e+06   3.1494141e+01
   1.9311150e+06   2.6916504e+01
   1.9312130e+06   3.1982422e+01
   1.9312890e+06   3.0456543e+01
   1.9313970e+06   3.0456543e+01
   1.9315120e+06   3.3752441e+01
   1.9316550e+06   2.8076172e+01
   1.9317720e+06   2.9663086e+01
   1.9322710e+06   2.6123047e+01
   1.9336450e+06   2.6794434e+01
   1.9510700e+06   2.7832031e+01
   1.9828630e+06   3.2043457e+01
   1.9828920e+06   4.5898438e+01
   1.9829270e+06   4.2968750e+01
   1.9829630e+06   9.6557617e+01
   1.9829830e+06   4.1259766e+01
   1.9830210e+06   4.2541504e+01
   1.9830350e+06   4.5837402e+01
   1.9830710e+06   3.2714844e+01
   1.9830960e+06   3.1250000e+01
   1.9831180e+06   2.7343750e+01
   1.9831690e+06   3.1066895e+01
   1.9832340e+06   3.1188965e+01
   1.9833100e+06   2.6733398e+01
   1.9834750e+06   3.0578613e+01
   1.9838750e+06   2.8747559e+01
   1.9840440e+06   2.8198242e+01
   1.9841730e+06   3.3813477e+01
   1.9863310e+06   2.6855469e+01
   2.0297240e+06   2.8686523e+01
   2.0723360e+06   2.6794434e+01
   2.0763450e+06   2.9418945e+01
   2.2041070e+06   2.7221680e+01
   2.3914170e+06   2.7343750e+01
   2.4408620e+06   4.8706055e+01
   2.5041630e+06   2.6611328e+01
   2.5936370e+06   3.1494141e+01
   2.5936810e+06   2.6428223e+01
   2.5938790e+06   2.9113770e+01
   2.5944090e+06   3.0456543e+01
   2.6090090e+06   2.8381348e+01
   2.6179690e+06   2.6672363e+01
   2.6394030e+06   3.0334473e+01
   2.6420780e+06   2.7404785e+01
   2.6488130e+06   2.6733398e+01
   2.6523950e+06   3.0151367e+01
   2.6710240e+06   2.9602051e+01
   2.6783310e+06   2.7465820e+01
   2.6886860e+06   2.6123047e+01
   2.6897410e+06   2.9785156e+01
   2.7055630e+06   2.9968262e+01
   2.7087330e+06   3.4545898e+01
   2.7143810e+06   2.7282715e+01
   2.7147150e+06   2.8503418e+01
   2.7165200e+06   2.7648926e+01
   2.7225290e+06   2.7404785e+01
   2.7240360e+06   3.3386230e+01
   2.7310820e+06   2.6672363e+01
   2.7314510e+06   2.6306152e+01
   2.7329860e+06   2.6611328e+01
   2.7331120e+06   2.6489258e+01
   2.7331280e+06   2.8564453e+01
   2.7331450e+06   2.7770996e+01
   2.7331710e+06   3.8452148e+01
   2.7331940e+06   3.1982422e+01
   2.7332130e+06   6.2866211e+01
   2.7332360e+06   5.7617188e+01
   2.7332510e+06   6.1340332e+01
   2.7332760e+06   4.1564941e+01
   2.7332880e+06   3.8391113e+01
   2.7333230e+06   4.6569824e+01
   2.7333420e+06   3.2043457e+01
   2.7333740e+06   2.9479980e+01
   2.7333940e+06   2.6733398e+01
   2.7334260e+06   3.0029297e+01
   2.7334810e+06   2.6550293e+01
   2.7335350e+06   2.6489258e+01
   2.7337210e+06   2.6794434e+01
   2.7339740e+06   2.6306152e+01
   2.7342290e+06   2.9235840e+01
   2.7343680e+06   3.2287598e+01
   2.7345530e+06   2.9113770e+01
   2.7346590e+06   2.6245117e+01
   2.7346710e+06   3.3874512e+01
   2.7348500e+06   2.6428223e+01
   2.7348890e+06   2.9174805e+01
   2.7349970e+06   2.7099609e+01
   2.7351150e+06   2.7526855e+01
   2.7353700e+06   3.0334473e+01
   2.7355160e+06   2.9357910e+01
   2.7362540e+06   2.6550293e+01
   2.7363120e+06   2.7160645e+01
   2.7364230e+06   2.6306152e+01
   2.7372390e+06   2.6184082e+01
   2.7376260e+06   2.7343750e+01
   2.7383850e+06   2.6489258e+01
   2.7405490e+06   2.6428223e+01
   2.7417620e+06   2.7343750e+01
   2.7427640e+06   3.1188965e+01
   2.7428040e+06   2.9235840e+01
   2.7430440e+06   3.0334473e+01
   2.7449080e+06   2.6611328e+01
   2.7454520e+06   3.0273438e+01
   2.7458160e+06   3.3813477e+01
   2.7458710e+06   3.1555176e+01
   2.7459100e+06   3.2287598e+01
   2.7459450e+06   4.3884277e+01
   2.7459600e+06   5.2490234e+01
   2.7459980e+06   3.0395508e+01
   2.7460100e+06   2.9541016e+01
   2.7460270e+06   3.4423828e+01
   2.7460480e+06   2.6855469e+01
   2.7460650e+06   3.9611816e+01
   2.7461120e+06   3.1555176e+01
   2.7461390e+06   4.6386719e+01
   2.7461520e+06   2.7343750e+01
   2.7461980e+06   2.6733398e+01
   2.7462240e+06   2.6916504e+01
   2.7462550e+06   2.6794434e+01
   2.7463270e+06   2.7404785e+01
   2.7465030e+06   3.0029297e+01
   2.7465320e+06   2.6123047e+01
   2.7466060e+06   3.4729004e+01
   2.7467520e+06   2.8320312e+01
   2.7467820e+06   2.6550293e+01
   2.7468590e+06   3.0578613e+01
   2.7469340e+06   2.8198242e+01
   2.7470000e+06   2.7038574e+01
   2.7471080e+06   2.7038574e+01
   2.7476100e+06   2.8198242e+01
   2.7478200e+06   2.7343750e+01
   2.7479540e+06   2.7587891e+01
   2.7496470e+06   2.7099609e+01
   2.7525630e+06   2.7526855e+01
   2.7577860e+06   2.6489258e+01
   2.7686160e+06   2.8625488e+01
   2.7772980e+06   2.8747559e+01
   2.7838180e+06   2.8320312e+01
   2.7844310e+06   3.0639648e+01
   2.7856750e+06   2.6855469e+01
   2.7897560e+06   3.0334473e+01
   2.7966270e+06   3.2043457e+01
   2.7985970e+06   2.6123047e+01
   2.8029250e+06   3.6621094e+01
   2.8155100e+06   2.7893066e+01
   2.8157610e+06   2.6428223e+01
   2.8159890e+06   2.6306152e+01
   2.8287850e+06   3.1799316e+01
   2.8296090e+06   2.6123047e+01
   2.8324210e+06   2.6916504e+01
   2.8333750e+06   2.8015137e+01
   2.8415590e+06   3.1799316e+01
   2.8522360e+06   2.8930664e+01
   2.8579650e+06   2.6306152e+01
   2.8584610e+06   2.9113770e+01
   2.8590100e+06   2.8930664e+01
   2.8686400e+06   2.6916504e+01
   2.8711550e+06   2.6306152e+01
   2.8725000e+06   3.4606934e+01
   2.8727580e+06   3.5339355e+01
   2.8805920e+06   2.6489258e+01
   2.8869170e+06   2.7526855e+01
   2.8877440e+06   3.3813477e+01
   2.8880450e+06   2.9296875e+01
   2.8926500e+06   2.8503418e+01
   2.8984790e+06   3.1982422e+01
   2.8988000e+06   2.8625488e+01
   2.8991750e+06   2.7587891e+01
   2.9078730e+06   3.2165527e+01
   2.9163770e+06   2.9174805e+01
   2.9329010e+06   2.8137207e+01
   2.9402100e+06   2.7221680e+01
   2.9485330e+06   3.1250000e+01
   2.9623760e+06   2.8930664e+01
   2.9806590e+06   2.8076172e+01
   2.9816680e+06   2.6916504e+01
   3.0015610e+06   3.2775879e+01
   3.0019390e+06   2.9907227e+01
   3.0113660e+06   3.0883789e+01
   3.0114980e+06   2.7587891e+01
   3.0236620e+06   2.7038574e+01
   3.0337770e+06   2.8747559e+01
   3.0339130e+06   2.7465820e+01
   3.0375650e+06   3.2714844e+01
   3.0375970e+06   2.6672363e+01
   3.0376160e+06   2.8564453e+01
   3.0376420e+06   3.8391113e+01
   3.0376760e+06   3.8085938e+01
   3.0376930e+06   3.5400391e+01
   3.0377170e+06   5.2062988e+01
   3.0377310e+06   3.5583496e+01
   3.0377470e+06   3.3386230e+01
   3.0377600e+06   3.4545898e+01
   3.0377860e+06   3.7475586e+01
   3.0378130e+06   2.9541016e+01
   3.0378410e+06   3.2409668e+01
   3.0378820e+06   3.4545898e+01
   3.0379500e+06   3.0517578e+01
   3.0381550e+06   2.9479980e+01
   3.0385790e+06   3.6743164e+01
   3.0391850e+06   3.6499023e+01
   3.0393630e+06   3.1127930e+01
   3.0393940e+06   3.3203125e+01
   3.0395150e+06   2.8320312e+01
   3.0395450e+06   2.9174805e+01
   3.0396220e+06   2.9235840e+01
   3.0397820e+06   2.9174805e+01
   3.0407280e+06   2.9113770e+01
   3.0475090e+06   2.6977539e+01
   3.0482180e+06   2.9052734e+01
   3.0490850e+06   2.7648926e+01
   3.0494570e+06   3.1250000e+01
   3.0500690e+06   2.8747559e+01
   3.0501380e+06   2.7343750e+01
   3.0501500e+06   3.7475586e+01
   3.0501730e+06   4.8645020e+01
   3.0502130e+06   3.2104492e+01
   3.0502290e+06   5.0170898e+01
   3.0502600e+06   3.9855957e+01
   3.0502860e+06   3.7475586e+01
   3.0503170e+06   2.9541016e+01
   3.0503440e+06   3.1311035e+01
   3.0503700e+06   4.0222168e+01
   3.0503920e+06   2.6672363e+01
   3.0504240e+06   2.7465820e+01
   3.0504460e+06   3.2348633e+01
   3.0504970e+06   2.6794434e+01
   3.0505700e+06   2.6367188e+01
   3.0506380e+06   2.8930664e+01
   3.0507500e+06   2.7343750e+01
   3.0508070e+06   3.2104492e+01
   3.0508290e+06   3.5766602e+01
   3.0512700e+06   2.8991699e+01
   3.0514130e+06   3.7353516e+01
   3.0514890e+06   2.7954102e+01
   3.0515880e+06   2.6489258e+01
   3.0518910e+06   2.8076172e+01
   3.0522670e+06   2.9846191e+01
   3.0526880e+06   2.6611328e+01
   3.0609670e+06   2.8503418e+01
   3.0676660e+06   2.7160645e+01
   3.0739030e+06   3.0822754e+01
   3.0772530e+06   2.6550293e+01
   3.0845830e+06   2.6611328e+01
   3.0900310e+06   3.3203125e+01
   3.0984880e+06   3.0029297e+01
   3.1316430e+06   2.6794434e+01
   3.1321320e+06   3.0090332e+01
   3.1340760e+06   2.7099609e+01
   3.1404740e+06   2.9235840e+01
   3.1491180e+06   2.7770996e+01
   3.1496850e+06   2.7832031e+01
   3.1499520e+06   2.6489258e+01
   3.1520070e+06   2.9785156e+01
   3.1692310e+06   3.2653809e+01
   3.1865000e+06   2.6489258e+01
   3.1867910e+06   2.6916504e+01
   3.2125990e+06   2.6855469e+01
   3.2169100e+06   2.6794434e+01
   3.2200980e+06   3.2165527e+01
   3.2202430e+06   2.7587891e+01
   3.2203400e+06   2.8137207e+01
   3.2203940e+06   2.7770996e+01
   3.2204120e+06   4.2968750e+01
   3.2204350e+06   3.5888672e+01
   3.2204560e+06   5.8715820e+01
   3.2204730e+06   2.9357910e+01
   3.2204890e+06   4.7851562e+01
   3.2205150e+06   3.8269043e+01
   3.2205310e+06   4.9499512e+01
   3.2205510e+06   3.0822754e+01
   3.2205950e+06   3.3935547e+01
   3.2206050e+06   3.2409668e+01
   3.2206760e+06   2.8869629e+01
   3.2207200e+06   2.7160645e+01
   3.2208200e+06   3.0090332e+01
   3.2208640e+06   3.7902832e+01
   3.2209250e+06   3.0273438e+01
   3.2210130e+06   2.8137207e+01
   3.2211060e+06   3.1005859e+01
   3.2212830e+06   3.3020020e+01
   3.2214120e+06   2.8137207e+01
   3.2214940e+06   3.4484863e+01
   3.2216070e+06   2.9602051e+01
   3.2217340e+06   3.5583496e+01
   3.2217780e+06   3.4851074e+01
   3.2218750e+06   3.0151367e+01
   3.2220860e+06   2.6794434e+01
   3.2222510e+06   2.7587891e+01
   3.2223730e+06   3.3996582e+01
   3.2224660e+06   3.0273438e+01
   3.2225200e+06   2.8198242e+01
   3.2225560e+06   2.7160645e+01
   3.2230870e+06   2.6855469e+01
   3.2333940e+06   2.6794434e+01
   3.2334240e+06   2.8869629e+01
   3.2334520e+06   3.5583496e+01
   3.2334650e+06   3.0456543e+01
   3.2334970e+06   3.4851074e+01
   3.2335200e+06   2.9846191e+01
   3.2335780e+06   2.9907227e+01
   3.2335990e+06   3.4057617e+01
   3.2336920e+06   2.8320312e+01
   3.2337150e+06   2.7282715e+01
   3.2337990e+06   3.2348633e+01
   3.2338550e+06   2.8930664e+01
   3.2338900e+06   2.9235840e+01
   3.2339310e+06   2.9846191e+01
   3.2339480e+06   2.7893066e+01
   3.2339710e+06   2.7648926e+01
   3.2340140e+06   2.8564453e+01
   3.2340870e+06   3.2104492e+01
   3.2341130e+06   2.8625488e+01
   3.2342540e+06   3.5949707e+01
   3.2343160e+06   2.8320312e+01
   3.2343330e+06   2.8076172e+01
   3.2343580e+06   2.6977539e+01
   3.2344030e+06   2.8564453e+01
   3.2345180e+06   3.2470703e+01
   3.2345560e+06   2.8137207e+01
   3.2346490e+06   3.1066895e+01
   3.2349490e+06   2.8991699e+01
   3.2350280e+06   3.0944824e+01
   3.2353810e+06   2.7099609e+01
   3.2364440e+06   2.9296875e+01
   3.2369400e+06   2.9174805e+01
   3.2409790e+06   2.8381348e+01
   3.2440510e+06   3.3752441e+01
   3.2478340e+06   2.8198242e+01
   3.2482740e+06   2.8808594e+01
   3.2495430e+06   2.6916504e+01
   3.2544980e+06   2.7587891e+01
   3.2587940e+06   2.9113770e+01
   3.2591540e+06   2.7832031e+01
   3.2698090e+06   2.7282715e+01
   3.2709080e+06   2.6855469e+01
   3.2758240e+06   2.7160645e+01
   3.2769210e+06   2.6916504e+01
   3.2846770e+06   3.2226562e+01
   3.2849970e+06   3.1677246e+01
   3.2933820e+06   2.6489258e+01
   3.2942430e+06   2.6672363e+01
   3.2950030e+06   3.2958984e+01
   3.3040880e+06   3.1982422e+01
   3.3127500e+06   2.6733398e+01
   3.3230390e+06   2.8869629e+01
   3.3468960e+06   2.7954102e+01
   3.3485660e+06   2.6611328e+01
   3.3496070e+06   2.8625488e+01
   3.3641270e+06   2.8503418e+01
   3.3644690e+06   2.8747559e+01
   3.3737600e+06   2.9663086e+01
   3.3947120e+06   2.7832031e+01
   3.4084260e+06   2.6367188e+01
   3.4084750e+06   2.7648926e+01
   3.4085160e+06   2.9113770e+01
   3.4085290e+06   3.5156250e+01
   3.4085720e+06   3.6193848e+01
   3.4085980e+06   4.1809082e+01
   3.4086080e+06   7.3608398e+01
   3.4086490e+06   3.7658691e+01
   3.4086780e+06   3.6621094e+01
   3.4087040e+06   4.5898438e+01
   3.4087200e+06   3.6254883e+01
   3.4087770e+06   2.6916504e+01
   3.4088260e+06   3.1494141e+01
   3.4088480e+06   2.8076172e+01
   3.4089190e+06   3.2775879e+01
   3.4089350e+06   2.9296875e+01
   3.4089460e+06   2.8930664e+01
   3.4094340e+06   3.0090332e+01
   3.4095290e+06   2.8625488e+01
   3.4096790e+06   2.8076172e+01
   3.4100170e+06   2.7038574e+01
   3.4100370e+06   3.1005859e+01
   3.4105070e+06   2.9357910e+01
   3.4110030e+06   2.9418945e+01
   3.4153830e+06   2.7709961e+01
   3.4166020e+06   2.6977539e+01
   3.4195380e+06   2.7526855e+01
   3.4195820e+06   3.2958984e+01
   3.4220300e+06   3.0395508e+01
   3.4221460e+06   2.7832031e+01
   3.4221980e+06   2.8137207e+01
   3.4222190e+06   2.6794434e+01
   3.4222630e+06   3.0456543e+01
   3.4222980e+06   3.0517578e+01
   3.4223250e+06   3.6010742e+01
   3.4223610e+06   5.0109863e+01
   3.4223910e+06   3.6682129e+01
   3.4224010e+06   4.3273926e+01
   3.4224180e+06   3.5156250e+01
   3.4224460e+06   3.7658691e+01
   3.4224830e+06   2.7221680e+01
   3.4225070e+06   3.6193848e+01
   3.4225430e+06   4.2236328e+01
   3.4225850e+06   3.3081055e+01
   3.4225980e+06   3.0212402e+01
   3.4227190e+06   2.9235840e+01
   3.4227300e+06   2.9968262e+01
   3.4228210e+06   2.9296875e+01
   3.4229210e+06   2.9846191e+01
   3.4230250e+06   3.0395508e+01
   3.4231750e+06   3.3386230e+01
   3.4232460e+06   2.8198242e+01
   3.4233860e+06   2.7893066e+01
   3.4235420e+06   2.7282715e+01
   3.4240480e+06   2.8320312e+01
   3.4241560e+06   2.7526855e+01
   3.4242920e+06   2.7038574e+01
   3.4243880e+06   2.7770996e+01
   3.4254430e+06   2.6733398e+01
   3.4301610e+06   2.6916504e+01
   3.4331890e+06   2.7221680e+01
   3.4364030e+06   2.8869629e+01
   3.4409750e+06   2.6672363e+01
   3.4454920e+06   3.4362793e+01
   3.4599740e+06   2.7832031e+01
   3.4603990e+06   2.7954102e+01
   3.4658800e+06   2.8015137e+01
   3.4729060e+06   2.7343750e+01
   3.4730880e+06   2.7160645e+01
   3.4818460e+06   2.6672363e+01
   3.4832400e+06   2.7221680e+01
   3.4902310e+06   2.6611328e+01
   3.4914220e+06   2.7526855e+01
   3.5138320e+06   2.7648926e+01
   3.5261590e+06   2.6794434e+01
   3.5266780e+06   2.6428223e+01
   3.5434480e+06   3.2104492e+01
   3.5532790e+06   3.3020020e+01
   3.5743000e+06   2.6733398e+01
   3.5969640e+06   2.9052734e+01
   3.6147450e+06   2.6977539e+01
   3.6152970e+06   2.7954102e+01
   3.6156780e+06   2.6489258e+01
   3.6214570e+06   3.1250000e+01
   3.6614870e+06   2.8564453e+01
   3.6939000e+06   2.9907227e+01
   3.7030000e+06   2.7343750e+01
   3.7042220e+06   2.7770996e+01
   3.7357310e+06   2.9846191e+01
   3.7743250e+06   3.4423828e+01
   3.7868900e+06   2.7221680e+01
   3.7934810e+06   2.8503418e+01
   3.8050120e+06   2.8625488e+01
   3.8184570e+06   2.7954102e+01
   3.8289100e+06   3.2165527e+01
   3.8290670e+06   2.6611328e+01
   3.8381780e+06   2.9418945e+01
   3.8899620e+06   3.0090332e+01
   3.9122450e+06   2.9541016e+01
   3.9209970e+06   2.8564453e+01
   3.9234790e+06   2.8137207e+01
   3.9482160e+06   2.9968262e+01
   3.9591820e+06   2.7038574e+01
   3.9790670e+06   2.6611328e+01
   3.9908180e+06   2.8076172e+01
   3.9908760e+06   2.9907227e+01
   3.9909050e+06   3.2592773e+01
   3.9909800e+06   3.4179688e+01
   3.9910060e+06   3.4301758e+01
   3.9910300e+06   3.9428711e+01
   3.9910500e+06   6.3598633e+01
   3.9910650e+06   3.1555176e+01
   3.9910860e+06   4.4128418e+01
   3.9911060e+06   2.9235840e+01
   3.9911580e+06   3.2775879e+01
   3.9911740e+06   2.7526855e+01
   3.9911850e+06   4.2541504e+01
   3.9912380e+06   2.7954102e+01
   3.9912770e+06   2.7648926e+01
   3.9913980e+06   3.0334473e+01
   3.9915340e+06   3.2409668e+01
   3.9916920e+06   2.8320312e+01
   3.9917800e+06   3.2592773e+01
   3.9918210e+06   3.2531738e+01
   3.9919490e+06   3.2165527e+01
   3.9920690e+06   3.6987305e+01
   3.9921650e+06   2.9357910e+01
   3.9922140e+06   3.0212402e+01
   3.9922770e+06   3.1433105e+01
   3.9923780e+06   3.4912109e+01
   3.9924350e+06   2.9296875e+01
   3.9925260e+06   3.2897949e+01
   3.9927110e+06   3.5095215e+01
   3.9927670e+06   2.6977539e+01
   3.9928970e+06   2.7648926e+01
   3.9929070e+06   2.9357910e+01
   3.9929590e+06   2.6367188e+01
   3.9930170e+06   2.9724121e+01
   3.9931070e+06   2.9296875e+01
   3.9932830e+06   4.1687012e+01
   3.9940550e+06   2.8991699e+01
   3.9944280e+06   3.0395508e+01
   3.9951960e+06   2.6794434e+01
   3.9960650e+06   2.8625488e+01
   3.9992320e+06   2.6428223e+01
   4.0001070e+06   2.8564453e+01
   4.0017000e+06   2.7221680e+01
   4.0020310e+06   2.6672363e+01
   4.0021630e+06   2.7770996e+01
   4.0029190e+06   3.1555176e+01
   4.0032400e+06   3.2348633e+01
   4.0036610e+06   2.7893066e+01
   4.0036860e+06   2.9052734e+01
   4.0037170e+06   2.7099609e+01
   4.0037480e+06   2.7770996e+01
   4.0037650e+06   4.7119141e+01
   4.0037850e+06   3.6132812e+01
   4.0038060e+06   3.0029297e+01
   4.0038290e+06   3.5095215e+01
   4.0038530e+06   4.2236328e+01
   4.0038770e+06   2.9785156e+01
   4.0038960e+06   3.3264160e+01
   4.0039300e+06   4.1809082e+01
   4.0039450e+06   3.2348633e+01
   4.0039700e+06   2.8198242e+01
   4.0039960e+06   2.7038574e+01
   4.0040300e+06   3.7780762e+01
   4.0040570e+06   2.8015137e+01
   4.0041420e+06   2.8747559e+01
   4.0041980e+06   3.0273438e+01
   4.0042250e+06   3.2043457e+01
   4.0042370e+06   2.7770996e+01
   4.0043520e+06   3.6315918e+01
   4.0045680e+06   2.6916504e+01
   4.0045920e+06   2.9052734e+01
   4.0047030e+06   2.9296875e+01
   4.0049120e+06   2.7587891e+01
   4.0051950e+06   3.0273438e+01
   4.0054530e+06   2.7832031e+01
   4.0054970e+06   2.7099609e+01
   4.0055250e+06   2.6428223e+01
   4.0063850e+06   3.4545898e+01
   4.0141370e+06   2.6672363e+01
   4.0205540e+06   3.4606934e+01
   4.0219360e+06   2.7099609e+01
   4.0281630e+06   3.1433105e+01
   4.0353300e+06   2.9052734e+01
   4.0379590e+06   2.8137207e+01
   4.0401810e+06   2.8686523e+01
   4.0409740e+06   2.6855469e+01
   4.0425890e+06   2.6977539e+01
   4.0531360e+06   2.6611328e+01
   4.0585060e+06   3.7902832e+01
   4.0587670e+06   2.6733398e+01
   4.0591470e+06   2.6672363e+01
   4.0593020e+06   2.6367188e+01
   4.0788250e+06   2.7526855e+01
   4.0947670e+06   2.8808594e+01
   4.1168960e+06   3.0334473e+01
   4.1180180e+06   2.7038574e+01
   4.1182270e+06   2.7404785e+01
   4.1182410e+06   3.0151367e+01
   4.1182690e+06   2.9724121e+01
   4.1183010e+06   7.1960449e+01
   4.1183310e+06   6.7077637e+01
   4.1183410e+06   5.7617188e+01
   4.1183510e+06   3.8818359e+01
   4.1183760e+06   3.3752441e+01
   4.1183960e+06   4.5166016e+01
   4.1184330e+06   3.4790039e+01
   4.1184740e+06   2.6672363e+01
   4.1185000e+06   4.1137695e+01
   4.1185750e+06   3.0883789e+01
   4.1186280e+06   2.9479980e+01
   4.1189270e+06   2.6550293e+01
   4.1191180e+06   2.7465820e+01
   4.1194210e+06   2.7282715e+01
   4.1194440e+06   3.0578613e+01
   4.1195740e+06   3.6193848e+01
   4.1195850e+06   2.9541016e+01
   4.1197560e+06   2.8076172e+01
   4.1197880e+06   2.8991699e+01
   4.1198110e+06   2.6855469e+01
   4.1198600e+06   2.8930664e+01
   4.1199980e+06   2.9968262e+01
   4.1200820e+06   2.9052734e+01
   4.1201480e+06   2.8015137e+01
   4.1204790e+06   2.9724121e+01
   4.1285330e+06   2.9174805e+01
   4.1315160e+06   2.7526855e+01
   4.1315280e+06   2.7160645e+01
   4.1317320e+06   2.8198242e+01
   4.1321910e+06   2.6855469e+01
   4.1330210e+06   2.7954102e+01
   4.1375570e+06   2.9174805e+01
   4.1413010e+06   2.8808594e+01
   4.1444320e+06   3.5278320e+01
   4.1487930e+06   2.7343750e+01
   4.1574860e+06   2.7221680e+01
   4.1588470e+06   2.8015137e+01
   4.1753750e+06   2.9968262e+01
   4.1758530e+06   3.0395508e+01
   4.1793170e+06   3.1433105e+01
   4.1891510e+06   2.8259277e+01
   4.2023750e+06   2.7465820e+01
   4.2268230e+06   2.8076172e+01
   4.2340990e+06   2.6794434e+01
   4.2431970e+06   2.6733398e+01
   4.2445270e+06   2.9418945e+01
   4.2940160e+06   3.8818359e+01
   4.3088710e+06   2.7893066e+01
   4.3173750e+06   2.6611328e+01
   4.3233240e+06   2.6733398e+01
   4.3235820e+06   2.7282715e+01
   4.6326100e+06   3.2104492e+01
   4.6524300e+06   2.7404785e+01
   4.6865110e+06   2.7099609e+01
   4.7164200e+06   3.0700684e+01
   4.7168910e+06   2.7343750e+01
   4.7598520e+06   2.9418945e+01
   4.7775500e+06   2.7343750e+01
   4.8116900e+06   2.8015137e+01
   4.8138820e+06   2.7343750e+01
   4.8269780e+06   2.6794434e+01
   4.8279170e+06   2.8564453e+01
   4.8627470e+06   3.0334473e+01
   4.8768640e+06   2.8137207e+01
   4.9050460e+06   3.0639648e+01
   4.9057890e+06   2.8808594e+01
   4.9322290e+06   2.8930664e+01
   4.9324180e+06   2.8686523e+01
   4.9325500e+06   2.8808594e+01
   4.9326720e+06   2.7648926e+01
   4.9327580e+06   2.7465820e+01
   4.9327820e+06   3.5156250e+01
   4.9328180e+06   3.0700684e+01
   4.9328510e+06   5.6945801e+01
   4.9328650e+06   3.7048340e+01
   4.9328920e+06   3.8696289e+01
   4.9329120e+06   4.3884277e+01
   4.9329510e+06   2.8747559e+01
   4.9329870e+06   3.0395508e+01
   4.9330160e+06   3.1127930e+01
   4.9332030e+06   3.0578613e+01
   4.9332550e+06   3.7780762e+01
   4.9333060e+06   2.7465820e+01
   4.9335380e+06   2.7526855e+01
   4.9337190e+06   2.8137207e+01
   4.9339320e+06   3.2287598e+01
   4.9341280e+06   2.6916504e+01
   4.9341920e+06   2.7648926e+01
   4.9342160e+06   2.6672363e+01
   4.9343660e+06   2.6428223e+01
   4.9344380e+06   2.7099609e+01
   4.9345770e+06   3.8513184e+01
   4.9346880e+06   2.6550293e+01
   4.9347920e+06   2.7282715e+01
   4.9349350e+06   2.9724121e+01
   4.9350860e+06   3.0456543e+01
   4.9352320e+06   2.7038574e+01
   4.9360670e+06   2.7160645e+01
   4.9438800e+06   3.3020020e+01
   4.9441330e+06   2.6733398e+01
   4.9443830e+06   2.8930664e+01
   4.9453560e+06   3.6865234e+01
   4.9458590e+06   3.6254883e+01
   4.9459660e+06   2.7160645e+01
   4.9461300e+06   2.6611328e+01
   4.9461610e+06   3.0151367e+01
   4.9461950e+06   3.1860352e+01
   4.9462070e+06   3.9672852e+01
   4.9462440e+06   3.1982422e+01
   4.9462670e+06   3.8024902e+01
   4.9462850e+06   3.6132812e+01
   4.9463490e+06   2.8991699e+01
   4.9464130e+06   3.3691406e+01
   4.9464490e+06   3.4851074e+01
   4.9464640e+06   2.9174805e+01
   4.9464950e+06   3.4057617e+01
   4.9465420e+06   3.1127930e+01
   4.9465770e+06   2.7587891e+01
   4.9466160e+06   4.0100098e+01
   4.9466430e+06   2.8808594e+01
   4.9466840e+06   2.6733398e+01
   4.9468050e+06   2.7099609e+01
   4.9468440e+06   3.4240723e+01
   4.9468560e+06   2.9968262e+01
   4.9469790e+06   2.7587891e+01
   4.9470960e+06   3.2287598e+01
   4.9471590e+06   2.8869629e+01
   4.9472110e+06   3.3142090e+01
   4.9472960e+06   2.7587891e+01
   4.9474000e+06   2.6672363e+01
   4.9475720e+06   2.6794434e+01
   4.9479300e+06   3.0151367e+01
   4.9480770e+06   2.8625488e+01
   4.9481700e+06   3.0212402e+01
   4.9483590e+06   3.6437988e+01
   4.9486570e+06   2.8320313e+01
   4.9643050e+06   2.8808594e+01
   4.9656750e+06   2.9235840e+01
   4.9730290e+06   3.0700684e+01
   4.9743430e+06   2.6977539e+01
   4.9807990e+06   2.7404785e+01
   4.9816760e+06   2.9846191e+01
   4.9864080e+06   2.8991699e+01
   4.9874570e+06   2.7526855e+01
   4.9937630e+06   2.7832031e+01
   5.0072410e+06   2.6794434e+01
   5.0099550e+06   3.0395508e+01
   5.0169980e+06   2.6916504e+01
   5.0226220e+06   2.7404785e+01
   5.0228320e+06   3.1066895e+01
   5.0233070e+06   2.6794434e+01
   5.0324430e+06   2.6550293e+01
   5.0453870e+06   2.8503418e+01
   5.0608040e+06   2.8259277e+01
   5.0799130e+06   2.8320312e+01
   5.0807530e+06   2.9235840e+01
   5.0810110e+06   2.9052734e+01
   5.0970670e+06   2.7770996e+01
   5.0975100e+06   2.6733398e+01
   5.1097400e+06   2.6733398e+01
   5.1123780e+06   2.6489258e+01
   5.1131370e+06   2.8869629e+01
   5.1135060e+06   2.7648926e+01
   5.1270890e+06   2.6672363e+01
   5.1381040e+06   2.7099609e+01
   5.1388270e+06   2.6550293e+01
   5.1741760e+06   2.6489258e+01
   5.2208690e+06   2.8198242e+01
   5.2302550e+06   2.6550293e+01
   5.2360780e+06   3.2470703e+01
   5.2368550e+06   3.1127930e+01
   5.2418260e+06   2.7099609e+01
   5.2421450e+06   2.7099609e+01
   5.2540070e+06   3.0273437e+01
   5.3104040e+06   3.4057617e+01
   5.3104220e+06   2.6550293e+01
   5.3110970e+06   2.8320312e+01
   5.3244150e+06   3.0273438e+01
   5.3401480e+06   2.7221680e+01
   5.3599620e+06   2.8137207e+01
   5.3603300e+06   2.9418945e+01
   5.3606060e+06   2.7526855e+01
   5.3606270e+06   3.8391113e+01
   5.3606530e+06   3.4667969e+01
   5.3606640e+06   4.9011230e+01
   5.3606910e+06   5.1147461e+01
   5.3607020e+06   4.9926758e+01
   5.3607360e+06   3.2775879e+01
   5.3607530e+06   4.1625977e+01
   5.3607870e+06   3.7780762e+01
   5.3608010e+06   3.5095215e+01
   5.3608350e+06   3.9062500e+01
   5.3608480e+06   3.3935547e+01
   5.3609040e+06   3.3874512e+01
   5.3613880e+06   2.7770996e+01
   5.3614690e+06   3.3508301e+01
   5.3616710e+06   2.8320312e+01
   5.3620440e+06   2.8137207e+01
   5.3623740e+06   2.6977539e+01
   5.3626660e+06   2.8747559e+01
   5.3628820e+06   2.9846191e+01
   5.3630080e+06   2.7587891e+01
   5.3631230e+06   3.0029297e+01
   5.3632780e+06   2.6794434e+01
   5.3643230e+06   3.4301758e+01
   5.3675750e+06   3.1921387e+01
   5.3704420e+06   3.0639648e+01
   5.3708050e+06   2.6428223e+01
   5.3711160e+06   2.8747559e+01
   5.3733510e+06   2.8259277e+01
   5.3734190e+06   2.7587891e+01
   5.3734460e+06   3.7231445e+01
   5.3734770e+06   3.2531738e+01
   5.3734940e+06   3.6010742e+01
   5.3735150e+06   5.0415039e+01
   5.3735400e+06   3.5644531e+01
   5.3735580e+06   5.3466797e+01
   5.3735970e+06   3.8635254e+01
   5.3736130e+06   2.9235840e+01
   5.3736800e+06   5.2612305e+01
   5.3737450e+06   4.5654297e+01
   5.3737770e+06   2.6428223e+01
   5.3738130e+06   3.4179688e+01
   5.3738320e+06   2.8747559e+01
   5.3738980e+06   3.3264160e+01
   5.3739430e+06   3.2470703e+01
   5.3741790e+06   2.9357910e+01
   5.3742860e+06   2.6550293e+01
   5.3746080e+06   2.7099609e+01
   5.3746460e+06   3.0639648e+01
   5.3748690e+06   2.7099609e+01
   5.3749120e+06   2.7832031e+01
   5.3751780e+06   2.7160645e+01
   5.3758360e+06   2.9418945e+01
   5.3775820e+06   2.7099609e+01
   5.3840990e+06   3.4118652e+01
   5.3914500e+06   2.8686523e+01
   5.3944060e+06   2.6428223e+01
   5.3949150e+06   2.7709961e+01
   5.3965580e+06   2.6428223e+01
   5.3971830e+06   3.4606934e+01
   5.3992700e+06   2.8137207e+01
   5.4158110e+06   2.8930664e+01
   5.4158340e+06   2.8015137e+01
   5.4174700e+06   2.8991699e+01
   5.4255550e+06   2.7404785e+01
   5.4257240e+06   2.7282715e+01
   5.4289440e+06   2.7221680e+01
   5.4346960e+06   2.7587891e+01
   5.4396680e+06   2.6794434e+01
   5.4612150e+06   2.7099609e+01
   5.4649300e+06   2.9846191e+01
   5.4767470e+06   2.8442383e+01
   5.4943010e+06   2.7648926e+01
   5.5059920e+06   3.3142090e+01
   5.5169960e+06   2.9418945e+01
   5.5173180e+06   3.0395508e+01
   5.5189200e+06   2.8564453e+01
   5.5917640e+06   2.9541016e+01
   5.6257860e+06   2.6916504e+01
   5.7101650e+06   2.7954102e+01
   5.7629700e+06   2.6428223e+01
   5.7822390e+06   2.6611328e+01
   5.7823850e+06   3.2165527e+01
   5.7824090e+06   2.7648926e+01
   5.7824370e+06   2.8198242e+01
   5.7824570e+06   2.6855469e+01
   5.7824740e+06   4.0710449e+01
   5.7824920e+06   3.9306641e+01
   5.7825230e+06   5.5297852e+01
   5.7825350e+06   5.4199219e+01
   5.7825590e+06   4.5776367e+01
   5.7825860e+06   5.6152344e+01
   5.7826230e+06   3.3630371e+01
   5.7826390e+06   3.7719727e+01
   5.7826690e+06   3.2043457e+01
   5.7826930e+06   2.7160645e+01
   5.7827050e+06   4.8706055e+01
   5.7827370e+06   3.0029297e+01
   5.7828050e+06   3.0090332e+01
   5.7828390e+06   2.9113770e+01
   5.7828610e+06   2.7709961e+01
   5.7831460e+06   2.6977539e+01
   5.7833160e+06   2.6428223e+01
   5.7834570e+06   2.7648926e+01
   5.7835060e+06   2.9602051e+01
   5.7837460e+06   3.0822754e+01
   5.7838250e+06   2.6367188e+01
   5.7839080e+06   2.8442383e+01
   5.7839390e+06   2.6977539e+01
   5.7840180e+06   3.6132812e+01
   5.7840570e+06   3.2592773e+01
   5.7841120e+06   2.6611328e+01
   5.7842500e+06   2.9479980e+01
   5.7844820e+06   2.8137207e+01
   5.7847060e+06   2.8930664e+01
   5.7849010e+06   3.0212402e+01
   5.7851260e+06   2.8076172e+01
   5.7866000e+06   2.9541016e+01
   5.7905180e+06   3.2958984e+01
   5.7941370e+06   4.0649414e+01
   5.7945360e+06   2.8381348e+01
   5.7946530e+06   2.8747559e+01
   5.7949180e+06   2.8259277e+01
   5.7950220e+06   2.6977539e+01
   5.7950660e+06   3.1066895e+01
   5.7950780e+06   3.4545898e+01
   5.7951090e+06   4.9743652e+01
   5.7951210e+06   4.9377441e+01
   5.7951710e+06   4.3212891e+01
   5.7951920e+06   4.3029785e+01
   5.7952340e+06   3.1005859e+01
   5.7952440e+06   3.6804199e+01
   5.7952590e+06   3.8330078e+01
   5.7953130e+06   2.6794434e+01
   5.7953350e+06   3.2775879e+01
   5.7953580e+06   3.0700684e+01
   5.7953710e+06   2.6550293e+01
   5.7953980e+06   3.2653809e+01
   5.7954300e+06   3.3935547e+01
   5.7954680e+06   2.7587891e+01
   5.7955330e+06   2.6367188e+01
   5.7955650e+06   2.8564453e+01
   5.7955900e+06   3.0578613e+01
   5.7956220e+06   2.6550293e+01
   5.7956700e+06   2.7709961e+01
   5.7956840e+06   3.0151367e+01
   5.7957300e+06   2.7709961e+01
   5.7958920e+06   3.3569336e+01
   5.7959130e+06   2.9479980e+01
   5.7959680e+06   2.7587891e+01
   5.7961030e+06   3.0944824e+01
   5.7961930e+06   2.7221680e+01
   5.7967780e+06   3.3874512e+01
   5.7983170e+06   3.2653809e+01
   5.8028270e+06   2.7343750e+01
   5.8074760e+06   2.6489258e+01
   5.8100230e+06   2.6916504e+01
   5.8125190e+06   2.7282715e+01
   5.8148370e+06   2.6550293e+01
   5.8151050e+06   2.9357910e+01
   5.8238580e+06   2.7038574e+01
   5.8285420e+06   2.7648926e+01
   5.8334920e+06   2.6855469e+01
   5.8409030e+06   3.4606934e+01
   5.8517580e+06   2.6428223e+01
   5.8584490e+06   3.3081055e+01
   5.8629940e+06   2.6916504e+01
   5.8632510e+06   2.9113770e+01
   5.8720780e+06   3.2836914e+01
   5.8721100e+06   3.0090332e+01
   5.8863880e+06   2.8137207e+01
   5.8865810e+06   3.0151367e+01
   5.9299850e+06   2.8930664e+01
   5.9307200e+06   2.7587891e+01
   5.9308270e+06   2.7038574e+01
   5.9308670e+06   2.7465820e+01
   5.9308890e+06   3.4301758e+01
   5.9309080e+06   4.7546387e+01
   5.9309200e+06   2.8808594e+01
   5.9309340e+06   3.7292480e+01
   5.9309730e+06   4.4067383e+01
   5.9309920e+06   2.6977539e+01
   5.9310040e+06   2.9418945e+01
   5.9310430e+06   3.6804199e+01
   5.9311540e+06   3.6315918e+01
   5.9312670e+06   2.9418945e+01
   5.9313440e+06   3.1616211e+01
   5.9314140e+06   2.6550293e+01
   5.9315040e+06   2.8503418e+01
   5.9317010e+06   2.7954102e+01
   5.9319700e+06   3.2165527e+01
   5.9320380e+06   3.2714844e+01
   5.9321110e+06   2.7526855e+01
   5.9321940e+06   2.6977539e+01
   5.9322660e+06   2.7770996e+01
   5.9322820e+06   2.9357910e+01
   5.9323450e+06   2.8503418e+01
   5.9324090e+06   3.2897949e+01
   5.9327270e+06   2.7465820e+01
   5.9327690e+06   3.1433105e+01
   5.9332250e+06   3.0029297e+01
   5.9333150e+06   3.1860352e+01
   5.9337040e+06   2.8259277e+01
   5.9344620e+06   2.6550293e+01
   5.9415950e+06   3.8635254e+01
   5.9422030e+06   3.2836914e+01
   5.9440880e+06   3.2348633e+01
   5.9442190e+06   3.1188965e+01
   5.9442470e+06   3.4667969e+01
   5.9442580e+06   3.4545898e+01
   5.9443020e+06   2.6977539e+01
   5.9443310e+06   3.0761719e+01
   5.9443510e+06   2.8564453e+01
   5.9443780e+06   5.9204102e+01
   5.9443910e+06   4.5471191e+01
   5.9444040e+06   3.0151367e+01
   5.9444350e+06   2.8686523e+01
   5.9444740e+06   4.3395996e+01
   5.9444970e+06   3.1372070e+01
   5.9445070e+06   3.6071777e+01
   5.9445820e+06   2.8808594e+01
   5.9445950e+06   3.1616211e+01
   5.9446190e+06   2.7160645e+01
   5.9446320e+06   3.6926270e+01
   5.9446500e+06   2.8625488e+01
   5.9446930e+06   3.1005859e+01
   5.9447140e+06   2.6367188e+01
   5.9447750e+06   3.0395508e+01
   5.9447970e+06   2.9724121e+01
   5.9448620e+06   2.8259277e+01
   5.9448990e+06   2.9785156e+01
   5.9449340e+06   3.0517578e+01
   5.9449970e+06   3.4851074e+01
   5.9451570e+06   2.7282715e+01
   5.9451680e+06   2.7099609e+01
   5.9453560e+06   2.7954102e+01
   5.9454160e+06   2.7587891e+01
   5.9457310e+06   3.0090332e+01
   5.9459130e+06   2.6794434e+01
   5.9463330e+06   2.8930664e+01
   5.9502840e+06   3.0700684e+01
   5.9522070e+06   3.1982422e+01
   5.9553700e+06   2.7099609e+01
   5.9555300e+06   2.9357910e+01
   5.9565940e+06   2.6489258e+01
   5.9603910e+06   2.6733398e+01
   5.9613320e+06   3.3203125e+01
   5.9616030e+06   3.0883789e+01
   5.9640520e+06   2.7221680e+01
   5.9656210e+06   3.0273438e+01
   5.9751550e+06   3.2348633e+01
   5.9759820e+06   3.0273437e+01
   5.9764100e+06   2.6855469e+01
