   5.9990000e+06   0.0000000e+00
   1.5054700e+06   1.8127441e+01
   1.5299580e+06   1.7578125e+01
   2.7917890e+06   1.8188477e+01
   3.4087790e+06   1.9653320e+01
   3.9911910e+06   2.0690918e+01
   3.9913190e+06   1.9531250e+01
   4.9329650e+06   1.9226074e+01
   4.9335680e+06   1.7456055e+01
   4.9463880e+06   1.8371582e+01
   4.9466140e+06   1.7578125e+01
   5.3232730e+06   1.7700195e+01
   5.3608300e+06   1.8554688e+01
   5.3609300e+06   1.8493652e+01
   5.7047650e+06   1.7517090e+01
   5.7826240e+06   1.9104004e+01
   5.7826560e+06   1.8676758e+01
   5.7827530e+06   1.9531250e+01
   5.7828900e+06   1.7333984e+01
   5.7835850e+06   1.7272949e+01
   5.7952350e+06   1.7211914e+01
   5.7952790e+06   1.9897461e+01
   5.9309250e+06   2.0996094e+01
   5.9309840e+06   1.8371582e+01
   5.9312100e+06   1.7883301e+01
   5.9437140e+06   1.7211914e+01
