   5.9990000e+06   0.0000000e+00
   9.2952000e+04   2.4353027e+01
   4.9816900e+05   2.5268555e+01
   1.1447550e+06   2.6672363e+01
   1.1467700e+06   2.4108887e+01
   1.5051340e+06   4.8400879e+01
   1.5051620e+06   3.2531738e+01
   1.5052090e+06   3.9489746e+01
   1.5052510e+06   2.5146484e+01
   1.5052690e+06   3.5400391e+01
   1.5052840e+06   2.9113770e+01
   1.5053180e+06   4.3762207e+01
   1.5053420e+06   2.7404785e+01
   1.5054100e+06   4.4189453e+01
   1.5054670e+06   3.4729004e+01
   1.5055280e+06   3.1250000e+01
   1.5056220e+06   3.4912109e+01
   1.5057670e+06   2.4291992e+01
   1.5058290e+06   2.7404785e+01
   1.5059000e+06   2.8320312e+01
   1.5059890e+06   2.7770996e+01
   1.5061300e+06   3.2043457e+01
   1.5063210e+06   2.7343750e+01
   1.5063410e+06   2.4963379e+01
   1.5064230e+06   3.0944824e+01
   1.5065770e+06   3.6071777e+01
   1.5066700e+06   3.0822754e+01
   1.5067550e+06   2.4047852e+01
   1.5068490e+06   3.2104492e+01
   1.5069540e+06   2.6977539e+01
   1.5070290e+06   2.5085449e+01
   1.5072030e+06   2.6306152e+01
   1.5072880e+06   3.2653809e+01
   1.5073930e+06   2.9907227e+01
   1.5074590e+06   3.1738281e+01
   1.5074920e+06   2.8381348e+01
   1.5076050e+06   2.6245117e+01
   1.5076860e+06   3.9245605e+01
   1.5077700e+06   2.7954102e+01
   1.5079630e+06   3.3447266e+01
   1.5080660e+06   3.0212402e+01
   1.5081810e+06   3.3203125e+01
   1.5083480e+06   3.1372070e+01
   1.5084920e+06   2.4169922e+01
   1.5086060e+06   3.1616211e+01
   1.5086980e+06   2.9113770e+01
   1.5088080e+06   3.0395508e+01
   1.5089870e+06   3.0700684e+01
   1.5091000e+06   2.9113770e+01
   1.5092860e+06   3.5400391e+01
   1.5095220e+06   2.6123047e+01
   1.5097440e+06   3.1372070e+01
   1.5101480e+06   2.9541016e+01
   1.5104950e+06   3.4423828e+01
   1.5110010e+06   3.0090332e+01
   1.5170610e+06   3.4301758e+01
   1.5171700e+06   2.5024414e+01
   1.5172290e+06   3.4484863e+01
   1.5173060e+06   3.4301758e+01
   1.5174050e+06   2.9846191e+01
   1.5175080e+06   3.5400391e+01
   1.5175700e+06   2.5329590e+01
   1.5175850e+06   2.8381348e+01
   1.5176190e+06   2.4047852e+01
   1.5176670e+06   3.5766602e+01
   1.5177520e+06   2.4414062e+01
   1.5177830e+06   2.5207520e+01
   1.5178540e+06   3.2409668e+01
   1.5179360e+06   2.6977539e+01
   1.5180310e+06   2.4230957e+01
   1.5181390e+06   2.6367188e+01
   1.5182050e+06   2.6733398e+01
   1.5183300e+06   2.9052734e+01
   1.5184340e+06   3.6437988e+01
   1.5185180e+06   3.0212402e+01
   1.5186210e+06   2.9968262e+01
   1.5187120e+06   2.7770996e+01
   1.5188260e+06   2.9235840e+01
   1.5189530e+06   2.7282715e+01
   1.5190550e+06   3.4118652e+01
   1.5192860e+06   3.0822754e+01
   1.5194270e+06   2.9785156e+01
   1.5196320e+06   2.9479980e+01
   1.5197400e+06   2.9602051e+01
   1.5198780e+06   3.0761719e+01
   1.5200230e+06   2.6428223e+01
   1.5201950e+06   2.7526855e+01
   1.5203240e+06   2.4108887e+01
   1.5204980e+06   3.6987305e+01
   1.5206880e+06   2.7282715e+01
   1.5208750e+06   2.9602051e+01
   1.5212200e+06   2.6000977e+01
   1.5214580e+06   3.1311035e+01
   1.5217820e+06   2.9113770e+01
   1.5290030e+06   3.0029297e+01
   1.5290780e+06   2.7465820e+01
   1.5291330e+06   3.4057617e+01
   1.5292170e+06   3.7231445e+01
   1.5292450e+06   2.5878906e+01
   1.5293110e+06   3.0700684e+01
   1.5294250e+06   3.2653809e+01
   1.5295260e+06   3.3935547e+01
   1.5295390e+06   2.6977539e+01
   1.5296150e+06   3.1372070e+01
   1.5297030e+06   3.1494141e+01
   1.5298050e+06   3.1127930e+01
   1.5300060e+06   2.6245117e+01
   1.5300910e+06   2.8442383e+01
   1.5301960e+06   2.5268555e+01
   1.5303030e+06   3.0273438e+01
   1.5304050e+06   2.7099609e+01
   1.5304770e+06   2.7648926e+01
   1.5305140e+06   3.0212402e+01
   1.5306280e+06   2.7648926e+01
   1.5308860e+06   2.9113770e+01
   1.5309950e+06   3.2836914e+01
   1.5311510e+06   2.7099609e+01
   1.5314130e+06   3.5400391e+01
   1.5316500e+06   3.2287598e+01
   1.5318510e+06   2.5817871e+01
   1.5320520e+06   2.8015137e+01
   1.5323180e+06   3.1005859e+01
   1.5412800e+06   2.9602051e+01
   1.5413590e+06   2.4536133e+01
   1.5413800e+06   3.4790039e+01
   1.5414010e+06   2.6184082e+01
   1.5414250e+06   3.1066895e+01
   1.5414840e+06   3.2470703e+01
   1.5415260e+06   2.4841309e+01
   1.5415720e+06   3.8574219e+01
   1.5416520e+06   3.2653809e+01
   1.5417300e+06   3.3325195e+01
   1.5417430e+06   2.5451660e+01
   1.5418190e+06   2.7587891e+01
   1.5419970e+06   3.4973145e+01
   1.5420750e+06   2.9296875e+01
   1.5422940e+06   2.8442383e+01
   1.5423790e+06   3.0212402e+01
   1.5426670e+06   2.6062012e+01
   1.5427530e+06   2.5085449e+01
   1.5428630e+06   2.6672363e+01
   1.5429570e+06   3.4912109e+01
   1.5430490e+06   2.7465820e+01
   1.5431580e+06   2.5024414e+01
   1.5432820e+06   2.6245117e+01
   1.5433960e+06   2.4047852e+01
   1.5435950e+06   2.9479980e+01
   1.5437250e+06   2.7587891e+01
   1.5438320e+06   2.6855469e+01
   1.5439470e+06   3.3264160e+01
   1.5440810e+06   2.5878906e+01
   1.5442590e+06   2.6306152e+01
   1.5444820e+06   2.5573730e+01
   1.5447400e+06   2.4230957e+01
   1.5449550e+06   2.5451660e+01
   1.5453170e+06   2.5085449e+01
   1.5686330e+06   2.5878906e+01
   1.5707290e+06   2.5939941e+01
   1.5709980e+06   3.1555176e+01
   1.5710090e+06   3.3935547e+01
   1.5710750e+06   5.2001953e+01
   1.5711110e+06   2.5207520e+01
   1.5711460e+06   4.3579102e+01
   1.5712250e+06   3.1677246e+01
   1.5712350e+06   2.5207520e+01
   1.5712990e+06   3.0456543e+01
   1.5713720e+06   2.5512695e+01
   1.5714990e+06   2.4108887e+01
   1.5715680e+06   2.4291992e+01
   1.5716310e+06   2.5573730e+01
   1.5718540e+06   2.4597168e+01
   1.5720360e+06   2.7038574e+01
   1.5722770e+06   2.5878906e+01
   1.5723290e+06   2.6123047e+01
   1.5724410e+06   2.7099609e+01
   1.5725140e+06   2.4291992e+01
   1.5726010e+06   2.7038574e+01
   1.5726950e+06   2.8808594e+01
   1.5727970e+06   2.8259277e+01
   1.5731690e+06   2.4658203e+01
   1.5732610e+06   2.9907227e+01
   1.5733500e+06   2.4841309e+01
   1.5734480e+06   3.0883789e+01
   1.5735460e+06   2.4597168e+01
   1.5737450e+06   2.5329590e+01
   1.5738410e+06   2.6489258e+01
   1.5739490e+06   2.4597168e+01
   1.5740480e+06   2.4963379e+01
   1.5744880e+06   3.0517578e+01
   1.5746310e+06   2.5085449e+01
   1.5747670e+06   2.4291992e+01
   1.5750610e+06   2.8442383e+01
   1.5752970e+06   2.8991699e+01
   1.5755020e+06   2.7465820e+01
   1.5757200e+06   2.7770996e+01
   1.5760180e+06   3.0639648e+01
   1.5767670e+06   2.8991699e+01
   1.5770500e+06   2.5878906e+01
   1.5945180e+06   2.4047852e+01
   1.5997870e+06   2.4658203e+01
   1.6011750e+06   2.4414062e+01
   1.6014400e+06   3.5217285e+01
   1.6015120e+06   3.8879395e+01
   1.6015270e+06   5.1452637e+01
   1.6015820e+06   2.8076172e+01
   1.6015960e+06   3.1982422e+01
   1.6016240e+06   2.7770996e+01
   1.6016410e+06   3.0578613e+01
   1.6016670e+06   3.0578613e+01
   1.6016790e+06   2.7343750e+01
   1.6017100e+06   3.6499023e+01
   1.6017840e+06   2.6428223e+01
   1.6018440e+06   2.4902344e+01
   1.6019070e+06   3.2104492e+01
   1.6019270e+06   2.6123047e+01
   1.6019880e+06   2.8625488e+01
   1.6022050e+06   2.7893066e+01
   1.6024340e+06   2.4597168e+01
   1.6025240e+06   3.1921387e+01
   1.6026040e+06   2.7038574e+01
   1.6030300e+06   3.7658691e+01
   1.6036170e+06   2.4780273e+01
   1.6039040e+06   2.5573730e+01
   1.6042710e+06   2.5573730e+01
   1.6043590e+06   2.4902344e+01
   1.6046580e+06   2.4047852e+01
   1.6047520e+06   2.4902344e+01
   1.6049760e+06   2.6062012e+01
   1.6050880e+06   2.8076172e+01
   1.6052020e+06   2.5634766e+01
   1.6053160e+06   2.4597168e+01
   1.6054380e+06   2.8259277e+01
   1.6056050e+06   2.7587891e+01
   1.6058020e+06   2.7221680e+01
   1.6064710e+06   2.8076172e+01
   1.6070320e+06   2.7099609e+01
   1.6074150e+06   2.4353027e+01
   1.6299490e+06   2.5634766e+01
   1.6420560e+06   2.5512695e+01
   1.6438560e+06   2.9968262e+01
   1.6536440e+06   2.9846191e+01
   1.6590280e+06   3.1860352e+01
   1.6703800e+06   3.4790039e+01
   1.6711830e+06   3.6499023e+01
   1.6716250e+06   2.9663086e+01
   1.6717380e+06   5.3405762e+01
   1.6717570e+06   2.5085449e+01
   1.6717850e+06   3.2470703e+01
   1.6718120e+06   4.0954590e+01
   1.6718600e+06   2.8076172e+01
   1.6718710e+06   3.1311035e+01
   1.6719100e+06   2.4963379e+01
   1.6719370e+06   3.8330078e+01
   1.6719670e+06   2.8137207e+01
   1.6720000e+06   3.5766602e+01
   1.6720700e+06   3.4606934e+01
   1.6721010e+06   2.9357910e+01
   1.6722590e+06   2.5695801e+01
   1.6723650e+06   2.8503418e+01
   1.6724240e+06   2.8930664e+01
   1.6725920e+06   2.6123047e+01
   1.6726680e+06   2.4047852e+01
   1.6727480e+06   3.2348633e+01
   1.6728480e+06   2.6977539e+01
   1.6729230e+06   2.8808594e+01
   1.6730120e+06   2.8686523e+01
   1.6731760e+06   2.4047852e+01
   1.6732160e+06   2.4780273e+01
   1.6734370e+06   2.4658203e+01
   1.6735110e+06   3.0151367e+01
   1.6737100e+06   3.0029297e+01
   1.6737990e+06   2.7526855e+01
   1.6738770e+06   2.7709961e+01
   1.6739630e+06   2.4536133e+01
   1.6742610e+06   2.4902344e+01
   1.6743360e+06   2.7526855e+01
   1.6745150e+06   2.8076172e+01
   1.6745980e+06   2.4353027e+01
   1.6747690e+06   2.4475098e+01
   1.6748540e+06   2.6428223e+01
   1.6749400e+06   2.6245117e+01
   1.6750390e+06   2.6611328e+01
   1.6751290e+06   2.5268555e+01
   1.6753170e+06   2.6977539e+01
   1.6756130e+06   2.4475098e+01
   1.6757250e+06   2.4353027e+01
   1.6759400e+06   2.8137207e+01
   1.6761790e+06   2.6123047e+01
   1.6763050e+06   2.4108887e+01
   1.6764560e+06   2.6245117e+01
   1.6766680e+06   2.5939941e+01
   1.6768540e+06   2.8259277e+01
   1.6771980e+06   3.1250000e+01
   1.6774410e+06   2.6489258e+01
   1.6779230e+06   2.9541016e+01
   1.6781780e+06   2.4963379e+01
   1.6787280e+06   2.6428223e+01
   1.6793730e+06   2.5268555e+01
   1.6799810e+06   2.9418945e+01
   1.6849170e+06   3.1494141e+01
   1.6851390e+06   3.2836914e+01
   1.6853120e+06   3.2165527e+01
   1.6853710e+06   3.2287598e+01
   1.6854110e+06   3.2043457e+01
   1.6855090e+06   2.7648926e+01
   1.6855320e+06   3.0029297e+01
   1.6855560e+06   2.4353027e+01
   1.6855880e+06   2.4597168e+01
   1.6856570e+06   3.2714844e+01
   1.6857110e+06   2.5573730e+01
   1.6857470e+06   2.5024414e+01
   1.6858270e+06   2.6794434e+01
   1.6858750e+06   2.4902344e+01
   1.6863010e+06   2.6855469e+01
   1.6864760e+06   2.9663086e+01
   1.6865790e+06   2.5878906e+01
   1.6869080e+06   2.9846191e+01
   1.6870310e+06   2.6000977e+01
   1.6872310e+06   2.4414062e+01
   1.6873250e+06   2.4230957e+01
   1.6877200e+06   2.4169922e+01
   1.6879560e+06   2.8015137e+01
   1.6881030e+06   2.4597168e+01
   1.6882360e+06   2.5146484e+01
   1.6888240e+06   2.4475098e+01
   1.6891040e+06   2.7038574e+01
   1.6894600e+06   2.4719238e+01
   1.7102110e+06   3.1250000e+01
   1.7103110e+06   3.3691406e+01
   1.7103390e+06   2.4536133e+01
   1.7103710e+06   2.9663086e+01
   1.7104020e+06   5.3588867e+01
   1.7104200e+06   2.8076172e+01
   1.7104370e+06   3.1250000e+01
   1.7104820e+06   3.0761719e+01
   1.7105210e+06   2.6245117e+01
   1.7105460e+06   2.6611328e+01
   1.7106300e+06   3.1799316e+01
   1.7106990e+06   3.0883789e+01
   1.7107660e+06   2.4536133e+01
   1.7108820e+06   2.4780273e+01
   1.7109300e+06   2.6855469e+01
   1.7113310e+06   2.4780273e+01
   1.7117640e+06   2.8320312e+01
   1.7118460e+06   2.6428223e+01
   1.7120120e+06   2.7648926e+01
   1.7121150e+06   2.7709961e+01
   1.7124640e+06   2.6550293e+01
   1.7126380e+06   2.6428223e+01
   1.7129300e+06   2.4291992e+01
   1.7135210e+06   2.6733398e+01
   1.7137760e+06   2.7648926e+01
   1.7139070e+06   2.5939941e+01
   1.7141990e+06   2.6794434e+01
   1.7143830e+06   3.1555176e+01
   1.7145900e+06   2.6794434e+01
   1.7148070e+06   2.6672363e+01
   1.7150730e+06   2.4230957e+01
   1.7179670e+06   2.8869629e+01
   1.7437240e+06   2.7099609e+01
   1.7449140e+06   2.4658203e+01
   1.7508010e+06   2.9296875e+01
   1.7520320e+06   3.1616211e+01
   1.7529300e+06   2.6977539e+01
   1.7616190e+06   3.6071777e+01
   1.7627630e+06   2.8320312e+01
   1.7693520e+06   3.1005859e+01
   1.7791140e+06   3.4545898e+01
   1.7858140e+06   3.7475586e+01
   1.7927560e+06   3.6987305e+01
   1.7941400e+06   3.3508301e+01
   1.7947930e+06   3.4362793e+01
   1.7952010e+06   4.2419434e+01
   1.7952510e+06   2.6306152e+01
   1.7953050e+06   3.2958984e+01
   1.7953290e+06   2.7465820e+01
   1.7953820e+06   2.6062012e+01
   1.7954390e+06   2.4963379e+01
   1.7954600e+06   2.5207520e+01
   1.7954920e+06   3.1860352e+01
   1.7957170e+06   2.5329590e+01
   1.7957690e+06   2.4780273e+01
   1.7958090e+06   2.4780273e+01
   1.7960490e+06   2.9907227e+01
   1.7961270e+06   2.5146484e+01
   1.7962040e+06   2.6306152e+01
   1.7963020e+06   2.7648926e+01
   1.7963750e+06   2.6672363e+01
   1.7964600e+06   2.6184082e+01
   1.7965880e+06   2.4291992e+01
   1.7966660e+06   2.6733398e+01
   1.7967430e+06   2.7099609e+01
   1.7967560e+06   2.4353027e+01
   1.7968270e+06   3.0090332e+01
   1.7970950e+06   2.5695801e+01
   1.7971920e+06   2.7404785e+01
   1.7972620e+06   2.5024414e+01
   1.7973440e+06   2.4414062e+01
   1.7974260e+06   2.6367188e+01
   1.7976360e+06   3.3081055e+01
   1.7977150e+06   2.9479980e+01
   1.7978880e+06   2.4353027e+01
   1.7981560e+06   2.9541016e+01
   1.7982620e+06   2.5817871e+01
   1.7985490e+06   2.9785156e+01
   1.7987570e+06   2.6367188e+01
   1.7992570e+06   2.5268555e+01
   1.7996980e+06   2.5329590e+01
   1.7998550e+06   2.9846191e+01
   1.8000680e+06   2.4108887e+01
   1.8003080e+06   2.9479980e+01
   1.8005060e+06   2.7404785e+01
   1.8010200e+06   3.3203125e+01
   1.8017880e+06   2.9174805e+01
   1.8095070e+06   2.4902344e+01
   1.8096630e+06   3.3203125e+01
   1.8097600e+06   2.6306152e+01
   1.8097980e+06   2.5512695e+01
   1.8098250e+06   3.2348633e+01
   1.8098580e+06   2.5451660e+01
   1.8099030e+06   3.4179688e+01
   1.8099310e+06   2.6184082e+01
   1.8100040e+06   2.7099609e+01
   1.8100850e+06   3.5583496e+01
   1.8102500e+06   2.7465820e+01
   1.8104960e+06   2.5329590e+01
   1.8105860e+06   2.9357910e+01
   1.8108060e+06   2.7038574e+01
   1.8108880e+06   2.6916504e+01
   1.8110040e+06   2.6489258e+01
   1.8111020e+06   2.4536133e+01
   1.8112020e+06   2.7221680e+01
   1.8115320e+06   2.4963379e+01
   1.8116350e+06   2.5329590e+01
   1.8117460e+06   2.9174805e+01
   1.8118910e+06   2.6733398e+01
   1.8120120e+06   2.6000977e+01
   1.8121490e+06   2.7587891e+01
   1.8122770e+06   2.4108887e+01
   1.8124370e+06   2.4658203e+01
   1.8125680e+06   3.2592773e+01
   1.8131030e+06   3.0578613e+01
   1.8133040e+06   2.5390625e+01
   1.8147470e+06   3.3691406e+01
   1.8242520e+06   3.4667969e+01
   1.8243970e+06   3.7170410e+01
   1.8244890e+06   4.3640137e+01
   1.8246020e+06   2.5451660e+01
   1.8246220e+06   3.4362793e+01
   1.8246430e+06   2.8381348e+01
   1.8246940e+06   2.7160645e+01
   1.8247050e+06   3.1005859e+01
   1.8247610e+06   2.5146484e+01
   1.8248270e+06   3.3447266e+01
   1.8248810e+06   3.1066895e+01
   1.8249950e+06   3.0822754e+01
   1.8251750e+06   2.5512695e+01
   1.8252820e+06   2.4475098e+01
   1.8254890e+06   2.5268555e+01
   1.8255700e+06   2.4291992e+01
   1.8258460e+06   2.6977539e+01
   1.8259400e+06   2.4230957e+01
   1.8261680e+06   2.5268555e+01
   1.8262710e+06   2.7160645e+01
   1.8263830e+06   2.5695801e+01
   1.8265000e+06   2.4963379e+01
   1.8266090e+06   2.8686523e+01
   1.8267410e+06   2.9052734e+01
   1.8268540e+06   2.6733398e+01
   1.8270030e+06   2.9113770e+01
   1.8274590e+06   3.0944824e+01
   1.8276800e+06   2.6672363e+01
   1.8279000e+06   2.7526855e+01
   1.8470990e+06   2.6245117e+01
   1.8648890e+06   3.4423828e+01
   1.8788010e+06   4.5776367e+01
   1.8794090e+06   2.8015137e+01
   1.8799050e+06   3.3569336e+01
   1.8800130e+06   2.8930664e+01
   1.8800310e+06   2.4475098e+01
   1.8800820e+06   2.4475098e+01
   1.8801050e+06   3.3752441e+01
   1.8801350e+06   2.4597168e+01
   1.8801460e+06   3.0700684e+01
   1.8802110e+06   3.1494141e+01
   1.8802210e+06   2.5146484e+01
   1.8802620e+06   2.6672363e+01
   1.8803210e+06   2.5024414e+01
   1.8803400e+06   2.5207520e+01
   1.8803950e+06   2.4597168e+01
   1.8805290e+06   2.7465820e+01
   1.8806750e+06   2.7770996e+01
   1.8807980e+06   2.8442383e+01
   1.8809550e+06   3.0395508e+01
   1.8810460e+06   2.4353027e+01
   1.8811060e+06   2.5207520e+01
   1.8812860e+06   2.7526855e+01
   1.8813810e+06   2.7954102e+01
   1.8814550e+06   2.5146484e+01
   1.8816550e+06   2.4414062e+01
   1.8817750e+06   2.6916504e+01
   1.8818370e+06   2.5573730e+01
   1.8820150e+06   2.5817871e+01
   1.8822900e+06   2.6672363e+01
   1.8826810e+06   2.8625488e+01
   1.8831660e+06   2.7465820e+01
   1.8833760e+06   2.4536133e+01
   1.8834810e+06   2.4780273e+01
   1.8835930e+06   2.5878906e+01
   1.8837520e+06   2.6550293e+01
   1.8844310e+06   2.8137207e+01
   1.8847700e+06   2.7770996e+01
   1.8849510e+06   2.6123047e+01
   1.8854880e+06   3.6071777e+01
   1.8945410e+06   2.8747559e+01
   1.8946060e+06   2.7526855e+01
   1.8946960e+06   2.8015137e+01
   1.8947570e+06   3.6193848e+01
   1.8948520e+06   2.5024414e+01
   1.8948820e+06   3.5095215e+01
   1.8949470e+06   3.1616211e+01
   1.8949710e+06   3.0578613e+01
   1.8950310e+06   3.0822754e+01
   1.8950610e+06   3.0273438e+01
   1.8951100e+06   4.1076660e+01
   1.8951820e+06   2.4902344e+01
   1.8952070e+06   2.4536133e+01
   1.8952600e+06   3.2897949e+01
   1.8953150e+06   2.6000977e+01
   1.8954090e+06   2.9846191e+01
   1.8954760e+06   3.0700684e+01
   1.8956460e+06   2.4658203e+01
   1.8958310e+06   2.4230957e+01
   1.8961230e+06   2.7160645e+01
   1.8964100e+06   3.0395508e+01
   1.8965150e+06   2.5634766e+01
   1.8966200e+06   3.0517578e+01
   1.8967230e+06   2.6245117e+01
   1.8968820e+06   2.4475098e+01
   1.8970070e+06   2.4353027e+01
   1.8971210e+06   2.8076172e+01
   1.8972610e+06   3.1555176e+01
   1.8976990e+06   2.9296875e+01
   1.8980950e+06   2.5695801e+01
   1.8985270e+06   3.4118652e+01
   1.8987380e+06   2.8320312e+01
   1.9107130e+06   2.6916504e+01
   1.9108970e+06   2.4902344e+01
   1.9109800e+06   3.1066895e+01
   1.9110050e+06   3.1738281e+01
   1.9110540e+06   3.4484863e+01
   1.9110840e+06   2.5451660e+01
   1.9111100e+06   2.9479980e+01
   1.9111640e+06   2.4536133e+01
   1.9111860e+06   2.8564453e+01
   1.9112050e+06   3.0456543e+01
   1.9112650e+06   2.5512695e+01
   1.9114030e+06   3.0029297e+01
   1.9114290e+06   2.9479980e+01
   1.9115800e+06   2.6916504e+01
   1.9118220e+06   3.3813477e+01
   1.9119290e+06   2.7343750e+01
   1.9120270e+06   2.7160645e+01
   1.9121180e+06   2.4719238e+01
   1.9124970e+06   2.4230957e+01
   1.9126280e+06   2.4536133e+01
   1.9128700e+06   2.9724121e+01
   1.9131190e+06   2.7709961e+01
   1.9133010e+06   2.8625488e+01
   1.9140590e+06   2.6611328e+01
   1.9144180e+06   2.8015137e+01
   1.9304710e+06   2.4841309e+01
   1.9306550e+06   3.0639648e+01
   1.9307880e+06   3.1066895e+01
   1.9308300e+06   3.7109375e+01
   1.9308640e+06   3.5583496e+01
   1.9308860e+06   2.6672363e+01
   1.9310290e+06   2.8503418e+01
   1.9310970e+06   3.1433105e+01
   1.9311680e+06   2.6855469e+01
   1.9312120e+06   2.6977539e+01
   1.9314160e+06   3.3935547e+01
   1.9314900e+06   2.7343750e+01
   1.9320230e+06   2.5146484e+01
   1.9325490e+06   2.5512695e+01
   1.9326740e+06   2.4230957e+01
   1.9327820e+06   2.6550293e+01
   1.9328890e+06   2.8137207e+01
   1.9331460e+06   2.4597168e+01
   1.9335980e+06   2.6000977e+01
   1.9337640e+06   2.5451660e+01
   1.9630950e+06   2.6489258e+01
   1.9703700e+06   2.7954102e+01
   1.9799390e+06   4.1198730e+01
   1.9826270e+06   2.8991699e+01
   1.9828460e+06   2.4047852e+01
   1.9828750e+06   2.5024414e+01
   1.9829010e+06   3.6804199e+01
   1.9829290e+06   3.8269043e+01
   1.9829630e+06   5.2856445e+01
   1.9829750e+06   2.4169922e+01
   1.9830090e+06   3.5522461e+01
   1.9830490e+06   3.2348633e+01
   1.9831390e+06   2.5451660e+01
   1.9832880e+06   2.4108887e+01
   1.9833500e+06   3.1005859e+01
   1.9834590e+06   2.4047852e+01
   1.9835600e+06   3.0395508e+01
   1.9839450e+06   2.5939941e+01
   1.9841270e+06   3.4362793e+01
   1.9842220e+06   2.8991699e+01
   1.9843950e+06   2.5451660e+01
   1.9845900e+06   3.0212402e+01
   1.9847060e+06   3.0822754e+01
   1.9848610e+06   2.6306152e+01
   1.9849590e+06   2.4780273e+01
   1.9852280e+06   2.6306152e+01
   1.9853580e+06   2.7832031e+01
   1.9854660e+06   2.5573730e+01
   1.9855580e+06   2.5817871e+01
   1.9858140e+06   2.6306152e+01
   1.9859290e+06   3.1127930e+01
   1.9860390e+06   2.7770996e+01
   1.9861650e+06   2.6672363e+01
   1.9864210e+06   2.5390625e+01
   1.9868420e+06   3.3386230e+01
   1.9880470e+06   2.5878906e+01
   2.0068800e+06   2.6245117e+01
   2.0188120e+06   2.8686523e+01
   2.0318270e+06   3.4545898e+01
   2.0527330e+06   3.4851074e+01
   2.0543670e+06   2.8991699e+01
   2.0797400e+06   3.7109375e+01
   2.7331520e+06   3.0212402e+01
   2.7331760e+06   3.1127930e+01
   2.7332030e+06   4.3884277e+01
   2.7332140e+06   2.4353027e+01
   2.7332360e+06   2.6428223e+01
   2.7332640e+06   3.3447266e+01
   2.7332780e+06   3.5644531e+01
   2.7333020e+06   2.8808594e+01
   2.7333580e+06   2.7893066e+01
   2.7333760e+06   5.2246094e+01
   2.7334450e+06   2.5146484e+01
   2.7334990e+06   3.0639648e+01
   2.7335710e+06   2.5390625e+01
   2.7336370e+06   2.6367188e+01
   2.7337910e+06   3.3630371e+01
   2.7339690e+06   3.4057617e+01
   2.7340850e+06   3.7475586e+01
   2.7342860e+06   3.0090332e+01
   2.7345760e+06   2.5878906e+01
   2.7347490e+06   3.8635254e+01
   2.7349830e+06   3.5400391e+01
   2.7352670e+06   3.6621094e+01
   2.7354960e+06   2.5573730e+01
   2.7356360e+06   3.4362793e+01
   2.7362090e+06   3.2592773e+01
   2.7458800e+06   2.9785156e+01
   2.7459220e+06   2.8808594e+01
   2.7459480e+06   3.2409668e+01
   2.7460230e+06   2.4536133e+01
   2.7460520e+06   3.0822754e+01
   2.7460620e+06   2.6123047e+01
   2.7460880e+06   4.2419434e+01
   2.7461170e+06   2.6916504e+01
   2.7461610e+06   3.5522461e+01
   2.7461960e+06   2.4291992e+01
   2.7462590e+06   2.4780273e+01
   2.7463080e+06   2.5878906e+01
   2.7463330e+06   2.8442383e+01
   2.7465190e+06   3.9062500e+01
   2.7465930e+06   3.0212402e+01
   2.7466360e+06   2.4536133e+01
   2.7467270e+06   3.3569336e+01
   2.7468680e+06   2.8259277e+01
   2.7469620e+06   2.4536133e+01
   2.7470020e+06   3.5461426e+01
   2.7471320e+06   4.0466309e+01
   2.7473150e+06   2.8503418e+01
   2.7474330e+06   2.4658203e+01
   2.7475690e+06   3.5522461e+01
   2.7477930e+06   3.0090332e+01
   2.7479160e+06   3.0700684e+01
   2.7480680e+06   2.4230957e+01
   2.7482030e+06   2.7282715e+01
   2.7482990e+06   2.9968262e+01
   2.7484340e+06   2.8076172e+01
   2.7485730e+06   3.7597656e+01
   2.7487370e+06   3.1616211e+01
   2.7488450e+06   3.3691406e+01
   2.7490180e+06   2.8625488e+01
   2.7491430e+06   2.6123047e+01
   2.7719230e+06   2.6733398e+01
   3.0375600e+06   2.4841309e+01
   3.0376200e+06   2.3864746e+01
   3.0376880e+06   3.9489746e+01
   3.0377030e+06   2.4536133e+01
   3.0377400e+06   3.6132812e+01
   3.0377560e+06   3.4912109e+01
   3.0377810e+06   3.6804199e+01
   3.0377920e+06   2.7221680e+01
   3.0378650e+06   2.9846191e+01
   3.0378780e+06   4.7729492e+01
   3.0379840e+06   2.8076172e+01
   3.0381760e+06   3.1799316e+01
   3.0383100e+06   3.6132812e+01
   3.0385960e+06   2.4230957e+01
   3.0388760e+06   2.8320312e+01
   3.0390600e+06   2.4414062e+01
   3.0391950e+06   2.5634766e+01
   3.0392560e+06   3.0883789e+01
   3.0495790e+06   2.6550293e+01
   3.0499740e+06   3.1188965e+01
   3.0502090e+06   3.3996582e+01
   3.0502220e+06   3.9489746e+01
   3.0502490e+06   2.4414062e+01
   3.0502720e+06   3.1494141e+01
   3.0503370e+06   3.1066895e+01
   3.0505110e+06   2.9724121e+01
   3.0505330e+06   2.4719238e+01
   3.0505590e+06   2.5451660e+01
   3.0506670e+06   4.1259766e+01
   3.0506950e+06   2.4230957e+01
   3.0507790e+06   2.4108887e+01
   3.0510050e+06   2.4658203e+01
   3.0512470e+06   2.6611328e+01
   3.0512910e+06   3.1921387e+01
   3.0514960e+06   2.8564453e+01
   3.0517700e+06   2.8686523e+01
   3.0517850e+06   4.0222168e+01
   3.0732660e+06   3.0090332e+01
   3.0853870e+06   3.4606934e+01
   3.2204000e+06   4.7912598e+01
   3.2204350e+06   3.4362793e+01
   3.2204690e+06   2.8381348e+01
   3.2204810e+06   3.4118652e+01
   3.2205160e+06   3.3874512e+01
   3.2205540e+06   5.3466797e+01
   3.2205930e+06   2.7709961e+01
   3.2206210e+06   2.4536133e+01
   3.2207030e+06   2.5146484e+01
   3.2208310e+06   5.3222656e+01
   3.2209070e+06   2.9846191e+01
   3.2210540e+06   3.5461426e+01
   3.2212120e+06   3.2714844e+01
   3.2214160e+06   2.4047852e+01
   3.2214970e+06   2.4902344e+01
   3.2218210e+06   3.7414551e+01
   3.2311350e+06   3.1250000e+01
   3.2318100e+06   2.6306152e+01
   3.2325220e+06   2.5695801e+01
   3.2328910e+06   2.4597168e+01
   3.2332350e+06   2.8991699e+01
   3.2333900e+06   2.4475098e+01
   3.2334530e+06   2.5878906e+01
   3.2334720e+06   2.7709961e+01
   3.2334980e+06   2.5756836e+01
   3.2335300e+06   3.2348633e+01
   3.2336490e+06   2.4475098e+01
   3.2336630e+06   4.4677734e+01
   3.2336870e+06   2.4963379e+01
   3.2337480e+06   3.2836914e+01
   3.2338150e+06   2.7770996e+01
   3.2338550e+06   4.1381836e+01
   3.2338730e+06   3.6560059e+01
   3.2339360e+06   2.4169922e+01
   3.2341530e+06   2.6184082e+01
   3.2341970e+06   3.3386230e+01
   3.2343190e+06   3.4973145e+01
   3.2345120e+06   2.9968262e+01
   3.2346090e+06   2.8137207e+01
   3.2346420e+06   2.6672363e+01
   3.2347200e+06   3.8574219e+01
   3.2349190e+06   2.8747559e+01
   3.2351100e+06   2.3986816e+01
   3.2352120e+06   3.7902832e+01
   3.2354550e+06   3.1188965e+01
   3.2355980e+06   3.1188965e+01
   3.2357710e+06   2.7465820e+01
   3.2458680e+06   2.9235840e+01
   3.2519480e+06   3.2043457e+01
   3.2623950e+06   3.3996582e+01
   3.2777310e+06   4.0893555e+01
   3.3045280e+06   4.0344238e+01
   3.3474950e+06   3.6926270e+01
   3.4083930e+06   2.4353027e+01
   3.4085080e+06   4.3884277e+01
   3.4085480e+06   2.4414063e+01
   3.4085930e+06   2.7282715e+01
   3.4086150e+06   4.4982910e+01
   3.4086520e+06   3.4484863e+01
   3.4086820e+06   3.0151367e+01
   3.4087390e+06   2.5390625e+01
   3.4087500e+06   2.6306152e+01
   3.4088350e+06   3.3020020e+01
   3.4089130e+06   3.6743164e+01
   3.4090760e+06   3.2958984e+01
   3.4091870e+06   3.0944824e+01
   3.4093680e+06   3.6743164e+01
   3.4095540e+06   3.4545898e+01
   3.4099800e+06   3.4362793e+01
   3.4100510e+06   2.9113770e+01
   3.4102110e+06   2.6123047e+01
   3.4103310e+06   2.9296875e+01
   3.4107860e+06   3.2104492e+01
   3.4211420e+06   2.4108887e+01
   3.4217530e+06   2.5878906e+01
   3.4221910e+06   2.8625488e+01
   3.4223630e+06   2.7526855e+01
   3.4224030e+06   2.5695801e+01
   3.4224370e+06   2.6000977e+01
   3.4225210e+06   2.5573730e+01
   3.4225400e+06   3.8452148e+01
   3.4225670e+06   2.7038574e+01
   3.4226370e+06   3.5766602e+01
   3.4228970e+06   4.6813965e+01
   3.4230330e+06   3.0212402e+01
   3.4231530e+06   3.8818359e+01
   3.4231730e+06   2.6428223e+01
   3.4232240e+06   2.7893066e+01
   3.4233920e+06   4.0954590e+01
   3.4235390e+06   3.4973145e+01
   3.4238550e+06   2.9541016e+01
   3.4240230e+06   3.5888672e+01
   3.4242340e+06   3.5461426e+01
   3.4244320e+06   3.0761719e+01
   3.4247310e+06   3.1372070e+01
   3.4248710e+06   2.6611328e+01
   3.4250900e+06   3.2470703e+01
   3.4379020e+06   2.4536133e+01
   3.4409450e+06   2.5695801e+01
   3.4539490e+06   4.1503906e+01
   3.4606500e+06   4.2358398e+01
   3.4665330e+06   2.7587891e+01
   3.4736320e+06   3.6621094e+01
   3.4827350e+06   3.4179688e+01
   3.4917120e+06   4.3273926e+01
   3.5134600e+06   4.1564941e+01
   3.5268880e+06   4.2480469e+01
   3.9909490e+06   2.4230957e+01
   3.9910070e+06   3.2409668e+01
   3.9910230e+06   4.1381836e+01
   3.9910520e+06   4.7912598e+01
   3.9910830e+06   3.3752441e+01
   3.9911180e+06   5.5969238e+01
   3.9911470e+06   3.4545898e+01
   3.9911690e+06   3.0151367e+01
   3.9911830e+06   4.1198730e+01
   3.9912310e+06   3.5461426e+01
   3.9913380e+06   3.3386230e+01
   3.9914200e+06   3.6621094e+01
   3.9915060e+06   3.1433105e+01
   3.9915390e+06   2.4169922e+01
   3.9916220e+06   2.4536133e+01
   3.9916440e+06   2.6489258e+01
   3.9918620e+06   3.4912109e+01
   3.9920230e+06   4.1564941e+01
   3.9921070e+06   2.6306152e+01
   3.9922280e+06   4.0893555e+01
   3.9923900e+06   2.9052734e+01
   3.9925440e+06   4.7485352e+01
   3.9927410e+06   2.9113770e+01
   3.9927750e+06   3.6499023e+01
   3.9929130e+06   3.0456543e+01
   3.9930340e+06   3.1738281e+01
   3.9931390e+06   3.9978027e+01
   3.9932500e+06   2.9785156e+01
   3.9933380e+06   3.1311035e+01
   3.9934520e+06   3.0883789e+01
   3.9935310e+06   3.3630371e+01
   3.9936310e+06   2.5146484e+01
   3.9937460e+06   2.5024414e+01
   3.9938370e+06   3.1982422e+01
   3.9939990e+06   2.7160645e+01
   3.9940880e+06   2.9479980e+01
   3.9941710e+06   2.6550293e+01
   3.9942900e+06   2.4291992e+01
   3.9944040e+06   3.0212402e+01
   3.9945750e+06   3.3752441e+01
   4.0032210e+06   4.1381836e+01
   4.0032390e+06   2.5146484e+01
   4.0036730e+06   3.2653809e+01
   4.0037280e+06   2.4780273e+01
   4.0037540e+06   2.4963379e+01
   4.0037750e+06   3.4667969e+01
   4.0038050e+06   2.8686523e+01
   4.0038270e+06   3.7475586e+01
   4.0038640e+06   2.4780273e+01
   4.0039220e+06   3.2592773e+01
   4.0039860e+06   4.6081543e+01
   4.0040130e+06   2.7770996e+01
   4.0040570e+06   4.4982910e+01
   4.0041470e+06   3.2348633e+01
   4.0042120e+06   2.5024414e+01
   4.0042360e+06   3.1677246e+01
   4.0043110e+06   2.9785156e+01
   4.0044300e+06   2.5329590e+01
   4.0044600e+06   2.5085449e+01
   4.0045040e+06   2.6428223e+01
   4.0045770e+06   2.5878906e+01
   4.0046630e+06   3.3020020e+01
   4.0047430e+06   3.2775879e+01
   4.0048890e+06   2.7099609e+01
   4.0049880e+06   3.0761719e+01
   4.0050540e+06   2.5451660e+01
   4.0051440e+06   3.0090332e+01
   4.0052380e+06   3.2043457e+01
   4.0053420e+06   2.8320312e+01
   4.0054600e+06   3.1860352e+01
   4.0054930e+06   2.4963379e+01
   4.0056060e+06   2.7160645e+01
   4.0056890e+06   2.5634766e+01
   4.0057680e+06   2.6367188e+01
   4.0059040e+06   2.5085449e+01
   4.0060220e+06   3.1311035e+01
   4.0061310e+06   2.9663086e+01
   4.0062400e+06   3.5644531e+01
   4.0064030e+06   2.8930664e+01
   4.0065160e+06   2.8930664e+01
   4.0065340e+06   2.6062012e+01
   4.0066600e+06   2.9235840e+01
   4.0068360e+06   2.9724121e+01
   4.0306780e+06   2.6916504e+01
   4.0341180e+06   2.3864746e+01
   4.1182100e+06   2.5024414e+01
   4.1182400e+06   2.6367188e+01
   4.1182700e+06   4.8339844e+01
   4.1183210e+06   2.4536133e+01
   4.1183400e+06   3.7658691e+01
   4.1183680e+06   3.8452148e+01
   4.1183860e+06   4.6081543e+01
   4.1184000e+06   3.2348633e+01
   4.1184760e+06   3.1677246e+01
   4.1184910e+06   2.9846191e+01
   4.1185240e+06   2.5024414e+01
   4.1185660e+06   4.1259766e+01
   4.1186890e+06   3.9550781e+01
   4.1187790e+06   3.7048340e+01
   4.1189450e+06   2.4414062e+01
   4.1190170e+06   3.6254883e+01
   4.1192370e+06   3.3630371e+01
   4.1192500e+06   2.6611328e+01
   4.1193200e+06   2.7954102e+01
   4.1194420e+06   2.9357910e+01
   4.1195720e+06   3.2165527e+01
   4.1196990e+06   3.1616211e+01
   4.1197790e+06   2.3986816e+01
   4.1198610e+06   3.4118652e+01
   4.1199590e+06   2.5695801e+01
   4.1200470e+06   3.2775879e+01
   4.1201270e+06   3.7780762e+01
   4.1202150e+06   3.3630371e+01
   4.1203610e+06   2.4169922e+01
   4.1204420e+06   2.8808594e+01
   4.1205030e+06   2.4780273e+01
   4.1205350e+06   2.9052734e+01
   4.1206060e+06   2.6672363e+01
   4.1206760e+06   2.4475098e+01
   4.1207630e+06   2.6367188e+01
   4.1208530e+06   2.4291992e+01
   4.1209260e+06   3.0212402e+01
   4.1210360e+06   2.8625488e+01
   4.1211160e+06   2.6000977e+01
   4.1211920e+06   2.8991699e+01
   4.1212660e+06   2.6062012e+01
   4.1213560e+06   2.6550293e+01
   4.1214660e+06   3.4362793e+01
   4.1215840e+06   2.9296875e+01
   4.1216760e+06   3.1005859e+01
   4.1218070e+06   2.4719238e+01
   4.1291080e+06   2.7954102e+01
   4.1330390e+06   2.3864746e+01
   4.9327760e+06   2.4414063e+01
   4.9327950e+06   3.1738281e+01
   4.9328350e+06   5.1635742e+01
   4.9328540e+06   2.6367188e+01
   4.9328710e+06   3.1372070e+01
   4.9328990e+06   4.9621582e+01
   4.9329300e+06   2.4536133e+01
   4.9329650e+06   3.3569336e+01
   4.9329830e+06   4.4067383e+01
   4.9330120e+06   2.8686523e+01
   4.9330860e+06   2.4291992e+01
   4.9331010e+06   3.4240723e+01
   4.9331610e+06   4.0100098e+01
   4.9332120e+06   2.6123047e+01
   4.9332780e+06   3.7597656e+01
   4.9333550e+06   3.5888672e+01
   4.9334620e+06   3.8269043e+01
   4.9335590e+06   3.2104492e+01
   4.9337060e+06   3.2592773e+01
   4.9338250e+06   2.7099609e+01
   4.9338560e+06   2.5939941e+01
   4.9339580e+06   2.3864746e+01
   4.9339840e+06   2.9785156e+01
   4.9341690e+06   3.0883789e+01
   4.9342750e+06   2.5268555e+01
   4.9343600e+06   3.5766602e+01
   4.9344320e+06   3.4851074e+01
   4.9344710e+06   2.5878906e+01
   4.9345460e+06   3.4912109e+01
   4.9346410e+06   2.8930664e+01
   4.9346920e+06   2.7404785e+01
   4.9347400e+06   2.8808594e+01
   4.9348370e+06   4.0466309e+01
   4.9349680e+06   3.8696289e+01
   4.9350760e+06   2.8503418e+01
   4.9351560e+06   2.3986816e+01
   4.9353190e+06   2.8625488e+01
   4.9354060e+06   2.6184082e+01
   4.9355010e+06   3.0273437e+01
   4.9355820e+06   2.6611328e+01
   4.9357450e+06   2.8625488e+01
   4.9358780e+06   3.6376953e+01
   4.9359750e+06   3.8696289e+01
   4.9363810e+06   3.0151367e+01
   4.9461760e+06   4.9377441e+01
   4.9462060e+06   3.0212402e+01
   4.9462550e+06   2.7343750e+01
   4.9462730e+06   3.5705566e+01
   4.9462890e+06   2.5512695e+01
   4.9463230e+06   3.0761719e+01
   4.9463530e+06   3.2653809e+01
   4.9463670e+06   4.1931152e+01
   4.9463900e+06   3.5705566e+01
   4.9464220e+06   2.9357910e+01
   4.9464600e+06   3.3264160e+01
   4.9464900e+06   3.0517578e+01
   4.9465460e+06   4.1503906e+01
   4.9466310e+06   2.9846191e+01
   4.9466530e+06   2.5329590e+01
   4.9467010e+06   3.8574219e+01
   4.9467860e+06   3.0090332e+01
   4.9468530e+06   3.1250000e+01
   4.9469320e+06   2.9296875e+01
   4.9471080e+06   4.6936035e+01
   4.9471800e+06   2.6428223e+01
   4.9472670e+06   3.6193848e+01
   4.9473430e+06   3.1372070e+01
   4.9473980e+06   2.6184082e+01
   4.9474470e+06   2.4047852e+01
   4.9475620e+06   2.4353027e+01
   4.9476110e+06   3.4851074e+01
   4.9477420e+06   2.5573730e+01
   4.9478480e+06   3.1005859e+01
   4.9479260e+06   2.4902344e+01
   4.9480300e+06   2.8869629e+01
   4.9481420e+06   2.8137207e+01
   4.9482160e+06   2.7832031e+01
   4.9483550e+06   2.8503418e+01
   4.9484770e+06   3.2958984e+01
   4.9485740e+06   3.2226562e+01
   4.9486920e+06   2.9296875e+01
   4.9487870e+06   3.0639648e+01
   4.9489300e+06   2.5695801e+01
   4.9490320e+06   3.4179688e+01
   4.9492010e+06   3.0578613e+01
   4.9493840e+06   2.5878906e+01
   4.9496260e+06   2.6062012e+01
   4.9534750e+06   2.5512695e+01
   4.9661880e+06   2.5634766e+01
   4.9802970e+06   4.5654297e+01
   5.3606450e+06   2.4291992e+01
   5.3606760e+06   5.2917480e+01
   5.3607030e+06   2.8869629e+01
   5.3607290e+06   3.3264160e+01
   5.3607570e+06   4.5837402e+01
   5.3607690e+06   4.8095703e+01
   5.3608490e+06   2.4780273e+01
   5.3609430e+06   3.6376953e+01
   5.3610130e+06   3.1677246e+01
   5.3611210e+06   2.7648926e+01
   5.3612450e+06   2.6672363e+01
   5.3613690e+06   2.4414062e+01
   5.3614250e+06   3.0944824e+01
   5.3615760e+06   3.8024902e+01
   5.3616580e+06   2.9235840e+01
   5.3617840e+06   3.4912109e+01
   5.3619460e+06   3.9855957e+01
   5.3620800e+06   3.9855957e+01
   5.3620950e+06   2.6123047e+01
   5.3621970e+06   2.6184082e+01
   5.3622750e+06   2.7648926e+01
   5.3623930e+06   3.3203125e+01
   5.3625190e+06   3.0029297e+01
   5.3626940e+06   3.2958984e+01
   5.3627720e+06   2.7404785e+01
   5.3628500e+06   3.2409668e+01
   5.3629700e+06   2.7709961e+01
   5.3630990e+06   3.0090332e+01
   5.3632230e+06   2.5939941e+01
   5.3633110e+06   3.2287598e+01
   5.3633940e+06   2.8686523e+01
   5.3634950e+06   2.9785156e+01
   5.3636340e+06   2.4963379e+01
   5.3637130e+06   3.3752441e+01
   5.3638770e+06   2.4841309e+01
   5.3639990e+06   2.4902344e+01
   5.3729280e+06   3.7414551e+01
   5.3734320e+06   3.1677246e+01
   5.3734530e+06   2.7160645e+01
   5.3735240e+06   4.4616699e+01
   5.3735640e+06   2.4475098e+01
   5.3735780e+06   4.4128418e+01
   5.3735980e+06   3.2592773e+01
   5.3736730e+06   2.3864746e+01
   5.3736890e+06   3.1555176e+01
   5.3737160e+06   2.8930664e+01
   5.3737540e+06   3.7719727e+01
   5.3738210e+06   2.8808594e+01
   5.3738820e+06   2.4475098e+01
   5.3739570e+06   4.3518066e+01
   5.3740510e+06   3.1250000e+01
   5.3740650e+06   2.4047852e+01
   5.3741740e+06   4.1564941e+01
   5.3742430e+06   2.6184082e+01
   5.3743330e+06   3.6499023e+01
   5.3744150e+06   3.1188965e+01
   5.3744970e+06   2.8076172e+01
   5.3745640e+06   2.7587891e+01
   5.3745870e+06   3.7841797e+01
   5.3747160e+06   2.5146484e+01
   5.3747440e+06   2.4169922e+01
   5.3747900e+06   2.4780273e+01
   5.3748880e+06   4.0710449e+01
   5.3750810e+06   2.8564453e+01
   5.3752580e+06   3.3508301e+01
   5.3753380e+06   3.3386230e+01
   5.3754380e+06   2.5512695e+01
   5.3755150e+06   2.5573730e+01
   5.3757320e+06   2.7526855e+01
   5.3758200e+06   2.5756836e+01
   5.3759400e+06   2.9235840e+01
   5.3760330e+06   2.7038574e+01
   5.3761700e+06   2.7770996e+01
   5.3763170e+06   2.3864746e+01
   5.3764660e+06   3.1372070e+01
   5.3869440e+06   2.9785156e+01
   5.7825180e+06   3.0151367e+01
   5.7825350e+06   5.3161621e+01
   5.7825490e+06   2.8503418e+01
   5.7825960e+06   4.8339844e+01
   5.7826250e+06   4.1137695e+01
   5.7826600e+06   2.9541016e+01
   5.7827020e+06   4.5532227e+01
   5.7827180e+06   2.4353027e+01
   5.7827700e+06   3.1372070e+01
   5.7828300e+06   3.5339355e+01
   5.7828880e+06   3.9916992e+01
   5.7829680e+06   3.9611816e+01
   5.7830350e+06   2.7404785e+01
   5.7831270e+06   3.9428711e+01
   5.7831920e+06   2.4780273e+01
   5.7832130e+06   3.2714844e+01
   5.7833450e+06   2.8442383e+01
   5.7834870e+06   2.4353027e+01
   5.7836170e+06   4.0466309e+01
   5.7836730e+06   2.3986816e+01
   5.7837260e+06   2.4475098e+01
   5.7837990e+06   2.8747559e+01
   5.7838300e+06   2.4841309e+01
   5.7839400e+06   4.2541504e+01
   5.7840360e+06   2.8747559e+01
   5.7841220e+06   2.8442383e+01
   5.7841640e+06   3.1311035e+01
   5.7843430e+06   2.6611328e+01
   5.7843780e+06   2.9357910e+01
   5.7844640e+06   2.7893066e+01
   5.7845770e+06   3.2104492e+01
   5.7846740e+06   3.1066895e+01
   5.7848140e+06   3.1188965e+01
   5.7849590e+06   2.9052734e+01
   5.7850450e+06   2.4291992e+01
   5.7851400e+06   2.8808594e+01
   5.7852260e+06   2.4169922e+01
   5.7853870e+06   3.4301758e+01
   5.7854650e+06   3.2165527e+01
   5.7855570e+06   2.7404785e+01
   5.7949350e+06   3.1616211e+01
   5.7949960e+06   2.9235840e+01
   5.7950960e+06   3.2653809e+01
   5.7951220e+06   2.5268555e+01
   5.7951510e+06   4.8828125e+01
   5.7951890e+06   2.7587891e+01
   5.7952200e+06   3.0395508e+01
   5.7952390e+06   4.0893555e+01
   5.7952900e+06   2.6184082e+01
   5.7953070e+06   2.9113770e+01
   5.7953230e+06   2.4291992e+01
   5.7953510e+06   3.1921387e+01
   5.7953900e+06   2.3986816e+01
   5.7954040e+06   4.6142578e+01
   5.7954700e+06   4.2724609e+01
   5.7955490e+06   2.7832031e+01
   5.7956260e+06   3.7963867e+01
   5.7956990e+06   2.5329590e+01
   5.7957140e+06   2.3986816e+01
   5.7957640e+06   2.4353027e+01
   5.7958520e+06   2.4169922e+01
   5.7959380e+06   3.3447266e+01
   5.7960080e+06   2.4902344e+01
   5.7961120e+06   2.9663086e+01
   5.7961740e+06   2.4414062e+01
   5.7963900e+06   3.3874512e+01
   5.7964810e+06   3.1860352e+01
   5.7965020e+06   2.6489258e+01
   5.7965440e+06   2.8991699e+01
   5.7965590e+06   2.8442383e+01
   5.7966480e+06   4.3823242e+01
   5.7967280e+06   2.9479980e+01
   5.7968250e+06   2.6062012e+01
   5.7969490e+06   2.7587891e+01
   5.7970730e+06   3.4484863e+01
   5.7971650e+06   3.8024902e+01
   5.7972550e+06   3.1860352e+01
   5.7973490e+06   2.7160645e+01
   5.7974600e+06   3.2592773e+01
   5.7976240e+06   3.1127930e+01
   5.7977750e+06   2.6000977e+01
   5.7979410e+06   2.5695801e+01
   5.7981030e+06   3.2104492e+01
   5.8074610e+06   2.6245117e+01
   5.8086530e+06   2.5817871e+01
   5.9307810e+06   3.3325195e+01
   5.9308080e+06   2.5390625e+01
   5.9308740e+06   2.4169922e+01
   5.9309110e+06   2.6855469e+01
   5.9309430e+06   3.0212402e+01
   5.9309590e+06   4.1015625e+01
   5.9309700e+06   2.5329590e+01
   5.9310360e+06   4.8706055e+01
   5.9310730e+06   2.8320312e+01
   5.9311100e+06   3.4301758e+01
   5.9311360e+06   3.2043457e+01
   5.9311960e+06   3.4179688e+01
   5.9312570e+06   2.6123047e+01
   5.9313080e+06   2.9174805e+01
   5.9314010e+06   3.2531738e+01
   5.9314910e+06   3.9794922e+01
   5.9316890e+06   2.9663086e+01
   5.9318150e+06   4.1870117e+01
   5.9318890e+06   2.4475098e+01
   5.9320530e+06   2.9663086e+01
   5.9320650e+06   2.4963379e+01
   5.9321450e+06   3.4301758e+01
   5.9322470e+06   2.9724121e+01
   5.9323490e+06   2.6184082e+01
   5.9324070e+06   2.5756836e+01
   5.9324590e+06   3.1188965e+01
   5.9326010e+06   2.9785156e+01
   5.9326870e+06   2.5573730e+01
   5.9327690e+06   2.8564453e+01
   5.9328370e+06   2.6794434e+01
   5.9329090e+06   3.3935547e+01
   5.9329990e+06   2.8686523e+01
   5.9330900e+06   2.4841309e+01
   5.9331510e+06   3.5339355e+01
   5.9332220e+06   2.4902344e+01
   5.9332940e+06   2.9663086e+01
   5.9334420e+06   2.6916504e+01
   5.9335280e+06   2.5817871e+01
   5.9336010e+06   2.6184082e+01
   5.9337730e+06   2.8808594e+01
   5.9339400e+06   2.9174805e+01
   5.9340500e+06   2.7160645e+01
   5.9341420e+06   2.4841309e+01
   5.9343140e+06   2.7832031e+01
   5.9416400e+06   3.0273438e+01
   5.9440130e+06   3.1677246e+01
   5.9443400e+06   2.9541016e+01
   5.9443880e+06   2.8625488e+01
   5.9444060e+06   3.8146973e+01
   5.9444260e+06   2.8015137e+01
   5.9444760e+06   2.6977539e+01
   5.9445050e+06   3.2348633e+01
   5.9445150e+06   3.8024902e+01
   5.9445470e+06   2.4353027e+01
   5.9445760e+06   3.1250000e+01
   5.9446130e+06   2.5817871e+01
   5.9446610e+06   2.8564453e+01
   5.9446780e+06   2.5268555e+01
   5.9447710e+06   3.4301758e+01
   5.9448290e+06   3.8269043e+01
   5.9449060e+06   2.9296875e+01
   5.9449980e+06   2.7526855e+01
   5.9450730e+06   3.5827637e+01
   5.9451590e+06   3.0029297e+01
   5.9452420e+06   3.2470703e+01
   5.9453100e+06   2.9418945e+01
   5.9453920e+06   2.6123047e+01
   5.9454840e+06   2.8198242e+01
   5.9455010e+06   2.8869629e+01
   5.9455750e+06   3.7414551e+01
   5.9456520e+06   2.7343750e+01
   5.9457530e+06   3.3447266e+01
   5.9458510e+06   3.0456543e+01
   5.9459700e+06   3.3874512e+01
   5.9460560e+06   2.5146484e+01
   5.9461480e+06   3.2287598e+01
   5.9462580e+06   3.3325195e+01
   5.9463670e+06   3.0395508e+01
   5.9464740e+06   2.7038574e+01
   5.9466400e+06   2.8564453e+01
   5.9467430e+06   2.3803711e+01
   5.9469830e+06   2.7160645e+01
   5.9472200e+06   3.0944824e+01
   5.9557840e+06   3.6315918e+01
   5.9648320e+06   4.3029785e+01
