   5.9990000e+06   0.0000000e+00
   7.3815000e+04   2.2033691e+01
   1.4756600e+05   2.2155762e+01
   1.5531500e+05   2.2766113e+01
   3.3102700e+05   2.2155762e+01
   3.9115800e+05   2.2216797e+01
   3.9236100e+05   2.2399902e+01
   3.9769400e+05   2.2277832e+01
   4.2938800e+05   2.2216797e+01
   4.3347100e+05   2.1972656e+01
   4.4442300e+05   2.4108887e+01
   4.6161100e+05   2.2338867e+01
   5.1376700e+05   2.3559570e+01
   5.2567000e+05   2.1850586e+01
   5.3655500e+05   2.2094727e+01
   5.9627500e+05   2.2766113e+01
   6.2253000e+05   2.1911621e+01
   6.4113600e+05   2.2094727e+01
   6.4328300e+05   2.3559570e+01
   6.6581000e+05   2.2460938e+01
   6.7431700e+05   2.4108887e+01
   6.9651900e+05   2.1789551e+01
   7.4692000e+05   2.2827148e+01
   7.6809600e+05   2.2399902e+01
   7.7704900e+05   2.2766113e+01
   8.5494200e+05   2.2766113e+01
   8.5767100e+05   2.2216797e+01
   8.7311400e+05   2.2644043e+01
   8.8614100e+05   2.1789551e+01
   8.8797400e+05   2.2338867e+01
   8.9918100e+05   2.3742676e+01
   9.1134300e+05   2.1789551e+01
   9.3956400e+05   2.3010254e+01
   9.8573500e+05   2.1850586e+01
   1.0153620e+06   2.2155762e+01
   1.0358470e+06   2.5085449e+01
   1.0495030e+06   2.2155762e+01
   1.0647090e+06   2.6123047e+01
   1.1480120e+06   2.4780273e+01
   1.2014930e+06   2.4475098e+01
   1.2816910e+06   2.4047852e+01
   1.3996170e+06   2.1911621e+01
   1.4579050e+06   2.4719238e+01
   1.4640060e+06   2.2949219e+01
   1.4668350e+06   2.2705078e+01
   1.5052940e+06   2.2277832e+01
   1.5053510e+06   2.2277832e+01
   1.5053980e+06   2.6794434e+01
   1.5173210e+06   2.5329590e+01
   1.5414120e+06   2.5573730e+01
   1.5422730e+06   2.1850586e+01
   1.5639280e+06   2.1911621e+01
   1.5711910e+06   2.8259277e+01
   1.5712780e+06   2.5451660e+01
   1.5713100e+06   2.7099609e+01
   1.5714660e+06   2.3437500e+01
   1.6016570e+06   2.2827148e+01
   1.6017750e+06   2.2460938e+01
   1.6022730e+06   2.2460938e+01
   1.6035720e+06   2.3315430e+01
   1.6591670e+06   2.6123047e+01
   1.6718170e+06   3.0944824e+01
   1.6721570e+06   2.2827148e+01
   1.6725370e+06   2.8320312e+01
   1.6854280e+06   2.3742676e+01
   1.6856010e+06   2.2399902e+01
   1.6858240e+06   2.2827148e+01
   1.6862340e+06   2.1972656e+01
   1.7105730e+06   2.1789551e+01
   1.7109680e+06   2.2155762e+01
   1.7640300e+06   2.2277832e+01
   1.7953420e+06   2.7404785e+01
   1.7955120e+06   2.4230957e+01
   1.7957300e+06   2.2766113e+01
   1.7957800e+06   3.0151367e+01
   1.7968240e+06   2.2827148e+01
   1.7974640e+06   2.5573730e+01
   1.8098530e+06   3.1005859e+01
   1.8099300e+06   2.3315430e+01
   1.8099760e+06   2.4108887e+01
   1.8245970e+06   2.4902344e+01
   1.8246250e+06   2.6367188e+01
   1.8247680e+06   3.0761719e+01
   1.8801090e+06   2.5634766e+01
   1.8803730e+06   2.5878906e+01
   1.8804920e+06   2.4353027e+01
   1.8807380e+06   2.3010254e+01
   1.8808230e+06   2.2033691e+01
   1.8811320e+06   2.2583008e+01
   1.9110860e+06   2.2583008e+01
   1.9111130e+06   2.3803711e+01
   1.9111420e+06   2.8503418e+01
   1.9112140e+06   2.5390625e+01
   1.9308860e+06   2.5878906e+01
   1.9310670e+06   2.4353027e+01
   1.9314970e+06   2.2033691e+01
   1.9317160e+06   2.4169922e+01
   1.9355540e+06   2.4230957e+01
   1.9830280e+06   3.1677246e+01
   1.9830850e+06   3.0395508e+01
   1.9832050e+06   2.4414063e+01
   1.9833770e+06   2.3620605e+01
   1.9835840e+06   2.5512695e+01
   1.9841800e+06   2.3254395e+01
   2.1434950e+06   2.3681641e+01
   2.3732500e+06   2.1850586e+01
   2.5898090e+06   2.2399902e+01
   2.6104120e+06   2.1850586e+01
   2.7088160e+06   2.4658203e+01
   2.7332570e+06   2.3010254e+01
   2.7333230e+06   3.2043457e+01
   2.7333720e+06   2.6062012e+01
   2.7334080e+06   2.1972656e+01
   2.7334180e+06   2.4047852e+01
   2.7338630e+06   2.2644043e+01
   2.7338960e+06   2.4353027e+01
   2.7340680e+06   3.0761719e+01
   2.7345480e+06   2.2583008e+01
   2.7349290e+06   2.2155762e+01
   2.7350730e+06   2.6306152e+01
   2.7358960e+06   2.2399902e+01
   2.7364870e+06   2.4902344e+01
   2.7368290e+06   2.4291992e+01
   2.7389040e+06   2.1850586e+01
   2.7403060e+06   2.2155762e+01
   2.7417010e+06   2.2644043e+01
   2.7459320e+06   2.3803711e+01
   2.7460430e+06   2.8259277e+01
   2.7460950e+06   2.4780273e+01
   2.7463810e+06   2.5634766e+01
   2.7467950e+06   2.3498535e+01
   2.7469660e+06   2.2949219e+01
   2.7470180e+06   2.2583008e+01
   2.7479850e+06   2.1789551e+01
   2.9082690e+06   2.1789551e+01
   2.9209860e+06   2.4719238e+01
   2.9397930e+06   2.3254395e+01
   2.9514260e+06   2.2216797e+01
   2.9698840e+06   2.5207520e+01
   3.0377090e+06   2.2583008e+01
   3.0377620e+06   2.5817871e+01
   3.0377780e+06   2.6245117e+01
   3.0378410e+06   2.6977539e+01
   3.0379150e+06   2.7343750e+01
   3.0380400e+06   2.3315430e+01
   3.0382190e+06   2.6000977e+01
   3.0384400e+06   2.4169922e+01
   3.0387520e+06   2.8320313e+01
   3.0389750e+06   2.4353027e+01
   3.0393450e+06   2.4841309e+01
   3.0393550e+06   2.3437500e+01
   3.0395800e+06   2.4230957e+01
   3.0397710e+06   2.3559570e+01
   3.0503890e+06   2.3559570e+01
   3.0504100e+06   2.5085449e+01
   3.0508210e+06   2.1972656e+01
   3.0511290e+06   2.2827148e+01
   3.0512730e+06   2.3803711e+01
   3.0514260e+06   2.3010254e+01
   3.2050180e+06   2.2521973e+01
   3.2205240e+06   2.2705078e+01
   3.2205540e+06   4.1687012e+01
   3.2205730e+06   2.2460938e+01
   3.2206030e+06   2.1911621e+01
   3.2206490e+06   3.2897949e+01
   3.2206740e+06   2.2216797e+01
   3.2207560e+06   2.7343750e+01
   3.2208190e+06   2.6855469e+01
   3.2209630e+06   2.1789551e+01
   3.2210250e+06   2.2399902e+01
   3.2210820e+06   2.1789551e+01
   3.2211730e+06   2.2033691e+01
   3.2212850e+06   2.4108887e+01
   3.2213060e+06   2.7404785e+01
   3.2213690e+06   2.1789551e+01
   3.2215240e+06   2.4108887e+01
   3.2215770e+06   2.2277832e+01
   3.2216710e+06   2.2094727e+01
   3.2218960e+06   2.7770996e+01
   3.2221380e+06   2.9235840e+01
   3.2221480e+06   2.5817871e+01
   3.2222600e+06   2.3010254e+01
   3.2224360e+06   2.6855469e+01
   3.2267180e+06   2.3315430e+01
   3.2334790e+06   2.2033691e+01
   3.2335860e+06   2.3864746e+01
   3.2336340e+06   2.5634766e+01
   3.2337200e+06   2.2827148e+01
   3.2337860e+06   2.6123047e+01
   3.2339530e+06   2.3010254e+01
   3.2340260e+06   2.4353027e+01
   3.2343990e+06   2.1789551e+01
   3.2345030e+06   2.6184082e+01
   3.2347850e+06   2.2338867e+01
   3.2350450e+06   2.5573730e+01
   3.2358220e+06   2.5207520e+01
   3.2849150e+06   2.2766113e+01
   3.3119140e+06   2.2827148e+01
   3.3831430e+06   2.4108887e+01
   3.4070450e+06   2.3010254e+01
   3.4086180e+06   2.2644043e+01
   3.4086650e+06   2.4047852e+01
   3.4086930e+06   3.1005859e+01
   3.4087110e+06   2.6245117e+01
   3.4087780e+06   2.4475098e+01
   3.4088030e+06   2.5085449e+01
   3.4089250e+06   2.3559570e+01
   3.4089910e+06   3.0151367e+01
   3.4090680e+06   2.4658203e+01
   3.4091510e+06   2.2644043e+01
   3.4092210e+06   3.2043457e+01
   3.4093120e+06   2.8198242e+01
   3.4094960e+06   3.2775879e+01
   3.4096070e+06   2.8381348e+01
   3.4101860e+06   2.3010254e+01
   3.4103490e+06   2.2094727e+01
   3.4107200e+06   2.4108887e+01
   3.4111110e+06   2.4353027e+01
   3.4224310e+06   2.2705078e+01
   3.4224680e+06   2.2827148e+01
   3.4224860e+06   2.4597168e+01
   3.4225060e+06   2.3681641e+01
   3.4225610e+06   2.3498535e+01
   3.4226070e+06   2.9479980e+01
   3.4227170e+06   2.5939941e+01
   3.4227650e+06   2.5085449e+01
   3.4230380e+06   2.5939941e+01
   3.4234700e+06   2.2766113e+01
   3.4784170e+06   2.1911621e+01
   3.4916530e+06   2.2460938e+01
   3.4950010e+06   2.6550293e+01
   3.5099540e+06   2.2155762e+01
   3.5437780e+06   2.8747559e+01
   3.5694950e+06   2.2399902e+01
   3.5829610e+06   2.6123047e+01
   3.6081140e+06   2.2949219e+01
   3.6116370e+06   2.3071289e+01
   3.6158140e+06   2.2399902e+01
   3.6177840e+06   2.3010254e+01
   3.6354750e+06   2.2888184e+01
   3.6367220e+06   2.2094727e+01
   3.6989550e+06   2.2705078e+01
   3.7315230e+06   2.6733398e+01
   3.7456870e+06   2.1972656e+01
   3.7929140e+06   2.2460938e+01
   3.8039920e+06   2.2338867e+01
   3.8296200e+06   2.3071289e+01
   3.8429750e+06   2.2338867e+01
   3.8554580e+06   2.3925781e+01
   3.8731180e+06   2.1972656e+01
   3.8851890e+06   2.3803711e+01
   3.8963410e+06   2.1789551e+01
   3.9052910e+06   2.1911621e+01
   3.9063420e+06   2.6062012e+01
   3.9128980e+06   2.3376465e+01
   3.9307130e+06   2.3193359e+01
   3.9384360e+06   2.2033691e+01
   3.9466750e+06   2.1850586e+01
   3.9537630e+06   2.3376465e+01
   3.9653280e+06   2.2155762e+01
   3.9705280e+06   2.5634766e+01
   3.9782340e+06   2.1972656e+01
   3.9835420e+06   2.2460938e+01
   3.9868530e+06   2.3132324e+01
   3.9910540e+06   2.3803711e+01
   3.9910890e+06   2.5634766e+01
   3.9911260e+06   2.8686523e+01
   3.9911660e+06   3.1799316e+01
   3.9912430e+06   2.3132324e+01
   3.9912870e+06   4.0222168e+01
   3.9914850e+06   2.5939941e+01
   3.9915080e+06   2.3437500e+01
   3.9916090e+06   2.5756836e+01
   3.9917300e+06   2.5939941e+01
   3.9918220e+06   2.9968262e+01
   3.9919990e+06   2.4108887e+01
   3.9920720e+06   2.4719238e+01
   3.9921860e+06   2.3986816e+01
   3.9922250e+06   2.3437500e+01
   3.9924610e+06   2.4780273e+01
   3.9924940e+06   2.3498535e+01
   3.9925570e+06   2.2705078e+01
   3.9926540e+06   2.5451660e+01
   3.9927660e+06   2.1972656e+01
   3.9928540e+06   2.4108887e+01
   3.9929730e+06   2.2521973e+01
   3.9930780e+06   2.2766113e+01
   3.9931910e+06   2.4475098e+01
   3.9932730e+06   2.5024414e+01
   3.9935130e+06   2.3132324e+01
   3.9936510e+06   2.2644043e+01
   3.9939860e+06   2.3071289e+01
   3.9944050e+06   2.3864746e+01
   3.9951160e+06   2.1850586e+01
   3.9952030e+06   2.2338867e+01
   3.9957770e+06   2.3254395e+01
   4.0026300e+06   2.3986816e+01
   4.0038140e+06   2.7954102e+01
   4.0038480e+06   2.7526855e+01
   4.0038740e+06   2.6977539e+01
   4.0039260e+06   2.5146484e+01
   4.0039490e+06   2.8015137e+01
   4.0039930e+06   2.5695801e+01
   4.0040260e+06   2.2705078e+01
   4.0040480e+06   2.5207520e+01
   4.0041970e+06   2.3071289e+01
   4.0043450e+06   2.2338867e+01
   4.0044190e+06   2.2583008e+01
   4.0044930e+06   2.3925781e+01
   4.0046250e+06   2.6550293e+01
   4.0047270e+06   2.3010254e+01
   4.0047570e+06   2.4597168e+01
   4.0048930e+06   3.1188965e+01
   4.0049570e+06   2.7526855e+01
   4.0050610e+06   2.4780273e+01
   4.0052480e+06   2.4719238e+01
   4.0053420e+06   2.2583008e+01
   4.0055930e+06   2.3925781e+01
   4.0057190e+06   2.5817871e+01
   4.0060300e+06   2.2827148e+01
   4.0061570e+06   2.3803711e+01
   4.0062710e+06   2.5268555e+01
   4.0063900e+06   2.2766113e+01
   4.0068330e+06   2.3132324e+01
   4.0110380e+06   2.3498535e+01
   4.0152720e+06   2.1972656e+01
   4.0163440e+06   2.2949219e+01
   4.0212020e+06   2.2949219e+01
   4.0227890e+06   2.2460938e+01
   4.0265600e+06   2.3559570e+01
   4.0370610e+06   2.3864746e+01
   4.0501940e+06   2.1789551e+01
   4.0520690e+06   2.5024414e+01
   4.0602780e+06   2.1972656e+01
   4.0650010e+06   2.2521973e+01
   4.0707380e+06   2.2766113e+01
   4.0729790e+06   2.2277832e+01
   4.0738090e+06   2.2521973e+01
   4.0750350e+06   2.3742676e+01
   4.0879260e+06   2.2277832e+01
   4.0892250e+06   2.3559570e+01
   4.1141220e+06   2.2338867e+01
   4.1177690e+06   2.2644043e+01
   4.1183330e+06   2.1850586e+01
   4.1183700e+06   2.2277832e+01
   4.1183850e+06   2.3986816e+01
   4.1184150e+06   2.4353027e+01
   4.1184380e+06   2.3559570e+01
   4.1184640e+06   3.2226562e+01
   4.1185290e+06   3.2714844e+01
   4.1186150e+06   3.1860352e+01
   4.1187270e+06   2.6000977e+01
   4.1189680e+06   2.4291992e+01
   4.1190330e+06   2.4963379e+01
   4.1192700e+06   2.3864746e+01
   4.1193380e+06   2.3071289e+01
   4.1194350e+06   2.2949219e+01
   4.1195970e+06   3.0578613e+01
   4.1197000e+06   2.4841309e+01
   4.1197970e+06   3.0517578e+01
   4.1203290e+06   2.4047852e+01
   4.1204320e+06   2.2766113e+01
   4.1205220e+06   2.2521973e+01
   4.1208720e+06   2.3559570e+01
   4.1209030e+06   2.3681641e+01
   4.1209740e+06   2.8320312e+01
   4.1211270e+06   2.3681641e+01
   4.1215200e+06   2.3254395e+01
   4.1218130e+06   2.4230957e+01
   4.1454210e+06   2.2949219e+01
   4.1467280e+06   2.5512695e+01
   4.1572050e+06   2.2277832e+01
   4.1917650e+06   2.3193359e+01
   4.2103150e+06   2.2888184e+01
   4.2243010e+06   2.5207520e+01
   4.2358160e+06   2.1850586e+01
   4.2579720e+06   2.3986816e+01
   4.2601950e+06   2.3620605e+01
   4.2612810e+06   2.2460937e+01
   4.2809760e+06   2.3498535e+01
   4.2907560e+06   2.1789551e+01
   4.3177630e+06   2.2888184e+01
   4.3201380e+06   2.2583008e+01
   4.3228590e+06   2.5085449e+01
   4.3230560e+06   2.2399902e+01
   4.3628480e+06   2.6977539e+01
   4.3747890e+06   2.3986816e+01
   4.3876260e+06   2.2460938e+01
   4.3886610e+06   2.2155762e+01
   4.3914350e+06   2.6062012e+01
   4.3938940e+06   2.2155762e+01
   4.4015350e+06   2.2155762e+01
   4.4083690e+06   2.2644043e+01
   4.4093350e+06   2.1850586e+01
   4.4276780e+06   2.1911621e+01
   4.4373750e+06   2.3620605e+01
   4.4484350e+06   2.6062012e+01
   4.4662720e+06   2.3925781e+01
   4.4871100e+06   2.2094727e+01
   4.4956340e+06   2.4902344e+01
   4.5154940e+06   2.2094727e+01
   4.5179180e+06   2.3803711e+01
   4.5328200e+06   2.3742676e+01
   4.5398360e+06   2.4475098e+01
   4.5479650e+06   2.1972656e+01
   4.5558930e+06   2.4230957e+01
   4.5657550e+06   2.3010254e+01
   4.5775720e+06   2.6062012e+01
   4.5789250e+06   2.3376465e+01
   4.5809410e+06   2.2705078e+01
   4.5849320e+06   2.2521973e+01
   4.5895420e+06   2.1850586e+01
   4.5902000e+06   2.3620605e+01
   4.6017730e+06   2.2766113e+01
   4.6049530e+06   2.3376465e+01
   4.6080880e+06   2.9541016e+01
   4.6124360e+06   2.2521973e+01
   4.6169550e+06   2.2460938e+01
   4.6221240e+06   2.2460938e+01
   4.6284050e+06   2.3498535e+01
   4.6315140e+06   2.2705078e+01
   4.6467890e+06   2.5085449e+01
   4.6694080e+06   2.2766113e+01
   4.6772080e+06   2.1911621e+01
   4.6848490e+06   2.3071289e+01
   4.6870240e+06   2.2033691e+01
   4.6982700e+06   2.3071289e+01
   4.7028590e+06   2.8076172e+01
   4.7116620e+06   2.4963379e+01
   4.7194690e+06   2.2644043e+01
   4.7261600e+06   2.4841309e+01
   4.7276800e+06   2.1911621e+01
   4.7336380e+06   2.4536133e+01
   4.7435890e+06   2.2766113e+01
   4.7475010e+06   2.3620605e+01
   4.7511710e+06   2.4719238e+01
   4.7516710e+06   2.2949219e+01
   4.7543880e+06   2.3681641e+01
   4.7677580e+06   2.2460937e+01
   4.7710820e+06   2.4169922e+01
   4.7800600e+06   2.2949219e+01
   4.7838510e+06   2.2338867e+01
   4.7886400e+06   2.5939941e+01
   4.7965350e+06   2.2216797e+01
   4.8024550e+06   2.2399902e+01
   4.8072580e+06   2.6062012e+01
   4.8130780e+06   2.6062012e+01
   4.8213450e+06   2.4902344e+01
   4.8304360e+06   2.2644043e+01
   4.8345490e+06   2.3681641e+01
   4.8408590e+06   2.4475098e+01
   4.8512770e+06   2.5939941e+01
   4.8557750e+06   2.2949219e+01
   4.8583730e+06   2.2155762e+01
   4.8597140e+06   2.2277832e+01
   4.8625510e+06   2.2338867e+01
   4.8732180e+06   2.3437500e+01
   4.8801520e+06   2.2338867e+01
   4.8870630e+06   2.2521973e+01
   4.8877830e+06   2.3742676e+01
   4.8891220e+06   2.4230957e+01
   4.8899470e+06   2.4414062e+01
   4.8913880e+06   2.2583008e+01
   4.8919450e+06   2.2949219e+01
   4.8941240e+06   2.2216797e+01
   4.8982120e+06   2.7465820e+01
   4.8987330e+06   2.2216797e+01
   4.9017040e+06   2.3925781e+01
   4.9073100e+06   2.6062012e+01
   4.9172060e+06   2.3620605e+01
   4.9188680e+06   2.2460938e+01
   4.9193060e+06   2.2094727e+01
   4.9235690e+06   2.2399902e+01
   4.9275330e+06   2.2705078e+01
   4.9280960e+06   2.2583008e+01
   4.9328290e+06   2.7587891e+01
   4.9328740e+06   2.5451660e+01
   4.9328890e+06   2.2766113e+01
   4.9329210e+06   2.8991699e+01
   4.9329600e+06   2.9235840e+01
   4.9329770e+06   2.3681641e+01
   4.9330350e+06   2.3803711e+01
   4.9332000e+06   2.4353027e+01
   4.9332970e+06   2.2949219e+01
   4.9334090e+06   2.5939941e+01
   4.9334540e+06   2.3925781e+01
   4.9334720e+06   2.3986816e+01
   4.9336020e+06   2.5085449e+01
   4.9336910e+06   2.5146484e+01
   4.9337430e+06   2.2216797e+01
   4.9338060e+06   2.1850586e+01
   4.9338780e+06   2.3254395e+01
   4.9340270e+06   2.8442383e+01
   4.9341000e+06   2.6794434e+01
   4.9342400e+06   2.6245117e+01
   4.9343520e+06   2.3559570e+01
   4.9345780e+06   2.2888184e+01
   4.9348700e+06   2.4719238e+01
   4.9350510e+06   2.3620605e+01
   4.9351440e+06   2.2521973e+01
   4.9352390e+06   2.2399902e+01
   4.9355610e+06   2.1972656e+01
   4.9357080e+06   2.4108887e+01
   4.9358540e+06   2.6977539e+01
   4.9360070e+06   2.1972656e+01
   4.9361600e+06   2.3498535e+01
   4.9363410e+06   2.5695801e+01
   4.9371310e+06   2.5390625e+01
   4.9393530e+06   2.3376465e+01
   4.9418700e+06   2.2094727e+01
   4.9430620e+06   2.2338867e+01
   4.9447610e+06   2.1789551e+01
   4.9463080e+06   2.8930664e+01
   4.9463560e+06   2.8747559e+01
   4.9464030e+06   4.0466309e+01
   4.9464530e+06   3.1555176e+01
   4.9464900e+06   2.3559570e+01
   4.9465070e+06   2.2644043e+01
   4.9465540e+06   2.3986816e+01
   4.9466670e+06   2.6489258e+01
   4.9467200e+06   2.7465820e+01
   4.9467720e+06   3.0761719e+01
   4.9469790e+06   2.5207520e+01
   4.9470080e+06   2.2705078e+01
   4.9470850e+06   2.8137207e+01
   4.9472060e+06   2.7465820e+01
   4.9472690e+06   2.2521973e+01
   4.9473300e+06   2.3498535e+01
   4.9474710e+06   2.5512695e+01
   4.9476110e+06   2.9296875e+01
   4.9476760e+06   2.2216797e+01
   4.9477430e+06   2.2766113e+01
   4.9478940e+06   2.5939941e+01
   4.9479690e+06   2.3620605e+01
   4.9480370e+06   2.4291992e+01
   4.9482270e+06   2.5329590e+01
   4.9482490e+06   2.6306152e+01
   4.9485120e+06   2.3254395e+01
   4.9486730e+06   2.3254395e+01
   4.9487930e+06   2.4475098e+01
   4.9489360e+06   2.2705078e+01
   4.9490650e+06   2.2033691e+01
   4.9492090e+06   2.8747559e+01
   4.9497910e+06   3.2104492e+01
   4.9507770e+06   2.2033691e+01
   4.9510520e+06   2.1850586e+01
   4.9523120e+06   2.2277832e+01
   4.9539960e+06   2.2705078e+01
   4.9545050e+06   2.4475098e+01
   4.9555020e+06   2.2521973e+01
   4.9559390e+06   2.2216797e+01
   4.9574030e+06   2.4536133e+01
   4.9634580e+06   2.2705078e+01
   4.9657400e+06   2.2338867e+01
   4.9669070e+06   2.1850586e+01
   4.9682400e+06   2.2949219e+01
   4.9687330e+06   2.4719238e+01
   4.9694940e+06   2.4841309e+01
   4.9703460e+06   2.1850586e+01
   4.9718030e+06   2.1789551e+01
   4.9727500e+06   2.3925781e+01
   4.9739310e+06   2.1789551e+01
   4.9755590e+06   2.5207520e+01
   4.9799940e+06   2.5268555e+01
   4.9808010e+06   2.3986816e+01
   4.9858400e+06   2.3681641e+01
   4.9884100e+06   2.1789551e+01
   4.9888630e+06   2.3132324e+01
   4.9935020e+06   2.3925781e+01
   4.9945690e+06   2.5207520e+01
   4.9956260e+06   2.4719238e+01
   4.9985300e+06   2.3559570e+01
   4.9997410e+06   2.2033691e+01
   5.0006110e+06   2.3986816e+01
   5.0010390e+06   2.2399902e+01
   5.0015390e+06   2.3010254e+01
   5.0032100e+06   2.4902344e+01
   5.0060690e+06   2.2949219e+01
   5.0087120e+06   2.2583008e+01
   5.0185070e+06   2.1972656e+01
   5.0226420e+06   2.2216797e+01
   5.0236750e+06   2.2827148e+01
   5.0302690e+06   2.5329590e+01
   5.0325950e+06   2.4353027e+01
   5.0356410e+06   2.2521973e+01
   5.0460550e+06   2.3620605e+01
   5.0468700e+06   2.2705078e+01
   5.0501870e+06   2.2521973e+01
   5.0549790e+06   2.1911621e+01
   5.0558740e+06   2.3315430e+01
   5.0620300e+06   2.6000977e+01
   5.0638410e+06   2.2644043e+01
   5.0695520e+06   2.3193359e+01
   5.0813090e+06   2.2705078e+01
   5.0991250e+06   2.4719238e+01
   5.1020720e+06   2.5024414e+01
   5.1222560e+06   2.7770996e+01
   5.1229140e+06   2.2521973e+01
   5.1309030e+06   2.2460938e+01
   5.1316220e+06   2.2033691e+01
   5.1348650e+06   2.3620605e+01
   5.1383460e+06   2.2949219e+01
   5.1411200e+06   2.4475098e+01
   5.1487780e+06   2.4719238e+01
   5.1615330e+06   2.2277832e+01
   5.1697770e+06   2.3254395e+01
   5.1705130e+06   2.2766113e+01
   5.1749730e+06   2.2888184e+01
   5.1978950e+06   2.3498535e+01
   5.2002220e+06   2.2460938e+01
   5.2011320e+06   2.2827148e+01
   5.2017230e+06   2.3132324e+01
   5.2114520e+06   2.2705078e+01
   5.2128150e+06   2.4719238e+01
   5.2217480e+06   2.4414062e+01
   5.2342850e+06   2.2155762e+01
   5.2362440e+06   2.3315430e+01
   5.2424170e+06   2.2766113e+01
   5.2431010e+06   2.4047852e+01
   5.2552720e+06   2.4108887e+01
   5.2563320e+06   2.3864746e+01
   5.2579580e+06   2.3132324e+01
   5.2621400e+06   2.4963379e+01
   5.2704510e+06   2.3193359e+01
   5.2744710e+06   2.2827148e+01
   5.2750320e+06   2.6428223e+01
   5.2874110e+06   2.7832031e+01
   5.3035390e+06   2.2094727e+01
   5.3123500e+06   2.2216797e+01
   5.3210580e+06   2.2644043e+01
   5.3242780e+06   2.3620605e+01
   5.3275150e+06   2.2644043e+01
   5.3358070e+06   2.6916504e+01
   5.3368380e+06   2.4902344e+01
   5.3393280e+06   2.2583008e+01
   5.3459350e+06   2.4047852e+01
   5.3495690e+06   2.3315430e+01
   5.3556550e+06   2.2094727e+01
   5.3606800e+06   2.6367188e+01
   5.3607160e+06   2.4108887e+01
   5.3607450e+06   2.5695801e+01
   5.3607550e+06   4.4006348e+01
   5.3607930e+06   2.6672363e+01
   5.3608070e+06   2.1789551e+01
   5.3608290e+06   2.7160645e+01
   5.3608760e+06   2.5329590e+01
   5.3609150e+06   3.3081055e+01
   5.3612140e+06   2.2399902e+01
   5.3613940e+06   2.6367188e+01
   5.3614910e+06   2.5512695e+01
   5.3615270e+06   2.3925781e+01
   5.3615840e+06   2.2399902e+01
   5.3616520e+06   2.2521973e+01
   5.3617190e+06   2.4780273e+01
   5.3618060e+06   2.1911621e+01
   5.3618820e+06   2.5024414e+01
   5.3620860e+06   2.1911621e+01
   5.3621310e+06   2.2705078e+01
   5.3621610e+06   2.1789551e+01
   5.3624460e+06   2.1911621e+01
   5.3624990e+06   2.3742676e+01
   5.3625850e+06   2.3132324e+01
   5.3626380e+06   2.3498535e+01
   5.3627740e+06   2.3071289e+01
   5.3628780e+06   2.2827148e+01
   5.3630020e+06   2.1911621e+01
   5.3631710e+06   2.2155762e+01
   5.3634690e+06   2.3559570e+01
   5.3635980e+06   2.5329590e+01
   5.3638100e+06   2.5695801e+01
   5.3640580e+06   2.2888184e+01
   5.3649070e+06   2.2705078e+01
   5.3673060e+06   2.4597168e+01
   5.3719210e+06   2.2216797e+01
   5.3730830e+06   2.2583008e+01
   5.3732760e+06   2.1789551e+01
   5.3734360e+06   2.2766113e+01
   5.3735270e+06   3.1555176e+01
   5.3735520e+06   2.7221680e+01
   5.3735740e+06   2.7465820e+01
   5.3735980e+06   3.0578613e+01
   5.3736270e+06   2.9785156e+01
   5.3736540e+06   2.4414062e+01
   5.3736700e+06   2.4414062e+01
   5.3737210e+06   2.4475098e+01
   5.3737710e+06   2.4047852e+01
   5.3739690e+06   2.9174805e+01
   5.3740300e+06   2.2155762e+01
   5.3740840e+06   2.3498535e+01
   5.3741960e+06   2.2460938e+01
   5.3742540e+06   2.2521973e+01
   5.3743200e+06   2.3010254e+01
   5.3743730e+06   2.3315430e+01
   5.3745560e+06   2.4658203e+01
   5.3746180e+06   2.4597168e+01
   5.3747670e+06   2.4902344e+01
   5.3748990e+06   2.3376465e+01
   5.3749770e+06   2.3559570e+01
   5.3750230e+06   2.4719238e+01
   5.3750730e+06   2.2949219e+01
   5.3751450e+06   2.2644043e+01
   5.3752900e+06   2.3376465e+01
   5.3753690e+06   2.1972656e+01
   5.3753810e+06   2.1850586e+01
   5.3755690e+06   2.3193359e+01
   5.3758570e+06   2.3498535e+01
   5.3762730e+06   2.4291992e+01
   5.3764150e+06   2.4108887e+01
   5.3765500e+06   2.3071289e+01
   5.3771420e+06   2.3803711e+01
   5.3777970e+06   2.3986816e+01
   5.3820320e+06   2.2155762e+01
   5.3843630e+06   2.2033691e+01
   5.3846940e+06   2.4475098e+01
   5.3854070e+06   2.4414062e+01
   5.3855790e+06   2.3437500e+01
   5.3870490e+06   2.2521973e+01
   5.3873510e+06   2.2949219e+01
   5.3893010e+06   2.2888184e+01
   5.3909420e+06   2.2338867e+01
   5.3929920e+06   2.3071289e+01
   5.3954460e+06   2.4169922e+01
   5.3960240e+06   2.4902344e+01
   5.3974400e+06   2.1911621e+01
   5.3992480e+06   2.7099609e+01
   5.3999730e+06   2.3132324e+01
   5.4069280e+06   2.1911621e+01
   5.4079880e+06   2.2460938e+01
   5.4178000e+06   2.3498535e+01
   5.4216620e+06   2.8869629e+01
   5.4390790e+06   2.3803711e+01
   5.4448750e+06   2.2521973e+01
   5.4495380e+06   2.2705078e+01
   5.4593350e+06   2.2949219e+01
   5.4607220e+06   2.1972656e+01
   5.4666960e+06   2.2521973e+01
   5.4683310e+06   2.3925781e+01
   5.4751560e+06   2.3620605e+01
   5.4802650e+06   2.4841309e+01
   5.4862670e+06   2.3681641e+01
   5.4873870e+06   2.3010254e+01
   5.4895510e+06   2.7709961e+01
   5.4904890e+06   2.8503418e+01
   5.4933330e+06   2.4047852e+01
   5.4994070e+06   2.1911621e+01
   5.5007020e+06   2.2827148e+01
   5.5016590e+06   2.2888184e+01
   5.5165840e+06   2.3193359e+01
   5.5211270e+06   2.2705078e+01
   5.5267220e+06   2.3498535e+01
   5.5348760e+06   2.2949219e+01
   5.5400920e+06   2.2583008e+01
   5.5447870e+06   2.4963379e+01
   5.5633640e+06   2.2705078e+01
   5.5698610e+06   2.3498535e+01
   5.5741160e+06   2.2216797e+01
   5.5836100e+06   2.3071289e+01
   5.5864050e+06   2.3254395e+01
   5.5914830e+06   2.2338867e+01
   5.5940090e+06   2.1911621e+01
   5.6021530e+06   2.3925781e+01
   5.6021960e+06   2.3803711e+01
   5.6034370e+06   2.2399902e+01
   5.6072130e+06   2.2888184e+01
   5.6096590e+06   2.3071289e+01
   5.6119990e+06   2.2033691e+01
   5.6261320e+06   2.3620605e+01
   5.6324700e+06   2.4536133e+01
   5.6366710e+06   2.5634766e+01
   5.6460860e+06   2.6367188e+01
   5.6502430e+06   2.2705078e+01
   5.6515480e+06   2.4780273e+01
   5.6605880e+06   2.3315430e+01
   5.6825080e+06   2.1972656e+01
   5.6877750e+06   2.2277832e+01
   5.7081000e+06   2.3315430e+01
   5.7189510e+06   2.3498535e+01
   5.7194340e+06   2.4902344e+01
   5.7280940e+06   2.1789551e+01
   5.7355430e+06   2.3010254e+01
   5.7387090e+06   2.4475098e+01
   5.7450040e+06   2.2460938e+01
   5.7471500e+06   2.2949219e+01
   5.7548430e+06   2.4047852e+01
   5.7627400e+06   2.3437500e+01
   5.7698070e+06   2.3681641e+01
   5.7740710e+06   2.4780273e+01
   5.7824640e+06   2.2094727e+01
   5.7825120e+06   2.2460937e+01
   5.7825560e+06   2.8381348e+01
   5.7825660e+06   2.6733398e+01
   5.7826140e+06   2.3193359e+01
   5.7826390e+06   3.1005859e+01
   5.7826770e+06   3.0822754e+01
   5.7827000e+06   2.6000977e+01
   5.7827970e+06   2.7038574e+01
   5.7828850e+06   2.8259277e+01
   5.7829270e+06   3.0761719e+01
   5.7829780e+06   2.3925781e+01
   5.7831300e+06   2.3742676e+01
   5.7833320e+06   2.5878906e+01
   5.7835290e+06   2.2460938e+01
   5.7836030e+06   2.2399902e+01
   5.7836570e+06   2.6916504e+01
   5.7843500e+06   2.4230957e+01
   5.7844670e+06   2.7221680e+01
   5.7846660e+06   2.4597168e+01
   5.7848430e+06   2.1911621e+01
   5.7851230e+06   2.2644043e+01
   5.7855390e+06   2.3132324e+01
   5.7858050e+06   3.0029297e+01
   5.7861710e+06   2.1850586e+01
   5.7864380e+06   2.4047852e+01
   5.7886830e+06   2.3620605e+01
   5.7921520e+06   2.4902344e+01
   5.7924710e+06   2.2705078e+01
   5.7928710e+06   2.2033691e+01
   5.7941490e+06   2.3437500e+01
   5.7945790e+06   2.1911621e+01
   5.7947490e+06   2.6550293e+01
   5.7949660e+06   2.7832031e+01
   5.7950740e+06   2.3620605e+01
   5.7951250e+06   2.5085449e+01
   5.7951570e+06   4.1625977e+01
   5.7951790e+06   2.5634766e+01
   5.7952300e+06   2.2766113e+01
   5.7952440e+06   2.6611328e+01
   5.7953480e+06   2.2521973e+01
   5.7953720e+06   2.5634766e+01
   5.7953940e+06   2.3132324e+01
   5.7954170e+06   2.2155762e+01
   5.7954660e+06   2.5451660e+01
   5.7955030e+06   2.2338867e+01
   5.7955370e+06   2.6550293e+01
   5.7955710e+06   2.4658203e+01
   5.7956100e+06   2.2338867e+01
   5.7957830e+06   2.2888184e+01
   5.7958460e+06   2.2705078e+01
   5.7960890e+06   2.2949219e+01
   5.7962980e+06   2.6367188e+01
   5.7964770e+06   2.1850586e+01
   5.7967690e+06   2.9602051e+01
   5.7970370e+06   2.4291992e+01
   5.7971970e+06   2.6550293e+01
   5.7977040e+06   2.3559570e+01
   5.7977870e+06   2.4108887e+01
   5.7983410e+06   2.7160645e+01
   5.7986690e+06   2.5207520e+01
   5.7998910e+06   2.2766113e+01
   5.8025300e+06   2.3986816e+01
   5.8044990e+06   2.3742676e+01
   5.8050080e+06   2.4047852e+01
   5.8056330e+06   2.2155762e+01
   5.8061030e+06   2.7893066e+01
   5.8066040e+06   2.3071289e+01
   5.8078950e+06   2.2399902e+01
   5.8097790e+06   2.2216797e+01
   5.8139270e+06   2.2033691e+01
   5.8198750e+06   2.4963379e+01
   5.8251840e+06   2.3498535e+01
   5.8255630e+06   2.1789551e+01
   5.8269630e+06   2.5817871e+01
   5.8281000e+06   2.2460938e+01
   5.8288970e+06   2.4780273e+01
   5.8360880e+06   2.4169922e+01
   5.8400100e+06   2.6245117e+01
   5.8430830e+06   2.3010254e+01
   5.8502890e+06   2.2094727e+01
   5.8652130e+06   2.2155762e+01
   5.8681630e+06   2.2094727e+01
   5.8716780e+06   2.2521973e+01
   5.8729850e+06   2.3193359e+01
   5.8790940e+06   2.6184082e+01
   5.8857020e+06   2.2094727e+01
   5.8865350e+06   2.3681641e+01
   5.9002950e+06   2.2460938e+01
   5.9070000e+06   2.2521973e+01
   5.9083700e+06   2.2155762e+01
   5.9157270e+06   2.4597168e+01
   5.9207690e+06   2.3986816e+01
   5.9286310e+06   2.2216797e+01
   5.9299790e+06   2.3864746e+01
   5.9308470e+06   2.4169922e+01
   5.9309430e+06   2.7282715e+01
   5.9309610e+06   3.3935547e+01
   5.9310030e+06   2.7099609e+01
   5.9310180e+06   2.7038574e+01
   5.9310430e+06   2.2094727e+01
   5.9310800e+06   2.5024414e+01
   5.9311160e+06   2.2277832e+01
   5.9312120e+06   3.0273438e+01
   5.9312490e+06   2.3132324e+01
   5.9314740e+06   2.3620605e+01
   5.9315920e+06   2.2766113e+01
   5.9316960e+06   2.3986816e+01
   5.9318460e+06   2.2094727e+01
   5.9321750e+06   2.7648926e+01
   5.9323370e+06   2.3315430e+01
   5.9325060e+06   2.4414062e+01
   5.9326930e+06   2.4658203e+01
   5.9327380e+06   2.6855469e+01
   5.9329110e+06   2.2399902e+01
   5.9330140e+06   2.3010254e+01
   5.9331060e+06   2.1972656e+01
   5.9334550e+06   2.4414062e+01
   5.9337790e+06   2.1850586e+01
   5.9363610e+06   2.2644043e+01
   5.9439340e+06   2.1911621e+01
   5.9441570e+06   2.7770996e+01
   5.9443510e+06   2.3803711e+01
   5.9443750e+06   2.1911621e+01
   5.9443910e+06   3.1250000e+01
   5.9444070e+06   2.1972656e+01
   5.9444450e+06   2.3254395e+01
   5.9444600e+06   2.4353027e+01
   5.9445130e+06   2.2827148e+01
   5.9445360e+06   2.2216797e+01
   5.9447500e+06   3.5461426e+01
   5.9447970e+06   2.2705078e+01
   5.9448500e+06   2.2338867e+01
   5.9449090e+06   2.3986816e+01
   5.9449750e+06   2.8747559e+01
   5.9451220e+06   2.9296875e+01
   5.9452100e+06   2.2766113e+01
   5.9452770e+06   2.2827148e+01
   5.9453430e+06   2.2644043e+01
   5.9454170e+06   2.3010254e+01
   5.9455460e+06   2.2277832e+01
   5.9456990e+06   2.3437500e+01
   5.9457110e+06   2.3193359e+01
   5.9459550e+06   2.3315430e+01
   5.9476980e+06   2.3925781e+01
   5.9481400e+06   2.3071289e+01
   5.9547080e+06   2.2521973e+01
   5.9555460e+06   2.1972656e+01
   5.9567810e+06   2.3498535e+01
   5.9639750e+06   2.3437500e+01
   5.9649640e+06   2.2583008e+01
   5.9652490e+06   2.2277832e+01
   5.9656450e+06   2.2155762e+01
   5.9759240e+06   2.4169922e+01
   5.9762030e+06   2.1850586e+01
   5.9765830e+06   2.3986816e+01
   5.9770750e+06   2.2033691e+01
   5.9773760e+06   2.1911621e+01
   5.9803800e+06   2.2644043e+01
   5.9808150e+06   2.1789551e+01
   5.9887340e+06   2.1972656e+01
   5.9898450e+06   2.2033691e+01
   5.9952440e+06   2.5451660e+01
   5.9970970e+06   2.4902344e+01
