   5.9990000e+06   0.0000000e+00
   1.5051290e+06   2.8320312e+01
   1.5051970e+06   2.5207520e+01
   1.5052300e+06   4.0771484e+01
   1.5093570e+06   2.6855469e+01
   1.5168800e+06   2.9235840e+01
   1.5172260e+06   2.6733398e+01
   1.5290560e+06   2.4414062e+01
   1.5296490e+06   2.4169922e+01
   1.5412440e+06   2.5024414e+01
   1.5414560e+06   2.4658203e+01
   1.5415790e+06   2.4230957e+01
   1.5416570e+06   2.5756836e+01
   1.5709510e+06   2.6550293e+01
   1.5710040e+06   2.7099609e+01
   1.5710600e+06   2.8442383e+01
   1.5711340e+06   2.8198242e+01
   1.5711760e+06   2.7160645e+01
   1.5712070e+06   2.4169922e+01
   1.5712640e+06   2.4658203e+01
   1.5713820e+06   2.4536133e+01
   1.5723300e+06   2.4108887e+01
   1.6014300e+06   2.4169922e+01
   1.6014820e+06   2.8381348e+01
   1.6015740e+06   2.5451660e+01
   1.6016590e+06   2.5024414e+01
   1.6016820e+06   2.4169922e+01
   1.6017790e+06   2.6000977e+01
   1.6036420e+06   2.4780273e+01
   1.6038130e+06   2.4169922e+01
   1.6716090e+06   3.6926270e+01
   1.6716550e+06   2.6245117e+01
   1.6717550e+06   2.7038574e+01
   1.6717750e+06   2.5451660e+01
   1.6718130e+06   2.5024414e+01
   1.6852260e+06   3.3874512e+01
   1.6852970e+06   2.4169922e+01
   1.6853310e+06   2.5512695e+01
   1.6853580e+06   3.1799316e+01
   1.6854530e+06   2.7587891e+01
   1.6854940e+06   3.1005859e+01
   1.7103180e+06   2.7282715e+01
   1.7104580e+06   2.4047852e+01
   1.7105090e+06   2.4414062e+01
   1.7105380e+06   2.6000977e+01
   1.7106470e+06   2.5512695e+01
   1.7950430e+06   2.4230957e+01
   1.7952130e+06   2.6123047e+01
   1.7952340e+06   2.5207520e+01
   1.7952600e+06   2.8259277e+01
   1.7952910e+06   2.5939941e+01
   1.7953020e+06   2.6000977e+01
   1.7953960e+06   2.8015137e+01
   1.7954200e+06   2.4658203e+01
   1.8096400e+06   2.4536133e+01
   1.8100050e+06   2.5390625e+01
   1.8100870e+06   2.5268555e+01
   1.8104710e+06   2.4047852e+01
   1.8243560e+06   2.6367188e+01
   1.8245180e+06   2.5878906e+01
   1.8246140e+06   2.5207520e+01
   1.8247640e+06   2.4658203e+01
   1.8800020e+06   2.5085449e+01
   1.8800210e+06   5.3283691e+01
   1.8802840e+06   2.7587891e+01
   1.8948670e+06   2.5207520e+01
   1.8949610e+06   2.8869629e+01
   1.8949930e+06   2.4353027e+01
   1.8951150e+06   2.6672363e+01
   1.8951590e+06   2.5390625e+01
   1.8952240e+06   2.8503418e+01
   1.8953460e+06   2.4291992e+01
   1.9110900e+06   2.4291992e+01
   1.9111300e+06   2.9296875e+01
   1.9111890e+06   2.8381348e+01
   1.9112740e+06   3.1494141e+01
   1.9114400e+06   2.4780273e+01
   1.9307390e+06   2.4230957e+01
   1.9307910e+06   3.0456543e+01
   1.9308350e+06   2.5146484e+01
   1.9310920e+06   2.4597168e+01
   1.9312700e+06   2.5634766e+01
   1.9315120e+06   2.4291992e+01
   1.9828490e+06   2.9418945e+01
   1.9828880e+06   2.7709961e+01
   1.9829090e+06   2.4291992e+01
   1.9829720e+06   3.1372070e+01
   1.9830480e+06   2.4963379e+01
   1.9856210e+06   2.4353027e+01
   2.3792790e+06   2.5024414e+01
   2.7331160e+06   2.5146484e+01
   2.7331880e+06   3.8391113e+01
   2.7332120e+06   3.6682129e+01
   2.7332260e+06   2.6123047e+01
   2.7332830e+06   3.0151367e+01
   2.7333410e+06   2.7709961e+01
   2.7357900e+06   2.5451660e+01
   2.7393750e+06   2.4108887e+01
   2.7405190e+06   2.4230957e+01
   2.7458840e+06   2.6306152e+01
   2.7459420e+06   2.6794434e+01
   2.7459800e+06   2.8076172e+01
   2.7460000e+06   3.2409668e+01
   2.7460730e+06   2.9296875e+01
   2.7460840e+06   2.4108887e+01
   3.0375870e+06   2.8381348e+01
   3.0376550e+06   2.8625488e+01
   3.0377490e+06   2.5146484e+01
   3.0377950e+06   2.3864746e+01
   3.0390440e+06   2.5634766e+01
   3.0501090e+06   2.3925781e+01
   3.0501650e+06   2.9479980e+01
   3.0522030e+06   2.4108887e+01
   3.2203890e+06   2.5451660e+01
   3.2204180e+06   2.9846191e+01
   3.2204330e+06   2.7587891e+01
   3.2204570e+06   2.5817871e+01
   3.2204900e+06   4.1442871e+01
   3.2205200e+06   2.5512695e+01
   3.2209090e+06   3.0578613e+01
   3.2216140e+06   2.5024414e+01
   3.2333390e+06   2.3803711e+01
   3.2334360e+06   2.9113770e+01
   3.2334620e+06   2.5085449e+01
   3.2335830e+06   2.3742676e+01
   3.2336570e+06   2.3498535e+01
   3.4083320e+06   2.6855469e+01
   3.4085230e+06   3.4606934e+01
   3.4085500e+06   3.2653809e+01
   3.4085840e+06   2.8015137e+01
   3.4086910e+06   2.4658203e+01
   3.4222610e+06   2.3803711e+01
   3.4223570e+06   2.5878906e+01
   3.4223930e+06   2.5512695e+01
   3.4224510e+06   2.4475098e+01
   3.4225120e+06   2.8930664e+01
   3.4225870e+06   2.5573730e+01
   3.4226100e+06   2.7709961e+01
   3.9909560e+06   2.3864746e+01
   3.9909910e+06   3.5949707e+01
   3.9910120e+06   2.9907227e+01
   3.9910340e+06   2.6184082e+01
   3.9910710e+06   3.0395508e+01
   3.9911330e+06   3.2409668e+01
   4.0036640e+06   2.5451660e+01
   4.0037380e+06   2.5268555e+01
   4.0037950e+06   2.4536133e+01
   4.0039120e+06   2.5268555e+01
   4.0039610e+06   2.5756836e+01
   4.0039940e+06   2.3559570e+01
   4.0041550e+06   2.5085449e+01
   4.0042720e+06   2.4291992e+01
   4.1181680e+06   2.5512695e+01
   4.1182450e+06   2.5146484e+01
   4.1182880e+06   2.4108887e+01
   4.1183020e+06   3.1250000e+01
   4.1183520e+06   2.7709961e+01
   4.1212440e+06   2.4291992e+01
   4.9327650e+06   2.8015137e+01
   4.9327780e+06   2.4963379e+01
   4.9328070e+06   2.8869629e+01
   4.9328470e+06   3.3752441e+01
   4.9328930e+06   2.9724121e+01
   4.9329890e+06   2.7160645e+01
   4.9353170e+06   2.7404785e+01
   4.9461920e+06   3.1127930e+01
   4.9462190e+06   2.5939941e+01
   4.9462600e+06   2.9663086e+01
   4.9463030e+06   2.4963379e+01
   4.9463390e+06   2.5634766e+01
   4.9463820e+06   3.0822754e+01
   4.9464530e+06   2.3742676e+01
   4.9466070e+06   2.3681641e+01
   4.9466440e+06   2.5268555e+01
   5.3606050e+06   2.5573730e+01
   5.3606320e+06   2.6550293e+01
   5.3606600e+06   4.3579102e+01
   5.3606910e+06   2.4047852e+01
   5.3607300e+06   3.6315918e+01
   5.3607780e+06   2.9174805e+01
   5.3636790e+06   2.3742676e+01
   5.3734520e+06   2.4169922e+01
   5.3734840e+06   4.1442871e+01
   5.3736280e+06   2.4169922e+01
   5.4281030e+06   2.3864746e+01
   5.7824650e+06   3.5400391e+01
   5.7825130e+06   2.7648926e+01
   5.7825360e+06   4.6508789e+01
   5.7825640e+06   2.7099609e+01
   5.7825810e+06   2.5268555e+01
   5.7826050e+06   2.6611328e+01
   5.7826610e+06   2.3681641e+01
   5.7826880e+06   2.4658203e+01
   5.7841220e+06   2.6062012e+01
   5.7851470e+06   2.4414062e+01
   5.7950170e+06   2.5817871e+01
   5.7950320e+06   2.9418945e+01
   5.7951350e+06   2.7282715e+01
   5.7952940e+06   2.4291992e+01
   5.7955200e+06   2.3864746e+01
   5.8643640e+06   2.3498535e+01
   5.9308660e+06   2.8564453e+01
   5.9308950e+06   2.7526855e+01
   5.9309310e+06   2.5207520e+01
   5.9310710e+06   2.5329590e+01
   5.9317420e+06   2.3559570e+01
   5.9442570e+06   2.5695801e+01
   5.9443730e+06   2.7526855e+01
   5.9443850e+06   2.5024414e+01
   5.9444140e+06   2.5878906e+01
   5.9445080e+06   3.1799316e+01
   5.9445550e+06   3.1616211e+01
   5.9447000e+06   2.4658203e+01
   5.9455380e+06   2.4658203e+01
