   5.9990000e+06   0.0000000e+00
   2.0369000e+04   2.2460938e+01
   2.6743000e+04   2.3498535e+01
   2.6995000e+04   2.0629883e+01
   2.7043000e+04   2.3071289e+01
   2.8860000e+04   2.2888184e+01
   7.2696000e+04   2.5451660e+01
   1.0048100e+05   2.2949219e+01
   1.0662700e+05   2.5573730e+01
   1.4825600e+05   2.1911621e+01
   1.6056900e+05   2.3925781e+01
   1.7022300e+05   2.0690918e+01
   2.1355900e+05   2.1728516e+01
   2.2142100e+05   2.2399902e+01
   2.2385100e+05   2.0568848e+01
   2.3317600e+05   2.3864746e+01
   2.5311400e+05   2.4353027e+01
   2.9673500e+05   2.0507812e+01
   3.3348000e+05   2.2338867e+01
   3.4853100e+05   2.1057129e+01
   3.7863300e+05   2.0751953e+01
   3.8208400e+05   2.0996094e+01
   5.2182500e+05   2.1179199e+01
   5.3164000e+05   2.1240234e+01
   6.5103900e+05   2.0812988e+01
   6.5403200e+05   2.3803711e+01
   7.3084800e+05   2.1484375e+01
   7.3119900e+05   2.4963379e+01
   7.6676200e+05   2.1972656e+01
   7.8054200e+05   2.2338867e+01
   9.4154400e+05   2.2094727e+01
   9.4932500e+05   2.1789551e+01
   9.5662200e+05   2.0996094e+01
   1.0012110e+06   2.1484375e+01
   1.0076900e+06   2.2888184e+01
   1.0488900e+06   2.3559570e+01
   1.1594340e+06   2.3376465e+01
   1.1844460e+06   2.2888184e+01
   1.1948970e+06   2.2888184e+01
   1.1956040e+06   2.5878906e+01
   1.2032770e+06   2.2033691e+01
   1.2323940e+06   2.1301270e+01
   1.2353710e+06   2.4169922e+01
   1.2368470e+06   2.2460938e+01
   1.2689220e+06   2.0629883e+01
   1.2742940e+06   2.1972656e+01
   1.3139970e+06   3.1555176e+01
   1.3365280e+06   2.2766113e+01
   1.3384250e+06   2.1972656e+01
   1.3466280e+06   2.2216797e+01
   1.3522150e+06   2.5207520e+01
   1.3710340e+06   2.3498535e+01
   1.3943540e+06   2.0751953e+01
   1.4012760e+06   2.4841309e+01
   1.4232790e+06   2.0507812e+01
   1.4325920e+06   2.3498535e+01
   1.4427910e+06   2.1606445e+01
   1.4557160e+06   2.3010254e+01
   1.4617810e+06   2.2277832e+01
   1.4775430e+06   2.1362305e+01
   1.4957510e+06   2.3437500e+01
   1.5037380e+06   2.3498535e+01
   1.5046850e+06   2.1911621e+01
   1.5050420e+06   2.0935059e+01
   1.5050860e+06   2.5207520e+01
   1.5051040e+06   2.9602051e+01
   1.5051440e+06   2.2216797e+01
   1.5051930e+06   3.1738281e+01
   1.5052100e+06   6.4758301e+01
   1.5052270e+06   4.1625977e+01
   1.5052400e+06   4.3640137e+01
   1.5052650e+06   3.1250000e+01
   1.5052770e+06   2.4963379e+01
   1.5053070e+06   4.6081543e+01
   1.5053220e+06   2.4230957e+01
   1.5053390e+06   3.2714844e+01
   1.5053560e+06   3.2043457e+01
   1.5054030e+06   2.0996094e+01
   1.5054160e+06   3.0334473e+01
   1.5054420e+06   2.3559570e+01
   1.5054580e+06   2.8991699e+01
   1.5055020e+06   3.5156250e+01
   1.5055320e+06   2.1667480e+01
   1.5056060e+06   2.1118164e+01
   1.5056930e+06   2.0935059e+01
   1.5057030e+06   2.7404785e+01
   1.5057370e+06   2.0874023e+01
   1.5058250e+06   2.3437500e+01
   1.5059440e+06   2.1118164e+01
   1.5060150e+06   2.4475098e+01
   1.5060330e+06   2.7526855e+01
   1.5061420e+06   2.4353027e+01
   1.5062670e+06   3.2592773e+01
   1.5063570e+06   2.5695801e+01
   1.5065470e+06   2.3925781e+01
   1.5066670e+06   2.0629883e+01
   1.5067210e+06   2.2583008e+01
   1.5067400e+06   2.9235840e+01
   1.5068110e+06   2.7160645e+01
   1.5069160e+06   2.0935059e+01
   1.5069260e+06   2.2705078e+01
   1.5070290e+06   2.1728516e+01
   1.5070420e+06   3.9001465e+01
   1.5071040e+06   2.1911621e+01
   1.5071470e+06   2.2155762e+01
   1.5071930e+06   2.3376465e+01
   1.5072800e+06   2.2155762e+01
   1.5072950e+06   2.3559570e+01
   1.5073520e+06   2.3315430e+01
   1.5074490e+06   2.1240234e+01
   1.5075480e+06   3.1921387e+01
   1.5075620e+06   2.1118164e+01
   1.5076220e+06   2.0935059e+01
   1.5077030e+06   2.1179199e+01
   1.5078110e+06   2.5024414e+01
   1.5078330e+06   3.5278320e+01
   1.5078780e+06   2.5695801e+01
   1.5080360e+06   2.3254395e+01
   1.5083440e+06   2.1301270e+01
   1.5083720e+06   2.2705078e+01
   1.5084850e+06   2.1423340e+01
   1.5085690e+06   2.0874023e+01
   1.5086450e+06   3.2470703e+01
   1.5087000e+06   2.3193359e+01
   1.5087220e+06   2.5207520e+01
   1.5089060e+06   2.3681641e+01
   1.5090390e+06   2.5695801e+01
   1.5096190e+06   2.2033691e+01
   1.5097740e+06   2.1057129e+01
   1.5100800e+06   2.2766113e+01
   1.5102160e+06   2.5268555e+01
   1.5103270e+06   2.0874023e+01
   1.5103890e+06   2.0812988e+01
   1.5107730e+06   2.3132324e+01
   1.5108510e+06   2.0874023e+01
   1.5109870e+06   2.4536133e+01
   1.5112470e+06   2.2155762e+01
   1.5113180e+06   2.1606445e+01
   1.5115050e+06   2.1789551e+01
   1.5118900e+06   2.3254395e+01
   1.5121710e+06   2.2583008e+01
   1.5122580e+06   2.1118164e+01
   1.5124330e+06   2.4414062e+01
   1.5127340e+06   2.4597168e+01
   1.5130020e+06   2.3620605e+01
   1.5134180e+06   2.0629883e+01
   1.5138270e+06   2.3193359e+01
   1.5141120e+06   2.3071289e+01
   1.5147590e+06   2.0874023e+01
   1.5148770e+06   2.0996094e+01
   1.5154610e+06   2.3071289e+01
   1.5157590e+06   2.1911621e+01
   1.5158460e+06   2.0568848e+01
   1.5160080e+06   3.0700684e+01
   1.5166950e+06   2.2460938e+01
   1.5168680e+06   2.1545410e+01
   1.5169440e+06   2.1972656e+01
   1.5170660e+06   2.2033691e+01
   1.5171250e+06   2.0507812e+01
   1.5171600e+06   2.1972656e+01
   1.5171910e+06   2.3010254e+01
   1.5172410e+06   2.6855469e+01
   1.5172640e+06   3.8330078e+01
   1.5172960e+06   2.1972656e+01
   1.5173580e+06   2.2155762e+01
   1.5174210e+06   3.0334473e+01
   1.5175040e+06   3.7719727e+01
   1.5175300e+06   2.8930664e+01
   1.5175650e+06   2.5207520e+01
   1.5175900e+06   2.2216797e+01
   1.5176110e+06   2.1179199e+01
   1.5176710e+06   2.4963379e+01
   1.5177690e+06   2.4230957e+01
   1.5178720e+06   2.3254395e+01
   1.5178820e+06   2.2644043e+01
   1.5179340e+06   2.4536133e+01
   1.5179930e+06   2.2460938e+01
   1.5180080e+06   2.0629883e+01
   1.5181550e+06   2.1911621e+01
   1.5183070e+06   2.2827148e+01
   1.5183740e+06   2.2460938e+01
   1.5184150e+06   2.4414062e+01
   1.5185680e+06   2.5695801e+01
   1.5189210e+06   2.2338867e+01
   1.5189930e+06   2.6794434e+01
   1.5191170e+06   2.2338867e+01
   1.5191390e+06   2.1545410e+01
   1.5197880e+06   2.2949219e+01
   1.5202070e+06   2.2644043e+01
   1.5203350e+06   2.1362305e+01
   1.5204430e+06   2.3376465e+01
   1.5208710e+06   2.2399902e+01
   1.5212280e+06   2.2033691e+01
   1.5214670e+06   2.8808594e+01
   1.5216330e+06   2.6184082e+01
   1.5220400e+06   2.5085449e+01
   1.5226410e+06   2.0507812e+01
   1.5228900e+06   2.4719238e+01
   1.5230580e+06   2.3803711e+01
   1.5231050e+06   2.0690918e+01
   1.5240590e+06   2.0935059e+01
   1.5244400e+06   2.4780273e+01
   1.5252850e+06   2.2888184e+01
   1.5257350e+06   2.1850586e+01
   1.5261570e+06   2.4597168e+01
   1.5270540e+06   2.6062012e+01
   1.5278090e+06   2.2155762e+01
   1.5282600e+06   2.0568848e+01
   1.5286100e+06   2.2888184e+01
   1.5287950e+06   2.4353027e+01
   1.5288630e+06   2.3132324e+01
   1.5289040e+06   2.2033691e+01
   1.5289920e+06   2.1057129e+01
   1.5290410e+06   2.3132324e+01
   1.5290890e+06   2.7343750e+01
   1.5291350e+06   2.4963379e+01
   1.5291690e+06   2.9846191e+01
   1.5292150e+06   3.6499023e+01
   1.5292470e+06   2.1240234e+01
   1.5292730e+06   2.5817871e+01
   1.5292960e+06   2.2277832e+01
   1.5293200e+06   2.1118164e+01
   1.5293310e+06   2.1667480e+01
   1.5293660e+06   2.2521973e+01
   1.5293940e+06   2.5390625e+01
   1.5294270e+06   2.2399902e+01
   1.5295080e+06   2.0690918e+01
   1.5295370e+06   3.3203125e+01
   1.5295890e+06   2.4108887e+01
   1.5296920e+06   2.8137207e+01
   1.5297330e+06   2.3437500e+01
   1.5297540e+06   2.4719238e+01
   1.5298410e+06   2.2155762e+01
   1.5299840e+06   2.1301270e+01
   1.5300050e+06   2.3925781e+01
   1.5300880e+06   2.3437500e+01
   1.5301910e+06   2.6428223e+01
   1.5303510e+06   2.3437500e+01
   1.5303760e+06   2.1545410e+01
   1.5305390e+06   2.4414062e+01
   1.5307360e+06   2.1972656e+01
   1.5308080e+06   2.0507812e+01
   1.5310210e+06   2.1667480e+01
   1.5313900e+06   2.4291992e+01
   1.5314280e+06   2.1850586e+01
   1.5316620e+06   2.0629883e+01
   1.5325950e+06   2.2888184e+01
   1.5342960e+06   2.0935059e+01
   1.5349180e+06   2.5817871e+01
   1.5349580e+06   2.1972656e+01
   1.5357380e+06   2.1728516e+01
   1.5371970e+06   2.1911621e+01
   1.5388290e+06   2.1057129e+01
   1.5394630e+06   2.1911621e+01
   1.5399270e+06   2.3315430e+01
   1.5405470e+06   2.4291992e+01
   1.5409480e+06   2.5024414e+01
   1.5409790e+06   2.5573730e+01
   1.5412230e+06   2.1301270e+01
   1.5412770e+06   2.3742676e+01
   1.5413080e+06   2.3986816e+01
   1.5413840e+06   2.3132324e+01
   1.5414230e+06   4.3640137e+01
   1.5414440e+06   2.0935059e+01
   1.5414610e+06   2.8381348e+01
   1.5414950e+06   2.1484375e+01
   1.5415170e+06   2.8076172e+01
   1.5415510e+06   2.9174805e+01
   1.5415770e+06   2.5268555e+01
   1.5415870e+06   2.3132324e+01
   1.5415990e+06   2.7404785e+01
   1.5416390e+06   2.1118164e+01
   1.5416730e+06   2.5390625e+01
   1.5416950e+06   2.0568848e+01
   1.5417570e+06   2.1118164e+01
   1.5417970e+06   2.1118164e+01
   1.5418180e+06   2.3498535e+01
   1.5418440e+06   2.2277832e+01
   1.5418930e+06   2.3498535e+01
   1.5419230e+06   2.5085449e+01
   1.5419560e+06   2.2766113e+01
   1.5419920e+06   3.1860352e+01
   1.5420330e+06   2.0690918e+01
   1.5420610e+06   2.4047852e+01
   1.5420880e+06   2.2705078e+01
   1.5421240e+06   2.0751953e+01
   1.5421490e+06   3.4301758e+01
   1.5421750e+06   2.3010254e+01
   1.5422190e+06   2.2888184e+01
   1.5423470e+06   2.6306152e+01
   1.5424450e+06   2.0935059e+01
   1.5424840e+06   2.9052734e+01
   1.5425010e+06   2.0690918e+01
   1.5426010e+06   2.2338867e+01
   1.5426130e+06   2.2094727e+01
   1.5426790e+06   2.2399902e+01
   1.5427580e+06   2.0629883e+01
   1.5429120e+06   2.5878906e+01
   1.5431910e+06   2.6123047e+01
   1.5435500e+06   2.4475098e+01
   1.5437400e+06   2.2644043e+01
   1.5439790e+06   2.0751953e+01
   1.5450930e+06   2.7465820e+01
   1.5464820e+06   2.1728516e+01
   1.5477930e+06   2.0812988e+01
   1.5493050e+06   2.4841309e+01
   1.5517750e+06   2.2338867e+01
   1.5538320e+06   2.3803711e+01
   1.5545890e+06   2.2277832e+01
   1.5552030e+06   2.0507812e+01
   1.5591420e+06   2.1179199e+01
   1.5605050e+06   2.5939941e+01
   1.5617650e+06   2.1728516e+01
   1.5624060e+06   2.2644043e+01
   1.5632150e+06   2.1606445e+01
   1.5637870e+06   2.0690918e+01
   1.5646880e+06   2.4414062e+01
   1.5680490e+06   2.2399902e+01
   1.5692300e+06   2.2216797e+01
   1.5693170e+06   2.5390625e+01
   1.5704450e+06   2.4291992e+01
   1.5708000e+06   2.2949219e+01
   1.5709650e+06   2.5268555e+01
   1.5709870e+06   2.3986816e+01
   1.5710250e+06   2.8503418e+01
   1.5710540e+06   2.6245117e+01
   1.5710650e+06   2.2827148e+01
   1.5711010e+06   2.9052734e+01
   1.5711330e+06   2.9113770e+01
   1.5711540e+06   2.6062012e+01
   1.5711920e+06   4.0527344e+01
   1.5712090e+06   2.6855469e+01
   1.5712240e+06   2.8869629e+01
   1.5712500e+06   2.8442383e+01
   1.5712720e+06   2.2399902e+01
   1.5712860e+06   2.5451660e+01
   1.5713120e+06   2.4047852e+01
   1.5714360e+06   2.1362305e+01
   1.5714720e+06   2.4719238e+01
   1.5715050e+06   2.6062012e+01
   1.5715260e+06   2.3498535e+01
   1.5715360e+06   2.5085449e+01
   1.5716800e+06   2.1789551e+01
   1.5717000e+06   3.0395508e+01
   1.5717710e+06   2.2949219e+01
   1.5718250e+06   2.0629883e+01
   1.5718520e+06   2.3864746e+01
   1.5719510e+06   2.5634766e+01
   1.5719910e+06   2.9418945e+01
   1.5720580e+06   2.0751953e+01
   1.5721470e+06   2.3071289e+01
   1.5721950e+06   2.1911621e+01
   1.5723020e+06   2.0751953e+01
   1.5724010e+06   2.7099609e+01
   1.5724210e+06   2.3010254e+01
   1.5726800e+06   2.4414062e+01
   1.5728660e+06   2.1484375e+01
   1.5729980e+06   2.1179199e+01
   1.5732000e+06   2.1301270e+01
   1.5732140e+06   2.5878906e+01
   1.5733450e+06   2.2155762e+01
   1.5734490e+06   2.5268555e+01
   1.5736460e+06   2.0690918e+01
   1.5736980e+06   2.0568848e+01
   1.5740520e+06   2.0568848e+01
   1.5741760e+06   2.2766113e+01
   1.5743870e+06   2.2460938e+01
   1.5744620e+06   2.1362305e+01
   1.5747310e+06   2.5451660e+01
   1.5748540e+06   2.2583008e+01
   1.5759440e+06   2.2644043e+01
   1.5771850e+06   2.3864746e+01
   1.5781770e+06   2.3010254e+01
   1.5822990e+06   2.0629883e+01
   1.5830770e+06   2.2949219e+01
   1.5842560e+06   2.3986816e+01
   1.5856820e+06   2.1301270e+01
   1.5864800e+06   2.5024414e+01
   1.5873150e+06   2.4902344e+01
   1.5882490e+06   2.4291992e+01
   1.5895940e+06   2.3254395e+01
   1.5902350e+06   2.2155762e+01
   1.5905780e+06   2.2766113e+01
   1.5913460e+06   2.4719238e+01
   1.5921790e+06   2.0629883e+01
   1.5940900e+06   2.5939941e+01
   1.5951100e+06   2.0507812e+01
   1.5966660e+06   2.1667480e+01
   1.5985830e+06   2.0629883e+01
   1.5996180e+06   2.3254395e+01
   1.6000040e+06   2.0690918e+01
   1.6010050e+06   2.3254395e+01
   1.6010860e+06   2.1728516e+01
   1.6014520e+06   2.6794434e+01
   1.6015050e+06   2.7099609e+01
   1.6015310e+06   2.7038574e+01
   1.6015500e+06   2.0935059e+01
   1.6015660e+06   2.1545410e+01
   1.6015810e+06   2.2888184e+01
   1.6016100e+06   3.1921387e+01
   1.6016290e+06   2.6306152e+01
   1.6016550e+06   3.1127930e+01
   1.6016870e+06   2.2277832e+01
   1.6017160e+06   2.6184082e+01
   1.6017280e+06   3.1433105e+01
   1.6017630e+06   2.6245117e+01
   1.6018650e+06   2.3254395e+01
   1.6019050e+06   2.4719238e+01
   1.6019350e+06   2.7770996e+01
   1.6019630e+06   2.0507812e+01
   1.6020020e+06   2.0812988e+01
   1.6020190e+06   2.0629883e+01
   1.6022640e+06   2.7221680e+01
   1.6024610e+06   2.2827148e+01
   1.6025040e+06   2.1484375e+01
   1.6025700e+06   2.2583008e+01
   1.6026210e+06   2.3376465e+01
   1.6028810e+06   2.2399902e+01
   1.6030430e+06   2.9907227e+01
   1.6031410e+06   2.5146484e+01
   1.6031670e+06   2.0996094e+01
   1.6032960e+06   2.1179199e+01
   1.6034290e+06   2.1118164e+01
   1.6035900e+06   2.5939941e+01
   1.6037440e+06   2.2460938e+01
   1.6039210e+06   2.4536133e+01
   1.6041220e+06   2.2155762e+01
   1.6042400e+06   2.3193359e+01
   1.6046430e+06   2.0996094e+01
   1.6058830e+06   2.3620605e+01
   1.6061580e+06   2.2399902e+01
   1.6110160e+06   2.0507812e+01
   1.6118130e+06   2.2460938e+01
   1.6124610e+06   2.1240234e+01
   1.6152380e+06   2.1240234e+01
   1.6174560e+06   2.7648926e+01
   1.6198300e+06   2.3193359e+01
   1.6220590e+06   2.0996094e+01
   1.6228050e+06   2.2338867e+01
   1.6255080e+06   2.2216797e+01
   1.6263400e+06   2.1850586e+01
   1.6294910e+06   2.2583008e+01
   1.6315340e+06   2.2827148e+01
   1.6376500e+06   2.2949219e+01
   1.6381520e+06   2.2033691e+01
   1.6447510e+06   2.4047852e+01
   1.6545720e+06   2.1728516e+01
   1.6551340e+06   2.1545410e+01
   1.6602620e+06   2.1118164e+01
   1.6652170e+06   2.6611328e+01
   1.6707500e+06   2.1423340e+01
   1.6713200e+06   2.2766113e+01
   1.6716280e+06   2.4108887e+01
   1.6716610e+06   2.2033691e+01
   1.6716870e+06   2.3132324e+01
   1.6717140e+06   2.9907227e+01
   1.6717240e+06   2.5695801e+01
   1.6717400e+06   2.7160645e+01
   1.6717580e+06   2.2583008e+01
   1.6717880e+06   3.0151367e+01
   1.6718100e+06   2.6123047e+01
   1.6718270e+06   2.4047852e+01
   1.6718420e+06   2.8808594e+01
   1.6718650e+06   2.1789551e+01
   1.6718850e+06   2.6916504e+01
   1.6719010e+06   2.6245117e+01
   1.6719380e+06   2.8747559e+01
   1.6719870e+06   2.1545410e+01
   1.6720030e+06   2.6733398e+01
   1.6720170e+06   2.5024414e+01
   1.6720640e+06   2.9235840e+01
   1.6720890e+06   2.1545410e+01
   1.6721310e+06   2.4169922e+01
   1.6721630e+06   2.2094727e+01
   1.6721890e+06   2.3864746e+01
   1.6722160e+06   2.0690918e+01
   1.6722470e+06   2.5512695e+01
   1.6723530e+06   2.1667480e+01
   1.6724260e+06   3.8146973e+01
   1.6724700e+06   2.2827148e+01
   1.6725120e+06   2.7954102e+01
   1.6725490e+06   2.2583008e+01
   1.6726630e+06   2.1057129e+01
   1.6727020e+06   2.0935059e+01
   1.6727610e+06   2.2521973e+01
   1.6727800e+06   2.6672363e+01
   1.6728640e+06   3.0334473e+01
   1.6730660e+06   2.1911621e+01
   1.6730850e+06   2.3742676e+01
   1.6732060e+06   2.0629883e+01
   1.6733090e+06   2.3986816e+01
   1.6733230e+06   2.5817871e+01
   1.6733970e+06   2.3742676e+01
   1.6734390e+06   2.5878906e+01
   1.6734960e+06   2.2705078e+01
   1.6736820e+06   2.1301270e+01
   1.6737370e+06   2.4597168e+01
   1.6737650e+06   2.6794434e+01
   1.6738960e+06   2.2644043e+01
   1.6739230e+06   2.1972656e+01
   1.6739900e+06   2.0751953e+01
   1.6740560e+06   2.2155762e+01
   1.6741890e+06   2.5329590e+01
   1.6742130e+06   2.0690918e+01
   1.6744080e+06   2.1850586e+01
   1.6744740e+06   2.0812988e+01
   1.6746820e+06   2.1728516e+01
   1.6747520e+06   2.3742676e+01
   1.6749840e+06   2.4475098e+01
   1.6751520e+06   2.1484375e+01
   1.6751690e+06   2.9174805e+01
   1.6753620e+06   2.1850586e+01
   1.6754710e+06   2.3925781e+01
   1.6755910e+06   2.1423340e+01
   1.6757100e+06   2.0568848e+01
   1.6758660e+06   2.0935059e+01
   1.6763170e+06   2.1667480e+01
   1.6763360e+06   2.1057129e+01
   1.6783640e+06   2.0874023e+01
   1.6814110e+06   2.1423340e+01
   1.6834440e+06   2.1057129e+01
   1.6841090e+06   2.2216797e+01
   1.6846330e+06   2.0507813e+01
   1.6851700e+06   2.1911621e+01
   1.6852190e+06   2.0507812e+01
   1.6852920e+06   2.3864746e+01
   1.6853380e+06   2.2949219e+01
   1.6853710e+06   2.2033691e+01
   1.6854150e+06   2.4291992e+01
   1.6854420e+06   3.2287598e+01
   1.6854930e+06   2.6977539e+01
   1.6855030e+06   2.5329590e+01
   1.6855360e+06   2.3193359e+01
   1.6855840e+06   2.9357910e+01
   1.6856160e+06   2.3254395e+01
   1.6856490e+06   2.5634766e+01
   1.6856750e+06   3.1860352e+01
   1.6857000e+06   3.1188965e+01
   1.6857160e+06   2.6062012e+01
   1.6857590e+06   2.1972656e+01
   1.6857870e+06   2.3498535e+01
   1.6858370e+06   2.3315430e+01
   1.6858720e+06   2.0751953e+01
   1.6859000e+06   2.5878906e+01
   1.6859140e+06   2.2460938e+01
   1.6859860e+06   2.1728516e+01
   1.6860020e+06   2.1179199e+01
   1.6860650e+06   2.0629883e+01
   1.6861060e+06   2.1545410e+01
   1.6861400e+06   2.2827148e+01
   1.6862580e+06   2.8076172e+01
   1.6862940e+06   2.0996094e+01
   1.6863520e+06   2.1850586e+01
   1.6863940e+06   2.1789551e+01
   1.6864320e+06   2.2155762e+01
   1.6864960e+06   2.0996094e+01
   1.6865830e+06   2.0996094e+01
   1.6867660e+06   2.1240234e+01
   1.6868040e+06   2.0874023e+01
   1.6868230e+06   2.4963379e+01
   1.6874060e+06   2.1850586e+01
   1.6874170e+06   2.2216797e+01
   1.6874470e+06   2.3254395e+01
   1.6876640e+06   2.4169922e+01
   1.6877390e+06   2.1911621e+01
   1.6878950e+06   2.3681641e+01
   1.6891440e+06   2.2216797e+01
   1.6964530e+06   2.0507812e+01
   1.6990710e+06   2.4780273e+01
   1.7006410e+06   2.1057129e+01
   1.7012860e+06   2.2827148e+01
   1.7040610e+06   2.4475098e+01
   1.7048610e+06   2.2338867e+01
   1.7053440e+06   2.2644043e+01
   1.7063990e+06   2.2216797e+01
   1.7102530e+06   2.2155762e+01
   1.7103090e+06   2.1240234e+01
   1.7103460e+06   3.0883789e+01
   1.7103820e+06   3.0639648e+01
   1.7103950e+06   2.1179199e+01
   1.7104070e+06   2.5329590e+01
   1.7104350e+06   2.6062012e+01
   1.7104540e+06   3.6560059e+01
   1.7104750e+06   3.5522461e+01
   1.7104940e+06   3.4606934e+01
   1.7105110e+06   2.0507813e+01
   1.7105280e+06   2.5695801e+01
   1.7105480e+06   3.4790039e+01
   1.7105610e+06   2.0690918e+01
   1.7105780e+06   2.6428223e+01
   1.7105950e+06   3.3081055e+01
   1.7106270e+06   2.6000977e+01
   1.7106400e+06   2.9663086e+01
   1.7107040e+06   2.7832031e+01
   1.7107280e+06   2.0690918e+01
   1.7107540e+06   2.1118164e+01
   1.7107960e+06   2.7465820e+01
   1.7108590e+06   2.8747559e+01
   1.7108770e+06   2.3315430e+01
   1.7109330e+06   2.5634766e+01
   1.7110790e+06   3.0090332e+01
   1.7110900e+06   2.0690918e+01
   1.7111130e+06   2.1545410e+01
   1.7111560e+06   2.1301270e+01
   1.7112490e+06   2.6245117e+01
   1.7113340e+06   2.7526855e+01
   1.7114170e+06   2.3193359e+01
   1.7114350e+06   2.0690918e+01
   1.7114960e+06   2.1240234e+01
   1.7115310e+06   2.1240234e+01
   1.7115590e+06   2.1911621e+01
   1.7116010e+06   2.0996094e+01
   1.7118840e+06   2.4780273e+01
   1.7119640e+06   2.3193359e+01
   1.7120070e+06   2.2583008e+01
   1.7120750e+06   2.1789551e+01
   1.7123820e+06   2.0874023e+01
   1.7125080e+06   2.0568848e+01
   1.7125890e+06   2.1301270e+01
   1.7126780e+06   2.3681641e+01
   1.7128740e+06   2.2705078e+01
   1.7129410e+06   2.2766113e+01
   1.7130910e+06   2.5390625e+01
   1.7132870e+06   2.5085449e+01
   1.7134680e+06   2.3559570e+01
   1.7134850e+06   2.5329590e+01
   1.7137330e+06   2.4536133e+01
   1.7214810e+06   2.2216797e+01
   1.7241590e+06   2.1728516e+01
   1.7277650e+06   2.0568848e+01
   1.7353100e+06   2.1667480e+01
   1.7434090e+06   2.0568848e+01
   1.7445590e+06   2.1606445e+01
   1.7459210e+06   2.0996094e+01
   1.7619610e+06   2.1728516e+01
   1.7935460e+06   2.3864746e+01
   1.7940580e+06   2.2094727e+01
   1.7945850e+06   2.2338867e+01
   1.7948430e+06   2.2888184e+01
   1.7948780e+06   2.1606445e+01
   1.7950930e+06   2.4230957e+01
   1.7951720e+06   2.0996094e+01
   1.7952450e+06   2.2644043e+01
   1.7952630e+06   5.1147461e+01
   1.7952770e+06   2.3620605e+01
   1.7952930e+06   2.1606445e+01
   1.7953030e+06   4.6569824e+01
   1.7953390e+06   3.3996582e+01
   1.7953660e+06   2.9602051e+01
   1.7953800e+06   2.5451660e+01
   1.7954130e+06   2.2155762e+01
   1.7954400e+06   2.4780273e+01
   1.7954640e+06   2.5939941e+01
   1.7954760e+06   2.3254395e+01
   1.7954920e+06   2.1240234e+01
   1.7955050e+06   2.2644043e+01
   1.7955660e+06   2.4414063e+01
   1.7955870e+06   2.2766113e+01
   1.7956410e+06   2.1057129e+01
   1.7956880e+06   2.4353027e+01
   1.7957360e+06   2.3437500e+01
   1.7957610e+06   2.2949219e+01
   1.7958110e+06   2.0996094e+01
   1.7958920e+06   2.2827148e+01
   1.7960450e+06   2.3437500e+01
   1.7961360e+06   2.1850586e+01
   1.7962080e+06   2.5573730e+01
   1.7963460e+06   2.9724121e+01
   1.7964080e+06   2.0629883e+01
   1.7964690e+06   2.2033691e+01
   1.7965610e+06   2.4658203e+01
   1.7966710e+06   2.1057129e+01
   1.7967700e+06   2.1911621e+01
   1.7968720e+06   2.0507812e+01
   1.7968970e+06   2.7282715e+01
   1.7969410e+06   2.0874023e+01
   1.7969590e+06   2.0935059e+01
   1.7971370e+06   2.4719238e+01
   1.7972410e+06   2.0935059e+01
   1.7973400e+06   2.0507812e+01
   1.7973970e+06   2.3071289e+01
   1.7974470e+06   2.3742676e+01
   1.7975340e+06   2.5146484e+01
   1.7977060e+06   2.0874023e+01
   1.7977370e+06   2.5085449e+01
   1.7978210e+06   2.0629883e+01
   1.7978590e+06   2.5695801e+01
   1.7980320e+06   2.2644043e+01
   1.7982180e+06   2.0874023e+01
   1.7984110e+06   2.4230957e+01
   1.7986120e+06   2.0812988e+01
   1.7988350e+06   2.4108887e+01
   1.7998890e+06   2.3254395e+01
   1.7999240e+06   2.0690918e+01
   1.8011430e+06   2.1118164e+01
   1.8024680e+06   2.1606445e+01
   1.8050890e+06   2.4475098e+01
   1.8072140e+06   2.2399902e+01
   1.8096370e+06   2.0751953e+01
   1.8096550e+06   2.1789551e+01
   1.8097150e+06   2.2766113e+01
   1.8097500e+06   2.3620605e+01
   1.8097790e+06   3.0334473e+01
   1.8097900e+06   2.6794434e+01
   1.8098180e+06   2.4780273e+01
   1.8098510e+06   2.3925781e+01
   1.8098740e+06   3.5217285e+01
   1.8098920e+06   2.4597168e+01
   1.8099130e+06   3.1433105e+01
   1.8099540e+06   2.0996094e+01
   1.8100170e+06   2.4047852e+01
   1.8100370e+06   2.5390625e+01
   1.8100560e+06   2.7893066e+01
   1.8100740e+06   3.7170410e+01
   1.8100970e+06   2.2705078e+01
   1.8101650e+06   2.1484375e+01
   1.8102400e+06   2.2216797e+01
   1.8102990e+06   3.0151367e+01
   1.8103520e+06   2.1606445e+01
   1.8103880e+06   2.7954102e+01
   1.8104100e+06   2.0812988e+01
   1.8104800e+06   2.7770996e+01
   1.8104980e+06   2.1545410e+01
   1.8105110e+06   2.1057129e+01
   1.8105950e+06   2.1972656e+01
   1.8106060e+06   2.3986816e+01
   1.8108170e+06   2.4414062e+01
   1.8109960e+06   2.0874023e+01
   1.8110790e+06   2.4353027e+01
   1.8111780e+06   2.0751953e+01
   1.8113200e+06   2.3498535e+01
   1.8116100e+06   2.0996094e+01
   1.8117490e+06   2.1911621e+01
   1.8119470e+06   2.0996094e+01
   1.8120890e+06   2.1179199e+01
   1.8122170e+06   2.0629883e+01
   1.8126300e+06   2.1606445e+01
   1.8239840e+06   2.1606445e+01
   1.8242160e+06   2.1911621e+01
   1.8244000e+06   2.0812988e+01
   1.8244340e+06   2.3193359e+01
   1.8244560e+06   2.9174805e+01
   1.8245040e+06   2.3742676e+01
   1.8245320e+06   2.4841309e+01
   1.8245610e+06   2.6428223e+01
   1.8245910e+06   4.4738770e+01
   1.8246020e+06   2.6611328e+01
   1.8246150e+06   3.1433105e+01
   1.8246370e+06   2.1179199e+01
   1.8246960e+06   2.2399902e+01
   1.8247080e+06   2.4475098e+01
   1.8247210e+06   2.2766113e+01
   1.8247740e+06   2.8625488e+01
   1.8247930e+06   2.6672363e+01
   1.8248260e+06   2.1484375e+01
   1.8248400e+06   3.9123535e+01
   1.8249020e+06   2.7587891e+01
   1.8249320e+06   2.5695801e+01
   1.8249710e+06   2.5268555e+01
   1.8250340e+06   2.6489258e+01
   1.8251200e+06   2.7038574e+01
   1.8253230e+06   2.8259277e+01
   1.8254220e+06   2.5451660e+01
   1.8254380e+06   2.4658203e+01
   1.8254840e+06   2.5146484e+01
   1.8255630e+06   2.2705078e+01
   1.8258330e+06   2.0874023e+01
   1.8260880e+06   2.0507812e+01
   1.8262730e+06   2.4536133e+01
   1.8264040e+06   2.0751953e+01
   1.8268510e+06   2.1850586e+01
   1.8271410e+06   2.1179199e+01
   1.8272990e+06   2.0507812e+01
   1.8288680e+06   2.1911621e+01
   1.8474680e+06   2.0629883e+01
   1.8601030e+06   2.0507812e+01
   1.8783270e+06   2.2583008e+01
   1.8791780e+06   2.3315430e+01
   1.8795590e+06   2.2216797e+01
   1.8796070e+06   2.2216797e+01
   1.8799410e+06   2.3681641e+01
   1.8799940e+06   2.2033691e+01
   1.8800060e+06   2.6428223e+01
   1.8800450e+06   2.5085449e+01
   1.8800720e+06   3.1616211e+01
   1.8800950e+06   3.8085938e+01
   1.8801070e+06   3.0273438e+01
   1.8801400e+06   2.6245117e+01
   1.8801510e+06   3.4118652e+01
   1.8801920e+06   2.9785156e+01
   1.8802110e+06   5.1696777e+01
   1.8802370e+06   3.2897949e+01
   1.8802480e+06   2.2338867e+01
   1.8802870e+06   2.8747559e+01
   1.8803000e+06   2.6611328e+01
   1.8803700e+06   2.1423340e+01
   1.8803860e+06   2.1179199e+01
   1.8804190e+06   2.1118164e+01
   1.8804460e+06   3.0151367e+01
   1.8805930e+06   2.1850586e+01
   1.8807120e+06   2.6367188e+01
   1.8808040e+06   2.5695801e+01
   1.8808560e+06   2.2888184e+01
   1.8809090e+06   2.1423340e+01
   1.8810200e+06   2.2521973e+01
   1.8810520e+06   2.0874023e+01
   1.8812010e+06   2.2094727e+01
   1.8812840e+06   2.1911621e+01
   1.8813580e+06   2.4230957e+01
   1.8814590e+06   2.3071289e+01
   1.8814850e+06   2.2644043e+01
   1.8815900e+06   2.1667480e+01
   1.8816560e+06   2.2338867e+01
   1.8816850e+06   2.3254395e+01
   1.8817250e+06   2.3864746e+01
   1.8818190e+06   2.0812988e+01
   1.8818630e+06   2.1728516e+01
   1.8819120e+06   2.1972656e+01
   1.8819710e+06   2.2216797e+01
   1.8820580e+06   2.3559570e+01
   1.8822490e+06   2.8381348e+01
   1.8825670e+06   2.0629883e+01
   1.8827310e+06   3.3386230e+01
   1.8827480e+06   2.0690918e+01
   1.8832250e+06   2.1423340e+01
   1.8834750e+06   2.1606445e+01
   1.8840180e+06   2.1240234e+01
   1.8849340e+06   2.1301270e+01
   1.8929960e+06   2.1057129e+01
   1.8946160e+06   2.1118164e+01
   1.8946690e+06   2.3681641e+01
   1.8947510e+06   2.2277832e+01
   1.8947740e+06   2.3803711e+01
   1.8948090e+06   2.2155762e+01
   1.8948340e+06   3.1921387e+01
   1.8948560e+06   2.7587891e+01
   1.8949110e+06   2.4108887e+01
   1.8949210e+06   2.7465820e+01
   1.8949420e+06   3.3142090e+01
   1.8949730e+06   2.9663086e+01
   1.8949860e+06   2.2644043e+01
   1.8950120e+06   2.2033691e+01
   1.8950330e+06   3.1555176e+01
   1.8950430e+06   2.0812988e+01
   1.8950700e+06   2.8259277e+01
   1.8951300e+06   3.1799316e+01
   1.8951530e+06   2.9113770e+01
   1.8951810e+06   2.6428223e+01
   1.8952030e+06   2.5939941e+01
   1.8952170e+06   2.1911621e+01
   1.8952720e+06   2.6245117e+01
   1.8952840e+06   3.6621094e+01
   1.8953360e+06   2.7587891e+01
   1.8953960e+06   2.7526855e+01
   1.8954560e+06   2.0874023e+01
   1.8954740e+06   2.6000977e+01
   1.8955460e+06   2.1057129e+01
   1.8955820e+06   2.3193359e+01
   1.8955970e+06   2.1728516e+01
   1.8956460e+06   2.0812988e+01
   1.8956770e+06   2.1728516e+01
   1.8957580e+06   2.6367188e+01
   1.8958340e+06   2.3071289e+01
   1.8961300e+06   2.1057129e+01
   1.8961540e+06   2.3376465e+01
   1.8962970e+06   2.4047852e+01
   1.8964840e+06   2.2766113e+01
   1.8966850e+06   2.1118164e+01
   1.8967070e+06   2.2399902e+01
   1.8968230e+06   2.5634766e+01
   1.8970130e+06   2.2644043e+01
   1.8972730e+06   2.3132324e+01
   1.8974710e+06   2.0935059e+01
   1.8981070e+06   2.0629883e+01
   1.8988090e+06   2.1057129e+01
   1.9052640e+06   2.1972656e+01
   1.9103700e+06   2.5939941e+01
   1.9105470e+06   2.2033691e+01
   1.9108520e+06   2.3315430e+01
   1.9110020e+06   2.1484375e+01
   1.9110430e+06   3.9123535e+01
   1.9110630e+06   2.3925781e+01
   1.9111000e+06   2.9846191e+01
   1.9111660e+06   2.6062012e+01
   1.9112110e+06   2.3071289e+01
   1.9112290e+06   2.4841309e+01
   1.9112510e+06   2.7893066e+01
   1.9112920e+06   2.4902344e+01
   1.9113190e+06   2.0812988e+01
   1.9113460e+06   2.8076172e+01
   1.9113840e+06   2.1606445e+01
   1.9114520e+06   2.5085449e+01
   1.9114710e+06   2.2827148e+01
   1.9115950e+06   2.1240234e+01
   1.9116070e+06   2.1301270e+01
   1.9116660e+06   2.4658203e+01
   1.9117040e+06   2.8381348e+01
   1.9117580e+06   2.6611328e+01
   1.9118520e+06   3.3081055e+01
   1.9119140e+06   2.0568848e+01
   1.9119580e+06   2.1362305e+01
   1.9120160e+06   2.5512695e+01
   1.9120700e+06   2.3315430e+01
   1.9122130e+06   2.2460938e+01
   1.9123360e+06   2.1057129e+01
   1.9124040e+06   2.0812988e+01
   1.9124790e+06   2.3559570e+01
   1.9124910e+06   2.0874023e+01
   1.9125580e+06   2.1240234e+01
   1.9128960e+06   2.7832031e+01
   1.9130700e+06   2.2094727e+01
   1.9132900e+06   2.1179199e+01
   1.9135330e+06   2.1118164e+01
   1.9138930e+06   2.1789551e+01
   1.9243970e+06   2.1484375e+01
   1.9304400e+06   2.1667480e+01
   1.9305580e+06   2.2888184e+01
   1.9307640e+06   2.0751953e+01
   1.9307950e+06   2.5573730e+01
   1.9308440e+06   3.3142090e+01
   1.9308550e+06   2.2094727e+01
   1.9308850e+06   2.7893066e+01
   1.9309070e+06   3.3020020e+01
   1.9309590e+06   3.5217285e+01
   1.9309760e+06   3.4729004e+01
   1.9310210e+06   2.3803711e+01
   1.9310430e+06   2.4414062e+01
   1.9311170e+06   2.1484375e+01
   1.9311310e+06   2.3742676e+01
   1.9312230e+06   2.6489258e+01
   1.9312760e+06   2.8869629e+01
   1.9313070e+06   2.0751953e+01
   1.9313170e+06   2.0996094e+01
   1.9313690e+06   2.2888184e+01
   1.9313830e+06   2.4414063e+01
   1.9315310e+06   2.2521973e+01
   1.9316260e+06   2.5573730e+01
   1.9316860e+06   2.8930664e+01
   1.9317330e+06   2.0568848e+01
   1.9317640e+06   2.2583008e+01
   1.9318340e+06   2.4719238e+01
   1.9319070e+06   2.0568848e+01
   1.9321050e+06   3.5583496e+01
   1.9322350e+06   2.2216797e+01
   1.9322810e+06   2.0935059e+01
   1.9325190e+06   2.1484375e+01
   1.9327400e+06   2.1545410e+01
   1.9328490e+06   2.1667480e+01
   1.9333940e+06   2.4841309e+01
   1.9338350e+06   2.2094727e+01
   1.9342990e+06   2.1423340e+01
   1.9407030e+06   2.6977539e+01
   1.9412420e+06   2.2644043e+01
   1.9416360e+06   2.1118164e+01
   1.9422580e+06   2.0629883e+01
   1.9436410e+06   2.0874023e+01
   1.9697200e+06   2.0568848e+01
   1.9706140e+06   2.1057129e+01
   1.9710500e+06   2.0629883e+01
   1.9828180e+06   3.2165527e+01
   1.9828790e+06   2.2521973e+01
   1.9829120e+06   3.7902832e+01
   1.9829380e+06   3.2348633e+01
   1.9829610e+06   2.7099609e+01
   1.9829880e+06   3.1982422e+01
   1.9830080e+06   3.8818359e+01
   1.9830530e+06   2.9052734e+01
   1.9830940e+06   2.6550293e+01
   1.9831270e+06   2.0629883e+01
   1.9831600e+06   2.6306152e+01
   1.9831950e+06   2.0568848e+01
   1.9832370e+06   2.2827148e+01
   1.9832640e+06   2.7954102e+01
   1.9833140e+06   2.4536133e+01
   1.9833250e+06   2.4169922e+01
   1.9833460e+06   2.4902344e+01
   1.9833950e+06   2.4780273e+01
   1.9835010e+06   2.6000977e+01
   1.9836450e+06   2.0629883e+01
   1.9836670e+06   2.1545410e+01
   1.9837110e+06   2.3986816e+01
   1.9837840e+06   2.0812988e+01
   1.9838510e+06   2.3498535e+01
   1.9839560e+06   2.0629883e+01
   1.9840050e+06   2.8137207e+01
   1.9840760e+06   2.1728516e+01
   1.9841520e+06   2.2827148e+01
   1.9842290e+06   2.3986816e+01
   1.9843260e+06   2.8747559e+01
   1.9845490e+06   2.4780273e+01
   1.9850570e+06   3.1433105e+01
   1.9852690e+06   2.4291992e+01
   1.9853670e+06   2.0935059e+01
   1.9854800e+06   2.1240234e+01
   1.9856120e+06   2.5634766e+01
   1.9858650e+06   2.2827148e+01
   1.9872770e+06   2.1118164e+01
   1.9880170e+06   2.0568848e+01
   1.9966800e+06   2.0690918e+01
   2.0071820e+06   2.1911621e+01
   2.0190030e+06   2.3193359e+01
   2.0318130e+06   2.5573730e+01
   2.0323010e+06   2.1179199e+01
   2.0469980e+06   2.0507812e+01
   2.0524440e+06   2.3925781e+01
   2.0536240e+06   2.1362305e+01
   2.0696050e+06   2.2094727e+01
   2.0728120e+06   2.1179199e+01
   2.0817650e+06   2.1484375e+01
   2.1213080e+06   2.0996094e+01
   2.1226340e+06   2.1362305e+01
   2.1460600e+06   2.2094727e+01
   2.1704830e+06   2.0812988e+01
   2.1839680e+06   2.2033691e+01
   2.1988520e+06   2.0507812e+01
   2.2093260e+06   2.2338867e+01
   2.2168240e+06   2.2399902e+01
   2.2404810e+06   2.1667480e+01
   2.2579900e+06   2.1118164e+01
   2.2917080e+06   2.2949219e+01
   2.3215900e+06   2.0935059e+01
   2.3312380e+06   2.0874023e+01
   2.3413360e+06   2.1728516e+01
   2.3556920e+06   2.0629883e+01
   2.3585710e+06   2.0996094e+01
   2.3680220e+06   2.1911621e+01
   2.3693600e+06   2.1606445e+01
   2.4023200e+06   2.0812988e+01
   2.4255820e+06   2.1667480e+01
   2.4275970e+06   2.0507812e+01
   2.4608620e+06   2.1362305e+01
   2.4928100e+06   2.1301270e+01
   2.5054010e+06   2.2399902e+01
   2.5231980e+06   2.0874023e+01
   2.5328270e+06   2.3925781e+01
   2.5328400e+06   2.0996094e+01
   2.5495330e+06   2.2583008e+01
   2.5689030e+06   2.1667480e+01
   2.5862370e+06   2.0568848e+01
   2.5981210e+06   2.1179199e+01
   2.6007910e+06   2.1179199e+01
   2.6312420e+06   2.2705078e+01
   2.6523830e+06   2.0568848e+01
   2.6620590e+06   2.2216797e+01
   2.6729280e+06   2.0507812e+01
   2.6733470e+06   2.0812988e+01
   2.6841880e+06   2.4475098e+01
   2.6945890e+06   2.3498535e+01
   2.6994890e+06   2.0874023e+01
   2.7329720e+06   2.2644043e+01
   2.7331170e+06   2.0935059e+01
   2.7331360e+06   4.0039062e+01
   2.7331760e+06   2.7709961e+01
   2.7331900e+06   2.3620605e+01
   2.7332010e+06   2.2644043e+01
   2.7332420e+06   6.2316895e+01
   2.7332720e+06   5.6701660e+01
   2.7332830e+06   2.9479980e+01
   2.7332990e+06   2.5756836e+01
   2.7333140e+06   3.7170410e+01
   2.7333350e+06   2.6428223e+01
   2.7333770e+06   3.2104492e+01
   2.7334120e+06   2.3071289e+01
   2.7334280e+06   2.2705078e+01
   2.7334470e+06   4.1137695e+01
   2.7335160e+06   2.6855469e+01
   2.7335390e+06   2.3864746e+01
   2.7335730e+06   2.5817871e+01
   2.7335970e+06   2.3742676e+01
   2.7336170e+06   3.3447266e+01
   2.7336710e+06   2.2705078e+01
   2.7337330e+06   2.3132324e+01
   2.7337950e+06   2.2277832e+01
   2.7338220e+06   2.0935059e+01
   2.7339670e+06   2.0690918e+01
   2.7339880e+06   2.3071289e+01
   2.7340790e+06   2.3132324e+01
   2.7341110e+06   2.7526855e+01
   2.7343630e+06   2.5939941e+01
   2.7343800e+06   2.1972656e+01
   2.7344400e+06   2.0996094e+01
   2.7345620e+06   2.5085449e+01
   2.7346030e+06   2.5390625e+01
   2.7346910e+06   2.3498535e+01
   2.7348040e+06   2.2705078e+01
   2.7348510e+06   2.2155762e+01
   2.7349000e+06   2.0629883e+01
   2.7349430e+06   2.3620605e+01
   2.7350280e+06   2.5085449e+01
   2.7350990e+06   2.1606445e+01
   2.7351680e+06   2.1850586e+01
   2.7352720e+06   2.1301270e+01
   2.7353320e+06   2.1118164e+01
   2.7354060e+06   2.1789551e+01
   2.7355270e+06   3.2043457e+01
   2.7355630e+06   2.2827148e+01
   2.7355910e+06   2.7954102e+01
   2.7357210e+06   2.2705078e+01
   2.7357670e+06   2.8747559e+01
   2.7359380e+06   2.1301270e+01
   2.7360060e+06   2.0629883e+01
   2.7360600e+06   2.2277832e+01
   2.7366670e+06   2.2399902e+01
   2.7367610e+06   2.0568848e+01
   2.7370270e+06   2.1545410e+01
   2.7372020e+06   2.5939941e+01
   2.7373440e+06   2.1728516e+01
   2.7374730e+06   2.8625488e+01
   2.7375940e+06   2.1423340e+01
   2.7378050e+06   2.2766113e+01
   2.7379480e+06   2.1179199e+01
   2.7382210e+06   2.6550293e+01
   2.7386870e+06   2.1301270e+01
   2.7391750e+06   2.0935059e+01
   2.7404300e+06   2.0568848e+01
   2.7418020e+06   2.0690918e+01
   2.7418590e+06   2.4658203e+01
   2.7425650e+06   2.0751953e+01
   2.7429680e+06   2.2399902e+01
   2.7432820e+06   2.0874023e+01
   2.7433760e+06   2.4902344e+01
   2.7440470e+06   2.5939941e+01
   2.7446000e+06   2.0629883e+01
   2.7448960e+06   2.2216797e+01
   2.7451130e+06   2.4536133e+01
   2.7453040e+06   2.2155762e+01
   2.7454500e+06   2.2888184e+01
   2.7457660e+06   2.3437500e+01
   2.7458380e+06   2.7160645e+01
   2.7458740e+06   2.3071289e+01
   2.7459120e+06   2.8686523e+01
   2.7459260e+06   3.8818359e+01
   2.7459520e+06   2.4475098e+01
   2.7459720e+06   3.1005859e+01
   2.7459890e+06   2.1667480e+01
   2.7460000e+06   2.3803711e+01
   2.7460450e+06   5.1147461e+01
   2.7460610e+06   3.2287598e+01
   2.7460960e+06   2.8015137e+01
   2.7461140e+06   2.8442383e+01
   2.7461470e+06   2.5512695e+01
   2.7461660e+06   2.0874023e+01
   2.7461980e+06   2.1484375e+01
   2.7462170e+06   2.6062012e+01
   2.7462290e+06   3.8574219e+01
   2.7462540e+06   2.5695801e+01
   2.7462880e+06   2.4963379e+01
   2.7462990e+06   2.2277832e+01
   2.7463230e+06   2.4291992e+01
   2.7463590e+06   2.0874023e+01
   2.7463870e+06   2.3254395e+01
   2.7464420e+06   2.2277832e+01
   2.7464710e+06   2.6367188e+01
   2.7464980e+06   2.1606445e+01
   2.7465850e+06   2.2216797e+01
   2.7466320e+06   2.1545410e+01
   2.7466460e+06   2.2277832e+01
   2.7467090e+06   2.4719238e+01
   2.7468140e+06   3.4179688e+01
   2.7468350e+06   2.1545410e+01
   2.7468690e+06   2.2338867e+01
   2.7469320e+06   2.7099609e+01
   2.7469950e+06   2.8137207e+01
   2.7470570e+06   2.2460938e+01
   2.7471860e+06   2.3376465e+01
   2.7472650e+06   3.1799316e+01
   2.7473020e+06   2.0629883e+01
   2.7473320e+06   2.2399902e+01
   2.7473840e+06   2.3315430e+01
   2.7473950e+06   2.3315430e+01
   2.7474940e+06   2.0935059e+01
   2.7475960e+06   2.3193359e+01
   2.7476170e+06   2.0874023e+01
   2.7477040e+06   3.3874512e+01
   2.7478060e+06   2.0507812e+01
   2.7478280e+06   2.2644043e+01
   2.7480480e+06   2.3376465e+01
   2.7480620e+06   2.2094727e+01
   2.7481190e+06   2.5390625e+01
   2.7482080e+06   2.0568848e+01
   2.7483910e+06   2.1972656e+01
   2.7484230e+06   2.1179199e+01
   2.7484720e+06   2.3803711e+01
   2.7487830e+06   3.0151367e+01
   2.7493990e+06   2.0568848e+01
   2.7514760e+06   2.0996094e+01
   2.7528140e+06   2.1423340e+01
   2.7537980e+06   2.3559570e+01
   2.7586260e+06   2.1789551e+01
   2.7594190e+06   2.1606445e+01
   2.7601030e+06   2.1057129e+01
   2.7617820e+06   2.2521973e+01
   2.7636570e+06   2.0874023e+01
   2.7759430e+06   2.0812988e+01
   2.7871710e+06   2.1728516e+01
   2.7926050e+06   2.0935059e+01
   2.8159870e+06   2.0568848e+01
   2.8267090e+06   2.3620605e+01
   2.8581790e+06   2.0812988e+01
   2.9169030e+06   2.0507812e+01
   2.9609750e+06   2.2216797e+01
   3.0131680e+06   2.2644043e+01
   3.0374440e+06   2.1606445e+01
   3.0374630e+06   2.0385742e+01
   3.0375100e+06   2.0385742e+01
   3.0375550e+06   2.2766113e+01
   3.0375800e+06   2.9052734e+01
   3.0376220e+06   2.1911621e+01
   3.0376590e+06   3.3081055e+01
   3.0376730e+06   3.6315918e+01
   3.0376930e+06   4.8767090e+01
   3.0377160e+06   5.3100586e+01
   3.0377310e+06   3.4423828e+01
   3.0377430e+06   3.1005859e+01
   3.0377720e+06   5.5541992e+01
   3.0377850e+06   3.1738281e+01
   3.0378200e+06   4.0771484e+01
   3.0378430e+06   3.5400391e+01
   3.0378550e+06   2.0507812e+01
   3.0378740e+06   2.0690918e+01
   3.0378870e+06   3.3203125e+01
   3.0379290e+06   2.5329590e+01
   3.0379450e+06   2.1850586e+01
   3.0379800e+06   2.0874023e+01
   3.0380060e+06   3.2592773e+01
   3.0380660e+06   2.3010254e+01
   3.0380910e+06   2.2949219e+01
   3.0381550e+06   2.4780273e+01
   3.0381870e+06   2.4230957e+01
   3.0382240e+06   2.1911621e+01
   3.0382880e+06   2.1972656e+01
   3.0383200e+06   2.3559570e+01
   3.0383650e+06   2.4047852e+01
   3.0385450e+06   2.1850586e+01
   3.0385710e+06   2.4658203e+01
   3.0386610e+06   2.2399902e+01
   3.0387850e+06   2.6916504e+01
   3.0388490e+06   2.6062012e+01
   3.0389220e+06   3.0395508e+01
   3.0389480e+06   3.0334473e+01
   3.0390100e+06   2.0874023e+01
   3.0390440e+06   2.1057129e+01
   3.0390890e+06   2.2827148e+01
   3.0391830e+06   2.7343750e+01
   3.0392840e+06   2.1057129e+01
   3.0393430e+06   2.1545410e+01
   3.0393760e+06   2.1118164e+01
   3.0394060e+06   3.1250000e+01
   3.0394930e+06   2.1484375e+01
   3.0395290e+06   3.0517578e+01
   3.0395730e+06   2.1850586e+01
   3.0396100e+06   2.1179199e+01
   3.0396530e+06   3.3996582e+01
   3.0396700e+06   2.0385742e+01
   3.0396980e+06   2.1850586e+01
   3.0398470e+06   2.8015137e+01
   3.0398650e+06   2.0507812e+01
   3.0401470e+06   2.1545410e+01
   3.0401960e+06   2.7099609e+01
   3.0402360e+06   2.7587891e+01
   3.0404370e+06   2.1362305e+01
   3.0404510e+06   2.3071289e+01
   3.0405330e+06   2.1362305e+01
   3.0407910e+06   2.4108887e+01
   3.0408100e+06   2.1484375e+01
   3.0410450e+06   2.7465820e+01
   3.0412250e+06   2.0568848e+01
   3.0412850e+06   2.1423340e+01
   3.0418210e+06   2.2155762e+01
   3.0418840e+06   2.3254395e+01
   3.0420680e+06   2.1118164e+01
   3.0424460e+06   2.1423340e+01
   3.0441430e+06   2.0629883e+01
   3.0453210e+06   2.0996094e+01
   3.0457610e+06   2.0690918e+01
   3.0461570e+06   2.2094727e+01
   3.0476340e+06   2.1423340e+01
   3.0488020e+06   2.6428223e+01
   3.0488130e+06   2.1118164e+01
   3.0491740e+06   2.1057129e+01
   3.0496810e+06   2.0629883e+01
   3.0500360e+06   2.0996094e+01
   3.0500980e+06   2.2583008e+01
   3.0501140e+06   2.1545410e+01
   3.0501710e+06   2.4719238e+01
   3.0502000e+06   2.7099609e+01
   3.0502200e+06   3.3386230e+01
   3.0502370e+06   2.2521973e+01
   3.0502700e+06   2.5634766e+01
   3.0503090e+06   2.9663086e+01
   3.0503220e+06   2.3864746e+01
   3.0503530e+06   2.0446777e+01
   3.0503900e+06   3.4240723e+01
   3.0504380e+06   2.6306152e+01
   3.0504770e+06   2.7465820e+01
   3.0505190e+06   3.9855957e+01
   3.0505430e+06   2.4780273e+01
   3.0505590e+06   2.4780273e+01
   3.0506380e+06   2.1423340e+01
   3.0507070e+06   2.6123047e+01
   3.0507400e+06   2.2399902e+01
   3.0507770e+06   2.4291992e+01
   3.0508500e+06   3.1372070e+01
   3.0509080e+06   2.6794434e+01
   3.0509800e+06   2.7160645e+01
   3.0510290e+06   2.5268555e+01
   3.0510660e+06   2.3925781e+01
   3.0510940e+06   2.4719238e+01
   3.0511090e+06   2.7282715e+01
   3.0511710e+06   2.1545410e+01
   3.0512680e+06   2.1972656e+01
   3.0513140e+06   2.2399902e+01
   3.0513730e+06   2.0385742e+01
   3.0513840e+06   3.2043457e+01
   3.0514650e+06   2.0935059e+01
   3.0516000e+06   2.1240234e+01
   3.0517120e+06   2.3315430e+01
   3.0517880e+06   2.2705078e+01
   3.0519330e+06   2.5085449e+01
   3.0520050e+06   2.1240234e+01
   3.0520970e+06   2.1972656e+01
   3.0522460e+06   2.5573730e+01
   3.0522600e+06   2.1545410e+01
   3.0523220e+06   2.0812988e+01
   3.0523970e+06   2.2216797e+01
   3.0524550e+06   2.4597168e+01
   3.0527870e+06   2.2155762e+01
   3.0528200e+06   2.4108887e+01
   3.0528680e+06   2.2094727e+01
   3.0532000e+06   3.4118652e+01
   3.0542450e+06   2.4230957e+01
   3.0549840e+06   2.2338867e+01
   3.0564060e+06   2.0446777e+01
   3.0593590e+06   2.0751953e+01
   3.0607940e+06   2.2521973e+01
   3.0608440e+06   2.2277832e+01
   3.0615790e+06   2.3437500e+01
   3.0627840e+06   2.5817871e+01
   3.0646420e+06   2.1240234e+01
   3.0684700e+06   2.3681641e+01
   3.0719960e+06   2.2033691e+01
   3.0721880e+06   2.1362305e+01
   3.0868520e+06   2.0446777e+01
   3.1152600e+06   2.2766113e+01
   3.1499380e+06   2.1240234e+01
   3.1759900e+06   2.3437500e+01
   3.1771160e+06   3.1311035e+01
   3.2203130e+06   2.6123047e+01
   3.2203820e+06   2.8930664e+01
   3.2203950e+06   2.1301270e+01
   3.2204230e+06   3.3020020e+01
   3.2204400e+06   3.2165527e+01
   3.2204520e+06   3.7475586e+01
   3.2204760e+06   3.4179688e+01
   3.2205120e+06   6.4147949e+01
   3.2205410e+06   3.5827637e+01
   3.2205520e+06   4.5349121e+01
   3.2205780e+06   2.3376465e+01
   3.2206060e+06   2.5451660e+01
   3.2206200e+06   3.0090332e+01
   3.2206670e+06   3.3752441e+01
   3.2207000e+06   2.5146484e+01
   3.2207180e+06   3.3142090e+01
   3.2207640e+06   2.4047852e+01
   3.2208070e+06   3.1311035e+01
   3.2208350e+06   2.3986816e+01
   3.2208890e+06   2.9663086e+01
   3.2209700e+06   2.8442383e+01
   3.2211120e+06   3.2043457e+01
   3.2211340e+06   3.1677246e+01
   3.2212010e+06   2.2460938e+01
   3.2213760e+06   2.2094727e+01
   3.2214050e+06   2.5146484e+01
   3.2215310e+06   2.4230957e+01
   3.2216150e+06   2.6733398e+01
   3.2216840e+06   2.3559570e+01
   3.2217060e+06   2.3559570e+01
   3.2217630e+06   2.5939941e+01
   3.2218030e+06   2.0874023e+01
   3.2218210e+06   2.6672363e+01
   3.2218510e+06   2.5146484e+01
   3.2219370e+06   2.7343750e+01
   3.2220330e+06   2.0812988e+01
   3.2220610e+06   2.2216797e+01
   3.2221110e+06   2.2705078e+01
   3.2221560e+06   2.1362305e+01
   3.2221750e+06   2.0935059e+01
   3.2221960e+06   2.0385742e+01
   3.2222440e+06   2.1057129e+01
   3.2223280e+06   2.7526855e+01
   3.2223860e+06   2.5939941e+01
   3.2225350e+06   2.0446777e+01
   3.2226390e+06   2.0385742e+01
   3.2226840e+06   2.3071289e+01
   3.2227620e+06   2.4719238e+01
   3.2227840e+06   2.7038574e+01
   3.2228200e+06   2.3193359e+01
   3.2229150e+06   2.0568848e+01
   3.2229440e+06   2.2949219e+01
   3.2231430e+06   2.0751953e+01
   3.2233220e+06   2.0874023e+01
   3.2237370e+06   2.3193359e+01
   3.2239380e+06   2.0935059e+01
   3.2244890e+06   2.0507812e+01
   3.2249990e+06   2.6855469e+01
   3.2286750e+06   2.0935059e+01
   3.2310670e+06   2.2338867e+01
   3.2317290e+06   2.9846191e+01
   3.2324230e+06   2.7770996e+01
   3.2328350e+06   2.5024414e+01
   3.2330930e+06   2.1423340e+01
   3.2333550e+06   2.3742676e+01
   3.2333770e+06   2.4963379e+01
   3.2334160e+06   2.5512695e+01
   3.2334430e+06   2.2216797e+01
   3.2334670e+06   3.6071777e+01
   3.2334860e+06   4.0893555e+01
   3.2335100e+06   3.1005859e+01
   3.2335430e+06   3.4912109e+01
   3.2335540e+06   2.3315430e+01
   3.2335880e+06   2.7221680e+01
   3.2336090e+06   2.3559570e+01
   3.2336430e+06   2.4108887e+01
   3.2336700e+06   3.5522461e+01
   3.2336910e+06   2.1545410e+01
   3.2337030e+06   2.5573730e+01
   3.2337330e+06   2.2949219e+01
   3.2337480e+06   3.4545898e+01
   3.2337780e+06   2.0568848e+01
   3.2338080e+06   2.4536133e+01
   3.2338250e+06   2.4536133e+01
   3.2338900e+06   2.3132324e+01
   3.2339180e+06   2.2521973e+01
   3.2339780e+06   2.2949219e+01
   3.2340750e+06   2.2888184e+01
   3.2341460e+06   2.5512695e+01
   3.2341690e+06   2.1545410e+01
   3.2342470e+06   2.0446777e+01
   3.2343010e+06   2.3864746e+01
   3.2343350e+06   2.7160645e+01
   3.2343530e+06   2.1850586e+01
   3.2344530e+06   2.1972656e+01
   3.2346390e+06   2.1850586e+01
   3.2346750e+06   2.1179199e+01
   3.2347810e+06   2.2399902e+01
   3.2347970e+06   2.3681641e+01
   3.2348780e+06   2.0874023e+01
   3.2348880e+06   2.1728516e+01
   3.2350000e+06   2.6428223e+01
   3.2350220e+06   2.1850586e+01
   3.2350840e+06   2.4291992e+01
   3.2353240e+06   2.4108887e+01
   3.2355530e+06   2.0568848e+01
   3.2356320e+06   2.2460938e+01
   3.2359780e+06   2.0385742e+01
   3.2362820e+06   2.2521973e+01
   3.2367790e+06   2.0568848e+01
   3.2373550e+06   2.1911621e+01
   3.2437700e+06   2.2644043e+01
   3.2455920e+06   2.4780273e+01
   3.2479500e+06   2.0935059e+01
   3.2501710e+06   2.1789551e+01
   3.2547780e+06   2.6611328e+01
   3.2559070e+06   2.1606445e+01
   3.2627180e+06   2.1972656e+01
   3.2691190e+06   2.1118164e+01
   3.2710910e+06   2.0935059e+01
   3.2764660e+06   2.3620605e+01
   3.2781460e+06   2.0751953e+01
   3.2938160e+06   2.4658203e+01
   3.2952280e+06   2.2094727e+01
   3.3224530e+06   2.0690918e+01
   3.3238760e+06   2.2766113e+01
   3.3332460e+06   2.0751953e+01
   3.3474880e+06   2.5390625e+01
   3.3481860e+06   2.1789551e+01
   3.3624550e+06   2.1240234e+01
   3.3846980e+06   2.0568848e+01
   3.4067940e+06   2.2338867e+01
   3.4071510e+06   2.4475098e+01
   3.4080680e+06   2.1972656e+01
   3.4083840e+06   2.6489258e+01
   3.4084680e+06   2.7282715e+01
   3.4085180e+06   2.2583008e+01
   3.4085320e+06   3.5827637e+01
   3.4085730e+06   3.6499023e+01
   3.4086040e+06   2.4841309e+01
   3.4086290e+06   3.7597656e+01
   3.4086470e+06   4.1992188e+01
   3.4086660e+06   2.5939941e+01
   3.4086790e+06   3.3447266e+01
   3.4087110e+06   5.0231934e+01
   3.4087260e+06   3.1311035e+01
   3.4087500e+06   2.9907227e+01
   3.4087900e+06   2.2338867e+01
   3.4088110e+06   2.4108887e+01
   3.4088350e+06   3.2043457e+01
   3.4088480e+06   2.3742676e+01
   3.4088670e+06   2.2277832e+01
   3.4089020e+06   2.4475098e+01
   3.4089230e+06   2.2460938e+01
   3.4089620e+06   2.5512695e+01
   3.4089920e+06   2.1728516e+01
   3.4090340e+06   3.1494141e+01
   3.4090590e+06   2.2888184e+01
   3.4090830e+06   2.1362305e+01
   3.4091300e+06   2.3803711e+01
   3.4091600e+06   2.5756836e+01
   3.4091840e+06   2.8320312e+01
   3.4092450e+06   2.4536133e+01
   3.4093430e+06   2.3498535e+01
   3.4094510e+06   2.1179199e+01
   3.4095760e+06   2.3925781e+01
   3.4095990e+06   2.0690918e+01
   3.4096460e+06   2.0629883e+01
   3.4096670e+06   2.1972656e+01
   3.4097980e+06   2.2521973e+01
   3.4098990e+06   2.1362305e+01
   3.4099220e+06   2.2033691e+01
   3.4099850e+06   2.1911621e+01
   3.4101580e+06   2.1972656e+01
   3.4101790e+06   2.4230957e+01
   3.4102170e+06   2.0507812e+01
   3.4102670e+06   2.7343750e+01
   3.4103050e+06   2.4963379e+01
   3.4103900e+06   2.1789551e+01
   3.4104630e+06   2.5024414e+01
   3.4104820e+06   3.1311035e+01
   3.4106040e+06   2.3193359e+01
   3.4106420e+06   2.1179199e+01
   3.4107290e+06   2.1179199e+01
   3.4109740e+06   2.1179199e+01
   3.4110110e+06   3.5156250e+01
   3.4112770e+06   3.2348633e+01
   3.4114000e+06   2.3437500e+01
   3.4117790e+06   2.3925781e+01
   3.4121450e+06   2.0446777e+01
   3.4125650e+06   2.0935059e+01
   3.4131220e+06   2.4414062e+01
   3.4164390e+06   2.1606445e+01
   3.4178930e+06   2.0629883e+01
   3.4185400e+06   2.0935059e+01
   3.4191660e+06   2.4291992e+01
   3.4200460e+06   2.1728516e+01
   3.4205840e+06   2.2888184e+01
   3.4210610e+06   2.2705078e+01
   3.4210980e+06   2.2216797e+01
   3.4211730e+06   2.3315430e+01
   3.4213770e+06   2.0385742e+01
   3.4218750e+06   2.4475098e+01
   3.4221690e+06   2.0446777e+01
   3.4222440e+06   2.8076172e+01
   3.4222750e+06   2.3803711e+01
   3.4223050e+06   2.4536133e+01
   3.4223390e+06   2.5390625e+01
   3.4223650e+06   4.4189453e+01
   3.4223960e+06   2.2460938e+01
   3.4224200e+06   2.1728516e+01
   3.4224490e+06   2.3193359e+01
   3.4224930e+06   2.6672363e+01
   3.4225160e+06   3.9367676e+01
   3.4225260e+06   3.0212402e+01
   3.4225700e+06   3.0273438e+01
   3.4225870e+06   2.8991699e+01
   3.4226120e+06   2.7221680e+01
   3.4226400e+06   2.9418945e+01
   3.4226630e+06   2.9052734e+01
   3.4226960e+06   2.2949219e+01
   3.4227680e+06   2.4230957e+01
   3.4228020e+06   2.2094727e+01
   3.4228870e+06   2.1606445e+01
   3.4229100e+06   2.3925781e+01
   3.4229640e+06   2.1850586e+01
   3.4230700e+06   2.3254395e+01
   3.4231450e+06   3.0029297e+01
   3.4232080e+06   2.0385742e+01
   3.4232730e+06   2.0935059e+01
   3.4232860e+06   2.8198242e+01
   3.4233450e+06   2.2094727e+01
   3.4234040e+06   2.8930664e+01
   3.4234720e+06   2.0446777e+01
   3.4234950e+06   2.3193359e+01
   3.4235400e+06   2.2399902e+01
   3.4235830e+06   2.7709961e+01
   3.4236860e+06   2.0629883e+01
   3.4237020e+06   2.3193359e+01
   3.4239490e+06   2.1301270e+01
   3.4242220e+06   2.2155762e+01
   3.4243110e+06   2.2155762e+01
   3.4243740e+06   2.5085449e+01
   3.4246010e+06   2.1667480e+01
   3.4251280e+06   2.3925781e+01
   3.4251550e+06   2.5207520e+01
   3.4254580e+06   2.2766113e+01
   3.4254790e+06   2.0385742e+01
   3.4282310e+06   2.2033691e+01
   3.4329930e+06   2.1789551e+01
   3.4341730e+06   2.3803711e+01
   3.4367020e+06   2.1301270e+01
   3.4388310e+06   2.0507812e+01
   3.4410110e+06   2.4658203e+01
   3.4412410e+06   2.0874023e+01
   3.4448050e+06   2.0568848e+01
   3.4477720e+06   2.1667480e+01
   3.4656080e+06   2.2766113e+01
   3.4737480e+06   2.2644043e+01
   3.4925540e+06   2.6184082e+01
   3.5273100e+06   2.0812988e+01
   3.5286020e+06   2.3437500e+01
   3.5875930e+06   2.1301270e+01
   3.6154050e+06   2.1240234e+01
   3.6423900e+06   2.0568848e+01
   3.6568220e+06   2.0935059e+01
   3.7063420e+06   2.2094727e+01
   3.7118990e+06   2.1545410e+01
   3.7302710e+06   2.0874023e+01
   3.7459960e+06   2.1606445e+01
   3.7937160e+06   2.0507812e+01
   3.8053740e+06   2.4536133e+01
   3.8174390e+06   2.0690918e+01
   3.8220340e+06   2.4597168e+01
   3.8585700e+06   3.0029297e+01
   3.8586580e+06   2.1362305e+01
   3.8589180e+06   2.1606445e+01
   3.8683760e+06   2.0935059e+01
   3.8745950e+06   2.3010254e+01
   3.8872510e+06   2.3620605e+01
   3.9097570e+06   2.0629883e+01
   3.9501060e+06   2.1179199e+01
   3.9518780e+06   2.0812988e+01
   3.9640360e+06   2.0874023e+01
   3.9719860e+06   2.2338867e+01
   3.9754260e+06   2.0935059e+01
   3.9908420e+06   2.0690918e+01
   3.9908600e+06   2.0385742e+01
   3.9909540e+06   2.2338867e+01
   3.9909800e+06   4.1015625e+01
   3.9910100e+06   3.4240723e+01
   3.9910210e+06   5.3283691e+01
   3.9910370e+06   4.1809082e+01
   3.9910540e+06   5.7800293e+01
   3.9910850e+06   5.6030273e+01
   3.9910990e+06   2.9235840e+01
   3.9911130e+06   3.8574219e+01
   3.9911430e+06   2.8137207e+01
   3.9911660e+06   3.3325195e+01
   3.9911870e+06   2.8137207e+01
   3.9912170e+06   3.3996582e+01
   3.9912350e+06   3.0639648e+01
   3.9912500e+06   2.5939941e+01
   3.9912800e+06   2.1972656e+01
   3.9913080e+06   2.4963379e+01
   3.9913650e+06   2.6184082e+01
   3.9914190e+06   2.0629883e+01
   3.9914590e+06   2.2094727e+01
   3.9914930e+06   2.4475098e+01
   3.9915440e+06   2.0446777e+01
   3.9915830e+06   2.8137207e+01
   3.9916880e+06   2.2033691e+01
   3.9917150e+06   2.1301270e+01
   3.9917600e+06   2.2583008e+01
   3.9918660e+06   2.5573730e+01
   3.9920340e+06   2.3071289e+01
   3.9920690e+06   2.6062012e+01
   3.9921360e+06   2.8198242e+01
   3.9922750e+06   2.3071289e+01
   3.9923870e+06   2.2155762e+01
   3.9924330e+06   2.2766113e+01
   3.9924530e+06   2.1423340e+01
   3.9925420e+06   2.7282715e+01
   3.9926020e+06   2.3315430e+01
   3.9926190e+06   2.1362305e+01
   3.9926650e+06   2.4230957e+01
   3.9927150e+06   3.2775879e+01
   3.9927340e+06   2.4291992e+01
   3.9927810e+06   2.4353027e+01
   3.9928110e+06   2.0751953e+01
   3.9929070e+06   2.1118164e+01
   3.9929790e+06   2.2216797e+01
   3.9929970e+06   2.3681641e+01
   3.9930670e+06   2.5024414e+01
   3.9931020e+06   2.2644043e+01
   3.9931160e+06   2.0996094e+01
   3.9932290e+06   2.0690918e+01
   3.9933290e+06   2.5878906e+01
   3.9934050e+06   2.3193359e+01
   3.9934760e+06   2.2399902e+01
   3.9934940e+06   2.7404785e+01
   3.9936500e+06   2.1057129e+01
   3.9937440e+06   2.1484375e+01
   3.9938720e+06   2.1118164e+01
   3.9941450e+06   2.3620605e+01
   3.9941550e+06   2.3742676e+01
   3.9947060e+06   2.2277832e+01
   3.9948210e+06   2.0507812e+01
   3.9951250e+06   2.1301270e+01
   3.9966000e+06   2.7465820e+01
   3.9981880e+06   2.5634766e+01
   3.9988960e+06   2.1118164e+01
   4.0001920e+06   2.0996094e+01
   4.0006810e+06   2.1789551e+01
   4.0015350e+06   2.3071289e+01
   4.0020300e+06   2.1911621e+01
   4.0023920e+06   2.1667480e+01
   4.0031090e+06   2.1911621e+01
   4.0035040e+06   2.0568848e+01
   4.0036010e+06   2.2583008e+01
   4.0037100e+06   2.0812988e+01
   4.0037320e+06   3.7536621e+01
   4.0037590e+06   3.5339355e+01
   4.0037950e+06   2.1911621e+01
   4.0038240e+06   2.1850586e+01
   4.0038360e+06   3.5522461e+01
   4.0038490e+06   2.1179199e+01
   4.0038770e+06   2.7832031e+01
   4.0039080e+06   2.0996094e+01
   4.0039380e+06   4.1503906e+01
   4.0039540e+06   2.5085449e+01
   4.0039640e+06   2.6245117e+01
   4.0039900e+06   3.9794922e+01
   4.0040300e+06   3.1127930e+01
   4.0040460e+06   3.1311035e+01
   4.0040720e+06   2.2644043e+01
   4.0041000e+06   3.8024902e+01
   4.0041180e+06   2.2583008e+01
   4.0041320e+06   2.8686523e+01
   4.0041660e+06   2.5390625e+01
   4.0041880e+06   2.1362305e+01
   4.0042560e+06   2.6733398e+01
   4.0043440e+06   3.4301758e+01
   4.0043800e+06   2.3315430e+01
   4.0044050e+06   2.6672363e+01
   4.0044190e+06   2.7954102e+01
   4.0044620e+06   2.1301270e+01
   4.0045100e+06   2.1911621e+01
   4.0045350e+06   2.6550293e+01
   4.0045910e+06   2.5756836e+01
   4.0046160e+06   2.4291992e+01
   4.0047140e+06   2.4353027e+01
   4.0047740e+06   2.2155762e+01
   4.0048660e+06   3.0578613e+01
   4.0049790e+06   2.0812988e+01
   4.0050430e+06   2.2460938e+01
   4.0050760e+06   3.3508301e+01
   4.0051150e+06   2.1789551e+01
   4.0051360e+06   2.2216797e+01
   4.0052930e+06   2.7893066e+01
   4.0053530e+06   2.0996094e+01
   4.0054300e+06   2.0629883e+01
   4.0055870e+06   2.5207520e+01
   4.0056950e+06   2.0690918e+01
   4.0057180e+06   2.7709961e+01
   4.0057580e+06   2.0507812e+01
   4.0061680e+06   2.3437500e+01
   4.0062910e+06   2.8076172e+01
   4.0063250e+06   2.6672363e+01
   4.0065700e+06   2.1667480e+01
   4.0067300e+06   3.3203125e+01
   4.0074460e+06   2.1545410e+01
   4.0079810e+06   2.2399902e+01
   4.0092760e+06   2.2827148e+01
   4.0165360e+06   2.0812988e+01
   4.0186680e+06   2.2521973e+01
   4.0197450e+06   2.1301270e+01
   4.0197600e+06   2.1301270e+01
   4.0209100e+06   2.0751953e+01
   4.0260100e+06   2.0874023e+01
   4.0267070e+06   2.1911621e+01
   4.0278940e+06   2.0507812e+01
   4.0286180e+06   2.1728516e+01
   4.0397570e+06   2.4169922e+01
   4.0503000e+06   2.2460938e+01
   4.0586700e+06   2.1118164e+01
   4.0587690e+06   2.0874023e+01
   4.1171620e+06   2.0874023e+01
   4.1180160e+06   2.3376465e+01
   4.1182250e+06   2.0874023e+01
   4.1182460e+06   2.5085449e+01
   4.1182640e+06   2.6000977e+01
   4.1182810e+06   3.0700684e+01
   4.1183060e+06   2.9968262e+01
   4.1183380e+06   4.4372559e+01
   4.1183670e+06   5.0292969e+01
   4.1183960e+06   3.8940430e+01
   4.1184090e+06   4.1748047e+01
   4.1184590e+06   2.5634766e+01
   4.1184750e+06   2.3742676e+01
   4.1185210e+06   2.2827148e+01
   4.1185660e+06   2.4841309e+01
   4.1185940e+06   2.7099609e+01
   4.1186180e+06   3.0273438e+01
   4.1186370e+06   2.1972656e+01
   4.1186810e+06   2.8381348e+01
   4.1186940e+06   2.2644043e+01
   4.1188040e+06   2.1118164e+01
   4.1188460e+06   2.6855469e+01
   4.1188570e+06   2.4597168e+01
   4.1188950e+06   2.8503418e+01
   4.1189300e+06   2.7648926e+01
   4.1189480e+06   2.0629883e+01
   4.1190210e+06   2.4169922e+01
   4.1191320e+06   2.4353027e+01
   4.1192550e+06   2.5207520e+01
   4.1192650e+06   2.0629883e+01
   4.1192840e+06   2.2644043e+01
   4.1193970e+06   2.4719238e+01
   4.1195490e+06   2.0812988e+01
   4.1196100e+06   2.1057129e+01
   4.1197050e+06   3.1433105e+01
   4.1197450e+06   2.2460938e+01
   4.1198160e+06   2.7770996e+01
   4.1198490e+06   2.1240234e+01
   4.1199480e+06   2.4719238e+01
   4.1199830e+06   2.6611328e+01
   4.1200730e+06   2.4597168e+01
   4.1201120e+06   2.4047852e+01
   4.1202390e+06   2.3559570e+01
   4.1202620e+06   2.1240234e+01
   4.1202870e+06   2.5268555e+01
   4.1203920e+06   2.2949219e+01
   4.1204140e+06   2.7282715e+01
   4.1204980e+06   2.1179199e+01
   4.1205150e+06   2.3376465e+01
   4.1205660e+06   2.3742676e+01
   4.1206280e+06   2.0996094e+01
   4.1206520e+06   2.1545410e+01
   4.1207640e+06   2.2521973e+01
   4.1207810e+06   2.1423340e+01
   4.1213070e+06   2.3498535e+01
   4.1214490e+06   2.5756836e+01
   4.1228690e+06   2.0568848e+01
   4.1236560e+06   2.4169922e+01
   4.1239200e+06   2.1606445e+01
   4.1248510e+06   2.3742676e+01
   4.1255350e+06   2.0874023e+01
   4.1266930e+06   2.1667480e+01
   4.1282590e+06   2.1606445e+01
   4.1283910e+06   2.3437500e+01
   4.1292880e+06   2.0935059e+01
   4.1296400e+06   2.1484375e+01
   4.1305280e+06   2.5451660e+01
   4.1324810e+06   2.1118164e+01
   4.1331850e+06   2.0629883e+01
   4.1337440e+06   2.1484375e+01
   4.1348100e+06   2.0812988e+01
   4.1358470e+06   2.0568848e+01
   4.1409830e+06   2.1484375e+01
   4.1494190e+06   2.2094727e+01
   4.1587300e+06   2.2766113e+01
   4.1748880e+06   2.3498535e+01
   4.2098070e+06   2.3498535e+01
   4.3239750e+06   2.0507812e+01
   4.4856180e+06   2.0996094e+01
   4.5620510e+06   2.0629883e+01
   4.5756110e+06   2.4169922e+01
   4.9121500e+06   2.1728516e+01
   4.9325610e+06   2.0568848e+01
   4.9326540e+06   2.1667480e+01
   4.9326890e+06   3.2775879e+01
   4.9327360e+06   2.1179199e+01
   4.9327670e+06   2.4475098e+01
   4.9328290e+06   3.0944824e+01
   4.9328430e+06   6.2622070e+01
   4.9328600e+06   2.6062012e+01
   4.9328810e+06   4.2236328e+01
   4.9328910e+06   7.1472168e+01
   4.9329040e+06   3.3569336e+01
   4.9329410e+06   2.6916504e+01
   4.9329520e+06   2.7099609e+01
   4.9329670e+06   2.5878906e+01
   4.9329870e+06   2.1606445e+01
   4.9329990e+06   3.0944824e+01
   4.9330400e+06   3.1921387e+01
   4.9331030e+06   2.1972656e+01
   4.9331180e+06   2.4230957e+01
   4.9331500e+06   2.1972656e+01
   4.9331720e+06   3.1188965e+01
   4.9332310e+06   2.6550293e+01
   4.9332510e+06   3.1311035e+01
   4.9333300e+06   2.5085449e+01
   4.9334270e+06   2.1484375e+01
   4.9335050e+06   2.4780273e+01
   4.9335150e+06   2.4169922e+01
   4.9335630e+06   2.6977539e+01
   4.9335810e+06   2.3010254e+01
   4.9337840e+06   2.0935059e+01
   4.9337950e+06   2.0507812e+01
   4.9338370e+06   2.1484375e+01
   4.9339410e+06   2.4841309e+01
   4.9339810e+06   2.1972656e+01
   4.9339910e+06   2.2949219e+01
   4.9341210e+06   2.2644043e+01
   4.9342170e+06   2.3681641e+01
   4.9342760e+06   2.3864746e+01
   4.9343650e+06   2.0935059e+01
   4.9344260e+06   2.2033691e+01
   4.9344970e+06   2.3925781e+01
   4.9345610e+06   2.8808594e+01
   4.9347810e+06   2.3681641e+01
   4.9348350e+06   2.2521973e+01
   4.9349290e+06   2.1484375e+01
   4.9349730e+06   2.1484375e+01
   4.9349840e+06   2.5085449e+01
   4.9350050e+06   2.0629883e+01
   4.9350570e+06   2.4475098e+01
   4.9351720e+06   2.1362305e+01
   4.9352380e+06   2.8686523e+01
   4.9353010e+06   2.5085449e+01
   4.9355620e+06   2.0629883e+01
   4.9356050e+06   2.3620605e+01
   4.9357300e+06   2.1484375e+01
   4.9358930e+06   2.4353027e+01
   4.9360070e+06   2.1301270e+01
   4.9361570e+06   2.1423340e+01
   4.9364540e+06   2.0690918e+01
   4.9367400e+06   2.2460938e+01
   4.9369320e+06   2.0568848e+01
   4.9371080e+06   2.2155762e+01
   4.9373730e+06   2.1301270e+01
   4.9375160e+06   2.4108887e+01
   4.9381260e+06   2.1850586e+01
   4.9422740e+06   2.3010254e+01
   4.9430910e+06   2.2338867e+01
   4.9441130e+06   2.1240234e+01
   4.9461750e+06   3.1005859e+01
   4.9462150e+06   3.2592773e+01
   4.9462390e+06   2.6428223e+01
   4.9462730e+06   2.2644043e+01
   4.9463080e+06   5.0842285e+01
   4.9463270e+06   3.5095215e+01
   4.9463450e+06   3.9855957e+01
   4.9463710e+06   2.7832031e+01
   4.9463940e+06   2.1545410e+01
   4.9464050e+06   2.8137207e+01
   4.9464370e+06   3.0334473e+01
   4.9464630e+06   2.1362305e+01
   4.9464780e+06   2.0935059e+01
   4.9464950e+06   2.1240234e+01
   4.9465420e+06   2.0812988e+01
   4.9465520e+06   2.1728516e+01
   4.9465910e+06   2.7770996e+01
   4.9466420e+06   2.3986816e+01
   4.9466640e+06   2.2766113e+01
   4.9467150e+06   2.0568848e+01
   4.9467750e+06   2.3193359e+01
   4.9468030e+06   2.2216797e+01
   4.9468980e+06   3.6376953e+01
   4.9469400e+06   2.8686523e+01
   4.9469630e+06   2.6367188e+01
   4.9470100e+06   2.1850586e+01
   4.9470730e+06   2.9418945e+01
   4.9471560e+06   2.8991699e+01
   4.9471670e+06   2.1972656e+01
   4.9472850e+06   2.6550293e+01
   4.9473130e+06   2.6672363e+01
   4.9473780e+06   2.1118164e+01
   4.9475340e+06   2.5451660e+01
   4.9477120e+06   2.2094727e+01
   4.9477380e+06   2.2705078e+01
   4.9478410e+06   2.1545410e+01
   4.9478780e+06   2.2827148e+01
   4.9479420e+06   2.2827148e+01
   4.9479810e+06   2.2583008e+01
   4.9480850e+06   2.6306152e+01
   4.9481750e+06   2.5756836e+01
   4.9482400e+06   2.7160645e+01
   4.9482580e+06   2.5512695e+01
   4.9483590e+06   2.1301270e+01
   4.9484510e+06   2.2338867e+01
   4.9485090e+06   2.1911621e+01
   4.9486270e+06   2.0629883e+01
   4.9488240e+06   2.8381348e+01
   4.9491080e+06   2.1362305e+01
   4.9492540e+06   2.2216797e+01
   4.9495070e+06   2.1484375e+01
   4.9507960e+06   2.1484375e+01
   4.9538140e+06   2.1972656e+01
   4.9576450e+06   2.1972656e+01
   4.9576610e+06   2.0996094e+01
   4.9589640e+06   2.1118164e+01
   4.9598910e+06   2.0935059e+01
   4.9626320e+06   2.0690918e+01
   4.9627090e+06   2.0935059e+01
   4.9654600e+06   2.0996094e+01
   4.9672570e+06   2.3132324e+01
   4.9695810e+06   2.1118164e+01
   5.0388210e+06   2.4719238e+01
   5.0616090e+06   2.1423340e+01
   5.2048680e+06   2.6184082e+01
   5.2805920e+06   2.1118164e+01
   5.3276950e+06   2.0385742e+01
   5.3605560e+06   3.1005859e+01
   5.3605760e+06   2.2949219e+01
   5.3606010e+06   2.7832031e+01
   5.3606380e+06   2.9785156e+01
   5.3606650e+06   2.1972656e+01
   5.3606840e+06   3.2775879e+01
   5.3607060e+06   4.2175293e+01
   5.3607210e+06   3.2531738e+01
   5.3607470e+06   3.2104492e+01
   5.3607740e+06   4.3457031e+01
   5.3607970e+06   2.4597168e+01
   5.3608240e+06   2.1240234e+01
   5.3608410e+06   2.1728516e+01
   5.3608790e+06   3.5217285e+01
   5.3608950e+06   2.0446777e+01
   5.3609230e+06   3.1494141e+01
   5.3609350e+06   2.3559570e+01
   5.3609710e+06   3.0639648e+01
   5.3610020e+06   2.1240234e+01
   5.3610470e+06   2.5451660e+01
   5.3610710e+06   2.1118164e+01
   5.3611010e+06   3.3813477e+01
   5.3611140e+06   2.9052734e+01
   5.3611760e+06   3.1860352e+01
   5.3612410e+06   2.7832031e+01
   5.3612670e+06   2.6611328e+01
   5.3613080e+06   2.2033691e+01
   5.3613710e+06   2.4841309e+01
   5.3613820e+06   2.7954102e+01
   5.3614660e+06   3.0761719e+01
   5.3615080e+06   2.6733398e+01
   5.3616640e+06   2.3315430e+01
   5.3616800e+06   2.5939941e+01
   5.3618180e+06   2.0507812e+01
   5.3618370e+06   2.3376465e+01
   5.3619450e+06   2.3376465e+01
   5.3620060e+06   2.5634766e+01
   5.3620700e+06   2.6306152e+01
   5.3622060e+06   2.2460938e+01
   5.3622170e+06   2.8564453e+01
   5.3622420e+06   2.4047852e+01
   5.3623270e+06   2.1972656e+01
   5.3624190e+06   2.1240234e+01
   5.3624320e+06   3.2714844e+01
   5.3625480e+06   2.5451660e+01
   5.3626610e+06   2.0996094e+01
   5.3627410e+06   3.0090332e+01
   5.3627860e+06   2.4108887e+01
   5.3628550e+06   3.3264160e+01
   5.3629570e+06   2.3315430e+01
   5.3634090e+06   2.0385742e+01
   5.3635430e+06   2.7465820e+01
   5.3636210e+06   2.1972656e+01
   5.3638200e+06   2.3376465e+01
   5.3640340e+06   2.2033691e+01
   5.3642730e+06   2.4658203e+01
   5.3643020e+06   2.0935059e+01
   5.3645200e+06   2.1118164e+01
   5.3647390e+06   2.0385742e+01
   5.3650650e+06   2.5817871e+01
   5.3685160e+06   2.1423340e+01
   5.3689410e+06   2.1301270e+01
   5.3689650e+06   2.1423340e+01
   5.3705300e+06   2.0446777e+01
   5.3707950e+06   2.4047852e+01
   5.3723140e+06   2.3437500e+01
   5.3728220e+06   2.2766113e+01
   5.3729710e+06   2.0874023e+01
   5.3731810e+06   2.4047852e+01
   5.3734170e+06   2.2766113e+01
   5.3734390e+06   2.6855469e+01
   5.3734630e+06   2.2644043e+01
   5.3734970e+06   2.1850586e+01
   5.3735240e+06   2.8320312e+01
   5.3735450e+06   2.6062012e+01
   5.3735570e+06   3.1433105e+01
   5.3735800e+06   2.6489258e+01
   5.3736000e+06   3.4790039e+01
   5.3736110e+06   2.9235840e+01
   5.3736270e+06   3.8574219e+01
   5.3736550e+06   3.2714844e+01
   5.3736750e+06   2.7221680e+01
   5.3737130e+06   2.6306152e+01
   5.3737350e+06   2.1484375e+01
   5.3737530e+06   2.7893066e+01
   5.3737810e+06   2.0507812e+01
   5.3738070e+06   3.0334473e+01
   5.3738470e+06   2.5329590e+01
   5.3738640e+06   3.2287598e+01
   5.3739420e+06   2.6245117e+01
   5.3739580e+06   2.1728516e+01
   5.3739790e+06   2.3925781e+01
   5.3740110e+06   2.5695801e+01
   5.3740780e+06   2.1301270e+01
   5.3740890e+06   2.5024414e+01
   5.3741250e+06   2.3803711e+01
   5.3741730e+06   2.2277832e+01
   5.3742400e+06   2.7099609e+01
   5.3742810e+06   2.1972656e+01
   5.3743290e+06   2.3681641e+01
   5.3743710e+06   2.0385742e+01
   5.3743840e+06   2.1301270e+01
   5.3744360e+06   3.0151367e+01
   5.3744940e+06   2.1545410e+01
   5.3745310e+06   3.6621094e+01
   5.3746010e+06   2.4169922e+01
   5.3746490e+06   2.1057129e+01
   5.3746910e+06   2.3437500e+01
   5.3747180e+06   2.1423340e+01
   5.3748350e+06   2.5451660e+01
   5.3748760e+06   2.5573730e+01
   5.3749580e+06   2.2705078e+01
   5.3749960e+06   2.4536133e+01
   5.3752660e+06   2.2460938e+01
   5.3754170e+06   2.1728516e+01
   5.3754490e+06   2.1362305e+01
   5.3755040e+06   2.1240234e+01
   5.3755530e+06   2.3681641e+01
   5.3755940e+06   2.3254395e+01
   5.3757010e+06   2.1606445e+01
   5.3842610e+06   2.7954102e+01
   5.3848310e+06   2.1057129e+01
   5.3848450e+06   2.1667480e+01
   5.3854310e+06   2.2460938e+01
   5.3859530e+06   2.0690918e+01
   5.3876900e+06   2.6611328e+01
   5.3890070e+06   2.0690918e+01
   5.3893450e+06   2.3437500e+01
   5.3932570e+06   2.1667480e+01
   5.3971810e+06   2.1179199e+01
   5.4038090e+06   2.1179199e+01
   5.4159760e+06   2.2399902e+01
   5.4252990e+06   2.5024414e+01
   5.4351660e+06   2.0385742e+01
   5.4354990e+06   2.2766113e+01
   5.4363120e+06   2.1057129e+01
   5.4641240e+06   2.2644043e+01
   5.4641820e+06   2.0446777e+01
   5.4648870e+06   2.1179199e+01
   5.4774170e+06   2.0874023e+01
   5.4942860e+06   2.1118164e+01
   5.7822710e+06   2.4169922e+01
   5.7823610e+06   2.4475098e+01
   5.7823940e+06   2.2644043e+01
   5.7824280e+06   2.0751953e+01
   5.7824490e+06   2.4047852e+01
   5.7824750e+06   3.1555176e+01
   5.7824890e+06   2.1728516e+01
   5.7825090e+06   4.3640137e+01
   5.7825290e+06   3.4606934e+01
   5.7825570e+06   3.5827637e+01
   5.7825800e+06   2.6306152e+01
   5.7826020e+06   3.5705566e+01
   5.7826340e+06   4.4433594e+01
   5.7826460e+06   2.3620605e+01
   5.7826730e+06   2.6306152e+01
   5.7826870e+06   2.4841309e+01
   5.7827330e+06   2.7709961e+01
   5.7827570e+06   2.1606445e+01
   5.7827720e+06   2.3681641e+01
   5.7828510e+06   2.3803711e+01
   5.7829090e+06   2.6000977e+01
   5.7829250e+06   2.1972656e+01
   5.7829620e+06   2.0690918e+01
   5.7829810e+06   2.0812988e+01
   5.7830280e+06   2.7160645e+01
   5.7831680e+06   2.1545410e+01
   5.7831860e+06   2.3437500e+01
   5.7832690e+06   2.2338867e+01
   5.7833520e+06   2.7221680e+01
   5.7834470e+06   2.3010254e+01
   5.7834810e+06   2.0629883e+01
   5.7835140e+06   2.1240234e+01
   5.7835880e+06   2.0446777e+01
   5.7836740e+06   2.7160645e+01
   5.7838140e+06   3.7231445e+01
   5.7838360e+06   2.0385742e+01
   5.7839000e+06   2.3071289e+01
   5.7839790e+06   2.1301270e+01
   5.7840070e+06   2.2460938e+01
   5.7840540e+06   2.1057129e+01
   5.7841310e+06   2.3803711e+01
   5.7842240e+06   2.2216797e+01
   5.7842480e+06   3.3386230e+01
   5.7842760e+06   2.2460938e+01
   5.7843680e+06   3.0212402e+01
   5.7846910e+06   2.0446777e+01
   5.7847870e+06   2.2399902e+01
   5.7848580e+06   2.1606445e+01
   5.7848980e+06   2.0812988e+01
   5.7851760e+06   2.3254395e+01
   5.7852720e+06   2.0812988e+01
   5.7855230e+06   2.1850586e+01
   5.7856120e+06   2.2766113e+01
   5.7857130e+06   2.1850586e+01
   5.7871320e+06   2.0996094e+01
   5.7875050e+06   2.1789551e+01
   5.7894130e+06   2.0690918e+01
   5.7938380e+06   2.2155762e+01
   5.7945360e+06   2.1118164e+01
   5.7948220e+06   2.0874023e+01
   5.7948950e+06   2.4719238e+01
   5.7949990e+06   3.3264160e+01
   5.7950220e+06   2.4475098e+01
   5.7950440e+06   3.8391113e+01
   5.7950680e+06   2.5695801e+01
   5.7950820e+06   2.6000977e+01
   5.7951220e+06   4.2602539e+01
   5.7951630e+06   2.1057129e+01
   5.7951870e+06   4.0405273e+01
   5.7951990e+06   2.4475098e+01
   5.7952240e+06   3.0700684e+01
   5.7952460e+06   2.8869629e+01
   5.7952580e+06   2.8320312e+01
   5.7952850e+06   2.8442383e+01
   5.7953120e+06   3.2165527e+01
   5.7953320e+06   2.4902344e+01
   5.7953620e+06   2.5085449e+01
   5.7953970e+06   2.7221680e+01
   5.7954190e+06   2.1301270e+01
   5.7954470e+06   2.1667480e+01
   5.7955550e+06   2.0935059e+01
   5.7955850e+06   2.5451660e+01
   5.7956580e+06   2.3010254e+01
   5.7957070e+06   2.2460938e+01
   5.7957170e+06   2.6611328e+01
   5.7957540e+06   2.1057129e+01
   5.7957750e+06   2.2216797e+01
   5.7957960e+06   2.0507812e+01
   5.7958280e+06   3.7658691e+01
   5.7959500e+06   2.6672363e+01
   5.7960170e+06   2.0507812e+01
   5.7960360e+06   3.3752441e+01
   5.7960830e+06   2.7954102e+01
   5.7961390e+06   2.5146484e+01
   5.7962610e+06   2.0446777e+01
   5.7962860e+06   2.0385742e+01
   5.7963250e+06   2.4658203e+01
   5.7963460e+06   2.6611328e+01
   5.7964430e+06   2.1240234e+01
   5.7965730e+06   2.2033691e+01
   5.7965940e+06   2.3864746e+01
   5.7966540e+06   2.4169922e+01
   5.7967090e+06   3.4545898e+01
   5.7968020e+06   2.0874023e+01
   5.7968580e+06   2.1362305e+01
   5.7969190e+06   2.1240234e+01
   5.7970880e+06   2.5451660e+01
   5.7971690e+06   2.0812988e+01
   5.7973570e+06   2.3254395e+01
   5.7974130e+06   2.6062012e+01
   5.7975840e+06   2.3498535e+01
   5.7977590e+06   2.4169922e+01
   5.8060730e+06   2.4169922e+01
   5.8085150e+06   2.1179199e+01
   5.8097370e+06   2.1667480e+01
   5.8114610e+06   2.1728516e+01
   5.8117570e+06   2.1057129e+01
   5.8120840e+06   2.1362305e+01
   5.8163230e+06   2.2094727e+01
   5.8411050e+06   2.0385742e+01
   5.8416090e+06   2.0812988e+01
   5.8574010e+06   2.2949219e+01
   5.8578530e+06   2.4291992e+01
   5.8583470e+06   2.1667480e+01
   5.8727770e+06   2.2888184e+01
   5.8824060e+06   2.1728516e+01
   5.8825750e+06   2.2155762e+01
   5.8870900e+06   2.6611328e+01
   5.8990380e+06   2.3376465e+01
   5.9068990e+06   2.0446777e+01
   5.9157010e+06   2.1362305e+01
   5.9248660e+06   2.2399902e+01
   5.9260440e+06   2.1545410e+01
   5.9302260e+06   2.3071289e+01
   5.9307370e+06   2.5146484e+01
   5.9307640e+06   2.4963379e+01
   5.9308130e+06   2.4291992e+01
   5.9308240e+06   2.3498535e+01
   5.9308510e+06   2.4963379e+01
   5.9308840e+06   3.9428711e+01
   5.9309030e+06   3.5949707e+01
   5.9309400e+06   6.3964844e+01
   5.9309660e+06   5.2978516e+01
   5.9309760e+06   3.6987305e+01
   5.9310020e+06   2.7893066e+01
   5.9310170e+06   2.5512695e+01
   5.9310490e+06   4.5898437e+01
   5.9310680e+06   2.9174805e+01
   5.9310950e+06   2.9785156e+01
   5.9311500e+06   3.6132812e+01
   5.9312080e+06   2.1118164e+01
   5.9312370e+06   2.2277832e+01
   5.9312680e+06   3.4240723e+01
   5.9312980e+06   2.1118164e+01
   5.9313450e+06   2.7832031e+01
   5.9313590e+06   2.6977539e+01
   5.9313800e+06   2.5207520e+01
   5.9314370e+06   2.4841309e+01
   5.9315300e+06   2.1301270e+01
   5.9316120e+06   3.3203125e+01
   5.9317070e+06   2.4047852e+01
   5.9317680e+06   2.3803711e+01
   5.9318070e+06   2.1911621e+01
   5.9318210e+06   2.4597168e+01
   5.9318450e+06   2.3803711e+01
   5.9318980e+06   2.1545410e+01
   5.9319560e+06   2.5329590e+01
   5.9320520e+06   2.0874023e+01
   5.9321200e+06   2.1057129e+01
   5.9321540e+06   2.6062012e+01
   5.9321780e+06   2.2399902e+01
   5.9322070e+06   2.3315430e+01
   5.9322580e+06   2.1850586e+01
   5.9323330e+06   2.1972656e+01
   5.9323600e+06   2.2705078e+01
   5.9323960e+06   2.2888184e+01
   5.9326060e+06   2.0629883e+01
   5.9327140e+06   2.2033691e+01
   5.9328720e+06   2.5634766e+01
   5.9329660e+06   2.0690918e+01
   5.9330030e+06   2.1667480e+01
   5.9331650e+06   2.3986816e+01
   5.9333080e+06   2.0690918e+01
   5.9334420e+06   2.0385742e+01
   5.9335720e+06   2.0690918e+01
   5.9340450e+06   2.0629883e+01
   5.9341470e+06   2.1789551e+01
   5.9341780e+06   2.2094727e+01
   5.9344230e+06   2.1057129e+01
   5.9344640e+06   2.0568848e+01
   5.9348500e+06   2.1118164e+01
   5.9352330e+06   2.2949219e+01
   5.9354150e+06   2.0446777e+01
   5.9360930e+06   2.3315430e+01
   5.9393520e+06   2.1057129e+01
   5.9400120e+06   2.0690918e+01
   5.9419780e+06   2.0446777e+01
   5.9427360e+06   2.0996094e+01
   5.9432690e+06   2.2460938e+01
   5.9437880e+06   2.3254395e+01
   5.9440250e+06   2.3559570e+01
   5.9441630e+06   2.0385742e+01
   5.9442590e+06   2.0996094e+01
   5.9443060e+06   2.3986816e+01
   5.9443190e+06   3.8818359e+01
   5.9443390e+06   2.2644043e+01
   5.9443600e+06   5.4260254e+01
   5.9443840e+06   2.4414062e+01
   5.9444080e+06   2.5207520e+01
   5.9444390e+06   3.2409668e+01
   5.9444540e+06   2.1118164e+01
   5.9444860e+06   3.1860352e+01
   5.9444970e+06   3.0639648e+01
   5.9445330e+06   2.9968262e+01
   5.9445890e+06   2.5878906e+01
   5.9446020e+06   3.1127930e+01
   5.9446350e+06   3.2226562e+01
   5.9446740e+06   2.9785156e+01
   5.9446900e+06   2.2949219e+01
   5.9447140e+06   2.7160645e+01
   5.9447380e+06   2.1606445e+01
   5.9447680e+06   3.9550781e+01
   5.9448150e+06   2.1850586e+01
   5.9448360e+06   2.9602051e+01
   5.9448650e+06   2.6977539e+01
   5.9449100e+06   2.3620605e+01
   5.9449360e+06   2.4719238e+01
   5.9449710e+06   2.3681641e+01
   5.9450150e+06   2.1057129e+01
   5.9450440e+06   3.0944824e+01
   5.9450590e+06   2.2399902e+01
   5.9451460e+06   3.1066895e+01
   5.9451760e+06   2.6672363e+01
   5.9451910e+06   2.2277832e+01
   5.9452520e+06   2.2277832e+01
   5.9453460e+06   2.0568848e+01
   5.9453620e+06   2.1179199e+01
   5.9454690e+06   2.5268555e+01
   5.9455910e+06   2.5817871e+01
   5.9456920e+06   2.1667480e+01
   5.9457520e+06   2.3620605e+01
   5.9458320e+06   2.3254395e+01
   5.9459770e+06   2.0446777e+01
   5.9461090e+06   2.1362305e+01
   5.9461890e+06   2.1423340e+01
   5.9463360e+06   2.0629883e+01
   5.9465480e+06   2.3559570e+01
   5.9468400e+06   2.3803711e+01
   5.9470190e+06   2.1484375e+01
   5.9522090e+06   2.1484375e+01
   5.9532610e+06   2.0446777e+01
   5.9541910e+06   2.1240234e+01
   5.9551190e+06   2.0935059e+01
   5.9557120e+06   2.2705078e+01
   5.9565380e+06   2.0812988e+01
   5.9616000e+06   2.2033691e+01
   5.9621520e+06   2.2583008e+01
   5.9659470e+06   2.1423340e+01
   5.9700460e+06   2.3925781e+01
   5.9835650e+06   2.0690918e+01
