   5.9990000e+06   0.0000000e+00
   1.5053500e+06   2.2888184e+01
   1.5054350e+06   2.2521973e+01
   1.7797450e+06   2.2460938e+01
   1.7954330e+06   2.3986816e+01
   1.8801180e+06   2.3071289e+01
   1.8949600e+06   2.2399902e+01
   1.9309890e+06   2.2521973e+01
   1.9830020e+06   2.2460938e+01
   2.7461570e+06   2.3315430e+01
   3.2204820e+06   2.4108887e+01
   3.4088510e+06   2.3437500e+01
   3.9910160e+06   2.8747559e+01
   4.1163210e+06   2.2766113e+01
   4.9330290e+06   2.3925781e+01
   4.9330860e+06   2.4108887e+01
   4.9463770e+06   2.3620605e+01
   4.9467120e+06   2.2827148e+01
   5.3608040e+06   2.4841309e+01
   5.3608530e+06   2.5390625e+01
   5.7826260e+06   2.4902344e+01
   5.7826770e+06   2.6916504e+01
   5.7954200e+06   2.5024414e+01
   5.7954670e+06   2.3986816e+01
   5.9311010e+06   2.4841309e+01
   5.9445760e+06   2.6123047e+01
