   5.9990000e+06   0.0000000e+00
   2.6087000e+04   3.3142090e+01
   5.3803000e+04   2.7648926e+01
   7.3945000e+04   2.6977539e+01
   7.4110000e+04   2.8564453e+01
   8.6299000e+04   2.5878906e+01
   9.1538000e+04   2.6672363e+01
   9.6956000e+04   2.6550293e+01
   1.3213500e+05   2.7404785e+01
   1.3313600e+05   3.1494141e+01
   1.3356700e+05   2.6000977e+01
   1.3665800e+05   2.8564453e+01
   1.4036600e+05   2.8747559e+01
   1.4094200e+05   2.6062012e+01
   1.4627500e+05   3.2897949e+01
   1.4849100e+05   2.7954102e+01
   1.5400500e+05   3.4729004e+01
   1.6127200e+05   2.8686523e+01
   1.6179400e+05   3.3935547e+01
   1.6934600e+05   2.6916504e+01
   1.7598400e+05   2.7954102e+01
   1.7916800e+05   2.6733398e+01
   1.8132700e+05   2.8381348e+01
   1.8351000e+05   2.7160645e+01
   1.8421800e+05   2.8747559e+01
   1.8804500e+05   2.6062012e+01
   1.9492400e+05   2.6550293e+01
   1.9755700e+05   2.6123047e+01
   2.0115800e+05   2.6794434e+01
   2.1457700e+05   2.6550293e+01
   2.2082500e+05   3.4362793e+01
   2.2651400e+05   3.0700684e+01
   2.2693900e+05   2.6672363e+01
   2.3603200e+05   3.1738281e+01
   2.4112600e+05   2.7221680e+01
   2.5219900e+05   3.2165527e+01
   2.5901700e+05   2.6245117e+01
   2.6213600e+05   2.9602051e+01
   2.6427600e+05   2.7465820e+01
   2.6610700e+05   2.5939941e+01
   2.6753800e+05   2.5817871e+01
   2.6817600e+05   2.6306152e+01
   2.7397400e+05   2.7282715e+01
   2.7424200e+05   2.6794434e+01
   2.8239400e+05   2.7343750e+01
   2.8473400e+05   2.6062012e+01
   2.8942200e+05   2.9296875e+01
   2.9821500e+05   2.7282715e+01
   3.0795300e+05   3.3874512e+01
   3.3575700e+05   2.6550293e+01
   3.3963900e+05   2.6367188e+01
   3.4947100e+05   2.6062012e+01
   3.5601600e+05   2.6428223e+01
   3.7502600e+05   2.9174805e+01
   3.7653300e+05   2.7893066e+01
   4.0477300e+05   2.8625488e+01
   4.1290700e+05   2.8015137e+01
   4.3302900e+05   2.7404785e+01
   4.3548900e+05   2.6550293e+01
   4.5077800e+05   2.5878906e+01
   4.6020800e+05   2.7465820e+01
   4.7542800e+05   3.2958984e+01
   4.7941300e+05   2.7221680e+01
   4.9856500e+05   3.3264160e+01
   4.9886000e+05   3.2714844e+01
   5.0851000e+05   2.8198242e+01
   5.3535400e+05   2.9174805e+01
   5.4678500e+05   2.5817871e+01
   5.6346400e+05   2.5878906e+01
   5.7426200e+05   2.8503418e+01
   6.0325000e+05   2.9785156e+01
   6.1079200e+05   3.0456543e+01
   6.1214800e+05   2.7709961e+01
   6.2484300e+05   2.7160645e+01
   6.2496800e+05   2.7221680e+01
   6.3859700e+05   2.6672363e+01
   6.4835100e+05   2.6916504e+01
   6.4860900e+05   2.6000977e+01
   6.5811200e+05   2.5878906e+01
   6.5907900e+05   2.8198242e+01
   6.6421300e+05   2.8259277e+01
   6.6448100e+05   2.6794434e+01
   6.6502000e+05   2.6062012e+01
   6.7923200e+05   3.1494141e+01
   6.8240500e+05   2.7160645e+01
   6.8263600e+05   2.7221680e+01
   6.9152500e+05   2.6245117e+01
   7.1529800e+05   2.6916504e+01
   7.1740500e+05   3.3447266e+01
   7.3097800e+05   2.6672363e+01
   7.4183400e+05   2.8503418e+01
   7.4300300e+05   2.8259277e+01
   7.5619100e+05   2.5878906e+01
   7.8113400e+05   2.6306152e+01
   7.8160700e+05   2.8137207e+01
   7.8556700e+05   2.6123047e+01
   7.9403200e+05   2.8991699e+01
   7.9425800e+05   2.6428223e+01
   7.9446800e+05   2.8198242e+01
   7.9588400e+05   2.5878906e+01
   7.9653900e+05   3.6193848e+01
   8.0296200e+05   2.6611328e+01
   8.0771500e+05   2.6367188e+01
   8.4393900e+05   2.9785156e+01
   8.6581700e+05   2.6184082e+01
   8.6591700e+05   2.6611328e+01
   8.8316800e+05   2.7099609e+01
   8.9638500e+05   3.2714844e+01
   8.9737300e+05   2.6550293e+01
   9.1858000e+05   2.8625488e+01
   9.2018800e+05   2.5817871e+01
   9.3880100e+05   2.5817871e+01
   9.6023400e+05   2.6550293e+01
   9.6107900e+05   2.7465820e+01
   9.8015800e+05   2.5817871e+01
   9.9461900e+05   2.6000977e+01
   1.0218170e+06   3.0029297e+01
   1.0218730e+06   2.7221680e+01
   1.0222290e+06   2.7160645e+01
   1.0228540e+06   3.9367676e+01
   1.0308140e+06   2.7282715e+01
   1.0575010e+06   3.3935547e+01
   1.0615900e+06   2.9479980e+01
   1.0719070e+06   2.7038574e+01
   1.0970680e+06   2.7893066e+01
   1.0994360e+06   3.1066895e+01
   1.0998000e+06   2.6245117e+01
   1.1771980e+06   2.8869629e+01
   1.1772500e+06   2.6062012e+01
   1.1776210e+06   2.8991699e+01
   1.1784630e+06   2.9846191e+01
   1.1819430e+06   2.6611328e+01
   1.2380790e+06   2.6550293e+01
   1.2381700e+06   2.6489258e+01
   1.2591440e+06   2.8198242e+01
   1.2594330e+06   3.3203125e+01
   1.2602230e+06   3.0151367e+01
   1.2828710e+06   2.6245117e+01
   1.2829620e+06   2.9663086e+01
   1.2855490e+06   2.9785156e+01
   1.2856310e+06   2.6000977e+01
   1.3117550e+06   2.7404785e+01
   1.3347170e+06   3.1250000e+01
   1.3347730e+06   2.9663086e+01
   1.3353280e+06   2.6550293e+01
   1.3359540e+06   2.7954102e+01
   1.3390620e+06   2.7038574e+01
   1.3391990e+06   2.7038574e+01
   1.3396480e+06   2.9846191e+01
   1.3529460e+06   3.0761719e+01
   1.3537910e+06   2.6062012e+01
   1.3539160e+06   3.3020020e+01
   1.3542810e+06   2.6550293e+01
   1.3721150e+06   2.6550293e+01
   1.3721660e+06   2.6062012e+01
   1.3722060e+06   3.5644531e+01
   1.3730720e+06   2.6123047e+01
   1.4021430e+06   2.7221680e+01
   1.4022440e+06   3.2653809e+01
   1.4023030e+06   2.6611328e+01
   1.4046910e+06   2.7404785e+01
   1.4052850e+06   2.6062012e+01
   1.4058900e+06   2.5817871e+01
   1.4214510e+06   2.7648926e+01
   1.4221280e+06   3.4851074e+01
   1.4222330e+06   2.7160645e+01
   1.4323910e+06   2.8442383e+01
   1.4500630e+06   2.8137207e+01
   1.4502650e+06   3.0029297e+01
   1.4508920e+06   2.6062012e+01
   1.4696280e+06   3.1616211e+01
   1.4730190e+06   2.5878906e+01
   1.5029310e+06   2.6611328e+01
   1.5032890e+06   2.6000977e+01
   1.5052720e+06   3.3569336e+01
   1.5053120e+06   2.7343750e+01
   1.5053250e+06   7.1044922e+01
   1.5053480e+06   4.1015625e+01
   1.5053780e+06   4.2602539e+01
   1.5054020e+06   2.7160645e+01
   1.5054190e+06   3.8085938e+01
   1.5054470e+06   4.2053223e+01
   1.5054890e+06   2.5817871e+01
   1.5056120e+06   2.9846191e+01
   1.5056600e+06   2.6489258e+01
   1.5057620e+06   3.0578613e+01
   1.5058970e+06   3.1616211e+01
   1.5061560e+06   3.2348633e+01
   1.5065780e+06   3.0761719e+01
   1.5066380e+06   2.6245117e+01
   1.5067270e+06   3.2836914e+01
   1.5068350e+06   2.5939941e+01
   1.5070590e+06   2.8137207e+01
   1.5072760e+06   2.8198242e+01
   1.5076210e+06   3.1799316e+01
   1.5082680e+06   2.9602051e+01
   1.5084650e+06   2.9846191e+01
   1.5086620e+06   2.6306152e+01
   1.5088210e+06   3.1921387e+01
   1.5159340e+06   2.7404785e+01
   1.5169490e+06   2.6245117e+01
   1.5169980e+06   3.0273438e+01
   1.5172340e+06   3.9489746e+01
   1.5172680e+06   2.8320312e+01
   1.5173210e+06   3.2104492e+01
   1.5173790e+06   3.0700684e+01
   1.5174070e+06   3.1005859e+01
   1.5174510e+06   2.6428223e+01
   1.5174800e+06   2.9052734e+01
   1.5177220e+06   2.8503418e+01
   1.5178750e+06   2.9296875e+01
   1.5183190e+06   2.6062012e+01
   1.5187970e+06   2.7648926e+01
   1.5189110e+06   2.6062012e+01
   1.5200570e+06   3.3691406e+01
   1.5206270e+06   2.7221680e+01
   1.5210820e+06   2.6550293e+01
   1.5217800e+06   2.8320312e+01
   1.5218660e+06   2.7282715e+01
   1.5220430e+06   2.8015137e+01
   1.5232590e+06   2.6062012e+01
   1.5269430e+06   2.7709961e+01
   1.5286430e+06   2.9602051e+01
   1.5288760e+06   2.6428223e+01
   1.5290340e+06   3.7658691e+01
   1.5292120e+06   2.7160645e+01
   1.5292530e+06   3.2592773e+01
   1.5293400e+06   3.1738281e+01
   1.5294030e+06   2.9541016e+01
   1.5294520e+06   2.5939941e+01
   1.5295960e+06   2.8015137e+01
   1.5297500e+06   2.7404785e+01
   1.5298610e+06   4.8034668e+01
   1.5299720e+06   2.7160645e+01
   1.5305480e+06   2.7526855e+01
   1.5310800e+06   2.8686523e+01
   1.5343720e+06   2.6000977e+01
   1.5411000e+06   2.7282715e+01
   1.5414450e+06   3.6743164e+01
   1.5414750e+06   2.6000977e+01
   1.5415090e+06   3.0883789e+01
   1.5416250e+06   2.9052734e+01
   1.5416720e+06   3.2287598e+01
   1.5417180e+06   2.9785156e+01
   1.5417480e+06   3.9428711e+01
   1.5417580e+06   2.8564453e+01
   1.5418170e+06   2.7160645e+01
   1.5418940e+06   2.7770996e+01
   1.5424750e+06   3.4667969e+01
   1.5425050e+06   2.6611328e+01
   1.5433870e+06   2.8320312e+01
   1.5436810e+06   2.8869629e+01
   1.5436970e+06   2.6611328e+01
   1.5437470e+06   2.6428223e+01
   1.5439020e+06   3.1738281e+01
   1.5711410e+06   2.8930664e+01
   1.5711770e+06   2.9663086e+01
   1.5711920e+06   3.7658691e+01
   1.5712190e+06   2.9846191e+01
   1.5712550e+06   3.0029297e+01
   1.5713020e+06   2.7648926e+01
   1.5713520e+06   2.9357910e+01
   1.5713720e+06   3.9733887e+01
   1.5714130e+06   2.7099609e+01
   1.5714850e+06   2.6977539e+01
   1.5715440e+06   2.9968262e+01
   1.5715840e+06   3.0944824e+01
   1.5716010e+06   3.2043457e+01
   1.5716500e+06   2.8259277e+01
   1.5719200e+06   2.8381348e+01
   1.5720140e+06   2.6123047e+01
   1.5722570e+06   2.7221680e+01
   1.5723460e+06   3.7292480e+01
   1.5728210e+06   2.9785156e+01
   1.5730660e+06   3.7658691e+01
   1.5731620e+06   3.0517578e+01
   1.5735940e+06   2.6733398e+01
   1.5967070e+06   2.6733398e+01
   1.5974530e+06   2.6550293e+01
   1.5990740e+06   2.7343750e+01
   1.6015640e+06   2.6123047e+01
   1.6016250e+06   3.9001465e+01
   1.6016580e+06   3.4729004e+01
   1.6016790e+06   3.6804199e+01
   1.6017210e+06   2.9296875e+01
   1.6017390e+06   2.7099609e+01
   1.6017680e+06   3.0273438e+01
   1.6017920e+06   3.4118652e+01
   1.6018110e+06   3.0883789e+01
   1.6018720e+06   4.3151855e+01
   1.6019440e+06   2.6550293e+01
   1.6019860e+06   3.1799316e+01
   1.6020560e+06   2.7343750e+01
   1.6021450e+06   2.9907227e+01
   1.6021740e+06   2.7587891e+01
   1.6022070e+06   2.6916504e+01
   1.6026650e+06   2.6062012e+01
   1.6027650e+06   3.0944824e+01
   1.6031770e+06   2.6062012e+01
   1.6036860e+06   2.7282715e+01
   1.6039000e+06   3.0822754e+01
   1.6041290e+06   2.6855469e+01
   1.6046060e+06   2.7587891e+01
   1.6152350e+06   2.6611328e+01
   1.6256450e+06   2.7648926e+01
   1.6383050e+06   2.7709961e+01
   1.6717320e+06   2.8320312e+01
   1.6718570e+06   2.6062012e+01
   1.6718710e+06   3.9123535e+01
   1.6718940e+06   6.7810059e+01
   1.6719260e+06   4.2114258e+01
   1.6719730e+06   4.0527344e+01
   1.6719970e+06   2.6611328e+01
   1.6720170e+06   2.9418945e+01
   1.6720680e+06   2.7465820e+01
   1.6721000e+06   2.6367188e+01
   1.6721510e+06   2.6000977e+01
   1.6722400e+06   3.2836914e+01
   1.6724700e+06   2.9113770e+01
   1.6733660e+06   2.9541016e+01
   1.6734340e+06   3.2409668e+01
   1.6738780e+06   2.7465820e+01
   1.6739200e+06   2.7770996e+01
   1.6740840e+06   3.0456543e+01
   1.6742560e+06   2.6550293e+01
   1.6744300e+06   3.5278320e+01
   1.6750250e+06   2.7587891e+01
   1.6754160e+06   2.8930664e+01
   1.6806870e+06   2.7221680e+01
   1.6851380e+06   2.7648926e+01
   1.6853580e+06   2.8320312e+01
   1.6853930e+06   5.3100586e+01
   1.6854250e+06   2.8259277e+01
   1.6854750e+06   3.0212402e+01
   1.6854890e+06   3.5644531e+01
   1.6855250e+06   2.7465820e+01
   1.6855510e+06   2.6367188e+01
   1.6855850e+06   2.9663086e+01
   1.6856900e+06   3.9245605e+01
   1.6857410e+06   2.7526855e+01
   1.6858400e+06   3.0212402e+01
   1.6859730e+06   3.0212402e+01
   1.6861400e+06   2.6123047e+01
   1.6864260e+06   2.8869629e+01
   1.6870720e+06   3.0822754e+01
   1.6873740e+06   2.6855469e+01
   1.6875620e+06   2.6062012e+01
   1.7104800e+06   3.7780762e+01
   1.7105230e+06   2.8442383e+01
   1.7105430e+06   2.9174805e+01
   1.7105800e+06   2.5878906e+01
   1.7106030e+06   3.4667969e+01
   1.7106340e+06   3.1250000e+01
   1.7106610e+06   2.7648926e+01
   1.7106890e+06   3.4118652e+01
   1.7107360e+06   2.6123047e+01
   1.7107610e+06   3.0273438e+01
   1.7107970e+06   2.7099609e+01
   1.7108230e+06   3.2165527e+01
   1.7110200e+06   3.3752441e+01
   1.7110470e+06   2.7404785e+01
   1.7110640e+06   3.0273438e+01
   1.7112030e+06   2.6672363e+01
   1.7112420e+06   2.7343750e+01
   1.7120730e+06   2.7160645e+01
   1.7121680e+06   2.7954102e+01
   1.7123530e+06   2.7221680e+01
   1.7199470e+06   2.6000977e+01
   1.7463900e+06   2.5817871e+01
   1.7493960e+06   2.6977539e+01
   1.7497110e+06   2.5939941e+01
   1.7953900e+06   6.0058594e+01
   1.7954130e+06   4.4921875e+01
   1.7954480e+06   4.7363281e+01
   1.7955030e+06   3.8330078e+01
   1.7955210e+06   2.8076172e+01
   1.7955430e+06   3.3142090e+01
   1.7955880e+06   3.3996582e+01
   1.7955990e+06   2.6367187e+01
   1.7956210e+06   2.7526855e+01
   1.7957620e+06   2.8503418e+01
   1.7961750e+06   3.0090332e+01
   1.7963220e+06   2.7709961e+01
   1.7967780e+06   2.7832031e+01
   1.7969580e+06   3.1066895e+01
   1.7976360e+06   2.6184082e+01
   1.7986370e+06   2.7587891e+01
   1.7989370e+06   2.8137207e+01
   1.7994970e+06   2.8015137e+01
   1.7995850e+06   2.7465820e+01
   1.8008120e+06   2.6062012e+01
   1.8087030e+06   2.6977539e+01
   1.8094350e+06   2.7648926e+01
   1.8094930e+06   2.7160645e+01
   1.8096020e+06   2.5817871e+01
   1.8096830e+06   2.8015137e+01
   1.8097510e+06   5.8471680e+01
   1.8097740e+06   2.5939941e+01
   1.8098090e+06   3.0822754e+01
   1.8099000e+06   2.7893066e+01
   1.8099240e+06   2.8625488e+01
   1.8100730e+06   2.8564453e+01
   1.8101490e+06   4.2541504e+01
   1.8102430e+06   3.5766602e+01
   1.8103030e+06   3.4912109e+01
   1.8103450e+06   2.6916504e+01
   1.8103990e+06   2.8198242e+01
   1.8104650e+06   3.4667969e+01
   1.8106850e+06   3.3081055e+01
   1.8107790e+06   3.3386230e+01
   1.8111190e+06   3.0456543e+01
   1.8113810e+06   2.8808594e+01
   1.8115850e+06   3.1860352e+01
   1.8120040e+06   2.9418945e+01
   1.8206030e+06   2.5878906e+01
   1.8244910e+06   2.6367188e+01
   1.8245410e+06   3.6621094e+01
   1.8245510e+06   3.3325195e+01
   1.8245870e+06   3.4057617e+01
   1.8246080e+06   4.3640137e+01
   1.8246490e+06   2.8747559e+01
   1.8246650e+06   4.8950195e+01
   1.8246910e+06   3.4606934e+01
   1.8247330e+06   3.1066895e+01
   1.8247910e+06   2.6245117e+01
   1.8248100e+06   2.6733398e+01
   1.8248770e+06   2.6123047e+01
   1.8251010e+06   2.6306152e+01
   1.8251770e+06   3.1494141e+01
   1.8253530e+06   2.9357910e+01
   1.8256370e+06   2.6672363e+01
   1.8258100e+06   3.0273438e+01
   1.8264940e+06   2.6672363e+01
   1.8285780e+06   2.6062012e+01
   1.8326250e+06   2.6000977e+01
   1.8794380e+06   2.6428223e+01
   1.8800150e+06   2.8259277e+01
   1.8800620e+06   2.6123047e+01
   1.8801050e+06   2.9602051e+01
   1.8801590e+06   4.3701172e+01
   1.8801830e+06   4.2297363e+01
   1.8802360e+06   2.6245117e+01
   1.8802480e+06   3.1860352e+01
   1.8802730e+06   2.7343750e+01
   1.8803290e+06   3.0273438e+01
   1.8803640e+06   3.9001465e+01
   1.8804090e+06   3.5461426e+01
   1.8804630e+06   2.8320312e+01
   1.8809050e+06   2.7282715e+01
   1.8811430e+06   2.5878906e+01
   1.8812270e+06   2.8625488e+01
   1.8815190e+06   2.6306152e+01
   1.8819210e+06   2.6306152e+01
   1.8820100e+06   2.6184082e+01
   1.8820230e+06   3.6682129e+01
   1.8822720e+06   2.7038574e+01
   1.8827570e+06   2.9724121e+01
   1.8836410e+06   3.1005859e+01
   1.8880730e+06   2.7343750e+01
   1.8948990e+06   3.5400391e+01
   1.8949440e+06   2.7832031e+01
   1.8949860e+06   5.3527832e+01
   1.8950100e+06   2.6062012e+01
   1.8950330e+06   3.0700684e+01
   1.8950450e+06   3.2226562e+01
   1.8950660e+06   3.1982422e+01
   1.8951270e+06   2.8015137e+01
   1.8952580e+06   2.5878906e+01
   1.8952860e+06   3.1799316e+01
   1.8953150e+06   2.6306152e+01
   1.8953980e+06   2.9602051e+01
   1.8954550e+06   2.9907227e+01
   1.8954850e+06   2.6367188e+01
   1.8955240e+06   2.6306152e+01
   1.8956070e+06   2.6428223e+01
   1.8957230e+06   2.6245117e+01
   1.8958930e+06   2.6428223e+01
   1.8959420e+06   2.6245117e+01
   1.8962850e+06   2.6000977e+01
   1.8963680e+06   2.6550293e+01
   1.8968080e+06   2.6306152e+01
   1.8970490e+06   2.6733398e+01
   1.9094800e+06   2.6306152e+01
   1.9110270e+06   2.7709961e+01
   1.9110660e+06   3.0029297e+01
   1.9111280e+06   5.2368164e+01
   1.9111550e+06   2.6367188e+01
   1.9112020e+06   3.4851074e+01
   1.9112330e+06   3.0700684e+01
   1.9112490e+06   2.8625488e+01
   1.9112920e+06   2.6611328e+01
   1.9113270e+06   2.6367188e+01
   1.9114080e+06   2.7832031e+01
   1.9114760e+06   3.2775879e+01
   1.9115640e+06   2.6672363e+01
   1.9116790e+06   2.6367188e+01
   1.9116900e+06   2.6916504e+01
   1.9119590e+06   2.8198242e+01
   1.9121590e+06   2.8015137e+01
   1.9123740e+06   3.1677246e+01
   1.9129070e+06   2.8137207e+01
   1.9133140e+06   2.6367188e+01
   1.9308320e+06   2.7099609e+01
   1.9308420e+06   2.7282715e+01
   1.9309020e+06   3.8391113e+01
   1.9309460e+06   2.6733398e+01
   1.9309840e+06   2.6062012e+01
   1.9310170e+06   3.2348633e+01
   1.9310340e+06   2.8686523e+01
   1.9310760e+06   2.6672363e+01
   1.9311130e+06   2.6184082e+01
   1.9311370e+06   3.1677246e+01
   1.9311640e+06   2.8930664e+01
   1.9312190e+06   2.7404785e+01
   1.9312980e+06   3.8574219e+01
   1.9316170e+06   2.6123047e+01
   1.9316850e+06   2.8808594e+01
   1.9319180e+06   2.8381348e+01
   1.9322430e+06   2.6367188e+01
   1.9325310e+06   2.6855469e+01
   1.9333540e+06   2.8747559e+01
   1.9448740e+06   2.7160645e+01
   1.9476350e+06   2.6489258e+01
   1.9706540e+06   2.6611328e+01
   1.9742040e+06   4.2358398e+01
   1.9806030e+06   3.0578613e+01
   1.9812990e+06   2.8076172e+01
   1.9814740e+06   3.3569336e+01
   1.9815660e+06   2.9235840e+01
   1.9828120e+06   2.7160645e+01
   1.9828460e+06   2.9235840e+01
   1.9828890e+06   2.6245117e+01
   1.9829010e+06   6.0913086e+01
   1.9829460e+06   2.6062012e+01
   1.9829790e+06   3.2714844e+01
   1.9829890e+06   3.3874512e+01
   1.9830290e+06   3.8879395e+01
   1.9831110e+06   2.6306152e+01
   1.9831450e+06   3.7048340e+01
   1.9832660e+06   2.6062012e+01
   1.9833270e+06   2.8381348e+01
   1.9833640e+06   3.0517578e+01
   1.9837850e+06   3.4851074e+01
   1.9841250e+06   3.0639648e+01
   1.9845360e+06   3.2714844e+01
   1.9851640e+06   2.7282715e+01
   1.9853340e+06   2.9907227e+01
   1.9857900e+06   2.6062012e+01
   2.0532590e+06   3.0029297e+01
   2.0535610e+06   2.7893066e+01
   2.0539130e+06   2.6794434e+01
   2.0546460e+06   2.7221680e+01
   2.0552790e+06   2.7465820e+01
   2.0812090e+06   2.6000977e+01
   2.0814890e+06   3.1127930e+01
   2.2485030e+06   4.2602539e+01
   2.7085410e+06   2.5939941e+01
   2.7318110e+06   2.7465820e+01
   2.7318560e+06   2.9235840e+01
   2.7320890e+06   2.5878906e+01
   2.7322250e+06   3.3630371e+01
   2.7327690e+06   3.8879395e+01
   2.7330710e+06   2.8137207e+01
   2.7331820e+06   3.9855957e+01
   2.7332150e+06   3.6010742e+01
   2.7332250e+06   4.6386719e+01
   2.7332590e+06   4.3334961e+01
   2.7332820e+06   4.2236328e+01
   2.7332990e+06   3.0395508e+01
   2.7333560e+06   3.4301758e+01
   2.7333720e+06   2.8381348e+01
   2.7333950e+06   3.0151367e+01
   2.7334450e+06   2.9663086e+01
   2.7335450e+06   3.6376953e+01
   2.7338380e+06   2.9602051e+01
   2.7338570e+06   3.1921387e+01
   2.7339290e+06   2.6855469e+01
   2.7341920e+06   3.1738281e+01
   2.7343760e+06   3.9733887e+01
   2.7344430e+06   2.7465820e+01
   2.7345180e+06   2.8808594e+01
   2.7346310e+06   2.7343750e+01
   2.7348110e+06   2.8076172e+01
   2.7348970e+06   2.7709961e+01
   2.7350270e+06   2.8686523e+01
   2.7351670e+06   2.8564453e+01
   2.7352610e+06   3.6560059e+01
   2.7353970e+06   2.6672363e+01
   2.7356730e+06   2.7099609e+01
   2.7357030e+06   3.4606934e+01
   2.7358130e+06   2.7282715e+01
   2.7371550e+06   2.6550293e+01
   2.7374140e+06   2.8381348e+01
   2.7441850e+06   3.3325195e+01
   2.7450990e+06   2.7648926e+01
   2.7456530e+06   2.5939941e+01
   2.7458190e+06   2.7770996e+01
   2.7459520e+06   2.7648926e+01
   2.7459800e+06   3.7292480e+01
   2.7460190e+06   2.7526855e+01
   2.7460300e+06   3.1982422e+01
   2.7460520e+06   3.8330078e+01
   2.7460800e+06   3.1738281e+01
   2.7461220e+06   2.6306152e+01
   2.7461730e+06   2.9418945e+01
   2.7461880e+06   2.8503418e+01
   2.7462780e+06   3.0822754e+01
   2.7462970e+06   2.8076172e+01
   2.7463610e+06   3.0212402e+01
   2.7464040e+06   2.7832031e+01
   2.7466200e+06   3.2470703e+01
   2.7466390e+06   2.8259277e+01
   2.7470530e+06   2.8686523e+01
   2.7473590e+06   3.0639648e+01
   2.7473910e+06   2.7099609e+01
   2.7475980e+06   3.2775879e+01
   2.7476230e+06   2.9907227e+01
   2.7476520e+06   2.7893066e+01
   2.7477770e+06   2.6184082e+01
   2.7478290e+06   2.7832031e+01
   2.7482660e+06   2.6489258e+01
   2.7484680e+06   3.1311035e+01
   2.7485020e+06   2.7343750e+01
   2.7486270e+06   2.8198242e+01
   2.7486620e+06   3.2348633e+01
   2.7487940e+06   2.6672363e+01
   2.7488370e+06   2.6794434e+01
   2.7489680e+06   2.6306152e+01
   2.7495400e+06   2.9968262e+01
   2.7556120e+06   2.7099609e+01
   2.7585310e+06   2.8076172e+01
   2.7592670e+06   2.8808594e+01
   2.7719370e+06   2.6000977e+01
   2.7816630e+06   2.9724121e+01
   2.7824120e+06   2.7770996e+01
   2.7856580e+06   2.8930664e+01
   2.7960920e+06   2.8381348e+01
   2.7971960e+06   2.8930664e+01
   2.8022000e+06   2.6367188e+01
   2.8110190e+06   2.7099609e+01
   2.8689080e+06   4.4982910e+01
   3.0347000e+06   3.9916992e+01
   3.0356880e+06   2.9052734e+01
   3.0357360e+06   3.0456543e+01
   3.0357840e+06   2.8503418e+01
   3.0361060e+06   2.8442383e+01
   3.0365240e+06   2.9174805e+01
   3.0368880e+06   2.6855469e+01
   3.0375800e+06   3.7048340e+01
   3.0377020e+06   3.4729004e+01
   3.0377290e+06   3.0090332e+01
   3.0377430e+06   2.9602051e+01
   3.0377570e+06   7.5805664e+01
   3.0377970e+06   2.8076172e+01
   3.0378280e+06   5.4992676e+01
   3.0378380e+06   3.5644531e+01
   3.0378860e+06   2.7282715e+01
   3.0379040e+06   2.9602051e+01
   3.0379580e+06   2.9113770e+01
   3.0379940e+06   4.9865723e+01
   3.0380880e+06   2.6245117e+01
   3.0381450e+06   2.6672363e+01
   3.0382150e+06   3.7353516e+01
   3.0383240e+06   2.9968262e+01
   3.0384770e+06   3.0517578e+01
   3.0385860e+06   2.9602051e+01
   3.0390630e+06   2.7526855e+01
   3.0391910e+06   3.2165527e+01
   3.0392600e+06   2.9418945e+01
   3.0394220e+06   2.6733398e+01
   3.0395360e+06   2.7404785e+01
   3.0397770e+06   2.8991699e+01
   3.0402600e+06   2.6672363e+01
   3.0408680e+06   2.9113770e+01
   3.0502600e+06   2.8076172e+01
   3.0502910e+06   3.1616211e+01
   3.0503340e+06   3.7109375e+01
   3.0503780e+06   3.1433105e+01
   3.0504020e+06   3.0761719e+01
   3.0504440e+06   2.6306152e+01
   3.0504740e+06   3.2287598e+01
   3.0505520e+06   2.6245117e+01
   3.0505860e+06   2.8869629e+01
   3.0506600e+06   2.8564453e+01
   3.0506790e+06   3.1982422e+01
   3.0506970e+06   2.9418945e+01
   3.0507920e+06   2.6733398e+01
   3.0508680e+06   2.6367188e+01
   3.0511490e+06   3.8269043e+01
   3.0512290e+06   2.7648926e+01
   3.0512530e+06   2.6367188e+01
   3.0515100e+06   3.8879395e+01
   3.0515640e+06   2.7038574e+01
   3.0516620e+06   3.7414551e+01
   3.0517430e+06   2.6733398e+01
   3.0517570e+06   3.5278320e+01
   3.0530040e+06   3.0395508e+01
   3.0531610e+06   4.2602539e+01
   3.0533280e+06   3.9550781e+01
   3.0535090e+06   2.6489258e+01
   3.0537470e+06   3.7536621e+01
   3.0599530e+06   2.7221680e+01
   3.0686320e+06   2.8015137e+01
   3.0769580e+06   2.6855469e+01
   3.0810690e+06   2.9907227e+01
   3.0983030e+06   3.1127930e+01
   3.0986420e+06   2.6916504e+01
   3.0990140e+06   2.8564453e+01
   3.0992670e+06   2.9724121e+01
   3.1110230e+06   2.6184082e+01
   3.1164150e+06   2.7893066e+01
   3.1166410e+06   2.9541016e+01
   3.1319090e+06   4.0649414e+01
   3.1326170e+06   4.2053223e+01
   3.1328790e+06   3.6132812e+01
   3.1330160e+06   2.7160645e+01
   3.1333080e+06   2.8625488e+01
   3.1347240e+06   3.1127930e+01
   3.1509360e+06   3.0151367e+01
   3.1515240e+06   2.8259277e+01
   3.1753670e+06   3.4179688e+01
   3.1757910e+06   2.7526855e+01
   3.1767470e+06   2.6855469e+01
   3.1778740e+06   2.7099609e+01
   3.1986090e+06   2.8076172e+01
   3.1990920e+06   2.8747559e+01
   3.2183490e+06   3.1982422e+01
   3.2184370e+06   3.1005859e+01
   3.2184690e+06   2.7709961e+01
   3.2186910e+06   2.7160645e+01
   3.2202880e+06   2.7282715e+01
   3.2204300e+06   3.2836914e+01
   3.2204550e+06   3.3935547e+01
   3.2204710e+06   2.7282715e+01
   3.2204990e+06   3.2836914e+01
   3.2205210e+06   6.4392090e+01
   3.2205480e+06   3.5400391e+01
   3.2205690e+06   3.6437988e+01
   3.2206000e+06   4.4921875e+01
   3.2206130e+06   2.8381348e+01
   3.2206800e+06   2.8198242e+01
   3.2207150e+06   3.3142090e+01
   3.2207420e+06   3.6865234e+01
   3.2207840e+06   2.6550293e+01
   3.2208170e+06   3.6865234e+01
   3.2208380e+06   2.6855469e+01
   3.2209230e+06   2.7404785e+01
   3.2209460e+06   3.0395508e+01
   3.2212730e+06   2.7832031e+01
   3.2217820e+06   2.7221680e+01
   3.2220400e+06   2.6733398e+01
   3.2221140e+06   2.6611328e+01
   3.2223300e+06   2.7160645e+01
   3.2224110e+06   2.6489258e+01
   3.2227510e+06   3.0761719e+01
   3.2252150e+06   2.6306152e+01
   3.2257320e+06   2.9602051e+01
   3.2326630e+06   2.7709961e+01
   3.2335370e+06   3.0822754e+01
   3.2335530e+06   2.8991699e+01
   3.2335980e+06   4.6569824e+01
   3.2336220e+06   2.7526855e+01
   3.2336720e+06   3.9428711e+01
   3.2336830e+06   3.6376953e+01
   3.2337320e+06   2.9785156e+01
   3.2337430e+06   3.5156250e+01
   3.2337770e+06   3.0029297e+01
   3.2338150e+06   2.9846191e+01
   3.2338750e+06   3.5156250e+01
   3.2339360e+06   2.7343750e+01
   3.2339720e+06   2.9174805e+01
   3.2339900e+06   3.0517578e+01
   3.2340320e+06   2.6672363e+01
   3.2340920e+06   2.7404785e+01
   3.2342200e+06   2.8747559e+01
   3.2342800e+06   3.0517578e+01
   3.2346050e+06   2.6184082e+01
   3.2346550e+06   3.1372070e+01
   3.2347270e+06   2.7893066e+01
   3.2347730e+06   2.7954102e+01
   3.2356000e+06   2.8747559e+01
   3.2358890e+06   2.9602051e+01
   3.2546520e+06   2.7282715e+01
   3.2591160e+06   2.8808594e+01
   3.2610630e+06   2.7099609e+01
   3.2662720e+06   2.6794434e+01
   3.2668990e+06   2.8869629e+01
   3.2765200e+06   2.7648926e+01
   3.2770890e+06   2.7282715e+01
   3.2859710e+06   2.7099609e+01
   3.2940200e+06   2.6916504e+01
   3.3041210e+06   2.8442383e+01
   3.3142110e+06   3.0029297e+01
   3.3236780e+06   2.6916504e+01
   3.3332230e+06   2.7160645e+01
   3.3333330e+06   2.6245117e+01
   3.3334710e+06   2.7099609e+01
   3.3346030e+06   2.8930664e+01
   3.3473960e+06   2.7893066e+01
   3.3480290e+06   3.0944824e+01
   3.3650850e+06   2.8259277e+01
   3.3651260e+06   3.3264160e+01
   3.3653550e+06   3.2470703e+01
   3.3656140e+06   2.7160645e+01
   3.3661970e+06   2.6611328e+01
   3.3838110e+06   2.7832031e+01
   3.3840220e+06   2.7221680e+01
   3.3852410e+06   2.7648926e+01
   3.3855000e+06   3.1127930e+01
   3.4085710e+06   3.2226562e+01
   3.4086340e+06   2.7648926e+01
   3.4086680e+06   3.7597656e+01
   3.4086990e+06   7.0495605e+01
   3.4087090e+06   2.9846191e+01
   3.4087580e+06   2.9724121e+01
   3.4087740e+06   3.7231445e+01
   3.4088070e+06   3.1738281e+01
   3.4088380e+06   2.8808594e+01
   3.4088880e+06   2.6550293e+01
   3.4089040e+06   3.8879395e+01
   3.4094650e+06   2.7648926e+01
   3.4095610e+06   2.8320312e+01
   3.4095820e+06   2.6855469e+01
   3.4097270e+06   2.6184082e+01
   3.4105190e+06   2.7221680e+01
   3.4108260e+06   3.9550781e+01
   3.4109730e+06   2.9479980e+01
   3.4115840e+06   2.8137207e+01
   3.4116260e+06   2.7648926e+01
   3.4124300e+06   2.8015137e+01
   3.4217280e+06   2.7709961e+01
   3.4218660e+06   2.6733398e+01
   3.4223350e+06   2.7526855e+01
   3.4223570e+06   3.1738281e+01
   3.4224250e+06   4.7912598e+01
   3.4224430e+06   3.1250000e+01
   3.4224930e+06   3.0395508e+01
   3.4225700e+06   3.1433105e+01
   3.4226500e+06   3.0639648e+01
   3.4226750e+06   2.8076172e+01
   3.4226960e+06   3.4179688e+01
   3.4227180e+06   3.1616211e+01
   3.4228210e+06   3.8574219e+01
   3.4229190e+06   2.7099609e+01
   3.4231360e+06   2.8991699e+01
   3.4231730e+06   3.1921387e+01
   3.4234280e+06   3.0822754e+01
   3.4235210e+06   2.6550293e+01
   3.4235520e+06   2.7770996e+01
   3.4237340e+06   2.8137207e+01
   3.4237440e+06   2.9846191e+01
   3.4239530e+06   3.6376953e+01
   3.4240490e+06   3.3447266e+01
   3.4245590e+06   2.7893066e+01
   3.4250250e+06   2.6855469e+01
   3.4252450e+06   3.3691406e+01
   3.4259150e+06   2.7832031e+01
   3.4526620e+06   4.5959473e+01
   3.4529520e+06   4.8400879e+01
   3.4533010e+06   3.1005859e+01
   3.4540910e+06   2.6184082e+01
   3.4675460e+06   4.4616699e+01
   3.4734460e+06   2.7343750e+01
   3.4737260e+06   3.0578613e+01
   3.5011380e+06   2.6367188e+01
   3.5017230e+06   3.1494141e+01
   3.5271000e+06   2.6184082e+01
   3.5272410e+06   2.6306152e+01
   3.5272950e+06   2.9663086e+01
   3.5276210e+06   2.6184082e+01
   3.5276960e+06   2.7526855e+01
   3.5286760e+06   3.1372070e+01
   3.5435670e+06   2.7770996e+01
   3.5437230e+06   3.0944824e+01
   3.5745830e+06   2.6672363e+01
   3.5746280e+06   2.7038574e+01
   3.5747120e+06   3.0273438e+01
   3.5757930e+06   2.6916504e+01
   3.7385650e+06   4.5166016e+01
   3.7699790e+06   4.7119141e+01
   3.8116840e+06   4.2846680e+01
   3.9155190e+06   4.4860840e+01
   3.9744090e+06   4.8522949e+01
   3.9824390e+06   3.9062500e+01
   3.9905120e+06   3.1494141e+01
   3.9909430e+06   2.7954102e+01
   3.9909620e+06   2.7099609e+01
   3.9909890e+06   3.1921387e+01
   3.9910310e+06   2.9357910e+01
   3.9910540e+06   5.8166504e+01
   3.9910650e+06   4.6020508e+01
   3.9910940e+06   3.7414551e+01
   3.9911380e+06   3.1188965e+01
   3.9911500e+06   3.8146973e+01
   3.9912030e+06   3.0700684e+01
   3.9912580e+06   3.8940430e+01
   3.9912910e+06   2.6550293e+01
   3.9913520e+06   2.6306152e+01
   3.9914090e+06   3.0822754e+01
   3.9915060e+06   2.7770996e+01
   3.9915660e+06   3.0334473e+01
   3.9916780e+06   3.3325195e+01
   3.9918170e+06   3.1066895e+01
   3.9919270e+06   3.3264160e+01
   3.9920530e+06   2.7160645e+01
   3.9921360e+06   3.0639648e+01
   3.9922680e+06   2.6733398e+01
   3.9922920e+06   2.7221680e+01
   3.9924590e+06   2.8198242e+01
   3.9925080e+06   3.4606934e+01
   3.9928290e+06   2.6306152e+01
   3.9928700e+06   3.0090332e+01
   3.9930620e+06   2.6611328e+01
   3.9932250e+06   2.6794434e+01
   3.9937140e+06   2.7587891e+01
   4.0038190e+06   3.9672852e+01
   4.0038510e+06   3.8391113e+01
   4.0038670e+06   2.6306152e+01
   4.0038960e+06   6.1523438e+01
   4.0039160e+06   2.6977539e+01
   4.0039320e+06   3.2897949e+01
   4.0039600e+06   3.1311035e+01
   4.0039940e+06   2.9602051e+01
   4.0041580e+06   2.6855469e+01
   4.0042330e+06   4.1076660e+01
   4.0042750e+06   3.5400391e+01
   4.0043400e+06   2.8930664e+01
   4.0044240e+06   3.1311035e+01
   4.0046110e+06   2.9785156e+01
   4.0046750e+06   2.9357910e+01
   4.0047880e+06   2.6184082e+01
   4.0048620e+06   2.7282715e+01
   4.0049420e+06   2.7587891e+01
   4.0050030e+06   2.6367188e+01
   4.0050740e+06   4.0222168e+01
   4.0055780e+06   3.6254883e+01
   4.0061660e+06   2.7099609e+01
   4.0064850e+06   2.6184082e+01
   4.0079360e+06   2.9541016e+01
   4.0130840e+06   2.6733398e+01
   4.0159070e+06   3.2043457e+01
   4.0286460e+06   2.6855469e+01
   4.0508110e+06   2.6550293e+01
   4.0593250e+06   2.8991699e+01
   4.0593790e+06   3.3691406e+01
   4.0597890e+06   2.6367188e+01
   4.0699940e+06   2.6977539e+01
   4.0701520e+06   2.6245117e+01
   4.0716100e+06   5.1513672e+01
   4.0816160e+06   2.7099609e+01
   4.0816540e+06   2.6489258e+01
   4.1162150e+06   2.8259277e+01
   4.1179190e+06   2.7526855e+01
   4.1182710e+06   2.7404785e+01
   4.1182990e+06   2.8137207e+01
   4.1183150e+06   2.9479980e+01
   4.1183490e+06   3.7536621e+01
   4.1183740e+06   6.3415527e+01
   4.1183900e+06   3.0334473e+01
   4.1184170e+06   2.6855469e+01
   4.1184410e+06   3.1982422e+01
   4.1184560e+06   3.5217285e+01
   4.1184910e+06   2.6672363e+01
   4.1185310e+06   3.5461426e+01
   4.1185560e+06   2.9296875e+01
   4.1185840e+06   3.5888672e+01
   4.1186460e+06   4.4555664e+01
   4.1186690e+06   2.6916504e+01
   4.1187460e+06   2.6306152e+01
   4.1188440e+06   2.8381348e+01
   4.1189310e+06   2.6184082e+01
   4.1192530e+06   2.9113770e+01
   4.1197760e+06   2.6733398e+01
   4.1198460e+06   2.6794434e+01
   4.1199430e+06   2.8015137e+01
   4.1199830e+06   2.9907227e+01
   4.1206770e+06   2.8686523e+01
   4.1212790e+06   3.1616211e+01
   4.1216580e+06   2.7160645e+01
   4.1224900e+06   3.4729004e+01
   4.1231090e+06   2.7404785e+01
   4.1284220e+06   2.6428223e+01
   4.1343300e+06   2.8076172e+01
   4.1466150e+06   3.8818359e+01
   4.1503660e+06   4.7363281e+01
   4.1712620e+06   2.8503418e+01
   4.1804550e+06   3.0151367e+01
   4.2006530e+06   4.4860840e+01
   4.2087280e+06   4.9255371e+01
   4.2638480e+06   4.2236328e+01
   4.3380520e+06   4.0954590e+01
   4.3383040e+06   4.4006348e+01
   4.3862040e+06   4.8095703e+01
   4.4735440e+06   4.3579102e+01
   4.5475130e+06   2.8381348e+01
   4.5697960e+06   4.4250488e+01
   4.5811770e+06   4.7302246e+01
   4.6150890e+06   2.9785156e+01
   4.6152190e+06   2.7282715e+01
   4.6152900e+06   2.8442383e+01
   4.6519250e+06   2.8808594e+01
   4.6528050e+06   2.7404785e+01
   4.6529970e+06   2.7648926e+01
   4.6534710e+06   2.7343750e+01
   4.6853180e+06   2.9724121e+01
   4.6853570e+06   2.6794434e+01
   4.6854150e+06   2.9785156e+01
   4.7012620e+06   3.0151367e+01
   4.7014210e+06   2.6184082e+01
   4.7019750e+06   4.3579102e+01
   4.7162320e+06   2.6855469e+01
   4.7380730e+06   2.6794434e+01
   4.7384190e+06   2.8259277e+01
   4.7394960e+06   2.6977539e+01
   4.7408280e+06   2.8808594e+01
   4.7408720e+06   2.7954102e+01
   4.7592720e+06   2.9174805e+01
   4.7593590e+06   2.7832031e+01
   4.7597480e+06   2.6611328e+01
   4.7606720e+06   2.6794434e+01
   4.7615920e+06   2.6550293e+01
   4.7768700e+06   2.8808594e+01
   4.7943760e+06   2.6489258e+01
   4.7945050e+06   2.7770996e+01
   4.7953110e+06   2.8991699e+01
   4.7954340e+06   4.7851562e+01
   4.7970690e+06   2.6489258e+01
   4.8100200e+06   3.0090332e+01
   4.8107060e+06   3.0944824e+01
   4.8262640e+06   2.8503418e+01
   4.8264060e+06   2.6855469e+01
   4.8414020e+06   2.7709961e+01
   4.8414430e+06   3.0944824e+01
   4.8420390e+06   2.9479980e+01
   4.9045040e+06   2.7832031e+01
   4.9046070e+06   2.7099609e+01
   4.9052670e+06   3.1494141e+01
   4.9068150e+06   2.6794434e+01
   4.9231020e+06   2.7648926e+01
   4.9234170e+06   2.8625488e+01
   4.9244180e+06   2.6245117e+01
   4.9325090e+06   2.9541016e+01
   4.9325840e+06   2.8686523e+01
   4.9328960e+06   3.5583496e+01
   4.9329180e+06   5.3405762e+01
   4.9329420e+06   4.5776367e+01
   4.9329550e+06   4.2724609e+01
   4.9329850e+06   3.0700684e+01
   4.9330080e+06   3.3569336e+01
   4.9330290e+06   3.7841797e+01
   4.9330640e+06   4.0405273e+01
   4.9330970e+06   3.2470703e+01
   4.9331130e+06   3.3386230e+01
   4.9331460e+06   2.8137207e+01
   4.9332090e+06   3.4179688e+01
   4.9335440e+06   2.6245117e+01
   4.9344160e+06   2.6855469e+01
   4.9347200e+06   2.7954102e+01
   4.9348190e+06   3.1005859e+01
   4.9348640e+06   2.6611328e+01
   4.9353800e+06   2.6184082e+01
   4.9401840e+06   2.8015137e+01
   4.9462510e+06   3.3386230e+01
   4.9462910e+06   3.0334473e+01
   4.9463250e+06   2.7221680e+01
   4.9463530e+06   5.0537109e+01
   4.9463700e+06   3.4057617e+01
   4.9464010e+06   3.1066895e+01
   4.9464180e+06   4.5043945e+01
   4.9464550e+06   2.7526855e+01
   4.9464910e+06   3.8452148e+01
   4.9465120e+06   3.2531738e+01
   4.9465400e+06   3.1677246e+01
   4.9465680e+06   3.0334473e+01
   4.9465860e+06   3.0456543e+01
   4.9466150e+06   2.9357910e+01
   4.9466400e+06   2.6611328e+01
   4.9467040e+06   3.4301758e+01
   4.9468100e+06   2.7221680e+01
   4.9468840e+06   3.4545898e+01
   4.9470320e+06   3.4606934e+01
   4.9470630e+06   3.2226562e+01
   4.9470930e+06   2.9113770e+01
   4.9472140e+06   2.6184082e+01
   4.9474090e+06   3.1188965e+01
   4.9479170e+06   2.8747559e+01
   4.9480490e+06   2.6367188e+01
   4.9481750e+06   2.7038574e+01
   4.9482740e+06   3.0151367e+01
   4.9483020e+06   2.7221680e+01
   4.9484240e+06   2.8015137e+01
   4.9485540e+06   2.8686523e+01
   4.9488860e+06   2.8442383e+01
   4.9490490e+06   2.7099609e+01
   4.9506160e+06   2.6794434e+01
   4.9655320e+06   3.1127930e+01
   4.9684820e+06   2.7404785e+01
   4.9873210e+06   3.1250000e+01
   4.9884520e+06   2.6916504e+01
   4.9894510e+06   3.3264160e+01
   4.9935520e+06   2.9052734e+01
   4.9936940e+06   2.6733398e+01
   4.9955550e+06   2.8442383e+01
   5.0019170e+06   2.6367188e+01
   5.0131760e+06   2.8930664e+01
   5.0134990e+06   2.6306152e+01
   5.0234490e+06   3.0273438e+01
   5.0235370e+06   3.3935547e+01
   5.0235840e+06   3.2287598e+01
   5.0242840e+06   3.1799316e+01
   5.0243280e+06   2.7099609e+01
   5.0334970e+06   2.8869629e+01
   5.0467210e+06   3.2775879e+01
   5.0478810e+06   2.6245117e+01
   5.0622340e+06   2.7832031e+01
   5.0716090e+06   3.1616211e+01
   5.0720830e+06   3.3691406e+01
   5.0725750e+06   2.8442383e+01
   5.0813030e+06   2.7648926e+01
   5.0983340e+06   3.0212402e+01
   5.1135530e+06   2.8564453e+01
   5.1136100e+06   2.9968262e+01
   5.1137860e+06   3.2348633e+01
   5.1378330e+06   2.6306152e+01
   5.1385600e+06   2.7343750e+01
   5.1386480e+06   2.6245117e+01
   5.2039100e+06   2.7282715e+01
   5.2039770e+06   2.6184082e+01
   5.2196430e+06   2.8015137e+01
   5.2211300e+06   2.7282715e+01
   5.2535890e+06   2.7038574e+01
   5.2647720e+06   2.6733398e+01
   5.2658910e+06   2.8137207e+01
   5.2795890e+06   3.0517578e+01
   5.3102120e+06   2.7160645e+01
   5.3231320e+06   2.8747559e+01
   5.3231750e+06   3.1311035e+01
   5.3277730e+06   2.6245117e+01
   5.3387300e+06   3.3142090e+01
   5.3389590e+06   2.9479980e+01
   5.3399270e+06   2.6306152e+01
   5.3604540e+06   2.7648926e+01
   5.3607550e+06   3.9733887e+01
   5.3607790e+06   6.6284180e+01
   5.3607960e+06   4.5471191e+01
   5.3608300e+06   3.5644531e+01
   5.3608420e+06   3.4973145e+01
   5.3608580e+06   2.8442383e+01
   5.3608750e+06   4.0893555e+01
   5.3609080e+06   3.0090332e+01
   5.3609410e+06   2.9418945e+01
   5.3609660e+06   2.8015137e+01
   5.3610300e+06   2.8930664e+01
   5.3610610e+06   3.0334473e+01
   5.3610730e+06   3.1005859e+01
   5.3611010e+06   2.8137207e+01
   5.3614310e+06   3.0822754e+01
   5.3615790e+06   2.6916504e+01
   5.3616640e+06   2.6489258e+01
   5.3621280e+06   2.7648926e+01
   5.3622460e+06   3.1921387e+01
   5.3622620e+06   2.8625488e+01
   5.3631040e+06   2.8930664e+01
   5.3631740e+06   3.1188965e+01
   5.3735870e+06   5.3710938e+01
   5.3736110e+06   3.3935547e+01
   5.3736410e+06   5.1696777e+01
   5.3736600e+06   4.5410156e+01
   5.3736730e+06   4.4982910e+01
   5.3737040e+06   4.2419434e+01
   5.3737470e+06   2.6855469e+01
   5.3738190e+06   3.1127930e+01
   5.3738540e+06   2.8503418e+01
   5.3739000e+06   3.8146973e+01
   5.3739360e+06   3.1005859e+01
   5.3740150e+06   2.6306152e+01
   5.3741420e+06   2.6733398e+01
   5.3742720e+06   3.7170410e+01
   5.3743150e+06   2.8015137e+01
   5.3743360e+06   2.6428223e+01
   5.3745340e+06   2.6550293e+01
   5.3746180e+06   3.1555176e+01
   5.3747070e+06   2.9724121e+01
   5.3748430e+06   4.2541504e+01
   5.3753640e+06   3.6254883e+01
   5.3754130e+06   2.7160645e+01
   5.3758530e+06   2.7954102e+01
   5.3759010e+06   2.6306152e+01
   5.3766400e+06   2.8442383e+01
   5.4087980e+06   2.6428223e+01
   5.4159550e+06   2.7526855e+01
   5.4160550e+06   2.6428223e+01
   5.4167760e+06   2.6245117e+01
   5.4255680e+06   2.6794434e+01
   5.4355390e+06   3.1066895e+01
   5.4495970e+06   2.8808594e+01
   5.4497320e+06   2.9541016e+01
   5.4504130e+06   4.8034668e+01
   5.4635420e+06   2.7526855e+01
   5.4638150e+06   2.7282715e+01
   5.4645140e+06   2.7099609e+01
   5.4936790e+06   2.8930664e+01
   5.4946790e+06   2.6855469e+01
   5.5175860e+06   3.1433105e+01
   5.5184540e+06   3.2226562e+01
   5.5994960e+06   3.0456543e+01
   5.6479770e+06   3.2531738e+01
   5.6482360e+06   2.7465820e+01
   5.7804360e+06   4.2236328e+01
   5.7823760e+06   3.5949707e+01
   5.7825560e+06   3.0151367e+01
   5.7826240e+06   4.3579102e+01
   5.7826360e+06   8.5998535e+01
   5.7826570e+06   3.0273438e+01
   5.7826800e+06   3.4240723e+01
   5.7827260e+06   3.7597656e+01
   5.7827610e+06   3.5766602e+01
   5.7828790e+06   2.8625488e+01
   5.7829150e+06   3.1005859e+01
   5.7829410e+06   2.8747559e+01
   5.7830890e+06   2.7282715e+01
   5.7831580e+06   3.1433105e+01
   5.7832230e+06   3.6499023e+01
   5.7833140e+06   3.5034180e+01
   5.7833490e+06   2.8381348e+01
   5.7834030e+06   2.8015137e+01
   5.7835250e+06   3.1982422e+01
   5.7837110e+06   2.7648926e+01
   5.7839280e+06   2.8442383e+01
   5.7839730e+06   2.7465820e+01
   5.7841620e+06   2.7099609e+01
   5.7843810e+06   2.8625488e+01
   5.7845980e+06   3.4606934e+01
   5.7848680e+06   2.8869629e+01
   5.7850150e+06   2.8320312e+01
   5.7851990e+06   2.6245117e+01
   5.7907460e+06   2.8747559e+01
   5.7951460e+06   3.1250000e+01
   5.7952170e+06   2.8076172e+01
   5.7952380e+06   5.0476074e+01
   5.7952540e+06   2.7038574e+01
   5.7952800e+06   3.9672852e+01
   5.7952970e+06   3.8452148e+01
   5.7953320e+06   3.4973145e+01
   5.7954400e+06   3.9184570e+01
   5.7954970e+06   2.7221680e+01
   5.7955490e+06   2.7343750e+01
   5.7955750e+06   3.0273438e+01
   5.7956470e+06   2.7954102e+01
   5.7956740e+06   2.9113770e+01
   5.7957900e+06   2.8564453e+01
   5.7958090e+06   3.4240723e+01
   5.7958340e+06   2.7770996e+01
   5.7959270e+06   3.5156250e+01
   5.7960330e+06   2.7832031e+01
   5.7960990e+06   4.9133301e+01
   5.7963270e+06   3.0639648e+01
   5.7965280e+06   2.6916504e+01
   5.7966750e+06   2.6428223e+01
   5.7967140e+06   2.8503418e+01
   5.7967420e+06   2.8747559e+01
   5.7968210e+06   3.6926270e+01
   5.7968340e+06   2.6672363e+01
   5.7968970e+06   2.6245117e+01
   5.7970330e+06   2.7465820e+01
   5.7975440e+06   3.1555176e+01
   5.7978590e+06   3.3081055e+01
   5.8047040e+06   2.7709961e+01
   5.8072330e+06   3.1494141e+01
   5.8074400e+06   2.9174805e+01
   5.8275070e+06   2.7832031e+01
   5.8388020e+06   4.5471191e+01
   5.8620540e+06   3.2714844e+01
   5.8621220e+06   2.9479980e+01
   5.8721910e+06   3.1311035e+01
   5.8725730e+06   2.6794434e+01
   5.8731900e+06   2.6916504e+01
   5.8751420e+06   2.6855469e+01
   5.8829070e+06   2.7160645e+01
   5.9002140e+06   3.2714844e+01
   5.9105100e+06   2.7954102e+01
   5.9215080e+06   2.6184082e+01
   5.9307400e+06   2.6855469e+01
   5.9308540e+06   3.4545898e+01
   5.9309620e+06   2.8564453e+01
   5.9310000e+06   3.5522461e+01
   5.9310130e+06   6.6101074e+01
   5.9310280e+06   3.9306641e+01
   5.9310400e+06   3.4362793e+01
   5.9310630e+06   3.1188965e+01
   5.9310880e+06   3.6682129e+01
   5.9311100e+06   4.7485352e+01
   5.9311330e+06   3.2165527e+01
   5.9311580e+06   3.6132812e+01
   5.9312350e+06   2.8991699e+01
   5.9312530e+06   3.8024902e+01
   5.9313400e+06   3.7841797e+01
   5.9314910e+06   2.7709961e+01
   5.9316190e+06   3.1372070e+01
   5.9318890e+06   3.2104492e+01
   5.9319570e+06   3.1127930e+01
   5.9319920e+06   2.6977539e+01
   5.9327750e+06   2.9663086e+01
   5.9329050e+06   3.0273437e+01
   5.9329390e+06   3.0273438e+01
   5.9334350e+06   2.9541016e+01
   5.9341430e+06   2.7526855e+01
   5.9390260e+06   2.6428223e+01
   5.9408930e+06   2.9785156e+01
   5.9414280e+06   2.8991699e+01
   5.9444690e+06   2.7648926e+01
   5.9444800e+06   3.1616211e+01
   5.9444910e+06   4.5288086e+01
   5.9445300e+06   3.4423828e+01
   5.9445680e+06   3.5217285e+01
   5.9446150e+06   3.5461426e+01
   5.9446370e+06   3.1066895e+01
   5.9446700e+06   2.7343750e+01
   5.9447030e+06   3.2409668e+01
   5.9447310e+06   3.1127930e+01
   5.9447580e+06   3.2409668e+01
   5.9447790e+06   2.9418945e+01
   5.9447990e+06   3.2043457e+01
   5.9448730e+06   3.0761719e+01
   5.9449550e+06   2.9785156e+01
   5.9449910e+06   3.7597656e+01
   5.9450260e+06   2.6855469e+01
   5.9450600e+06   2.8137207e+01
   5.9450980e+06   2.8015137e+01
   5.9453240e+06   3.3508301e+01
   5.9454020e+06   3.3386230e+01
   5.9455320e+06   2.7404785e+01
   5.9457930e+06   3.0517578e+01
   5.9458950e+06   3.2897949e+01
   5.9461790e+06   2.6550293e+01
   5.9463960e+06   2.6428223e+01
   5.9464860e+06   2.6184082e+01
   5.9474060e+06   3.0334473e+01
   5.9542810e+06   2.7160645e+01
   5.9569390e+06   2.6184082e+01
   5.9603520e+06   2.9846191e+01
   5.9668370e+06   2.8503418e+01
   5.9756290e+06   2.9724121e+01
   5.9758520e+06   2.7404785e+01
   5.9867940e+06   2.6611328e+01
   5.9895830e+06   2.6428223e+01
