   5.9990000e+06   0.0000000e+00
   4.4427100e+05   3.5461426e+01
   9.6449700e+05   3.8940430e+01
   1.3448780e+06   3.5644531e+01
   1.5428130e+06   3.5949707e+01
   1.5595840e+06   3.9428711e+01
   1.5597670e+06   3.5644531e+01
   1.8055010e+06   3.6865234e+01
   1.8749040e+06   3.7841797e+01
   1.8749190e+06   4.6325684e+01
   1.9466890e+06   3.5278320e+01
   2.2660760e+06   3.7597656e+01
   2.4099310e+06   2.7575684e+02
   2.4099560e+06   6.6833496e+01
   2.4105130e+06   3.6376953e+01
   3.0027150e+06   3.4057617e+01
   3.5241940e+06   3.5583496e+01
   3.5568170e+06   3.4362793e+01
   3.7628460e+06   4.0649414e+01
   3.8479480e+06   3.6560059e+01
   3.9956330e+06   3.3996582e+01
   5.2608940e+06   3.4057617e+01
   5.5970990e+06   3.4057617e+01
