   5.9990000e+06   0.0000000e+00
   6.5832300e+05   2.9602051e+01
   1.3131360e+06   2.9235840e+01
   1.7861660e+06   2.9235840e+01
   1.7899540e+06   3.3630371e+01
   1.7901210e+06   3.2897949e+01
   1.8036270e+06   2.9663086e+01
   1.8039200e+06   3.2958984e+01
   1.8059460e+06   2.9479980e+01
   1.8129260e+06   2.9235840e+01
   1.8749190e+06   4.0039062e+01
   2.0051260e+06   2.9235840e+01
   2.0536050e+06   2.9357910e+01
   2.2002750e+06   2.9235840e+01
   2.3186050e+06   2.9296875e+01
   2.4099310e+06   2.6147461e+02
   2.4099560e+06   5.8776855e+01
   3.1115860e+06   2.9113770e+01
   3.8899100e+06   2.8686523e+01
   5.0671540e+06   2.9113770e+01
