   5.9990000e+06   0.0000000e+00
   1.9903400e+05   3.0151367e+01
   1.9905300e+05   3.1921387e+01
   1.9907100e+05   3.0029297e+01
   1.9910800e+05   3.0212402e+01
   1.9914100e+05   3.0700684e+01
   1.9915800e+05   3.9978027e+01
   1.9918100e+05   3.7414551e+01
   1.9920700e+05   3.4423828e+01
   2.0641600e+05   2.9602051e+01
   3.6407500e+05   2.8869629e+01
   3.6429100e+05   3.3752441e+01
   3.6432500e+05   3.8085938e+01
   3.6434700e+05   3.4912109e+01
   3.7070600e+05   2.9113770e+01
   4.4360500e+05   3.0212402e+01
   4.4370400e+05   3.3203125e+01
   4.4371500e+05   3.5339355e+01
   4.4383000e+05   3.0090332e+01
   4.9224100e+05   3.1311035e+01
   4.9227600e+05   3.2592773e+01
   4.9228700e+05   3.5034180e+01
   6.6092400e+05   3.5949707e+01
   6.6096100e+05   3.0700684e+01
   6.6100700e+05   3.3264160e+01
   6.6111000e+05   3.0029297e+01
   6.6829100e+05   2.9113770e+01
   7.4280100e+05   3.0029297e+01
   7.4283600e+05   2.8869629e+01
   7.4289800e+05   3.0822754e+01
   7.4295700e+05   3.0944824e+01
   8.4618400e+05   3.0944824e+01
   8.4620200e+05   3.4790039e+01
   8.4625200e+05   3.2958984e+01
   8.4629300e+05   3.4118652e+01
   9.4422800e+05   3.7109375e+01
   9.4428300e+05   3.5522461e+01
   9.4430800e+05   2.9846191e+01
   9.4442100e+05   3.5827637e+01
   1.1169950e+06   3.6193848e+01
   1.1170610e+06   3.0029297e+01
   1.1171820e+06   3.1127930e+01
   1.1172150e+06   3.0212402e+01
   1.1917460e+06   3.7841797e+01
   1.2508600e+06   2.8869629e+01
   1.3170170e+06   3.3020020e+01
   1.3170490e+06   3.6987305e+01
   1.4641420e+06   3.0090332e+01
   1.4641640e+06   3.1494141e+01
   1.4641880e+06   4.0771484e+01
   1.4642400e+06   3.1311035e+01
   1.4642850e+06   2.9418945e+01
   1.5059610e+06   2.9296875e+01
   1.5588660e+06   2.9418945e+01
   1.5588820e+06   3.0151367e+01
   1.5589110e+06   3.9428711e+01
   1.5589610e+06   3.9978027e+01
   1.5590840e+06   3.0273438e+01
   1.6584020e+06   3.2531738e+01
   1.6584400e+06   2.8991699e+01
   1.6584810e+06   2.9052734e+01
   1.6585690e+06   3.7170410e+01
   1.6586310e+06   3.1494141e+01
   1.6588910e+06   3.0334473e+01
   1.7226050e+06   3.1066895e+01
   1.7869100e+06   2.8991699e+01
   1.8080960e+06   2.9357910e+01
   1.8097010e+06   3.0212402e+01
   1.8126150e+06   3.1005859e+01
   1.8146190e+06   2.8991699e+01
   1.8261010e+06   3.0517578e+01
   1.8749190e+06   4.3945312e+01
   1.8826000e+06   2.9602051e+01
   1.8826640e+06   2.9174805e+01
   1.8826760e+06   4.5227051e+01
   1.8827660e+06   3.2653809e+01
   1.8828940e+06   2.9357910e+01
   1.8974060e+06   3.2958984e+01
   1.8987720e+06   2.8930664e+01
   2.0023770e+06   2.8869629e+01
   2.0363230e+06   3.0151367e+01
   2.0363650e+06   2.9602051e+01
   2.0364100e+06   3.1677246e+01
   2.0364400e+06   4.0832520e+01
   2.0364690e+06   2.9846191e+01
   2.0900740e+06   3.0944824e+01
   2.0901080e+06   3.7414551e+01
   2.0901670e+06   3.3874512e+01
   2.0901820e+06   3.0273438e+01
   2.0902410e+06   2.9052734e+01
   2.0902940e+06   3.3508301e+01
   2.0903620e+06   3.2531738e+01
   2.1561160e+06   3.1066895e+01
   2.1562820e+06   3.3142090e+01
   2.2654800e+06   2.9541016e+01
   2.2655330e+06   3.1127930e+01
   2.2655460e+06   2.9968262e+01
   2.2656160e+06   3.0273438e+01
   2.2656330e+06   3.5705566e+01
   2.3542910e+06   3.0395508e+01
   2.3589110e+06   2.9052734e+01
   2.4021040e+06   3.0944824e+01
   2.4022040e+06   3.1127930e+01
   2.4023080e+06   3.4545898e+01
   2.4024810e+06   3.1921387e+01
   2.4026280e+06   2.9479980e+01
   2.4099310e+06   2.5317383e+02
   2.4099570e+06   6.3293457e+01
   2.4143910e+06   2.9602051e+01
   2.4363500e+06   2.9052734e+01
   2.6255370e+06   2.9174805e+01
   2.6255830e+06   3.4973145e+01
   2.6256010e+06   3.3935547e+01
   2.6256130e+06   3.2531738e+01
   2.6256360e+06   3.8269043e+01
   2.6256860e+06   3.2836914e+01
   2.6256990e+06   2.9663086e+01
   2.6772050e+06   2.9541016e+01
   2.6772990e+06   4.2053223e+01
   2.6773500e+06   3.0395508e+01
   2.6774220e+06   3.5949707e+01
   2.6774530e+06   2.9113770e+01
   2.6778670e+06   2.9785156e+01
   2.7875590e+06   3.0700684e+01
   2.7875780e+06   2.9724121e+01
   2.7876010e+06   3.1005859e+01
   2.7876430e+06   2.9052734e+01
   2.7877730e+06   3.0334473e+01
   2.8559160e+06   2.9724121e+01
   2.8559320e+06   2.8991699e+01
   2.8560320e+06   2.9113770e+01
   2.8560900e+06   2.8930664e+01
   2.9738670e+06   3.1616211e+01
   2.9738840e+06   2.9113770e+01
   2.9739040e+06   3.0944824e+01
   2.9739280e+06   4.3029785e+01
   2.9739480e+06   2.8991699e+01
   2.9739630e+06   2.9907227e+01
   2.9740870e+06   3.0273438e+01
   3.0404160e+06   3.1982422e+01
   3.0405310e+06   3.4423828e+01
   3.0406020e+06   3.9916992e+01
   3.0662200e+06   3.2653809e+01
   3.0663460e+06   4.4860840e+01
   3.1337610e+06   3.2592773e+01
   3.1338480e+06   3.2165527e+01
   3.1338730e+06   3.0944824e+01
   3.1339800e+06   3.4118652e+01
   3.8474780e+06   3.4729004e+01
   3.8475370e+06   3.1066895e+01
   3.9298770e+06   3.0822754e+01
   3.9300500e+06   3.6987305e+01
   3.9301090e+06   3.2958984e+01
   3.9301470e+06   4.0893555e+01
   4.0200320e+06   3.5034180e+01
   4.0200750e+06   3.4118652e+01
   4.0201050e+06   3.5156250e+01
   4.0201230e+06   3.1250000e+01
   4.0202200e+06   3.1738281e+01
   4.0202390e+06   3.4118652e+01
   4.1208130e+06   3.5888672e+01
   4.1208730e+06   3.0578613e+01
   4.1209460e+06   3.3813477e+01
   4.1210080e+06   3.4729004e+01
   4.2022720e+06   3.5278320e+01
   4.2022870e+06   3.1311035e+01
   4.2767330e+06   3.1005859e+01
   4.2767850e+06   3.1860352e+01
   4.2768820e+06   3.5034180e+01
   4.2769290e+06   3.1188965e+01
   4.3603530e+06   3.0944824e+01
   4.3603980e+06   3.4667969e+01
   4.3604450e+06   3.3325195e+01
   4.4893870e+06   3.2653809e+01
   4.4894730e+06   3.1433105e+01
   4.4895090e+06   3.1005859e+01
   4.5712000e+06   3.3935547e+01
   4.5712820e+06   4.1687012e+01
   4.5713950e+06   3.3325195e+01
   4.5714600e+06   3.2104492e+01
   4.6412480e+06   3.0212402e+01
   4.6414080e+06   3.2226563e+01
   4.6414740e+06   3.4179688e+01
   4.7335420e+06   3.1921387e+01
   4.7336420e+06   3.4912109e+01
   4.7337150e+06   3.1372070e+01
   4.8923710e+06   3.3996582e+01
   4.8923890e+06   3.2592773e+01
   4.8924540e+06   3.3020020e+01
   4.9621760e+06   3.0517578e+01
   5.1019520e+06   3.3935547e+01
   5.1019850e+06   3.6315918e+01
   5.1020740e+06   3.1921387e+01
   5.1125680e+06   3.1250000e+01
   5.1127280e+06   3.3508301e+01
   5.1129910e+06   3.0395508e+01
   5.2600760e+06   3.1738281e+01
   5.2602630e+06   3.4118652e+01
   5.2603080e+06   3.3386230e+01
   5.3622950e+06   3.1372070e+01
   5.3623320e+06   3.6437988e+01
   5.3623640e+06   3.7170410e+01
   5.3623880e+06   3.1677246e+01
   5.4903600e+06   3.1066895e+01
   5.4904050e+06   3.0212402e+01
   5.4904170e+06   3.5095215e+01
   5.4904430e+06   3.4362793e+01
   5.4904780e+06   4.2602539e+01
   5.4905690e+06   3.6621094e+01
   5.4906030e+06   3.1616211e+01
   5.6884250e+06   3.0456543e+01
   5.6884500e+06   3.1066895e+01
   5.6884670e+06   4.7546387e+01
   5.7841670e+06   3.0456543e+01
   5.7842180e+06   3.4423828e+01
   5.7842750e+06   3.7109375e+01
   5.7843610e+06   3.1860352e+01
