   5.9990000e+06   0.0000000e+00
   3.3138000e+04   2.8625488e+01
   6.4152000e+04   2.7404785e+01
   6.4321000e+04   2.8259277e+01
   6.4589000e+04   2.6733398e+01
   1.6005800e+05   2.6794434e+01
   2.1759000e+05   2.7648926e+01
   2.5733300e+05   2.6977539e+01
   2.5751900e+05   3.0883789e+01
   5.3706100e+05   2.7099609e+01
   5.3717500e+05   3.0517578e+01
   7.2214500e+05   2.9602051e+01
   7.2220200e+05   2.6916504e+01
   7.3814400e+05   2.7648926e+01
   7.3815600e+05   3.3325195e+01
   7.3819600e+05   2.9296875e+01
   7.5707600e+05   2.6733398e+01
   7.8955200e+05   3.0029297e+01
   8.3003800e+05   2.8137207e+01
   8.6803000e+05   2.9296875e+01
   1.0457480e+06   2.7526855e+01
   1.0458730e+06   2.8747559e+01
   1.0460810e+06   2.8808594e+01
   1.0729720e+06   2.7893066e+01
   1.0730270e+06   2.8076172e+01
   1.0731470e+06   2.8747559e+01
   1.2446820e+06   3.5888672e+01
   1.2447080e+06   3.2958984e+01
   1.3449280e+06   3.6621094e+01
   1.3449520e+06   2.8320312e+01
   1.3449880e+06   3.0151367e+01
   1.4749230e+06   2.8381348e+01
   1.4750960e+06   2.7282715e+01
   1.5072230e+06   3.2653809e+01
   1.5073770e+06   2.8259277e+01
   1.5439810e+06   2.8320312e+01
   1.6415920e+06   2.9724121e+01
   1.7874240e+06   2.6794434e+01
   1.7874500e+06   2.8259277e+01
   1.7899340e+06   3.2409668e+01
   1.7911220e+06   2.7160645e+01
   1.8021040e+06   2.8625488e+01
   1.8021170e+06   2.7404785e+01
   1.8091040e+06   2.7099609e+01
   1.8100080e+06   2.7770996e+01
   1.8126350e+06   2.9541016e+01
   1.8331270e+06   2.7587891e+01
   1.8355120e+06   2.8015137e+01
   1.8433870e+06   3.3691406e+01
   1.8437240e+06   3.0883789e+01
   1.8437990e+06   2.6794434e+01
   1.8438620e+06   2.6977539e+01
   1.8527960e+06   2.7893066e+01
   1.8571650e+06   2.9174805e+01
   1.8571930e+06   3.0090332e+01
   1.8572800e+06   2.7832031e+01
   1.8573390e+06   2.9541016e+01
   1.8573790e+06   2.8076172e+01
   1.8749200e+06   1.0650635e+02
   1.8749490e+06   1.0290527e+02
   1.8749610e+06   3.7536621e+01
   1.8749870e+06   6.4208984e+01
   1.8750180e+06   2.0184326e+02
   1.8750280e+06   3.4423828e+01
   1.8750800e+06   2.8503418e+01
   1.8818430e+06   2.8198242e+01
   1.9015900e+06   2.8137207e+01
   1.9016410e+06   3.1799316e+01
   1.9016730e+06   2.7343750e+01
   1.9017220e+06   2.9418945e+01
   1.9342630e+06   2.7221680e+01
   1.9719890e+06   2.7038574e+01
   1.9923530e+06   2.7160645e+01
   1.9929090e+06   2.6977539e+01
   2.0461070e+06   2.7526855e+01
   2.1134650e+06   2.7893066e+01
   2.2909050e+06   2.7282715e+01
   2.3064070e+06   3.4790039e+01
   2.3143070e+06   2.7587891e+01
   2.3432050e+06   2.6733398e+01
   2.4099310e+06   2.6611328e+02
   2.4099570e+06   5.9326172e+01
   2.4101190e+06   2.6977539e+01
   2.9358570e+06   2.6977539e+01
   3.3058010e+06   2.8564453e+01
   3.3058990e+06   2.9235840e+01
   3.7331340e+06   2.7770996e+01
   3.9373250e+06   3.2592773e+01
   4.3392280e+06   3.1188965e+01
   4.6402210e+06   2.8991699e+01
   4.7450750e+06   3.0761719e+01
   4.7451970e+06   2.9968262e+01
   4.7924660e+06   3.2531738e+01
   4.8865640e+06   3.2104492e+01
   4.9126780e+06   2.9113770e+01
   4.9127380e+06   2.8442383e+01
   4.9129410e+06   2.7648926e+01
   5.0173280e+06   3.1311035e+01
   5.0173730e+06   3.3020020e+01
   5.1087300e+06   2.8015137e+01
   5.4753520e+06   2.9174805e+01
   5.5707060e+06   3.0029297e+01
   5.7318530e+06   2.8137207e+01
   5.7318980e+06   3.1372070e+01
