   5.9990000e+06   0.0000000e+00
   4.4908700e+05   2.9357910e+01
   9.5293300e+05   2.9052734e+01
   1.6726880e+06   2.9907227e+01
   1.7908190e+06   2.9296875e+01
   1.7994790e+06   3.1982422e+01
   1.8008180e+06   2.8991699e+01
   1.8038920e+06   2.9296875e+01
   1.8287270e+06   2.9846191e+01
   1.8332860e+06   2.9724121e+01
   1.8749040e+06   3.3264160e+01
   1.8749200e+06   4.1809082e+01
   1.8749350e+06   2.9418945e+01
   1.9240470e+06   2.9602051e+01
   1.9618660e+06   2.9479980e+01
   2.0331440e+06   3.0761719e+01
   2.0356380e+06   3.1616211e+01
   2.1819970e+06   2.9174805e+01
   2.3497870e+06   3.0761719e+01
   2.4099310e+06   2.4908447e+02
   2.4099570e+06   6.1950684e+01
