   5.9990000e+06   0.0000000e+00
   1.9873100e+05   2.7770996e+01
   2.9899000e+05   2.8381348e+01
   5.3562200e+05   2.7770996e+01
   9.7685800e+05   3.0029297e+01
   1.0601130e+06   2.6794434e+01
   1.1160950e+06   2.8259277e+01
   1.7861660e+06   3.3020020e+01
   1.7868180e+06   2.7160645e+01
   1.8020170e+06   2.7526855e+01
   1.8021040e+06   2.7038574e+01
   1.8022080e+06   2.8381348e+01
   1.8069120e+06   2.8198242e+01
   1.8380080e+06   2.6916504e+01
   1.8567730e+06   2.6794434e+01
   1.8749040e+06   3.5705566e+01
   1.8749190e+06   4.1320801e+01
   1.8749350e+06   3.0700684e+01
   1.8845070e+06   2.6916504e+01
   2.0356710e+06   2.6977539e+01
   2.0523150e+06   2.9113770e+01
   2.2371810e+06   2.6733398e+01
   2.3182260e+06   2.6855469e+01
   2.3933590e+06   2.7526855e+01
   2.4099310e+06   2.5463867e+02
   2.4099470e+06   3.4118652e+01
   2.4099570e+06   5.8532715e+01
   3.2423360e+06   2.7709961e+01
   3.3293200e+06   2.8808594e+01
   3.6417940e+06   2.8381348e+01
   3.6488520e+06   2.7587891e+01
   4.0714420e+06   2.8320312e+01
   5.1318040e+06   2.6855469e+01
   5.2313280e+06   2.7709961e+01
   5.4711030e+06   2.7587891e+01
   5.5190080e+06   2.6977539e+01
