   5.9990000e+06   0.0000000e+00
   5.8200000e+02   4.0588379e+01
   9.0760000e+03   3.8879395e+01
   1.8090000e+04   4.2358398e+01
   3.3220000e+04   3.8146973e+01
   3.3269000e+04   4.4067383e+01
   3.3310000e+04   4.7180176e+01
   3.3350000e+04   3.9855957e+01
   3.3389000e+04   5.9509277e+01
   3.3401000e+04   4.6081543e+01
   3.3429000e+04   4.0527344e+01
   3.3472000e+04   4.1687012e+01
   3.3491000e+04   7.0373535e+01
   3.3534000e+04   3.9855957e+01
   3.3553000e+04   5.0537109e+01
   3.3569000e+04   5.6274414e+01
   3.3599000e+04   3.9245605e+01
   3.3612000e+04   5.1147461e+01
   3.3634000e+04   5.2429199e+01
   3.3651000e+04   5.3649902e+01
   3.3685000e+04   3.8208008e+01
   3.3699000e+04   5.0109863e+01
   3.3711000e+04   5.6274414e+01
   3.3745000e+04   4.7302246e+01
   3.3765000e+04   5.3161621e+01
   3.3784000e+04   4.9377441e+01
   3.3839000e+04   5.4809570e+01
   3.3856000e+04   3.9428711e+01
   3.3872000e+04   3.8085938e+01
   3.3924000e+04   4.1625977e+01
   3.3934000e+04   4.3090820e+01
   3.3966000e+04   4.1320801e+01
   3.4008000e+04   3.9978027e+01
   3.4029000e+04   5.6213379e+01
   3.4049000e+04   4.7851563e+01
   3.4075000e+04   5.4321289e+01
   3.4108000e+04   4.3395996e+01
   3.4148000e+04   4.6691895e+01
   3.4198000e+04   4.1320801e+01
   3.4242000e+04   4.8889160e+01
   3.4280000e+04   4.8095703e+01
   3.4290000e+04   4.7668457e+01
   3.4396000e+04   5.2490234e+01
   3.4412000e+04   4.0588379e+01
   3.4526000e+04   5.3527832e+01
   3.4546000e+04   5.1696777e+01
   3.4644000e+04   3.9001465e+01
   3.4669000e+04   4.6569824e+01
   3.4874000e+04   4.6081543e+01
   3.4901000e+04   6.7871094e+01
   3.7253000e+04   4.1992188e+01
   6.0532000e+04   3.8391113e+01
   7.4381000e+04   4.2846680e+01
   8.7484000e+04   3.8513184e+01
   9.8981000e+04   3.9306641e+01
   1.0283300e+05   4.3090820e+01
   1.1053600e+05   3.9611816e+01
   1.3681300e+05   3.8452148e+01
   1.4363200e+05   4.3640137e+01
   1.5990400e+05   4.3151855e+01
   1.6024900e+05   3.8269043e+01
   1.6539000e+05   4.4189453e+01
   1.8107400e+05   4.3273926e+01
   1.8128200e+05   3.9489746e+01
   1.8450700e+05   3.8085938e+01
   1.9039600e+05   4.1870117e+01
   1.9728200e+05   3.8818359e+01
   1.9952900e+05   3.7658691e+01
   1.9954900e+05   4.3762207e+01
   1.9957200e+05   4.1503906e+01
   1.9959700e+05   3.9306641e+01
   1.9960800e+05   5.5603027e+01
   1.9962600e+05   5.8044434e+01
   1.9964600e+05   6.5124512e+01
   1.9965700e+05   5.8288574e+01
   1.9967800e+05   4.8767090e+01
   1.9969200e+05   6.3598633e+01
   1.9971400e+05   9.2651367e+01
   1.9973100e+05   4.3151855e+01
   1.9975400e+05   6.8542480e+01
   1.9976600e+05   7.4218750e+01
   1.9979300e+05   6.1767578e+01
   1.9980500e+05   5.5358887e+01
   1.9983000e+05   7.5927734e+01
   1.9984300e+05   5.9570312e+01
   1.9986300e+05   6.4270020e+01
   1.9988800e+05   5.5114746e+01
   1.9990400e+05   4.0344238e+01
   1.9994100e+05   6.1279297e+01
   1.9995400e+05   4.2236328e+01
   1.9998500e+05   5.6701660e+01
   2.0001800e+05   4.8522949e+01
   2.0004600e+05   5.1330566e+01
   2.0008400e+05   4.7424316e+01
   2.0010000e+05   6.4453125e+01
   2.0012800e+05   4.4067383e+01
   2.0015600e+05   5.8837891e+01
   2.0017900e+05   3.8696289e+01
   2.0021700e+05   4.1015625e+01
   2.0024800e+05   3.8085938e+01
   2.0034500e+05   5.1269531e+01
   2.0037100e+05   4.5410156e+01
   2.0048300e+05   4.3395996e+01
   2.0054500e+05   4.1137695e+01
   2.0058900e+05   3.8818359e+01
   2.0064300e+05   4.0405273e+01
   2.0066300e+05   4.6997070e+01
   2.0069600e+05   3.7841797e+01
   2.0086500e+05   3.9489746e+01
   2.0088900e+05   3.7536621e+01
   2.1137800e+05   3.9245605e+01
   2.2947000e+05   3.7902832e+01
   2.2949900e+05   3.8391113e+01
   2.2969300e+05   5.6274414e+01
   2.3069100e+05   4.2419434e+01
   2.3119600e+05   3.9978027e+01
   2.3128300e+05   3.8085938e+01
   2.3132000e+05   3.7597656e+01
   2.3157800e+05   4.0771484e+01
   2.3160700e+05   4.1992188e+01
   2.3175300e+05   4.5410156e+01
   2.3187100e+05   6.9274902e+01
   2.3189400e+05   5.5480957e+01
   2.3193400e+05   4.0710449e+01
   2.3204600e+05   4.4921875e+01
   2.3208100e+05   4.0466309e+01
   2.3212800e+05   4.2175293e+01
   2.3215500e+05   4.2785645e+01
   2.3226600e+05   3.7658691e+01
   2.3236000e+05   6.3720703e+01
   2.3266200e+05   4.3884277e+01
   2.3275600e+05   4.7485352e+01
   2.4281300e+05   3.7536621e+01
   2.4327800e+05   4.0283203e+01
   2.6603500e+05   3.9489746e+01
   2.8047300e+05   3.8696289e+01
   2.8526400e+05   3.9001465e+01
   3.0199100e+05   6.3049316e+01
   3.0202600e+05   6.0974121e+01
   3.0205700e+05   1.3177490e+02
   3.0208000e+05   1.4770508e+02
   3.0210500e+05   9.7961426e+01
   3.0213000e+05   1.1224365e+02
   3.0216500e+05   7.3364258e+01
   3.0218600e+05   6.6833496e+01
   3.0220200e+05   5.1391602e+01
   3.0221700e+05   5.6945801e+01
   3.0224300e+05   5.4626465e+01
   3.0226900e+05   1.0186768e+02
   3.0229100e+05   5.6091309e+01
   3.0230800e+05   6.2561035e+01
   3.0233200e+05   4.1687012e+01
   3.0234300e+05   5.1208496e+01
   3.0235800e+05   5.9265137e+01
   3.0237700e+05   6.2377930e+01
   3.0239800e+05   3.9062500e+01
   3.0242700e+05   5.7434082e+01
   3.0243700e+05   4.1137695e+01
   3.0271400e+05   4.3518066e+01
   3.0278500e+05   3.9306641e+01
   3.0282200e+05   4.3640137e+01
   3.0286300e+05   4.1198730e+01
   3.0302700e+05   3.9184570e+01
   3.0318500e+05   3.8696289e+01
   3.0375100e+05   4.0100098e+01
   3.0562800e+05   4.3395996e+01
   3.0885200e+05   4.0161133e+01
   3.1882100e+05   4.7180176e+01
   3.1891100e+05   4.0344238e+01
   3.1931100e+05   4.5593262e+01
   3.2968600e+05   4.2541504e+01
   3.3327100e+05   3.8208008e+01
   3.5278400e+05   4.5471191e+01
   3.6170100e+05   4.4433594e+01
   3.6173800e+05   4.3701172e+01
   3.6261300e+05   6.3659668e+01
   3.6278200e+05   4.1015625e+01
   3.6280600e+05   3.8940430e+01
   3.6283200e+05   4.5532227e+01
   3.6284400e+05   5.0598145e+01
   3.6287600e+05   5.1147461e+01
   3.6290100e+05   6.2927246e+01
   3.6291800e+05   8.7036133e+01
   3.6293700e+05   6.2500000e+01
   3.6295900e+05   8.9965820e+01
   3.6298700e+05   7.0129395e+01
   3.6299800e+05   1.1328125e+02
   3.6302300e+05   4.8828125e+01
   3.6303800e+05   4.2602539e+01
   3.6305900e+05   1.4697266e+02
   3.6309000e+05   8.0627441e+01
   3.6310800e+05   7.6721191e+01
   3.6311800e+05   7.3913574e+01
   3.6314100e+05   5.9631348e+01
   3.6317400e+05   6.6345215e+01
   3.6319400e+05   4.2602539e+01
   3.6321800e+05   4.3395996e+01
   3.6323800e+05   5.4443359e+01
   3.6326400e+05   4.1625977e+01
   3.6328500e+05   4.5288086e+01
   3.6329700e+05   5.3039551e+01
   3.6334100e+05   4.7973633e+01
   3.6335400e+05   3.8146973e+01
   3.6340000e+05   3.8513184e+01
   3.6348900e+05   3.9855957e+01
   3.6350800e+05   4.3823242e+01
   3.6354800e+05   4.3823242e+01
   3.6362200e+05   3.8452148e+01
   3.6385600e+05   3.7475586e+01
   3.6392700e+05   4.0344238e+01
   3.6400100e+05   3.8635254e+01
   3.6405800e+05   4.6386719e+01
   3.6532400e+05   4.7790527e+01
   3.7382800e+05   3.8696289e+01
   3.7399500e+05   3.8818359e+01
   3.7924300e+05   4.5532227e+01
   3.7936900e+05   3.8330078e+01
   4.3617600e+05   4.3457031e+01
   4.4362100e+05   3.7902832e+01
   4.4397900e+05   4.5227051e+01
   4.4399500e+05   5.0415039e+01
   4.4400800e+05   4.6691895e+01
   4.4403400e+05   4.4738770e+01
   4.4405400e+05   1.0455322e+02
   4.4408100e+05   7.2998047e+01
   4.4409900e+05   4.4067383e+01
   4.4411100e+05   8.4594727e+01
   4.4413800e+05   7.3242188e+01
   4.4416000e+05   7.6049805e+01
   4.4417300e+05   5.2307129e+01
   4.4419000e+05   1.4312744e+02
   4.4422700e+05   4.6081543e+01
   4.4424300e+05   1.2109375e+02
   4.4427200e+05   6.1889648e+01
   4.4430000e+05   7.7270508e+01
   4.4432000e+05   6.3476562e+01
   4.4434300e+05   6.5246582e+01
   4.4436900e+05   7.2998047e+01
   4.4438200e+05   7.5012207e+01
   4.4441000e+05   8.3862305e+01
   4.4445800e+05   6.5002441e+01
   4.4447500e+05   4.0039063e+01
   4.4450400e+05   5.4931641e+01
   4.4457800e+05   4.2724609e+01
   4.4498800e+05   3.9306641e+01
   4.4502400e+05   4.5898437e+01
   4.4517500e+05   4.0710449e+01
   4.4525800e+05   3.7536621e+01
   4.4608000e+05   3.7475586e+01
   4.4852600e+05   4.1625977e+01
   4.5989000e+05   4.3395996e+01
   4.6003700e+05   4.3334961e+01
   4.6067700e+05   4.0222168e+01
   4.6082900e+05   4.0100098e+01
   4.7474500e+05   4.0283203e+01
   4.7775700e+05   3.8269043e+01
   4.8366600e+05   3.9672852e+01
   4.9093200e+05   3.7963867e+01
   4.9273200e+05   4.0100098e+01
   4.9284500e+05   4.9987793e+01
   4.9287000e+05   5.6091309e+01
   4.9288900e+05   5.9265137e+01
   4.9292200e+05   6.9519043e+01
   4.9293200e+05   6.4025879e+01
   4.9295700e+05   1.2127686e+02
   4.9297900e+05   8.0017090e+01
   4.9299900e+05   4.8278809e+01
   4.9302000e+05   8.8317871e+01
   4.9305800e+05   7.7392578e+01
   4.9308700e+05   1.2493896e+02
   4.9310400e+05   5.4870605e+01
   4.9311700e+05   4.1992188e+01
   4.9314700e+05   5.9875488e+01
   4.9315900e+05   4.5532227e+01
   4.9318200e+05   6.2622070e+01
   4.9320200e+05   4.9194336e+01
   4.9322100e+05   4.8461914e+01
   4.9325300e+05   4.0161133e+01
   4.9326600e+05   5.2307129e+01
   4.9329800e+05   3.8757324e+01
   4.9334700e+05   7.5378418e+01
   4.9338200e+05   4.1015625e+01
   4.9339400e+05   3.7963867e+01
   4.9341100e+05   5.3894043e+01
   4.9345100e+05   4.9926758e+01
   4.9347800e+05   4.0649414e+01
   4.9368600e+05   5.0781250e+01
   4.9378300e+05   4.3945313e+01
   4.9409300e+05   3.7963867e+01
   4.9421800e+05   4.5288086e+01
   4.9447100e+05   3.8757324e+01
   5.0286000e+05   4.2724609e+01
   5.1698700e+05   3.9367676e+01
   5.3772500e+05   3.8513184e+01
   5.5381100e+05   4.4555664e+01
   5.5975500e+05   3.8940430e+01
   5.7467800e+05   3.7841797e+01
   5.7726300e+05   4.0039063e+01
   5.9153400e+05   3.9550781e+01
   5.9938400e+05   4.5227051e+01
   6.1974200e+05   3.9306641e+01
   6.1990600e+05   3.9001465e+01
   6.2308500e+05   3.8574219e+01
   6.4715500e+05   3.9306641e+01
   6.5128500e+05   4.4799805e+01
   6.5437800e+05   3.7536621e+01
   6.5771200e+05   3.8391113e+01
   6.5870600e+05   5.1513672e+01
   6.5953100e+05   4.4799805e+01
   6.5964600e+05   3.9062500e+01
   6.5983400e+05   4.4616699e+01
   6.5986900e+05   4.1564941e+01
   6.5990000e+05   5.5908203e+01
   6.5996500e+05   4.9560547e+01
   6.6001500e+05   6.5979004e+01
   6.6008600e+05   4.2846680e+01
   6.6012900e+05   4.9804688e+01
   6.6014300e+05   4.6386719e+01
   6.6022500e+05   3.8330078e+01
   6.6024600e+05   3.9489746e+01
   6.6026500e+05   4.2785645e+01
   6.6030700e+05   3.9184570e+01
   6.6033700e+05   3.9245605e+01
   6.6052200e+05   4.4555664e+01
   6.6082500e+05   4.2724609e+01
   6.6089900e+05   5.1269531e+01
   6.6160700e+05   4.4616699e+01
   6.7418600e+05   3.7780762e+01
   6.8139100e+05   3.9550781e+01
   6.8337400e+05   4.4189453e+01
   6.9032400e+05   4.3029785e+01
   7.0626200e+05   3.7963867e+01
   7.1025500e+05   4.1320801e+01
   7.1235200e+05   3.7597656e+01
   7.1679600e+05   3.7963867e+01
   7.2742600e+05   4.3457031e+01
   7.2905300e+05   3.7475586e+01
   7.3222200e+05   3.9550781e+01
   7.3312900e+05   3.8574219e+01
   7.3863800e+05   3.9001465e+01
   7.4016400e+05   5.9448242e+01
   7.4031900e+05   4.3334961e+01
   7.4083900e+05   3.9367676e+01
   7.4101000e+05   4.2053223e+01
   7.4156700e+05   3.8574219e+01
   7.4166500e+05   4.0893555e+01
   7.4178800e+05   3.7719727e+01
   7.4191400e+05   5.1025391e+01
   7.4194000e+05   3.9123535e+01
   7.4198800e+05   4.5532227e+01
   7.4214400e+05   3.8452148e+01
   7.4215500e+05   4.4128418e+01
   7.4230400e+05   4.6386719e+01
   7.4233200e+05   4.2663574e+01
   7.4239200e+05   5.2185059e+01
   7.4248800e+05   5.3588867e+01
   7.4250500e+05   4.7851562e+01
   7.4253800e+05   3.9001465e+01
   7.4270100e+05   4.6813965e+01
   7.4639300e+05   4.0100098e+01
   7.5366500e+05   4.6142578e+01
   7.5378000e+05   5.5419922e+01
   7.5380400e+05   4.4372559e+01
   7.5381800e+05   4.9255371e+01
   7.5383600e+05   1.0760498e+02
   7.5385600e+05   6.5734863e+01
   7.5387100e+05   7.0800781e+01
   7.5389200e+05   5.7067871e+01
   7.5390300e+05   4.2419434e+01
   7.5392500e+05   4.8156738e+01
   7.5395300e+05   1.1193848e+02
   7.5397500e+05   8.0688477e+01
   7.5400000e+05   6.5612793e+01
   7.5401700e+05   5.7006836e+01
   7.5403600e+05   1.1169434e+02
   7.5407200e+05   5.5358887e+01
   7.5408700e+05   7.4645996e+01
   7.5411300e+05   1.2170410e+02
   7.5413400e+05   4.4921875e+01
   7.5414400e+05   7.3059082e+01
   7.5417100e+05   6.5185547e+01
   7.5418500e+05   4.3151855e+01
   7.5420900e+05   4.1503906e+01
   7.5423900e+05   4.7241211e+01
   7.5426100e+05   5.1147461e+01
   7.5428300e+05   6.1523438e+01
   7.5429800e+05   4.2968750e+01
   7.5431100e+05   3.8208008e+01
   7.5437800e+05   4.5654297e+01
   7.5448200e+05   3.8879395e+01
   7.5462200e+05   4.1259766e+01
   7.5546000e+05   3.9733887e+01
   7.7726500e+05   3.7658691e+01
   7.8769300e+05   4.8339844e+01
   7.9044300e+05   4.3518066e+01
   7.9590600e+05   4.0161133e+01
   8.1728200e+05   4.0344238e+01
   8.1780500e+05   4.2358398e+01
   8.1788200e+05   3.9367676e+01
   8.2249100e+05   4.2602539e+01
   8.2990800e+05   4.2358398e+01
   8.3943100e+05   3.9733887e+01
   8.4197400e+05   3.7963867e+01
   8.4383300e+05   4.1381836e+01
   8.4445700e+05   3.7780762e+01
   8.4477300e+05   3.8940430e+01
   8.4489900e+05   5.1147461e+01
   8.4493200e+05   8.5205078e+01
   8.4498700e+05   4.5593262e+01
   8.4500300e+05   4.6630859e+01
   8.4502500e+05   4.1137695e+01
   8.4511800e+05   4.0954590e+01
   8.4522200e+05   4.4250488e+01
   8.4524100e+05   4.4921875e+01
   8.4526400e+05   4.9255371e+01
   8.4527500e+05   4.9072266e+01
   8.4544200e+05   4.1687012e+01
   8.4551000e+05   3.7841797e+01
   8.4552400e+05   5.1574707e+01
   8.4557000e+05   5.4138184e+01
   8.4563700e+05   4.6203613e+01
   8.4565500e+05   4.2968750e+01
   8.4569100e+05   4.2724609e+01
   8.4587400e+05   4.5471191e+01
   8.6278800e+05   6.3476562e+01
   8.6287100e+05   5.6274414e+01
   8.6399600e+05   4.1992188e+01
   8.6613500e+05   3.8574219e+01
   8.7118000e+05   4.4799805e+01
   8.8363700e+05   3.7780762e+01
   8.8766200e+05   4.1564941e+01
   8.8783200e+05   3.8574219e+01
   8.8845500e+05   4.9560547e+01
   8.8887500e+05   4.0588379e+01
   8.9807000e+05   4.1687012e+01
   8.9825500e+05   3.8513184e+01
   8.9831100e+05   3.8391113e+01
   8.9833500e+05   3.8085938e+01
   8.9838400e+05   5.0048828e+01
   8.9847700e+05   4.9987793e+01
   8.9849000e+05   6.7077637e+01
   8.9851100e+05   3.8208008e+01
   8.9862400e+05   3.8085938e+01
   8.9889900e+05   4.2785645e+01
   8.9896100e+05   4.0344238e+01
   8.9905900e+05   4.0100098e+01
   8.9908900e+05   3.8269043e+01
   8.9911900e+05   3.7536621e+01
   8.9916700e+05   3.8940430e+01
   8.9934900e+05   4.1931152e+01
   8.9942100e+05   3.9672852e+01
   8.9951100e+05   3.9978027e+01
   8.9953900e+05   6.1889648e+01
   8.9987800e+05   4.4433594e+01
   9.0071800e+05   3.8513184e+01
   9.0117900e+05   4.1076660e+01
   9.0341100e+05   3.9489746e+01
   9.0582500e+05   3.7780762e+01
   9.0739700e+05   4.1931152e+01
   9.0843400e+05   4.1809082e+01
   9.0888700e+05   3.7902832e+01
   9.1021600e+05   3.8146973e+01
   9.1117300e+05   4.3823242e+01
   9.1449800e+05   3.9001465e+01
   9.2048000e+05   3.8452148e+01
   9.2063300e+05   4.1015625e+01
   9.2586900e+05   4.7485352e+01
   9.3351500e+05   4.4189453e+01
   9.4407700e+05   4.2846680e+01
   9.4486300e+05   3.8452148e+01
   9.4495500e+05   4.5776367e+01
   9.4508600e+05   4.5410156e+01
   9.4511100e+05   4.1320801e+01
   9.4514400e+05   4.8339844e+01
   9.4524000e+05   4.6813965e+01
   9.4533700e+05   6.1279297e+01
   9.4537100e+05   6.1523438e+01
   9.4543000e+05   4.5104980e+01
   9.4545600e+05   3.7719727e+01
   9.4553700e+05   5.2673340e+01
   9.4555000e+05   4.2297363e+01
   9.4563800e+05   4.5593262e+01
   9.4571400e+05   4.7180176e+01
   9.4581900e+05   4.3090820e+01
   9.4583000e+05   4.2724609e+01
   9.4589200e+05   4.7302246e+01
   9.4610200e+05   3.8024902e+01
   9.4613000e+05   4.4921875e+01
   9.4632000e+05   4.4982910e+01
   9.5186800e+05   4.1931152e+01
   9.5332900e+05   4.5166016e+01
   9.5342200e+05   5.6762695e+01
   9.5344000e+05   4.2907715e+01
   9.5351000e+05   3.8452148e+01
   9.5377400e+05   5.4077148e+01
   9.6410000e+05   4.3823242e+01
   9.6411800e+05   3.7597656e+01
   9.6413900e+05   4.2785645e+01
   9.6418200e+05   1.0015869e+02
   9.6420400e+05   3.9001465e+01
   9.6423700e+05   6.1218262e+01
   9.6426200e+05   9.0820313e+01
   9.6429600e+05   1.2255859e+02
   9.6432400e+05   8.7890625e+01
   9.6435700e+05   6.3720703e+01
   9.6436900e+05   1.1230469e+02
   9.6439600e+05   4.3212891e+01
   9.6440800e+05   4.0344238e+01
   9.6442400e+05   5.2673340e+01
   9.6443400e+05   1.0729980e+02
   9.6445300e+05   8.7524414e+01
   9.6446400e+05   5.6579590e+01
   9.6447400e+05   4.5471191e+01
   9.6449000e+05   7.6538086e+01
   9.6452500e+05   7.0556641e+01
   9.6454400e+05   6.4086914e+01
   9.6456000e+05   5.9265137e+01
   9.6458100e+05   4.7851562e+01
   9.6460700e+05   3.8757324e+01
   9.6462200e+05   7.0922852e+01
   9.6466800e+05   9.0393066e+01
   9.6469500e+05   5.3588867e+01
   9.6472600e+05   8.9843750e+01
   9.6476000e+05   5.0292969e+01
   9.6486500e+05   5.3649902e+01
   9.6508200e+05   4.0649414e+01
   9.6591600e+05   3.7963867e+01
   9.6607500e+05   3.9428711e+01
   9.7261200e+05   3.9245605e+01
   9.7301200e+05   3.7597656e+01
   9.7358900e+05   4.5776367e+01
   9.7452000e+05   3.9001465e+01
   9.7533700e+05   4.0771484e+01
   9.7549300e+05   3.7719727e+01
   9.7661500e+05   3.8146973e+01
   9.7752300e+05   4.4494629e+01
   9.7758600e+05   5.1086426e+01
   9.7763900e+05   5.2917480e+01
   9.7765400e+05   3.8513184e+01
   9.7775300e+05   4.1442871e+01
   9.7781900e+05   3.8024902e+01
   9.7784300e+05   4.9499512e+01
   9.7793100e+05   4.3579102e+01
   9.7802400e+05   4.0893555e+01
   9.7805400e+05   6.1584473e+01
   9.7816900e+05   3.7536621e+01
   9.7820000e+05   3.9550781e+01
   9.7824600e+05   4.8645020e+01
   9.7838200e+05   3.8757324e+01
   9.7863300e+05   4.0405273e+01
   9.7902700e+05   3.9978027e+01
   9.8429500e+05   4.4250488e+01
   9.8583600e+05   3.9306641e+01
   9.8667500e+05   3.7902832e+01
   9.8851300e+05   5.0109863e+01
   9.8962200e+05   4.0710449e+01
   9.8996400e+05   3.8024902e+01
   9.9083700e+05   3.7963867e+01
   9.9098300e+05   3.7902832e+01
   9.9121600e+05   4.3762207e+01
   9.9132300e+05   6.4331055e+01
   9.9143800e+05   3.9978027e+01
   9.9148600e+05   4.0161133e+01
   9.9162700e+05   5.3710938e+01
   9.9166100e+05   5.2551270e+01
   9.9169400e+05   3.7597656e+01
   9.9172900e+05   4.1442871e+01
   9.9176100e+05   4.0344238e+01
   9.9180100e+05   3.8452148e+01
   9.9182000e+05   4.1870117e+01
   9.9190500e+05   4.8950195e+01
   9.9244700e+05   4.1442871e+01
   9.9248600e+05   4.8034668e+01
   9.9254000e+05   5.6152344e+01
   9.9313300e+05   4.1992188e+01
   9.9317000e+05   5.6884766e+01
   9.9322100e+05   7.0129395e+01
   9.9325100e+05   3.9550781e+01
   9.9797200e+05   3.8574219e+01
   9.9799900e+05   4.1015625e+01
   1.0010760e+06   4.4311523e+01
   1.0030770e+06   4.1076660e+01
   1.0042330e+06   4.0954590e+01
   1.0054000e+06   3.7658691e+01
   1.0054780e+06   4.8400879e+01
   1.0083100e+06   4.0161133e+01
   1.0083350e+06   4.7668457e+01
   1.0083790e+06   4.1564941e+01
   1.0084000e+06   3.9123535e+01
   1.0084470e+06   4.9743652e+01
   1.0084630e+06   4.4128418e+01
   1.0085150e+06   5.3771973e+01
   1.0087460e+06   3.7658691e+01
   1.0087680e+06   4.5043945e+01
   1.0088240e+06   4.4982910e+01
   1.0088780e+06   4.5043945e+01
   1.0094310e+06   4.2663574e+01
   1.0097160e+06   3.8208008e+01
   1.0097420e+06   4.2114258e+01
   1.0099850e+06   3.8696289e+01
   1.0102450e+06   3.9428711e+01
   1.0102810e+06   4.2114258e+01
   1.0103340e+06   4.8583984e+01
   1.0107840e+06   4.6203613e+01
   1.0224870e+06   4.3701172e+01
   1.0261210e+06   4.0039062e+01
   1.0261580e+06   5.3527832e+01
   1.0262100e+06   4.5715332e+01
   1.0280700e+06   4.0283203e+01
   1.0379830e+06   4.1931152e+01
   1.0408360e+06   3.9550781e+01
   1.0436810e+06   4.5715332e+01
   1.0437940e+06   3.9001465e+01
   1.0438480e+06   4.5959473e+01
   1.0444990e+06   3.9855957e+01
   1.0445310e+06   4.1687012e+01
   1.0445730e+06   4.7912598e+01
   1.0450550e+06   4.6386719e+01
   1.0451120e+06   5.3649902e+01
   1.0454300e+06   4.8034668e+01
   1.0454560e+06   3.8757324e+01
   1.0454930e+06   4.4921875e+01
   1.0455670e+06   4.4921875e+01
   1.0456580e+06   3.9489746e+01
   1.0458140e+06   4.4494629e+01
   1.0458270e+06   4.1015625e+01
   1.0459990e+06   3.7963867e+01
   1.0461920e+06   3.8330078e+01
   1.0462360e+06   3.8635254e+01
   1.0464790e+06   4.1809082e+01
   1.0483780e+06   4.3579102e+01
   1.0646320e+06   3.9367676e+01
   1.0654040e+06   3.7841797e+01
   1.0672710e+06   4.2663574e+01
   1.0706970e+06   3.9550781e+01
   1.0738690e+06   3.8330078e+01
   1.0796810e+06   3.9794922e+01
   1.0820390e+06   3.8818359e+01
   1.0912680e+06   3.8757324e+01
   1.0923950e+06   4.3884277e+01
   1.0993410e+06   4.1076660e+01
   1.1031620e+06   4.2175293e+01
   1.1072320e+06   3.7536621e+01
   1.1108270e+06   3.9062500e+01
   1.1151650e+06   3.8879395e+01
   1.1160880e+06   4.3762207e+01
   1.1174330e+06   4.9743652e+01
   1.1174430e+06   4.2724609e+01
   1.1174690e+06   4.3151855e+01
   1.1175110e+06   4.5410156e+01
   1.1175660e+06   4.6081543e+01
   1.1175760e+06   4.6081543e+01
   1.1176060e+06   3.7536621e+01
   1.1176290e+06   4.4860840e+01
   1.1176660e+06   3.9123535e+01
   1.1177360e+06   4.3762207e+01
   1.1177660e+06   4.0222168e+01
   1.1178110e+06   4.5776367e+01
   1.1179800e+06   5.2673340e+01
   1.1179900e+06   4.6936035e+01
   1.1180610e+06   3.9733887e+01
   1.1181310e+06   4.8950195e+01
   1.1181490e+06   4.0649414e+01
   1.1181910e+06   4.5593262e+01
   1.1183600e+06   3.8513184e+01
   1.1184720e+06   4.1625977e+01
   1.1190780e+06   3.8452148e+01
   1.1214200e+06   3.7780762e+01
   1.1350410e+06   4.0954590e+01
   1.1435270e+06   4.2358398e+01
   1.1474940e+06   5.2551270e+01
   1.1537690e+06   3.9123535e+01
   1.1544860e+06   4.6020508e+01
   1.1554310e+06   3.7902832e+01
   1.1580230e+06   5.1818848e+01
   1.1608680e+06   4.1625977e+01
   1.1617380e+06   4.0100098e+01
   1.1619080e+06   3.7536621e+01
   1.1655040e+06   3.8330078e+01
   1.1705490e+06   5.0292969e+01
   1.1733870e+06   4.0832520e+01
   1.1737570e+06   3.8085938e+01
   1.1777430e+06   4.6264648e+01
   1.1862690e+06   4.1748047e+01
   1.1865910e+06   4.0893555e+01
   1.1905390e+06   3.9978027e+01
   1.1905680e+06   4.3212891e+01
   1.1906230e+06   4.2419434e+01
   1.1906880e+06   4.4677734e+01
   1.1907470e+06   3.8574219e+01
   1.1909480e+06   6.3415527e+01
   1.1913460e+06   4.9499512e+01
   1.1914530e+06   4.2602539e+01
   1.1914980e+06   5.0964355e+01
   1.1915330e+06   4.0649414e+01
   1.1915450e+06   4.5410156e+01
   1.1917710e+06   5.1574707e+01
   1.1920280e+06   4.6447754e+01
   1.1974690e+06   3.8391113e+01
   1.2011840e+06   4.0039062e+01
   1.2097910e+06   4.0588379e+01
   1.2098510e+06   4.3945312e+01
   1.2145590e+06   4.1442871e+01
   1.2259970e+06   3.8696289e+01
   1.2264850e+06   4.8339844e+01
   1.2299220e+06   3.7536621e+01
   1.2411940e+06   3.9672852e+01
   1.2422240e+06   4.2236328e+01
   1.2427580e+06   4.5959473e+01
   1.2439040e+06   3.7597656e+01
   1.2496380e+06   3.8085938e+01
   1.2521990e+06   3.9062500e+01
   1.2523540e+06   6.5124512e+01
   1.2524340e+06   4.0283203e+01
   1.2525360e+06   4.0039062e+01
   1.2528460e+06   4.5898438e+01
   1.2528630e+06   7.4035645e+01
   1.2528780e+06   5.2856445e+01
   1.2529330e+06   3.8696289e+01
   1.2530100e+06   4.4250488e+01
   1.2530500e+06   4.5593262e+01
   1.2531660e+06   3.8452148e+01
   1.2532450e+06   3.7963867e+01
   1.2533860e+06   3.7719727e+01
   1.2537310e+06   3.9123535e+01
   1.2538180e+06   3.9123535e+01
   1.2554340e+06   3.8757324e+01
   1.2586790e+06   3.7780762e+01
   1.2625010e+06   3.9611816e+01
   1.2642090e+06   3.8024902e+01
   1.2679730e+06   4.0771484e+01
   1.2683860e+06   4.2907715e+01
   1.2767960e+06   3.9672852e+01
   1.2772310e+06   4.1687012e+01
   1.2831020e+06   3.7902832e+01
   1.2854520e+06   3.9245605e+01
   1.2863960e+06   4.9438477e+01
   1.2870490e+06   4.2297363e+01
   1.2904870e+06   3.8024902e+01
   1.2912760e+06   4.1931152e+01
   1.2950350e+06   4.7241211e+01
   1.2997930e+06   4.0344238e+01
   1.2999360e+06   4.4738770e+01
   1.3008380e+06   3.8330078e+01
   1.3009790e+06   3.7597656e+01
   1.3067260e+06   4.1809082e+01
   1.3078220e+06   4.0100098e+01
   1.3133420e+06   4.3457031e+01
   1.3148530e+06   3.7841797e+01
   1.3154610e+06   3.8574219e+01
   1.3159310e+06   4.7851562e+01
   1.3165860e+06   4.8034668e+01
   1.3168000e+06   4.6752930e+01
   1.3170320e+06   3.9794922e+01
   1.3170490e+06   4.7790527e+01
   1.3171140e+06   3.9001465e+01
   1.3171860e+06   3.7536621e+01
   1.3173220e+06   4.0466309e+01
   1.3173940e+06   4.1198730e+01
   1.3175040e+06   4.8156738e+01
   1.3214750e+06   4.7180176e+01
   1.3220700e+06   4.9072266e+01
   1.3220950e+06   3.8513184e+01
   1.3261660e+06   4.4921875e+01
   1.3402620e+06   3.8696289e+01
   1.3438000e+06   4.1625977e+01
   1.3443810e+06   3.7536621e+01
   1.3444030e+06   4.0710449e+01
   1.3444700e+06   5.1574707e+01
   1.3444980e+06   5.5419922e+01
   1.3445120e+06   4.4067383e+01
   1.3445320e+06   4.8034668e+01
   1.3445550e+06   4.9255371e+01
   1.3445680e+06   6.8176270e+01
   1.3445780e+06   8.2397461e+01
   1.3446040e+06   8.0261230e+01
   1.3446400e+06   5.8654785e+01
   1.3446510e+06   6.6589355e+01
   1.3446630e+06   6.9396973e+01
   1.3446860e+06   6.7810059e+01
   1.3446970e+06   3.8452148e+01
   1.3447170e+06   6.1157227e+01
   1.3447440e+06   7.7575684e+01
   1.3447720e+06   4.1381836e+01
   1.3447880e+06   5.0109863e+01
   1.3448030e+06   6.3354492e+01
   1.3448240e+06   4.6508789e+01
   1.3448430e+06   6.3415527e+01
   1.3448740e+06   4.9987793e+01
   1.3448850e+06   4.0832520e+01
   1.3448960e+06   4.5104980e+01
   1.3449540e+06   4.2541504e+01
   1.3449650e+06   7.5073242e+01
   1.3449990e+06   5.8715820e+01
   1.3452280e+06   3.8269043e+01
   1.3452570e+06   5.3100586e+01
   1.3455550e+06   4.1931152e+01
   1.3456220e+06   4.9621582e+01
   1.3463410e+06   4.0039062e+01
   1.3467890e+06   4.0832520e+01
   1.3469020e+06   4.0222168e+01
   1.3521890e+06   5.1269531e+01
   1.3544260e+06   3.7902832e+01
   1.3565530e+06   4.3273926e+01
   1.3567140e+06   3.9916992e+01
   1.3671350e+06   3.7841797e+01
   1.3671850e+06   4.3945312e+01
   1.3855180e+06   4.2236328e+01
   1.4034190e+06   4.6875000e+01
   1.4109370e+06   4.1137695e+01
   1.4173370e+06   3.8574219e+01
   1.4239760e+06   3.9367676e+01
   1.4299150e+06   4.3823242e+01
   1.4332870e+06   3.7719727e+01
   1.4580040e+06   4.1015625e+01
   1.4597280e+06   3.9978027e+01
   1.4644330e+06   4.0527344e+01
   1.4645060e+06   3.7963867e+01
   1.4645290e+06   5.7617188e+01
   1.4645400e+06   6.1828613e+01
   1.4645700e+06   7.3486328e+01
   1.4646020e+06   1.0455322e+02
   1.4646120e+06   1.0156250e+02
   1.4646360e+06   7.6110840e+01
   1.4646570e+06   1.2988281e+02
   1.4646750e+06   5.8349609e+01
   1.4646970e+06   1.1871338e+02
   1.4647140e+06   6.2805176e+01
   1.4647240e+06   1.6070557e+02
   1.4647570e+06   5.8837891e+01
   1.4647710e+06   4.3334961e+01
   1.4647850e+06   8.4289551e+01
   1.4648030e+06   7.5134277e+01
   1.4648340e+06   6.3842773e+01
   1.4648560e+06   5.5541992e+01
   1.4648790e+06   4.8217773e+01
   1.4648980e+06   7.8857422e+01
   1.4649190e+06   5.0659180e+01
   1.4649490e+06   5.0781250e+01
   1.4649800e+06   5.0476074e+01
   1.4650040e+06   4.8522949e+01
   1.4650450e+06   4.1137695e+01
   1.4651670e+06   3.7475586e+01
   1.4652730e+06   3.9123535e+01
   1.4653250e+06   4.4982910e+01
   1.4663040e+06   3.7841797e+01
   1.4664920e+06   4.4006348e+01
   1.4669310e+06   3.7475586e+01
   1.4675470e+06   3.8330078e+01
   1.4750100e+06   4.6569824e+01
   1.4812220e+06   4.1076660e+01
   1.4895990e+06   4.2297363e+01
   1.5024080e+06   3.8085938e+01
   1.5052260e+06   3.9062500e+01
   1.5128110e+06   3.7780762e+01
   1.5230240e+06   4.3579102e+01
   1.5245990e+06   4.3945312e+01
   1.5426050e+06   4.0649414e+01
   1.5426320e+06   4.1809082e+01
   1.5426660e+06   4.3395996e+01
   1.5426940e+06   6.0485840e+01
   1.5427090e+06   6.2011719e+01
   1.5427220e+06   5.4565430e+01
   1.5427360e+06   4.8217773e+01
   1.5427570e+06   4.4921875e+01
   1.5427810e+06   1.2951660e+02
   1.5428120e+06   9.8266602e+01
   1.5428290e+06   1.1267090e+02
   1.5428540e+06   8.4899902e+01
   1.5428870e+06   8.5449219e+01
   1.5429100e+06   8.6486816e+01
   1.5429450e+06   5.2001953e+01
   1.5429610e+06   8.0200195e+01
   1.5430070e+06   9.3994141e+01
   1.5430260e+06   4.7973633e+01
   1.5430420e+06   6.6467285e+01
   1.5430740e+06   5.9936523e+01
   1.5431020e+06   4.2846680e+01
   1.5431230e+06   8.1665039e+01
   1.5431490e+06   4.5837402e+01
   1.5431940e+06   6.4025879e+01
   1.5432530e+06   4.3579102e+01
   1.5434080e+06   4.5043945e+01
   1.5435770e+06   4.1809082e+01
   1.5437290e+06   4.0649414e+01
   1.5437540e+06   4.1564941e+01
   1.5438980e+06   3.9978027e+01
   1.5447150e+06   3.7658691e+01
   1.5449190e+06   4.3395996e+01
   1.5451950e+06   3.9672852e+01
   1.5461050e+06   3.8024902e+01
   1.5476570e+06   3.8513184e+01
   1.5574300e+06   3.9550781e+01
   1.5593060e+06   3.9978027e+01
   1.5593380e+06   4.5593262e+01
   1.5594390e+06   4.8522949e+01
   1.5594660e+06   4.2358398e+01
   1.5594780e+06   4.1809082e+01
   1.5594910e+06   1.0211182e+02
   1.5595060e+06   6.4453125e+01
   1.5595280e+06   1.1352539e+02
   1.5595490e+06   4.4250488e+01
   1.5595660e+06   1.2792969e+02
   1.5595890e+06   6.6162109e+01
   1.5596240e+06   1.1761475e+02
   1.5596380e+06   3.8879395e+01
   1.5596710e+06   5.6884766e+01
   1.5596920e+06   5.1330566e+01
   1.5597080e+06   6.5490723e+01
   1.5597340e+06   5.0354004e+01
   1.5597550e+06   8.0078125e+01
   1.5597760e+06   4.9926758e+01
   1.5597930e+06   4.4372559e+01
   1.5598090e+06   4.5471191e+01
   1.5598240e+06   7.2814941e+01
   1.5598670e+06   5.0354004e+01
   1.5598890e+06   4.2236328e+01
   1.5598990e+06   7.9345703e+01
   1.5599550e+06   6.2377930e+01
   1.5599650e+06   4.4799805e+01
   1.5600080e+06   4.0100098e+01
   1.5600310e+06   3.9489746e+01
   1.5600720e+06   4.4799805e+01
   1.5601340e+06   4.5532227e+01
   1.5603980e+06   4.0649414e+01
   1.5604860e+06   4.1015625e+01
   1.5606440e+06   3.8146973e+01
   1.5608470e+06   4.6386719e+01
   1.5608810e+06   3.8330078e+01
   1.5609730e+06   4.2785645e+01
   1.5615870e+06   3.7475586e+01
   1.5618010e+06   4.2419434e+01
   1.5633560e+06   3.8024902e+01
   1.5643440e+06   3.9611816e+01
   1.5679040e+06   4.3151855e+01
   1.5691720e+06   3.9794922e+01
   1.5692160e+06   3.8024902e+01
   1.5903660e+06   4.1076660e+01
   1.5921700e+06   4.2724609e+01
   1.5976170e+06   3.9611816e+01
   1.6036490e+06   4.6813965e+01
   1.6279060e+06   4.4677734e+01
   1.6302760e+06   4.2663574e+01
   1.6344420e+06   3.9245605e+01
   1.6399610e+06   4.2053223e+01
   1.6434510e+06   3.7841797e+01
   1.6587150e+06   3.8635254e+01
   1.6587490e+06   5.6884766e+01
   1.6587790e+06   8.9721680e+01
   1.6587960e+06   8.5327148e+01
   1.6588170e+06   1.2524414e+02
   1.6588320e+06   6.9519043e+01
   1.6588460e+06   5.1574707e+01
   1.6588650e+06   1.0644531e+02
   1.6588790e+06   7.2692871e+01
   1.6588910e+06   6.7443848e+01
   1.6589090e+06   9.8388672e+01
   1.6589370e+06   7.7758789e+01
   1.6589480e+06   8.2275391e+01
   1.6589650e+06   9.8937988e+01
   1.6589930e+06   7.0190430e+01
   1.6590110e+06   6.7932129e+01
   1.6590420e+06   5.4565430e+01
   1.6590740e+06   5.0598145e+01
   1.6590980e+06   6.8420410e+01
   1.6591190e+06   5.4809570e+01
   1.6591290e+06   5.1879883e+01
   1.6591510e+06   4.5288086e+01
   1.6591880e+06   4.0283203e+01
   1.6592360e+06   4.6203613e+01
   1.6593890e+06   3.9550781e+01
   1.6595650e+06   4.0466309e+01
   1.6599730e+06   4.1992188e+01
   1.6604160e+06   4.4128418e+01
   1.6608610e+06   3.9001465e+01
   1.6654330e+06   3.8269043e+01
   1.6704220e+06   3.7597656e+01
   1.6720430e+06   3.7658691e+01
   1.6872460e+06   3.9123535e+01
   1.7034150e+06   3.9367676e+01
   1.7119660e+06   3.8757324e+01
   1.7183380e+06   3.9978027e+01
   1.7218360e+06   3.7780762e+01
   1.7388580e+06   4.1381836e+01
   1.7390280e+06   7.3669434e+01
   1.7390480e+06   3.7719727e+01
   1.7391080e+06   4.7485352e+01
   1.7393080e+06   4.7485352e+01
   1.7393420e+06   4.6813965e+01
   1.7394360e+06   3.9306641e+01
   1.7396370e+06   4.1931152e+01
   1.7397360e+06   4.8278809e+01
   1.7398980e+06   5.2062988e+01
   1.7399840e+06   4.3273926e+01
   1.7429640e+06   3.8391113e+01
   1.7489210e+06   4.0832520e+01
   1.7717410e+06   3.8330078e+01
   1.7938950e+06   4.0344238e+01
   1.7999340e+06   3.8085938e+01
   1.8126490e+06   3.9306641e+01
   1.8135740e+06   3.8269043e+01
   1.8294790e+06   3.8024902e+01
   1.8369480e+06   3.8146973e+01
   1.8383980e+06   4.2114258e+01
   1.8630590e+06   4.4982910e+01
   1.8637490e+06   3.9489746e+01
   1.8749040e+06   4.4311523e+01
   1.8749190e+06   3.7963867e+01
   1.8828360e+06   4.2480469e+01
   1.8830040e+06   4.0039062e+01
   1.8830510e+06   5.6274414e+01
   1.8830750e+06   4.9987793e+01
   1.8831060e+06   4.6569824e+01
   1.8831290e+06   8.7707520e+01
   1.8831570e+06   5.3833008e+01
   1.8831820e+06   9.3017578e+01
   1.8831920e+06   8.1359863e+01
   1.8832070e+06   6.4270020e+01
   1.8832370e+06   6.4758301e+01
   1.8832490e+06   9.6984863e+01
   1.8832830e+06   7.3486328e+01
   1.8833110e+06   6.5856934e+01
   1.8833240e+06   5.5603027e+01
   1.8833410e+06   8.8623047e+01
   1.8833580e+06   6.5002441e+01
   1.8833920e+06   8.5876465e+01
   1.8834230e+06   7.0129395e+01
   1.8834430e+06   5.9570312e+01
   1.8834730e+06   5.3833008e+01
   1.8834930e+06   6.9458008e+01
   1.8835080e+06   5.2978516e+01
   1.8835310e+06   4.2602539e+01
   1.8835460e+06   5.8837891e+01
   1.8837980e+06   3.8757324e+01
   1.8839500e+06   4.1503906e+01
   1.8840150e+06   3.7475586e+01
   1.8863970e+06   3.9428711e+01
   1.8989350e+06   3.9184570e+01
   1.9069240e+06   3.7963867e+01
   1.9074140e+06   5.2001953e+01
   1.9193600e+06   3.9672852e+01
   1.9220750e+06   4.1809082e+01
   1.9226340e+06   4.2907715e+01
   1.9246380e+06   3.9367676e+01
   1.9264470e+06   3.9672852e+01
   1.9363270e+06   3.7719727e+01
   1.9447860e+06   3.9001465e+01
   1.9450140e+06   4.8278809e+01
   1.9475480e+06   4.6447754e+01
   1.9481670e+06   4.7119141e+01
   1.9490180e+06   4.2785645e+01
   1.9709580e+06   3.9550781e+01
   1.9876570e+06   4.5288086e+01
   1.9883190e+06   4.5104980e+01
   1.9884520e+06   5.5358887e+01
   1.9895700e+06   3.9184570e+01
   2.0048970e+06   3.8452148e+01
   2.0097050e+06   4.3640137e+01
   2.0210830e+06   4.0954590e+01
   2.0233640e+06   4.6447754e+01
   2.0340980e+06   4.0710449e+01
   2.0351330e+06   3.9306641e+01
   2.0351550e+06   4.8706055e+01
   2.0351770e+06   7.3242188e+01
   2.0351940e+06   5.8227539e+01
   2.0352170e+06   5.3649902e+01
   2.0352280e+06   9.6679688e+01
   2.0352650e+06   6.2683105e+01
   2.0352960e+06   6.6101074e+01
   2.0353100e+06   9.4421387e+01
   2.0353360e+06   7.6660156e+01
   2.0353510e+06   7.2204590e+01
   2.0353730e+06   7.9956055e+01
   2.0353970e+06   1.1010742e+02
   2.0354270e+06   5.4382324e+01
   2.0354470e+06   3.9855957e+01
   2.0354590e+06   5.6335449e+01
   2.0354800e+06   3.8940430e+01
   2.0355070e+06   7.5256348e+01
   2.0355240e+06   7.4340820e+01
   2.0355530e+06   4.4189453e+01
   2.0355670e+06   5.5236816e+01
   2.0355990e+06   5.0720215e+01
   2.0356110e+06   5.7617187e+01
   2.0356440e+06   3.7963867e+01
   2.0357370e+06   4.0222168e+01
   2.0358690e+06   3.9001465e+01
   2.0360700e+06   3.9245605e+01
   2.0381450e+06   4.1809082e+01
   2.0389430e+06   3.9123535e+01
   2.0551130e+06   3.8085938e+01
   2.0708120e+06   4.0344238e+01
   2.0904100e+06   3.9489746e+01
   2.0904540e+06   4.3518066e+01
   2.0904970e+06   4.2358398e+01
   2.0905170e+06   9.9487305e+01
   2.0905420e+06   1.1059570e+02
   2.0905730e+06   7.7148438e+01
   2.0905900e+06   4.5043945e+01
   2.0906180e+06   1.1547852e+02
   2.0906400e+06   6.9519043e+01
   2.0906700e+06   1.7797852e+02
   2.0907020e+06   4.3945313e+01
   2.0907170e+06   4.1748047e+01
   2.0907270e+06   1.1627197e+02
   2.0907520e+06   6.6589355e+01
   2.0907660e+06   6.2561035e+01
   2.0907810e+06   7.8063965e+01
   2.0908110e+06   4.8889160e+01
   2.0908220e+06   5.2429199e+01
   2.0908400e+06   6.6467285e+01
   2.0908570e+06   4.9316406e+01
   2.0908830e+06   3.8269043e+01
   2.0908930e+06   4.6142578e+01
   2.0909150e+06   5.5358887e+01
   2.0909560e+06   3.8024902e+01
   2.0909730e+06   5.9082031e+01
   2.0910140e+06   5.3527832e+01
   2.0910690e+06   5.3833008e+01
   2.0911320e+06   3.7658691e+01
   2.0913380e+06   3.9367676e+01
   2.0914360e+06   4.0832520e+01
   2.0915370e+06   4.2907715e+01
   2.0916620e+06   4.5104980e+01
   2.0923990e+06   3.7475586e+01
   2.0932070e+06   3.8269043e+01
   2.1202650e+06   3.8024902e+01
   2.1205530e+06   3.9489746e+01
   2.1213270e+06   3.9245605e+01
   2.1347730e+06   4.3701172e+01
   2.1404470e+06   4.5410156e+01
   2.1455890e+06   3.9123535e+01
   2.1572970e+06   4.1381836e+01
   2.1573070e+06   3.9855957e+01
   2.1573720e+06   3.8330078e+01
   2.1574480e+06   4.1687012e+01
   2.1574640e+06   5.2124023e+01
   2.1575140e+06   4.4189453e+01
   2.1576170e+06   4.8400879e+01
   2.1576540e+06   1.0748291e+02
   2.1576670e+06   1.3079834e+02
   2.1577020e+06   3.7963867e+01
   2.1577180e+06   6.0302734e+01
   2.1577500e+06   4.9011230e+01
   2.1578000e+06   4.0893555e+01
   2.1578310e+06   4.6386719e+01
   2.1578660e+06   4.8339844e+01
   2.1578970e+06   7.8430176e+01
   2.1579140e+06   7.0983887e+01
   2.1579420e+06   6.1767578e+01
   2.1579800e+06   3.7841797e+01
   2.1580310e+06   6.3354492e+01
   2.1580430e+06   5.0170898e+01
   2.1580670e+06   5.2551270e+01
   2.1581060e+06   5.2185059e+01
   2.1581480e+06   4.0527344e+01
   2.1581730e+06   4.6264648e+01
   2.1582040e+06   6.0974121e+01
   2.1582280e+06   5.1879883e+01
   2.1582950e+06   6.5734863e+01
   2.1584240e+06   7.0800781e+01
   2.1585170e+06   4.6264648e+01
   2.1586100e+06   4.4677734e+01
   2.1587310e+06   3.8879395e+01
   2.1838720e+06   3.8452148e+01
   2.2075100e+06   3.8452148e+01
   2.2238690e+06   4.0222168e+01
   2.2285480e+06   3.9733887e+01
   2.2437120e+06   3.8024902e+01
   2.2437710e+06   4.3151855e+01
   2.2439310e+06   4.2175293e+01
   2.2439750e+06   4.6264648e+01
   2.2439930e+06   5.2429199e+01
   2.2441450e+06   4.3212891e+01
   2.2441990e+06   3.9550781e+01
   2.2442140e+06   4.7180176e+01
   2.2442830e+06   3.7597656e+01
   2.2442930e+06   4.5227051e+01
   2.2443270e+06   5.8776855e+01
   2.2443720e+06   4.1259766e+01
   2.2443910e+06   5.1940918e+01
   2.2444550e+06   6.7016602e+01
   2.2444820e+06   4.0954590e+01
   2.2445520e+06   4.7241211e+01
   2.2446600e+06   3.9489746e+01
   2.2446750e+06   6.7016602e+01
   2.2446980e+06   4.7241211e+01
   2.2447600e+06   3.7902832e+01
   2.2447950e+06   4.0283203e+01
   2.2448520e+06   3.9978027e+01
   2.2461470e+06   4.5410156e+01
   2.2562160e+06   3.8024902e+01
   2.2658370e+06   4.3457031e+01
   2.2658920e+06   4.2114258e+01
   2.2659100e+06   3.8391113e+01
   2.2659440e+06   5.9448242e+01
   2.2659660e+06   7.3608398e+01
   2.2659810e+06   6.7687988e+01
   2.2660140e+06   1.0296631e+02
   2.2660300e+06   9.1674805e+01
   2.2660470e+06   4.2419434e+01
   2.2660640e+06   4.3640137e+01
   2.2660790e+06   4.6508789e+01
   2.2661000e+06   5.2551270e+01
   2.2661330e+06   5.4748535e+01
   2.2661500e+06   9.3994141e+01
   2.2661860e+06   8.2702637e+01
   2.2662010e+06   6.2194824e+01
   2.2662270e+06   7.9223633e+01
   2.2662440e+06   9.3933105e+01
   2.2662780e+06   8.0810547e+01
   2.2662960e+06   9.7351074e+01
   2.2663470e+06   5.0842285e+01
   2.2663580e+06   5.9936523e+01
   2.2663890e+06   3.8696289e+01
   2.2664030e+06   6.7443848e+01
   2.2664790e+06   6.7504883e+01
   2.2665710e+06   5.0659180e+01
   2.2666770e+06   5.0170898e+01
   2.2668480e+06   4.7790527e+01
   2.2668850e+06   3.9794922e+01
   2.2670610e+06   3.8391113e+01
   2.2670970e+06   4.2785645e+01
   2.2737880e+06   4.6936035e+01
   2.2739470e+06   4.0527344e+01
   2.2936860e+06   3.9611816e+01
   2.2939110e+06   4.3884277e+01
   2.3021320e+06   3.8208008e+01
   2.3026150e+06   3.8085938e+01
   2.3096060e+06   3.7780762e+01
   2.3440260e+06   3.7902832e+01
   2.3440830e+06   4.3151855e+01
   2.3548920e+06   4.2846680e+01
   2.3549730e+06   3.8818359e+01
   2.3549910e+06   3.7841797e+01
   2.3550380e+06   3.8208008e+01
   2.3550890e+06   4.1625977e+01
   2.3551220e+06   5.8471680e+01
   2.3551430e+06   3.8269043e+01
   2.3551550e+06   5.5847168e+01
   2.3552020e+06   4.7912598e+01
   2.3552290e+06   4.7912598e+01
   2.3552910e+06   3.8146973e+01
   2.3553120e+06   4.3518066e+01
   2.3553230e+06   3.7658691e+01
   2.3553530e+06   5.4443359e+01
   2.3553850e+06   5.6274414e+01
   2.3554230e+06   4.0893555e+01
   2.3554870e+06   4.2236328e+01
   2.3555360e+06   3.7475586e+01
   2.3555640e+06   4.9804688e+01
   2.3557640e+06   4.0100098e+01
   2.3557800e+06   4.7546387e+01
   2.3558040e+06   4.5959473e+01
   2.3559550e+06   4.6020508e+01
   2.3561640e+06   6.0668945e+01
   2.3796860e+06   3.8085938e+01
   2.4025300e+06   5.4626465e+01
   2.4025410e+06   3.7719727e+01
   2.4025940e+06   3.8940430e+01
   2.4026150e+06   6.1279297e+01
   2.4026460e+06   5.2673340e+01
   2.4026600e+06   6.1767578e+01
   2.4027000e+06   8.0871582e+01
   2.4027160e+06   5.5480957e+01
   2.4027390e+06   4.0588379e+01
   2.4027510e+06   5.7250977e+01
   2.4027870e+06   4.9438477e+01
   2.4027970e+06   4.0466309e+01
   2.4028330e+06   5.2185059e+01
   2.4028480e+06   1.0845947e+02
   2.4028650e+06   4.0100098e+01
   2.4028830e+06   6.5246582e+01
   2.4029060e+06   1.2445068e+02
   2.4029170e+06   6.0119629e+01
   2.4029370e+06   6.1157227e+01
   2.4029670e+06   6.4575195e+01
   2.4029950e+06   1.4904785e+02
   2.4030160e+06   4.2053223e+01
   2.4030270e+06   3.8940430e+01
   2.4030560e+06   1.2457275e+02
   2.4030720e+06   4.2175293e+01
   2.4031010e+06   3.8330078e+01
   2.4031220e+06   5.6518555e+01
   2.4031490e+06   4.3640137e+01
   2.4031820e+06   4.1870117e+01
   2.4032460e+06   5.5297852e+01
   2.4033300e+06   3.9428711e+01
   2.4033590e+06   5.4870605e+01
   2.4043990e+06   4.9377441e+01
   2.4044120e+06   4.7851562e+01
   2.4094630e+06   4.0161133e+01
   2.4095880e+06   4.0283203e+01
   2.4099310e+06   2.6959229e+02
   2.4099570e+06   5.7617188e+01
   2.4266050e+06   4.6997070e+01
   2.4337520e+06   3.9978027e+01
   2.4432100e+06   4.6081543e+01
   2.4524740e+06   4.6936035e+01
   2.4560630e+06   3.8391113e+01
   2.4590990e+06   4.0832520e+01
   2.4591440e+06   3.8452148e+01
   2.4591560e+06   5.5786133e+01
   2.4593030e+06   5.1574707e+01
   2.4593250e+06   5.7128906e+01
   2.4593550e+06   4.8156738e+01
   2.4593680e+06   4.6875000e+01
   2.4593920e+06   5.2185059e+01
   2.4594250e+06   4.7851562e+01
   2.4594800e+06   4.2541504e+01
   2.4594930e+06   6.5063477e+01
   2.4595230e+06   4.5837402e+01
   2.4595620e+06   4.3029785e+01
   2.4595760e+06   3.8696289e+01
   2.4596230e+06   5.3955078e+01
   2.4596910e+06   4.4860840e+01
   2.4597200e+06   4.5349121e+01
   2.4597480e+06   4.3945313e+01
   2.4598380e+06   4.1381836e+01
   2.4599080e+06   5.3894043e+01
   2.4599830e+06   4.3273926e+01
   2.4601270e+06   3.7658691e+01
   2.4602040e+06   4.2480469e+01
   2.4609220e+06   4.0649414e+01
   2.4770070e+06   4.6203613e+01
   2.4826430e+06   3.8024902e+01
   2.4968780e+06   3.9062500e+01
   2.4974600e+06   3.9428711e+01
   2.4976920e+06   3.8330078e+01
   2.4977390e+06   4.8889160e+01
   2.4977850e+06   6.3842773e+01
   2.4977980e+06   4.3395996e+01
   2.4978700e+06   4.1809082e+01
   2.4979070e+06   5.1330566e+01
   2.4979170e+06   4.2419434e+01
   2.4979490e+06   4.3273926e+01
   2.4979790e+06   5.1147461e+01
   2.4979890e+06   4.0893555e+01
   2.4980290e+06   3.8818359e+01
   2.4981030e+06   4.3823242e+01
   2.4981460e+06   3.8085938e+01
   2.4981730e+06   3.7963867e+01
   2.4982570e+06   5.1391602e+01
   2.4987550e+06   4.0039062e+01
   2.4990120e+06   4.3090820e+01
   2.5353130e+06   4.6447754e+01
   2.5434070e+06   4.2114258e+01
   2.5505030e+06   4.5837402e+01
   2.5505230e+06   3.7536621e+01
   2.5506310e+06   4.0344238e+01
   2.5507310e+06   4.0222168e+01
   2.5507490e+06   3.8696289e+01
   2.5507860e+06   4.0039062e+01
   2.5508150e+06   4.1015625e+01
   2.5508520e+06   5.0476074e+01
   2.5508840e+06   5.7434082e+01
   2.5509000e+06   3.7841797e+01
   2.5510480e+06   5.0170898e+01
   2.5511660e+06   5.3588867e+01
   2.5512230e+06   4.0893555e+01
   2.5512660e+06   5.0476074e+01
   2.5512800e+06   4.2785645e+01
   2.5513120e+06   3.8391113e+01
   2.5525820e+06   3.9489746e+01
   2.5650290e+06   4.1687012e+01
   2.5699370e+06   4.7119141e+01
   2.5712700e+06   5.2246094e+01
   2.5723800e+06   4.6813965e+01
   2.5839610e+06   4.8278809e+01
   2.5868040e+06   3.9306641e+01
   2.5923990e+06   5.2307129e+01
   2.5933870e+06   4.7546387e+01
   2.5937050e+06   5.6945801e+01
   2.5937480e+06   3.7963867e+01
   2.5938250e+06   4.1198730e+01
   2.5939890e+06   6.2011719e+01
   2.5940810e+06   4.4677734e+01
   2.5941160e+06   5.6579590e+01
   2.5941360e+06   3.7658691e+01
   2.5942470e+06   4.7424316e+01
   2.5942710e+06   4.5532227e+01
   2.5945230e+06   4.1137695e+01
   2.5951820e+06   3.9855957e+01
   2.5954230e+06   3.8391113e+01
   2.6012840e+06   3.9245605e+01
   2.6091030e+06   4.1625977e+01
   2.6121180e+06   4.6203613e+01
   2.6145990e+06   4.8095703e+01
   2.6162360e+06   4.6203613e+01
   2.6240860e+06   4.5410156e+01
   2.6262060e+06   4.3334961e+01
   2.6262480e+06   4.0466309e+01
   2.6262810e+06   3.9001465e+01
   2.6263710e+06   4.9621582e+01
   2.6264510e+06   3.8146973e+01
   2.6264970e+06   3.9306641e+01
   2.6265350e+06   4.5227051e+01
   2.6265810e+06   3.9733887e+01
   2.6265970e+06   3.9428711e+01
   2.6266330e+06   4.9133301e+01
   2.6266920e+06   4.3701172e+01
   2.6267620e+06   4.0161133e+01
   2.6267890e+06   4.5166016e+01
   2.6268400e+06   5.7983398e+01
   2.6268850e+06   5.0109863e+01
   2.6270050e+06   4.1748047e+01
   2.6270320e+06   3.8574219e+01
   2.6270720e+06   4.6325684e+01
   2.6271030e+06   3.8452148e+01
   2.6271520e+06   3.8024902e+01
   2.6273060e+06   3.7719727e+01
   2.6273400e+06   4.0954590e+01
   2.6273890e+06   3.8391113e+01
   2.6274910e+06   4.4799805e+01
   2.6286230e+06   4.4128418e+01
   2.6409320e+06   3.8269043e+01
   2.6473050e+06   4.1320801e+01
   2.6514780e+06   4.7302246e+01
   2.6553100e+06   4.6081543e+01
   2.6606590e+06   4.2602539e+01
   2.6636160e+06   4.8217773e+01
   2.6722000e+06   5.1940918e+01
   2.6774780e+06   3.7780762e+01
   2.6778500e+06   3.7475586e+01
   2.6779010e+06   4.6813965e+01
   2.6779590e+06   5.1818848e+01
   2.6780970e+06   4.6203613e+01
   2.6781390e+06   4.2724609e+01
   2.6781700e+06   4.4677734e+01
   2.6781900e+06   4.9987793e+01
   2.6782520e+06   5.0231934e+01
   2.6782820e+06   4.6997070e+01
   2.6784130e+06   8.4838867e+01
   2.6785030e+06   3.9916992e+01
   2.6785130e+06   3.8513184e+01
   2.6787010e+06   4.3457031e+01
   2.6788660e+06   3.7536621e+01
   2.6789930e+06   4.1870117e+01
   2.6793470e+06   4.4372559e+01
   2.6871600e+06   4.8095703e+01
   2.6945340e+06   4.6264648e+01
   2.6987970e+06   5.2734375e+01
   2.7039970e+06   5.1696777e+01
   2.7099150e+06   4.3212891e+01
   2.7185240e+06   4.0588379e+01
   2.7193770e+06   3.8024902e+01
   2.7320440e+06   3.8085938e+01
   2.7353540e+06   4.7851562e+01
   2.7451550e+06   3.7841797e+01
   2.7500670e+06   3.8696289e+01
   2.7501690e+06   4.0893555e+01
   2.7502170e+06   3.9611816e+01
   2.7527840e+06   4.2907715e+01
   2.7560080e+06   3.8085938e+01
   2.7574760e+06   4.7973633e+01
   2.7648370e+06   4.2419434e+01
   2.7715430e+06   4.8950195e+01
   2.7754230e+06   3.7719727e+01
   2.7840880e+06   6.0302734e+01
   2.7876960e+06   4.2236328e+01
   2.7877430e+06   3.8513184e+01
   2.7879470e+06   3.8146973e+01
   2.7879670e+06   6.8054199e+01
   2.7879850e+06   9.1613770e+01
   2.7880170e+06   4.1870117e+01
   2.7880290e+06   5.0476074e+01
   2.7880560e+06   8.2580566e+01
   2.7880660e+06   4.3640137e+01
   2.7880910e+06   1.0021973e+02
   2.7881190e+06   4.5104980e+01
   2.7881300e+06   3.7780762e+01
   2.7881450e+06   1.0620117e+02
   2.7881600e+06   8.3374023e+01
   2.7881840e+06   1.3110352e+02
   2.7882160e+06   9.9121094e+01
   2.7882480e+06   5.2856445e+01
   2.7882770e+06   6.2866211e+01
   2.7882870e+06   9.2163086e+01
   2.7883040e+06   8.2824707e+01
   2.7883210e+06   4.0832520e+01
   2.7883410e+06   6.6284180e+01
   2.7883690e+06   4.6386719e+01
   2.7883830e+06   3.8757324e+01
   2.7883970e+06   5.3039551e+01
   2.7884280e+06   6.1584473e+01
   2.7884610e+06   5.5847168e+01
   2.7884910e+06   5.4870605e+01
   2.7885740e+06   4.3945312e+01
   2.7889240e+06   3.8635254e+01
   2.7890180e+06   3.7841797e+01
   2.8044560e+06   4.0588379e+01
   2.8098420e+06   4.3823242e+01
   2.8099680e+06   3.7536621e+01
   2.8116930e+06   4.3334961e+01
   2.8188310e+06   5.0964355e+01
   2.8259010e+06   6.5917969e+01
   2.8259580e+06   3.7475586e+01
   2.8259890e+06   4.1748047e+01
   2.8260790e+06   4.1015625e+01
   2.8263490e+06   3.8452148e+01
   2.8264470e+06   4.0466309e+01
   2.8268240e+06   5.1391602e+01
   2.8271780e+06   3.7780762e+01
   2.8273170e+06   4.5593262e+01
   2.8276620e+06   3.8696289e+01
   2.8277840e+06   3.9611816e+01
   2.8281810e+06   5.0476074e+01
   2.8436430e+06   4.0832520e+01
   2.8528970e+06   4.4494629e+01
   2.8566090e+06   5.3649902e+01
   2.8566500e+06   4.1442871e+01
   2.8569290e+06   3.9184570e+01
   2.8570420e+06   3.7719727e+01
   2.8571610e+06   4.3823242e+01
   2.8572510e+06   4.4311523e+01
   2.8574000e+06   4.7058105e+01
   2.8574490e+06   7.6171875e+01
   2.8574620e+06   6.8847656e+01
   2.8575790e+06   3.8085937e+01
   2.8576170e+06   5.0598145e+01
   2.8578950e+06   4.4250488e+01
   2.8579510e+06   4.0832520e+01
   2.8581310e+06   3.8391113e+01
   2.8585730e+06   5.0781250e+01
   2.8592710e+06   4.6569824e+01
   2.8690800e+06   4.7424316e+01
   2.8731430e+06   3.8574219e+01
   2.8808860e+06   4.2724609e+01
   2.8872370e+06   4.5837402e+01
   2.8886140e+06   3.7902832e+01
   2.8887510e+06   4.4494629e+01
   2.8888130e+06   4.5227051e+01
   2.8888350e+06   4.8095703e+01
   2.8890250e+06   4.7607422e+01
   2.8890400e+06   3.9794922e+01
   2.8890660e+06   3.7902832e+01
   2.8890860e+06   4.3701172e+01
   2.8891360e+06   4.9743652e+01
   2.8893110e+06   5.0415039e+01
   2.8895660e+06   4.0954590e+01
   2.8895880e+06   3.9367676e+01
   2.8896840e+06   5.4443359e+01
   2.8897250e+06   4.9133301e+01
   2.8898140e+06   5.0903320e+01
   2.8900110e+06   4.0466309e+01
   2.8902990e+06   3.7475586e+01
   2.8903330e+06   4.2907715e+01
   2.8906110e+06   4.0466309e+01
   2.8909590e+06   4.3518066e+01
   2.8915670e+06   4.3151855e+01
   2.8919440e+06   4.6264648e+01
   2.8966500e+06   4.3701172e+01
   2.8967610e+06   3.9611816e+01
   2.8977560e+06   3.9062500e+01
   2.9004120e+06   4.5898438e+01
   2.9176070e+06   4.1809082e+01
   2.9241020e+06   4.2358398e+01
   2.9241460e+06   4.4921875e+01
   2.9325430e+06   3.7841797e+01
   2.9326010e+06   3.9489746e+01
   2.9326600e+06   4.3212891e+01
   2.9327910e+06   4.0161133e+01
   2.9329670e+06   4.0649414e+01
   2.9329870e+06   4.2419434e+01
   2.9331070e+06   3.9794922e+01
   2.9331250e+06   4.2114258e+01
   2.9331760e+06   3.7963867e+01
   2.9332020e+06   4.1748047e+01
   2.9332370e+06   5.2551270e+01
   2.9332650e+06   5.2185059e+01
   2.9334680e+06   4.0283203e+01
   2.9335310e+06   5.8227539e+01
   2.9336590e+06   3.9489746e+01
   2.9336970e+06   3.7780762e+01
   2.9337100e+06   3.8269043e+01
   2.9337700e+06   4.7424316e+01
   2.9382320e+06   3.8391113e+01
   2.9397150e+06   4.1076660e+01
   2.9398050e+06   4.3395996e+01
   2.9402350e+06   3.9733887e+01
   2.9480200e+06   4.4555664e+01
   2.9516970e+06   4.2236328e+01
   2.9524740e+06   4.6203613e+01
   2.9658850e+06   4.5532227e+01
   2.9713660e+06   4.0161133e+01
   2.9744470e+06   3.9367676e+01
   2.9744890e+06   3.8452148e+01
   2.9746880e+06   4.8095703e+01
   2.9747790e+06   5.1391602e+01
   2.9747920e+06   5.4687500e+01
   2.9748200e+06   3.8391113e+01
   2.9748590e+06   3.8574219e+01
   2.9749770e+06   4.3884277e+01
   2.9749920e+06   4.0283203e+01
   2.9750270e+06   5.7800293e+01
   2.9751090e+06   3.7780762e+01
   2.9751620e+06   4.1137695e+01
   2.9752530e+06   3.7475586e+01
   2.9754090e+06   3.8940430e+01
   2.9755660e+06   4.3090820e+01
   2.9755770e+06   4.7241211e+01
   2.9759110e+06   4.3212891e+01
   2.9763400e+06   4.6813965e+01
   2.9771730e+06   3.8696289e+01
   2.9804200e+06   5.0781250e+01
   2.9906110e+06   5.3344727e+01
   2.9987250e+06   3.8635254e+01
   3.0002810e+06   4.1687012e+01
   3.0149470e+06   3.9489746e+01
   3.0234660e+06   4.0100098e+01
   3.0305270e+06   3.6865234e+01
   3.0334290e+06   5.0781250e+01
   3.0359370e+06   3.8574219e+01
   3.0361110e+06   3.9855957e+01
   3.0369050e+06   4.6203613e+01
   3.0413060e+06   3.7475586e+01
   3.0414020e+06   4.2114258e+01
   3.0415010e+06   3.9855957e+01
   3.0419620e+06   6.7749023e+01
   3.0424020e+06   4.4494629e+01
   3.0430510e+06   3.6621094e+01
   3.0434680e+06   4.4250488e+01
   3.0560580e+06   3.8085938e+01
   3.0668100e+06   3.7536621e+01
   3.0670480e+06   5.8044434e+01
   3.0670640e+06   4.3395996e+01
   3.0670740e+06   3.6804199e+01
   3.0673280e+06   4.2724609e+01
   3.0673670e+06   3.7109375e+01
   3.0675200e+06   3.9123535e+01
   3.0677000e+06   4.5837402e+01
   3.0677420e+06   4.9377441e+01
   3.0678630e+06   3.7780762e+01
   3.0685930e+06   4.2236328e+01
   3.0688870e+06   4.7058105e+01
   3.0749630e+06   3.6926270e+01
   3.0827300e+06   5.0964355e+01
   3.0897370e+06   5.0292969e+01
   3.0974360e+06   3.6865234e+01
   3.1000280e+06   4.7729492e+01
   3.1016790e+06   3.8208008e+01
   3.1018210e+06   3.9306641e+01
   3.1019100e+06   3.8391113e+01
   3.1020450e+06   4.7607422e+01
   3.1023090e+06   4.7912598e+01
   3.1023560e+06   3.9001465e+01
   3.1024080e+06   5.3222656e+01
   3.1025730e+06   4.0649414e+01
   3.1025830e+06   4.8400879e+01
   3.1026060e+06   4.3640137e+01
   3.1027610e+06   4.0100098e+01
   3.1029070e+06   5.5908203e+01
   3.1032690e+06   3.9611816e+01
   3.1035790e+06   4.0283203e+01
   3.1042490e+06   4.4738770e+01
   3.1044820e+06   3.8879395e+01
   3.1070370e+06   4.5593262e+01
   3.1070530e+06   4.5227051e+01
   3.1148050e+06   5.3710938e+01
   3.1185110e+06   3.9489746e+01
   3.1216680e+06   5.2307129e+01
   3.1266680e+06   4.0710449e+01
   3.1296420e+06   4.4921875e+01
   3.1343910e+06   3.8146973e+01
   3.1344990e+06   4.2968750e+01
   3.1348980e+06   4.6020508e+01
   3.1351060e+06   4.1320801e+01
   3.1351190e+06   4.0588379e+01
   3.1351620e+06   5.4687500e+01
   3.1353440e+06   4.1198730e+01
   3.1353740e+06   7.2875977e+01
   3.1369730e+06   3.6560059e+01
   3.1370290e+06   3.8818359e+01
   3.1430470e+06   4.6630859e+01
   3.1462240e+06   3.7658691e+01
   3.1511930e+06   3.9184570e+01
   3.1523760e+06   3.9794922e+01
   3.1549610e+06   3.9245605e+01
   3.1552810e+06   4.3945312e+01
   3.1553340e+06   3.7292480e+01
   3.1554010e+06   4.2419434e+01
   3.1554140e+06   3.6621094e+01
   3.1556210e+06   4.6508789e+01
   3.1558040e+06   4.8156738e+01
   3.1559130e+06   3.8146973e+01
   3.1559660e+06   3.6560059e+01
   3.1559900e+06   5.5358887e+01
   3.1560070e+06   3.7292480e+01
   3.1561620e+06   3.6621094e+01
   3.1563680e+06   3.7658691e+01
   3.1566360e+06   3.9855957e+01
   3.1566750e+06   4.3334961e+01
   3.1575150e+06   3.6865234e+01
   3.1578320e+06   4.6264648e+01
   3.1580110e+06   4.0283203e+01
   3.1637420e+06   4.1564941e+01
   3.1647830e+06   4.3273926e+01
   3.1725050e+06   4.6142578e+01
   3.1726050e+06   3.8269043e+01
   3.1727100e+06   3.7475586e+01
   3.1727810e+06   4.0283203e+01
   3.1727930e+06   3.9489746e+01
   3.1728240e+06   4.2175293e+01
   3.1730890e+06   3.6743164e+01
   3.1732420e+06   4.0100098e+01
   3.1732560e+06   4.3518066e+01
   3.1734160e+06   4.7119141e+01
   3.1735060e+06   4.4433594e+01
   3.1735460e+06   3.8208008e+01
   3.1743000e+06   3.9611816e+01
   3.1744430e+06   4.3334961e+01
   3.1751920e+06   4.6569824e+01
   3.1865180e+06   3.8757324e+01
   3.1909270e+06   3.9916992e+01
   3.1912870e+06   3.8085938e+01
   3.1938910e+06   3.6682129e+01
   3.1959940e+06   4.0649414e+01
   3.1960930e+06   4.6691895e+01
   3.1962390e+06   4.2602539e+01
   3.1962540e+06   3.8452148e+01
   3.1964380e+06   4.7790527e+01
   3.1965200e+06   5.3894043e+01
   3.1966400e+06   4.2968750e+01
   3.1967870e+06   3.9245605e+01
   3.1970790e+06   4.1320801e+01
   3.1971290e+06   3.7719727e+01
   3.1983300e+06   4.2358398e+01
   3.1984190e+06   4.1687012e+01
   3.1987800e+06   3.8024902e+01
   3.1989850e+06   3.6804199e+01
   3.2018450e+06   4.4616699e+01
   3.2035900e+06   4.2175293e+01
   3.2055220e+06   3.6682129e+01
   3.2099980e+06   4.7058105e+01
   3.2190570e+06   4.1198730e+01
   3.2192610e+06   3.7475586e+01
   3.2195950e+06   3.6804199e+01
   3.2237760e+06   4.0405273e+01
   3.2238830e+06   3.7780762e+01
   3.2239510e+06   3.7597656e+01
   3.2286040e+06   4.1137695e+01
   3.2316510e+06   3.8513184e+01
   3.2345170e+06   3.8146973e+01
   3.2390440e+06   3.7658691e+01
   3.2411630e+06   3.8085938e+01
   3.2411860e+06   4.3395996e+01
   3.2413010e+06   4.1320801e+01
   3.2414660e+06   3.7292480e+01
   3.2414890e+06   3.9306641e+01
   3.2415630e+06   4.0222168e+01
   3.2417310e+06   3.7231445e+01
   3.2417990e+06   4.4006348e+01
   3.2418400e+06   3.8696289e+01
   3.2421060e+06   4.1015625e+01
   3.2422220e+06   4.9377441e+01
   3.2422690e+06   5.8105469e+01
   3.2424760e+06   3.7048340e+01
   3.2426880e+06   4.5227051e+01
   3.2431540e+06   3.9978027e+01
   3.2433420e+06   3.7780762e+01
   3.2494720e+06   5.1269531e+01
   3.2545370e+06   4.1015625e+01
   3.2550830e+06   3.6987305e+01
   3.2610400e+06   4.8828125e+01
   3.2612800e+06   3.7292480e+01
   3.2613070e+06   7.6843262e+01
   3.2615550e+06   3.7902832e+01
   3.2616780e+06   4.1259766e+01
   3.2617720e+06   3.8574219e+01
   3.2619650e+06   3.7902832e+01
   3.2621180e+06   4.0405273e+01
   3.2621440e+06   4.0954590e+01
   3.2623950e+06   4.6508789e+01
   3.2626050e+06   3.6804199e+01
   3.2626740e+06   4.1381836e+01
   3.2629610e+06   3.8635254e+01
   3.2708730e+06   3.7231445e+01
   3.2764310e+06   4.1076660e+01
   3.2813560e+06   4.6875000e+01
   3.2832790e+06   4.1137695e+01
   3.2835030e+06   4.3884277e+01
   3.2835850e+06   3.8452148e+01
   3.2836180e+06   3.7475586e+01
   3.2838940e+06   4.6386719e+01
   3.2839330e+06   3.8208008e+01
   3.2840900e+06   4.9682617e+01
   3.2843790e+06   4.2236328e+01
   3.2846290e+06   3.9367676e+01
   3.2848090e+06   3.7658691e+01
   3.2852170e+06   3.9123535e+01
   3.2860730e+06   3.6743164e+01
   3.2868390e+06   3.6560059e+01
   3.2962240e+06   3.9245605e+01
   3.2964070e+06   3.8513184e+01
   3.3135950e+06   4.3762207e+01
   3.3159780e+06   3.8513184e+01
   3.3207100e+06   3.8757324e+01
   3.3297180e+06   3.9428711e+01
   3.3302030e+06   4.3457031e+01
   3.3302460e+06   4.6630859e+01
   3.3302650e+06   3.6621094e+01
   3.3303080e+06   3.7597656e+01
   3.3303970e+06   3.6621094e+01
   3.3305350e+06   3.8635254e+01
   3.3309670e+06   3.9184570e+01
   3.3310920e+06   3.7475586e+01
   3.3311360e+06   3.9733887e+01
   3.3316580e+06   5.1025391e+01
   3.3321470e+06   3.8940430e+01
   3.3325100e+06   3.8024902e+01
   3.3325880e+06   3.9978027e+01
   3.3329010e+06   4.6569824e+01
   3.3333920e+06   4.2358398e+01
   3.3338560e+06   3.6560059e+01
   3.3393800e+06   4.1442871e+01
   3.3510830e+06   4.1259766e+01
   3.3555690e+06   4.9133301e+01
   3.3901400e+06   4.5654297e+01
   3.3904780e+06   3.6621094e+01
   3.3905940e+06   3.6987305e+01
   3.3908260e+06   4.6264648e+01
   3.3913160e+06   3.9672852e+01
   3.3913750e+06   4.0039062e+01
   3.3914020e+06   4.3457031e+01
   3.3915630e+06   4.1748047e+01
   3.3917940e+06   3.7536621e+01
   3.3921190e+06   4.2968750e+01
   3.3921650e+06   4.0344238e+01
   3.3925400e+06   4.2358398e+01
   3.4126100e+06   3.7536621e+01
   3.4135660e+06   4.5959473e+01
   3.4309840e+06   3.6621094e+01
   3.4423830e+06   4.9438477e+01
   3.4424110e+06   3.9001465e+01
   3.4425480e+06   3.7536621e+01
   3.4443160e+06   3.6804199e+01
   3.4443690e+06   3.6621094e+01
   3.4448750e+06   4.2297363e+01
   3.4460910e+06   3.7048340e+01
   3.4741690e+06   3.6621094e+01
   3.4742040e+06   3.9367676e+01
   3.4742250e+06   5.9326172e+01
   3.4742970e+06   3.7902832e+01
   3.4745980e+06   4.2480469e+01
   3.4748840e+06   3.8574219e+01
   3.4750440e+06   4.2724609e+01
   3.4753690e+06   4.0222168e+01
   3.4759450e+06   4.1442871e+01
   3.4893690e+06   3.6560059e+01
   3.4898330e+06   3.6987305e+01
   3.4944210e+06   4.0588379e+01
   3.5036830e+06   3.8940430e+01
   3.5037000e+06   5.0537109e+01
   3.5037200e+06   6.1401367e+01
   3.5037770e+06   3.6865234e+01
   3.5038190e+06   3.6743164e+01
   3.5039160e+06   3.7353516e+01
   3.5040330e+06   4.0649414e+01
   3.5045510e+06   3.6865234e+01
   3.5046050e+06   4.3151855e+01
   3.5047490e+06   3.6987305e+01
   3.5062190e+06   4.3090820e+01
   3.5102670e+06   4.5166016e+01
   3.5168310e+06   4.5227051e+01
   3.5196620e+06   3.6926270e+01
   3.5214570e+06   4.6875000e+01
   3.5308190e+06   3.8208008e+01
   3.5308420e+06   4.7180176e+01
   3.5308690e+06   4.3945312e+01
   3.5309180e+06   3.9123535e+01
   3.5310120e+06   3.8818359e+01
   3.5310770e+06   4.0954590e+01
   3.5312430e+06   4.4799805e+01
   3.5313490e+06   3.6926270e+01
   3.5317220e+06   4.5776367e+01
   3.5321930e+06   4.7790527e+01
   3.5574520e+06   3.9794922e+01
   3.5672190e+06   3.6743164e+01
   3.5675410e+06   4.1076660e+01
   3.5678610e+06   4.0466309e+01
   3.5881380e+06   4.2541504e+01
   3.5947390e+06   4.4494629e+01
   3.6438220e+06   4.9987793e+01
   3.6440430e+06   4.1931152e+01
   3.6442680e+06   4.2907715e+01
   3.6444430e+06   3.9550781e+01
   3.6445860e+06   3.7475586e+01
   3.6457100e+06   4.7607422e+01
   3.6457260e+06   4.8217773e+01
   3.6458770e+06   3.9794922e+01
   3.7626230e+06   4.1809082e+01
   3.7626550e+06   4.6447754e+01
   3.7626700e+06   4.3518066e+01
   3.7627170e+06   7.4768066e+01
   3.7627510e+06   7.5927734e+01
   3.7627670e+06   4.3151855e+01
   3.7627810e+06   9.1735840e+01
   3.7627930e+06   4.4982910e+01
   3.7628050e+06   5.4809570e+01
   3.7628180e+06   6.5673828e+01
   3.7628450e+06   6.9396973e+01
   3.7628630e+06   6.5307617e+01
   3.7628760e+06   7.8979492e+01
   3.7628990e+06   4.8645020e+01
   3.7629200e+06   6.2744141e+01
   3.7629300e+06   7.0495605e+01
   3.7629510e+06   4.5837402e+01
   3.7629610e+06   6.3781738e+01
   3.7629840e+06   6.3598633e+01
   3.7630120e+06   4.3029785e+01
   3.7630490e+06   5.0109863e+01
   3.7630670e+06   4.8828125e+01
   3.7630870e+06   6.7626953e+01
   3.7631230e+06   4.3640137e+01
   3.7631420e+06   3.6682129e+01
   3.7631720e+06   5.3344727e+01
   3.7631910e+06   4.3151855e+01
   3.7632690e+06   4.3151855e+01
   3.7634520e+06   3.8452148e+01
   3.7636540e+06   4.0344238e+01
   3.7637980e+06   4.4921875e+01
   3.7638310e+06   3.6682129e+01
   3.7652210e+06   4.8706055e+01
   3.7663810e+06   3.9978027e+01
   3.8080270e+06   4.1503906e+01
   3.8193050e+06   4.2724609e+01
   3.8227960e+06   3.6682129e+01
   3.8241710e+06   4.1076660e+01
   3.8242570e+06   3.9001465e+01
   3.8243300e+06   3.9001465e+01
   3.8244110e+06   7.4340820e+01
   3.8247440e+06   4.6508789e+01
   3.8354830e+06   3.8146973e+01
   3.8458710e+06   3.8879395e+01
   3.8473940e+06   3.9428711e+01
   3.8475530e+06   4.0954590e+01
   3.8477630e+06   4.0344238e+01
   3.8477840e+06   4.4494629e+01
   3.8478100e+06   5.9143066e+01
   3.8478230e+06   7.0312500e+01
   3.8478630e+06   4.1198730e+01
   3.8478790e+06   1.2731934e+02
   3.8479000e+06   8.5205078e+01
   3.8479110e+06   6.8847656e+01
   3.8479330e+06   1.5509033e+02
   3.8479540e+06   7.0251465e+01
   3.8479890e+06   3.8574219e+01
   3.8480090e+06   6.9091797e+01
   3.8480220e+06   5.2185059e+01
   3.8480490e+06   9.5520020e+01
   3.8480610e+06   4.4982910e+01
   3.8480840e+06   7.1472168e+01
   3.8480950e+06   4.0283203e+01
   3.8481240e+06   5.5908203e+01
   3.8481630e+06   6.1645508e+01
   3.8481760e+06   8.0261230e+01
   3.8482040e+06   5.0598145e+01
   3.8482300e+06   5.2856445e+01
   3.8482570e+06   6.2500000e+01
   3.8482890e+06   4.5776367e+01
   3.8486560e+06   4.7607422e+01
   3.8487690e+06   5.3466797e+01
   3.8488930e+06   4.2480469e+01
   3.8490360e+06   3.9794922e+01
   3.8492060e+06   4.4494629e+01
   3.8499730e+06   4.6447754e+01
   3.8514290e+06   3.6621094e+01
   3.8839340e+06   3.6560059e+01
   3.8875280e+06   3.8635254e+01
   3.8882380e+06   4.6508789e+01
   3.8949900e+06   4.0039062e+01
   3.9199220e+06   3.9916992e+01
   3.9280900e+06   4.4189453e+01
   3.9303310e+06   4.4616699e+01
   3.9303600e+06   4.5776367e+01
   3.9303900e+06   4.2419434e+01
   3.9304120e+06   9.8144531e+01
   3.9304220e+06   4.9133301e+01
   3.9304450e+06   1.5332031e+02
   3.9304680e+06   7.6843262e+01
   3.9304790e+06   4.5898437e+01
   3.9304890e+06   1.2457275e+02
   3.9305110e+06   1.1572266e+02
   3.9305290e+06   4.6203613e+01
   3.9305420e+06   4.6936035e+01
   3.9305550e+06   3.9245605e+01
   3.9305730e+06   7.3974609e+01
   3.9305900e+06   8.1909180e+01
   3.9306170e+06   3.9428711e+01
   3.9306390e+06   4.0649414e+01
   3.9306540e+06   5.3405762e+01
   3.9306780e+06   4.2907715e+01
   3.9306930e+06   5.6213379e+01
   3.9307170e+06   4.3212891e+01
   3.9307390e+06   6.6467285e+01
   3.9307740e+06   3.7414551e+01
   3.9307950e+06   5.4626465e+01
   3.9308240e+06   5.2856445e+01
   3.9308600e+06   3.6560059e+01
   3.9319290e+06   3.9123535e+01
   3.9321630e+06   3.9733887e+01
   3.9322010e+06   3.9184570e+01
   3.9322330e+06   3.9367676e+01
   3.9325550e+06   5.3771973e+01
   3.9332440e+06   3.8574219e+01
   3.9383180e+06   4.0161133e+01
   3.9653320e+06   3.7353516e+01
   3.9950780e+06   4.6875000e+01
   3.9951430e+06   4.6936035e+01
   3.9951610e+06   3.9001465e+01
   3.9952270e+06   4.0527344e+01
   3.9953160e+06   7.9162598e+01
   3.9953260e+06   6.5246582e+01
   3.9953620e+06   9.8205566e+01
   3.9953770e+06   3.9123535e+01
   3.9954280e+06   5.5358887e+01
   3.9954410e+06   6.7321777e+01
   3.9954640e+06   4.5532227e+01
   3.9954820e+06   9.1125488e+01
   3.9954940e+06   8.4289551e+01
   3.9955270e+06   1.1877441e+02
   3.9955620e+06   1.6949463e+02
   3.9955740e+06   1.0723877e+02
   3.9955920e+06   5.6640625e+01
   3.9956310e+06   4.7180176e+01
   3.9956520e+06   3.8269043e+01
   3.9956980e+06   4.7973633e+01
   3.9957260e+06   7.2326660e+01
   3.9957790e+06   4.5410156e+01
   3.9958080e+06   4.7851562e+01
   3.9958200e+06   3.8085938e+01
   3.9958470e+06   3.9306641e+01
   3.9958740e+06   6.1828613e+01
   3.9958990e+06   5.0231934e+01
   3.9960910e+06   4.5043945e+01
   3.9962250e+06   3.9184570e+01
   3.9962780e+06   3.7658691e+01
   3.9964210e+06   4.3640137e+01
   3.9969580e+06   3.9611816e+01
   3.9971330e+06   4.6447754e+01
   3.9988720e+06   3.8208008e+01
   4.0204220e+06   4.6386719e+01
   4.0204640e+06   6.1096191e+01
   4.0204750e+06   6.5551758e+01
   4.0204940e+06   9.2529297e+01
   4.0205200e+06   9.7534180e+01
   4.0205370e+06   6.8908691e+01
   4.0205470e+06   7.4340820e+01
   4.0205660e+06   8.3374023e+01
   4.0205870e+06   5.9204102e+01
   4.0206260e+06   7.5500488e+01
   4.0206430e+06   4.6325684e+01
   4.0206900e+06   9.8449707e+01
   4.0207010e+06   4.7607422e+01
   4.0207170e+06   5.3649902e+01
   4.0207570e+06   4.5166016e+01
   4.0207700e+06   5.3771973e+01
   4.0207880e+06   4.2053223e+01
   4.0207980e+06   5.1940918e+01
   4.0208200e+06   5.1818848e+01
   4.0208400e+06   4.3518066e+01
   4.0208610e+06   6.9946289e+01
   4.0208750e+06   4.8034668e+01
   4.0209050e+06   4.3212891e+01
   4.0209250e+06   4.4006348e+01
   4.0209720e+06   3.7170410e+01
   4.0212980e+06   3.7048340e+01
   4.0214430e+06   4.6020508e+01
   4.0216220e+06   3.9916992e+01
   4.0217190e+06   4.0161133e+01
   4.0217530e+06   4.4006348e+01
   4.0218540e+06   4.1259766e+01
   4.0218840e+06   3.6560059e+01
   4.0219310e+06   3.7048340e+01
   4.0221520e+06   3.6804199e+01
   4.0222700e+06   5.2978516e+01
   4.0227370e+06   3.8513184e+01
   4.0229410e+06   4.0466309e+01
   4.0230320e+06   3.8330078e+01
   4.0232930e+06   3.6987305e+01
   4.0490650e+06   3.7719727e+01
   4.0501000e+06   4.8767090e+01
   4.0925810e+06   3.7231445e+01
   4.0926700e+06   7.0434570e+01
   4.0926870e+06   4.4189453e+01
   4.0927100e+06   5.5114746e+01
   4.0927320e+06   5.3405762e+01
   4.0927480e+06   4.9499512e+01
   4.0927630e+06   7.5866699e+01
   4.0927840e+06   5.7739258e+01
   4.0928210e+06   1.0064697e+02
   4.0928390e+06   3.7231445e+01
   4.0928770e+06   4.2724609e+01
   4.0929010e+06   9.2895508e+01
   4.0929190e+06   4.4372559e+01
   4.0929360e+06   1.3537598e+02
   4.0929570e+06   4.6203613e+01
   4.0929830e+06   4.2480469e+01
   4.0930110e+06   9.7900391e+01
   4.0930220e+06   4.9743652e+01
   4.0930350e+06   7.4157715e+01
   4.0930750e+06   6.2683105e+01
   4.0931090e+06   4.1259766e+01
   4.0931300e+06   5.3833008e+01
   4.0931760e+06   4.1870117e+01
   4.0932010e+06   6.5185547e+01
   4.0932310e+06   4.9133301e+01
   4.0932820e+06   3.6743164e+01
   4.0935890e+06   3.6743164e+01
   4.0940030e+06   4.0466309e+01
   4.0948900e+06   4.3090820e+01
   4.0977150e+06   3.6682129e+01
   4.1086450e+06   4.2785645e+01
   4.1088220e+06   4.5593262e+01
   4.1089180e+06   3.9306641e+01
   4.1089420e+06   4.1076660e+01
   4.1089830e+06   4.5532227e+01
   4.1090760e+06   3.9184570e+01
   4.1091070e+06   3.8330078e+01
   4.1091430e+06   7.7941895e+01
   4.1091900e+06   6.6772461e+01
   4.1092260e+06   6.4575195e+01
   4.1092490e+06   4.3945312e+01
   4.1092740e+06   4.2236328e+01
   4.1092870e+06   7.0556641e+01
   4.1093040e+06   7.8063965e+01
   4.1093250e+06   3.9733887e+01
   4.1093520e+06   8.6669922e+01
   4.1093760e+06   7.7819824e+01
   4.1094120e+06   5.4870605e+01
   4.1094250e+06   3.8452148e+01
   4.1094470e+06   3.7109375e+01
   4.1094570e+06   4.3334961e+01
   4.1094910e+06   7.7880859e+01
   4.1095060e+06   7.7026367e+01
   4.1095250e+06   4.4067383e+01
   4.1095470e+06   6.5612793e+01
   4.1095880e+06   6.1706543e+01
   4.1096150e+06   8.8500977e+01
   4.1096450e+06   7.2204590e+01
   4.1096660e+06   5.7006836e+01
   4.1096860e+06   5.0170898e+01
   4.1097110e+06   4.4128418e+01
   4.1097450e+06   4.0954590e+01
   4.1097750e+06   7.4951172e+01
   4.1097930e+06   4.1992188e+01
   4.1098260e+06   4.6142578e+01
   4.1098560e+06   3.8635254e+01
   4.1099030e+06   3.7780762e+01
   4.1100310e+06   5.1025391e+01
   4.1101270e+06   3.7780762e+01
   4.1102080e+06   4.1564941e+01
   4.1102740e+06   3.9367676e+01
   4.1103420e+06   4.0588379e+01
   4.1104560e+06   4.6386719e+01
   4.1105060e+06   4.0832520e+01
   4.1106350e+06   4.0161133e+01
   4.1109680e+06   4.4555664e+01
   4.1210590e+06   3.8513184e+01
   4.1212300e+06   6.0852051e+01
   4.1212560e+06   4.4189453e+01
   4.1212830e+06   6.1035156e+01
   4.1212980e+06   7.4645996e+01
   4.1213160e+06   6.1401367e+01
   4.1213340e+06   4.8278809e+01
   4.1213510e+06   6.6223145e+01
   4.1213650e+06   8.1176758e+01
   4.1214150e+06   5.5480957e+01
   4.1214310e+06   5.1574707e+01
   4.1214460e+06   5.2124023e+01
   4.1214700e+06   5.5358887e+01
   4.1214980e+06   4.7119141e+01
   4.1215120e+06   5.3649902e+01
   4.1215500e+06   5.3161621e+01
   4.1215980e+06   5.6762695e+01
   4.1216440e+06   5.1086426e+01
   4.1216750e+06   5.1757812e+01
   4.1217510e+06   3.9428711e+01
   4.1219890e+06   3.9733887e+01
   4.1223540e+06   3.6987305e+01
   4.1225480e+06   3.6560059e+01
   4.1226250e+06   3.6865234e+01
   4.1226660e+06   3.7109375e+01
   4.1227480e+06   3.9489746e+01
   4.1233570e+06   3.8085938e+01
   4.1240650e+06   4.0588379e+01
   4.1538360e+06   3.7780762e+01
   4.2024570e+06   4.9804688e+01
   4.2024690e+06   6.1523438e+01
   4.2025000e+06   7.6171875e+01
   4.2025130e+06   1.1602783e+02
   4.2025320e+06   7.1533203e+01
   4.2025620e+06   7.5134277e+01
   4.2025760e+06   5.0598145e+01
   4.2026070e+06   7.1044922e+01
   4.2026280e+06   5.4809570e+01
   4.2026440e+06   7.1838379e+01
   4.2026660e+06   4.2968750e+01
   4.2026910e+06   6.4147949e+01
   4.2027010e+06   5.3894043e+01
   4.2027460e+06   7.8674316e+01
   4.2027580e+06   7.6538086e+01
   4.2027740e+06   4.6386719e+01
   4.2028030e+06   5.1391602e+01
   4.2028300e+06   4.0710449e+01
   4.2028540e+06   4.4616699e+01
   4.2028950e+06   4.6752930e+01
   4.2029150e+06   3.6682129e+01
   4.2032140e+06   3.9001465e+01
   4.2035660e+06   4.2541504e+01
   4.2040380e+06   4.7546387e+01
   4.2041980e+06   3.9672852e+01
   4.2042690e+06   5.2673340e+01
   4.2043580e+06   3.7475586e+01
   4.2044400e+06   3.7475586e+01
   4.2044670e+06   3.9123535e+01
   4.2049110e+06   3.8940430e+01
   4.2052640e+06   3.9794922e+01
   4.2053060e+06   3.8146973e+01
   4.2055160e+06   3.9062500e+01
   4.2062210e+06   4.5043945e+01
   4.2512850e+06   4.4250488e+01
   4.2738760e+06   4.1442871e+01
   4.2770160e+06   6.1401367e+01
   4.2770650e+06   8.0017090e+01
   4.2770840e+06   1.4746094e+02
   4.2770940e+06   9.3933105e+01
   4.2771200e+06   7.0434570e+01
   4.2771430e+06   8.0322266e+01
   4.2771770e+06   7.5866699e+01
   4.2771980e+06   1.1474609e+02
   4.2772410e+06   7.1289062e+01
   4.2772550e+06   4.1931152e+01
   4.2772710e+06   4.0588379e+01
   4.2773040e+06   6.0913086e+01
   4.2773340e+06   6.1462402e+01
   4.2773760e+06   4.3457031e+01
   4.2774110e+06   4.2236328e+01
   4.2774590e+06   3.9916992e+01
   4.2775560e+06   4.2358398e+01
   4.2776220e+06   3.9550781e+01
   4.2777160e+06   3.8635254e+01
   4.2780270e+06   3.9489746e+01
   4.2788490e+06   4.4128418e+01
   4.2808690e+06   3.7963867e+01
   4.3053450e+06   3.6743164e+01
   4.3095400e+06   3.7536621e+01
   4.3360600e+06   3.9123535e+01
   4.3362420e+06   5.9204102e+01
   4.3362760e+06   5.2917480e+01
   4.3363090e+06   4.6386719e+01
   4.3363440e+06   4.6386719e+01
   4.3363770e+06   6.3598633e+01
   4.3364150e+06   6.0241699e+01
   4.3364360e+06   5.8959961e+01
   4.3364490e+06   6.5368652e+01
   4.3364660e+06   5.5541992e+01
   4.3364900e+06   5.4138184e+01
   4.3365010e+06   9.1918945e+01
   4.3365230e+06   5.4931641e+01
   4.3365420e+06   4.5410156e+01
   4.3365660e+06   7.6416016e+01
   4.3365860e+06   9.5764160e+01
   4.3366090e+06   4.7180176e+01
   4.3366240e+06   5.1940918e+01
   4.3366500e+06   4.1748047e+01
   4.3366660e+06   4.6691895e+01
   4.3366950e+06   3.8452148e+01
   4.3367080e+06   5.3588867e+01
   4.3367330e+06   6.0607910e+01
   4.3367450e+06   5.4138184e+01
   4.3367630e+06   8.4228516e+01
   4.3367950e+06   5.8654785e+01
   4.3368200e+06   5.6152344e+01
   4.3368310e+06   5.1574707e+01
   4.3368540e+06   5.0598145e+01
   4.3368900e+06   3.8146973e+01
   4.3369320e+06   3.8879395e+01
   4.3369800e+06   4.6386719e+01
   4.3370780e+06   3.8635254e+01
   4.3371570e+06   4.2785645e+01
   4.3373940e+06   3.8818359e+01
   4.3374580e+06   4.4616699e+01
   4.3375660e+06   3.6621094e+01
   4.3606400e+06   3.8879395e+01
   4.3607090e+06   4.4738770e+01
   4.3607420e+06   6.4697266e+01
   4.3607720e+06   1.6949463e+02
   4.3607920e+06   5.4260254e+01
   4.3608100e+06   8.3496094e+01
   4.3608250e+06   1.2359619e+02
   4.3608590e+06   4.3884277e+01
   4.3608900e+06   5.7189941e+01
   4.3609260e+06   7.0922852e+01
   4.3609430e+06   4.1625977e+01
   4.3609850e+06   6.9641113e+01
   4.3609950e+06   3.8085937e+01
   4.3610260e+06   4.4738770e+01
   4.3610480e+06   4.7058105e+01
   4.3610660e+06   4.7607422e+01
   4.3610840e+06   6.2316895e+01
   4.3611280e+06   3.8513184e+01
   4.3611410e+06   3.7780762e+01
   4.3611700e+06   4.6630859e+01
   4.3611920e+06   4.6936035e+01
   4.3612020e+06   3.8818359e+01
   4.3612580e+06   4.4677734e+01
   4.3616460e+06   3.9978027e+01
   4.3618970e+06   3.7353516e+01
   4.3620080e+06   3.8330078e+01
   4.3620770e+06   3.6987305e+01
   4.3621980e+06   3.8269043e+01
   4.3622770e+06   3.7414551e+01
   4.3625050e+06   4.7058105e+01
   4.3626500e+06   3.7719727e+01
   4.3627230e+06   3.7658691e+01
   4.3711350e+06   3.9550781e+01
   4.3777100e+06   4.2236328e+01
   4.3826370e+06   3.8879395e+01
   4.3841940e+06   4.1503906e+01
   4.3843210e+06   4.1748047e+01
   4.3844210e+06   5.8715820e+01
   4.3844410e+06   6.2377930e+01
   4.3844870e+06   4.9194336e+01
   4.3845030e+06   6.0852051e+01
   4.3845190e+06   6.1218262e+01
   4.3845430e+06   3.8269043e+01
   4.3845780e+06   6.6406250e+01
   4.3846000e+06   8.2092285e+01
   4.3846210e+06   7.2448730e+01
   4.3846650e+06   3.8085938e+01
   4.3846860e+06   5.0903320e+01
   4.3847000e+06   1.0321045e+02
   4.3847300e+06   5.5053711e+01
   4.3847670e+06   4.6813965e+01
   4.3847970e+06   8.1054688e+01
   4.3848070e+06   6.6223145e+01
   4.3848260e+06   8.1848145e+01
   4.3848470e+06   4.1076660e+01
   4.3848670e+06   4.4067383e+01
   4.3848780e+06   6.2805176e+01
   4.3848920e+06   6.9702148e+01
   4.3849290e+06   3.8574219e+01
   4.3849480e+06   7.3364258e+01
   4.3849620e+06   5.4443359e+01
   4.3849990e+06   5.3710938e+01
   4.3850130e+06   4.1564941e+01
   4.3850350e+06   6.1401367e+01
   4.3850880e+06   5.9875488e+01
   4.3851210e+06   3.9672852e+01
   4.3851620e+06   5.1147461e+01
   4.3852180e+06   3.7536621e+01
   4.3853720e+06   4.2602539e+01
   4.3855670e+06   4.3395996e+01
   4.3856930e+06   3.7414551e+01
   4.3857970e+06   3.6621094e+01
   4.3861390e+06   3.7719727e+01
   4.4684100e+06   3.7109375e+01
   4.4896430e+06   3.8879395e+01
   4.4897070e+06   4.0893555e+01
   4.4897380e+06   7.7636719e+01
   4.4897580e+06   8.9416504e+01
   4.4897820e+06   1.6723633e+02
   4.4897920e+06   4.9377441e+01
   4.4898090e+06   8.1848145e+01
   4.4898260e+06   7.5012207e+01
   4.4898450e+06   5.3894043e+01
   4.4898640e+06   5.6030273e+01
   4.4898780e+06   7.3974609e+01
   4.4898890e+06   7.5500488e+01
   4.4899180e+06   6.2255859e+01
   4.4899390e+06   6.5856934e+01
   4.4899620e+06   5.4016113e+01
   4.4899780e+06   4.9682617e+01
   4.4899960e+06   5.3405762e+01
   4.4900230e+06   7.3181152e+01
   4.4900770e+06   3.7841797e+01
   4.4901040e+06   4.4433594e+01
   4.4901170e+06   6.1767578e+01
   4.4902260e+06   4.3273926e+01
   4.4904790e+06   3.7353516e+01
   4.4908020e+06   3.6682129e+01
   4.4915740e+06   3.7963867e+01
   4.5716260e+06   3.8696289e+01
   4.5716630e+06   4.5654297e+01
   4.5716730e+06   6.0180664e+01
   4.5717010e+06   4.7302246e+01
   4.5717140e+06   1.1309814e+02
   4.5717330e+06   6.0180664e+01
   4.5717560e+06   7.6232910e+01
   4.5717720e+06   1.0119629e+02
   4.5717900e+06   9.1735840e+01
   4.5718020e+06   4.7302246e+01
   4.5718160e+06   8.0200195e+01
   4.5718460e+06   7.1044922e+01
   4.5718770e+06   6.9946289e+01
   4.5718920e+06   7.6293945e+01
   4.5719230e+06   5.9265137e+01
   4.5719490e+06   8.0444336e+01
   4.5719920e+06   4.9804688e+01
   4.5720020e+06   5.8715820e+01
   4.5720220e+06   3.6804199e+01
   4.5720330e+06   6.6162109e+01
   4.5720530e+06   5.3588867e+01
   4.5720820e+06   3.7658691e+01
   4.5721110e+06   6.0852051e+01
   4.5721930e+06   5.0231934e+01
   4.5722940e+06   4.4860840e+01
   4.5725780e+06   3.7902832e+01
   4.5725980e+06   3.7536621e+01
   4.5733980e+06   3.7048340e+01
   4.6419920e+06   4.4006348e+01
   4.6420200e+06   3.7353516e+01
   4.6420410e+06   3.8024902e+01
   4.6420550e+06   1.1267090e+02
   4.6420730e+06   7.5805664e+01
   4.6420940e+06   5.1269531e+01
   4.6421160e+06   7.3303223e+01
   4.6421340e+06   8.0932617e+01
   4.6421510e+06   5.5847168e+01
   4.6421760e+06   5.2246094e+01
   4.6421980e+06   7.5744629e+01
   4.6422150e+06   3.7597656e+01
   4.6422390e+06   1.1334229e+02
   4.6422520e+06   5.1879883e+01
   4.6422720e+06   3.8391113e+01
   4.6422870e+06   4.5043945e+01
   4.6423020e+06   5.1757813e+01
   4.6423150e+06   5.2551270e+01
   4.6423280e+06   4.6325684e+01
   4.6423540e+06   6.6955566e+01
   4.6423840e+06   5.8227539e+01
   4.6424050e+06   6.4697266e+01
   4.6424230e+06   5.2612305e+01
   4.6424600e+06   6.5063477e+01
   4.6424790e+06   4.0100098e+01
   4.6425020e+06   3.9855957e+01
   4.6425270e+06   3.8818359e+01
   4.6425690e+06   3.7170410e+01
   4.6425890e+06   4.7668457e+01
   4.6426560e+06   3.6926270e+01
   4.6428470e+06   5.4382324e+01
   4.6434890e+06   4.2480469e+01
   4.6648180e+06   3.8085938e+01
   4.7031280e+06   5.0659180e+01
   4.7340070e+06   4.6264648e+01
   4.7340880e+06   4.3151855e+01
   4.7341250e+06   5.6762695e+01
   4.7341550e+06   7.9589844e+01
   4.7341740e+06   8.4045410e+01
   4.7341890e+06   9.0515137e+01
   4.7342120e+06   4.8583984e+01
   4.7342420e+06   5.4138184e+01
   4.7342530e+06   4.9072266e+01
   4.7342660e+06   7.1289062e+01
   4.7342920e+06   8.0932617e+01
   4.7343070e+06   4.2663574e+01
   4.7343170e+06   3.9978027e+01
   4.7343430e+06   5.1513672e+01
   4.7343560e+06   6.0729980e+01
   4.7343850e+06   6.8908691e+01
   4.7344050e+06   5.0598145e+01
   4.7344280e+06   4.1931152e+01
   4.7344480e+06   3.8330078e+01
   4.7344640e+06   7.2143555e+01
   4.7344790e+06   8.2824707e+01
   4.7345100e+06   4.2114258e+01
   4.7345260e+06   4.3945313e+01
   4.7345380e+06   7.1533203e+01
   4.7345620e+06   6.7382812e+01
   4.7346390e+06   3.9672852e+01
   4.7346560e+06   4.8522949e+01
   4.7348220e+06   3.8635254e+01
   4.7348490e+06   3.8757324e+01
   4.7352970e+06   3.6987305e+01
   4.7363820e+06   4.0771484e+01
   4.7485830e+06   3.7658691e+01
   4.7981270e+06   3.8818359e+01
   4.8328940e+06   4.1992188e+01
   4.8333210e+06   3.7170410e+01
   4.8337310e+06   3.7170410e+01
   4.8338370e+06   4.4189453e+01
   4.8339330e+06   4.1015625e+01
   4.8339710e+06   4.9682617e+01
   4.8340070e+06   4.1503906e+01
   4.8341390e+06   7.9772949e+01
   4.8342170e+06   4.3457031e+01
   4.8342760e+06   4.0344238e+01
   4.8343310e+06   5.6457520e+01
   4.8343690e+06   4.0710449e+01
   4.8343920e+06   3.8696289e+01
   4.8344170e+06   3.8879395e+01
   4.8344460e+06   4.9194336e+01
   4.8344830e+06   4.6203613e+01
   4.8345500e+06   3.8818359e+01
   4.8345660e+06   4.9316406e+01
   4.8345900e+06   4.9438477e+01
   4.8346440e+06   4.5654297e+01
   4.8347070e+06   4.3090820e+01
   4.8347250e+06   6.6223145e+01
   4.8347510e+06   5.1147461e+01
   4.8347700e+06   4.2297363e+01
   4.8347990e+06   4.0466309e+01
   4.8349370e+06   5.4321289e+01
   4.8349690e+06   3.8757324e+01
   4.8350360e+06   3.6743164e+01
   4.8350910e+06   4.7302246e+01
   4.8352590e+06   4.1442871e+01
   4.8353160e+06   5.5419922e+01
   4.8445840e+06   3.9428711e+01
   4.8733370e+06   4.0954590e+01
   4.8925300e+06   3.7597656e+01
   4.8927770e+06   3.8391113e+01
   4.8928830e+06   5.2673340e+01
   4.8929040e+06   6.5063477e+01
   4.8929290e+06   4.4555664e+01
   4.8929570e+06   7.2570801e+01
   4.8929670e+06   1.0186768e+02
   4.8929930e+06   4.3762207e+01
   4.8930200e+06   5.1025391e+01
   4.8930370e+06   5.2734375e+01
   4.8930530e+06   6.5185547e+01
   4.8930760e+06   4.9865723e+01
   4.8930960e+06   1.0351562e+02
   4.8931290e+06   1.4776611e+02
   4.8931530e+06   7.7270508e+01
   4.8931690e+06   7.4340820e+01
   4.8932090e+06   8.5021973e+01
   4.8932320e+06   7.2875977e+01
   4.8932620e+06   7.2937012e+01
   4.8932780e+06   7.0678711e+01
   4.8932920e+06   4.1809082e+01
   4.8933180e+06   4.9499512e+01
   4.8933420e+06   6.2194824e+01
   4.8933560e+06   5.6640625e+01
   4.8934020e+06   4.3884277e+01
   4.8935990e+06   3.6804199e+01
   4.9628830e+06   3.9550781e+01
   4.9629740e+06   4.8828125e+01
   4.9629910e+06   5.0354004e+01
   4.9630200e+06   4.3090820e+01
   4.9630400e+06   4.0466309e+01
   4.9630780e+06   8.7646484e+01
   4.9630910e+06   5.6335449e+01
   4.9631320e+06   5.7495117e+01
   4.9631630e+06   7.7636719e+01
   4.9631810e+06   8.8195801e+01
   4.9632060e+06   4.0649414e+01
   4.9632210e+06   5.8532715e+01
   4.9632410e+06   4.5776367e+01
   4.9632550e+06   7.0800781e+01
   4.9632780e+06   5.6030273e+01
   4.9632940e+06   8.0017090e+01
   4.9633070e+06   7.3120117e+01
   4.9633280e+06   4.5349121e+01
   4.9633470e+06   4.2114258e+01
   4.9633640e+06   6.0241699e+01
   4.9633880e+06   6.2500000e+01
   4.9634010e+06   8.2336426e+01
   4.9634350e+06   5.6457520e+01
   4.9634490e+06   5.0476074e+01
   4.9634860e+06   4.2419434e+01
   4.9635100e+06   6.1279297e+01
   4.9635340e+06   4.4921875e+01
   4.9635710e+06   4.9560547e+01
   4.9635980e+06   5.4565430e+01
   4.9636270e+06   5.3588867e+01
   4.9636440e+06   5.0415039e+01
   4.9637440e+06   4.6386719e+01
   4.9638040e+06   3.8940430e+01
   4.9638300e+06   4.6813965e+01
   4.9914570e+06   3.7902832e+01
   5.0392990e+06   4.4982910e+01
   5.0636240e+06   3.6682129e+01
   5.1031440e+06   4.1625977e+01
   5.1032930e+06   5.3039551e+01
   5.1033030e+06   4.1992188e+01
   5.1034080e+06   4.2907715e+01
   5.1034570e+06   4.8767090e+01
   5.1034730e+06   4.4738770e+01
   5.1035030e+06   4.2419434e+01
   5.1035490e+06   4.9316406e+01
   5.1035790e+06   6.9702148e+01
   5.1036140e+06   3.6560059e+01
   5.1036330e+06   3.7536621e+01
   5.1036650e+06   4.5715332e+01
   5.1036840e+06   5.0720215e+01
   5.1037270e+06   5.2917480e+01
   5.1037670e+06   5.4443359e+01
   5.1037790e+06   6.2011719e+01
   5.1038070e+06   3.8269043e+01
   5.1039150e+06   6.4086914e+01
   5.1039420e+06   6.8359375e+01
   5.1039530e+06   3.7963867e+01
   5.1039930e+06   5.1391602e+01
   5.1040940e+06   3.9123535e+01
   5.1041350e+06   5.3039551e+01
   5.1041920e+06   3.8024902e+01
   5.1043860e+06   3.9184570e+01
   5.1044200e+06   4.6936035e+01
   5.1045460e+06   3.7902832e+01
   5.1321070e+06   3.7597656e+01
   5.2186280e+06   3.9367676e+01
   5.2187940e+06   4.0710449e+01
   5.2195160e+06   3.8208008e+01
   5.2220120e+06   3.7597656e+01
   5.2604120e+06   3.7353516e+01
   5.2604580e+06   3.8818359e+01
   5.2604790e+06   4.3029785e+01
   5.2604980e+06   5.5541992e+01
   5.2605210e+06   4.8767090e+01
   5.2605480e+06   7.4035645e+01
   5.2605810e+06   6.4208984e+01
   5.2606100e+06   9.3750000e+01
   5.2606210e+06   6.1157227e+01
   5.2606450e+06   7.8491211e+01
   5.2606930e+06   8.2885742e+01
   5.2607250e+06   5.5725098e+01
   5.2607360e+06   1.1584473e+02
   5.2607550e+06   9.0454102e+01
   5.2607760e+06   5.0903320e+01
   5.2608210e+06   9.2773438e+01
   5.2608590e+06   6.2255859e+01
   5.2608730e+06   4.4616699e+01
   5.2608920e+06   4.3701172e+01
   5.2609310e+06   4.1687012e+01
   5.2609630e+06   4.8034668e+01
   5.2610080e+06   5.0354004e+01
   5.2610210e+06   4.6081543e+01
   5.2610490e+06   4.4189453e+01
   5.2610780e+06   4.0161133e+01
   5.3056930e+06   3.8940430e+01
   5.3626710e+06   4.0344238e+01
   5.3627090e+06   4.0222168e+01
   5.3627270e+06   3.6926270e+01
   5.3627770e+06   5.6335449e+01
   5.3628050e+06   6.3964844e+01
   5.3628260e+06   4.4555664e+01
   5.3628450e+06   4.9499512e+01
   5.3628740e+06   1.2127686e+02
   5.3628840e+06   6.3781738e+01
   5.3629030e+06   7.4096680e+01
   5.3629180e+06   4.5349121e+01
   5.3629320e+06   6.7016602e+01
   5.3629540e+06   9.0148926e+01
   5.3629730e+06   7.0190430e+01
   5.3629850e+06   7.8063965e+01
   5.3630170e+06   4.1442871e+01
   5.3630350e+06   1.1761475e+02
   5.3630580e+06   3.6743164e+01
   5.3630690e+06   8.8806152e+01
   5.3631070e+06   4.2541504e+01
   5.3631210e+06   5.8105469e+01
   5.3631330e+06   8.0932617e+01
   5.3631590e+06   6.7016602e+01
   5.3631720e+06   4.5104980e+01
   5.3631890e+06   7.6049805e+01
   5.3632080e+06   4.2724609e+01
   5.3632530e+06   4.7180176e+01
   5.3632800e+06   5.3405762e+01
   5.3633220e+06   5.0781250e+01
   5.3633350e+06   6.3415527e+01
   5.3639560e+06   3.9428711e+01
   5.3808990e+06   3.7597656e+01
   5.4574210e+06   3.7048340e+01
   5.4674240e+06   3.6743164e+01
   5.4903110e+06   4.2236328e+01
   5.4907460e+06   5.2856445e+01
   5.4907820e+06   4.5776367e+01
   5.4907970e+06   5.7006836e+01
   5.4908100e+06   5.9509277e+01
   5.4908320e+06   6.1584473e+01
   5.4908620e+06   1.0498047e+02
   5.4908730e+06   4.8400879e+01
   5.4908890e+06   6.8542480e+01
   5.4909020e+06   5.0231934e+01
   5.4909220e+06   9.2041016e+01
   5.4909400e+06   6.8420410e+01
   5.4909540e+06   7.3852539e+01
   5.4909740e+06   8.7585449e+01
   5.4909940e+06   1.1480713e+02
   5.4910170e+06   1.0217285e+02
   5.4910500e+06   8.8012695e+01
   5.4910690e+06   4.8706055e+01
   5.4910830e+06   4.6630859e+01
   5.4910990e+06   8.2824707e+01
   5.4911230e+06   3.7353516e+01
   5.4911440e+06   6.2805176e+01
   5.4911570e+06   6.6162109e+01
   5.4911720e+06   5.7189941e+01
   5.4911900e+06   4.2541504e+01
   5.4912080e+06   4.5349121e+01
   5.4912230e+06   5.3222656e+01
   5.4912450e+06   3.7719727e+01
   5.4912620e+06   3.6865234e+01
   5.4912840e+06   6.7565918e+01
   5.4916180e+06   3.9733887e+01
   5.4916630e+06   3.6560059e+01
   5.4917830e+06   3.8940430e+01
   5.4918740e+06   3.7841797e+01
   5.5049170e+06   3.6804199e+01
   5.5167870e+06   5.0476074e+01
   5.5168430e+06   5.3955078e+01
   5.5169440e+06   3.8330078e+01
   5.5615460e+06   3.8330078e+01
   5.5617640e+06   3.9550781e+01
   5.6071360e+06   4.4677734e+01
   5.6887360e+06   4.0405273e+01
   5.6887520e+06   5.0354004e+01
   5.6887720e+06   3.9733887e+01
   5.6887850e+06   6.3842773e+01
   5.6888130e+06   4.0588379e+01
   5.6888340e+06   6.7565918e+01
   5.6888500e+06   1.0168457e+02
   5.6888670e+06   6.8969727e+01
   5.6888890e+06   8.7219238e+01
   5.6889380e+06   6.3415527e+01
   5.6889570e+06   1.1303711e+02
   5.6889690e+06   8.0444336e+01
   5.6889800e+06   1.3696289e+02
   5.6890050e+06   1.0034180e+02
   5.6890210e+06   8.2824707e+01
   5.6890450e+06   4.1687012e+01
   5.6890750e+06   6.0546875e+01
   5.6890900e+06   5.1879883e+01
   5.6891160e+06   6.8481445e+01
   5.6891490e+06   4.7546387e+01
   5.6891600e+06   4.3945312e+01
   5.6891750e+06   5.7189941e+01
   5.6891920e+06   5.7983398e+01
   5.6892150e+06   6.7687988e+01
   5.6892840e+06   4.1748047e+01
   5.6896240e+06   3.7597656e+01
   5.7815970e+06   4.3823242e+01
   5.7824510e+06   3.9062500e+01
   5.7827230e+06   5.3100586e+01
   5.7827970e+06   4.1931152e+01
   5.7828530e+06   4.5898438e+01
   5.7829510e+06   4.2053223e+01
   5.7829630e+06   4.5532227e+01
   5.7830430e+06   4.4677734e+01
   5.7830640e+06   3.6804199e+01
   5.7830800e+06   6.1523438e+01
   5.7831180e+06   6.5307617e+01
   5.7831740e+06   4.0466309e+01
   5.7832030e+06   5.1757812e+01
   5.7832310e+06   3.7841797e+01
   5.7833370e+06   5.8776855e+01
   5.7833640e+06   4.2785645e+01
   5.7834160e+06   4.3334961e+01
   5.7834320e+06   3.7963867e+01
   5.7834590e+06   3.7719727e+01
   5.7835200e+06   5.8532715e+01
   5.7835820e+06   6.0058594e+01
   5.7836160e+06   4.2724609e+01
   5.7836680e+06   4.0222168e+01
   5.7838340e+06   3.8208008e+01
   5.7838910e+06   5.3222656e+01
   5.7840790e+06   3.9367676e+01
   5.7841570e+06   3.7292480e+01
   5.7841810e+06   4.2236328e+01
   5.7842830e+06   3.8146973e+01
   5.7843060e+06   4.4372559e+01
   5.7843490e+06   3.7048340e+01
   5.8435090e+06   3.9184570e+01
   5.9926050e+06   3.7109375e+01
