   5.9990000e+06   0.0000000e+00
   1.7240730e+06   2.8930664e+01
   1.7894170e+06   3.1677246e+01
   1.7899080e+06   2.9113770e+01
   1.7908190e+06   2.9602051e+01
   1.8078880e+06   3.0212402e+01
   1.8094210e+06   3.0944824e+01
   1.8290850e+06   2.8869629e+01
   1.8729500e+06   3.0883789e+01
   1.8749190e+06   4.0161133e+01
   1.8749330e+06   3.5339355e+01
   1.8749800e+06   3.3630371e+01
   1.8749990e+06   2.9174805e+01
   1.9255020e+06   2.9296875e+01
   1.9375960e+06   3.0395508e+01
   2.0060760e+06   2.8869629e+01
   2.0320630e+06   2.8747559e+01
   2.4099310e+06   2.5341797e+02
   2.4099560e+06   5.8410645e+01
   4.0198930e+06   2.8625488e+01
