   5.9990000e+06   0.0000000e+00
   1.1158300e+05   1.0498047e+01
   1.7308220e+06   1.0498047e+01
   1.7767780e+06   1.0437012e+01
   1.8749170e+06   1.0864258e+01
   1.8749310e+06   1.0803223e+01
   1.8749750e+06   1.0925293e+01
   1.8750010e+06   1.4160156e+01
   1.8750350e+06   1.1901855e+01
   2.1888220e+06   1.0559082e+01
   2.3321860e+06   1.0864258e+01
   2.4267340e+06   1.0437012e+01
   3.0074080e+06   1.0498047e+01
   3.1241500e+06   1.0742188e+01
   3.7797270e+06   1.0559082e+01
   4.1156640e+06   1.1413574e+01
   4.8289140e+06   1.0681152e+01
   5.7770850e+06   1.0559082e+01
   5.9360780e+06   1.0375977e+01
