   5.9990000e+06   0.0000000e+00
   3.4961000e+04   3.5766602e+01
   3.5250000e+04   3.5278320e+01
   3.5452000e+04   3.2958984e+01
   8.0487000e+04   2.8076172e+01
   8.3859000e+04   3.0822754e+01
   9.2543000e+04   2.8137207e+01
   9.3786000e+04   3.0639648e+01
   9.4341000e+04   2.9357910e+01
   1.2062300e+05   3.1921387e+01
   1.2077100e+05   2.9113770e+01
   1.5758000e+05   3.1250000e+01
   1.5766200e+05   3.0456543e+01
   1.5772200e+05   3.0090332e+01
   1.5780300e+05   3.1738281e+01
   1.5781500e+05   3.0822754e+01
   1.9863900e+05   4.0954590e+01
   1.9888800e+05   3.0151367e+01
   2.2905000e+05   3.0578613e+01
   2.2907400e+05   5.8532715e+01
   2.2910400e+05   3.2897949e+01
   2.2913200e+05   3.3630371e+01
   2.2914800e+05   3.6926270e+01
   2.2916600e+05   2.9235840e+01
   2.2917900e+05   5.0048828e+01
   2.2921000e+05   4.4555664e+01
   2.2923400e+05   3.1555176e+01
   2.2926700e+05   3.7597656e+01
   2.2931000e+05   4.1442871e+01
   2.2938600e+05   3.9794922e+01
   2.2940800e+05   3.0761719e+01
   2.2943200e+05   3.0639648e+01
   2.2947200e+05   4.4311523e+01
   2.2949600e+05   3.0639648e+01
   2.2954800e+05   3.0700684e+01
   2.2966000e+05   2.9663086e+01
   2.2980700e+05   3.0822754e+01
   2.2985500e+05   3.0334473e+01
   2.3055200e+05   2.8198242e+01
   2.4989600e+05   3.6437988e+01
   2.4993200e+05   3.5400391e+01
   2.4997300e+05   2.8625488e+01
   2.5004000e+05   3.2836914e+01
   2.5006100e+05   3.3203125e+01
   2.5008000e+05   3.3996582e+01
   2.5010300e+05   3.9245605e+01
   2.5014900e+05   2.9907227e+01
   2.5020800e+05   2.9418945e+01
   2.5023900e+05   2.9479980e+01
   2.5027600e+05   2.9907227e+01
   2.5031000e+05   3.1188965e+01
   2.5035900e+05   3.9916992e+01
   2.5048000e+05   2.9174805e+01
   2.5058000e+05   3.4973145e+01
   2.8798100e+05   3.3142090e+01
   2.8803000e+05   3.1799316e+01
   2.8806500e+05   2.9602051e+01
   2.8814200e+05   3.1005859e+01
   2.8825600e+05   3.2104492e+01
   2.8829900e+05   2.8625488e+01
   2.8831200e+05   4.0954590e+01
   2.8838800e+05   3.6926270e+01
   2.8843600e+05   2.9357910e+01
   2.8851800e+05   3.1311035e+01
   3.1883900e+05   3.5827637e+01
   3.1891100e+05   2.9541016e+01
   3.1892900e+05   2.8991699e+01
   3.1906600e+05   2.8259277e+01
   3.5072700e+05   2.8564453e+01
   3.5078800e+05   3.3508301e+01
   3.5080200e+05   3.2348633e+01
   3.5089000e+05   2.8686523e+01
   3.5106100e+05   3.1616211e+01
   3.5115400e+05   2.8442383e+01
   3.5132500e+05   2.8747559e+01
   3.6096100e+05   2.8686523e+01
   3.6099800e+05   2.8564453e+01
   3.6106100e+05   3.2836914e+01
   3.6109500e+05   2.9479980e+01
   3.6115500e+05   4.9804688e+01
   3.6117900e+05   3.9978027e+01
   3.6123400e+05   2.9357910e+01
   3.6125300e+05   3.1982422e+01
   3.6127100e+05   3.1677246e+01
   3.6129000e+05   3.9062500e+01
   3.6130600e+05   4.6813965e+01
   3.6138400e+05   2.9602051e+01
   3.6144400e+05   3.2714844e+01
   3.6146400e+05   3.2836914e+01
   3.6148600e+05   3.1982422e+01
   3.6151100e+05   2.9235840e+01
   3.6153500e+05   4.4860840e+01
   3.6156300e+05   3.0639648e+01
   3.6158200e+05   3.4240723e+01
   3.6163300e+05   3.3630371e+01
   3.6226900e+05   2.7954102e+01
   3.8643900e+05   2.9296875e+01
   3.8654500e+05   3.3813477e+01
   3.8680000e+05   2.8747559e+01
   3.8696600e+05   2.8747559e+01
   4.2131600e+05   2.7954102e+01
   4.2132600e+05   2.8625488e+01
   4.2144200e+05   3.1860352e+01
   4.2152200e+05   2.8015137e+01
   4.2165500e+05   3.3203125e+01
   4.2170900e+05   2.9418945e+01
   4.2194600e+05   2.8320313e+01
   4.2230100e+05   2.8930664e+01
   4.4197100e+05   3.2592773e+01
   4.4205000e+05   3.1494141e+01
   4.4214400e+05   3.1311035e+01
   4.4223000e+05   3.0639648e+01
   4.4224300e+05   3.0944824e+01
   4.4232400e+05   2.8930664e+01
   4.4243300e+05   2.8564453e+01
   4.6555500e+05   3.6499023e+01
   4.6562500e+05   3.0517578e+01
   4.6566200e+05   2.9235840e+01
   4.9318700e+05   2.9174805e+01
   4.9324400e+05   2.9602051e+01
   4.9337600e+05   3.5034180e+01
   4.9347900e+05   3.3264160e+01
   4.9350600e+05   2.8076172e+01
   5.1602400e+05   2.9785156e+01
   5.1604700e+05   3.1555176e+01
   5.1651600e+05   2.8076172e+01
   5.1653000e+05   2.9785156e+01
   5.1664200e+05   2.7954102e+01
   5.3788400e+05   3.1738281e+01
   5.3794000e+05   3.5034180e+01
   5.3795600e+05   2.9357910e+01
   5.3799700e+05   2.8381348e+01
   5.3819300e+05   2.9052734e+01
   5.3851800e+05   2.9785156e+01
   5.3868300e+05   2.9296875e+01
   5.7011100e+05   2.9907227e+01
   5.7017500e+05   2.9724121e+01
   5.7027000e+05   3.1982422e+01
   5.8424400e+05   2.9113770e+01
   5.9929200e+05   2.8198242e+01
   5.9933500e+05   2.8747559e+01
   5.9998500e+05   2.8503418e+01
   6.1260700e+05   2.8381348e+01
   6.2541400e+05   2.9113770e+01
   6.2567200e+05   2.8137207e+01
   6.5542300e+05   3.3386230e+01
   6.5549300e+05   3.0029297e+01
   6.7359300e+05   3.5034180e+01
   6.8986700e+05   3.2165527e+01
   6.9948600e+05   2.8686523e+01
   6.9955400e+05   2.9357910e+01
   6.9959400e+05   3.7109375e+01
   6.9961600e+05   3.5217285e+01
   6.9966300e+05   3.1188965e+01
   7.4100600e+05   2.9052734e+01
   7.4307800e+05   3.1860352e+01
   7.7368500e+05   3.0456543e+01
   7.7373400e+05   2.8747559e+01
   7.7394700e+05   2.9357910e+01
   8.0182800e+05   2.9541016e+01
   8.3852300e+05   2.9235840e+01
   8.6228800e+05   2.8991699e+01
   8.6231000e+05   3.1005859e+01
   8.6235400e+05   3.6743164e+01
   8.6240800e+05   3.5644531e+01
   8.6245000e+05   5.0170898e+01
   8.6249900e+05   3.9306641e+01
   8.6252900e+05   3.6865234e+01
   8.6254500e+05   3.2653809e+01
   8.6262500e+05   3.1921387e+01
   8.6266300e+05   3.0334473e+01
   8.6270200e+05   2.9296875e+01
   8.6271800e+05   3.3142090e+01
   8.6273600e+05   3.3325195e+01
   8.6276800e+05   2.8930664e+01
   8.6278200e+05   3.6254883e+01
   8.6283300e+05   2.9235840e+01
   8.6309000e+05   2.8320313e+01
   8.6353800e+05   2.8808594e+01
   8.8156600e+05   2.9174805e+01
   8.8179900e+05   2.8747559e+01
   8.8184200e+05   4.0222168e+01
   8.8190400e+05   3.2287598e+01
   8.8213600e+05   2.9174805e+01
   8.8226700e+05   2.9052734e+01
   8.9368700e+05   2.8320313e+01
   8.9723700e+05   2.9663086e+01
   8.9729500e+05   2.8381348e+01
   8.9732300e+05   3.4057617e+01
   8.9735300e+05   3.1738281e+01
   8.9740300e+05   3.8146973e+01
   8.9742400e+05   3.6315918e+01
   8.9751400e+05   3.0944824e+01
   8.9760900e+05   3.1005859e+01
   8.9767400e+05   4.3579102e+01
   8.9769600e+05   3.4851074e+01
   8.9771900e+05   3.5095215e+01
   8.9773700e+05   3.7231445e+01
   8.9781600e+05   3.0578613e+01
   8.9783100e+05   2.9296875e+01
   8.9785200e+05   2.9846191e+01
   8.9790500e+05   3.1799316e+01
   8.9792500e+05   4.6569824e+01
   8.9794700e+05   3.2470703e+01
   8.9800300e+05   2.8930664e+01
   8.9803500e+05   3.4790039e+01
   8.9811400e+05   3.0090332e+01
   8.9816300e+05   2.9174805e+01
   8.9836500e+05   3.3935547e+01
   8.9853600e+05   3.3935547e+01
   8.9856900e+05   2.8198242e+01
   8.9872000e+05   2.8076172e+01
   8.9886400e+05   3.4118652e+01
   9.5287100e+05   4.7119141e+01
   9.5291100e+05   3.2958984e+01
   9.5293800e+05   4.1564941e+01
   9.5295800e+05   5.0231934e+01
   9.5297600e+05   4.2663574e+01
   9.5301500e+05   4.4372559e+01
   9.5302900e+05   2.9968262e+01
   9.5310000e+05   3.9611816e+01
   9.5313400e+05   3.6621094e+01
   9.5315000e+05   3.9794922e+01
   9.5317900e+05   3.1921387e+01
   9.5320800e+05   3.2653809e+01
   9.5323800e+05   3.9367676e+01
   9.5326700e+05   3.9489746e+01
   9.5330200e+05   3.0761719e+01
   9.5336500e+05   2.8076172e+01
   9.5384300e+05   2.9235840e+01
   9.5456500e+05   3.0822754e+01
   9.5478200e+05   3.1372070e+01
   9.5513000e+05   3.0273438e+01
   9.6455600e+05   3.8696289e+01
   9.6457000e+05   2.8259277e+01
   9.6459600e+05   3.5400391e+01
   9.6461600e+05   3.5583496e+01
   9.6465900e+05   3.7109375e+01
   9.6472900e+05   3.6865234e+01
   9.6477200e+05   2.8015137e+01
   9.6479400e+05   3.8818359e+01
   9.6481200e+05   3.1677246e+01
   9.6483400e+05   4.3945312e+01
   9.6485100e+05   4.8339844e+01
   9.6488200e+05   3.7841797e+01
   9.6490700e+05   3.2775879e+01
   9.6493500e+05   3.4973145e+01
   9.6495800e+05   3.6376953e+01
   9.6500100e+05   3.1616211e+01
   9.6623200e+05   2.9479980e+01
   9.6643300e+05   2.8381348e+01
   9.6674100e+05   2.8381348e+01
   9.6710900e+05   3.0212402e+01
   9.7650500e+05   3.1311035e+01
   9.7669800e+05   4.0405273e+01
   9.7674000e+05   3.6499023e+01
   9.7675800e+05   2.8259277e+01
   9.7677200e+05   3.5949707e+01
   9.7680200e+05   4.3334961e+01
   9.7681500e+05   3.3813477e+01
   9.7684000e+05   2.9724121e+01
   9.7685800e+05   4.9133301e+01
   9.7688600e+05   3.5034180e+01
   9.7690800e+05   3.1616211e+01
   9.7694100e+05   2.9785156e+01
   9.7699800e+05   4.3457031e+01
   9.7702800e+05   3.0700684e+01
   9.7707100e+05   3.4667969e+01
   9.7710200e+05   3.7109375e+01
   9.7713200e+05   2.8686523e+01
   9.7807600e+05   2.9418945e+01
   9.7902100e+05   2.8320312e+01
   9.9023100e+05   3.0700684e+01
   9.9029400e+05   2.9602051e+01
   9.9034200e+05   2.9418945e+01
   9.9038700e+05   2.9357910e+01
   9.9039800e+05   4.9621582e+01
   9.9042700e+05   2.8076172e+01
   9.9045300e+05   3.5278320e+01
   9.9048200e+05   4.0954590e+01
   9.9050800e+05   4.3334961e+01
   9.9052200e+05   2.9174805e+01
   9.9054000e+05   3.8635254e+01
   9.9058400e+05   4.0710449e+01
   9.9060500e+05   2.9663086e+01
   9.9063500e+05   3.8757324e+01
   9.9068000e+05   2.8320313e+01
   9.9070700e+05   3.8940430e+01
   9.9079100e+05   2.8503418e+01
   9.9085600e+05   3.1005859e+01
   9.9197500e+05   2.8686523e+01
   9.9221500e+05   2.8198242e+01
   9.9237300e+05   2.8808594e+01
   1.0075980e+06   4.1992188e+01
   1.0076230e+06   5.6335449e+01
   1.0076410e+06   3.8940430e+01
   1.0076690e+06   5.9509277e+01
   1.0076800e+06   2.8869629e+01
   1.0076900e+06   3.4606934e+01
   1.0077140e+06   7.0129395e+01
   1.0078050e+06   3.2714844e+01
   1.0078370e+06   3.5217285e+01
   1.0078500e+06   3.3508301e+01
   1.0078790e+06   4.0100098e+01
   1.0079250e+06   3.3203125e+01
   1.0079530e+06   3.0151367e+01
   1.0079950e+06   3.3935547e+01
   1.0080220e+06   3.0273438e+01
   1.0081070e+06   3.4667969e+01
   1.0081700e+06   3.3325195e+01
   1.0083090e+06   3.0273438e+01
   1.0084330e+06   3.4851074e+01
   1.0085280e+06   2.9113770e+01
   1.0087750e+06   2.8991699e+01
   1.0090770e+06   3.4179688e+01
   1.0094360e+06   2.8686523e+01
   1.0099960e+06   2.8137207e+01
   1.0255760e+06   3.5034180e+01
   1.0256030e+06   3.4301758e+01
   1.0256190e+06   3.3508301e+01
   1.0256560e+06   4.1931152e+01
   1.0256740e+06   3.8940430e+01
   1.0256870e+06   3.6071777e+01
   1.0257100e+06   4.1503906e+01
   1.0257240e+06   2.7954102e+01
   1.0257540e+06   4.0344238e+01
   1.0258110e+06   4.2907715e+01
   1.0258250e+06   3.0456543e+01
   1.0258480e+06   2.9724121e+01
   1.0258660e+06   2.9174805e+01
   1.0258800e+06   4.5959473e+01
   1.0259030e+06   3.5461426e+01
   1.0259670e+06   2.8808594e+01
   1.0260190e+06   2.9907227e+01
   1.0262040e+06   2.9479980e+01
   1.0264140e+06   2.8198242e+01
   1.0265330e+06   2.7954102e+01
   1.0273560e+06   3.0456543e+01
   1.0275300e+06   2.8381348e+01
   1.0423680e+06   3.5217285e+01
   1.0423900e+06   4.4128418e+01
   1.0424040e+06   4.0771484e+01
   1.0424160e+06   4.0771484e+01
   1.0424420e+06   4.6020508e+01
   1.0424740e+06   4.6752930e+01
   1.0424840e+06   3.4484863e+01
   1.0425130e+06   4.8706055e+01
   1.0425300e+06   3.2653809e+01
   1.0425940e+06   3.3325195e+01
   1.0426340e+06   2.9052734e+01
   1.0426500e+06   3.0029297e+01
   1.0426860e+06   4.1015625e+01
   1.0427240e+06   3.0700684e+01
   1.0427420e+06   3.5095215e+01
   1.0428020e+06   3.0151367e+01
   1.0428260e+06   2.8991699e+01
   1.0429130e+06   2.8747559e+01
   1.0432770e+06   2.8991699e+01
   1.0435450e+06   2.9785156e+01
   1.0440790e+06   3.3813477e+01
   1.0600510e+06   5.8532715e+01
   1.0600820e+06   5.0598145e+01
   1.0600950e+06   4.7546387e+01
   1.0601100e+06   3.5217285e+01
   1.0601230e+06   3.3569336e+01
   1.0601630e+06   5.9875488e+01
   1.0602000e+06   3.1127930e+01
   1.0602150e+06   4.1625977e+01
   1.0602630e+06   2.8991699e+01
   1.0602770e+06   5.4565430e+01
   1.0603220e+06   3.3081055e+01
   1.0603410e+06   3.3630371e+01
   1.0603670e+06   3.1433105e+01
   1.0604060e+06   3.3508301e+01
   1.0604400e+06   2.9113770e+01
   1.0612570e+06   2.9357910e+01
   1.0613820e+06   3.1188965e+01
   1.1159720e+06   2.8503418e+01
   1.1160010e+06   4.9865723e+01
   1.1160270e+06   8.0322266e+01
   1.1160590e+06   2.8808594e+01
   1.1160980e+06   3.9306641e+01
   1.1161140e+06   4.0954590e+01
   1.1161380e+06   2.9174805e+01
   1.1161530e+06   3.0822754e+01
   1.1162040e+06   3.6254883e+01
   1.1162380e+06   3.0395508e+01
   1.1162590e+06   3.2592773e+01
   1.1162860e+06   4.3212891e+01
   1.1163260e+06   2.8869629e+01
   1.1163430e+06   3.1005859e+01
   1.1164180e+06   3.1799316e+01
   1.1179310e+06   2.9174805e+01
   1.1647520e+06   3.0212402e+01
   1.1896310e+06   3.0639648e+01
   1.1896610e+06   4.4555664e+01
   1.1896940e+06   3.9062500e+01
   1.1897140e+06   3.5278320e+01
   1.1897550e+06   5.1635742e+01
   1.1897830e+06   3.4362793e+01
   1.1898450e+06   2.9052734e+01
   1.1898580e+06   3.2592773e+01
   1.1899250e+06   2.8076172e+01
   1.1899600e+06   3.6010742e+01
   1.1899820e+06   4.1870117e+01
   1.1900270e+06   3.0822754e+01
   1.1900410e+06   2.9785156e+01
   1.1912820e+06   3.2897949e+01
   1.2494440e+06   2.8869629e+01
   1.2494810e+06   3.7780762e+01
   1.2494920e+06   4.2724609e+01
   1.2495290e+06   3.6560059e+01
   1.2495590e+06   4.2236328e+01
   1.2495710e+06   3.6743164e+01
   1.2495880e+06   5.9875488e+01
   1.2496090e+06   3.0883789e+01
   1.2496250e+06   3.4484863e+01
   1.2496380e+06   3.3752441e+01
   1.2496620e+06   2.8564453e+01
   1.2496860e+06   3.0639648e+01
   1.2497280e+06   3.2409668e+01
   1.2497680e+06   3.0334473e+01
   1.2497940e+06   3.2104492e+01
   1.2498300e+06   3.0029297e+01
   1.2498820e+06   3.0151367e+01
   1.2500450e+06   2.9052734e+01
   1.2505270e+06   2.8808594e+01
   1.2507400e+06   2.8686523e+01
   1.3154130e+06   3.2104492e+01
   1.3154310e+06   2.9541016e+01
   1.3154470e+06   4.3273926e+01
   1.3154810e+06   4.0710449e+01
   1.3155150e+06   3.5339355e+01
   1.3155260e+06   2.8503418e+01
   1.3155500e+06   5.0964355e+01
   1.3155610e+06   4.3212891e+01
   1.3155900e+06   3.0883789e+01
   1.3156280e+06   3.3386230e+01
   1.3156860e+06   3.1555176e+01
   1.3157040e+06   5.2612305e+01
   1.3157510e+06   3.2470703e+01
   1.3158050e+06   3.3508301e+01
   1.3158400e+06   2.9724121e+01
   1.3161610e+06   2.8564453e+01
   1.3163480e+06   3.0090332e+01
   1.3164630e+06   2.8015137e+01
   1.3277370e+06   2.9052734e+01
   1.3278650e+06   2.8991699e+01
   1.3279710e+06   2.9785156e+01
   1.3279940e+06   3.4301758e+01
   1.3280040e+06   3.3935547e+01
   1.3280370e+06   3.8391113e+01
   1.3280660e+06   3.9367676e+01
   1.3281030e+06   3.0639648e+01
   1.3281450e+06   3.8635254e+01
   1.3281840e+06   4.3884277e+01
   1.3282120e+06   3.1066895e+01
   1.3282360e+06   3.4729004e+01
   1.3282670e+06   3.4912109e+01
   1.3284550e+06   3.3996582e+01
   1.3284840e+06   2.9174805e+01
   1.3288600e+06   2.8442383e+01
   1.3294970e+06   2.8564453e+01
   1.3381880e+06   3.8574219e+01
   1.3382240e+06   2.9235840e+01
   1.3382410e+06   3.6926270e+01
   1.3382530e+06   3.9001465e+01
   1.3382970e+06   4.5410156e+01
   1.3383150e+06   3.0944824e+01
   1.3383320e+06   3.1311035e+01
   1.3383430e+06   4.5776367e+01
   1.3383890e+06   3.1738281e+01
   1.3384050e+06   3.0273438e+01
   1.3384360e+06   3.6560059e+01
   1.3385010e+06   3.0395508e+01
   1.3385860e+06   2.8930664e+01
   1.3387000e+06   2.8808594e+01
   1.3387300e+06   3.1066895e+01
   1.3388500e+06   3.2104492e+01
   1.3451630e+06   3.4545898e+01
   1.3452450e+06   2.8686523e+01
   1.3452750e+06   2.8564453e+01
   1.3453410e+06   3.7719727e+01
   1.3454120e+06   3.1494141e+01
   1.3454290e+06   4.0039062e+01
   1.3454490e+06   3.6743164e+01
   1.3454860e+06   4.0832520e+01
   1.3455000e+06   3.0151367e+01
   1.3455630e+06   3.9367676e+01
   1.3456170e+06   3.3752441e+01
   1.3456270e+06   3.9062500e+01
   1.3457360e+06   3.7841797e+01
   1.3457870e+06   2.8015137e+01
   1.3461280e+06   3.3996582e+01
   1.3461710e+06   3.4179688e+01
   1.4977500e+06   3.8513184e+01
   1.4978200e+06   3.7658691e+01
   1.4978430e+06   3.4179688e+01
   1.4979260e+06   3.0944824e+01
   1.4980850e+06   3.4118652e+01
   1.4981280e+06   2.9663086e+01
   1.4981600e+06   4.0588379e+01
   1.4981820e+06   2.8808594e+01
   1.4983120e+06   3.5522461e+01
   1.4985360e+06   3.1188965e+01
   1.5431630e+06   3.4240723e+01
   1.5432120e+06   3.8452148e+01
   1.5432520e+06   3.6071777e+01
   1.5432820e+06   3.1311035e+01
   1.5433130e+06   3.4301758e+01
   1.5433340e+06   2.9785156e+01
   1.5433790e+06   3.5888672e+01
   1.5434340e+06   5.2612305e+01
   1.5434840e+06   4.2907715e+01
   1.5435640e+06   3.8940430e+01
   1.5435830e+06   3.7658691e+01
   1.5436090e+06   2.9296875e+01
   1.5436230e+06   4.1198730e+01
   1.5436510e+06   2.9357910e+01
   1.5436650e+06   3.7048340e+01
   1.5436950e+06   3.4362793e+01
   1.5437490e+06   3.1250000e+01
   1.5443120e+06   2.9907227e+01
   1.6595750e+06   3.1433105e+01
   1.6597940e+06   2.9052734e+01
   1.6598580e+06   3.2653809e+01
   1.6599390e+06   2.7954102e+01
   1.6599600e+06   4.5166016e+01
   1.6600040e+06   2.8869629e+01
   1.6600760e+06   3.5156250e+01
   1.6601010e+06   4.4982910e+01
   1.6601350e+06   3.7719727e+01
   1.6601560e+06   3.1005859e+01
   1.6601950e+06   3.5827637e+01
   1.6602320e+06   3.9611816e+01
   1.6602810e+06   2.9479980e+01
   1.6603420e+06   3.1250000e+01
   1.6604630e+06   3.0334473e+01
   1.6605340e+06   2.9907227e+01
   1.7413650e+06   3.3203125e+01
   1.7414170e+06   2.8381348e+01
   1.7414770e+06   3.1066895e+01
   1.7416530e+06   2.8930664e+01
   1.7417410e+06   2.8381348e+01
   1.7418870e+06   2.9602051e+01
   1.7419110e+06   3.2409668e+01
   1.7421000e+06   3.0639648e+01
   1.7421940e+06   3.2287598e+01
   1.7423390e+06   3.3874512e+01
   1.7866330e+06   3.0639648e+01
   1.7909300e+06   2.8259277e+01
   1.7910280e+06   2.8442383e+01
   1.8035280e+06   3.0883789e+01
   1.8088790e+06   2.8076172e+01
   1.8107550e+06   2.8137207e+01
   1.8231070e+06   3.5461426e+01
   1.8321920e+06   3.0456543e+01
   1.8333000e+06   2.8198242e+01
   1.8366700e+06   2.9541016e+01
   1.8749040e+06   3.0334473e+01
   1.8749210e+06   4.5532227e+01
   1.8749400e+06   2.9357910e+01
   1.8749850e+06   2.8442383e+01
   1.8837560e+06   3.5949707e+01
   1.8838170e+06   2.8686523e+01
   1.8838300e+06   3.3569336e+01
   1.8838690e+06   3.7719727e+01
   1.8838970e+06   3.5949707e+01
   1.8839120e+06   3.3142090e+01
   1.8839580e+06   4.1564941e+01
   1.8839880e+06   4.1259766e+01
   1.8840020e+06   4.1748047e+01
   1.8840220e+06   4.1809082e+01
   1.8840440e+06   5.3894043e+01
   1.8840750e+06   4.2846680e+01
   1.8841150e+06   2.9968262e+01
   1.8841280e+06   3.5217285e+01
   1.8841520e+06   5.2001953e+01
   1.8841820e+06   3.3630371e+01
   1.8842300e+06   3.5644531e+01
   1.8842520e+06   4.0771484e+01
   1.8842960e+06   3.4912109e+01
   1.8843530e+06   3.1066895e+01
   1.8846200e+06   2.9785156e+01
   1.8978140e+06   2.9724121e+01
   1.9441350e+06   3.1982422e+01
   1.9442140e+06   3.0517578e+01
   1.9442550e+06   3.6437988e+01
   1.9442960e+06   5.2124023e+01
   1.9443090e+06   5.7434082e+01
   1.9443530e+06   3.2775879e+01
   1.9443750e+06   5.5969238e+01
   1.9443940e+06   4.1015625e+01
   1.9444040e+06   2.8137207e+01
   1.9444380e+06   2.9235840e+01
   1.9444540e+06   4.1992188e+01
   1.9444710e+06   4.1931152e+01
   1.9445020e+06   3.2958984e+01
   1.9445340e+06   5.0842285e+01
   1.9445590e+06   3.4301758e+01
   1.9445850e+06   3.5278320e+01
   1.9446140e+06   4.9255371e+01
   1.9446380e+06   3.1372070e+01
   1.9446640e+06   3.2348633e+01
   1.9447060e+06   3.5217285e+01
   1.9447330e+06   3.3264160e+01
   1.9447790e+06   4.0649414e+01
   1.9448440e+06   4.6020508e+01
   1.9448570e+06   3.1250000e+01
   1.9448930e+06   2.9663086e+01
   1.9451230e+06   2.8442383e+01
   1.9452430e+06   2.9174805e+01
   1.9453000e+06   3.3264160e+01
   2.0156570e+06   2.9418945e+01
   2.0165060e+06   2.8564453e+01
   2.0354920e+06   2.7954102e+01
   2.0355120e+06   3.2897949e+01
   2.0355430e+06   3.4729004e+01
   2.0355720e+06   4.0039062e+01
   2.0355990e+06   4.4067383e+01
   2.0356550e+06   3.0761719e+01
   2.0356750e+06   3.2775879e+01
   2.0357210e+06   4.4799805e+01
   2.0357590e+06   4.9133301e+01
   2.0357870e+06   4.2785645e+01
   2.0358140e+06   3.3691406e+01
   2.0358360e+06   5.6274414e+01
   2.0358620e+06   4.3823242e+01
   2.0358890e+06   3.0883789e+01
   2.0359100e+06   4.6386719e+01
   2.0359300e+06   4.1870117e+01
   2.0359710e+06   3.7414551e+01
   2.0359930e+06   3.0700684e+01
   2.0360350e+06   2.9296875e+01
   2.0360550e+06   3.8696289e+01
   2.0361760e+06   3.1005859e+01
   2.0363630e+06   2.9113770e+01
   2.0515490e+06   2.9846191e+01
   2.0515980e+06   2.8686523e+01
   2.0517240e+06   2.8198242e+01
   2.0517510e+06   2.9663086e+01
   2.0518190e+06   3.0944824e+01
   2.0518640e+06   2.9235840e+01
   2.0519410e+06   2.9113770e+01
   2.0519660e+06   3.2653809e+01
   2.0519970e+06   3.1494141e+01
   2.0522350e+06   3.4667969e+01
   2.0524320e+06   3.1005859e+01
   2.0525460e+06   2.9541016e+01
   2.0528690e+06   2.8137207e+01
   2.0763200e+06   3.0151367e+01
   2.0909910e+06   2.8503418e+01
   2.1348280e+06   2.8686523e+01
   2.1496450e+06   2.7954102e+01
   2.2331520e+06   2.9907227e+01
   2.2332510e+06   3.1494141e+01
   2.2332710e+06   2.9357910e+01
   2.2333280e+06   3.1188965e+01
   2.2333660e+06   2.9235840e+01
   2.2333790e+06   3.1433105e+01
   2.2334100e+06   3.6254883e+01
   2.2334370e+06   2.9235840e+01
   2.2334620e+06   4.2419434e+01
   2.2335000e+06   2.8808594e+01
   2.2335770e+06   3.1433105e+01
   2.2336090e+06   3.1738281e+01
   2.2336640e+06   3.0029297e+01
   2.2337020e+06   3.1311035e+01
   2.2337270e+06   4.8645020e+01
   2.2337750e+06   2.9296875e+01
   2.2338620e+06   3.1738281e+01
   2.2361250e+06   3.0700684e+01
   2.3460600e+06   2.8076172e+01
   2.3475880e+06   2.9602051e+01
   2.3477060e+06   3.0029297e+01
   2.3478140e+06   2.8808594e+01
   2.3479170e+06   3.1433105e+01
   2.3480340e+06   3.1311035e+01
   2.3486720e+06   2.8076172e+01
   2.3492750e+06   2.9785156e+01
   2.3833790e+06   3.1921387e+01
   2.3833980e+06   3.0029297e+01
   2.3834410e+06   3.0944824e+01
   2.3834710e+06   3.1311035e+01
   2.3835160e+06   3.1127930e+01
   2.3835330e+06   3.4057617e+01
   2.3837190e+06   3.5400391e+01
   2.3837470e+06   3.7292480e+01
   2.3838720e+06   3.0761719e+01
   2.3840130e+06   3.1555176e+01
   2.4031060e+06   3.3081055e+01
   2.4031560e+06   3.6560059e+01
   2.4031870e+06   2.8015137e+01
   2.4032100e+06   2.9785156e+01
   2.4032480e+06   3.1372070e+01
   2.4032740e+06   4.4006348e+01
   2.4033320e+06   4.2175293e+01
   2.4033630e+06   3.0944824e+01
   2.4034360e+06   5.5480957e+01
   2.4035040e+06   3.0029297e+01
   2.4035820e+06   2.8991699e+01
   2.4036370e+06   2.9968262e+01
   2.4036640e+06   3.1555176e+01
   2.4036990e+06   3.4667969e+01
   2.4099310e+06   2.6617432e+02
   2.4099560e+06   5.9204102e+01
   2.4593120e+06   2.9052734e+01
   2.4595160e+06   3.3630371e+01
   2.4596420e+06   2.9357910e+01
   2.4962380e+06   3.2348633e+01
   2.4963020e+06   3.1555176e+01
   2.4963140e+06   3.5034180e+01
   2.4963400e+06   3.3203125e+01
   2.4963820e+06   2.9235840e+01
   2.4964000e+06   3.0273438e+01
   2.4964190e+06   3.0639648e+01
   2.4964490e+06   5.3100586e+01
   2.4964960e+06   2.8869629e+01
   2.4965070e+06   3.5339355e+01
   2.4965840e+06   3.6926270e+01
   2.4966390e+06   3.1799316e+01
   2.4966630e+06   3.6621094e+01
   2.4966980e+06   3.6743164e+01
   2.4967580e+06   3.6193848e+01
   2.4968030e+06   4.4006348e+01
   2.4968450e+06   2.9479980e+01
   2.4969030e+06   2.8259277e+01
   2.4970000e+06   2.8747559e+01
   2.4970270e+06   2.8625488e+01
   2.4975710e+06   2.8137207e+01
   2.6279050e+06   2.9113770e+01
   2.6842360e+06   3.4179688e+01
   2.6843070e+06   3.5705566e+01
   2.6843260e+06   3.2470703e+01
   2.6844180e+06   3.5766602e+01
   2.6844710e+06   3.4545898e+01
   2.6845990e+06   2.9235840e+01
   2.6846900e+06   2.8320312e+01
   2.7590250e+06   2.8137207e+01
   2.7881760e+06   2.9602051e+01
   2.7882420e+06   3.0334473e+01
   2.7882930e+06   3.4667969e+01
   2.7883970e+06   3.8879395e+01
   2.7884250e+06   5.1330566e+01
   2.7884870e+06   3.8269043e+01
   2.7885330e+06   3.3325195e+01
   2.7885820e+06   4.2236328e+01
   2.7886200e+06   3.6804199e+01
   2.7886590e+06   3.0090332e+01
   2.7887010e+06   3.5095215e+01
   2.7887450e+06   3.3508301e+01
   2.7887800e+06   3.0151367e+01
   2.7888040e+06   2.9907227e+01
   2.7888440e+06   3.4362793e+01
   2.7888610e+06   4.3334961e+01
   2.7895000e+06   2.9968262e+01
   2.7897500e+06   3.0944824e+01
   2.9391690e+06   2.9907227e+01
   2.9392970e+06   3.2226562e+01
   2.9393320e+06   3.7292480e+01
   2.9393780e+06   3.1311035e+01
   2.9393980e+06   2.8625488e+01
   2.9394410e+06   3.1738281e+01
   2.9394760e+06   3.1005859e+01
   2.9394910e+06   3.6437988e+01
   2.9395080e+06   3.6865234e+01
   2.9395190e+06   8.3251953e+01
   2.9395990e+06   3.2287598e+01
   2.9396110e+06   3.4667969e+01
   2.9396230e+06   4.7790527e+01
   2.9396470e+06   2.8625488e+01
   2.9396680e+06   3.1555176e+01
   2.9396820e+06   3.0151367e+01
   2.9397090e+06   2.7954102e+01
   2.9397330e+06   3.4423828e+01
   2.9397740e+06   2.8625488e+01
   2.9397900e+06   3.0883789e+01
   2.9398030e+06   2.8869629e+01
   2.9398200e+06   3.2470703e+01
   2.9398690e+06   3.4179688e+01
   2.9407440e+06   3.0029297e+01
   2.9426170e+06   3.1188965e+01
   3.0427230e+06   2.8137207e+01
   3.0427430e+06   4.0527344e+01
   3.0427610e+06   2.8564453e+01
   3.0427830e+06   4.2785645e+01
   3.0428050e+06   2.8320312e+01
   3.0428240e+06   3.0639648e+01
   3.0428400e+06   3.4973145e+01
   3.0428650e+06   3.4118652e+01
   3.0429010e+06   3.6499023e+01
   3.0429210e+06   2.8808594e+01
   3.0430080e+06   2.7954102e+01
   3.0430270e+06   3.0700684e+01
   3.0430450e+06   4.0832520e+01
   3.0430720e+06   3.1372070e+01
   3.0430870e+06   3.6560059e+01
   3.0431100e+06   3.6193848e+01
   3.0431380e+06   2.7770996e+01
   3.0432140e+06   2.9846191e+01
   3.0438460e+06   2.8198242e+01
   3.0451270e+06   2.8442383e+01
   3.1036570e+06   2.9968262e+01
   3.1036860e+06   2.8564453e+01
   3.1036990e+06   2.8503418e+01
   3.1037130e+06   4.1076660e+01
   3.1037310e+06   3.8085938e+01
   3.1037440e+06   4.6081543e+01
   3.1037630e+06   3.1494141e+01
   3.1037770e+06   3.2836914e+01
   3.1038090e+06   3.3020020e+01
   3.1039360e+06   3.1799316e+01
   3.1040030e+06   3.3203125e+01
   3.1040260e+06   2.8015137e+01
   3.1040560e+06   2.7648926e+01
   3.1040890e+06   3.3752441e+01
   3.1041170e+06   3.4790039e+01
   3.1047400e+06   3.0212402e+01
   3.1069170e+06   3.0883789e+01
   3.1720110e+06   3.0761719e+01
   3.1720370e+06   2.9907227e+01
   3.1720630e+06   3.9428711e+01
   3.1720940e+06   3.5095215e+01
   3.1721160e+06   4.7363281e+01
   3.1721430e+06   2.9541016e+01
   3.1721620e+06   5.5603027e+01
   3.1722300e+06   4.2236328e+01
   3.1722560e+06   4.0466309e+01
   3.1722750e+06   3.7353516e+01
   3.1723000e+06   3.9489746e+01
   3.1723210e+06   3.4240723e+01
   3.1723880e+06   3.8818359e+01
   3.1724650e+06   3.1494141e+01
   3.1728640e+06   2.8625488e+01
   3.1733670e+06   3.1799316e+01
   3.1745250e+06   2.8991699e+01
   3.1981360e+06   4.1015625e+01
   3.1981460e+06   2.8259277e+01
   3.1981780e+06   4.2053223e+01
   3.1982210e+06   6.9580078e+01
   3.1982480e+06   4.0893555e+01
   3.1982890e+06   5.1818848e+01
   3.1983210e+06   4.4982910e+01
   3.1983480e+06   3.0639648e+01
   3.1983860e+06   2.7526855e+01
   3.1984150e+06   3.2897949e+01
   3.1984610e+06   3.9001465e+01
   3.1984850e+06   3.1860352e+01
   3.1985070e+06   3.0151367e+01
   3.1985430e+06   2.8991699e+01
   3.1986190e+06   2.8259277e+01
   3.1995540e+06   3.1921387e+01
   3.1997890e+06   3.1738281e+01
   3.2008340e+06   2.9479980e+01
   3.2019010e+06   2.7404785e+01
   3.2031980e+06   2.7404785e+01
   3.2422980e+06   3.8696289e+01
   3.2423350e+06   3.0334473e+01
   3.2423580e+06   4.2968750e+01
   3.2423830e+06   2.7526855e+01
   3.2424050e+06   3.1250000e+01
   3.2424230e+06   3.3996582e+01
   3.2424700e+06   3.0334473e+01
   3.2425030e+06   2.9235840e+01
   3.2425500e+06   3.4179688e+01
   3.2425900e+06   2.7954102e+01
   3.2426390e+06   3.5644531e+01
   3.2426900e+06   3.0334473e+01
   3.2427260e+06   2.8991699e+01
   3.2436900e+06   2.7832031e+01
   3.2442910e+06   3.0761719e+01
   3.2443150e+06   2.7893066e+01
   3.2455470e+06   2.9663086e+01
   3.2458320e+06   2.7832031e+01
   3.2476970e+06   2.7343750e+01
   3.2506070e+06   2.7465820e+01
   3.2759350e+06   2.7893066e+01
   3.2830420e+06   3.0273438e+01
   3.2830720e+06   6.0302734e+01
   3.2830950e+06   3.9306641e+01
   3.2831130e+06   3.1188965e+01
   3.2831250e+06   3.3386230e+01
   3.2831570e+06   4.7546387e+01
   3.2831900e+06   2.8442383e+01
   3.2832050e+06   3.1494141e+01
   3.2832420e+06   3.5949707e+01
   3.2832720e+06   3.9733887e+01
   3.2833040e+06   2.9602051e+01
   3.2833430e+06   3.3081055e+01
   3.2833830e+06   3.8818359e+01
   3.2834240e+06   3.0822754e+01
   3.2835050e+06   2.8076172e+01
   3.2841500e+06   2.8442383e+01
   3.2843520e+06   2.9846191e+01
   3.2856390e+06   3.0944824e+01
   3.2875080e+06   3.4179688e+01
   3.3292230e+06   2.8564453e+01
   3.3292540e+06   5.3771973e+01
   3.3292840e+06   4.8034668e+01
   3.3293110e+06   4.1442871e+01
   3.3293340e+06   2.9846191e+01
   3.3293450e+06   3.9550781e+01
   3.3293730e+06   3.2897949e+01
   3.3294740e+06   2.8930664e+01
   3.3295000e+06   3.0334473e+01
   3.3295120e+06   3.0578613e+01
   3.3295310e+06   2.7954102e+01
   3.3295420e+06   3.5034180e+01
   3.3295650e+06   3.0578613e+01
   3.3295750e+06   4.2846680e+01
   3.3296230e+06   2.7587891e+01
   3.3341590e+06   3.1188965e+01
   3.3378200e+06   2.7465820e+01
   3.3393400e+06   2.7832031e+01
   3.3898660e+06   3.0700684e+01
   3.3898920e+06   3.6132812e+01
   3.3899080e+06   5.5297852e+01
   3.3899260e+06   4.7485352e+01
   3.3899360e+06   3.1799316e+01
   3.3899500e+06   5.9814453e+01
   3.3899610e+06   5.0903320e+01
   3.3899780e+06   2.9479980e+01
   3.3900040e+06   3.3386230e+01
   3.3900230e+06   4.6203613e+01
   3.3900750e+06   4.4433594e+01
   3.3901230e+06   3.2226562e+01
   3.3901400e+06   2.9296875e+01
   3.3901590e+06   3.2409668e+01
   3.3901920e+06   3.5705566e+01
   3.3902350e+06   3.1127930e+01
   3.3902740e+06   3.8208008e+01
   3.3903250e+06   3.0395508e+01
   3.3910110e+06   2.7709961e+01
   3.3918830e+06   2.7343750e+01
   3.3928110e+06   2.8930664e+01
   3.3968640e+06   2.7587891e+01
   3.3975520e+06   2.7832031e+01
   3.4060060e+06   2.8869629e+01
   3.4060570e+06   3.3691406e+01
   3.4060820e+06   3.1494141e+01
   3.4061130e+06   4.2907715e+01
   3.4061330e+06   4.9133301e+01
   3.4061830e+06   4.5288086e+01
   3.4061930e+06   3.4851074e+01
   3.4062140e+06   3.2592773e+01
   3.4062970e+06   3.0395508e+01
   3.4064360e+06   3.0029297e+01
   3.4067330e+06   2.8564453e+01
   3.4076790e+06   3.0456543e+01
   3.4414630e+06   2.9663086e+01
   3.4415110e+06   3.4179688e+01
   3.4415300e+06   5.4809570e+01
   3.4415400e+06   3.1677246e+01
   3.4415570e+06   2.8991699e+01
   3.4415850e+06   4.3823242e+01
   3.4416100e+06   4.6936035e+01
   3.4416240e+06   3.0395508e+01
   3.4416720e+06   2.8076172e+01
   3.4416920e+06   3.2348633e+01
   3.4417160e+06   3.9123535e+01
   3.4417850e+06   3.9489746e+01
   3.4418160e+06   3.5339355e+01
   3.4418430e+06   2.9602051e+01
   3.4418630e+06   2.8625488e+01
   3.4419180e+06   2.8198242e+01
   3.4452070e+06   2.8015137e+01
   3.4495440e+06   3.1372070e+01
   3.4510060e+06   3.2287598e+01
   3.4562110e+06   2.8198242e+01
   3.4730380e+06   2.8381348e+01
   3.4730800e+06   4.7302246e+01
   3.4731030e+06   5.0109863e+01
   3.4731310e+06   5.0720215e+01
   3.4731450e+06   3.5888672e+01
   3.4731650e+06   6.4758301e+01
   3.4731980e+06   4.2236328e+01
   3.4732870e+06   2.9724121e+01
   3.4733280e+06   2.8381348e+01
   3.4733470e+06   2.8930664e+01
   3.4736960e+06   3.0517578e+01
   3.4737490e+06   2.7954102e+01
   3.4741920e+06   2.8198242e+01
   3.4792350e+06   2.7893066e+01
   3.4805170e+06   2.8564453e+01
   3.4931340e+06   2.9479980e+01
   3.5017800e+06   3.5522461e+01
   3.5018320e+06   5.1757812e+01
   3.5018750e+06   2.8991699e+01
   3.5018930e+06   2.8320312e+01
   3.5019100e+06   2.7954102e+01
   3.5019280e+06   3.8452148e+01
   3.5037080e+06   3.0883789e+01
   3.5072330e+06   3.3508301e+01
   3.5093040e+06   3.0395508e+01
   3.5291840e+06   3.0517578e+01
   3.5292170e+06   5.7678223e+01
   3.5292390e+06   5.1147461e+01
   3.5292570e+06   3.6865234e+01
   3.5293090e+06   3.1494141e+01
   3.5294200e+06   2.8991699e+01
   3.5297530e+06   3.3447266e+01
   3.5310540e+06   2.7893066e+01
   3.5345600e+06   2.8015137e+01
   3.5687620e+06   3.2714844e+01
   3.5687950e+06   3.5888672e+01
   3.5688230e+06   3.1738281e+01
   3.5688500e+06   4.1259766e+01
   3.5689200e+06   4.2297363e+01
   3.5689430e+06   3.6010742e+01
   3.5689820e+06   2.7770996e+01
   3.5690330e+06   3.4973145e+01
   3.6000580e+06   2.9113770e+01
   3.6001020e+06   5.6030273e+01
   3.6001290e+06   3.3264160e+01
   3.6001860e+06   2.7832031e+01
   3.6002650e+06   3.2775879e+01
   3.6067850e+06   2.8808594e+01
   3.6244650e+06   2.8320312e+01
   3.6416830e+06   3.1433105e+01
   3.6417010e+06   4.2358398e+01
   3.6417340e+06   3.4179688e+01
   3.6417790e+06   4.8156738e+01
   3.6418210e+06   3.2409668e+01
   3.6419180e+06   2.9602051e+01
   3.6421850e+06   2.7404785e+01
   3.6422310e+06   2.7832031e+01
   3.6678980e+06   3.5766602e+01
   3.6679320e+06   3.2165527e+01
   3.6679820e+06   2.7587891e+01
   3.6679930e+06   2.9357910e+01
   3.6680190e+06   2.8381348e+01
   3.6680590e+06   3.5583496e+01
   3.6682990e+06   2.8869629e+01
   3.6690090e+06   2.8381348e+01
   3.7318850e+06   2.7893066e+01
   3.7319120e+06   2.7404785e+01
   3.7319430e+06   2.8686523e+01
   3.7319860e+06   4.2968750e+01
   3.7320410e+06   3.6743164e+01
   3.7321620e+06   3.3752441e+01
   3.7322740e+06   3.3630371e+01
   3.7619130e+06   2.7404785e+01
   3.7619740e+06   3.0090332e+01
   3.7620890e+06   2.8198242e+01
   3.7621920e+06   2.9663086e+01
   3.7622390e+06   2.9235840e+01
   3.7624190e+06   2.7709961e+01
   3.7853010e+06   3.5827637e+01
   3.7853380e+06   2.7832031e+01
   3.7854220e+06   2.8015137e+01
   3.7854510e+06   2.8076172e+01
   3.7854640e+06   3.0517578e+01
   3.7855010e+06   2.9541016e+01
   3.7865410e+06   2.7343750e+01
   3.8482510e+06   2.7404785e+01
   3.8482930e+06   3.0700684e+01
   3.8483290e+06   3.2653809e+01
   3.8483810e+06   4.1809082e+01
   3.8483920e+06   3.1005859e+01
   3.8484080e+06   2.9724121e+01
   3.8484440e+06   3.1738281e+01
   3.8484990e+06   4.5654297e+01
   3.8485230e+06   3.2775879e+01
   3.8485430e+06   3.2958984e+01
   3.8485540e+06   4.9316406e+01
   3.8485740e+06   2.7587891e+01
   3.8485860e+06   3.1738281e+01
   3.8485980e+06   3.2409668e+01
   3.8486340e+06   3.0151367e+01
   3.8486730e+06   2.8747559e+01
   3.8486930e+06   2.8747559e+01
   3.8487340e+06   2.7709961e+01
   3.8487670e+06   2.7648926e+01
   3.8488010e+06   2.8015137e+01
   3.8488480e+06   2.7587891e+01
   3.9306740e+06   2.8198242e+01
   3.9307220e+06   2.9663086e+01
   3.9307500e+06   3.8696289e+01
   3.9307850e+06   3.2165527e+01
   3.9308150e+06   4.1015625e+01
   3.9308290e+06   2.9663086e+01
   3.9308620e+06   2.9846191e+01
   3.9309160e+06   2.9541016e+01
   3.9309410e+06   4.8767090e+01
   3.9310010e+06   3.5339355e+01
   3.9310210e+06   3.3691406e+01
   3.9310460e+06   4.5288086e+01
   3.9310880e+06   3.1555176e+01
   3.9311080e+06   4.0466309e+01
   3.9311300e+06   2.8625488e+01
   3.9311920e+06   3.3691406e+01
   3.9312100e+06   3.4606934e+01
   3.9312970e+06   3.5034180e+01
   3.9313110e+06   3.1555176e+01
   3.9313790e+06   3.1127930e+01
   3.9320530e+06   2.9602051e+01
   4.2034980e+06   2.9724121e+01
   4.2035290e+06   2.9907227e+01
   4.2035930e+06   2.7343750e+01
   4.2036680e+06   3.5705566e+01
   4.2036790e+06   3.1066895e+01
   4.2036920e+06   3.6865234e+01
   4.2037400e+06   3.7475586e+01
   4.2038020e+06   3.6437988e+01
   4.2038370e+06   2.7770996e+01
   4.2038620e+06   3.0212402e+01
   4.2038840e+06   3.2836914e+01
   4.2039060e+06   2.9724121e+01
   4.2039160e+06   4.3823242e+01
   4.2039490e+06   3.9062500e+01
   4.2039620e+06   3.0334473e+01
   4.2039980e+06   2.8808594e+01
   4.2040360e+06   3.5705566e+01
   4.2040650e+06   3.3203125e+01
   4.2040890e+06   3.2836914e+01
   4.2041080e+06   4.4677734e+01
   4.2041560e+06   2.9602051e+01
   4.2042640e+06   3.8391113e+01
   4.2044250e+06   3.1127930e+01
   4.3693630e+06   2.7954102e+01
   4.6463150e+06   3.1066895e+01
   4.6476360e+06   3.1433105e+01
   4.8317000e+06   2.9907227e+01
   4.8318730e+06   2.7648926e+01
   4.8319430e+06   2.9602051e+01
   4.8319620e+06   3.1677246e+01
   4.8319930e+06   4.2175293e+01
   4.8320120e+06   3.0822754e+01
   4.8320750e+06   3.0273438e+01
   4.8320950e+06   2.9418945e+01
   4.8321320e+06   3.9428711e+01
   4.8321620e+06   3.2287598e+01
   4.8322190e+06   3.0273438e+01
   4.8322370e+06   3.2592773e+01
   4.8322500e+06   2.8991699e+01
   4.8322900e+06   3.0151367e+01
   4.8323200e+06   3.0883789e+01
   4.8324160e+06   3.0456543e+01
   4.8324380e+06   2.8686523e+01
   4.8325430e+06   3.1433105e+01
   4.8325640e+06   2.7343750e+01
   4.8932180e+06   2.7709961e+01
   4.8932540e+06   3.0151367e+01
   4.8932880e+06   3.0029297e+01
   4.8933250e+06   2.9479980e+01
   4.8933460e+06   2.7709961e+01
   4.8933890e+06   3.3813477e+01
   4.8934050e+06   3.2714844e+01
   4.8934380e+06   3.1433105e+01
   4.8934520e+06   3.1005859e+01
   4.8935380e+06   4.4799805e+01
   4.8935530e+06   3.1372070e+01
   4.8935900e+06   4.4921875e+01
   4.8936130e+06   3.1311035e+01
   4.8936300e+06   2.7404785e+01
   4.8936490e+06   2.9724121e+01
   4.8936650e+06   3.7109375e+01
   4.8937720e+06   3.0944824e+01
   4.8938170e+06   3.5705566e+01
   4.8938300e+06   3.5949707e+01
   4.8938480e+06   3.5766602e+01
   4.8939300e+06   3.1433105e+01
   4.8940510e+06   2.8564453e+01
   4.8943310e+06   2.7709961e+01
   4.8951140e+06   2.8198242e+01
   5.1315590e+06   2.8503418e+01
   5.1317230e+06   3.2897949e+01
   5.1317380e+06   3.4118652e+01
   5.1317630e+06   5.0537109e+01
   5.1317780e+06   2.8808594e+01
   5.1318280e+06   4.9377441e+01
   5.1318560e+06   3.1799316e+01
   5.1318760e+06   5.0964355e+01
   5.1319070e+06   2.7343750e+01
   5.1319210e+06   3.8391113e+01
   5.1319750e+06   3.2043457e+01
   5.1319880e+06   3.0517578e+01
   5.1320320e+06   2.7832031e+01
   5.1320530e+06   3.5217285e+01
   5.1320820e+06   3.6437988e+01
   5.1321200e+06   2.8198242e+01
   5.2241340e+06   2.7648926e+01
   5.2265190e+06   3.0944824e+01
   5.5161570e+06   2.7893066e+01
   5.5161940e+06   3.5400391e+01
   5.5162250e+06   3.2531738e+01
   5.5162420e+06   2.9357910e+01
   5.5162610e+06   4.6752930e+01
   5.5162770e+06   2.8564453e+01
   5.5162910e+06   3.5583496e+01
   5.5163010e+06   4.3823242e+01
   5.5163340e+06   4.0893555e+01
   5.5163470e+06   2.9113770e+01
   5.5163710e+06   3.3386230e+01
   5.5163930e+06   2.8503418e+01
   5.5164350e+06   2.8930664e+01
   5.5164640e+06   4.4067383e+01
   5.5164980e+06   3.0944824e+01
   5.5165230e+06   3.8146973e+01
   5.5165490e+06   3.4790039e+01
   5.5165830e+06   3.0395508e+01
   5.5166060e+06   3.2287598e+01
   5.5166320e+06   3.5949707e+01
   5.5182930e+06   2.9052734e+01
