   5.9990000e+06   0.0000000e+00
   1.9281000e+05   3.0822754e+01
   1.2674730e+06   3.0395508e+01
   1.7865320e+06   3.1860352e+01
   1.7867480e+06   3.2043457e+01
   1.7899790e+06   3.0639648e+01
   1.7904400e+06   3.0029297e+01
   1.8021170e+06   2.9846191e+01
   1.8038190e+06   2.9663086e+01
   1.8054950e+06   3.0334473e+01
   1.8056830e+06   2.9907227e+01
   1.8402910e+06   3.0151367e+01
   1.8748990e+06   3.0578613e+01
   1.8749190e+06   4.0710449e+01
   1.8749660e+06   3.0578613e+01
   1.8749850e+06   3.4851074e+01
   2.0046690e+06   3.0822754e+01
   2.0238700e+06   3.1555176e+01
   2.0310570e+06   3.2775879e+01
   2.0433310e+06   2.9724121e+01
   2.1655210e+06   2.9968262e+01
   2.3445220e+06   2.9724121e+01
   2.4099310e+06   2.6647949e+02
   2.4099570e+06   5.8349609e+01
   2.4777440e+06   2.9846191e+01
   3.1351710e+06   2.8564453e+01
   3.1913310e+06   2.9663086e+01
   3.4926490e+06   3.0395508e+01
   4.8898180e+06   2.8503418e+01
   5.5837240e+06   2.9052734e+01
