   5.9990000e+06   0.0000000e+00
   3.3594000e+04   3.4484863e+01
   3.3845000e+04   3.7292480e+01
   1.9957500e+05   3.5949707e+01
   1.9966100e+05   3.7963867e+01
   1.9968000e+05   4.0771484e+01
   1.9987100e+05   5.1513672e+01
   1.9989500e+05   4.4921875e+01
   2.2425700e+05   3.6010742e+01
   2.3171300e+05   3.7048340e+01
   3.0193700e+05   3.4912109e+01
   3.0201900e+05   5.2612305e+01
   3.0204500e+05   3.7231445e+01
   3.0206900e+05   4.3334961e+01
   3.0208800e+05   5.1452637e+01
   3.0211900e+05   3.8696289e+01
   3.0213000e+05   4.1320801e+01
   3.0215700e+05   5.4443359e+01
   3.0216700e+05   5.3894043e+01
   3.0221500e+05   3.7353516e+01
   3.0223800e+05   3.5461426e+01
   3.0227100e+05   3.7109375e+01
   3.0230500e+05   4.3273926e+01
   3.0259100e+05   3.6682129e+01
   3.0267100e+05   3.6499023e+01
   3.0271700e+05   3.4606934e+01
   3.6291200e+05   3.8757324e+01
   3.6295100e+05   4.0710449e+01
   3.6300400e+05   4.6875000e+01
   3.6303800e+05   4.2724609e+01
   3.6307500e+05   6.3964844e+01
   3.6309100e+05   3.5400391e+01
   3.6312500e+05   4.0832520e+01
   3.6315000e+05   4.5959473e+01
   3.6317800e+05   3.5034180e+01
   3.6319400e+05   3.7658691e+01
   3.6323800e+05   3.8696289e+01
   3.6329200e+05   3.8330078e+01
   3.6331300e+05   4.0100098e+01
   3.6336600e+05   4.0283203e+01
   3.6339600e+05   3.6010742e+01
   3.6350300e+05   4.6081543e+01
   3.6445200e+05   3.5217285e+01
   4.4403200e+05   3.5034180e+01
   4.4407300e+05   3.7475586e+01
   4.4414300e+05   4.9133301e+01
   4.4417600e+05   5.8288574e+01
   4.4420300e+05   5.9326172e+01
   4.4423700e+05   6.5673828e+01
   4.4426600e+05   5.7250977e+01
   4.4428300e+05   4.0893555e+01
   4.4429300e+05   3.6621094e+01
   4.4431300e+05   4.0405273e+01
   4.4578600e+05   3.5095215e+01
   4.4608800e+05   4.5593262e+01
   4.4694000e+05   3.4790039e+01
   4.9299800e+05   3.6132812e+01
   4.9306500e+05   3.4362793e+01
   4.9308100e+05   5.5603027e+01
   4.9309500e+05   5.1025391e+01
   4.9311400e+05   3.5522461e+01
   4.9313100e+05   3.9062500e+01
   4.9316700e+05   3.9550781e+01
   4.9318300e+05   6.2988281e+01
   4.9319900e+05   6.0241699e+01
   4.9324400e+05   3.8879395e+01
   4.9325900e+05   4.6508789e+01
   4.9327200e+05   3.8513184e+01
   4.9329900e+05   5.4321289e+01
   4.9332000e+05   3.5461426e+01
   4.9333400e+05   3.7475586e+01
   4.9336000e+05   4.1259766e+01
   4.9344700e+05   3.5095215e+01
   4.9371800e+05   3.5766602e+01
   7.5395500e+05   3.5156250e+01
   7.5398800e+05   5.3833008e+01
   7.5401600e+05   7.5622559e+01
   7.5404000e+05   4.5227051e+01
   7.5405100e+05   4.4128418e+01
   7.5407300e+05   3.6865234e+01
   7.5409100e+05   4.7363281e+01
   7.5413400e+05   4.2968750e+01
   7.5416000e+05   4.2114258e+01
   7.5417800e+05   3.6132813e+01
   7.5420800e+05   3.9367676e+01
   7.5426200e+05   3.7963867e+01
   7.5427200e+05   3.4484863e+01
   7.5433300e+05   3.5583496e+01
   7.5512400e+05   3.6499023e+01
   9.0279300e+05   3.5278320e+01
   9.4502900e+05   3.4545898e+01
   9.6429200e+05   4.2846680e+01
   9.6433800e+05   4.4677734e+01
   9.6437400e+05   3.5644531e+01
   9.6439600e+05   4.1320801e+01
   9.6441900e+05   3.8452148e+01
   9.6447900e+05   3.6376953e+01
   9.6449700e+05   4.2541504e+01
   9.6452400e+05   6.4575195e+01
   9.6454700e+05   3.4301758e+01
   9.6459300e+05   4.2053223e+01
   9.6461100e+05   3.8024902e+01
   9.6462700e+05   3.8391113e+01
   9.6469800e+05   3.9001465e+01
   9.6475300e+05   3.7048340e+01
   9.6476700e+05   3.5766602e+01
   9.6490100e+05   3.5644531e+01
   9.9307700e+05   3.4667969e+01
   1.0100280e+06   3.6071777e+01
   1.1876340e+06   3.5278320e+01
   1.1923780e+06   3.6987305e+01
   1.2536590e+06   4.2480469e+01
   1.3176040e+06   4.6386719e+01
   1.3443050e+06   3.6193848e+01
   1.3445380e+06   4.4616699e+01
   1.3446040e+06   3.4851074e+01
   1.3446400e+06   3.7963867e+01
   1.3446580e+06   7.5622559e+01
   1.3447070e+06   4.4372559e+01
   1.3447800e+06   5.8471680e+01
   1.3448220e+06   4.3579102e+01
   1.3449260e+06   3.6865234e+01
   1.3466230e+06   3.5888672e+01
   1.3912340e+06   3.5766602e+01
   1.4645400e+06   3.6315918e+01
   1.4646350e+06   5.1574707e+01
   1.4646450e+06   5.2551270e+01
   1.4646730e+06   4.5227051e+01
   1.4646880e+06   5.4992676e+01
   1.4647480e+06   3.5644531e+01
   1.4647620e+06   4.4494629e+01
   1.4647830e+06   4.6936035e+01
   1.4648440e+06   4.1809082e+01
   1.4648820e+06   3.4667969e+01
   1.4649090e+06   3.6010742e+01
   1.4651590e+06   3.6315918e+01
   1.4962640e+06   3.5095215e+01
   1.5117470e+06   4.2480469e+01
   1.5209390e+06   3.4301758e+01
   1.5320300e+06   4.3212891e+01
   1.5426790e+06   3.4301758e+01
   1.5427760e+06   3.6621094e+01
   1.5428010e+06   4.2480469e+01
   1.5428130e+06   6.3415527e+01
   1.5428250e+06   4.4311523e+01
   1.5428570e+06   5.2185059e+01
   1.5428890e+06   4.3090820e+01
   1.5429020e+06   4.2297363e+01
   1.5429190e+06   3.5705566e+01
   1.5429320e+06   6.5979004e+01
   1.5429450e+06   4.6203613e+01
   1.5429760e+06   3.9916992e+01
   1.5430240e+06   3.4484863e+01
   1.5430620e+06   3.6071777e+01
   1.5431790e+06   3.4729004e+01
   1.5433260e+06   3.4851074e+01
   1.5440570e+06   3.9306641e+01
   1.5593720e+06   3.8757324e+01
   1.5594860e+06   3.8635254e+01
   1.5595200e+06   4.9133301e+01
   1.5595540e+06   4.0039062e+01
   1.5595770e+06   3.7719727e+01
   1.5596200e+06   4.4128418e+01
   1.5596530e+06   3.9978027e+01
   1.5596920e+06   4.8767090e+01
   1.5597060e+06   3.6804199e+01
   1.5597240e+06   3.9245605e+01
   1.5597730e+06   4.6081543e+01
   1.5597830e+06   5.6213379e+01
   1.5598550e+06   4.4433594e+01
   1.5598910e+06   3.9794922e+01
   1.5801000e+06   3.5522461e+01
   1.6304160e+06   3.6560059e+01
   1.6488300e+06   3.5156250e+01
   1.6515410e+06   3.4301758e+01
   1.6586520e+06   3.4790039e+01
   1.6587840e+06   3.4362793e+01
   1.6588080e+06   5.2612305e+01
   1.6588240e+06   4.5959473e+01
   1.6588340e+06   4.6203613e+01
   1.6588440e+06   3.9306641e+01
   1.6588690e+06   6.0791016e+01
   1.6588820e+06   3.5156250e+01
   1.6589160e+06   6.7138672e+01
   1.6589430e+06   3.5827637e+01
   1.6589770e+06   3.5156250e+01
   1.6590050e+06   4.7119141e+01
   1.6590180e+06   4.9621582e+01
   1.6591300e+06   3.7963867e+01
   1.6594830e+06   3.4606934e+01
   1.6599340e+06   3.4912109e+01
   1.6714270e+06   3.7902832e+01
   1.6969600e+06   3.4301758e+01
   1.7037340e+06   4.3762207e+01
   1.7051720e+06   3.4912109e+01
   1.7401210e+06   3.7109375e+01
   1.7878730e+06   3.5766602e+01
   1.7904220e+06   3.4301758e+01
   1.7909580e+06   3.4606934e+01
   1.8573250e+06   3.6926270e+01
   1.8749040e+06   4.9682617e+01
   1.8749190e+06   4.5288086e+01
   1.8811670e+06   3.5339355e+01
   1.8830080e+06   4.2602539e+01
   1.8831670e+06   4.1381836e+01
   1.8832140e+06   4.6203613e+01
   1.8832290e+06   3.5400391e+01
   1.8832660e+06   3.6560059e+01
   1.8832890e+06   4.7546387e+01
   1.8833100e+06   3.4851074e+01
   1.8833260e+06   4.4311523e+01
   1.8833390e+06   3.9916992e+01
   1.8833500e+06   6.1828613e+01
   1.8833880e+06   3.6743164e+01
   1.8834210e+06   5.3649902e+01
   1.8834310e+06   4.1015625e+01
   1.8835290e+06   3.6682129e+01
   1.9541790e+06   3.7963867e+01
   1.9632940e+06   3.9855957e+01
   1.9950760e+06   4.0832520e+01
   2.0352710e+06   5.6274414e+01
   2.0353040e+06   4.3823242e+01
   2.0353360e+06   5.2612305e+01
   2.0353910e+06   3.7841797e+01
   2.0354320e+06   5.0842285e+01
   2.0354420e+06   4.1198730e+01
   2.0354670e+06   3.6315918e+01
   2.0354910e+06   4.9682617e+01
   2.0355810e+06   3.6865234e+01
   2.0551420e+06   4.4250488e+01
   2.0764130e+06   3.5095215e+01
   2.0905080e+06   4.5104980e+01
   2.0905550e+06   3.8635254e+01
   2.0905980e+06   5.1635742e+01
   2.0906090e+06   3.7231445e+01
   2.0906490e+06   6.7504883e+01
   2.0906740e+06   4.7241211e+01
   2.0906890e+06   4.7973633e+01
   2.0907170e+06   3.7170410e+01
   2.0907270e+06   4.1687012e+01
   2.0908030e+06   3.5034180e+01
   2.0908240e+06   3.4484863e+01
   2.0908480e+06   4.1503906e+01
   2.0908800e+06   3.7048340e+01
   2.0909260e+06   3.7170410e+01
   2.0918880e+06   3.4362793e+01
   2.0920590e+06   4.0527344e+01
   2.0921510e+06   3.8879395e+01
   2.1443980e+06   4.0222168e+01
   2.1527440e+06   3.7109375e+01
   2.1574700e+06   4.2114258e+01
   2.2078050e+06   3.5461426e+01
   2.2458660e+06   3.8146973e+01
   2.2614950e+06   4.2114258e+01
   2.2660110e+06   3.4790039e+01
   2.2660730e+06   3.6437988e+01
   2.2661010e+06   4.7241211e+01
   2.2661120e+06   3.8208008e+01
   2.2661420e+06   3.4790039e+01
   2.2661710e+06   4.2480469e+01
   2.2662020e+06   3.5644531e+01
   2.2662170e+06   4.5593262e+01
   2.2662670e+06   3.7841797e+01
   2.2663190e+06   4.0161133e+01
   2.2663510e+06   3.7414551e+01
   2.2664210e+06   3.7353516e+01
   2.2664580e+06   3.4301758e+01
   2.2665710e+06   4.3090820e+01
   2.2666340e+06   3.6560059e+01
   2.2753780e+06   3.5766602e+01
   2.4026750e+06   3.4606934e+01
   2.4027880e+06   4.0588379e+01
   2.4028020e+06   3.5095215e+01
   2.4028620e+06   4.4189453e+01
   2.4029100e+06   3.9123535e+01
   2.4029330e+06   4.9377441e+01
   2.4029860e+06   3.4790039e+01
   2.4029960e+06   3.4912109e+01
   2.4031000e+06   3.4973145e+01
   2.4031870e+06   4.4006348e+01
   2.4099310e+06   2.7435303e+02
   2.4099570e+06   5.4321289e+01
   2.4270680e+06   3.7475586e+01
   2.4318650e+06   3.6865234e+01
   2.4549820e+06   3.8330078e+01
   2.4593640e+06   3.4667969e+01
   2.4651400e+06   3.4362793e+01
   2.5238930e+06   4.6386719e+01
   2.5595150e+06   5.0109863e+01
   2.5906050e+06   3.9489746e+01
   2.5937390e+06   3.6560059e+01
   2.7294480e+06   3.8513184e+01
   2.7314470e+06   3.8635254e+01
   2.7402050e+06   3.8391113e+01
   2.7410410e+06   4.0527344e+01
   2.7754890e+06   3.8513184e+01
   2.7879880e+06   3.6376953e+01
   2.7880410e+06   3.7048340e+01
   2.7880750e+06   3.8696289e+01
   2.7880960e+06   6.3049316e+01
   2.7881180e+06   4.0710449e+01
   2.7881310e+06   4.6081543e+01
   2.7881610e+06   4.3640137e+01
   2.7881710e+06   4.0893555e+01
   2.7881820e+06   4.5104980e+01
   2.7882260e+06   5.5053711e+01
   2.7882540e+06   4.1625977e+01
   2.7882710e+06   3.7048340e+01
   2.7882840e+06   3.8208008e+01
   2.7883220e+06   3.6071777e+01
   2.7883470e+06   3.8452148e+01
   2.7884130e+06   3.8696289e+01
   2.7885480e+06   3.8330078e+01
   2.7886220e+06   3.5095215e+01
   2.7991780e+06   4.0039062e+01
   2.8192980e+06   3.4912109e+01
   2.8277000e+06   3.4729004e+01
   2.8304860e+06   3.8818359e+01
   2.8416920e+06   3.8513184e+01
   2.8427720e+06   3.4973145e+01
   2.8432150e+06   3.7414551e+01
   2.8436790e+06   3.6376953e+01
   2.8440990e+06   3.7597656e+01
   2.8445390e+06   3.4423828e+01
   2.8463550e+06   4.0222168e+01
   2.8485600e+06   3.7292480e+01
   2.8527560e+06   3.4362793e+01
   2.8569570e+06   3.5156250e+01
   2.8585850e+06   3.8696289e+01
   2.8639420e+06   3.5278320e+01
   2.8778570e+06   4.0344238e+01
   2.8837490e+06   3.6743164e+01
   2.8859550e+06   3.6743164e+01
   2.8900770e+06   3.8146973e+01
   2.9131020e+06   3.5583496e+01
   2.9150160e+06   3.9184570e+01
   2.9313780e+06   3.6376953e+01
   2.9343730e+06   3.5034180e+01
   2.9454190e+06   4.2968750e+01
   2.9565770e+06   4.2053223e+01
   2.9582270e+06   3.6682129e+01
   2.9599140e+06   3.5156250e+01
   2.9750510e+06   3.4362793e+01
   2.9979030e+06   4.4189453e+01
   3.0326030e+06   3.8330078e+01
   3.0653080e+06   3.4423828e+01
   3.1126410e+06   4.0161133e+01
   3.1135120e+06   3.6376953e+01
   3.1137860e+06   4.0649414e+01
   3.1440040e+06   3.7109375e+01
   3.2388370e+06   4.1809082e+01
   3.2417110e+06   3.6254883e+01
   3.2423200e+06   3.6010742e+01
   3.2608690e+06   3.6682129e+01
   3.2621780e+06   3.7841797e+01
   3.2658900e+06   3.4912109e+01
   3.2681170e+06   3.4301758e+01
   3.2741330e+06   3.7780762e+01
   3.2943910e+06   3.5156250e+01
   3.2961990e+06   3.5400391e+01
   3.3449430e+06   4.1442871e+01
   3.3601660e+06   3.6682129e+01
   3.3652850e+06   3.6743164e+01
   3.3718950e+06   3.4667969e+01
   3.3758700e+06   3.3813477e+01
   3.3839540e+06   3.7170410e+01
   3.3908130e+06   3.8452148e+01
   3.4192660e+06   4.4677734e+01
   3.4391220e+06   3.8146973e+01
   3.4414950e+06   3.5949707e+01
   3.4817990e+06   3.6071777e+01
   3.5044200e+06   4.1992188e+01
   3.5062070e+06   3.4057617e+01
   3.5097580e+06   3.9062500e+01
   3.5178730e+06   3.5034180e+01
   3.5313990e+06   3.4057617e+01
   3.5770790e+06   3.6315918e+01
   3.5991700e+06   3.6621094e+01
   3.6042450e+06   3.5949707e+01
   3.6047750e+06   3.5339355e+01
   3.6053800e+06   4.0893555e+01
   3.6122520e+06   3.6682129e+01
   3.6161670e+06   3.6132812e+01
   3.6218890e+06   3.4729004e+01
   3.6306690e+06   3.4790039e+01
   3.6310910e+06   3.8818359e+01
   3.6405960e+06   3.7475586e+01
   3.6414210e+06   3.4973145e+01
   3.6439440e+06   4.1320801e+01
   3.6443870e+06   3.7170410e+01
   3.6454470e+06   4.0771484e+01
   3.6477280e+06   3.5705566e+01
   3.6532940e+06   3.5522461e+01
   3.6716030e+06   3.7841797e+01
   3.6719990e+06   3.5339355e+01
   3.6798400e+06   3.6743164e+01
   3.6814560e+06   3.5278320e+01
   3.6822180e+06   3.5522461e+01
   3.6876220e+06   4.0100098e+01
   3.6911210e+06   3.7292480e+01
   3.6959200e+06   3.5034180e+01
   3.7120750e+06   3.8269043e+01
   3.7225300e+06   4.0771484e+01
   3.7241480e+06   3.6804199e+01
   3.7299140e+06   3.4790039e+01
   3.7306630e+06   3.7353516e+01
   3.7418010e+06   3.5766602e+01
   3.7426050e+06   3.6865234e+01
   3.7528240e+06   3.9611816e+01
   3.7627510e+06   3.9123535e+01
   3.7627620e+06   4.1137695e+01
   3.7628130e+06   4.2724609e+01
   3.7628290e+06   3.8269043e+01
   3.7628570e+06   5.3771973e+01
   3.7628880e+06   3.6926270e+01
   3.7629060e+06   4.8645020e+01
   3.7630950e+06   4.8828125e+01
   3.7637090e+06   3.7780762e+01
   3.7653710e+06   3.7231445e+01
   3.7766000e+06   3.7109375e+01
   3.7919190e+06   3.5644531e+01
   3.8026840e+06   3.6437988e+01
   3.8179620e+06   3.4667969e+01
   3.8230860e+06   3.4667969e+01
   3.8239550e+06   3.4240723e+01
   3.8246140e+06   3.6621094e+01
   3.8262120e+06   3.4667969e+01
   3.8299090e+06   3.4484863e+01
   3.8342290e+06   3.8269043e+01
   3.8350230e+06   3.4484863e+01
   3.8461920e+06   3.4118652e+01
   3.8478520e+06   4.4555664e+01
   3.8478880e+06   4.2480469e+01
   3.8479190e+06   4.5166016e+01
   3.8479370e+06   3.9428711e+01
   3.8479570e+06   6.5551758e+01
   3.8480470e+06   4.0039062e+01
   3.8480620e+06   3.3996582e+01
   3.8480950e+06   3.6926270e+01
   3.8481720e+06   3.5339355e+01
   3.8580670e+06   3.5888672e+01
   3.8680930e+06   3.3935547e+01
   3.8697020e+06   3.7902832e+01
   3.8902340e+06   3.9611816e+01
   3.8970010e+06   4.0771484e+01
   3.9092360e+06   3.4851074e+01
   3.9255820e+06   3.5156250e+01
   3.9303560e+06   3.5034180e+01
   3.9304350e+06   4.0222168e+01
   3.9304480e+06   3.8513184e+01
   3.9304680e+06   5.1330566e+01
   3.9304810e+06   4.6569824e+01
   3.9305060e+06   3.6315918e+01
   3.9305190e+06   3.9794922e+01
   3.9305710e+06   3.7170410e+01
   3.9306300e+06   3.5400391e+01
   3.9306860e+06   3.7475586e+01
   3.9307470e+06   3.5522461e+01
   3.9307840e+06   3.5156250e+01
   3.9308000e+06   3.7475586e+01
   3.9337840e+06   3.5461426e+01
   3.9359710e+06   3.5522461e+01
   3.9418540e+06   3.4851074e+01
   3.9518670e+06   3.5705566e+01
   3.9596110e+06   3.4118652e+01
   3.9604270e+06   3.8452148e+01
   3.9730100e+06   3.5583496e+01
   3.9739610e+06   3.6926270e+01
   3.9868110e+06   3.8146973e+01
   3.9890700e+06   3.4545898e+01
   3.9953510e+06   3.5949707e+01
   3.9954810e+06   3.8513184e+01
   3.9954990e+06   4.4128418e+01
   3.9955240e+06   4.0283203e+01
   3.9955340e+06   5.4321289e+01
   3.9955690e+06   3.8818359e+01
   3.9955850e+06   4.8217773e+01
   3.9956290e+06   4.5227051e+01
   3.9956770e+06   4.8095703e+01
   3.9957220e+06   3.8391113e+01
   3.9959900e+06   3.3874512e+01
   3.9990130e+06   3.4179688e+01
   4.0173230e+06   3.4545898e+01
   4.0179630e+06   3.4790039e+01
   4.0190250e+06   3.3874512e+01
   4.0204110e+06   4.0893555e+01
   4.0204470e+06   3.5400391e+01
   4.0204790e+06   3.3996582e+01
   4.0205120e+06   3.9123535e+01
   4.0205310e+06   4.1076660e+01
   4.0205430e+06   4.3090820e+01
   4.0205730e+06   4.0649414e+01
   4.0205950e+06   3.6682129e+01
   4.0206420e+06   3.7902832e+01
   4.0206670e+06   5.5969238e+01
   4.0206870e+06   4.3518066e+01
   4.0207940e+06   3.8391113e+01
   4.0307070e+06   3.5461426e+01
   4.0365940e+06   3.5644531e+01
   4.0612570e+06   3.3996582e+01
   4.0695240e+06   3.4301758e+01
   4.0701210e+06   3.6682129e+01
   4.0778320e+06   4.0588379e+01
   4.0822330e+06   3.3874512e+01
   4.0928320e+06   3.5583496e+01
   4.0928990e+06   4.4250488e+01
   4.0929240e+06   3.6743164e+01
   4.0929400e+06   5.4809570e+01
   4.0929600e+06   4.1320801e+01
   4.0929920e+06   4.7912598e+01
   4.0930240e+06   3.9062500e+01
   4.0930790e+06   3.9245605e+01
   4.0931000e+06   3.6682129e+01
   4.1094500e+06   3.9489746e+01
   4.1094830e+06   3.4423828e+01
   4.1095180e+06   6.4086914e+01
   4.1095500e+06   4.6203613e+01
   4.1095950e+06   4.4433594e+01
   4.1096060e+06   5.5847168e+01
   4.1096380e+06   3.3996582e+01
   4.1096690e+06   3.6254883e+01
   4.1096830e+06   4.0466309e+01
   4.1096980e+06   3.7414551e+01
   4.1097310e+06   4.7363281e+01
   4.1100100e+06   3.5766602e+01
   4.1212180e+06   3.8391113e+01
   4.1212670e+06   3.5461426e+01
   4.1212940e+06   4.5471191e+01
   4.1213610e+06   3.4545898e+01
   4.1213780e+06   3.3874512e+01
   4.1214200e+06   3.8513184e+01
   4.1214520e+06   3.4057617e+01
   4.1214770e+06   3.5217285e+01
   4.1215170e+06   3.9978027e+01
   4.1215410e+06   3.5522461e+01
   4.1232230e+06   3.3813477e+01
   4.1581690e+06   3.6499023e+01
   4.2024630e+06   6.0791016e+01
   4.2025170e+06   4.8583984e+01
   4.2025450e+06   5.0292969e+01
   4.2025590e+06   4.3701172e+01
   4.2025910e+06   4.9316406e+01
   4.2026200e+06   4.1442871e+01
   4.2026370e+06   3.6560059e+01
   4.2028180e+06   3.5705566e+01
   4.2030770e+06   3.7597656e+01
   4.2361670e+06   3.6560059e+01
   4.2392270e+06   3.4912109e+01
   4.2568580e+06   3.6560059e+01
   4.2770470e+06   5.1269531e+01
   4.2770700e+06   4.1442871e+01
   4.2770990e+06   4.4433594e+01
   4.2771110e+06   3.3813477e+01
   4.2771300e+06   3.4545898e+01
   4.2771460e+06   4.5410156e+01
   4.2771850e+06   3.5217285e+01
   4.2772240e+06   3.3813477e+01
   4.2772430e+06   3.4851074e+01
   4.2773000e+06   4.9255371e+01
   4.2773610e+06   3.6376953e+01
   4.2774250e+06   3.5644531e+01
   4.2826640e+06   3.3996582e+01
   4.3365670e+06   3.6987305e+01
   4.3366100e+06   4.1748047e+01
   4.3366310e+06   4.9926758e+01
   4.3366500e+06   3.7597656e+01
   4.3366840e+06   4.5043945e+01
   4.3367310e+06   3.7048340e+01
   4.3367600e+06   4.3212891e+01
   4.3367860e+06   3.8940430e+01
   4.3368370e+06   3.7475586e+01
   4.3607370e+06   3.6193848e+01
   4.3607760e+06   5.5969238e+01
   4.3608200e+06   4.0222168e+01
   4.3608380e+06   3.7475586e+01
   4.3608550e+06   4.8339844e+01
   4.3608660e+06   3.9733887e+01
   4.3609090e+06   3.5095215e+01
   4.3609510e+06   3.9916992e+01
   4.3609730e+06   3.4973145e+01
   4.3610000e+06   3.7658691e+01
   4.3846910e+06   4.2358398e+01
   4.3847430e+06   3.5827637e+01
   4.3847700e+06   3.7353516e+01
   4.3848050e+06   6.3293457e+01
   4.3848320e+06   3.9062500e+01
   4.3848590e+06   3.8330078e+01
   4.3848720e+06   5.2612305e+01
   4.3848920e+06   3.9489746e+01
   4.3849790e+06   3.3935547e+01
   4.3851090e+06   3.5034180e+01
   4.3854170e+06   3.6071777e+01
   4.4897290e+06   3.5461426e+01
   4.4897650e+06   4.1381836e+01
   4.4897900e+06   3.5278320e+01
   4.4898060e+06   3.8208008e+01
   4.4898420e+06   3.7292480e+01
   4.4898710e+06   3.8024902e+01
   4.4899030e+06   4.8156738e+01
   4.4899280e+06   3.5644531e+01
   4.4899380e+06   3.8085938e+01
   4.4899970e+06   3.4118652e+01
   4.4901020e+06   3.4240723e+01
   4.5716760e+06   3.8940430e+01
   4.5717360e+06   4.1503906e+01
   4.5717660e+06   6.1645508e+01
   4.5717820e+06   4.4494629e+01
   4.5718070e+06   4.5410156e+01
   4.5718280e+06   4.3029785e+01
   4.5718550e+06   3.7414551e+01
   4.5718870e+06   3.7414551e+01
   4.5719170e+06   3.6193848e+01
   4.5719510e+06   3.4301758e+01
   4.6419830e+06   4.2968750e+01
   4.6421300e+06   3.8330078e+01
   4.6421530e+06   3.4484863e+01
   4.6421830e+06   3.9978027e+01
   4.6421940e+06   3.7902832e+01
   4.6422230e+06   4.0771484e+01
   4.6422370e+06   3.8269043e+01
   4.6422480e+06   5.8654785e+01
   4.6422680e+06   3.5522461e+01
   4.7341640e+06   3.5522461e+01
   4.7342000e+06   3.4851074e+01
   4.7342220e+06   3.6499023e+01
   4.7342380e+06   4.5532227e+01
   4.7342600e+06   3.8757324e+01
   4.7342710e+06   4.6447754e+01
   4.7343130e+06   5.3039551e+01
   4.7343320e+06   4.0893555e+01
   4.7343490e+06   4.1625977e+01
   4.7344030e+06   3.8024902e+01
   4.7344250e+06   4.9255371e+01
   4.7344820e+06   3.4545898e+01
   4.7345680e+06   3.8208008e+01
   4.7347370e+06   3.4912109e+01
   4.8929350e+06   3.4790039e+01
   4.8930070e+06   3.4729004e+01
   4.8930390e+06   4.4372559e+01
   4.8930610e+06   5.2978516e+01
   4.8930800e+06   4.0222168e+01
   4.8931130e+06   4.2358398e+01
   4.8931340e+06   3.9611816e+01
   4.8931940e+06   3.3813477e+01
   4.8932070e+06   3.8391113e+01
   4.8932600e+06   3.6071777e+01
   4.8933070e+06   4.1564941e+01
   4.8933590e+06   3.7536621e+01
   4.8935210e+06   3.4606934e+01
   4.8937640e+06   3.7902832e+01
   4.9631600e+06   3.7109375e+01
   4.9631930e+06   4.1564941e+01
   4.9632360e+06   3.6682129e+01
   4.9633070e+06   3.5583496e+01
   4.9633230e+06   4.4311523e+01
   4.9633420e+06   5.0903320e+01
   4.9633750e+06   3.8146973e+01
   4.9634020e+06   5.2246094e+01
   4.9634200e+06   5.9814453e+01
   4.9634680e+06   3.8940430e+01
   4.9635510e+06   3.6499023e+01
   4.9638240e+06   3.6926270e+01
   5.2605680e+06   3.4790039e+01
   5.2605830e+06   3.3813477e+01
   5.2606180e+06   4.7546387e+01
   5.2606560e+06   3.4973145e+01
   5.2607020e+06   4.6630859e+01
   5.2607390e+06   4.3518066e+01
   5.2607580e+06   3.4240723e+01
   5.2607740e+06   4.6875000e+01
   5.2608130e+06   3.6926270e+01
   5.2608300e+06   3.7109375e+01
   5.2608600e+06   5.0964355e+01
   5.2610350e+06   3.9428711e+01
   5.2814240e+06   3.6254883e+01
   5.3628730e+06   3.5766602e+01
   5.3628990e+06   3.4484863e+01
   5.3629330e+06   3.7780762e+01
   5.3629470e+06   3.9672852e+01
   5.3629660e+06   3.4606934e+01
   5.3629870e+06   4.8095703e+01
   5.3630060e+06   4.1442871e+01
   5.3630220e+06   5.3161621e+01
   5.3630640e+06   3.6376953e+01
   5.3630930e+06   4.0710449e+01
   5.3631240e+06   3.7719727e+01
   5.3631370e+06   3.5949707e+01
   5.3632030e+06   3.4606934e+01
   5.3632510e+06   4.0100098e+01
   5.3968930e+06   4.3151855e+01
   5.4876080e+06   3.3813477e+01
   5.4907810e+06   3.4851074e+01
   5.4908590e+06   4.1076660e+01
   5.4909100e+06   4.7912598e+01
   5.4909280e+06   6.2927246e+01
   5.4909510e+06   3.4484863e+01
   5.4909800e+06   7.0739746e+01
   5.4910020e+06   4.8217773e+01
   5.4910150e+06   4.2846680e+01
   5.4910330e+06   3.6804199e+01
   5.4910650e+06   3.6193848e+01
   5.4910790e+06   4.4372559e+01
   5.4911120e+06   3.6193848e+01
   5.4912160e+06   3.6376953e+01
   5.4913030e+06   3.6926270e+01
   5.5097980e+06   4.0771484e+01
   5.6888560e+06   4.0710449e+01
   5.6888810e+06   4.4311523e+01
   5.6888920e+06   5.0292969e+01
   5.6889360e+06   4.2236328e+01
   5.6889970e+06   4.2297363e+01
   5.6890430e+06   3.6804199e+01
   5.6890890e+06   3.5522461e+01
   5.7659640e+06   3.3813477e+01
   5.7664300e+06   3.6804199e+01
   5.7832040e+06   3.5888672e+01
   5.7840260e+06   3.4606934e+01
   5.8498240e+06   3.8330078e+01
