   5.9990000e+06   0.0000000e+00
   1.7862300e+06   2.9479980e+01
   1.7867510e+06   3.0822754e+01
   1.7893420e+06   2.9541016e+01
   1.7894530e+06   3.2104492e+01
   1.7899340e+06   3.2409668e+01
   1.7908320e+06   3.0151367e+01
   1.8129060e+06   2.9357910e+01
   1.8749040e+06   3.3935547e+01
   1.8749180e+06   5.6823730e+01
   1.8749350e+06   3.0090332e+01
   1.8749830e+06   3.7597656e+01
   1.8756420e+06   2.9541016e+01
   1.9092420e+06   2.9296875e+01
   2.4099310e+06   2.6184082e+02
   2.4099560e+06   6.2255859e+01
   3.2927170e+06   2.8869629e+01
