   5.9990000e+06   0.0000000e+00
   3.6122000e+04   2.6306152e+01
   1.2486300e+05   2.8747559e+01
   1.8034000e+05   2.6916504e+01
   1.9906600e+05   2.6672363e+01
   1.9911900e+05   3.3447266e+01
   1.9915000e+05   2.7160645e+01
   1.9934300e+05   2.8198242e+01
   3.6404900e+05   2.7099609e+01
   3.6417700e+05   2.6306152e+01
   3.6421200e+05   3.3508301e+01
   4.4330900e+05   2.8259277e+01
   4.4363100e+05   2.6611328e+01
   4.4370000e+05   2.6245117e+01
   4.4391600e+05   2.8869629e+01
   4.4403500e+05   2.6550293e+01
   4.9221900e+05   3.5400391e+01
   4.9223300e+05   2.6611328e+01
   4.9226000e+05   3.0395508e+01
   4.9236800e+05   2.6123047e+01
   4.9245200e+05   2.7404785e+01
   6.6085100e+05   3.0761719e+01
   6.6086500e+05   3.3447266e+01
   6.6089600e+05   4.2480469e+01
   6.6112100e+05   2.6123047e+01
   7.4267600e+05   2.7221680e+01
   7.4280700e+05   2.8747559e+01
   7.4283900e+05   2.7099609e+01
   7.4287700e+05   2.6977539e+01
   8.4594800e+05   2.9113770e+01
   8.4608700e+05   2.9785156e+01
   8.4614300e+05   2.6062012e+01
   8.4619500e+05   2.5695801e+01
   8.4620800e+05   2.8564453e+01
   8.5338400e+05   2.6306152e+01
   9.4428500e+05   2.6855469e+01
   9.4442600e+05   2.8442383e+01
   1.1169980e+06   2.8198242e+01
   1.1170250e+06   3.7902832e+01
   1.1172560e+06   3.3020020e+01
   1.1174500e+06   2.7282715e+01
   1.1917070e+06   2.9357910e+01
   1.1917420e+06   2.6184082e+01
   1.1918900e+06   2.6000977e+01
   1.3167620e+06   2.8137207e+01
   1.3169570e+06   2.5695801e+01
   1.3169720e+06   2.7465820e+01
   1.3170180e+06   3.0639648e+01
   1.3170440e+06   3.0700684e+01
   1.3224210e+06   2.7038574e+01
   1.4641240e+06   3.2287598e+01
   1.4641390e+06   2.9785156e+01
   1.4641790e+06   2.6489258e+01
   1.4642180e+06   2.6550293e+01
   1.5589010e+06   3.2287598e+01
   1.5589260e+06   3.1738281e+01
   1.6583100e+06   2.9479980e+01
   1.6584110e+06   2.7160645e+01
   1.6584600e+06   2.6306152e+01
   1.6585390e+06   2.7648926e+01
   1.7861460e+06   2.7099609e+01
   1.7874840e+06   2.7526855e+01
   1.7890110e+06   2.9235840e+01
   1.7892790e+06   2.7526855e+01
   1.7899340e+06   2.6367188e+01
   1.7906150e+06   2.5695801e+01
   1.7908100e+06   2.6428223e+01
   1.8019280e+06   3.0273438e+01
   1.8019790e+06   2.6611328e+01
   1.8039200e+06   2.6672363e+01
   1.8063010e+06   2.8198242e+01
   1.8088790e+06   2.6916504e+01
   1.8093100e+06   2.8076172e+01
   1.8099410e+06   2.7648926e+01
   1.8132110e+06   2.5695801e+01
   1.8288940e+06   2.5939941e+01
   1.8521170e+06   2.7526855e+01
   1.8633670e+06   2.7587891e+01
   1.8749190e+06   4.5593262e+01
   1.8749350e+06   2.9235840e+01
   1.8749810e+06   2.5695801e+01
   1.8811100e+06   2.7160645e+01
   1.8826350e+06   2.5939941e+01
   1.8826660e+06   2.6184082e+01
   1.8826970e+06   3.2348633e+01
   1.8827220e+06   3.4912109e+01
   1.8828380e+06   2.5695801e+01
   1.8829200e+06   2.8442383e+01
   1.8830060e+06   2.6489258e+01
   1.8830480e+06   2.6062012e+01
   1.9383550e+06   2.6794434e+01
   1.9694320e+06   2.6550293e+01
   1.9920660e+06   2.5939941e+01
   2.0363290e+06   3.0273437e+01
   2.0363540e+06   4.2541504e+01
   2.0363700e+06   2.6794434e+01
   2.0364230e+06   2.7526855e+01
   2.0364480e+06   3.0151367e+01
   2.0364990e+06   3.1799316e+01
   2.0638210e+06   2.5878906e+01
   2.0766710e+06   2.8137207e+01
   2.0901160e+06   2.7221680e+01
   2.0901430e+06   3.6010742e+01
   2.0903620e+06   2.6611328e+01
   2.0914890e+06   2.6184082e+01
   2.1563060e+06   2.9052734e+01
   2.1965840e+06   2.5695801e+01
   2.1971700e+06   2.5695801e+01
   2.2654990e+06   3.2348633e+01
   2.2656240e+06   3.2104492e+01
   2.3542320e+06   2.9296875e+01
   2.3543630e+06   2.9846191e+01
   2.3544630e+06   2.6916504e+01
   2.4020670e+06   2.6367188e+01
   2.4020950e+06   2.8320312e+01
   2.4021050e+06   2.7526855e+01
   2.4021500e+06   2.6062012e+01
   2.4099310e+06   2.6165771e+02
   2.4099560e+06   6.3293457e+01
   2.4101370e+06   2.6062012e+01
   2.5774520e+06   2.6367188e+01
   2.6255590e+06   2.5878906e+01
   2.6255780e+06   2.8137207e+01
   2.6264050e+06   2.7282715e+01
   2.6772840e+06   2.6123047e+01
   2.6773080e+06   2.8320312e+01
   2.7875680e+06   2.9541016e+01
   2.7876000e+06   2.6916504e+01
   2.7876190e+06   2.9663086e+01
   2.7876560e+06   4.0283203e+01
   2.7876850e+06   2.6123047e+01
   2.8556800e+06   2.7587891e+01
   2.8559060e+06   3.1066895e+01
   2.9738290e+06   2.7160645e+01
   2.9738720e+06   2.8137207e+01
   2.9739720e+06   2.7893066e+01
   3.0404740e+06   2.6977539e+01
   3.0662830e+06   2.7465820e+01
   3.0663030e+06   2.7587891e+01
   3.0663330e+06   2.8076172e+01
   3.1338430e+06   2.7343750e+01
   3.8474470e+06   3.3752441e+01
   3.9300340e+06   2.7038574e+01
   3.9300820e+06   2.6672363e+01
   3.9301180e+06   2.7160645e+01
   4.0200270e+06   3.0212402e+01
   4.0200430e+06   2.9052734e+01
   4.0200620e+06   4.2541504e+01
   4.0200930e+06   3.1188965e+01
   4.0201110e+06   2.7038574e+01
   4.0777680e+06   2.6306152e+01
   4.1208720e+06   2.7648926e+01
   4.1208880e+06   2.6977539e+01
   4.1210090e+06   3.6743164e+01
   4.2768350e+06   2.6916504e+01
   4.3602840e+06   2.7587891e+01
   4.3603250e+06   2.8747559e+01
   4.3603780e+06   3.2470703e+01
   4.3604230e+06   2.6367188e+01
   4.4893800e+06   3.1127930e+01
   4.5712410e+06   2.6733398e+01
   4.7336490e+06   2.6550293e+01
   4.7340720e+06   2.6611328e+01
   4.8923780e+06   2.6428223e+01
   4.8924140e+06   3.4667969e+01
   5.1019320e+06   2.6672363e+01
   5.1019560e+06   2.8503418e+01
   5.1019720e+06   3.0761719e+01
   5.1020100e+06   3.0090332e+01
   5.2599170e+06   2.7832031e+01
   5.2600920e+06   3.5644531e+01
   5.2932250e+06   2.6306152e+01
   5.4903890e+06   2.7954102e+01
   5.4904510e+06   2.6977539e+01
   5.6884100e+06   2.9479980e+01
   5.6885370e+06   2.7832031e+01
   5.6886270e+06   2.6367188e+01
   5.6887440e+06   2.6428223e+01
   5.7842510e+06   2.7526855e+01
