   5.9990000e+06   0.0000000e+00
   2.4801700e+05   2.7832031e+01
   3.3069300e+05   2.9174805e+01
   1.7861460e+06   2.9113770e+01
   1.7865320e+06   2.8381348e+01
   1.7866580e+06   3.5583496e+01
   1.7867320e+06   2.8747559e+01
   1.7869140e+06   2.7709961e+01
   1.8085250e+06   2.7832031e+01
   1.8239920e+06   2.9052734e+01
   1.8597240e+06   3.0090332e+01
   1.8749040e+06   3.6804199e+01
   1.8749190e+06   3.4851074e+01
   1.8749350e+06   3.0395508e+01
   1.8749840e+06   2.7893066e+01
   1.9396280e+06   2.8869629e+01
   2.0301850e+06   2.7709961e+01
   2.0363720e+06   3.5339355e+01
   2.2656010e+06   2.8808594e+01
   2.2806130e+06   2.7893066e+01
   2.3757120e+06   2.9052734e+01
   2.4021180e+06   3.0090332e+01
   2.4099310e+06   2.6892090e+02
   2.4099560e+06   5.5786133e+01
   2.8876640e+06   2.9357910e+01
   3.0404390e+06   2.8747559e+01
   3.7397600e+06   2.8991699e+01
   4.5713700e+06   2.8198242e+01
   5.1020040e+06   3.1799316e+01
