   5.9990000e+06   0.0000000e+00
   3.0255000e+04   1.1535645e+01
   5.6692700e+05   1.0681152e+01
   1.2930270e+06   1.1108398e+01
   1.4475890e+06   1.1047363e+01
   1.7308290e+06   1.1413574e+01
   1.8749170e+06   1.3977051e+01
   1.8749310e+06   1.5136719e+01
   1.8749670e+06   1.2451172e+01
   1.8750010e+06   1.1169434e+01
   1.8750350e+06   1.3732910e+01
   1.9048930e+06   1.0498047e+01
   2.2894660e+06   1.0681152e+01
   2.7879470e+06   1.0559082e+01
   4.7373000e+06   1.0681152e+01
   5.2691710e+06   1.0559082e+01
   5.3951110e+06   1.0742188e+01
