   5.9990000e+06   0.0000000e+00
   3.6318800e+05   2.7038574e+01
   1.5010070e+06   2.7770996e+01
   1.5565390e+06   2.7404785e+01
   1.7199420e+06   2.7526855e+01
   1.7869140e+06   2.8381348e+01
   1.7873590e+06   2.8503418e+01
   1.7877000e+06   2.8137207e+01
   1.8054970e+06   2.9052734e+01
   1.8159180e+06   2.8198242e+01
   1.8163720e+06   2.7404785e+01
   1.8206980e+06   2.8076172e+01
   1.8740860e+06   2.8320312e+01
   1.8749040e+06   2.8198242e+01
   1.8749190e+06   4.6203613e+01
   1.8749350e+06   3.1799316e+01
   1.8749830e+06   3.0700684e+01
   2.0766710e+06   2.7038574e+01
   2.3075600e+06   2.8564453e+01
   2.4076520e+06   2.7832031e+01
   2.4099310e+06   2.5445557e+02
   2.4099560e+06   6.0546875e+01
   4.0885030e+06   2.7221680e+01
   4.3202090e+06   2.7343750e+01
   4.9397760e+06   2.7099609e+01
   5.7299450e+06   2.6794434e+01
