   5.9990000e+06   0.0000000e+00
   9.6055000e+04   1.4465332e+01
   9.6065000e+04   1.4831543e+01
   9.6087000e+04   1.4221191e+01
   3.4176000e+05   1.3305664e+01
   3.4178800e+05   1.7395020e+01
   3.4193200e+05   1.3244629e+01
   5.7008100e+05   1.5197754e+01
   5.7017100e+05   1.3183594e+01
   5.7030400e+05   1.2817383e+01
   1.1683940e+06   1.2817383e+01
   1.8459150e+06   1.5808105e+01
   2.0059170e+06   1.5747070e+01
   2.0059570e+06   1.4648438e+01
   2.3985140e+06   1.2878418e+01
   2.7684260e+06   1.2878418e+01
   2.7684600e+06   1.7822266e+01
   2.7685260e+06   1.3122559e+01
   3.2635180e+06   1.6906738e+01
   3.2635540e+06   1.3671875e+01
   3.2639030e+06   1.2695312e+01
   3.4218150e+06   1.5502930e+01
   3.9502410e+06   1.4648438e+01
   3.9502700e+06   1.5686035e+01
   3.9503030e+06   1.4404297e+01
   4.2488640e+06   1.3977051e+01
   4.9977520e+06   1.6052246e+01
   4.9977880e+06   1.4709473e+01
   4.9978480e+06   1.2756348e+01
   5.1988810e+06   1.3671875e+01
   5.2720010e+06   1.5319824e+01
   5.2726610e+06   1.2878418e+01
   5.7968270e+06   1.3122559e+01
