   5.9990000e+06   0.0000000e+00
   9.6117000e+04   1.5441895e+01
   9.6127000e+04   2.2949219e+01
   9.6161000e+04   1.2634277e+01
   9.6181000e+04   1.4282227e+01
   9.6201000e+04   1.3488770e+01
   9.6353000e+04   1.3000488e+01
   3.4183900e+05   1.4892578e+01
   3.4185600e+05   2.0874023e+01
   3.4189500e+05   1.5502930e+01
   3.4204900e+05   1.6479492e+01
   5.7016700e+05   2.0446777e+01
   5.7017700e+05   1.7272949e+01
   5.7025200e+05   1.8127441e+01
   5.7058700e+05   1.3916016e+01
   1.1855380e+06   1.2756348e+01
   1.1855670e+06   1.4831543e+01
   1.1856400e+06   1.7456055e+01
   1.1856970e+06   1.3183594e+01
   1.8459810e+06   1.6418457e+01
   1.8459980e+06   1.3854980e+01
   1.8460420e+06   1.3000488e+01
   1.8461480e+06   1.2878418e+01
   2.0059400e+06   1.7150879e+01
   2.0059540e+06   1.3366699e+01
   2.0059910e+06   1.4709473e+01
   2.1226250e+06   1.2573242e+01
   2.7684970e+06   1.4404297e+01
   2.7685180e+06   1.6418457e+01
   2.7685450e+06   1.3305664e+01
   3.2635710e+06   1.4099121e+01
   3.2635880e+06   1.7395020e+01
   3.2636150e+06   1.5930176e+01
   3.2636320e+06   1.5808105e+01
   3.2637260e+06   1.3854980e+01
   3.2637740e+06   1.3244629e+01
   3.2638690e+06   1.2634277e+01
   3.2639350e+06   1.3000488e+01
   3.2639520e+06   1.2695312e+01
   3.4218710e+06   1.6662598e+01
   3.4218850e+06   1.8676758e+01
   3.4219360e+06   1.4099121e+01
   3.9503290e+06   1.6418457e+01
   3.9503850e+06   1.3122559e+01
   3.9505370e+06   1.3793945e+01
   3.9505970e+06   1.5075684e+01
   3.9506350e+06   1.2939453e+01
   4.2489270e+06   1.7395020e+01
   4.2489590e+06   1.3366699e+01
   4.2489940e+06   1.6906738e+01
   4.2490650e+06   1.3061523e+01
   4.5954030e+06   1.2634277e+01
   4.7583720e+06   1.2634277e+01
   4.9978360e+06   1.7089844e+01
   4.9978500e+06   1.4892578e+01
   4.9979040e+06   1.4770508e+01
   4.9980460e+06   1.3061523e+01
   4.9981110e+06   1.3122559e+01
   5.2720530e+06   1.4282227e+01
   5.2721200e+06   1.4526367e+01
   5.2721550e+06   1.2695312e+01
   5.2724830e+06   1.5686035e+01
   5.2725280e+06   1.2695312e+01
   5.7969190e+06   1.8188477e+01
   5.7969290e+06   1.7028809e+01
   5.7969520e+06   1.3977051e+01
   5.7969790e+06   2.0690918e+01
   5.7971720e+06   1.3610840e+01
