   5.9990000e+06   0.0000000e+00
   7.9459000e+04   1.5197754e+01
   9.5951000e+04   1.5686035e+01
   9.5976000e+04   1.6479492e+01
   9.6017000e+04   3.7292480e+01
   9.6036000e+04   1.6479492e+01
   9.6064000e+04   2.1972656e+01
   9.6077000e+04   2.1240234e+01
   9.6114000e+04   1.8920898e+01
   9.6148000e+04   1.2451172e+01
   9.6186000e+04   1.4038086e+01
   9.6215000e+04   1.4526367e+01
   9.6255000e+04   1.6601563e+01
   9.6335000e+04   1.4282227e+01
   9.6399000e+04   1.3061523e+01
   9.6450000e+04   1.5563965e+01
   9.6478000e+04   1.3732910e+01
   9.6616000e+04   1.7395020e+01
   9.6659000e+04   1.2512207e+01
   9.6683000e+04   1.6723633e+01
   9.6782000e+04   1.2817383e+01
   1.2635800e+05   1.5563965e+01
   1.2827200e+05   1.6601562e+01
   2.5215100e+05   1.6662598e+01
   3.4173000e+05   1.2878418e+01
   3.4174300e+05   2.8381348e+01
   3.4176500e+05   1.3671875e+01
   3.4179400e+05   3.6132812e+01
   3.4181500e+05   2.2216797e+01
   3.4183200e+05   1.9897461e+01
   3.4184800e+05   1.4770508e+01
   3.4185800e+05   1.2329102e+01
   3.4188200e+05   1.3244629e+01
   3.4193900e+05   2.0080566e+01
   3.4196700e+05   1.8249512e+01
   3.4200200e+05   1.6967773e+01
   3.4209300e+05   1.4282227e+01
   3.4214600e+05   1.4404297e+01
   3.4222500e+05   1.4343262e+01
   3.4226300e+05   1.3671875e+01
   3.4230200e+05   1.4709473e+01
   3.4233000e+05   1.8127441e+01
   3.4244200e+05   1.3549805e+01
   3.4251400e+05   1.7395020e+01
   3.6181600e+05   1.8005371e+01
   3.6925000e+05   1.4892578e+01
   3.7598000e+05   1.6784668e+01
   3.8308100e+05   1.6540527e+01
   3.9334800e+05   1.9287109e+01
   5.7001600e+05   1.2939453e+01
   5.7003900e+05   2.6184082e+01
   5.7005100e+05   1.9775391e+01
   5.7008500e+05   1.7578125e+01
   5.7009600e+05   3.3020020e+01
   5.7011400e+05   1.5136719e+01
   5.7014100e+05   2.0202637e+01
   5.7016600e+05   1.9714355e+01
   5.7020700e+05   1.5014648e+01
   5.7023800e+05   1.8859863e+01
   5.7027600e+05   2.1423340e+01
   5.7032600e+05   1.2451172e+01
   5.7036600e+05   1.9653320e+01
   5.7046100e+05   1.3427734e+01
   5.7052200e+05   1.4404297e+01
   5.7057400e+05   1.3549805e+01
   5.7060700e+05   1.4770508e+01
   5.7063100e+05   1.3244629e+01
   5.7076600e+05   1.5502930e+01
   5.7086300e+05   1.7395020e+01
   5.7092400e+05   1.2329102e+01
   6.0306300e+05   1.2878418e+01
   6.6039800e+05   1.4526367e+01
   6.8612700e+05   1.6235352e+01
   7.9844400e+05   1.5930176e+01
   8.6265200e+05   1.5869141e+01
   1.1854250e+06   1.4648438e+01
   1.1854400e+06   2.8564453e+01
   1.1854680e+06   3.1250000e+01
   1.1854850e+06   3.4484863e+01
   1.1855210e+06   1.3854980e+01
   1.1855400e+06   1.6357422e+01
   1.1855500e+06   1.3366699e+01
   1.1855620e+06   1.4770508e+01
   1.1856130e+06   1.6601562e+01
   1.1856450e+06   1.7883301e+01
   1.1856790e+06   1.8127441e+01
   1.1857810e+06   1.5319824e+01
   1.1858270e+06   1.3732910e+01
   1.1858820e+06   1.7883301e+01
   1.1859490e+06   1.3610840e+01
   1.1860170e+06   2.3864746e+01
   1.1860840e+06   2.2338867e+01
   1.1861180e+06   1.5319824e+01
   1.1862130e+06   1.4770508e+01
   1.1863070e+06   1.7211914e+01
   1.1864040e+06   2.0019531e+01
   1.1865300e+06   2.1240234e+01
   1.1865400e+06   1.8310547e+01
   1.1866440e+06   2.2033691e+01
   1.1866760e+06   1.9348145e+01
   1.1868120e+06   2.4902344e+01
   1.2192270e+06   1.8249512e+01
   1.2303170e+06   1.5747070e+01
   1.2429560e+06   1.5625000e+01
   1.5644260e+06   1.2390137e+01
   1.6259850e+06   1.6113281e+01
   1.8458530e+06   1.5625000e+01
   1.8458700e+06   1.5747070e+01
   1.8458900e+06   4.6020508e+01
   1.8459260e+06   1.6662598e+01
   1.8459510e+06   1.4526367e+01
   1.8459940e+06   2.0141602e+01
   1.8460330e+06   1.7333984e+01
   1.8460580e+06   1.2634277e+01
   1.8460750e+06   1.4099121e+01
   1.8461100e+06   1.6784668e+01
   1.8462430e+06   1.2451172e+01
   1.8463130e+06   1.9531250e+01
   1.8463750e+06   1.9165039e+01
   1.8464480e+06   1.5930176e+01
   1.8465390e+06   1.2817383e+01
   1.8465680e+06   1.9226074e+01
   1.8466360e+06   1.6906738e+01
   1.8467150e+06   1.6296387e+01
   1.8468120e+06   1.8310547e+01
   1.8469060e+06   1.9653320e+01
   1.8470090e+06   2.2827148e+01
   1.8470370e+06   1.5441895e+01
   1.8471150e+06   2.1606445e+01
   1.8472600e+06   2.5939941e+01
   1.8851530e+06   1.5014648e+01
   1.8889510e+06   2.0446777e+01
   1.8941370e+06   1.8127441e+01
   1.8983710e+06   1.4648438e+01
   1.9091500e+06   1.7761230e+01
   1.9428850e+06   1.2451172e+01
   1.9466100e+06   1.5869141e+01
   2.0057890e+06   1.5258789e+01
   2.0058090e+06   1.3610840e+01
   2.0058450e+06   2.3315430e+01
   2.0058610e+06   2.7526855e+01
   2.0058880e+06   1.7089844e+01
   2.0059060e+06   1.4038086e+01
   2.0059480e+06   1.6601562e+01
   2.0060130e+06   1.2451172e+01
   2.0060340e+06   1.4953613e+01
   2.0060860e+06   1.2756348e+01
   2.0061270e+06   1.3916016e+01
   2.0061680e+06   1.4160156e+01
   2.0062690e+06   1.5258789e+01
   2.0063370e+06   1.6113281e+01
   2.0063960e+06   1.3671875e+01
   2.0064430e+06   1.7456055e+01
   2.0064750e+06   1.5991211e+01
   2.0065340e+06   1.8676758e+01
   2.0066520e+06   1.6418457e+01
   2.0067350e+06   1.8859863e+01
   2.0068510e+06   1.9042969e+01
   2.0069740e+06   2.3315430e+01
   2.0270180e+06   1.2756348e+01
   2.0340600e+06   1.6845703e+01
   2.0851120e+06   1.5808105e+01
   2.0851380e+06   1.3610840e+01
   2.1019870e+06   1.4831543e+01
   2.1493510e+06   1.5380859e+01
   2.5408060e+06   1.2573242e+01
   2.7350680e+06   1.5380859e+01
   2.7683810e+06   1.5258789e+01
   2.7684040e+06   3.2653809e+01
   2.7684160e+06   2.7099609e+01
   2.7684400e+06   2.0324707e+01
   2.7684560e+06   2.0080566e+01
   2.7684730e+06   1.7578125e+01
   2.7684990e+06   1.3183594e+01
   2.7685090e+06   1.5808105e+01
   2.7685730e+06   2.1179199e+01
   2.7686040e+06   1.7028809e+01
   2.7686340e+06   1.3183594e+01
   2.7686730e+06   1.3732910e+01
   2.7687580e+06   1.5136719e+01
   2.7688090e+06   1.3305664e+01
   2.7689310e+06   1.2817383e+01
   2.7689650e+06   1.5319824e+01
   2.7690120e+06   1.5747070e+01
   2.7690390e+06   1.5258789e+01
   2.7690730e+06   2.1118164e+01
   2.7691690e+06   1.8005371e+01
   2.7691810e+06   2.1484375e+01
   2.7692570e+06   1.7272949e+01
   2.7692940e+06   1.3916016e+01
   2.7693610e+06   1.6662598e+01
   2.7694560e+06   1.8493652e+01
   2.7695420e+06   2.3010254e+01
   2.7695820e+06   1.4770508e+01
   2.7696500e+06   2.1545410e+01
   2.7697450e+06   2.1667480e+01
   2.7698520e+06   2.2521973e+01
   2.7699490e+06   2.2888184e+01
   2.7700730e+06   2.6123047e+01
   2.7701940e+06   2.4902344e+01
   2.7703330e+06   2.1606445e+01
   2.8083690e+06   1.5930176e+01
   2.8365250e+06   1.5014648e+01
   2.8648600e+06   1.6052246e+01
   2.9819490e+06   1.9592285e+01
   3.0175530e+06   1.2817383e+01
   3.1296960e+06   1.4770508e+01
   3.2634120e+06   1.9958496e+01
   3.2634350e+06   1.3916016e+01
   3.2634630e+06   3.1311035e+01
   3.2634750e+06   3.6132812e+01
   3.2635020e+06   2.4108887e+01
   3.2635210e+06   1.8859863e+01
   3.2635400e+06   2.0141602e+01
   3.2635560e+06   1.6052246e+01
   3.2636150e+06   1.7456055e+01
   3.2636350e+06   1.2939453e+01
   3.2636670e+06   1.8127441e+01
   3.2637020e+06   1.3000488e+01
   3.2638050e+06   1.2878418e+01
   3.2638290e+06   1.4892578e+01
   3.2638850e+06   1.3916016e+01
   3.2639900e+06   1.4343262e+01
   3.2640250e+06   1.2634277e+01
   3.2640570e+06   1.4343262e+01
   3.2641210e+06   1.9714355e+01
   3.2641480e+06   1.5014648e+01
   3.2643300e+06   1.6967773e+01
   3.2645850e+06   2.1179199e+01
   3.2646900e+06   1.8859863e+01
   3.2647960e+06   2.0385742e+01
   3.2649030e+06   2.1667480e+01
   3.2649990e+06   2.0874023e+01
   3.2651030e+06   2.2521973e+01
   3.2652240e+06   2.1911621e+01
   3.2972480e+06   1.5808105e+01
   3.3049510e+06   1.7456055e+01
   3.3113120e+06   1.5625000e+01
   3.3140960e+06   3.8330078e+01
   3.3172430e+06   1.3916016e+01
   3.3177240e+06   1.4587402e+01
   3.3200370e+06   1.6967773e+01
   3.3218570e+06   1.2939453e+01
   3.3240090e+06   1.2939453e+01
   3.3250800e+06   1.7028809e+01
   3.3301540e+06   1.7089844e+01
   3.3341210e+06   1.3793945e+01
   3.3369160e+06   1.5380859e+01
   3.3429960e+06   1.9409180e+01
   3.3652930e+06   1.5319824e+01
   3.4217330e+06   1.5197754e+01
   3.4217530e+06   1.4526367e+01
   3.4217720e+06   1.9958496e+01
   3.4218000e+06   1.2939453e+01
   3.4218200e+06   3.8696289e+01
   3.4218480e+06   1.7456055e+01
   3.4218840e+06   1.7700195e+01
   3.4218960e+06   1.6540527e+01
   3.4219430e+06   1.5319824e+01
   3.4219740e+06   1.3854980e+01
   3.4220050e+06   1.8554688e+01
   3.4220770e+06   1.4709473e+01
   3.4221220e+06   2.0507812e+01
   3.4222180e+06   1.4343262e+01
   3.4222710e+06   1.2939453e+01
   3.4223470e+06   1.4648438e+01
   3.4224000e+06   1.9653320e+01
   3.4224200e+06   1.3916016e+01
   3.4224740e+06   1.5808105e+01
   3.4224850e+06   1.3488770e+01
   3.4225200e+06   1.5014648e+01
   3.4225680e+06   1.2512207e+01
   3.4226740e+06   1.5319824e+01
   3.4228070e+06   1.7944336e+01
   3.4228360e+06   1.2512207e+01
   3.4229200e+06   1.7456055e+01
   3.4230380e+06   1.7944336e+01
   3.4231360e+06   1.8493652e+01
   3.4232600e+06   2.0996094e+01
   3.4233870e+06   1.8249512e+01
   3.4819540e+06   1.4709473e+01
   3.4819760e+06   1.4038086e+01
   3.5609830e+06   1.5014648e+01
   3.7384680e+06   1.5014648e+01
   3.9501630e+06   1.9958496e+01
   3.9501850e+06   1.5563965e+01
   3.9502200e+06   1.9287109e+01
   3.9502340e+06   1.3732910e+01
   3.9502460e+06   1.5563965e+01
   3.9502760e+06   2.3132324e+01
   3.9502910e+06   1.3977051e+01
   3.9503400e+06   1.9897461e+01
   3.9503760e+06   1.2878418e+01
   3.9504230e+06   1.8615723e+01
   3.9504580e+06   1.6906738e+01
   3.9505450e+06   1.4282227e+01
   3.9506040e+06   1.3671875e+01
   3.9506600e+06   1.3244629e+01
   3.9507250e+06   1.7578125e+01
   3.9508330e+06   1.2939453e+01
   3.9508680e+06   1.3793945e+01
   3.9509070e+06   1.3488770e+01
   3.9509720e+06   1.6296387e+01
   3.9510110e+06   1.5808105e+01
   3.9510380e+06   1.2390137e+01
   3.9511420e+06   1.4465332e+01
   3.9512490e+06   1.7333984e+01
   3.9513720e+06   2.2033691e+01
   3.9515080e+06   1.9958496e+01
   3.9516090e+06   1.9226074e+01
   3.9517080e+06   1.9165039e+01
   3.9934260e+06   1.5319824e+01
   3.9964270e+06   1.7333984e+01
   4.0062560e+06   1.7578125e+01
   4.0936870e+06   1.8676758e+01
   4.1322910e+06   1.2573242e+01
   4.2487730e+06   1.6662598e+01
   4.2487900e+06   4.3334961e+01
   4.2488190e+06   2.7709961e+01
   4.2488420e+06   3.1677246e+01
   4.2488550e+06   1.5014648e+01
   4.2488830e+06   2.2766113e+01
   4.2489040e+06   1.3793945e+01
   4.2489290e+06   1.6906738e+01
   4.2489610e+06   1.5686035e+01
   4.2490090e+06   1.6784668e+01
   4.2490460e+06   1.4526367e+01
   4.2491670e+06   1.3549805e+01
   4.2492140e+06   1.4831543e+01
   4.2492690e+06   1.3000488e+01
   4.2493300e+06   1.9287109e+01
   4.2493880e+06   1.5441895e+01
   4.2494610e+06   1.3427734e+01
   4.2494810e+06   1.3244629e+01
   4.2495170e+06   1.8859863e+01
   4.2495420e+06   1.4587402e+01
   4.2495830e+06   1.3244629e+01
   4.2497050e+06   1.8981934e+01
   4.2498030e+06   1.8859863e+01
   4.2498430e+06   1.2573242e+01
   4.2685280e+06   1.5258789e+01
   4.2801150e+06   2.0568848e+01
   4.2817240e+06   1.6479492e+01
   4.2820740e+06   1.9714355e+01
   4.2930610e+06   1.4343262e+01
   4.6300490e+06   1.8798828e+01
   4.9197980e+06   1.7578125e+01
   4.9331360e+06   1.7761230e+01
   4.9977000e+06   1.6906738e+01
   4.9977200e+06   1.3977051e+01
   4.9977320e+06   3.6071777e+01
   4.9977540e+06   1.2695312e+01
   4.9977740e+06   1.8371582e+01
   4.9977870e+06   2.0385742e+01
   4.9978200e+06   1.6052246e+01
   4.9978600e+06   1.7456055e+01
   4.9979000e+06   1.4343262e+01
   4.9979280e+06   1.5075684e+01
   4.9979670e+06   1.5563965e+01
   4.9980540e+06   1.3671875e+01
   4.9980990e+06   1.2634277e+01
   4.9981500e+06   1.3427734e+01
   4.9981980e+06   1.4831543e+01
   4.9982290e+06   1.2390137e+01
   4.9982560e+06   1.8066406e+01
   4.9983490e+06   1.9775391e+01
   4.9984070e+06   2.1484375e+01
   4.9984660e+06   1.4282227e+01
   4.9985680e+06   2.2949219e+01
   4.9985920e+06   1.2573242e+01
   4.9987680e+06   1.7944336e+01
   4.9988040e+06   1.3122559e+01
   4.9989010e+06   1.7333984e+01
   4.9989260e+06   1.6052246e+01
   4.9990310e+06   2.2644043e+01
   4.9991540e+06   2.0751953e+01
   5.0470580e+06   1.4526367e+01
   5.0515700e+06   1.4587402e+01
   5.0773790e+06   1.3000488e+01
   5.2718920e+06   1.4160156e+01
   5.2719540e+06   3.6193848e+01
   5.2719650e+06   1.5197754e+01
   5.2719920e+06   2.4169922e+01
   5.2720170e+06   1.8737793e+01
   5.2720270e+06   1.9165039e+01
   5.2720500e+06   2.0629883e+01
   5.2720920e+06   1.7578125e+01
   5.2721370e+06   1.4709473e+01
   5.2721850e+06   1.6601562e+01
   5.2722240e+06   1.4282227e+01
   5.2722620e+06   1.2390137e+01
   5.2723530e+06   1.2634277e+01
   5.2724180e+06   1.4221191e+01
   5.2724750e+06   1.8676758e+01
   5.2725380e+06   1.7822266e+01
   5.2726110e+06   1.6296387e+01
   5.2727080e+06   1.3061523e+01
   5.2727590e+06   1.5441895e+01
   5.2955620e+06   1.6845703e+01
   5.6038620e+06   1.5502930e+01
   5.6457340e+06   1.3000488e+01
   5.7967710e+06   1.8127441e+01
   5.7968030e+06   3.5461426e+01
   5.7968160e+06   2.7832031e+01
   5.7968580e+06   1.4648438e+01
   5.7968880e+06   1.8737793e+01
   5.7969090e+06   1.2695312e+01
   5.7969420e+06   1.6174316e+01
   5.7969840e+06   1.3488770e+01
   5.7970280e+06   1.8249512e+01
   5.7970670e+06   1.5014648e+01
   5.7972530e+06   1.8249512e+01
   5.7973890e+06   2.3010254e+01
   5.7974540e+06   1.3793945e+01
   5.7975680e+06   2.6000977e+01
   5.7976670e+06   1.4160156e+01
   5.7977780e+06   1.3366699e+01
   5.7978920e+06   1.6540527e+01
   5.7979140e+06   1.8798828e+01
   5.7980080e+06   1.9775391e+01
   5.7981370e+06   1.7272949e+01
   5.7982700e+06   2.1789551e+01
   5.7983910e+06   2.1972656e+01
