   5.9990000e+06   0.0000000e+00
   9.5942000e+04   1.4587402e+01
   9.5974000e+04   1.6662598e+01
   9.6036000e+04   1.3488770e+01
   9.6055000e+04   1.2695312e+01
   9.6083000e+04   1.6296387e+01
   9.6132000e+04   1.1779785e+01
   9.6227000e+04   1.1291504e+01
   3.4166200e+05   1.1962891e+01
   3.4169600e+05   1.5808105e+01
   3.4176000e+05   1.4587402e+01
   3.4183100e+05   1.3061523e+01
   3.4191700e+05   1.2512207e+01
   3.4196900e+05   1.1596680e+01
   5.7011900e+05   1.3305664e+01
   5.7018300e+05   1.2023926e+01
   5.7022300e+05   1.2329102e+01
   5.7037100e+05   1.1840820e+01
   5.7050100e+05   1.4465332e+01
   5.7058400e+05   1.3427734e+01
   1.1854130e+06   1.6906738e+01
   1.1855000e+06   1.7333984e+01
   1.1855500e+06   1.3732910e+01
   1.1855910e+06   1.2023926e+01
   1.1856620e+06   1.7089844e+01
   1.1857330e+06   1.2451172e+01
   1.8458430e+06   1.2207031e+01
   1.8460670e+06   1.1535645e+01
   1.8470820e+06   1.1657715e+01
   2.0057560e+06   1.3427734e+01
   2.0058450e+06   1.2390137e+01
   2.0058840e+06   1.2878418e+01
   2.0059580e+06   1.2023926e+01
   2.0060010e+06   1.3061523e+01
   2.7683400e+06   1.3000488e+01
   2.7683780e+06   1.1535645e+01
   2.7684120e+06   1.1657715e+01
   2.7684420e+06   1.2634277e+01
   2.7685020e+06   1.4221191e+01
   2.7685440e+06   1.3122559e+01
   2.7685650e+06   1.3305664e+01
   2.7685950e+06   1.2512207e+01
   2.7687560e+06   1.4709473e+01
   3.2633780e+06   1.3916016e+01
   3.2634040e+06   1.1352539e+01
   3.2635200e+06   1.4770508e+01
   3.2635520e+06   1.4160156e+01
   3.2636710e+06   1.2084961e+01
   3.2637670e+06   1.1413574e+01
   3.2640590e+06   1.3610840e+01
   3.4216920e+06   1.6052246e+01
   3.4217900e+06   1.4404297e+01
   3.4218300e+06   1.3122559e+01
   3.4218620e+06   1.2512207e+01
   3.4219040e+06   1.2451172e+01
   3.4219480e+06   1.2023926e+01
   3.4219700e+06   1.1596680e+01
   3.4220010e+06   1.1779785e+01
   3.4306870e+06   1.1291504e+01
   3.9501530e+06   1.1413574e+01
   3.9502600e+06   1.8005371e+01
   3.9503030e+06   1.9409180e+01
   3.9503420e+06   1.2145996e+01
   3.9503620e+06   1.1718750e+01
   3.9504240e+06   1.4099121e+01
   3.9504730e+06   1.2512207e+01
   3.9505430e+06   1.3610840e+01
   3.9985040e+06   1.2329102e+01
   4.2487990e+06   1.5991211e+01
   4.2488540e+06   1.3671875e+01
   4.2488980e+06   1.2023926e+01
   4.2489410e+06   1.1352539e+01
   4.2489650e+06   1.1596680e+01
   4.2490510e+06   1.5380859e+01
   4.2491390e+06   1.3427734e+01
   4.9613410e+06   1.2145996e+01
   4.9976680e+06   1.5075684e+01
   4.9976790e+06   1.1657715e+01
   4.9979160e+06   1.2939453e+01
   4.9980420e+06   1.1413574e+01
   5.2718970e+06   1.2451172e+01
   5.2719890e+06   1.8310547e+01
   5.2720340e+06   1.1779785e+01
   5.2721260e+06   1.2023926e+01
   5.2722840e+06   1.1352539e+01
   5.4146460e+06   1.2573242e+01
   5.7967470e+06   1.1962891e+01
   5.7967620e+06   1.1352539e+01
   5.7967750e+06   1.1413574e+01
   5.7967970e+06   1.1962891e+01
   5.7968540e+06   1.2512207e+01
   5.7968700e+06   1.2573242e+01
   5.7968980e+06   1.5075684e+01
   5.7969370e+06   1.4526367e+01
   5.7970320e+06   1.2695313e+01
   5.7971610e+06   1.2268066e+01
   5.9512890e+06   1.1291504e+01
