   5.9990000e+06   0.0000000e+00
   9.6009000e+04   1.3244629e+01
   9.6027000e+04   4.1870117e+01
   9.6044000e+04   1.6174316e+01
   9.6068000e+04   2.2521973e+01
   9.6097000e+04   1.9165039e+01
   9.6118000e+04   1.7761230e+01
   9.6148000e+04   2.0263672e+01
   9.6206000e+04   1.5136719e+01
   9.6269000e+04   1.7761230e+01
   9.6297000e+04   1.6723633e+01
   9.6324000e+04   2.1911621e+01
   9.6373000e+04   1.3854980e+01
   9.6404000e+04   1.7211914e+01
   9.6424000e+04   1.5014648e+01
   9.6457000e+04   1.3061523e+01
   9.6489000e+04   1.8005371e+01
   9.6586000e+04   1.7272949e+01
   9.6633000e+04   2.0507812e+01
   9.6789000e+04   1.9042969e+01
   9.7012000e+04   1.4587402e+01
   9.7087000e+04   1.3854980e+01
   2.0841000e+05   1.2939453e+01
   2.4223200e+05   1.3305664e+01
   3.4174600e+05   2.4475098e+01
   3.4176200e+05   4.5898438e+01
   3.4179300e+05   1.9348145e+01
   3.4180800e+05   1.6113281e+01
   3.4182400e+05   1.6418457e+01
   3.4184900e+05   1.5747070e+01
   3.4186700e+05   1.5930176e+01
   3.4188400e+05   2.1179199e+01
   3.4191000e+05   2.1667480e+01
   3.4193800e+05   1.6479492e+01
   3.4196100e+05   1.5869141e+01
   3.4202200e+05   1.3793945e+01
   3.4204800e+05   1.4770508e+01
   3.4206400e+05   1.7272949e+01
   3.4207700e+05   1.6601562e+01
   3.4209400e+05   1.3854980e+01
   3.4211800e+05   1.4526367e+01
   3.4215400e+05   2.1118164e+01
   3.4220100e+05   1.8676758e+01
   3.4223900e+05   1.5441895e+01
   3.4226100e+05   1.7395020e+01
   3.4230700e+05   1.9897461e+01
   3.4239800e+05   2.4597168e+01
   3.4253300e+05   1.4160156e+01
   3.4256300e+05   1.4709473e+01
   3.4271500e+05   1.2817383e+01
   3.4305400e+05   1.3488770e+01
   3.4315200e+05   1.4587402e+01
   3.7399600e+05   1.5441895e+01
   5.7001100e+05   1.3854980e+01
   5.7002600e+05   1.3183594e+01
   5.7004400e+05   2.1850586e+01
   5.7005400e+05   2.0263672e+01
   5.7007100e+05   2.5756836e+01
   5.7010300e+05   2.6428223e+01
   5.7013100e+05   2.2827148e+01
   5.7016400e+05   2.0629883e+01
   5.7019100e+05   1.8859863e+01
   5.7024100e+05   1.5380859e+01
   5.7027000e+05   1.2939453e+01
   5.7030700e+05   1.4526367e+01
   5.7033400e+05   1.6723633e+01
   5.7037500e+05   1.3610840e+01
   5.7040400e+05   1.6296387e+01
   5.7045200e+05   2.2888184e+01
   5.7046400e+05   1.3366699e+01
   5.7051400e+05   1.9958496e+01
   5.7055600e+05   1.3549805e+01
   5.7059100e+05   1.3000488e+01
   5.7062700e+05   1.3061523e+01
   5.7072700e+05   1.3305664e+01
   5.7085200e+05   1.7517090e+01
   5.7090100e+05   1.4892578e+01
   5.7133200e+05   1.3977051e+01
   5.7143300e+05   1.2878418e+01
   5.7173400e+05   1.4038086e+01
   5.7183200e+05   1.3000488e+01
   5.7196200e+05   1.6784668e+01
   5.7208000e+05   1.2878418e+01
   5.7217300e+05   1.6540527e+01
   9.1389800e+05   1.2817383e+01
   1.1265510e+06   1.3122559e+01
   1.1854210e+06   1.4892578e+01
   1.1854430e+06   2.0385742e+01
   1.1854670e+06   2.6184082e+01
   1.1854790e+06   3.1677246e+01
   1.1854990e+06   2.2583008e+01
   1.1855210e+06   1.8798828e+01
   1.1855460e+06   2.1484375e+01
   1.1855840e+06   2.3193359e+01
   1.1856160e+06   1.3427734e+01
   1.1856280e+06   1.3183594e+01
   1.1856570e+06   1.5930176e+01
   1.1856980e+06   1.7761230e+01
   1.1857240e+06   1.6967773e+01
   1.1857530e+06   1.7700195e+01
   1.1857800e+06   1.6113281e+01
   1.1857930e+06   1.5991211e+01
   1.1858200e+06   1.5930176e+01
   1.1858350e+06   1.5747070e+01
   1.1858560e+06   2.4963379e+01
   1.1859040e+06   2.3803711e+01
   1.1860430e+06   1.6906738e+01
   1.1860660e+06   1.9287109e+01
   1.1862990e+06   1.3610840e+01
   1.1863310e+06   1.3916016e+01
   1.1863940e+06   1.5808105e+01
   1.1866330e+06   1.4648438e+01
   1.1868130e+06   1.2756348e+01
   1.1869020e+06   1.3366699e+01
   1.1869920e+06   1.3122559e+01
   1.1870860e+06   1.3305664e+01
   1.1872860e+06   1.3793945e+01
   1.1873910e+06   1.4953613e+01
   1.1875060e+06   1.3000488e+01
   1.1876060e+06   1.3671875e+01
   1.1877080e+06   1.7272949e+01
   1.1877550e+06   1.3427734e+01
   1.1878280e+06   1.6052246e+01
   1.1879620e+06   1.5625000e+01
   1.1890190e+06   1.8188477e+01
   1.1891470e+06   1.5930176e+01
   1.1893000e+06   1.8432617e+01
   1.1894330e+06   1.6967773e+01
   1.1896120e+06   1.4648438e+01
   1.1897300e+06   1.4953613e+01
   1.2048810e+06   1.5075684e+01
   1.8458400e+06   1.4282227e+01
   1.8458730e+06   1.7456055e+01
   1.8459040e+06   4.9133301e+01
   1.8459340e+06   2.4536133e+01
   1.8459640e+06   1.3916016e+01
   1.8459880e+06   2.2399902e+01
   1.8460220e+06   2.0874023e+01
   1.8460630e+06   1.7028809e+01
   1.8461000e+06   1.4587402e+01
   1.8461530e+06   1.8249512e+01
   1.8461840e+06   1.3610840e+01
   1.8462150e+06   3.1677246e+01
   1.8462620e+06   1.8371582e+01
   1.8462720e+06   2.4841309e+01
   1.8462930e+06   1.6174316e+01
   1.8463300e+06   2.1179199e+01
   1.8463640e+06   1.4831543e+01
   1.8463800e+06   1.5686035e+01
   1.8465120e+06   1.2817383e+01
   1.8465620e+06   1.3061523e+01
   1.8465810e+06   2.2460938e+01
   1.8466420e+06   1.8737793e+01
   1.8468420e+06   1.7578125e+01
   1.8469920e+06   1.7944336e+01
   1.8476360e+06   1.3061523e+01
   1.8497540e+06   1.5991211e+01
   1.8498740e+06   1.9958496e+01
   1.8500150e+06   1.5502930e+01
   1.8501510e+06   1.5686035e+01
   1.8503010e+06   1.8920898e+01
   1.8504530e+06   1.8737793e+01
   1.8506440e+06   1.7883301e+01
   1.8507990e+06   1.3183594e+01
   1.8509680e+06   1.5502930e+01
   1.8511610e+06   1.3977051e+01
   1.8514050e+06   1.3854980e+01
   1.8516030e+06   1.5197754e+01
   1.8518330e+06   1.5747070e+01
   2.0058060e+06   1.5197754e+01
   2.0058290e+06   1.2756348e+01
   2.0058520e+06   2.6855469e+01
   2.0058620e+06   3.0639648e+01
   2.0058790e+06   2.6062012e+01
   2.0058960e+06   2.2644043e+01
   2.0059230e+06   1.9775391e+01
   2.0059390e+06   1.4160156e+01
   2.0059670e+06   1.4343262e+01
   2.0059800e+06   1.5808105e+01
   2.0059930e+06   1.8249512e+01
   2.0060350e+06   1.3061523e+01
   2.0060840e+06   1.8615723e+01
   2.0061180e+06   1.4587402e+01
   2.0061500e+06   2.2888184e+01
   2.0061890e+06   1.5930176e+01
   2.0062270e+06   2.3193359e+01
   2.0062420e+06   1.7578125e+01
   2.0062760e+06   1.6235352e+01
   2.0063240e+06   1.4648438e+01
   2.0063420e+06   1.3183594e+01
   2.0064530e+06   1.3488770e+01
   2.0065360e+06   1.4892578e+01
   2.0065730e+06   1.2939453e+01
   2.0067700e+06   1.6479492e+01
   2.0068050e+06   1.6357422e+01
   2.0068590e+06   1.7822266e+01
   2.0070420e+06   1.6418457e+01
   2.0077190e+06   1.3244629e+01
   2.0078190e+06   1.3488770e+01
   2.0079120e+06   1.5625000e+01
   2.0094150e+06   1.4709473e+01
   2.0267450e+06   1.4038086e+01
   2.4097410e+06   1.3549805e+01
   2.4111790e+06   1.2756348e+01
   2.5460670e+06   1.3366699e+01
   2.7220690e+06   1.3183594e+01
   2.7683830e+06   1.3183594e+01
   2.7683980e+06   1.6235352e+01
   2.7684240e+06   5.2307129e+01
   2.7684340e+06   1.9592285e+01
   2.7684480e+06   1.3671875e+01
   2.7684700e+06   2.3132324e+01
   2.7684910e+06   2.0690918e+01
   2.7685120e+06   1.5808105e+01
   2.7685340e+06   1.7944336e+01
   2.7685650e+06   1.6296387e+01
   2.7685820e+06   1.5441895e+01
   2.7686110e+06   1.6174316e+01
   2.7686650e+06   2.3071289e+01
   2.7686980e+06   1.3732910e+01
   2.7687090e+06   1.3732910e+01
   2.7687310e+06   1.4221191e+01
   2.7687620e+06   1.8310547e+01
   2.7687790e+06   1.3122559e+01
   2.7688050e+06   1.3244629e+01
   2.7688230e+06   2.0385742e+01
   2.7688410e+06   1.6845703e+01
   2.7688560e+06   1.6906738e+01
   2.7688920e+06   1.7578125e+01
   2.7689210e+06   2.2399902e+01
   2.7689530e+06   1.2756348e+01
   2.7691110e+06   1.7883301e+01
   2.7691870e+06   1.4099121e+01
   2.7692310e+06   1.5747070e+01
   2.7693050e+06   1.3244629e+01
   2.7693360e+06   1.6235352e+01
   2.7693990e+06   1.8005371e+01
   2.7695170e+06   1.4831543e+01
   2.7695270e+06   1.3732910e+01
   2.7696000e+06   1.5441895e+01
   2.7697230e+06   1.3122559e+01
   2.9189710e+06   1.2939453e+01
   3.0825060e+06   1.3061523e+01
   3.1027660e+06   1.3244629e+01
   3.2615990e+06   1.2878418e+01
   3.2634370e+06   2.1789551e+01
   3.2634630e+06   1.5014648e+01
   3.2634920e+06   4.5166016e+01
   3.2635190e+06   1.9409180e+01
   3.2635400e+06   1.4038086e+01
   3.2635520e+06   1.9653320e+01
   3.2635690e+06   1.7211914e+01
   3.2635900e+06   1.7639160e+01
   3.2636060e+06   1.6113281e+01
   3.2636500e+06   1.3366699e+01
   3.2636900e+06   2.0629883e+01
   3.2637070e+06   2.2521973e+01
   3.2637280e+06   2.2521973e+01
   3.2637500e+06   1.6967773e+01
   3.2637740e+06   1.4465332e+01
   3.2638080e+06   1.6723633e+01
   3.2638380e+06   2.6000977e+01
   3.2638850e+06   1.6296387e+01
   3.2639330e+06   1.6906738e+01
   3.2639870e+06   1.6601562e+01
   3.2640030e+06   1.4953613e+01
   3.2641090e+06   1.9531250e+01
   3.2641870e+06   1.4221191e+01
   3.2642650e+06   1.3000488e+01
   3.2643510e+06   1.4282227e+01
   3.2645340e+06   1.7639160e+01
   3.2647520e+06   1.4038086e+01
   3.2651290e+06   1.3854980e+01
   3.2654330e+06   1.3488770e+01
   3.3732370e+06   1.3122559e+01
   3.4217600e+06   1.5197754e+01
   3.4217750e+06   1.3244629e+01
   3.4217970e+06   2.8259277e+01
   3.4218270e+06   2.1911621e+01
   3.4218380e+06   1.8371582e+01
   3.4218600e+06   2.5817871e+01
   3.4218850e+06   2.2277832e+01
   3.4219650e+06   1.8005371e+01
   3.4219990e+06   1.4526367e+01
   3.4220850e+06   1.4892578e+01
   3.4220950e+06   1.6601562e+01
   3.4221230e+06   1.7456055e+01
   3.4221750e+06   1.4831543e+01
   3.4222130e+06   1.7761230e+01
   3.4222260e+06   1.5014648e+01
   3.4222710e+06   1.6235352e+01
   3.4223670e+06   1.9042969e+01
   3.4224520e+06   1.5502930e+01
   3.4225400e+06   1.5441895e+01
   3.4226400e+06   1.8737793e+01
   3.4883280e+06   1.2939453e+01
   3.6783960e+06   1.3305664e+01
   3.8469880e+06   1.2878418e+01
   3.9502180e+06   1.9897461e+01
   3.9502320e+06   2.5939941e+01
   3.9502470e+06   1.9653320e+01
   3.9502570e+06   2.1972656e+01
   3.9502750e+06   2.1606445e+01
   3.9503070e+06   1.6845703e+01
   3.9503200e+06   1.5502930e+01
   3.9503540e+06   1.3610840e+01
   3.9503660e+06   1.6174316e+01
   3.9504350e+06   1.3610840e+01
   3.9504470e+06   1.3977051e+01
   3.9504600e+06   1.4770508e+01
   3.9505130e+06   1.3000488e+01
   3.9505240e+06   1.5258789e+01
   3.9505700e+06   1.5563965e+01
   3.9505900e+06   1.9348145e+01
   3.9506180e+06   1.5380859e+01
   3.9506610e+06   1.8310547e+01
   3.9506870e+06   1.3610840e+01
   3.9507160e+06   2.1118164e+01
   3.9508380e+06   1.5747070e+01
   3.9509000e+06   1.6784668e+01
   3.9509900e+06   1.5869141e+01
   3.9511390e+06   1.8676758e+01
   3.9511780e+06   1.4953613e+01
   3.9513640e+06   1.3793945e+01
   3.9515690e+06   1.5014648e+01
   3.9519630e+06   1.3671875e+01
   3.9520670e+06   1.3793945e+01
   3.9521700e+06   1.3854980e+01
   3.9522620e+06   1.5014648e+01
   3.9524880e+06   1.5136719e+01
   3.9525190e+06   1.3610840e+01
   3.9526000e+06   1.7150879e+01
   3.9526920e+06   1.6906738e+01
   3.9527980e+06   1.7211914e+01
   3.9553070e+06   1.5502930e+01
   3.9554830e+06   1.5869141e+01
   3.9556730e+06   1.6723633e+01
   3.9558260e+06   1.4587402e+01
   3.9918680e+06   1.3183594e+01
   4.1440500e+06   1.4038086e+01
   4.2487760e+06   1.5380859e+01
   4.2488300e+06   4.9804687e+01
   4.2488610e+06   1.7333984e+01
   4.2488740e+06   1.7028809e+01
   4.2488980e+06   1.3732910e+01
   4.2489410e+06   1.3977051e+01
   4.2489730e+06   1.5747070e+01
   4.2490150e+06   1.3671875e+01
   4.2490490e+06   2.4353027e+01
   4.2490650e+06   1.4892578e+01
   4.2490970e+06   2.1057129e+01
   4.2491110e+06   1.3427734e+01
   4.2491420e+06   1.2878418e+01
   4.2491710e+06   1.6296387e+01
   4.2491840e+06   1.7150879e+01
   4.2492130e+06   1.8554688e+01
   4.2492410e+06   2.1240234e+01
   4.2493080e+06   2.1240234e+01
   4.2493220e+06   1.5930176e+01
   4.2494080e+06   1.5869141e+01
   4.2495050e+06   1.5991211e+01
   4.2495180e+06   1.6479492e+01
   4.2496030e+06   1.7639160e+01
   4.2496480e+06   1.6296387e+01
   4.2498980e+06   1.6845703e+01
   4.2499370e+06   1.3305664e+01
   4.2500390e+06   1.9226074e+01
   4.2501040e+06   1.3488770e+01
   4.2503820e+06   1.5441895e+01
   4.2506930e+06   1.6052246e+01
   4.2507920e+06   1.5441895e+01
   4.2517520e+06   1.7883301e+01
   4.2518550e+06   1.8493652e+01
   4.2519570e+06   1.4587402e+01
   4.2520620e+06   1.6845703e+01
   4.3538940e+06   1.3244629e+01
   4.4291850e+06   1.2939453e+01
   4.4293390e+06   1.3061523e+01
   4.5685340e+06   1.3000488e+01
   4.5992110e+06   1.3000488e+01
   4.9195840e+06   1.3061523e+01
   4.9962390e+06   1.2939453e+01
   4.9977010e+06   1.5380859e+01
   4.9977510e+06   4.2236328e+01
   4.9977860e+06   1.8249512e+01
   4.9978040e+06   2.1362305e+01
   4.9978210e+06   1.7883301e+01
   4.9978870e+06   1.6601562e+01
   4.9979140e+06   2.2705078e+01
   4.9979610e+06   1.6113281e+01
   4.9979930e+06   1.5502930e+01
   4.9980180e+06   1.4587402e+01
   4.9980510e+06   1.6357422e+01
   4.9980700e+06   1.3244629e+01
   4.9980920e+06   2.0751953e+01
   4.9981210e+06   1.3793945e+01
   4.9981490e+06   1.4282227e+01
   4.9981760e+06   1.3061523e+01
   4.9981900e+06   1.5319824e+01
   4.9982160e+06   1.3916016e+01
   4.9982320e+06   2.3132324e+01
   4.9982580e+06   1.6601562e+01
   4.9983480e+06   1.8920898e+01
   4.9984340e+06   1.5686035e+01
   4.9985250e+06   1.3916016e+01
   4.9985540e+06   1.5563965e+01
   4.9985750e+06   1.3977051e+01
   4.9986690e+06   1.8981934e+01
   4.9987840e+06   1.3916016e+01
   5.0003560e+06   1.6113281e+01
   5.0004460e+06   1.4953613e+01
   5.0005610e+06   1.3488770e+01
   5.0007220e+06   1.3854980e+01
   5.0008530e+06   1.7211914e+01
   5.0009650e+06   1.9348145e+01
   5.0010940e+06   1.5747070e+01
   5.0012130e+06   1.7028809e+01
   5.0013280e+06   1.5686035e+01
   5.0014440e+06   1.6418457e+01
   5.0207510e+06   1.5625000e+01
   5.2008340e+06   1.8920898e+01
   5.2719220e+06   1.3000488e+01
   5.2719460e+06   1.5563965e+01
   5.2719730e+06   4.3640137e+01
   5.2719920e+06   1.7822266e+01
   5.2720130e+06   1.3916016e+01
   5.2720410e+06   2.6733398e+01
   5.2720930e+06   1.7150879e+01
   5.2721330e+06   1.5319824e+01
   5.2721670e+06   1.8615723e+01
   5.2721840e+06   1.8432617e+01
   5.2722520e+06   2.0996094e+01
   5.2722730e+06   1.4587402e+01
   5.2723090e+06   1.4831543e+01
   5.2723240e+06   1.7578125e+01
   5.2723520e+06   1.3000488e+01
   5.2724020e+06   1.4953613e+01
   5.2724420e+06   1.5258789e+01
   5.2725220e+06   1.3244629e+01
   5.2725820e+06   1.3916016e+01
   5.2726830e+06   1.5625000e+01
   5.2727880e+06   1.3305664e+01
   5.2729510e+06   1.3122559e+01
   5.2730870e+06   1.7028809e+01
   5.2734630e+06   1.3122559e+01
   5.2736590e+06   1.3244629e+01
   5.2742240e+06   1.7639160e+01
   5.2759370e+06   1.3610840e+01
   5.2760640e+06   1.3122559e+01
   5.2763080e+06   1.8249512e+01
   5.2764790e+06   1.4770508e+01
   5.2765980e+06   1.4892578e+01
   5.2767240e+06   1.6601562e+01
   5.2768760e+06   1.6174316e+01
   5.2770240e+06   1.6479492e+01
   5.2771880e+06   1.7456055e+01
   5.3158860e+06   1.3000488e+01
   5.4335790e+06   1.4709473e+01
   5.7113740e+06   1.3122559e+01
   5.7967790e+06   1.3916016e+01
   5.7968010e+06   1.4343262e+01
   5.7968150e+06   1.2939453e+01
   5.7968320e+06   1.5991211e+01
   5.7968550e+06   1.4953613e+01
   5.7968810e+06   1.3427734e+01
   5.7969000e+06   1.6479492e+01
   5.7969120e+06   1.5869141e+01
   5.7969390e+06   2.8198242e+01
   5.7969630e+06   1.3000488e+01
   5.7970050e+06   1.3244629e+01
   5.7970620e+06   1.4221191e+01
   5.7970770e+06   1.7822266e+01
   5.7971270e+06   1.2878418e+01
   5.7971460e+06   1.3122559e+01
   5.7971850e+06   3.2653809e+01
   5.7972270e+06   1.4099121e+01
   5.7972540e+06   1.3854980e+01
   5.7973050e+06   1.4648438e+01
   5.7973350e+06   1.8920898e+01
   5.7973700e+06   1.6418457e+01
   5.7974110e+06   1.6906738e+01
   5.7974440e+06   1.6174316e+01
   5.7974860e+06   1.8493652e+01
   5.7975240e+06   1.5930176e+01
   5.7976530e+06   1.4648437e+01
   5.7977030e+06   1.3793945e+01
   5.7977360e+06   1.3549805e+01
   5.7979700e+06   1.4709473e+01
   5.7981340e+06   1.5075684e+01
   5.7982390e+06   1.3549805e+01
   5.7983440e+06   1.3793945e+01
   5.7986280e+06   1.4404297e+01
   5.7987260e+06   1.3122559e+01
   5.8153540e+06   1.5747070e+01
   5.9081300e+06   1.3061523e+01
