   5.9990000e+06   0.0000000e+00
   9.6072000e+04   2.8259277e+01
   9.6092000e+04   3.1066895e+01
   9.6107000e+04   2.2399902e+01
   9.6135000e+04   1.5319824e+01
   9.6151000e+04   2.1850586e+01
   9.6182000e+04   2.0629883e+01
   9.6192000e+04   1.2939453e+01
   9.6225000e+04   1.2695312e+01
   9.6240000e+04   1.2573242e+01
   9.6303000e+04   2.3986816e+01
   9.6347000e+04   1.3488770e+01
   9.6388000e+04   1.1779785e+01
   9.6443000e+04   1.1901855e+01
   3.4179700e+05   2.7893066e+01
   3.4182100e+05   1.4648438e+01
   3.4183200e+05   2.1179199e+01
   3.4184900e+05   1.9653320e+01
   3.4187200e+05   1.9714355e+01
   3.4192200e+05   1.5502930e+01
   3.4194400e+05   2.4169922e+01
   3.4196900e+05   2.1789551e+01
   3.4199900e+05   1.5075684e+01
   3.4219500e+05   1.3977051e+01
   5.7014100e+05   2.4475098e+01
   5.7015200e+05   2.6306152e+01
   5.7018500e+05   1.6296387e+01
   5.7020800e+05   2.4902344e+01
   5.7021800e+05   2.1728516e+01
   5.7024000e+05   1.2390137e+01
   5.7028100e+05   1.5136719e+01
   5.7031500e+05   1.3061523e+01
   5.7034500e+05   1.3305664e+01
   5.7054300e+05   1.1840820e+01
   5.7071000e+05   1.4953613e+01
   5.7083700e+05   1.5808105e+01
   1.1664340e+06   1.3916016e+01
   1.1749300e+06   1.6235352e+01
   1.1797460e+06   1.9226074e+01
   1.1855120e+06   2.0385742e+01
   1.1855220e+06   1.2634277e+01
   1.1855420e+06   3.2714844e+01
   1.1855680e+06   1.6906738e+01
   1.1855800e+06   1.9775391e+01
   1.1856110e+06   1.7028809e+01
   1.1856540e+06   2.6062012e+01
   1.1856690e+06   1.2451172e+01
   1.1856810e+06   1.1779785e+01
   1.1857100e+06   1.2329102e+01
   1.1857540e+06   2.0385742e+01
   1.1858230e+06   1.3549805e+01
   1.1858790e+06   1.4343262e+01
   1.1859520e+06   1.2451172e+01
   1.1859850e+06   1.2878418e+01
   1.1860450e+06   1.2145996e+01
   1.1861730e+06   1.3977051e+01
   1.1867880e+06   1.3793945e+01
   1.1874310e+06   1.2023926e+01
   1.3925480e+06   2.8625488e+01
   1.8459500e+06   2.7099609e+01
   1.8459610e+06   3.3081055e+01
   1.8459940e+06   2.0141602e+01
   1.8460230e+06   1.4709473e+01
   1.8460460e+06   2.0874023e+01
   1.8460880e+06   1.5869141e+01
   1.8461220e+06   1.1779785e+01
   1.8461420e+06   1.2756348e+01
   1.8461690e+06   1.4282227e+01
   1.8463020e+06   1.2573242e+01
   1.8469130e+06   1.3732910e+01
   1.8477060e+06   1.4282227e+01
   1.9230170e+06   1.5563965e+01
   2.0058960e+06   2.5695801e+01
   2.0059290e+06   3.5522461e+01
   2.0059670e+06   1.9409180e+01
   2.0060030e+06   1.5319824e+01
   2.0060300e+06   1.3061523e+01
   2.0060750e+06   1.4465332e+01
   2.0061260e+06   1.3549805e+01
   2.0063820e+06   2.0690918e+01
   2.0064040e+06   1.1901855e+01
   2.0077500e+06   1.3488770e+01
   2.7684740e+06   2.4658203e+01
   2.7684890e+06   3.5095215e+01
   2.7685170e+06   3.3447266e+01
   2.7685360e+06   1.1779785e+01
   2.7685590e+06   1.3244629e+01
   2.7686050e+06   1.5136719e+01
   2.7686290e+06   1.1718750e+01
   2.7686460e+06   1.2695312e+01
   2.7686900e+06   1.4343262e+01
   2.7688280e+06   1.5441895e+01
   2.7689050e+06   1.3793945e+01
   2.7689710e+06   1.3183594e+01
   2.7695200e+06   1.1962891e+01
   2.9781900e+06   1.4343262e+01
   3.1982340e+06   1.1840820e+01
   3.2635290e+06   2.2094727e+01
   3.2635620e+06   2.3254395e+01
   3.2635850e+06   1.6662598e+01
   3.2636050e+06   1.9042969e+01
   3.2636330e+06   1.5014648e+01
   3.2636610e+06   1.2207031e+01
   3.2636960e+06   1.7395020e+01
   3.2638790e+06   1.4160156e+01
   3.2639520e+06   1.2573242e+01
   3.2639970e+06   1.1901855e+01
   3.2643500e+06   1.1840820e+01
   3.4218470e+06   2.6916504e+01
   3.4218580e+06   1.9287109e+01
   3.4218770e+06   2.7709961e+01
   3.4219000e+06   1.3000488e+01
   3.4219180e+06   1.2878418e+01
   3.4219410e+06   1.2573242e+01
   3.4219680e+06   1.3061523e+01
   3.4219940e+06   1.3183594e+01
   3.4220130e+06   1.5075684e+01
   3.4220510e+06   1.3427734e+01
   3.4220820e+06   1.4892578e+01
   3.4223120e+06   1.3793945e+01
   3.4225800e+06   1.2451172e+01
   3.7544770e+06   1.1962891e+01
   3.8930110e+06   1.7639160e+01
   3.8950890e+06   1.9958496e+01
   3.9502850e+06   2.7160645e+01
   3.9503090e+06   2.4353027e+01
   3.9503210e+06   1.7028809e+01
   3.9503470e+06   1.7211914e+01
   3.9503820e+06   1.3671875e+01
   3.9504150e+06   1.9775391e+01
   3.9504300e+06   1.2939453e+01
   3.9504570e+06   1.1962891e+01
   3.9504870e+06   1.2695312e+01
   3.9505190e+06   1.6052246e+01
   3.9507100e+06   1.2573242e+01
   3.9508270e+06   1.2023926e+01
   3.9508720e+06   1.7395020e+01
   3.9509960e+06   1.2145996e+01
   3.9511260e+06   2.0324707e+01
   3.9511500e+06   1.3244629e+01
   4.2488890e+06   2.5512695e+01
   4.2489050e+06   2.6489258e+01
   4.2489260e+06   1.4892578e+01
   4.2489370e+06   1.7944336e+01
   4.2489730e+06   1.6784668e+01
   4.2490090e+06   1.2207031e+01
   4.2490470e+06   1.3366699e+01
   4.2490950e+06   1.5930176e+01
   4.2491400e+06   1.2512207e+01
   4.2493140e+06   1.2145996e+01
   4.2493540e+06   1.2939453e+01
   4.2495700e+06   1.7944336e+01
   4.2496410e+06   1.9348145e+01
   4.2500220e+06   1.3061523e+01
   4.9744770e+06   1.5991211e+01
   4.9978100e+06   2.7526855e+01
   4.9978230e+06   3.3264160e+01
   4.9978500e+06   2.6611328e+01
   4.9978830e+06   1.6296387e+01
   4.9979090e+06   2.0629883e+01
   4.9979330e+06   1.7333984e+01
   4.9979500e+06   1.2512207e+01
   4.9979700e+06   1.4038086e+01
   4.9980020e+06   1.1840820e+01
   4.9982040e+06   1.3427734e+01
   4.9983000e+06   1.2512207e+01
   4.9984620e+06   1.5869141e+01
   4.9987380e+06   1.3793945e+01
   4.9989750e+06   1.2268066e+01
   5.2720250e+06   2.2216797e+01
   5.2720370e+06   2.7587891e+01
   5.2720690e+06   3.0456543e+01
   5.2720960e+06   1.1840820e+01
   5.2721330e+06   1.5747070e+01
   5.2721600e+06   1.2268066e+01
   5.2721890e+06   1.3366699e+01
   5.2722210e+06   1.4038086e+01
   5.2725580e+06   1.1962891e+01
   5.2727530e+06   1.1901855e+01
   5.5006630e+06   1.5625000e+01
   5.6114630e+06   1.2145996e+01
   5.7968750e+06   2.3681641e+01
   5.7969040e+06   1.7944336e+01
   5.7969140e+06   1.7395020e+01
   5.7969270e+06   2.0751953e+01
   5.7969580e+06   1.3366699e+01
   5.7969870e+06   2.0141602e+01
   5.7970140e+06   1.8676758e+01
   5.7970410e+06   1.2695312e+01
   5.7970830e+06   1.3488770e+01
   5.7974300e+06   1.2390137e+01
   5.7975260e+06   1.5625000e+01
   5.7976090e+06   1.2512207e+01
   5.8928210e+06   1.8371582e+01
   5.9670110e+06   1.6967773e+01
   5.9815660e+06   1.5625000e+01
