   5.9990000e+06   0.0000000e+00
   9.6014000e+04   1.2634277e+01
   3.4175600e+05   1.4709473e+01
   3.4180800e+05   1.2756348e+01
   3.4185700e+05   1.3000488e+01
   5.7002500e+05   1.4404297e+01
   1.1854560e+06   1.2695312e+01
   1.1854860e+06   1.2756348e+01
   1.1855140e+06   1.3488770e+01
   2.5134620e+06   1.2634277e+01
   2.6303710e+06   1.3000488e+01
   3.2366540e+06   1.3671875e+01
   3.4217810e+06   1.3854980e+01
   3.7943690e+06   1.2878418e+01
   3.9502310e+06   1.3427734e+01
   3.9502960e+06   1.3549805e+01
   4.2488460e+06   1.3732910e+01
   4.2488910e+06   1.2573242e+01
   4.9977510e+06   1.3610840e+01
   5.2725760e+06   1.2756348e+01
   5.4780100e+06   1.3305664e+01
   5.7968260e+06   1.7761230e+01
   5.7969290e+06   1.2817383e+01
   5.7970160e+06   1.3122559e+01
