   5.9990000e+06   0.0000000e+00
   9.6047000e+04   1.2634277e+01
   3.4176700e+05   1.3549805e+01
   3.4180600e+05   1.2817383e+01
   5.4561500e+05   1.2573242e+01
   5.7014400e+05   1.4587402e+01
   1.1473870e+06   1.2634277e+01
   1.1854730e+06   1.2634277e+01
   1.1854960e+06   1.2939453e+01
   1.1855570e+06   1.2634277e+01
   2.0058670e+06   1.3183594e+01
   2.0062490e+06   1.2817383e+01
   2.3669770e+06   1.2878418e+01
   3.4217930e+06   1.5502930e+01
   3.4218400e+06   1.3549805e+01
   3.9503110e+06   1.2573242e+01
   4.2488280e+06   1.4587402e+01
   4.2488700e+06   1.4831543e+01
   4.2488890e+06   1.3244629e+01
   4.9978130e+06   1.3000488e+01
   4.9978700e+06   1.2695312e+01
   5.0428930e+06   1.3000488e+01
   5.2719770e+06   1.3061523e+01
   5.4132010e+06   1.2634277e+01
   5.6985390e+06   1.2817383e+01
   5.7968840e+06   1.4770508e+01
   5.9562680e+06   1.3061523e+01
   5.9729280e+06   1.4221191e+01
