   5.9990000e+06   0.0000000e+00
   9.6104000e+04   1.2268066e+01
   9.6124000e+04   1.3000488e+01
   9.6146000e+04   1.5136719e+01
   9.6181000e+04   2.1362305e+01
   9.6207000e+04   1.6967773e+01
   9.6247000e+04   2.2521973e+01
   9.6271000e+04   1.3183594e+01
   9.6348000e+04   1.2939453e+01
   9.6403000e+04   1.3488770e+01
   9.6507000e+04   1.2451172e+01
   9.6619000e+04   1.3061523e+01
   9.6671000e+04   1.4770508e+01
   9.6758000e+04   1.2329102e+01
   9.6939000e+04   1.4099121e+01
   9.7075000e+04   1.4038086e+01
   3.4183200e+05   1.7700195e+01
   3.4185200e+05   1.2573242e+01
   3.4188000e+05   1.7150879e+01
   3.4190900e+05   2.0935059e+01
   3.4195000e+05   1.9226074e+01
   3.4198600e+05   1.4831543e+01
   3.4202000e+05   1.2695312e+01
   3.4205200e+05   1.4709473e+01
   3.4211500e+05   1.3000488e+01
   3.4213300e+05   1.7089844e+01
   3.4218500e+05   1.5136719e+01
   3.4236900e+05   1.5808105e+01
   3.4239800e+05   1.3610840e+01
   3.4248600e+05   1.2512207e+01
   3.4251300e+05   1.3305664e+01
   3.4262800e+05   1.3793945e+01
   3.4276300e+05   1.4831543e+01
   5.7017600e+05   1.3854980e+01
   5.7022300e+05   1.4099121e+01
   5.7024700e+05   2.0507812e+01
   5.7026200e+05   1.4526367e+01
   5.7028600e+05   1.6113281e+01
   5.7032400e+05   1.6418457e+01
   5.7033600e+05   1.3488770e+01
   5.7036600e+05   1.2817383e+01
   5.7039000e+05   1.6479492e+01
   5.7043500e+05   1.2390137e+01
   5.7052900e+05   1.3427734e+01
   5.7055400e+05   1.3366699e+01
   5.7057200e+05   1.8920898e+01
   5.7062100e+05   1.3366699e+01
   5.7064400e+05   1.3427734e+01
   5.7072600e+05   1.3977051e+01
   5.7075200e+05   1.2268066e+01
   5.7082400e+05   1.2634277e+01
   5.7089000e+05   1.3671875e+01
   5.7095100e+05   1.4526367e+01
   1.0025860e+06   1.2756348e+01
   1.1855620e+06   1.2390137e+01
   1.1855830e+06   2.0751953e+01
   1.1856110e+06   1.3244629e+01
   1.1856420e+06   2.0996094e+01
   1.1856740e+06   1.6723633e+01
   1.1857130e+06   1.7456055e+01
   1.1857460e+06   2.1362305e+01
   1.1857760e+06   1.8859863e+01
   1.1858060e+06   1.7517090e+01
   1.1858370e+06   1.2573242e+01
   1.1858780e+06   1.8371582e+01
   1.1859490e+06   1.5808105e+01
   1.1859980e+06   1.2695313e+01
   1.1861180e+06   1.2329102e+01
   1.1863940e+06   1.2878418e+01
   1.1864340e+06   1.2329102e+01
   1.2052630e+06   1.3488770e+01
   1.8459700e+06   1.2512207e+01
   1.8459830e+06   1.2268066e+01
   1.8460520e+06   2.1118164e+01
   1.8460800e+06   1.5014648e+01
   1.8461100e+06   1.9348145e+01
   1.8461390e+06   1.3610840e+01
   1.8461720e+06   1.5441895e+01
   1.8461990e+06   1.5441895e+01
   1.8462370e+06   1.3061523e+01
   1.8462690e+06   1.2329102e+01
   1.8462840e+06   1.2695313e+01
   1.8463050e+06   1.6235352e+01
   1.8463460e+06   1.2390137e+01
   1.8463720e+06   1.2451172e+01
   1.8464740e+06   1.3122559e+01
   1.8465720e+06   1.2939453e+01
   1.8466190e+06   1.4831543e+01
   1.8467070e+06   1.4709473e+01
   1.8468320e+06   1.4526367e+01
   2.0059720e+06   1.7578125e+01
   2.0060030e+06   1.9897461e+01
   2.0060360e+06   1.9775391e+01
   2.0060660e+06   1.9592285e+01
   2.0060980e+06   1.5258789e+01
   2.0061260e+06   1.2390137e+01
   2.0061390e+06   1.3427734e+01
   2.0062000e+06   1.2756348e+01
   2.0062350e+06   1.2939453e+01
   2.0062970e+06   1.2756348e+01
   2.0063360e+06   1.6540527e+01
   2.0063740e+06   1.5197754e+01
   2.0064260e+06   1.9104004e+01
   2.0064710e+06   1.2573242e+01
   2.0065190e+06   1.3549805e+01
   2.0065580e+06   1.3793945e+01
   2.0066740e+06   1.2268066e+01
   2.0068830e+06   1.4465332e+01
   2.0069430e+06   1.2390137e+01
   2.6390450e+06   1.2512207e+01
   2.7685150e+06   1.2634277e+01
   2.7685480e+06   1.2695312e+01
   2.7685600e+06   1.2756348e+01
   2.7686020e+06   1.6601562e+01
   2.7686440e+06   1.5014648e+01
   2.7686690e+06   2.1240234e+01
   2.7687030e+06   1.5441895e+01
   2.7687340e+06   1.4587402e+01
   2.7687990e+06   2.1179199e+01
   2.7689000e+06   1.5380859e+01
   2.7690640e+06   1.3305664e+01
   2.7691730e+06   1.3732910e+01
   2.7692080e+06   1.3183594e+01
   2.7693040e+06   1.3793945e+01
   2.7694440e+06   1.4038086e+01
   3.0100260e+06   1.2268066e+01
   3.2635510e+06   1.2451172e+01
   3.2635720e+06   1.3305664e+01
   3.2635900e+06   1.3061523e+01
   3.2636070e+06   1.2451172e+01
   3.2636250e+06   2.9357910e+01
   3.2636570e+06   1.7761230e+01
   3.2636960e+06   1.5563965e+01
   3.2637100e+06   1.2573242e+01
   3.2637530e+06   1.5563965e+01
   3.2637880e+06   1.9287109e+01
   3.2638590e+06   1.2878418e+01
   3.2638820e+06   1.2817383e+01
   3.2639960e+06   1.2268066e+01
   3.2640220e+06   1.2207031e+01
   3.2640630e+06   1.3671875e+01
   3.2640750e+06   1.2939453e+01
   3.2641680e+06   1.2573242e+01
   3.2642070e+06   1.2878418e+01
   3.2642980e+06   1.3793945e+01
   3.2643720e+06   1.3427734e+01
   3.2644020e+06   1.2512207e+01
   3.4218860e+06   1.6662598e+01
   3.4219150e+06   1.4770508e+01
   3.4219260e+06   1.3671875e+01
   3.4219730e+06   1.6479492e+01
   3.4219830e+06   1.2817383e+01
   3.4220090e+06   1.5502930e+01
   3.4220470e+06   1.8249512e+01
   3.4220970e+06   1.5808105e+01
   3.4222070e+06   1.3122559e+01
   3.4222370e+06   1.5258789e+01
   3.4223130e+06   1.5380859e+01
   3.4224880e+06   1.2817383e+01
   3.4225390e+06   1.4404297e+01
   3.4227200e+06   1.3671875e+01
   3.4227580e+06   1.3061523e+01
   3.9503330e+06   1.3305664e+01
   3.9503840e+06   1.6113281e+01
   3.9504060e+06   1.2695312e+01
   3.9504500e+06   1.3366699e+01
   3.9504770e+06   1.4526367e+01
   3.9505060e+06   1.2817383e+01
   3.9505780e+06   1.5808105e+01
   3.9506180e+06   2.1362305e+01
   3.9506400e+06   1.3488770e+01
   3.9506800e+06   1.4770508e+01
   3.9507070e+06   1.2756348e+01
   3.9508840e+06   1.3671875e+01
   3.9509250e+06   1.4648438e+01
   3.9511760e+06   1.5563965e+01
   4.2488960e+06   1.3000488e+01
   4.2489260e+06   1.2756348e+01
   4.2489500e+06   1.4526367e+01
   4.2489930e+06   1.2817383e+01
   4.2490140e+06   2.0568848e+01
   4.2490460e+06   1.7639160e+01
   4.2490750e+06   1.3916016e+01
   4.2491080e+06   1.6967773e+01
   4.2491350e+06   1.7456055e+01
   4.2491670e+06   1.6296387e+01
   4.2491830e+06   1.3854980e+01
   4.2492070e+06   1.5258789e+01
   4.2492750e+06   2.2277832e+01
   4.2493100e+06   1.2878418e+01
   4.2493440e+06   1.3793945e+01
   4.2494460e+06   1.8615723e+01
   4.2495840e+06   1.2817383e+01
   4.2496420e+06   1.4038086e+01
   4.2497560e+06   1.5319824e+01
   4.9978460e+06   1.5930176e+01
   4.9978630e+06   1.3488770e+01
   4.9978990e+06   1.3793945e+01
   4.9979160e+06   1.6784668e+01
   4.9979320e+06   1.5014648e+01
   4.9979600e+06   1.3427734e+01
   4.9979880e+06   1.5075684e+01
   4.9980250e+06   1.3854980e+01
   4.9980540e+06   1.2573242e+01
   4.9980670e+06   1.3671875e+01
   4.9980840e+06   1.5930176e+01
   4.9981140e+06   1.2512207e+01
   4.9981480e+06   2.1484375e+01
   4.9981960e+06   1.2512207e+01
   4.9982180e+06   1.3061523e+01
   4.9982860e+06   1.2329102e+01
   4.9983210e+06   1.4709473e+01
   4.9983940e+06   2.1301270e+01
   4.9984350e+06   1.5014648e+01
   4.9984650e+06   1.2390137e+01
   4.9985210e+06   1.4282227e+01
   4.9985690e+06   1.3244629e+01
   4.9986330e+06   1.9042969e+01
   4.9988810e+06   1.3000488e+01
   5.0033110e+06   1.3488770e+01
   5.0039210e+06   1.3549805e+01
   5.2720480e+06   1.4282227e+01
   5.2720760e+06   1.6601562e+01
   5.2721250e+06   1.5014648e+01
   5.2721390e+06   1.8798828e+01
   5.2721760e+06   1.4892578e+01
   5.2722100e+06   1.7028809e+01
   5.2722400e+06   1.5686035e+01
   5.2722760e+06   1.7578125e+01
   5.2722860e+06   1.2573242e+01
   5.2723090e+06   1.7333984e+01
   5.2723380e+06   1.2329102e+01
   5.2724030e+06   1.5686035e+01
   5.2724760e+06   1.4221191e+01
   5.2725240e+06   1.3244629e+01
   5.2725450e+06   1.5563965e+01
   5.2725800e+06   1.2878418e+01
   5.2726640e+06   1.4099121e+01
   5.2727750e+06   1.2634277e+01
   5.2730200e+06   1.3000488e+01
   5.4720540e+06   1.3122559e+01
   5.7284480e+06   1.2268066e+01
   5.7969280e+06   1.3671875e+01
   5.7969760e+06   2.4353027e+01
   5.7970290e+06   1.3244629e+01
   5.7970590e+06   2.0568848e+01
   5.7970960e+06   2.0629883e+01
   5.7971250e+06   1.6235352e+01
   5.7971440e+06   1.2451172e+01
   5.7972270e+06   1.9287109e+01
   5.7973350e+06   1.2939453e+01
   5.7973830e+06   1.2817383e+01
   5.7974380e+06   1.3000488e+01
   5.7974700e+06   1.3061523e+01
   5.7975140e+06   1.2695312e+01
   5.7975410e+06   1.6052246e+01
   5.7976300e+06   1.3061523e+01
   5.7977650e+06   1.7578125e+01
   5.7979420e+06   1.3671875e+01
