   5.9990000e+06   0.0000000e+00
   2.5658500e+05   1.4221191e+01
   2.5661500e+05   1.2390137e+01
   2.5664600e+05   2.0202637e+01
   2.5669200e+05   2.1118164e+01
   2.5674600e+05   1.3671875e+01
   2.5678700e+05   1.2451172e+01
   2.5680700e+05   1.4770508e+01
   2.5684600e+05   1.2268066e+01
   2.5689000e+05   1.3305664e+01
   2.5801900e+05   1.1474609e+01
   2.6713300e+05   1.1291504e+01
   2.6901700e+05   1.2390137e+01
   2.6980100e+05   1.7883301e+01
   4.0252100e+05   1.2817383e+01
   4.0286400e+05   1.4221191e+01
   4.0300200e+05   1.5014648e+01
   4.0308300e+05   1.3305664e+01
   4.0311700e+05   1.2268066e+01
   4.0317000e+05   1.8798828e+01
   4.0321200e+05   1.1657715e+01
   4.0423500e+05   1.2084961e+01
   4.0433800e+05   1.1352539e+01
   4.2539100e+05   1.1718750e+01
   4.2661400e+05   1.2329102e+01
   5.1909500e+05   1.3793945e+01
   5.1910900e+05   1.5747070e+01
   5.1915600e+05   1.1840820e+01
   5.1923500e+05   1.7822266e+01
   5.1925500e+05   1.4160156e+01
   5.1934900e+05   1.9226074e+01
   5.1940800e+05   1.2329102e+01
   5.1943800e+05   1.8066406e+01
   5.1950500e+05   1.4770508e+01
   5.2079800e+05   1.2390137e+01
   5.2096600e+05   1.3427734e+01
   5.3434800e+05   1.1840820e+01
   5.3465900e+05   1.9958496e+01
   5.3475200e+05   1.2207031e+01
   5.3487400e+05   1.6662598e+01
   5.3492700e+05   1.1779785e+01
   5.3500600e+05   1.2084961e+01
   5.3503300e+05   1.1840820e+01
   5.3510000e+05   1.2695312e+01
   5.3513600e+05   1.1718750e+01
   5.3541800e+05   1.3793945e+01
   5.3553400e+05   1.1779785e+01
   5.3738100e+05   1.3427734e+01
   5.5098600e+05   1.8005371e+01
   5.5117800e+05   1.2512207e+01
   5.5128700e+05   1.8432617e+01
   5.5177300e+05   1.2878418e+01
   5.5192600e+05   1.1291504e+01
   5.5202900e+05   1.1413574e+01
   5.5222800e+05   1.6784668e+01
   5.5242500e+05   1.1352539e+01
   5.5256700e+05   1.2390137e+01
   5.5258300e+05   1.4038086e+01
   5.5275300e+05   1.7028809e+01
   5.5286100e+05   1.4099121e+01
   5.5296900e+05   1.1657715e+01
   5.5298200e+05   1.1840820e+01
   5.5328800e+05   1.2512207e+01
   5.5425800e+05   1.1779785e+01
   5.5444000e+05   1.1962891e+01
   5.6828800e+05   1.4587402e+01
   5.7816400e+05   1.6357422e+01
   5.7840300e+05   1.6174316e+01
   5.7850400e+05   1.1413574e+01
   5.7858000e+05   1.2390137e+01
   5.7871700e+05   1.4221191e+01
   5.7879000e+05   1.3854980e+01
   5.7882200e+05   1.3916016e+01
   5.7887400e+05   1.3549805e+01
   5.7891100e+05   1.2756348e+01
   5.7896400e+05   1.1901855e+01
   5.7899100e+05   1.3000488e+01
   5.7903100e+05   1.5075684e+01
   5.7920100e+05   1.1657715e+01
   5.8058300e+05   1.2084961e+01
   5.8090900e+05   1.4953613e+01
   5.9400600e+05   1.6723633e+01
   5.9444800e+05   1.7211914e+01
   5.9457100e+05   1.4404297e+01
   5.9476300e+05   1.3366699e+01
   5.9484400e+05   1.2084961e+01
   5.9501400e+05   1.4465332e+01
   5.9513400e+05   1.5075684e+01
   5.9523500e+05   1.6540527e+01
   5.9543800e+05   1.3793945e+01
   5.9557200e+05   1.2023926e+01
   5.9571800e+05   1.4709473e+01
   5.9573500e+05   1.2756348e+01
   5.9583800e+05   1.5014648e+01
   5.9596000e+05   1.2573242e+01
   5.9621000e+05   1.2878418e+01
   5.9668500e+05   1.1413574e+01
   6.1077200e+05   1.5747070e+01
   6.1103300e+05   1.6662598e+01
   6.1122700e+05   1.1657715e+01
   6.1132800e+05   1.2634277e+01
   6.1135600e+05   1.1962891e+01
   6.1140700e+05   1.1657715e+01
   6.1148600e+05   1.2817383e+01
   6.1160800e+05   1.2634277e+01
   6.1165000e+05   1.2023926e+01
   6.1169600e+05   1.1779785e+01
   6.1205800e+05   1.1413574e+01
   6.1209400e+05   1.2084961e+01
   6.1309500e+05   1.1779785e+01
   6.2805300e+05   1.7150879e+01
   6.2807800e+05   1.2695312e+01
   6.2823600e+05   1.1718750e+01
   6.2828100e+05   1.4343262e+01
   6.2832500e+05   1.2756348e+01
   6.2844400e+05   1.4709473e+01
   6.2857100e+05   1.4099121e+01
   6.2886900e+05   1.2390137e+01
   6.2926000e+05   1.1352539e+01
   6.3080500e+05   1.1840820e+01
   6.4914700e+05   1.5563965e+01
   6.4930800e+05   1.8249512e+01
   6.4942600e+05   1.2329102e+01
   6.4960200e+05   1.1535645e+01
   6.4963900e+05   1.2390137e+01
   6.4970900e+05   1.1474609e+01
   6.4973300e+05   1.1962891e+01
   6.5416500e+05   1.2023926e+01
   6.6740900e+05   1.4648438e+01
   6.6751400e+05   1.5258789e+01
   6.6755900e+05   1.9226074e+01
   6.6764600e+05   1.4709473e+01
   6.6770600e+05   1.1779785e+01
   6.6776000e+05   1.1657715e+01
   6.6780900e+05   1.1474609e+01
   6.6794200e+05   1.2084961e+01
   6.6797300e+05   1.3366699e+01
   6.8663300e+05   1.1718750e+01
   6.8664400e+05   1.7150879e+01
   6.8669100e+05   1.7944336e+01
   6.8696700e+05   1.2634277e+01
   6.8698200e+05   1.5930176e+01
   6.8707700e+05   1.1779785e+01
   6.8719300e+05   1.2268066e+01
   6.8726200e+05   1.1779785e+01
   7.0839000e+05   1.4343262e+01
   7.0857800e+05   1.2084961e+01
   7.0859500e+05   1.1779785e+01
   7.0872700e+05   1.4892578e+01
   7.0883800e+05   1.1535645e+01
   7.0895200e+05   1.3610840e+01
   7.0912400e+05   1.1291504e+01
   7.0966600e+05   1.1596680e+01
   7.2640100e+05   1.4587402e+01
   7.2651200e+05   1.2390137e+01
   7.2657900e+05   2.0019531e+01
   7.2668800e+05   1.2268066e+01
   7.2671300e+05   1.4099121e+01
   7.2694600e+05   1.2390137e+01
   7.2698700e+05   1.1291504e+01
   7.2736000e+05   1.1779785e+01
   7.4504400e+05   1.7761230e+01
   7.4524000e+05   1.7883301e+01
   7.4528700e+05   1.1474609e+01
   7.4541900e+05   1.2756348e+01
   7.4545700e+05   1.2756348e+01
   7.4553700e+05   1.6235352e+01
   7.4564000e+05   1.2878418e+01
   7.4575500e+05   1.1657715e+01
   7.4576500e+05   1.1840820e+01
   7.6754900e+05   1.1352539e+01
   7.6770800e+05   1.3671875e+01
   7.6772800e+05   1.7272949e+01
   7.6787500e+05   1.3488770e+01
   7.6791700e+05   1.2573242e+01
   7.6799600e+05   1.3916016e+01
   7.6803200e+05   1.2939453e+01
   7.6822900e+05   1.2512207e+01
   7.8761200e+05   1.6662598e+01
   7.8777500e+05   1.2268066e+01
   7.8788500e+05   1.2390137e+01
   7.8793600e+05   1.9531250e+01
   7.8796900e+05   1.1840820e+01
   7.8801300e+05   1.1718750e+01
   7.8808600e+05   2.0141602e+01
   7.8819700e+05   1.2756348e+01
   7.8829300e+05   1.1291504e+01
   7.8830800e+05   1.2451172e+01
   7.8835800e+05   1.3061523e+01
   8.0672500e+05   1.9226074e+01
   8.0694900e+05   1.2390137e+01
   8.0696000e+05   1.1779785e+01
   8.0709900e+05   1.1718750e+01
   8.0712200e+05   1.4282227e+01
   8.0727700e+05   2.0385742e+01
   8.0740600e+05   1.2878418e+01
   8.0749000e+05   1.1657715e+01
   8.0753300e+05   1.2451172e+01
   8.0780500e+05   1.1901855e+01
   8.2399300e+05   1.6418457e+01
   8.2417600e+05   1.5441895e+01
   8.2434200e+05   1.3732910e+01
   8.2435600e+05   1.1840820e+01
   8.2469700e+05   1.2878418e+01
   8.2480600e+05   1.1718750e+01
   8.2519300e+05   1.1657715e+01
   8.2639600e+05   1.1596680e+01
   8.4298500e+05   1.3610840e+01
   8.4319200e+05   1.5502930e+01
   8.4324200e+05   1.2512207e+01
   8.4340000e+05   1.7150879e+01
   8.4346200e+05   1.1596680e+01
   8.4354600e+05   1.3488770e+01
   8.4361600e+05   1.2756348e+01
   8.4363000e+05   1.2695312e+01
   8.4366600e+05   1.2817383e+01
   8.4389000e+05   1.1352539e+01
   8.4401800e+05   1.1352539e+01
   8.5980900e+05   1.5625000e+01
   8.6006600e+05   1.3793945e+01
   8.6018700e+05   1.2023926e+01
   8.6034300e+05   1.5502930e+01
   8.6038400e+05   1.1352539e+01
   8.6044200e+05   1.1291504e+01
   8.6050400e+05   1.3427734e+01
   8.6059400e+05   1.1474609e+01
   8.6061700e+05   1.3427734e+01
   8.6073100e+05   1.2268066e+01
   8.6108000e+05   1.1779785e+01
   8.6118400e+05   1.3000488e+01
   8.7722500e+05   1.3977051e+01
   8.7739900e+05   1.2145996e+01
   8.7743000e+05   1.2756348e+01
   8.7760100e+05   1.1413574e+01
   8.7761500e+05   1.4221191e+01
   8.7775300e+05   1.1962891e+01
   8.7789300e+05   1.3061523e+01
   8.9452000e+05   2.0141602e+01
   8.9462700e+05   1.4892578e+01
   8.9468400e+05   1.6296387e+01
   8.9478700e+05   1.2390137e+01
   8.9483000e+05   1.2023926e+01
   8.9497300e+05   1.1840820e+01
   8.9500300e+05   1.3488770e+01
   8.9509800e+05   1.2390137e+01
   8.9534100e+05   1.1840820e+01
   9.1606200e+05   1.4648438e+01
   9.1608600e+05   1.4648438e+01
   9.1631200e+05   1.6113281e+01
   9.1650900e+05   1.7028809e+01
   9.1653500e+05   1.2390137e+01
   9.1665600e+05   1.5502930e+01
   9.1671600e+05   1.2756348e+01
   9.1678100e+05   1.4221191e+01
   9.1689500e+05   1.1840820e+01
   9.1708900e+05   1.2145996e+01
   9.1736200e+05   1.3122559e+01
   9.1751100e+05   1.1657715e+01
   9.3848600e+05   1.6418457e+01
   9.3856700e+05   1.2878418e+01
   9.3862800e+05   1.1840820e+01
   9.3865000e+05   1.2329102e+01
   9.3875600e+05   1.3793945e+01
   9.3886700e+05   1.1291504e+01
   9.3889500e+05   1.1962891e+01
   9.3910600e+05   1.1413574e+01
   9.3918100e+05   1.1413574e+01
   9.3928300e+05   1.2756348e+01
   9.4039000e+05   1.1291504e+01
   9.4043800e+05   1.1962891e+01
   9.5446700e+05   1.8310547e+01
   9.6241200e+05   1.8798828e+01
   9.6269300e+05   1.9958496e+01
   9.6286400e+05   1.4526367e+01
   9.6292000e+05   1.3122559e+01
   9.6301600e+05   1.6906738e+01
   9.6310300e+05   1.6540527e+01
   9.6319100e+05   1.2207031e+01
   9.6329800e+05   1.1596680e+01
   9.8666000e+05   1.2817383e+01
   9.8668500e+05   1.5563965e+01
   9.8688100e+05   1.7700195e+01
   9.8695000e+05   1.4160156e+01
   9.8704800e+05   1.6052246e+01
   9.8717300e+05   1.3000488e+01
   9.8721600e+05   1.1474609e+01
   9.8724200e+05   1.1596680e+01
   9.8730400e+05   1.1718750e+01
   9.8740200e+05   1.4526367e+01
   1.0102830e+06   1.2268066e+01
   1.0103120e+06   1.6723633e+01
   1.0105940e+06   1.4404297e+01
   1.0108820e+06   1.5502930e+01
   1.0110470e+06   1.4892578e+01
   1.0111040e+06   1.1596680e+01
   1.0113390e+06   1.2390137e+01
   1.0123540e+06   1.3366699e+01
   1.0330670e+06   1.3488770e+01
   1.0332080e+06   1.1413574e+01
   1.0332540e+06   1.6479492e+01
   1.0334220e+06   1.3488770e+01
   1.0334440e+06   1.1840820e+01
   1.0336520e+06   1.1657715e+01
   1.0337950e+06   1.2084961e+01
   1.0340070e+06   1.2878418e+01
   1.0577560e+06   1.5808105e+01
   1.0581640e+06   2.1240234e+01
   1.0581900e+06   1.2756348e+01
   1.0583910e+06   1.9531250e+01
   1.0584240e+06   1.2084961e+01
   1.0584380e+06   1.1779785e+01
   1.0585520e+06   1.5380859e+01
   1.0586340e+06   1.1657715e+01
   1.0587080e+06   1.2939453e+01
   1.0589450e+06   1.2390137e+01
   1.0591290e+06   1.1291504e+01
   1.0592420e+06   1.2145996e+01
   1.0869650e+06   1.5686035e+01
   1.0871480e+06   1.4282227e+01
   1.0872430e+06   1.9348145e+01
   1.0873880e+06   1.1962891e+01
   1.0874190e+06   1.2512207e+01
   1.0875170e+06   1.2634277e+01
   1.0876440e+06   1.2695312e+01
   1.0878860e+06   1.2329102e+01
   1.0885170e+06   1.2329102e+01
   1.5794070e+06   1.1474609e+01
   1.5795100e+06   1.2695312e+01
   1.5795210e+06   1.2878418e+01
   1.5795750e+06   1.5502930e+01
   1.5796170e+06   1.1840820e+01
   1.5796440e+06   1.3183594e+01
   1.5807010e+06   1.1474609e+01
   1.5812720e+06   1.3244629e+01
   1.5814160e+06   1.1901855e+01
   1.5950480e+06   1.2329102e+01
   1.5955080e+06   1.1535645e+01
   1.5956330e+06   1.2023926e+01
   1.5956690e+06   1.6174316e+01
   1.5958550e+06   1.1657715e+01
   1.5959080e+06   1.6479492e+01
   1.5959890e+06   1.1352539e+01
   1.5960130e+06   1.2390137e+01
   1.5960590e+06   1.9409180e+01
   1.5961110e+06   1.2573242e+01
   1.5961570e+06   1.1291504e+01
   1.5962440e+06   1.1535645e+01
   1.5962540e+06   1.1657715e+01
   1.5962790e+06   1.3122559e+01
   1.5966930e+06   1.1596680e+01
   1.5982890e+06   1.1535645e+01
   1.8656550e+06   1.2145996e+01
   1.8657350e+06   1.3427734e+01
   1.8657730e+06   1.6784668e+01
   1.8658030e+06   1.1535645e+01
   1.8658280e+06   1.1535645e+01
   1.8658900e+06   1.8493652e+01
   1.8659000e+06   1.2817383e+01
   1.8659560e+06   1.5625000e+01
   1.8672030e+06   1.3549805e+01
   1.8673130e+06   1.2451172e+01
   1.8817760e+06   1.2817383e+01
   1.8821880e+06   1.8310547e+01
   1.8822290e+06   1.2512207e+01
   1.8824110e+06   1.6540527e+01
   1.8826150e+06   1.2756348e+01
   1.8826540e+06   1.3732910e+01
   1.8828500e+06   1.1840820e+01
   1.8832370e+06   1.1291504e+01
   1.8850940e+06   1.1535645e+01
   2.1878890e+06   1.1596680e+01
   2.1879360e+06   1.1962891e+01
   2.1879560e+06   1.3488770e+01
   2.1879770e+06   1.7822266e+01
   2.1880090e+06   1.3305664e+01
   2.1880240e+06   1.2023926e+01
   2.1880480e+06   1.1291504e+01
   2.1880890e+06   1.3244629e+01
   2.1881490e+06   1.1962891e+01
   2.1881670e+06   1.2573242e+01
   2.1882050e+06   1.1901855e+01
   2.1891840e+06   1.1718750e+01
   2.1901810e+06   1.1779785e+01
   2.2041860e+06   1.3183594e+01
   2.2044330e+06   1.3427734e+01
   2.2044500e+06   1.1840820e+01
   2.2045340e+06   1.7272949e+01
   2.2046670e+06   1.1718750e+01
   2.2047400e+06   1.2939453e+01
   2.2048450e+06   1.1901855e+01
   2.2048940e+06   1.1352539e+01
   2.2049070e+06   1.4282227e+01
   2.2050780e+06   1.4404297e+01
   2.2050970e+06   1.5380859e+01
   2.2051990e+06   1.2329102e+01
   2.2053190e+06   1.2145996e+01
   2.3765620e+06   1.4221191e+01
   2.3765800e+06   1.2817383e+01
   2.3766510e+06   1.2023926e+01
   2.3766760e+06   1.4282227e+01
   2.3767110e+06   1.5380859e+01
   2.3767860e+06   1.1413574e+01
   2.3782990e+06   1.1413574e+01
   2.5116410e+06   1.5625000e+01
   2.5116560e+06   1.7211914e+01
   2.5116810e+06   1.3671875e+01
   2.5116950e+06   1.3244629e+01
   2.5117530e+06   1.3793945e+01
   2.5118040e+06   1.1840820e+01
   2.5118230e+06   1.1840820e+01
   2.5118410e+06   1.1901855e+01
   2.5119460e+06   1.1413574e+01
   2.5143770e+06   1.3549805e+01
   2.5288790e+06   1.8676758e+01
   2.5290630e+06   1.3183594e+01
   2.5290800e+06   1.2878418e+01
   2.5292100e+06   1.3000488e+01
   2.5292730e+06   1.2145996e+01
   2.5293090e+06   1.5258789e+01
   2.5293380e+06   1.1291504e+01
   2.5293800e+06   1.2207031e+01
   2.5315810e+06   1.2451172e+01
   2.5362100e+06   1.1535645e+01
   2.5472970e+06   1.2023926e+01
   2.5473270e+06   1.5136719e+01
   2.5475330e+06   1.2512207e+01
   2.5476320e+06   1.5930176e+01
   2.5476650e+06   1.2145996e+01
   2.5478010e+06   1.3854980e+01
   2.5478800e+06   1.2817383e+01
   2.5479220e+06   1.4404297e+01
   2.5654740e+06   1.6540527e+01
   2.5731550e+06   1.3122559e+01
   2.5732730e+06   1.8371582e+01
   2.5736190e+06   1.4465332e+01
   2.5736550e+06   1.6662598e+01
   2.5737980e+06   1.6479492e+01
   2.5738670e+06   1.1962891e+01
   2.5739590e+06   1.3916016e+01
   2.5740750e+06   1.4831543e+01
   2.5742130e+06   1.2207031e+01
   2.5742620e+06   1.1413574e+01
   2.5744370e+06   1.2573242e+01
   2.5764150e+06   1.2451172e+01
   2.5991190e+06   1.6540527e+01
   2.5993480e+06   1.6723633e+01
   2.5993690e+06   1.3549805e+01
   2.5995410e+06   2.2216797e+01
   2.5995770e+06   1.3366699e+01
   2.5996750e+06   1.5014648e+01
   2.5996930e+06   1.1840820e+01
   2.5997590e+06   1.2817383e+01
   2.5998870e+06   1.1291504e+01
   2.5999650e+06   1.1962891e+01
   2.6176790e+06   1.1291504e+01
   2.6248310e+06   2.1362305e+01
   2.6252230e+06   1.3122559e+01
   2.6256360e+06   1.3122559e+01
   2.6256590e+06   1.4831543e+01
   2.6257500e+06   1.1474609e+01
   2.6257900e+06   1.2268066e+01
   2.6258410e+06   1.2023926e+01
   2.6259060e+06   1.1352539e+01
   2.6439780e+06   1.2329102e+01
   2.6443040e+06   1.5747070e+01
   2.6444730e+06   1.4465332e+01
   2.6445050e+06   1.1352539e+01
   2.6446870e+06   1.3366699e+01
   2.6447340e+06   1.3366699e+01
   2.6448240e+06   1.1352539e+01
   2.6449560e+06   1.3366699e+01
   2.6450790e+06   1.1535645e+01
   2.6621490e+06   1.5197754e+01
   2.6623510e+06   1.1474609e+01
   2.6623650e+06   1.4587402e+01
   2.6625410e+06   1.6479492e+01
   2.6626930e+06   1.5991211e+01
   2.6627230e+06   1.2207031e+01
   2.6628240e+06   1.3854980e+01
   2.6656780e+06   1.4953613e+01
   2.6788630e+06   1.7517090e+01
   2.6791730e+06   1.4587402e+01
   2.6794540e+06   1.3488770e+01
   2.6798870e+06   1.7211914e+01
   2.6859640e+06   1.4160156e+01
   2.6864810e+06   1.3427734e+01
   2.6940440e+06   1.5014648e+01
   2.6942630e+06   1.6906738e+01
   2.6943590e+06   1.1535645e+01
   2.6944650e+06   1.4587402e+01
   2.6945990e+06   1.1596680e+01
   2.6946290e+06   1.2634277e+01
   2.6947630e+06   1.3793945e+01
   2.6948530e+06   1.1352539e+01
   2.6949710e+06   1.4404297e+01
   2.6951040e+06   1.1535645e+01
   2.7141300e+06   1.5991211e+01
   2.7143590e+06   1.3183594e+01
   2.7145970e+06   1.8066406e+01
   2.7146360e+06   1.4587402e+01
   2.7147920e+06   1.2084961e+01
   2.7151040e+06   1.1535645e+01
   2.7155630e+06   1.2573242e+01
   2.7156000e+06   1.2023926e+01
   2.7157660e+06   1.1535645e+01
   2.7159770e+06   1.1718750e+01
   2.7161800e+06   1.1352539e+01
   2.7166740e+06   1.1840820e+01
   2.7308950e+06   1.6662598e+01
   2.7311010e+06   1.4282227e+01
   2.7311790e+06   1.1901855e+01
   2.7312950e+06   1.2329102e+01
   2.7314810e+06   1.5808105e+01
   2.7316590e+06   1.4465332e+01
   2.7318260e+06   1.1657715e+01
   2.7318750e+06   1.1840820e+01
   2.7319390e+06   1.1962891e+01
   2.7320260e+06   1.1596680e+01
   2.7321250e+06   1.3122559e+01
   2.7323480e+06   1.3793945e+01
   2.7326170e+06   1.2145996e+01
   2.7482650e+06   1.7089844e+01
   2.7486990e+06   1.4709473e+01
   2.7488740e+06   1.3061523e+01
   2.7492000e+06   1.2939453e+01
   2.7583750e+06   1.8920898e+01
   2.7586290e+06   1.3427734e+01
   2.7587160e+06   1.5380859e+01
   2.7589950e+06   1.3305664e+01
   2.7592740e+06   1.5136719e+01
   2.7695330e+06   1.3793945e+01
   2.7698900e+06   1.4526367e+01
   2.7701890e+06   1.3793945e+01
   2.7703450e+06   1.1657715e+01
   2.7706590e+06   1.2695312e+01
   2.7798420e+06   1.7211914e+01
   2.7900370e+06   1.6113281e+01
   2.7904050e+06   1.4160156e+01
   2.7906950e+06   1.4160156e+01
   2.8024930e+06   1.3061523e+01
   3.2198450e+06   1.1413574e+01
   3.2199310e+06   1.3183594e+01
   3.2199800e+06   1.3427734e+01
   3.2199920e+06   1.7028809e+01
   3.2200560e+06   1.2939453e+01
   3.2200830e+06   1.1413574e+01
   3.2201180e+06   1.4343262e+01
   3.2201390e+06   1.1840820e+01
   3.2201900e+06   1.1962891e+01
   3.2229660e+06   1.2390137e+01
   3.2380590e+06   1.3916016e+01
   3.2383580e+06   1.4709473e+01
   3.2386600e+06   1.5686035e+01
   3.2389620e+06   1.2329102e+01
   3.2389840e+06   1.2268066e+01
   3.2391080e+06   1.1291504e+01
   3.2392070e+06   1.7517090e+01
   3.2393080e+06   1.2329102e+01
   3.2393990e+06   1.2878418e+01
   3.2394930e+06   1.1474609e+01
   3.2402470e+06   1.2145996e+01
   3.5720390e+06   1.3183594e+01
   3.5720730e+06   1.6540527e+01
   3.5721050e+06   1.9714355e+01
   3.5721590e+06   1.8798828e+01
   3.5722690e+06   1.1535645e+01
   3.5741880e+06   1.2390137e+01
   3.8372180e+06   1.1901855e+01
   3.8373560e+06   1.1901855e+01
   3.8373960e+06   2.3559570e+01
   3.8374300e+06   1.6235352e+01
   3.8374680e+06   1.4038086e+01
   3.8374870e+06   1.2634277e+01
   3.8375980e+06   1.1718750e+01
   4.0141000e+06   1.2084961e+01
   4.0141770e+06   1.8859863e+01
   4.0141920e+06   1.5441895e+01
   4.0142660e+06   2.0080566e+01
   4.0142940e+06   1.2451172e+01
   4.0145480e+06   1.1779785e+01
   4.0163460e+06   1.2573242e+01
   4.1257250e+06   1.1840820e+01
   4.1264210e+06   1.4160156e+01
   4.1264630e+06   1.8798828e+01
   4.1264960e+06   1.4160156e+01
   4.1265720e+06   1.8127441e+01
   4.1266440e+06   1.4892578e+01
   4.1267170e+06   1.3000488e+01
   4.1697870e+06   1.4587402e+01
   4.1699910e+06   1.3549805e+01
   4.1700400e+06   1.5014648e+01
   4.1701630e+06   1.6662598e+01
   4.1702250e+06   1.3732910e+01
   4.1702650e+06   1.5563965e+01
   4.1703750e+06   1.1718750e+01
   4.1704010e+06   1.1291504e+01
   4.1869580e+06   1.4709473e+01
   4.1872570e+06   1.3366699e+01
   4.1874640e+06   1.6540527e+01
   4.1875170e+06   1.2390137e+01
   4.1875280e+06   1.2023926e+01
   4.1876190e+06   1.1657715e+01
   4.1877120e+06   1.3183594e+01
   4.1877530e+06   1.3610840e+01
   4.1878690e+06   1.3671875e+01
   4.1879110e+06   1.2329102e+01
   4.1901040e+06   1.3916016e+01
   4.2022700e+06   1.4099121e+01
   4.2025910e+06   1.2329102e+01
   4.2028270e+06   1.2756348e+01
   4.2030200e+06   1.2145996e+01
   4.2031600e+06   1.2634277e+01
   4.2031740e+06   1.1779785e+01
   4.2032900e+06   1.3549805e+01
   4.2033290e+06   1.2023926e+01
   4.2041130e+06   1.2451172e+01
   4.2050910e+06   1.1840820e+01
   4.2156540e+06   1.3793945e+01
   4.2160090e+06   1.6906738e+01
   4.2165030e+06   1.5747070e+01
   4.2241500e+06   1.1413574e+01
   4.2243930e+06   1.3183594e+01
   4.2245620e+06   1.4526367e+01
   4.2245910e+06   1.7944336e+01
   4.2248060e+06   2.4169922e+01
   4.2249390e+06   1.3305664e+01
   4.2249710e+06   1.1352539e+01
   4.2250580e+06   1.5502930e+01
   4.2251940e+06   1.2145996e+01
   4.2253060e+06   1.2512207e+01
   4.2413770e+06   1.4770508e+01
   4.2418630e+06   1.5258789e+01
   4.2480510e+06   1.5014648e+01
   4.2483640e+06   1.4099121e+01
   4.2486640e+06   1.6296387e+01
   4.2489200e+06   1.2512207e+01
   4.2489700e+06   1.2878418e+01
   4.2493120e+06   1.6113281e+01
   4.2557350e+06   1.5380859e+01
   4.2639310e+06   1.6601562e+01
   4.2641690e+06   1.6235352e+01
   4.2642720e+06   1.2023926e+01
   4.2645680e+06   1.4831543e+01
   4.2646030e+06   1.7272949e+01
   4.2647850e+06   1.2634277e+01
   4.2648470e+06   1.2939453e+01
   4.2654900e+06   1.1352539e+01
   4.2657900e+06   1.1352539e+01
   4.2817270e+06   1.6357422e+01
   4.2863460e+06   1.5014648e+01
   4.2935850e+06   1.8127441e+01
   4.2941600e+06   1.5991211e+01
   4.2944540e+06   1.2268066e+01
   4.2946950e+06   1.3977051e+01
   4.2949490e+06   1.4526367e+01
   4.2951600e+06   1.5625000e+01
   4.2953370e+06   1.2512207e+01
   4.2955580e+06   1.1596680e+01
   4.2959210e+06   1.1535645e+01
   4.3081190e+06   1.2207031e+01
   4.3081810e+06   1.5869141e+01
   4.3085240e+06   1.3549805e+01
   4.3163210e+06   1.7028809e+01
   4.3167490e+06   1.4709473e+01
   4.3312920e+06   1.4465332e+01
   4.3544880e+06   1.8432617e+01
   4.3857470e+06   1.1962891e+01
   4.5849650e+06   1.1840820e+01
   4.9069960e+06   1.2939453e+01
   4.9070150e+06   1.2817383e+01
   4.9070490e+06   1.4892578e+01
   4.9070730e+06   1.2329102e+01
   4.9071080e+06   1.4648438e+01
   4.9071640e+06   1.3061523e+01
   4.9072100e+06   1.2573242e+01
   4.9257070e+06   1.1657715e+01
   4.9257810e+06   1.4526367e+01
   4.9258190e+06   1.2268066e+01
   4.9259780e+06   1.6479492e+01
   4.9260540e+06   1.5747070e+01
   4.9261100e+06   1.9409180e+01
   4.9261240e+06   1.2023926e+01
   4.9261540e+06   1.1840820e+01
   4.9261970e+06   1.3671875e+01
   5.2041260e+06   1.1291504e+01
   5.2041430e+06   1.2145996e+01
   5.2041680e+06   2.0874023e+01
   5.2041780e+06   1.2573242e+01
   5.2042210e+06   1.4526367e+01
   5.2042480e+06   1.1657715e+01
   5.2055990e+06   1.1535645e+01
   5.4501090e+06   1.1901855e+01
   5.4501410e+06   1.6174316e+01
   5.4501620e+06   1.8859863e+01
   5.4502120e+06   1.5808105e+01
   5.4502220e+06   1.2451172e+01
   5.4502460e+06   1.2268066e+01
   5.4502780e+06   1.1718750e+01
   5.6013060e+06   1.1840820e+01
   5.6013270e+06   1.3793945e+01
   5.6013510e+06   2.0141602e+01
   5.6014060e+06   1.2084961e+01
   5.6014240e+06   1.2512207e+01
   5.6014640e+06   1.2145996e+01
   5.6030670e+06   1.2329102e+01
   5.6032060e+06   1.2268066e+01
   5.8181540e+06   1.2695312e+01
   5.8182150e+06   1.4709473e+01
   5.8182300e+06   1.2939453e+01
   5.8182720e+06   1.3854980e+01
   5.8183330e+06   1.1474609e+01
   5.8204310e+06   1.1413574e+01
   5.8204890e+06   1.4099121e+01
   5.8206820e+06   1.1474609e+01
   5.9230800e+06   1.4709473e+01
   5.9231050e+06   1.3793945e+01
   5.9231530e+06   1.3610840e+01
   5.9231700e+06   1.6357422e+01
   5.9231800e+06   1.2145996e+01
   5.9232140e+06   1.1291504e+01
   5.9232710e+06   1.4831543e+01
   5.9232830e+06   1.5991211e+01
   5.9233160e+06   1.1291504e+01
   5.9233440e+06   1.1718750e+01
   5.9241250e+06   1.2145996e+01
   5.9253130e+06   1.1291504e+01
   5.9469580e+06   1.5380859e+01
   5.9473070e+06   1.3732910e+01
   5.9474860e+06   1.6357422e+01
   5.9475530e+06   1.2817383e+01
   5.9476340e+06   1.2207031e+01
   5.9477010e+06   1.1535645e+01
   5.9478200e+06   1.1413574e+01
   5.9478470e+06   1.1535645e+01
   5.9479430e+06   1.1291504e+01
   5.9498300e+06   1.1718750e+01
   5.9501950e+06   1.1718750e+01
   5.9741180e+06   1.2451172e+01
   5.9748320e+06   1.4953613e+01
   5.9751490e+06   1.9104004e+01
   5.9752310e+06   1.5930176e+01
   5.9754130e+06   1.3977051e+01
   5.9754810e+06   1.1291504e+01
   5.9755480e+06   1.7333984e+01
   5.9756020e+06   1.1535645e+01
   5.9757290e+06   1.1779785e+01
   5.9758040e+06   1.2512207e+01
   5.9758670e+06   1.2695312e+01
   5.9772200e+06   1.1657715e+01
   5.9796000e+06   1.5014648e+01
   5.9947190e+06   1.5136719e+01
   5.9950350e+06   1.3793945e+01
   5.9952170e+06   1.1840820e+01
   5.9952880e+06   1.2390137e+01
   5.9954440e+06   1.1840820e+01
   5.9954670e+06   1.3610840e+01
   5.9955480e+06   1.2878418e+01
   5.9956660e+06   1.3610840e+01
   5.9957040e+06   1.2268066e+01
   5.9959820e+06   1.1718750e+01
   5.9960780e+06   1.2084961e+01
   5.9966350e+06   1.1474609e+01
