   5.9990000e+06   0.0000000e+00
   2.5674300e+05   1.1291504e+01
   3.5294500e+05   1.1962891e+01
   4.0436100e+05   1.2207031e+01
   5.1976800e+05   1.1291504e+01
   5.7884900e+05   1.1291504e+01
   6.1188800e+05   1.2573242e+01
   6.2897100e+05   1.2268066e+01
   6.6793800e+05   1.1596680e+01
   6.8727400e+05   1.1474609e+01
   6.8809300e+05   1.1352539e+01
   7.0899200e+05   1.1535645e+01
   7.4576300e+05   1.3488770e+01
   7.6818200e+05   1.2695312e+01
   7.6858500e+05   1.1962891e+01
   8.2483600e+05   1.2756348e+01
   8.2803100e+05   1.1962891e+01
   8.6081500e+05   1.1657715e+01
   9.1675400e+05   1.2268066e+01
   1.0115340e+06   1.1291504e+01
   1.0577120e+06   1.1474609e+01
   1.5794630e+06   1.2878418e+01
   1.8657910e+06   1.3122559e+01
   1.8827580e+06   1.1291504e+01
   1.8828470e+06   1.2023926e+01
   2.1879490e+06   1.3000488e+01
   2.2051050e+06   1.1352539e+01
   2.3766080e+06   1.1962891e+01
   2.5117470e+06   1.3427734e+01
   2.5294200e+06   1.1657715e+01
   2.5480210e+06   1.1413574e+01
   2.5745340e+06   1.1230469e+01
   2.6262440e+06   1.2451172e+01
   2.6266970e+06   1.1535645e+01
   2.6950330e+06   1.1962891e+01
   3.0118790e+06   1.1840820e+01
   3.2061840e+06   1.1596680e+01
   3.7211610e+06   1.1169434e+01
   3.8373440e+06   1.1474609e+01
   3.8374250e+06   1.1596680e+01
   4.1265430e+06   1.1169434e+01
   4.1702630e+06   1.4160156e+01
   4.1882290e+06   1.1962891e+01
   4.4419020e+06   1.1291504e+01
   4.5592060e+06   1.1291504e+01
   4.8386220e+06   1.1291504e+01
   4.9071640e+06   1.1352539e+01
   5.6017160e+06   1.2023926e+01
   5.8182950e+06   1.2390137e+01
