   5.9990000e+06   0.0000000e+00
   5.1975900e+05   1.1718750e+01
   5.3516100e+05   1.2817383e+01
   5.5262700e+05   1.2084961e+01
   5.7909500e+05   1.1901855e+01
   5.7913500e+05   1.2145996e+01
   8.2493100e+05   1.1657715e+01
   2.2051680e+06   1.2268066e+01
   2.3766310e+06   1.1718750e+01
   2.4365210e+06   1.1779785e+01
   2.4930260e+06   1.1779785e+01
   2.6626910e+06   1.1962891e+01
   2.6629370e+06   1.2512207e+01
   3.2199530e+06   1.1840820e+01
   4.1702290e+06   1.1840820e+01
   4.8233670e+06   1.1962891e+01
   5.8179980e+06   1.1657715e+01
