   5.9990000e+06   0.0000000e+00
   2.5651500e+05   1.1413574e+01
   2.5689100e+05   1.2084961e+01
   2.7919500e+05   1.1718750e+01
   4.0162300e+05   1.1779785e+01
   4.0303900e+05   1.1474609e+01
   4.0507800e+05   1.1779785e+01
   4.5829200e+05   1.1901855e+01
   4.7664200e+05   1.2084961e+01
   5.3519700e+05   1.2084961e+01
   5.7885200e+05   1.1352539e+01
   5.7915900e+05   1.1352539e+01
   6.2864100e+05   1.1962891e+01
   7.6792100e+05   1.1230469e+01
   8.0758200e+05   1.1840820e+01
   9.3970700e+05   1.1474609e+01
   9.8742400e+05   1.1291504e+01
   1.2068390e+06   1.1230469e+01
   1.2461960e+06   1.1840820e+01
   1.5794030e+06   1.5014648e+01
   1.8658070e+06   1.1901855e+01
   1.8830020e+06   1.1596680e+01
   2.1886670e+06   1.1596680e+01
   2.3765910e+06   1.1657715e+01
   2.5741880e+06   1.1718750e+01
   2.6948120e+06   1.1413574e+01
   3.2202120e+06   1.3366699e+01
   3.8373840e+06   1.1535645e+01
   3.8677020e+06   1.1535645e+01
   4.0143180e+06   1.2878418e+01
   4.1266000e+06   1.1962891e+01
   4.1266390e+06   1.1718750e+01
   4.2033380e+06   1.1474609e+01
   4.9069850e+06   1.1535645e+01
   4.9070580e+06   1.4282227e+01
   5.2041600e+06   1.3549805e+01
   5.4501770e+06   1.1474609e+01
   5.8732160e+06   1.1474609e+01
   5.9231160e+06   1.3610840e+01
   5.9231700e+06   1.4770508e+01
   5.9232320e+06   1.2207031e+01
   5.9232860e+06   1.1901855e+01
   5.9259900e+06   1.1230469e+01
   5.9476420e+06   1.1535645e+01
