   5.9990000e+06   0.0000000e+00
   2.5672500e+05   1.2817383e+01
   2.5677100e+05   1.1474609e+01
   3.2197600e+05   1.1230469e+01
   4.0305300e+05   1.1657715e+01
   4.0312200e+05   1.5136719e+01
   4.0340500e+05   1.3122559e+01
   5.1947500e+05   1.1535645e+01
   5.1951100e+05   1.1596680e+01
   5.3501100e+05   1.1413574e+01
   5.3507800e+05   1.2817383e+01
   5.3523600e+05   1.1413574e+01
   5.5358100e+05   1.1291504e+01
   5.7880400e+05   1.2390137e+01
   5.7887300e+05   1.2023926e+01
   5.7915700e+05   1.1291504e+01
   5.9613300e+05   1.1291504e+01
   6.1135800e+05   1.1352539e+01
   6.1154700e+05   1.1718750e+01
   6.2875700e+05   1.1291504e+01
   6.2884300e+05   1.3549805e+01
   6.2937100e+05   1.1535645e+01
   6.4951800e+05   1.3061523e+01
   6.6798100e+05   1.3916016e+01
   6.8712200e+05   1.1718750e+01
   6.8718500e+05   1.1535645e+01
   6.8736400e+05   1.2390137e+01
   7.2694300e+05   1.2573242e+01
   7.2721800e+05   1.2573242e+01
   7.4561400e+05   1.1474609e+01
   7.4572700e+05   1.1962891e+01
   7.4584100e+05   1.6174316e+01
   7.8829900e+05   1.5502930e+01
   8.2486800e+05   1.4465332e+01
   8.4451000e+05   1.1596680e+01
   8.9528300e+05   1.1535645e+01
   9.3910500e+05   1.2207031e+01
   1.5053260e+06   1.1230469e+01
   1.5796210e+06   1.3793945e+01
   1.5962040e+06   1.1474609e+01
   1.5967650e+06   1.2268066e+01
   1.8659080e+06   1.1352539e+01
   1.8659830e+06   1.1535645e+01
   1.9965040e+06   1.1352539e+01
   2.1880040e+06   1.2512207e+01
   2.2050400e+06   1.3122559e+01
   2.3766700e+06   1.2817383e+01
   2.5118440e+06   1.1291504e+01
   2.5293660e+06   1.1474609e+01
   2.5294250e+06   1.1291504e+01
   2.5479500e+06   1.1352539e+01
   2.5483000e+06   1.1657715e+01
   2.5742750e+06   1.1779785e+01
   2.5745540e+06   1.1352539e+01
   2.6006010e+06   1.1657715e+01
   2.6258510e+06   1.2573242e+01
   2.6949030e+06   1.1901855e+01
   2.7150830e+06   1.1718750e+01
   2.8796020e+06   1.1352539e+01
   3.2200510e+06   1.2695312e+01
   3.2201000e+06   1.1718750e+01
   3.2203220e+06   1.2023926e+01
   3.2391730e+06   1.2634277e+01
   3.2393220e+06   1.2634277e+01
   3.9809160e+06   1.1901855e+01
   4.0143890e+06   1.1718750e+01
   4.1266100e+06   1.1718750e+01
   4.1267470e+06   1.1352539e+01
   4.1271780e+06   1.1413574e+01
   4.1702780e+06   1.2451172e+01
   4.1703610e+06   1.2878418e+01
   4.1876650e+06   1.2756348e+01
   4.1900770e+06   1.2573242e+01
   4.2037320e+06   1.3122559e+01
   4.2647270e+06   1.1291504e+01
   4.2648440e+06   1.2634277e+01
   4.4163590e+06   1.2023926e+01
   4.9073010e+06   1.1596680e+01
   4.9260730e+06   1.2084961e+01
   5.2041420e+06   1.1535645e+01
   5.4503220e+06   1.1291504e+01
   5.4504840e+06   1.1413574e+01
   5.6014120e+06   1.1291504e+01
   5.6023170e+06   1.2512207e+01
   5.6225820e+06   1.1413574e+01
   5.8182300e+06   1.2023926e+01
   5.9232300e+06   1.2878418e+01
   5.9478500e+06   1.4770508e+01
   5.9756560e+06   1.1840820e+01
