   5.9990000e+06   0.0000000e+00
   2.5654800e+05   1.2634277e+01
   2.5666900e+05   1.2695312e+01
   2.5672500e+05   1.2939453e+01
   2.5679200e+05   1.2390137e+01
   4.0316800e+05   1.3793945e+01
   4.0337100e+05   1.2084961e+01
   4.0374000e+05   1.2023926e+01
   4.0459500e+05   1.1901855e+01
   5.1940000e+05   1.5258789e+01
   5.1944800e+05   1.2329102e+01
   5.1949200e+05   1.3916016e+01
   5.3529800e+05   1.2817383e+01
   5.3541300e+05   1.3916016e+01
   5.5267900e+05   1.1962891e+01
   5.5285100e+05   1.2695312e+01
   5.7882600e+05   1.2390137e+01
   5.7893300e+05   1.6418457e+01
   5.7898200e+05   1.3549805e+01
   5.7910200e+05   1.2878418e+01
   5.9598100e+05   1.8005371e+01
   5.9636300e+05   1.2756348e+01
   6.2887800e+05   1.2512207e+01
   6.2917700e+05   1.2878418e+01
   6.4965000e+05   1.2084961e+01
   6.4988100e+05   1.2817383e+01
   6.6795200e+05   1.5319824e+01
   6.6802100e+05   1.3244629e+01
   6.6805700e+05   1.3305664e+01
   6.6809800e+05   1.5319824e+01
   6.8726600e+05   1.2268066e+01
   6.8735600e+05   1.5502930e+01
   6.8745700e+05   1.3549805e+01
   6.8750000e+05   1.2451172e+01
   6.8756900e+05   1.1840820e+01
   6.8760700e+05   1.1962891e+01
   7.0909900e+05   1.2390137e+01
   7.0919700e+05   1.3061523e+01
   7.0948100e+05   1.4099121e+01
   7.2693400e+05   1.2268066e+01
   7.2700100e+05   1.2451172e+01
   7.2704000e+05   1.2268066e+01
   7.4561900e+05   1.2329102e+01
   7.4607600e+05   1.1901855e+01
   7.4632600e+05   1.3427734e+01
   7.6821900e+05   1.2268066e+01
   7.6828300e+05   1.2695312e+01
   7.8843800e+05   1.3793945e+01
   7.8851400e+05   1.2573242e+01
   7.8855400e+05   1.1901855e+01
   8.2476900e+05   1.2145996e+01
   8.2487300e+05   1.2939453e+01
   8.9500600e+05   1.2023926e+01
   9.1687800e+05   1.2512207e+01
   9.1695900e+05   1.7333984e+01
   9.6328700e+05   1.3183594e+01
   1.0590020e+06   1.2268066e+01
   1.5794150e+06   1.1840820e+01
   1.5795200e+06   1.1901855e+01
   1.5798570e+06   1.1962891e+01
   1.5960120e+06   1.1901855e+01
   1.5960720e+06   1.4831543e+01
   1.5961270e+06   1.2695312e+01
   1.5970050e+06   1.3366699e+01
   1.8656560e+06   1.1840820e+01
   1.8657010e+06   1.2084961e+01
   1.8657460e+06   1.2695312e+01
   1.8657660e+06   1.2145996e+01
   1.8657990e+06   1.4038086e+01
   1.8660630e+06   1.3183594e+01
   1.8660910e+06   1.3488770e+01
   1.8828360e+06   1.2390137e+01
   1.8828790e+06   1.3427734e+01
   1.8829670e+06   1.2451172e+01
   2.0276440e+06   1.1840820e+01
   2.0761550e+06   1.2817383e+01
   2.1878450e+06   1.2329102e+01
   2.1878890e+06   1.2756348e+01
   2.1879380e+06   1.3061523e+01
   2.1880140e+06   1.2634277e+01
   2.1881480e+06   1.1840820e+01
   2.2018020e+06   1.2512207e+01
   2.2050720e+06   1.2268066e+01
   2.2054190e+06   1.2207031e+01
   2.3762390e+06   1.2451172e+01
   2.3765530e+06   1.1840820e+01
   2.3765960e+06   1.2207031e+01
   2.3766430e+06   1.4648438e+01
   2.3766670e+06   1.2084961e+01
   2.3766920e+06   1.2695312e+01
   2.4995160e+06   1.1962891e+01
   2.5117500e+06   1.2756348e+01
   2.5118100e+06   1.2756348e+01
   2.5294570e+06   1.2084961e+01
   2.5296260e+06   1.3061523e+01
   2.5297820e+06   1.2695312e+01
   2.5480250e+06   1.3671875e+01
   2.5482040e+06   1.1901855e+01
   2.5482740e+06   1.1962891e+01
   2.5742670e+06   1.1901855e+01
   2.5743040e+06   1.7150879e+01
   2.5744250e+06   1.2329102e+01
   2.5745360e+06   1.2939453e+01
   2.6001990e+06   1.3549805e+01
   2.6260200e+06   1.4038086e+01
   2.6261790e+06   1.5258789e+01
   2.6263310e+06   1.3061523e+01
   2.6451530e+06   1.2939453e+01
   2.6459980e+06   1.1962891e+01
   2.6629600e+06   1.2084961e+01
   2.6630680e+06   1.2268066e+01
   2.6636130e+06   1.2145996e+01
   2.6949950e+06   1.2023926e+01
   2.6950820e+06   1.3427734e+01
   2.6951440e+06   1.1962891e+01
   2.6954530e+06   1.1962891e+01
   2.7155230e+06   1.2084961e+01
   3.2198340e+06   1.2084961e+01
   3.2199390e+06   1.1901855e+01
   3.2200180e+06   1.2145996e+01
   3.2392810e+06   1.5136719e+01
   3.2393180e+06   1.2207031e+01
   3.2393700e+06   1.3000488e+01
   3.2418170e+06   1.2084961e+01
   3.4201740e+06   1.1840820e+01
   3.5720270e+06   1.5441895e+01
   3.5720800e+06   1.3183594e+01
   3.5720990e+06   1.3305664e+01
   3.5722240e+06   1.2329102e+01
   3.8373590e+06   1.5930176e+01
   3.8373820e+06   1.4953613e+01
   3.8374470e+06   1.2084961e+01
   3.8377300e+06   1.3427734e+01
   3.8810970e+06   1.3793945e+01
   4.0142260e+06   1.3793945e+01
   4.0142880e+06   1.2207031e+01
   4.0143440e+06   1.2939453e+01
   4.1265020e+06   1.1962891e+01
   4.1265290e+06   1.2817383e+01
   4.1701810e+06   1.3854980e+01
   4.1702680e+06   1.3305664e+01
   4.1703140e+06   1.4038086e+01
   4.1879840e+06   1.2451172e+01
   4.1880250e+06   1.2756348e+01
   4.2248500e+06   1.2084961e+01
   4.2250040e+06   1.3000488e+01
   4.2251430e+06   1.1901855e+01
   4.2252040e+06   1.2451172e+01
   4.2254600e+06   1.1962891e+01
   4.9069430e+06   1.2817383e+01
   4.9257650e+06   1.2268066e+01
   4.9262180e+06   1.2695312e+01
   5.2040960e+06   1.3488770e+01
   5.2041690e+06   1.3244629e+01
   5.2041830e+06   1.3366699e+01
   5.2042270e+06   1.3305664e+01
   5.4501370e+06   1.3427734e+01
   5.4502410e+06   1.3793945e+01
   5.4503980e+06   1.2756348e+01
   5.6013270e+06   1.2756348e+01
   5.6013620e+06   1.2939453e+01
   5.8180390e+06   1.3732910e+01
   5.8180680e+06   1.1962891e+01
   5.8180950e+06   1.1962891e+01
   5.8181990e+06   1.5869141e+01
   5.8182380e+06   1.4404297e+01
   5.8182630e+06   1.3793945e+01
   5.9231230e+06   1.2939453e+01
   5.9231650e+06   1.4770508e+01
   5.9476650e+06   1.2329102e+01
   5.9477680e+06   1.1840820e+01
   5.9484090e+06   1.1901855e+01
   5.9756370e+06   1.2573242e+01
   5.9757890e+06   1.2145996e+01
   5.9758310e+06   1.2329102e+01
   5.9758710e+06   1.2756348e+01
   5.9958920e+06   1.2512207e+01
