   5.9990000e+06   0.0000000e+00
   1.0017700e+05   1.7150879e+01
   1.3952300e+05   1.2329102e+01
   1.3965700e+05   1.4770508e+01
   1.3969000e+05   1.2939453e+01
   1.3971800e+05   1.5380859e+01
   1.3973800e+05   1.3916016e+01
   1.3976500e+05   2.5695801e+01
   1.3980100e+05   1.9836426e+01
   1.3983800e+05   2.4353027e+01
   1.3986800e+05   2.0324707e+01
   1.3991200e+05   1.3427734e+01
   1.4002300e+05   1.1901855e+01
   1.4006200e+05   1.2634277e+01
   1.4010200e+05   1.6174316e+01
   1.4014000e+05   1.3488770e+01
   1.4023800e+05   1.5136719e+01
   1.4028400e+05   1.5563965e+01
   1.4033600e+05   1.3793945e+01
   1.4036700e+05   1.7211914e+01
   1.4043000e+05   1.2023926e+01
   1.4049100e+05   1.4038086e+01
   1.4051900e+05   1.3610840e+01
   1.4055600e+05   1.3916016e+01
   1.4060000e+05   1.4709473e+01
   1.4063700e+05   1.8798828e+01
   1.4067600e+05   1.4770508e+01
   1.4072400e+05   1.5808105e+01
   1.4082400e+05   1.3061523e+01
   1.4087600e+05   2.6489258e+01
   1.4092300e+05   1.7333984e+01
   1.4097600e+05   1.1718750e+01
   1.4099500e+05   1.4282227e+01
   1.4102100e+05   2.1240234e+01
   1.4104100e+05   1.3366699e+01
   1.4108800e+05   1.3244629e+01
   1.4112700e+05   1.3305664e+01
   1.4115400e+05   1.3305664e+01
   1.4117500e+05   1.8127441e+01
   1.4123300e+05   1.2390137e+01
   1.4129200e+05   1.2634277e+01
   1.4137200e+05   1.2268066e+01
   1.4147400e+05   1.5808105e+01
   1.4150700e+05   1.4587402e+01
   1.4160600e+05   1.1901855e+01
   1.4169400e+05   1.3305664e+01
   1.4174700e+05   1.2573242e+01
   1.4178700e+05   1.7150879e+01
   1.4184700e+05   1.3183594e+01
   1.4193900e+05   1.4160156e+01
   1.4201300e+05   2.1362305e+01
   1.4209500e+05   1.8676758e+01
   1.4216900e+05   1.2878418e+01
   1.4224900e+05   1.1718750e+01
   1.4230000e+05   1.2512207e+01
   1.4233700e+05   1.2939453e+01
   1.4244400e+05   1.4282227e+01
   1.4248600e+05   1.1718750e+01
   1.4256800e+05   1.2573242e+01
   1.4264600e+05   1.2268066e+01
   1.4273700e+05   1.2268066e+01
   1.4284100e+05   1.1840820e+01
   1.4291800e+05   1.1779785e+01
   1.4299300e+05   1.5991211e+01
   1.4314100e+05   1.2756348e+01
   1.4327000e+05   1.2084961e+01
   1.4374900e+05   1.3854980e+01
   1.4389400e+05   1.2756348e+01
   1.4421900e+05   1.2695312e+01
   1.4688800e+05   1.1657715e+01
   2.1166700e+05   1.2939453e+01
   2.1169100e+05   1.2451172e+01
   2.1699700e+05   1.7395020e+01
   2.1702300e+05   1.1962891e+01
   2.9731300e+05   1.2451172e+01
   2.9733800e+05   1.3000488e+01
   2.9734800e+05   1.2878418e+01
   2.9738200e+05   1.7395020e+01
   2.9739300e+05   1.7578125e+01
   2.9742500e+05   1.8981934e+01
   2.9745800e+05   2.3437500e+01
   2.9748700e+05   1.6967773e+01
   2.9750400e+05   1.5686035e+01
   2.9754200e+05   1.3183594e+01
   2.9757100e+05   1.6906738e+01
   2.9785100e+05   1.2573242e+01
   2.9789700e+05   1.3793945e+01
   2.9795800e+05   1.4465332e+01
   2.9797900e+05   1.2634277e+01
   2.9803600e+05   1.3732910e+01
   2.9807200e+05   1.5197754e+01
   2.9811700e+05   1.2756348e+01
   2.9813900e+05   1.3305664e+01
   2.9819000e+05   1.2268066e+01
   2.9825700e+05   2.1545410e+01
   2.9830500e+05   1.6723633e+01
   2.9833600e+05   1.2145996e+01
   2.9838500e+05   1.3671875e+01
   2.9844700e+05   1.1779785e+01
   2.9847600e+05   1.3244629e+01
   2.9851000e+05   1.2451172e+01
   2.9854300e+05   1.2878418e+01
   2.9859700e+05   1.4343262e+01
   2.9866300e+05   1.3061523e+01
   2.9875000e+05   1.3793945e+01
   2.9883000e+05   1.1962891e+01
   2.9890700e+05   1.2268066e+01
   2.9898600e+05   1.5136719e+01
   2.9904200e+05   1.3061523e+01
   2.9913100e+05   1.6357422e+01
   2.9916100e+05   1.1840820e+01
   2.9923700e+05   1.4709473e+01
   2.9926200e+05   1.7150879e+01
   2.9933100e+05   1.3061523e+01
   2.9939600e+05   1.2145996e+01
   2.9941200e+05   1.1901855e+01
   2.9945100e+05   1.2512207e+01
   2.9950000e+05   1.4709473e+01
   2.9953100e+05   1.2023926e+01
   3.0002800e+05   1.2023926e+01
   3.0011500e+05   1.4404297e+01
   3.0022300e+05   1.1657715e+01
   3.0041800e+05   1.2390137e+01
   3.0060800e+05   1.2939453e+01
   3.0069600e+05   1.2451172e+01
   3.0079200e+05   1.2145996e+01
   3.0091300e+05   1.5014648e+01
   3.0102700e+05   1.1840820e+01
   3.0113900e+05   1.6479492e+01
   3.0146600e+05   1.2634277e+01
   3.0149700e+05   1.1718750e+01
   3.0177100e+05   1.1901855e+01
   3.0207400e+05   1.2573242e+01
   3.0217900e+05   1.4831543e+01
   3.0264100e+05   1.1657715e+01
   3.6926900e+05   1.2756348e+01
   3.7633900e+05   1.2023926e+01
   3.8021300e+05   1.4465332e+01
   3.8049400e+05   1.7211914e+01
   3.8065400e+05   1.2695312e+01
   3.8083000e+05   1.3366699e+01
   3.8903600e+05   1.1901855e+01
   3.9328200e+05   1.4099121e+01
   3.9331000e+05   1.4099121e+01
   4.0103900e+05   1.3000488e+01
   5.2153700e+05   1.4526367e+01
   5.4798900e+05   1.3061523e+01
   5.4804300e+05   2.0019531e+01
   5.4809400e+05   1.4587402e+01
   5.4811100e+05   1.6113281e+01
   5.4814600e+05   2.0324707e+01
   5.4817500e+05   2.3742676e+01
   5.4820400e+05   1.8859863e+01
   5.4823500e+05   1.3916016e+01
   5.4832000e+05   1.5380859e+01
   5.4836700e+05   1.1840820e+01
   5.4842100e+05   1.3183594e+01
   5.4845800e+05   1.1718750e+01
   5.4850200e+05   1.7700195e+01
   5.4855100e+05   1.1840820e+01
   5.4861800e+05   1.2023926e+01
   5.4867700e+05   1.2451172e+01
   5.4874000e+05   2.0751953e+01
   5.4880100e+05   1.7150879e+01
   5.4889600e+05   1.5563965e+01
   5.4897300e+05   1.2390137e+01
   5.4899400e+05   1.2695312e+01
   5.4903200e+05   1.5930176e+01
   5.4909200e+05   1.8127441e+01
   5.4912800e+05   1.6906738e+01
   5.4914600e+05   1.7211914e+01
   5.4917500e+05   1.2268066e+01
   5.4923200e+05   1.5441895e+01
   5.4934900e+05   2.3193359e+01
   5.4945300e+05   1.2207031e+01
   5.4947500e+05   1.2207031e+01
   5.4950100e+05   1.2207031e+01
   5.4951800e+05   1.2512207e+01
   5.4956200e+05   1.2451172e+01
   5.4961800e+05   1.5136719e+01
   5.4978500e+05   1.2939453e+01
   5.4984100e+05   1.2573242e+01
   5.4988600e+05   1.2329102e+01
   5.4999400e+05   1.3610840e+01
   5.5006600e+05   1.4099121e+01
   5.5014000e+05   1.4465332e+01
   5.5022500e+05   1.2084961e+01
   5.5029100e+05   1.1718750e+01
   5.5035700e+05   1.4953613e+01
   5.5042700e+05   1.2817383e+01
   5.5058000e+05   1.4526367e+01
   5.5099400e+05   1.2878418e+01
   5.5107400e+05   1.5014648e+01
   5.5123300e+05   1.2939453e+01
   5.5135400e+05   1.2207031e+01
   5.5174100e+05   1.2939453e+01
   5.5184800e+05   1.1901855e+01
   5.5193400e+05   1.2634277e+01
   5.5247000e+05   1.3061523e+01
   5.5268400e+05   1.1901855e+01
   5.5360700e+05   1.5014648e+01
   6.2986400e+05   1.3488770e+01
   7.5697200e+05   1.3000488e+01
   8.1512000e+05   1.2207031e+01
   8.1535100e+05   1.4770508e+01
   8.1550400e+05   1.3183594e+01
   8.1554300e+05   1.3488770e+01
   8.1560300e+05   1.3183594e+01
   8.1565100e+05   1.1901855e+01
   8.1571700e+05   1.9470215e+01
   8.1575800e+05   1.5502930e+01
   8.1580000e+05   1.3732910e+01
   8.1591600e+05   1.3854980e+01
   8.1600700e+05   1.9653320e+01
   8.1611000e+05   1.5563965e+01
   8.1613100e+05   1.1779785e+01
   8.1621300e+05   1.5808105e+01
   8.1622900e+05   1.3549805e+01
   8.1627100e+05   1.3061523e+01
   8.1634200e+05   1.5441895e+01
   8.1636200e+05   1.2939453e+01
   8.1645300e+05   1.2634277e+01
   8.1648500e+05   1.2023926e+01
   8.1657100e+05   1.2023926e+01
   8.1663400e+05   1.5563965e+01
   8.1665300e+05   1.3244629e+01
   8.1671800e+05   1.3061523e+01
   8.1672800e+05   1.5319824e+01
   8.1680100e+05   1.3977051e+01
   8.1688500e+05   1.6052246e+01
   8.1697100e+05   1.3977051e+01
   8.1706400e+05   1.3732910e+01
   8.1716000e+05   1.5625000e+01
   8.1725700e+05   1.2695312e+01
   8.1733800e+05   1.2023926e+01
   8.1735500e+05   1.2512207e+01
   8.1745900e+05   1.4587402e+01
   8.6748900e+05   1.2390137e+01
   9.1214700e+05   1.3183594e+01
   9.6752400e+05   1.2023926e+01
   9.6758500e+05   2.5146484e+01
   9.6761700e+05   1.9104004e+01
   9.6764100e+05   1.3122559e+01
   9.6765500e+05   1.9592285e+01
   9.6768700e+05   1.6052246e+01
   9.6777500e+05   1.1657715e+01
   9.6800800e+05   1.2939453e+01
   9.6803600e+05   1.2939453e+01
   9.6807900e+05   1.6845703e+01
   9.6809700e+05   1.4282227e+01
   9.6821800e+05   1.3732910e+01
   9.6822900e+05   1.4221191e+01
   9.6827700e+05   1.1901855e+01
   9.6832600e+05   1.6418457e+01
   9.6836000e+05   1.1962891e+01
   9.6842000e+05   1.5441895e+01
   9.6844800e+05   1.8493652e+01
   9.6849200e+05   1.1901855e+01
   9.6853100e+05   1.8920898e+01
   9.6862600e+05   1.3000488e+01
   9.6867100e+05   1.1657715e+01
   9.6876300e+05   1.2145996e+01
   9.6882900e+05   1.3977051e+01
   9.6888300e+05   2.4108887e+01
   9.6889300e+05   1.3549805e+01
   9.6902900e+05   1.5014648e+01
   9.6907000e+05   1.1901855e+01
   9.6918000e+05   1.1901855e+01
   9.6921600e+05   1.5441895e+01
   9.6924700e+05   1.1779785e+01
   9.6927100e+05   1.2023926e+01
   9.6932000e+05   1.1901855e+01
   9.6933700e+05   1.7150879e+01
   9.6939600e+05   1.4648438e+01
   9.6947100e+05   1.1840820e+01
   9.6959700e+05   1.1657715e+01
   9.6972200e+05   1.2268066e+01
   9.6978700e+05   1.2512207e+01
   9.6980900e+05   1.3244629e+01
   9.6985100e+05   1.1779785e+01
   9.6989000e+05   1.2084961e+01
   9.6996900e+05   1.5869141e+01
   9.7005200e+05   1.4892578e+01
   9.7007700e+05   1.2145996e+01
   9.7014200e+05   1.5625000e+01
   9.7021400e+05   1.4221191e+01
   9.7037100e+05   1.2756348e+01
   9.7045400e+05   1.1718750e+01
   9.7069200e+05   1.1840820e+01
   9.7082500e+05   1.3305664e+01
   9.7091100e+05   1.3427734e+01
   9.7096700e+05   1.2329102e+01
   9.7099800e+05   1.1840820e+01
   9.7108100e+05   1.4831543e+01
   9.7117600e+05   1.3610840e+01
   9.7127000e+05   1.2329102e+01
   9.7136100e+05   1.3488770e+01
   9.7142200e+05   1.2207031e+01
   9.7144300e+05   1.2939453e+01
   9.7153100e+05   1.3000488e+01
   9.7162600e+05   1.3305664e+01
   9.7172200e+05   1.3122559e+01
   9.7182700e+05   1.2023926e+01
   9.7232000e+05   1.2634277e+01
   9.7281600e+05   1.1901855e+01
   9.7568100e+05   1.2268066e+01
   1.0578030e+06   1.3183594e+01
   1.0578280e+06   1.1962891e+01
   1.1274040e+06   1.3061523e+01
   1.1354560e+06   1.2817383e+01
   1.1354790e+06   1.1840820e+01
   1.1795540e+06   1.2634277e+01
   1.1795740e+06   1.2268066e+01
   1.1796560e+06   1.2145996e+01
   1.1797180e+06   2.1850586e+01
   1.1797330e+06   1.4709473e+01
   1.1797560e+06   1.4221191e+01
   1.1797900e+06   1.7761230e+01
   1.1798200e+06   1.4526367e+01
   1.1798310e+06   1.2084961e+01
   1.1798700e+06   1.5441895e+01
   1.1799280e+06   1.1840820e+01
   1.1799970e+06   1.6174316e+01
   1.1800700e+06   1.2878418e+01
   1.1801350e+06   1.2695313e+01
   1.1801910e+06   1.3122559e+01
   1.1802650e+06   1.2512207e+01
   1.1803090e+06   1.1840820e+01
   1.1803510e+06   1.2878418e+01
   1.1804130e+06   1.4465332e+01
   1.1804410e+06   1.5991211e+01
   1.1805320e+06   1.7211914e+01
   1.1806080e+06   1.9165039e+01
   1.1806340e+06   1.2268066e+01
   1.1806540e+06   1.6113281e+01
   1.1807270e+06   1.3305664e+01
   1.1807770e+06   1.3122559e+01
   1.1807980e+06   2.0629883e+01
   1.1808210e+06   1.3854980e+01
   1.1808420e+06   1.2451172e+01
   1.1808700e+06   1.1779785e+01
   1.1809250e+06   1.9409180e+01
   1.1809690e+06   1.2512207e+01
   1.1810090e+06   1.3916016e+01
   1.1810240e+06   1.2756348e+01
   1.1810480e+06   1.2939453e+01
   1.1811380e+06   1.3671875e+01
   1.1812150e+06   1.2573242e+01
   1.1812880e+06   1.2939453e+01
   1.1813010e+06   1.7944336e+01
   1.1813650e+06   1.2084961e+01
   1.1814760e+06   1.6296387e+01
   1.1815250e+06   1.1962891e+01
   1.1815880e+06   1.2756348e+01
   1.1816030e+06   1.2023926e+01
   1.1816560e+06   1.9226074e+01
   1.1816850e+06   1.1962891e+01
   1.1817640e+06   1.3671875e+01
   1.1818250e+06   1.2023926e+01
   1.1818610e+06   1.2634277e+01
   1.1818950e+06   1.4160156e+01
   1.1819490e+06   1.3061523e+01
   1.1822340e+06   1.3732910e+01
   1.1823300e+06   1.2756348e+01
   1.1825140e+06   1.2756348e+01
   1.1826120e+06   1.2329102e+01
   1.1827290e+06   1.2023926e+01
   1.1829180e+06   1.1779785e+01
   1.1830200e+06   1.1901855e+01
   1.1833730e+06   1.1779785e+01
   1.1837660e+06   1.2512207e+01
   1.1839100e+06   1.1901855e+01
   1.1840510e+06   1.3000488e+01
   1.1841280e+06   1.1901855e+01
   1.1842140e+06   1.2390137e+01
   1.1954500e+06   1.9836426e+01
   1.2006520e+06   1.6662598e+01
   1.2499140e+06   1.4160156e+01
   1.2500080e+06   1.2207031e+01
   1.2500240e+06   1.7639160e+01
   1.2501100e+06   2.6428223e+01
   1.2501510e+06   2.1484375e+01
   1.2501740e+06   1.5563965e+01
   1.2502040e+06   1.6418457e+01
   1.2502280e+06   1.2939453e+01
   1.2502590e+06   1.5075684e+01
   1.2503570e+06   1.1840820e+01
   1.2504510e+06   1.2634277e+01
   1.2506470e+06   1.3793945e+01
   1.2507050e+06   1.1779785e+01
   1.2508350e+06   1.2084961e+01
   1.2508510e+06   1.1962891e+01
   1.2509080e+06   1.9592285e+01
   1.2509470e+06   1.2207031e+01
   1.2509600e+06   1.1718750e+01
   1.2509740e+06   1.2573242e+01
   1.2510540e+06   1.9104004e+01
   1.2510850e+06   1.5197754e+01
   1.2511580e+06   1.5441895e+01
   1.2511970e+06   1.2329102e+01
   1.2513090e+06   1.1657715e+01
   1.2514220e+06   1.5991211e+01
   1.2514710e+06   1.4587402e+01
   1.2514820e+06   1.1779785e+01
   1.2515940e+06   1.1840820e+01
   1.2516520e+06   1.2756348e+01
   1.2517480e+06   1.2512207e+01
   1.2518450e+06   2.4902344e+01
   1.2519040e+06   1.2451172e+01
   1.2519370e+06   1.2451172e+01
   1.2519820e+06   1.2268066e+01
   1.2520300e+06   1.4160156e+01
   1.2521310e+06   1.7517090e+01
   1.2521890e+06   1.2695312e+01
   1.2522290e+06   1.3488770e+01
   1.2522780e+06   1.6235352e+01
   1.2523590e+06   1.4465332e+01
   1.2524530e+06   1.1779785e+01
   1.2525060e+06   1.3549805e+01
   1.2526060e+06   1.4953613e+01
   1.2530950e+06   1.2084961e+01
   1.2533130e+06   1.3427734e+01
   1.2543590e+06   1.2451172e+01
   1.2547160e+06   1.1779785e+01
   1.2550050e+06   1.1657715e+01
   1.2770430e+06   1.3000488e+01
   1.3450550e+06   1.2573242e+01
   1.3588460e+06   1.8859863e+01
   1.3588610e+06   1.1657715e+01
   1.3589340e+06   1.2329102e+01
   1.3589540e+06   1.6784668e+01
   1.3589680e+06   1.2451172e+01
   1.3589850e+06   1.9653320e+01
   1.3590020e+06   1.7333984e+01
   1.3590220e+06   1.9470215e+01
   1.3590610e+06   1.3122559e+01
   1.3591070e+06   1.1840820e+01
   1.3591490e+06   1.2390137e+01
   1.3592070e+06   1.2390137e+01
   1.3592780e+06   1.2268066e+01
   1.3594570e+06   1.2573242e+01
   1.3595090e+06   1.2573242e+01
   1.3595650e+06   1.1718750e+01
   1.3596000e+06   1.4892578e+01
   1.3596190e+06   1.3427734e+01
   1.3596550e+06   1.1840820e+01
   1.3597480e+06   1.4404297e+01
   1.3597840e+06   1.3549805e+01
   1.3598270e+06   1.2817383e+01
   1.3598370e+06   1.2878418e+01
   1.3598700e+06   1.6540527e+01
   1.3599460e+06   1.2451172e+01
   1.3600930e+06   1.4648438e+01
   1.3601970e+06   1.5380859e+01
   1.3602360e+06   1.3549805e+01
   1.3603310e+06   1.1840820e+01
   1.3603440e+06   1.3977051e+01
   1.3604300e+06   2.0935059e+01
   1.3605060e+06   1.3061523e+01
   1.3606530e+06   2.1789551e+01
   1.3608320e+06   1.2207031e+01
   1.3612230e+06   1.2512207e+01
   1.3613000e+06   1.2695312e+01
   1.3615390e+06   1.3854980e+01
   1.3617630e+06   1.1718750e+01
   1.3622390e+06   1.1840820e+01
   1.3624010e+06   1.2634277e+01
   1.3636330e+06   1.1840820e+01
   1.3638720e+06   1.2939453e+01
   1.4147140e+06   1.6540527e+01
   1.4192470e+06   1.7211914e+01
   1.4204870e+06   2.0446777e+01
   1.4352450e+06   1.5686035e+01
   1.4452040e+06   1.2512207e+01
   1.4452270e+06   1.1657715e+01
   1.4453260e+06   1.3732910e+01
   1.4453420e+06   1.1779785e+01
   1.4453840e+06   1.1657715e+01
   1.4454150e+06   1.8920898e+01
   1.4454500e+06   3.0334473e+01
   1.4454750e+06   1.8676758e+01
   1.4455090e+06   2.3498535e+01
   1.4455260e+06   1.7456055e+01
   1.4455440e+06   1.8676758e+01
   1.4455720e+06   1.3244629e+01
   1.4455880e+06   1.4526367e+01
   1.4456390e+06   1.3427734e+01
   1.4459220e+06   1.3977051e+01
   1.4460010e+06   1.1657715e+01
   1.4460680e+06   1.6601562e+01
   1.4461360e+06   1.4160156e+01
   1.4461460e+06   1.2023926e+01
   1.4461910e+06   1.1901855e+01
   1.4462270e+06   1.2023926e+01
   1.4462520e+06   1.3488770e+01
   1.4463310e+06   1.3977051e+01
   1.4464100e+06   1.3793945e+01
   1.4465010e+06   1.3366699e+01
   1.4465840e+06   1.3366699e+01
   1.4466170e+06   1.4770508e+01
   1.4466670e+06   1.3916016e+01
   1.4467740e+06   2.0874023e+01
   1.4468290e+06   1.4526367e+01
   1.4468640e+06   1.1657715e+01
   1.4470300e+06   1.2451172e+01
   1.4475910e+06   1.3488770e+01
   1.4476570e+06   1.1901855e+01
   1.4478290e+06   1.2390137e+01
   1.4479140e+06   1.3305664e+01
   1.4481290e+06   1.3488770e+01
   1.4481740e+06   1.4709473e+01
   1.4482740e+06   1.2390137e+01
   1.4485660e+06   1.4038086e+01
   1.4489010e+06   1.1840820e+01
   1.4491210e+06   1.1840820e+01
   1.4494980e+06   1.2817383e+01
   1.4509960e+06   1.3854980e+01
   1.4581380e+06   1.5319824e+01
   1.4992210e+06   1.1901855e+01
   1.5017780e+06   1.8493652e+01
   1.5045960e+06   1.9104004e+01
   1.5297290e+06   1.4282227e+01
   1.5368240e+06   1.7517090e+01
   1.5372510e+06   1.5502930e+01
   1.5376860e+06   1.7211914e+01
   1.5453280e+06   1.1718750e+01
   1.5453530e+06   1.2878418e+01
   1.5454690e+06   1.2023926e+01
   1.5454940e+06   1.2573242e+01
   1.5455550e+06   1.3854980e+01
   1.5455900e+06   2.0568848e+01
   1.5456130e+06   1.8249512e+01
   1.5456460e+06   1.4587402e+01
   1.5456590e+06   1.9958496e+01
   1.5457240e+06   1.1840820e+01
   1.5457780e+06   1.2817383e+01
   1.5457960e+06   1.2695312e+01
   1.5460240e+06   1.2268066e+01
   1.5461310e+06   1.1657715e+01
   1.5461850e+06   1.2451172e+01
   1.5462050e+06   1.2329102e+01
   1.5462470e+06   1.4404297e+01
   1.5463220e+06   1.6296387e+01
   1.5463780e+06   1.2939453e+01
   1.5464030e+06   1.9348145e+01
   1.5464500e+06   1.1840820e+01
   1.5465280e+06   1.3732910e+01
   1.5465500e+06   1.9226074e+01
   1.5466070e+06   1.3549805e+01
   1.5466670e+06   1.3671875e+01
   1.5467030e+06   1.8554688e+01
   1.5467820e+06   1.3671875e+01
   1.5468970e+06   1.7639160e+01
   1.5469200e+06   1.6662598e+01
   1.5469430e+06   1.1657715e+01
   1.5469830e+06   1.5686035e+01
   1.5470560e+06   1.1718750e+01
   1.5470830e+06   1.2512207e+01
   1.5471830e+06   1.2634277e+01
   1.5472260e+06   1.2268066e+01
   1.5472840e+06   1.7456055e+01
   1.5475230e+06   1.3061523e+01
   1.5476130e+06   1.5502930e+01
   1.5477170e+06   1.4709473e+01
   1.5477910e+06   1.2329102e+01
   1.5479480e+06   1.2390137e+01
   1.5488360e+06   1.3183594e+01
   1.5497040e+06   1.2939453e+01
   1.5500380e+06   1.2390137e+01
   1.5719580e+06   1.8615723e+01
   1.5724840e+06   1.5502930e+01
   1.5753160e+06   1.5441895e+01
   1.5757650e+06   1.3671875e+01
   1.5854960e+06   1.5197754e+01
   1.5857570e+06   1.4648438e+01
   1.5859640e+06   1.2023926e+01
   1.5861690e+06   1.3122559e+01
   1.5864080e+06   1.5014648e+01
   1.5875430e+06   1.4099121e+01
   1.6098300e+06   1.6479492e+01
   1.6164320e+06   1.1718750e+01
   1.6222330e+06   1.8432617e+01
   1.6226490e+06   1.5747070e+01
   1.6376260e+06   1.5075684e+01
   1.6385860e+06   1.7822266e+01
   1.6389230e+06   1.6052246e+01
   1.6393020e+06   1.3977051e+01
   1.6397280e+06   1.4160156e+01
   1.6427330e+06   1.3061523e+01
   1.6430280e+06   1.3183594e+01
   1.6432850e+06   1.5258789e+01
   1.6437130e+06   1.4404297e+01
   1.6561600e+06   1.5930176e+01
   1.6566210e+06   1.6113281e+01
   1.6570050e+06   1.6662598e+01
   1.6573700e+06   1.6784668e+01
   1.6577600e+06   1.5136719e+01
   1.6778380e+06   1.7639160e+01
   1.6866210e+06   1.6174316e+01
   1.6870080e+06   1.4160156e+01
   1.6873840e+06   1.5563965e+01
   1.6878770e+06   1.7700195e+01
   1.6913840e+06   1.3427734e+01
   1.7051120e+06   1.6113281e+01
   1.7107010e+06   1.5747070e+01
   1.7111190e+06   1.4648438e+01
   1.7550510e+06   1.4831543e+01
   1.7554550e+06   1.4831543e+01
   1.7591390e+06   1.8859863e+01
   1.7598150e+06   1.3854980e+01
   1.7679700e+06   1.1962891e+01
   1.7992910e+06   1.5625000e+01
   1.7997120e+06   1.6540527e+01
   1.8378660e+06   1.3488770e+01
   1.8379220e+06   1.2329102e+01
   1.8379690e+06   1.2084961e+01
   1.8379880e+06   1.3061523e+01
   1.8380590e+06   1.6479492e+01
   1.8380740e+06   2.0751953e+01
   1.8381040e+06   1.4892578e+01
   1.8381170e+06   1.8310547e+01
   1.8381410e+06   1.4099121e+01
   1.8381540e+06   1.2084961e+01
   1.8381720e+06   1.7822266e+01
   1.8381940e+06   1.7456055e+01
   1.8382050e+06   1.2145996e+01
   1.8382330e+06   2.0690918e+01
   1.8382700e+06   1.5441895e+01
   1.8383680e+06   1.5319824e+01
   1.8384100e+06   1.4953613e+01
   1.8384600e+06   1.2268066e+01
   1.8384930e+06   1.1657715e+01
   1.8385230e+06   1.1657715e+01
   1.8385870e+06   1.6235352e+01
   1.8386590e+06   1.5563965e+01
   1.8386950e+06   1.3122559e+01
   1.8387240e+06   1.8981934e+01
   1.8387530e+06   1.4648438e+01
   1.8387920e+06   1.3000488e+01
   1.8388210e+06   1.4282227e+01
   1.8388640e+06   1.4221191e+01
   1.8388820e+06   1.2573242e+01
   1.8389200e+06   1.2573242e+01
   1.8389440e+06   1.4282227e+01
   1.8389820e+06   1.5869141e+01
   1.8390360e+06   1.2207031e+01
   1.8391360e+06   3.0029297e+01
   1.8391720e+06   1.1779785e+01
   1.8393060e+06   1.1657715e+01
   1.8393380e+06   1.6174316e+01
   1.8393690e+06   1.1962891e+01
   1.8394450e+06   1.3244629e+01
   1.8395140e+06   1.5563965e+01
   1.8395740e+06   1.2756348e+01
   1.8396080e+06   1.1657715e+01
   1.8396890e+06   1.2573242e+01
   1.8397440e+06   1.2756348e+01
   1.8397730e+06   1.2145996e+01
   1.8397970e+06   1.1962891e+01
   1.8398550e+06   2.0080566e+01
   1.8399250e+06   1.3305664e+01
   1.8400650e+06   1.2145996e+01
   1.8402810e+06   1.3610840e+01
   1.8407210e+06   1.2451172e+01
   1.8408800e+06   1.3183594e+01
   1.8413490e+06   1.3305664e+01
   1.8417590e+06   1.2756348e+01
   1.8418710e+06   1.1840820e+01
   1.8422860e+06   1.4099121e+01
   1.8423840e+06   1.2023926e+01
   1.9097490e+06   1.5380859e+01
   1.9190650e+06   1.6357422e+01
   1.9355530e+06   1.7089844e+01
   1.9953830e+06   1.9226074e+01
   1.9958810e+06   1.8554688e+01
   2.0639780e+06   1.7944336e+01
   2.1457440e+06   1.2878418e+01
   2.1458670e+06   1.9714355e+01
   2.1459160e+06   2.6672363e+01
   2.1459510e+06   2.0019531e+01
   2.1459850e+06   1.4038086e+01
   2.1460220e+06   2.3193359e+01
   2.1460620e+06   1.2573242e+01
   2.1460870e+06   1.4282227e+01
   2.1461160e+06   1.4282227e+01
   2.1462120e+06   1.1962891e+01
   2.1463600e+06   1.4465332e+01
   2.1464100e+06   1.3916016e+01
   2.1465030e+06   1.2207031e+01
   2.1465790e+06   1.9409180e+01
   2.1466640e+06   1.3793945e+01
   2.1466830e+06   1.8005371e+01
   2.1467360e+06   1.4465332e+01
   2.1467780e+06   1.4892578e+01
   2.1468090e+06   1.4221191e+01
   2.1468370e+06   1.5075684e+01
   2.1468600e+06   2.3803711e+01
   2.1468950e+06   1.3183594e+01
   2.1469130e+06   1.3305664e+01
   2.1469290e+06   1.2451172e+01
   2.1470310e+06   1.5136719e+01
   2.1470670e+06   1.2207031e+01
   2.1471120e+06   1.1657715e+01
   2.1472000e+06   1.2390137e+01
   2.1472670e+06   1.3488770e+01
   2.1473390e+06   1.5197754e+01
   2.1473910e+06   1.1657715e+01
   2.1474090e+06   1.2207031e+01
   2.1474460e+06   1.2695312e+01
   2.1474860e+06   1.4648438e+01
   2.1475610e+06   1.8859863e+01
   2.1475990e+06   1.2756348e+01
   2.1476370e+06   1.1779785e+01
   2.1477290e+06   1.1718750e+01
   2.1478050e+06   1.2084961e+01
   2.1478670e+06   1.2145996e+01
   2.1480120e+06   1.3061523e+01
   2.1481510e+06   1.8615723e+01
   2.1482260e+06   1.4099121e+01
   2.1482480e+06   1.1901855e+01
   2.1482600e+06   1.2145996e+01
   2.1483300e+06   1.4526367e+01
   2.1483450e+06   1.2817383e+01
   2.1488310e+06   1.2207031e+01
   2.1491440e+06   1.4038086e+01
   2.1492580e+06   1.2329102e+01
   2.1494340e+06   1.1962891e+01
   2.1495720e+06   1.3854980e+01
   2.1497540e+06   1.2878418e+01
   2.1500730e+06   1.1901855e+01
   2.1505920e+06   1.2145996e+01
   2.1507150e+06   1.1657715e+01
   2.1511720e+06   1.1840820e+01
   2.2201370e+06   1.2939453e+01
   2.2499940e+06   1.4953613e+01
   2.2582170e+06   1.2145996e+01
   2.2717190e+06   1.1718750e+01
   2.2717410e+06   1.2145996e+01
   2.2717740e+06   1.2390137e+01
   2.2718370e+06   1.5075684e+01
   2.2718870e+06   1.9348145e+01
   2.2719310e+06   2.3803711e+01
   2.2719620e+06   1.5869141e+01
   2.2719940e+06   1.9042969e+01
   2.2720150e+06   1.1718750e+01
   2.2720500e+06   1.4404297e+01
   2.2720790e+06   1.5991211e+01
   2.2721810e+06   1.2756348e+01
   2.2722090e+06   1.3732910e+01
   2.2722440e+06   1.5930176e+01
   2.2723740e+06   1.5930176e+01
   2.2724820e+06   1.3732910e+01
   2.2725390e+06   1.7700195e+01
   2.2726010e+06   1.3244629e+01
   2.2726310e+06   1.3122559e+01
   2.2726930e+06   1.3183594e+01
   2.2727100e+06   1.4892578e+01
   2.2727800e+06   1.2573242e+01
   2.2728120e+06   1.3732910e+01
   2.2728510e+06   1.2512207e+01
   2.2728760e+06   1.2451172e+01
   2.2729060e+06   1.1962891e+01
   2.2729360e+06   2.2338867e+01
   2.2730040e+06   1.2817383e+01
   2.2731410e+06   1.2756348e+01
   2.2733440e+06   1.3183594e+01
   2.2733730e+06   1.1962891e+01
   2.2735390e+06   1.8554688e+01
   2.2735790e+06   1.2023926e+01
   2.2738610e+06   1.3000488e+01
   2.2739320e+06   1.2512207e+01
   2.2742410e+06   1.6662598e+01
   2.2744220e+06   1.1779785e+01
   2.2745900e+06   1.3549805e+01
   2.2746820e+06   1.4038086e+01
   2.2747840e+06   1.4648438e+01
   2.2748400e+06   1.2878418e+01
   2.2748690e+06   1.3732910e+01
   2.2749650e+06   1.5075684e+01
   2.2750610e+06   1.3977051e+01
   2.2751630e+06   1.4831543e+01
   2.2753280e+06   1.3122559e+01
   2.2754480e+06   1.2023926e+01
   2.2791510e+06   1.2268066e+01
   2.3910510e+06   1.3793945e+01
   2.4497700e+06   1.3305664e+01
   2.5036880e+06   1.2878418e+01
   2.5037610e+06   1.1718750e+01
   2.5037950e+06   1.7150879e+01
   2.5038430e+06   2.5817871e+01
   2.5038560e+06   1.6174316e+01
   2.5038850e+06   2.0202637e+01
   2.5039090e+06   1.3122559e+01
   2.5039250e+06   1.6845703e+01
   2.5039550e+06   2.1850586e+01
   2.5039800e+06   1.4038086e+01
   2.5040110e+06   1.3732910e+01
   2.5040720e+06   1.2634277e+01
   2.5041300e+06   1.5625000e+01
   2.5041670e+06   1.2329102e+01
   2.5042050e+06   1.2512207e+01
   2.5042450e+06   1.2817383e+01
   2.5042900e+06   1.7700195e+01
   2.5043490e+06   1.1962891e+01
   2.5043760e+06   1.4282227e+01
   2.5044290e+06   1.2023926e+01
   2.5044690e+06   1.1962891e+01
   2.5044870e+06   1.3977051e+01
   2.5045410e+06   1.2451172e+01
   2.5045950e+06   1.5991211e+01
   2.5046080e+06   1.8615723e+01
   2.5046570e+06   1.4282227e+01
   2.5047300e+06   1.1962891e+01
   2.5047520e+06   1.9042969e+01
   2.5047770e+06   1.7578125e+01
   2.5049300e+06   1.7944336e+01
   2.5049640e+06   1.5869141e+01
   2.5050630e+06   1.1718750e+01
   2.5050730e+06   1.4770508e+01
   2.5051260e+06   1.1718750e+01
   2.5051850e+06   1.2207031e+01
   2.5052010e+06   1.5686035e+01
   2.5052340e+06   1.9104004e+01
   2.5052650e+06   1.3732910e+01
   2.5052880e+06   1.2878418e+01
   2.5053580e+06   1.2756348e+01
   2.5054210e+06   1.2023926e+01
   2.5054760e+06   1.1962891e+01
   2.5055360e+06   1.3488770e+01
   2.5056460e+06   1.3732910e+01
   2.5057290e+06   1.2756348e+01
   2.5058220e+06   1.4709473e+01
   2.5060190e+06   1.1962891e+01
   2.5060790e+06   1.3122559e+01
   2.5063750e+06   1.2817383e+01
   2.5067390e+06   1.2451172e+01
   2.5072840e+06   1.3061523e+01
   2.5075890e+06   1.2695312e+01
   2.5080050e+06   1.1779785e+01
   2.5081140e+06   1.2573242e+01
   2.5388230e+06   1.8249512e+01
   2.5415640e+06   1.7822266e+01
   2.5832750e+06   1.9531250e+01
   2.5861160e+06   1.8188477e+01
   2.6174590e+06   1.8066406e+01
   2.6177160e+06   1.6174316e+01
   2.6179140e+06   1.5319824e+01
   2.6184100e+06   1.6174316e+01
   2.6291210e+06   1.1657715e+01
   2.6310930e+06   1.2084961e+01
   2.8794340e+06   1.5502930e+01
   2.8794950e+06   1.3061523e+01
   2.8795320e+06   2.1789551e+01
   2.8795650e+06   1.7700195e+01
   2.8795840e+06   1.9104004e+01
   2.8796110e+06   2.0080566e+01
   2.8796370e+06   1.5380859e+01
   2.8796470e+06   1.3244629e+01
   2.8796770e+06   1.1962891e+01
   2.8797230e+06   1.4221191e+01
   2.8797410e+06   1.4709473e+01
   2.8798500e+06   1.5136719e+01
   2.8799560e+06   1.2878418e+01
   2.8800010e+06   1.2878418e+01
   2.8800580e+06   1.1657715e+01
   2.8800820e+06   1.3000488e+01
   2.8801730e+06   1.4343262e+01
   2.8802300e+06   1.1962891e+01
   2.8802540e+06   1.4221191e+01
   2.8803980e+06   1.4404297e+01
   2.8804080e+06   1.7944336e+01
   2.8804300e+06   1.4465332e+01
   2.8804830e+06   1.5869141e+01
   2.8805210e+06   1.4099121e+01
   2.8805510e+06   1.4526367e+01
   2.8806610e+06   1.2695312e+01
   2.8807210e+06   1.8432617e+01
   2.8807480e+06   1.3244629e+01
   2.8808110e+06   1.2573242e+01
   2.8808400e+06   1.2329102e+01
   2.8808740e+06   1.1779785e+01
   2.8809450e+06   1.3366699e+01
   2.8809910e+06   2.3071289e+01
   2.8810180e+06   2.0141602e+01
   2.8810710e+06   1.2817383e+01
   2.8810920e+06   1.4526367e+01
   2.8812400e+06   1.3916016e+01
   2.8813100e+06   1.2084961e+01
   2.8813280e+06   1.5502930e+01
   2.8813950e+06   1.3732910e+01
   2.8815100e+06   1.1840820e+01
   2.8815200e+06   1.4892578e+01
   2.8815500e+06   1.4831543e+01
   2.8817400e+06   1.4526367e+01
   2.8820000e+06   1.2451172e+01
   2.8821500e+06   1.1901855e+01
   2.8822310e+06   1.3122559e+01
   2.8824680e+06   1.2145996e+01
   2.8826540e+06   1.1901855e+01
   2.8827450e+06   1.1962891e+01
   2.8828440e+06   1.1779785e+01
   2.8829850e+06   1.4099121e+01
   2.8834460e+06   1.1657715e+01
   2.8835970e+06   1.1718750e+01
   2.8836870e+06   1.2145996e+01
   2.8844810e+06   1.1779785e+01
   2.8849160e+06   1.2817383e+01
   2.8852640e+06   1.2512207e+01
   2.8854990e+06   1.2512207e+01
   2.9738640e+06   1.1779785e+01
   3.0025770e+06   1.2939453e+01
   3.0026520e+06   1.9409180e+01
   3.0027210e+06   1.5869141e+01
   3.0027520e+06   1.3183594e+01
   3.0027680e+06   1.6662598e+01
   3.0028160e+06   2.0507812e+01
   3.0028520e+06   1.2390137e+01
   3.0028770e+06   1.3000488e+01
   3.0029040e+06   1.1718750e+01
   3.0031810e+06   1.1840820e+01
   3.0032350e+06   1.2512207e+01
   3.0032830e+06   1.1962891e+01
   3.0033400e+06   1.7944336e+01
   3.0033980e+06   1.4648438e+01
   3.0034560e+06   1.6662598e+01
   3.0035180e+06   2.3498535e+01
   3.0035350e+06   1.3488770e+01
   3.0036400e+06   1.1962891e+01
   3.0036550e+06   1.3916016e+01
   3.0037050e+06   1.4953613e+01
   3.0038460e+06   1.1840820e+01
   3.0039370e+06   2.8930664e+01
   3.0040960e+06   1.9531250e+01
   3.0041520e+06   1.2023926e+01
   3.0042360e+06   1.2390137e+01
   3.0042890e+06   1.9836426e+01
   3.0043320e+06   1.2023926e+01
   3.0044320e+06   1.2756348e+01
   3.0044720e+06   1.2512207e+01
   3.0045160e+06   1.3610840e+01
   3.0045960e+06   1.2573242e+01
   3.0046540e+06   2.0935059e+01
   3.0046780e+06   1.1962891e+01
   3.0047410e+06   1.4282227e+01
   3.0047690e+06   1.2145996e+01
   3.0048570e+06   1.4343262e+01
   3.0048900e+06   1.3366699e+01
   3.0049570e+06   1.5258789e+01
   3.0051210e+06   1.1840820e+01
   3.0051980e+06   1.3061523e+01
   3.0055960e+06   1.2939453e+01
   3.0056840e+06   1.1962891e+01
   3.0060090e+06   1.1718750e+01
   3.0061150e+06   1.2451172e+01
   3.0067630e+06   1.1779785e+01
   3.0072200e+06   1.1718750e+01
   3.0648280e+06   1.5136719e+01
   3.1578550e+06   1.7639160e+01
   3.2044830e+06   1.2512207e+01
   3.2045090e+06   1.2207031e+01
   3.2045270e+06   1.4831543e+01
   3.2045560e+06   1.1718750e+01
   3.2045840e+06   1.8920898e+01
   3.2045990e+06   1.1840820e+01
   3.2046170e+06   1.8127441e+01
   3.2046520e+06   1.8981934e+01
   3.2046830e+06   1.8554688e+01
   3.2047140e+06   1.8188477e+01
   3.2047420e+06   1.4587402e+01
   3.2047960e+06   1.1962891e+01
   3.2049040e+06   1.2573242e+01
   3.2049410e+06   1.2145996e+01
   3.2051300e+06   1.3366699e+01
   3.2051670e+06   1.2207031e+01
   3.2051790e+06   1.1657715e+01
   3.2052340e+06   1.2390137e+01
   3.2052480e+06   1.2084961e+01
   3.2053150e+06   1.2023926e+01
   3.2054110e+06   2.5573730e+01
   3.2055110e+06   1.4038086e+01
   3.2055330e+06   1.2451172e+01
   3.2056200e+06   1.2756348e+01
   3.2056320e+06   1.9104004e+01
   3.2056650e+06   1.2573242e+01
   3.2057590e+06   1.2145996e+01
   3.2058010e+06   1.4892578e+01
   3.2058390e+06   1.6784668e+01
   3.2058740e+06   1.2145996e+01
   3.2059020e+06   1.1657715e+01
   3.2059230e+06   1.3244629e+01
   3.2060420e+06   1.7944336e+01
   3.2061070e+06   1.3977051e+01
   3.2061190e+06   1.3488770e+01
   3.2062600e+06   1.1779785e+01
   3.2062810e+06   1.2512207e+01
   3.2063680e+06   1.3366699e+01
   3.2064590e+06   1.1962891e+01
   3.2068740e+06   1.2512207e+01
   3.2069640e+06   1.1779785e+01
   3.2070360e+06   1.3061523e+01
   3.2071120e+06   1.1657715e+01
   3.2081570e+06   1.1962891e+01
   3.2082850e+06   1.3732910e+01
   3.2090950e+06   1.3427734e+01
   3.2102710e+06   1.2207031e+01
   3.2117540e+06   1.1718750e+01
   3.2898350e+06   1.5747070e+01
   3.2951350e+06   1.2817383e+01
   3.2952390e+06   1.2268066e+01
   3.2952510e+06   1.4099121e+01
   3.2953150e+06   2.4902344e+01
   3.2953470e+06   2.0874023e+01
   3.2953790e+06   1.6967773e+01
   3.2953890e+06   1.5014648e+01
   3.2954160e+06   1.4587402e+01
   3.2954310e+06   1.5136719e+01
   3.2954700e+06   1.2451172e+01
   3.2955050e+06   1.3671875e+01
   3.2955190e+06   1.2390137e+01
   3.2956550e+06   1.1901855e+01
   3.2959100e+06   1.2634277e+01
   3.2959490e+06   1.3122559e+01
   3.2959810e+06   1.1657715e+01
   3.2960430e+06   1.5014648e+01
   3.2960760e+06   1.7944336e+01
   3.2961300e+06   1.8005371e+01
   3.2961560e+06   1.2207031e+01
   3.2962030e+06   1.5014648e+01
   3.2962300e+06   1.5136719e+01
   3.2962640e+06   1.1962891e+01
   3.2962740e+06   1.4404297e+01
   3.2963420e+06   1.4404297e+01
   3.2963690e+06   1.3671875e+01
   3.2964080e+06   1.2329102e+01
   3.2964200e+06   1.4587402e+01
   3.2965340e+06   1.5014648e+01
   3.2965600e+06   1.2023926e+01
   3.2965920e+06   1.1718750e+01
   3.2966660e+06   1.3000488e+01
   3.2967640e+06   1.7333984e+01
   3.2968590e+06   1.5136719e+01
   3.2968850e+06   1.2023926e+01
   3.2969460e+06   1.2634277e+01
   3.2970030e+06   1.2390137e+01
   3.2970650e+06   1.2817383e+01
   3.2970860e+06   1.3793945e+01
   3.2971370e+06   1.3916016e+01
   3.2973280e+06   1.3366699e+01
   3.2974670e+06   1.2573242e+01
   3.2976430e+06   1.2512207e+01
   3.2977630e+06   1.1901855e+01
   3.2978210e+06   1.1718750e+01
   3.2981510e+06   1.2939453e+01
   3.2982350e+06   1.3366699e+01
   3.2984020e+06   1.2634277e+01
   3.2985540e+06   1.3244629e+01
   3.2986840e+06   1.4099121e+01
   3.2990170e+06   1.3854980e+01
   3.2994970e+06   1.3732910e+01
   3.3001610e+06   1.2329102e+01
   3.3016230e+06   1.2512207e+01
   3.3733270e+06   1.2145996e+01
   3.3811930e+06   1.2207031e+01
   3.3812150e+06   1.1840820e+01
   3.3812750e+06   1.3000488e+01
   3.3813220e+06   1.9775391e+01
   3.3813610e+06   1.2451172e+01
   3.3813990e+06   1.2145996e+01
   3.3814230e+06   2.2644043e+01
   3.3814330e+06   1.2451172e+01
   3.3814670e+06   1.5563965e+01
   3.3814960e+06   1.5075684e+01
   3.3815220e+06   1.4465332e+01
   3.3815390e+06   1.4770508e+01
   3.3815730e+06   1.1657715e+01
   3.3815890e+06   1.2207031e+01
   3.3816400e+06   1.2268066e+01
   3.3818510e+06   1.2878418e+01
   3.3818900e+06   1.1657715e+01
   3.3819940e+06   1.1962891e+01
   3.3820470e+06   1.4221191e+01
   3.3820950e+06   1.6662598e+01
   3.3821610e+06   1.2695312e+01
   3.3822350e+06   1.4709473e+01
   3.3823030e+06   1.8737793e+01
   3.3824050e+06   1.2512207e+01
   3.3825220e+06   1.9592285e+01
   3.3825520e+06   1.3610840e+01
   3.3825990e+06   1.6479492e+01
   3.3826220e+06   1.3122559e+01
   3.3827890e+06   2.3620605e+01
   3.3828710e+06   1.5014648e+01
   3.3829570e+06   1.3488770e+01
   3.3829900e+06   1.4038086e+01
   3.3830540e+06   1.1901855e+01
   3.3831190e+06   2.1545410e+01
   3.3831380e+06   1.6235352e+01
   3.3831900e+06   1.1962891e+01
   3.3834240e+06   1.3183594e+01
   3.3836790e+06   1.3549805e+01
   3.3839320e+06   1.2695312e+01
   3.3840040e+06   1.2084961e+01
   3.3842920e+06   1.2268066e+01
   3.3843910e+06   1.3916016e+01
   3.3844910e+06   1.1840820e+01
   3.3846370e+06   1.2939453e+01
   3.3848380e+06   1.1718750e+01
   3.3852600e+06   1.2634277e+01
   3.3854220e+06   1.2939453e+01
   3.4457040e+06   1.7211914e+01
   3.4461340e+06   1.3610840e+01
   3.4464970e+06   1.6357422e+01
   3.4538370e+06   1.7333984e+01
   3.4663400e+06   1.2390137e+01
   3.4800410e+06   1.4038086e+01
   3.5383910e+06   1.8920898e+01
   3.5433790e+06   1.2573242e+01
   3.5434000e+06   1.2634277e+01
   3.5434860e+06   1.2023926e+01
   3.5435020e+06   1.3671875e+01
   3.5435730e+06   1.2084961e+01
   3.5435890e+06   1.2695312e+01
   3.5436100e+06   1.8981934e+01
   3.5436270e+06   1.6174316e+01
   3.5436640e+06   1.4221191e+01
   3.5436780e+06   1.7517090e+01
   3.5437340e+06   1.5930176e+01
   3.5437600e+06   1.8310547e+01
   3.5437820e+06   1.2145996e+01
   3.5438280e+06   1.4892578e+01
   3.5438610e+06   1.2512207e+01
   3.5439670e+06   1.2878418e+01
   3.5440010e+06   1.6052246e+01
   3.5440880e+06   1.4953613e+01
   3.5441450e+06   1.4465332e+01
   3.5442040e+06   1.3366699e+01
   3.5442460e+06   1.2512207e+01
   3.5442620e+06   1.4099121e+01
   3.5443350e+06   1.4831543e+01
   3.5443520e+06   1.2756348e+01
   3.5444790e+06   2.2460938e+01
   3.5445070e+06   1.2145996e+01
   3.5445480e+06   1.5930176e+01
   3.5446250e+06   1.2695313e+01
   3.5446480e+06   1.8127441e+01
   3.5446900e+06   1.4587402e+01
   3.5447480e+06   1.5075684e+01
   3.5447690e+06   1.3061523e+01
   3.5448420e+06   2.1118164e+01
   3.5448730e+06   1.1901855e+01
   3.5449030e+06   1.2268066e+01
   3.5449290e+06   1.2390137e+01
   3.5450120e+06   1.3305664e+01
   3.5450580e+06   1.1657715e+01
   3.5450980e+06   1.7578125e+01
   3.5451490e+06   1.3183594e+01
   3.5451870e+06   1.4831543e+01
   3.5452170e+06   1.2573242e+01
   3.5453570e+06   1.1718750e+01
   3.5453810e+06   1.2817383e+01
   3.5454020e+06   1.2939453e+01
   3.5454710e+06   1.2756348e+01
   3.5454850e+06   1.3061523e+01
   3.5455070e+06   1.2695312e+01
   3.5455510e+06   1.3427734e+01
   3.5456120e+06   1.1840820e+01
   3.5456580e+06   1.4892578e+01
   3.5456920e+06   1.2756348e+01
   3.5461370e+06   1.2023926e+01
   3.5462480e+06   1.2084961e+01
   3.5464210e+06   1.2756348e+01
   3.5468230e+06   1.4221191e+01
   3.5470890e+06   1.2268066e+01
   3.5473300e+06   1.2573242e+01
   3.5476250e+06   1.3183594e+01
   3.5753340e+06   1.8737793e+01
   3.6312160e+06   1.9042969e+01
   3.6664230e+06   1.5136719e+01
   3.6685030e+06   1.2451172e+01
   3.6685260e+06   1.1657715e+01
   3.6685810e+06   1.3916016e+01
   3.6686890e+06   1.6662598e+01
   3.6686990e+06   2.0874023e+01
   3.6687180e+06   1.4831543e+01
   3.6687430e+06   1.2939453e+01
   3.6687770e+06   1.3916016e+01
   3.6688150e+06   1.9226074e+01
   3.6692120e+06   1.2145996e+01
   3.6692690e+06   1.2023926e+01
   3.6692920e+06   1.4038086e+01
   3.6693330e+06   1.5075684e+01
   3.6694100e+06   1.9653320e+01
   3.6694550e+06   1.1962891e+01
   3.6694960e+06   1.3732910e+01
   3.6695370e+06   2.1728516e+01
   3.6695840e+06   1.7028809e+01
   3.6696590e+06   1.9775391e+01
   3.6697260e+06   1.7211914e+01
   3.6697780e+06   1.2695312e+01
   3.6698080e+06   1.8737793e+01
   3.6698650e+06   1.1840820e+01
   3.6698870e+06   2.8015137e+01
   3.6699240e+06   1.1718750e+01
   3.6699640e+06   1.2695313e+01
   3.6700350e+06   1.3977051e+01
   3.6700870e+06   1.2329102e+01
   3.6701090e+06   1.2390137e+01
   3.6701350e+06   1.9042969e+01
   3.6702130e+06   1.1840820e+01
   3.6703040e+06   1.4526367e+01
   3.6703280e+06   1.1718750e+01
   3.6704640e+06   1.3366699e+01
   3.6705640e+06   1.2329102e+01
   3.6706300e+06   1.4160156e+01
   3.6708120e+06   1.2451172e+01
   3.6709770e+06   1.2573242e+01
   3.6710860e+06   1.3122559e+01
   3.6711290e+06   1.2145996e+01
   3.6712940e+06   1.2695312e+01
   3.6716000e+06   1.2695312e+01
   3.6718360e+06   1.2268066e+01
   3.6719390e+06   1.3488770e+01
   3.6720700e+06   1.2207031e+01
   3.6722220e+06   1.3305664e+01
   3.6724330e+06   1.1962891e+01
   3.6725770e+06   1.3122559e+01
   3.6736640e+06   1.1657715e+01
   3.7542100e+06   1.2145996e+01
   3.7542400e+06   1.1962891e+01
   3.8267200e+06   1.2817383e+01
   3.8267750e+06   1.1901855e+01
   3.8268180e+06   1.4526367e+01
   3.8268420e+06   2.4475098e+01
   3.8268820e+06   1.2878418e+01
   3.8268930e+06   2.3498535e+01
   3.8269290e+06   1.2573242e+01
   3.8269930e+06   1.2939453e+01
   3.8270130e+06   1.2756348e+01
   3.8270820e+06   1.3854980e+01
   3.8272150e+06   1.2268066e+01
   3.8273010e+06   1.2512207e+01
   3.8273940e+06   1.9653320e+01
   3.8274670e+06   1.2634277e+01
   3.8275590e+06   1.5991211e+01
   3.8276320e+06   2.3193359e+01
   3.8277060e+06   1.2451172e+01
   3.8277450e+06   1.2390137e+01
   3.8277640e+06   1.6296387e+01
   3.8278100e+06   1.2695313e+01
   3.8278570e+06   1.3244629e+01
   3.8278790e+06   1.4526367e+01
   3.8279550e+06   1.3244629e+01
   3.8280080e+06   1.4831543e+01
   3.8280340e+06   1.3610840e+01
   3.8280930e+06   1.2084961e+01
   3.8281190e+06   1.3488770e+01
   3.8281880e+06   1.2817383e+01
   3.8282210e+06   1.1962891e+01
   3.8282620e+06   1.2512207e+01
   3.8282990e+06   1.4221191e+01
   3.8283630e+06   1.1779785e+01
   3.8284570e+06   1.2145996e+01
   3.8285020e+06   1.3549805e+01
   3.8285400e+06   1.1718750e+01
   3.8287080e+06   1.1901855e+01
   3.8287420e+06   1.7028809e+01
   3.8288680e+06   1.9470215e+01
   3.8289260e+06   1.4831543e+01
   3.8290110e+06   1.5747070e+01
   3.8290710e+06   1.2329102e+01
   3.8294720e+06   1.2451172e+01
   3.8295660e+06   1.3793945e+01
   3.8295910e+06   1.1840820e+01
   3.8297190e+06   1.2634277e+01
   3.8307470e+06   1.2817383e+01
   3.8313720e+06   1.5441895e+01
   3.8331110e+06   1.2512207e+01
   3.9418390e+06   1.7700195e+01
   3.9579620e+06   1.5747070e+01
   3.9851610e+06   1.3854980e+01
   3.9852790e+06   1.3183594e+01
   3.9852940e+06   1.4892578e+01
   3.9853810e+06   1.9226074e+01
   3.9853960e+06   2.2705078e+01
   3.9854200e+06   1.4953613e+01
   3.9854350e+06   1.5808105e+01
   3.9854580e+06   1.5014648e+01
   3.9854840e+06   1.8371582e+01
   3.9855160e+06   1.5014648e+01
   3.9855550e+06   1.2268066e+01
   3.9855850e+06   1.3793945e+01
   3.9857740e+06   1.2268066e+01
   3.9858010e+06   1.2878418e+01
   3.9858830e+06   1.1901855e+01
   3.9859300e+06   1.4526367e+01
   3.9859830e+06   1.8188477e+01
   3.9860410e+06   1.7150879e+01
   3.9861110e+06   1.2939453e+01
   3.9861580e+06   1.6052246e+01
   3.9862030e+06   1.7883301e+01
   3.9863220e+06   1.4892578e+01
   3.9863500e+06   1.1779785e+01
   3.9863740e+06   1.3854980e+01
   3.9864130e+06   1.2268066e+01
   3.9864780e+06   1.2023926e+01
   3.9865080e+06   1.3732910e+01
   3.9865570e+06   1.4526367e+01
   3.9865870e+06   1.2878418e+01
   3.9867240e+06   1.1901855e+01
   3.9867560e+06   2.2155762e+01
   3.9867720e+06   1.4404297e+01
   3.9869330e+06   1.4526367e+01
   3.9869960e+06   1.3977051e+01
   3.9870560e+06   1.3610840e+01
   3.9871010e+06   1.4221191e+01
   3.9871200e+06   1.5686035e+01
   3.9871740e+06   1.2817383e+01
   3.9872010e+06   1.1901855e+01
   3.9872730e+06   1.9409180e+01
   3.9873990e+06   1.2878418e+01
   3.9874670e+06   1.2512207e+01
   3.9874990e+06   1.2817383e+01
   3.9884430e+06   1.2084961e+01
   3.9885820e+06   1.2023926e+01
   3.9887130e+06   1.2695312e+01
   3.9890260e+06   1.3610840e+01
   3.9892050e+06   1.2695312e+01
   4.0311760e+06   1.7395020e+01
   4.0486040e+06   1.1901855e+01
   4.0486310e+06   1.3427734e+01
   4.1699270e+06   1.5319824e+01
   4.1703660e+06   1.7028809e+01
   4.2464580e+06   1.2023926e+01
   4.2465500e+06   1.3916016e+01
   4.2466010e+06   1.2084961e+01
   4.2466330e+06   3.2104492e+01
   4.2466720e+06   2.5695801e+01
   4.2467050e+06   1.3610840e+01
   4.2467490e+06   1.6113281e+01
   4.2467680e+06   1.2084961e+01
   4.2468190e+06   1.3610840e+01
   4.2470380e+06   1.2145996e+01
   4.2470870e+06   1.7211914e+01
   4.2471630e+06   1.2084961e+01
   4.2471850e+06   1.5930176e+01
   4.2472460e+06   1.1779785e+01
   4.2473140e+06   1.3488770e+01
   4.2474270e+06   1.2512207e+01
   4.2474500e+06   1.4038086e+01
   4.2475000e+06   1.4648438e+01
   4.2475290e+06   1.7211914e+01
   4.2475620e+06   1.4404297e+01
   4.2475920e+06   1.2207031e+01
   4.2476710e+06   1.2390137e+01
   4.2476960e+06   1.2695312e+01
   4.2478050e+06   1.4831543e+01
   4.2478510e+06   1.3732910e+01
   4.2479560e+06   1.9042969e+01
   4.2480260e+06   1.7456055e+01
   4.2480920e+06   1.1962891e+01
   4.2481660e+06   1.3671875e+01
   4.2482030e+06   1.2695312e+01
   4.2483180e+06   1.5197754e+01
   4.2483930e+06   1.2023926e+01
   4.2484560e+06   1.3366699e+01
   4.2484690e+06   1.2390137e+01
   4.2485680e+06   1.2145996e+01
   4.2486790e+06   1.1962891e+01
   4.2487280e+06   1.1901855e+01
   4.2488170e+06   1.2084961e+01
   4.2489470e+06   1.2695312e+01
   4.2492060e+06   1.3977051e+01
   4.2492810e+06   1.3732910e+01
   4.2493780e+06   1.2084961e+01
   4.2494540e+06   1.1779785e+01
   4.2495540e+06   1.2756348e+01
   4.2496800e+06   1.2451172e+01
   4.2498480e+06   1.2573242e+01
   4.2499480e+06   1.2390137e+01
   4.2503160e+06   1.3671875e+01
   4.2508610e+06   1.2695312e+01
   4.2511930e+06   1.3122559e+01
   4.2518310e+06   1.4526367e+01
   4.3147110e+06   1.4648438e+01
   4.3242350e+06   1.7700195e+01
   4.3245050e+06   1.4526367e+01
   4.3370930e+06   1.8493652e+01
   4.3484460e+06   1.3916016e+01
   4.3550450e+06   1.7578125e+01
   4.4542040e+06   1.2451172e+01
   4.5266320e+06   1.7700195e+01
   4.5473180e+06   1.4770508e+01
   4.5474080e+06   2.7709961e+01
   4.5474460e+06   2.4597168e+01
   4.5474720e+06   1.2817383e+01
   4.5475130e+06   2.4475098e+01
   4.5475420e+06   1.6540527e+01
   4.5475670e+06   1.9836426e+01
   4.5475950e+06   1.5930176e+01
   4.5476260e+06   1.1840820e+01
   4.5476700e+06   1.5380859e+01
   4.5477740e+06   1.2695312e+01
   4.5478680e+06   1.4343262e+01
   4.5478980e+06   1.3488770e+01
   4.5479900e+06   1.2390137e+01
   4.5480410e+06   1.7395020e+01
   4.5481090e+06   1.6601562e+01
   4.5481340e+06   1.2756348e+01
   4.5481550e+06   1.3000488e+01
   4.5482280e+06   1.2695312e+01
   4.5482870e+06   1.5686035e+01
   4.5483340e+06   1.4648438e+01
   4.5484250e+06   2.0324707e+01
   4.5484360e+06   2.2094727e+01
   4.5485530e+06   1.2084961e+01
   4.5485760e+06   1.3061523e+01
   4.5486130e+06   1.2939453e+01
   4.5486450e+06   1.3610840e+01
   4.5486590e+06   1.6296387e+01
   4.5487640e+06   1.3244629e+01
   4.5488310e+06   1.2573242e+01
   4.5488850e+06   1.9775391e+01
   4.5489200e+06   1.4160156e+01
   4.5489490e+06   1.1779785e+01
   4.5489790e+06   1.4038086e+01
   4.5489970e+06   1.1962891e+01
   4.5491180e+06   1.3000488e+01
   4.5492160e+06   2.5695801e+01
   4.5492360e+06   1.2756348e+01
   4.5492680e+06   1.2145996e+01
   4.5493050e+06   1.6601562e+01
   4.5493450e+06   1.1962891e+01
   4.5495030e+06   1.4404297e+01
   4.5495800e+06   1.2512207e+01
   4.5496060e+06   1.1718750e+01
   4.5496680e+06   1.2023926e+01
   4.5497630e+06   1.2512207e+01
   4.5498630e+06   1.3671875e+01
   4.5499890e+06   1.1840820e+01
   4.5501070e+06   1.2756348e+01
   4.5506620e+06   1.3732910e+01
   4.5509870e+06   1.1840820e+01
   4.5511960e+06   1.1657715e+01
   4.5513260e+06   1.3122559e+01
   4.5612620e+06   1.4404297e+01
   4.5613350e+06   1.6723633e+01
   4.6195800e+06   1.3000488e+01
   4.6365020e+06   1.5502930e+01
   4.6410510e+06   1.2573242e+01
   4.6411190e+06   1.2084961e+01
   4.6411380e+06   2.1667480e+01
   4.6411630e+06   1.3244629e+01
   4.6411850e+06   1.1779785e+01
   4.6412050e+06   2.9296875e+01
   4.6412390e+06   2.3498535e+01
   4.6412610e+06   1.3793945e+01
   4.6412710e+06   1.4709473e+01
   4.6413000e+06   1.3488770e+01
   4.6413210e+06   1.3122559e+01
   4.6413530e+06   1.2634277e+01
   4.6413830e+06   1.6052246e+01
   4.6415310e+06   1.1779785e+01
   4.6415600e+06   1.1718750e+01
   4.6416100e+06   1.3488770e+01
   4.6417680e+06   1.3549805e+01
   4.6418230e+06   1.5136719e+01
   4.6418890e+06   1.4160156e+01
   4.6419130e+06   1.1840820e+01
   4.6419430e+06   1.8066406e+01
   4.6419670e+06   1.3977051e+01
   4.6419800e+06   1.1840820e+01
   4.6420070e+06   2.0385742e+01
   4.6420530e+06   1.6784668e+01
   4.6421150e+06   1.3732910e+01
   4.6422020e+06   1.3671875e+01
   4.6422270e+06   1.5869141e+01
   4.6422680e+06   1.2512207e+01
   4.6423670e+06   1.7150879e+01
   4.6424370e+06   1.2695312e+01
   4.6424780e+06   1.3061523e+01
   4.6424920e+06   1.7395020e+01
   4.6425270e+06   1.4831543e+01
   4.6425760e+06   1.2573242e+01
   4.6426080e+06   2.5817871e+01
   4.6426830e+06   1.2817383e+01
   4.6427780e+06   1.6906738e+01
   4.6429170e+06   1.2451172e+01
   4.6430730e+06   1.3000488e+01
   4.6431570e+06   1.1962891e+01
   4.6432500e+06   1.2023926e+01
   4.6434880e+06   1.2512207e+01
   4.6437000e+06   1.4831543e+01
   4.6437920e+06   1.1840820e+01
   4.6439640e+06   1.1840820e+01
   4.6443500e+06   1.3427734e+01
   4.6445150e+06   1.2756348e+01
   4.6454760e+06   1.1657715e+01
   4.7570730e+06   1.4282227e+01
   4.7570970e+06   1.3183594e+01
   4.7669820e+06   1.5930176e+01
   4.8176020e+06   1.6235352e+01
   4.8369330e+06   1.5197754e+01
   4.8369690e+06   1.4404297e+01
   4.8404790e+06   1.5686035e+01
   4.8509120e+06   1.1901855e+01
   4.8820800e+06   1.2878418e+01
   4.8821720e+06   1.5197754e+01
   4.8821930e+06   1.2268066e+01
   4.8822260e+06   1.5197754e+01
   4.8822610e+06   2.0751953e+01
   4.8822950e+06   2.0812988e+01
   4.8823240e+06   1.5686035e+01
   4.8823530e+06   1.6540527e+01
   4.8823840e+06   1.2634277e+01
   4.8824130e+06   1.1840820e+01
   4.8824510e+06   1.6235352e+01
   4.8824810e+06   1.7333984e+01
   4.8825150e+06   1.5930176e+01
   4.8825540e+06   1.4099121e+01
   4.8825940e+06   1.1962891e+01
   4.8826750e+06   1.2634277e+01
   4.8827830e+06   1.4160156e+01
   4.8828230e+06   1.1840820e+01
   4.8828750e+06   1.4404297e+01
   4.8828930e+06   1.2145996e+01
   4.8829700e+06   1.1962891e+01
   4.8829990e+06   1.4038086e+01
   4.8831040e+06   1.5563965e+01
   4.8831450e+06   1.2451172e+01
   4.8832260e+06   1.8249512e+01
   4.8832660e+06   1.3000488e+01
   4.8832890e+06   1.2390137e+01
   4.8833410e+06   1.5380859e+01
   4.8833950e+06   1.3977051e+01
   4.8834190e+06   1.2756348e+01
   4.8834400e+06   1.8676758e+01
   4.8834830e+06   1.2817383e+01
   4.8835680e+06   1.8432617e+01
   4.8836430e+06   1.3549805e+01
   4.8837200e+06   1.5563965e+01
   4.8838230e+06   1.3427734e+01
   4.8838680e+06   1.4892578e+01
   4.8838910e+06   1.8981934e+01
   4.8839430e+06   2.0202637e+01
   4.8840120e+06   1.1779785e+01
   4.8841060e+06   1.3488770e+01
   4.8841620e+06   1.3244629e+01
   4.8842250e+06   1.2451172e+01
   4.8842710e+06   1.4770508e+01
   4.8843030e+06   1.2329102e+01
   4.8843860e+06   1.3000488e+01
   4.8844570e+06   1.3061523e+01
   4.8845310e+06   1.2207031e+01
   4.8845990e+06   1.4648438e+01
   4.8847600e+06   1.2451172e+01
   4.8849230e+06   1.2756348e+01
   4.8851820e+06   1.2329102e+01
   4.8854040e+06   1.2268066e+01
   4.8856890e+06   1.4404297e+01
   4.8859530e+06   1.1840820e+01
   4.8860840e+06   1.3610840e+01
   4.8866930e+06   1.3061523e+01
   4.8874950e+06   1.1840820e+01
   4.9723160e+06   1.1901855e+01
   4.9859190e+06   1.4221191e+01
   5.0133580e+06   1.1718750e+01
   5.1240300e+06   1.2390137e+01
   5.1240540e+06   1.1901855e+01
   5.1241000e+06   1.8432617e+01
   5.1241170e+06   1.4770508e+01
   5.1241420e+06   2.0263672e+01
   5.1241750e+06   1.2634277e+01
   5.1242090e+06   1.5991211e+01
   5.1242380e+06   1.2023926e+01
   5.1242930e+06   1.2939453e+01
   5.1243270e+06   1.2023926e+01
   5.1243810e+06   1.3000488e+01
   5.1244660e+06   1.2390137e+01
   5.1245010e+06   1.3122559e+01
   5.1245410e+06   1.3671875e+01
   5.1245790e+06   2.3864746e+01
   5.1246290e+06   1.8310547e+01
   5.1246940e+06   1.2268066e+01
   5.1247610e+06   1.2023926e+01
   5.1248040e+06   1.2268066e+01
   5.1248330e+06   1.4038086e+01
   5.1248880e+06   1.1901855e+01
   5.1249120e+06   1.7517090e+01
   5.1249500e+06   1.2695312e+01
   5.1250320e+06   1.5319824e+01
   5.1250740e+06   1.6479492e+01
   5.1251240e+06   1.3183594e+01
   5.1251790e+06   1.9165039e+01
   5.1251940e+06   1.2023926e+01
   5.1252900e+06   1.3427734e+01
   5.1253330e+06   1.1962891e+01
   5.1253730e+06   1.2145996e+01
   5.1253910e+06   1.2084961e+01
   5.1255560e+06   1.5258789e+01
   5.1256000e+06   2.2216797e+01
   5.1256380e+06   1.2207031e+01
   5.1257000e+06   1.2390137e+01
   5.1257820e+06   1.3244629e+01
   5.1258600e+06   1.1718750e+01
   5.1259820e+06   1.4343262e+01
   5.1260080e+06   1.2451172e+01
   5.1260860e+06   1.1840820e+01
   5.1261300e+06   1.3793945e+01
   5.1261730e+06   1.2939453e+01
   5.1263400e+06   1.7700195e+01
   5.1264060e+06   1.2023926e+01
   5.1264270e+06   1.2817383e+01
   5.1264770e+06   1.2207031e+01
   5.1266370e+06   1.2634277e+01
   5.1267280e+06   1.4282227e+01
   5.1268840e+06   1.2023926e+01
   5.1269740e+06   1.3366699e+01
   5.1272540e+06   1.2695312e+01
   5.1279230e+06   1.1962891e+01
   5.1280770e+06   1.1901855e+01
   5.1283390e+06   1.2145996e+01
   5.1739820e+06   1.5869141e+01
   5.1744130e+06   1.4282227e+01
   5.1759150e+06   1.9897461e+01
   5.1760220e+06   1.5319824e+01
   5.1850660e+06   1.4587402e+01
   5.2099390e+06   1.6174316e+01
   5.2119580e+06   1.3427734e+01
   5.2237160e+06   1.6357422e+01
   5.2238970e+06   1.4892578e+01
   5.2341780e+06   1.4282227e+01
   5.2408310e+06   1.8676758e+01
   5.2410040e+06   1.7761230e+01
   5.2412150e+06   1.8066406e+01
   5.2413440e+06   1.4038086e+01
   5.2418680e+06   1.7517090e+01
   5.2471860e+06   1.5869141e+01
   5.2474800e+06   1.8615723e+01
   5.2477710e+06   1.2756348e+01
   5.2479800e+06   1.6418457e+01
   5.2576370e+06   1.8432617e+01
   5.2577470e+06   1.5014648e+01
   5.2585650e+06   1.2084961e+01
   5.2587560e+06   1.7944336e+01
   5.2590380e+06   1.3305664e+01
   5.2867250e+06   1.4709473e+01
   5.2920860e+06   1.6479492e+01
   5.3153790e+06   2.0019531e+01
   5.3332690e+06   1.2145996e+01
   5.3333210e+06   1.3061523e+01
   5.3333520e+06   1.2451172e+01
   5.3333940e+06   1.1901855e+01
   5.3334240e+06   2.0812988e+01
   5.3334610e+06   1.8920898e+01
   5.3334820e+06   1.4343262e+01
   5.3335340e+06   1.7578125e+01
   5.3335450e+06   1.2695312e+01
   5.3335690e+06   1.4160156e+01
   5.3336060e+06   1.3122559e+01
   5.3338410e+06   1.1718750e+01
   5.3338910e+06   1.4465332e+01
   5.3339370e+06   1.8554688e+01
   5.3339840e+06   1.2451172e+01
   5.3340020e+06   1.2023926e+01
   5.3340360e+06   2.0629883e+01
   5.3340850e+06   1.1657715e+01
   5.3341210e+06   1.1779785e+01
   5.3341500e+06   1.1901855e+01
   5.3342010e+06   1.1962891e+01
   5.3342310e+06   1.1657715e+01
   5.3342610e+06   1.2634277e+01
   5.3342910e+06   1.4038086e+01
   5.3343340e+06   1.2695312e+01
   5.3343530e+06   1.3061523e+01
   5.3344840e+06   2.0568848e+01
   5.3345170e+06   1.2939453e+01
   5.3345470e+06   1.4709473e+01
   5.3346260e+06   1.1840820e+01
   5.3347540e+06   2.3437500e+01
   5.3348550e+06   1.5930176e+01
   5.3349250e+06   1.1718750e+01
   5.3350000e+06   1.1962891e+01
   5.3350830e+06   1.2817383e+01
   5.3351240e+06   1.2268066e+01
   5.3351640e+06   1.2878418e+01
   5.3351760e+06   1.1901855e+01
   5.3352420e+06   1.3244629e+01
   5.3352550e+06   1.7639160e+01
   5.3353230e+06   1.3671875e+01
   5.3354030e+06   1.2634277e+01
   5.3355210e+06   1.2390137e+01
   5.3356920e+06   1.1962891e+01
   5.3357020e+06   1.2390137e+01
   5.3357910e+06   1.3427734e+01
   5.3358730e+06   1.2023926e+01
   5.3360090e+06   1.2329102e+01
   5.3360980e+06   1.3183594e+01
   5.3361940e+06   1.2268066e+01
   5.3363840e+06   1.2634277e+01
   5.3364680e+06   1.1901855e+01
   5.3365560e+06   1.3610840e+01
   5.3368120e+06   1.2878418e+01
   5.3369440e+06   1.2329102e+01
   5.3370230e+06   1.5258789e+01
   5.3371250e+06   1.3549805e+01
   5.3374280e+06   1.2390137e+01
   5.3374950e+06   1.1779785e+01
   5.3375320e+06   1.2329102e+01
   5.3378130e+06   1.3549805e+01
   5.3388280e+06   1.3488770e+01
   5.3482270e+06   1.2268066e+01
   5.4150820e+06   1.1901855e+01
   5.4279220e+06   1.1962891e+01
   5.4374490e+06   1.6296387e+01
   5.4775980e+06   1.3671875e+01
   5.4853370e+06   1.5930176e+01
   5.4987150e+06   1.5319824e+01
   5.4987410e+06   1.1657715e+01
   5.5043020e+06   1.3977051e+01
   5.5043980e+06   1.6723633e+01
   5.5044610e+06   2.2705078e+01
   5.5044900e+06   1.8188477e+01
   5.5045070e+06   1.8798828e+01
   5.5045230e+06   1.2268066e+01
   5.5045700e+06   1.8066406e+01
   5.5046230e+06   1.2878418e+01
   5.5046400e+06   1.1840820e+01
   5.5047060e+06   1.3427734e+01
   5.5048020e+06   1.3000488e+01
   5.5049200e+06   1.2390137e+01
   5.5049750e+06   1.2023926e+01
   5.5050130e+06   1.4648438e+01
   5.5050280e+06   1.3305664e+01
   5.5050770e+06   1.8920898e+01
   5.5051510e+06   1.6113281e+01
   5.5052420e+06   1.2023926e+01
   5.5052730e+06   1.3977051e+01
   5.5052980e+06   1.1779785e+01
   5.5053340e+06   1.7089844e+01
   5.5053680e+06   1.4465332e+01
   5.5054260e+06   1.3977051e+01
   5.5054540e+06   1.8798828e+01
   5.5054970e+06   1.2573242e+01
   5.5055820e+06   2.3925781e+01
   5.5056330e+06   1.8310547e+01
   5.5057090e+06   1.3000488e+01
   5.5057350e+06   1.2023926e+01
   5.5057870e+06   1.8127441e+01
   5.5057980e+06   1.2695312e+01
   5.5058750e+06   1.4343262e+01
   5.5059320e+06   1.2512207e+01
   5.5060090e+06   1.1657715e+01
   5.5062770e+06   1.3122559e+01
   5.5062890e+06   1.2329102e+01
   5.5063600e+06   1.9287109e+01
   5.5064530e+06   1.3305664e+01
   5.5065060e+06   1.1718750e+01
   5.5065460e+06   1.6723633e+01
   5.5065750e+06   1.2268066e+01
   5.5067450e+06   1.2268066e+01
   5.5068220e+06   1.1779785e+01
   5.5072070e+06   1.3244629e+01
   5.5073160e+06   1.3305664e+01
   5.5074210e+06   1.2878418e+01
   5.5076150e+06   1.2695312e+01
   5.5079000e+06   1.3366699e+01
   5.5087710e+06   1.1718750e+01
   5.5498470e+06   1.6662598e+01
   5.5504610e+06   1.3488770e+01
   5.5533980e+06   1.7089844e+01
   5.5885850e+06   1.4831543e+01
   5.5901810e+06   1.3977051e+01
   5.5905420e+06   1.6723633e+01
   5.5988750e+06   1.5014648e+01
   5.6331250e+06   1.2817383e+01
   5.6332260e+06   1.3061523e+01
   5.6332480e+06   1.4465332e+01
   5.6332830e+06   1.2329102e+01
   5.6333040e+06   3.1494141e+01
   5.6333380e+06   1.8554688e+01
   5.6333540e+06   1.3183594e+01
   5.6333740e+06   1.6296387e+01
   5.6334060e+06   1.4831543e+01
   5.6334280e+06   1.2329102e+01
   5.6334620e+06   1.3977051e+01
   5.6334990e+06   1.2329102e+01
   5.6337150e+06   1.2634277e+01
   5.6337660e+06   1.5991211e+01
   5.6339020e+06   1.2878418e+01
   5.6339220e+06   1.2634277e+01
   5.6339590e+06   1.3000488e+01
   5.6339800e+06   1.2634277e+01
   5.6340570e+06   1.3122559e+01
   5.6340760e+06   1.8981934e+01
   5.6341230e+06   1.2451172e+01
   5.6341340e+06   1.2634277e+01
   5.6341820e+06   1.2329102e+01
   5.6342150e+06   1.3549805e+01
   5.6342420e+06   1.2573242e+01
   5.6342750e+06   1.1901855e+01
   5.6343440e+06   1.4160156e+01
   5.6343930e+06   1.6906738e+01
   5.6344250e+06   1.3732910e+01
   5.6344760e+06   1.1718750e+01
   5.6345020e+06   1.1901855e+01
   5.6345690e+06   1.3732910e+01
   5.6347380e+06   1.2207031e+01
   5.6347770e+06   1.7150879e+01
   5.6348100e+06   1.9165039e+01
   5.6348320e+06   1.2207031e+01
   5.6349250e+06   1.2207031e+01
   5.6349450e+06   1.4648438e+01
   5.6350070e+06   1.6662598e+01
   5.6351010e+06   1.1779785e+01
   5.6351790e+06   1.1962891e+01
   5.6352470e+06   1.1840820e+01
   5.6352650e+06   1.2084961e+01
   5.6353180e+06   1.2023926e+01
   5.6353650e+06   1.3854980e+01
   5.6354590e+06   1.2207031e+01
   5.6355570e+06   1.3427734e+01
   5.6356450e+06   1.6662598e+01
   5.6357340e+06   1.1718750e+01
   5.6359520e+06   1.1779785e+01
   5.6360770e+06   1.1901855e+01
   5.6361370e+06   1.1718750e+01
   5.6362720e+06   1.1718750e+01
   5.6363820e+06   1.1657715e+01
   5.6366580e+06   1.1901855e+01
   5.6368370e+06   1.2084961e+01
   5.6698960e+06   1.2573242e+01
   5.6929390e+06   1.4587402e+01
   5.6951800e+06   1.8310547e+01
   5.6999590e+06   1.3793945e+01
   5.7210150e+06   1.7883301e+01
   5.7580360e+06   1.8249512e+01
   5.8147590e+06   1.3000488e+01
   5.8148050e+06   1.3244629e+01
   5.8632560e+06   1.8432617e+01
   5.8642450e+06   1.8005371e+01
