   5.9990000e+06   0.0000000e+00
   1.3969600e+05   2.1606445e+01
   1.3974000e+05   1.3122559e+01
   1.3977200e+05   1.2145996e+01
   1.3978200e+05   1.2390137e+01
   1.3981900e+05   1.1779785e+01
   1.3983800e+05   1.4282227e+01
   1.3987800e+05   1.3183594e+01
   1.4000400e+05   1.2329102e+01
   2.0234500e+05   1.1474609e+01
   2.9733700e+05   2.1301270e+01
   2.9737400e+05   1.3671875e+01
   2.9740100e+05   1.4099121e+01
   2.9742000e+05   1.7578125e+01
   2.9745900e+05   1.2329102e+01
   2.9748700e+05   1.2634277e+01
   3.3081900e+05   1.1718750e+01
   5.4806200e+05   2.4902344e+01
   5.4808600e+05   1.3061523e+01
   5.4811000e+05   1.2451172e+01
   5.4814700e+05   1.3732910e+01
   5.4818200e+05   1.1352539e+01
   5.4833800e+05   1.2695313e+01
   5.4841200e+05   1.1840820e+01
   8.1583000e+05   2.2521973e+01
   8.1644100e+05   2.4108887e+01
   8.1656600e+05   2.0629883e+01
   8.1668800e+05   2.4230957e+01
   8.1680400e+05   2.6245117e+01
   9.6753800e+05   2.4780273e+01
   9.6758400e+05   1.5747070e+01
   9.6760400e+05   1.7333984e+01
   9.6762000e+05   1.2390137e+01
   9.6764100e+05   1.3122559e+01
   9.6767400e+05   1.2878418e+01
   9.6773400e+05   1.1352539e+01
   1.1796690e+06   2.2155762e+01
   1.1797270e+06   1.9775391e+01
   1.1797370e+06   1.2634277e+01
   1.1797580e+06   1.1352539e+01
   1.1798030e+06   1.2695312e+01
   1.1798150e+06   1.1657715e+01
   1.2500360e+06   2.2033691e+01
   1.2501070e+06   1.4770508e+01
   1.2501210e+06   1.2207031e+01
   1.2501620e+06   1.4404297e+01
   1.2501780e+06   1.5808105e+01
   1.2502280e+06   1.2573242e+01
   1.3589180e+06   2.4780273e+01
   1.3589630e+06   1.1474609e+01
   1.3589900e+06   2.4475098e+01
   1.3590360e+06   1.3427734e+01
   1.3590460e+06   1.1718750e+01
   1.3590710e+06   1.4709473e+01
   1.3591350e+06   1.1352539e+01
   1.4453470e+06   2.4047852e+01
   1.4454740e+06   1.2145996e+01
   1.4454900e+06   2.0629883e+01
   1.4455300e+06   1.2390137e+01
   1.4456000e+06   1.2817383e+01
   1.5454860e+06   2.5451660e+01
   1.5456340e+06   1.5136719e+01
   1.5456920e+06   1.2817383e+01
   1.5457350e+06   1.1901855e+01
   1.8379980e+06   2.5939941e+01
   1.8380870e+06   1.2390137e+01
   1.8381000e+06   1.3916016e+01
   1.8381290e+06   1.4221191e+01
   1.8381690e+06   1.1352539e+01
   1.8381960e+06   1.5197754e+01
   1.8383440e+06   1.1596680e+01
   1.8444620e+06   1.1474609e+01
   1.8672410e+06   1.2268066e+01
   2.1458530e+06   2.6428223e+01
   2.1459100e+06   1.1352539e+01
   2.1459250e+06   1.2756348e+01
   2.1459650e+06   1.2512207e+01
   2.1459790e+06   1.2023926e+01
   2.1460070e+06   1.3000488e+01
   2.1460550e+06   1.1352539e+01
   2.1461030e+06   1.1962891e+01
   2.2718390e+06   2.3986816e+01
   2.2718890e+06   1.2023926e+01
   2.2720900e+06   1.2817383e+01
   2.5037890e+06   2.5634766e+01
   2.5038440e+06   1.1657715e+01
   2.5038660e+06   1.3916016e+01
   2.5038800e+06   1.1413574e+01
   2.5039330e+06   1.1474609e+01
   2.5039940e+06   1.1901855e+01
   2.8795150e+06   1.1474609e+01
   2.8795300e+06   2.4047852e+01
   2.8795710e+06   1.5808105e+01
   2.8796050e+06   1.3549805e+01
   2.8796540e+06   1.2939453e+01
   2.8797060e+06   1.2512207e+01
   2.8797390e+06   1.2145996e+01
   3.0026910e+06   2.7160645e+01
   3.0027170e+06   1.4404297e+01
   3.0027370e+06   1.2268066e+01
   3.0027520e+06   1.3000488e+01
   3.0027890e+06   1.4221191e+01
   3.0029560e+06   1.2573242e+01
   3.2045300e+06   2.3437500e+01
   3.2045890e+06   1.4831543e+01
   3.2046250e+06   1.4587402e+01
   3.2046610e+06   1.2084961e+01
   3.2047560e+06   1.5014648e+01
   3.2952620e+06   2.8320312e+01
   3.2953070e+06   1.2084961e+01
   3.2953280e+06   1.8493652e+01
   3.2954080e+06   1.1840820e+01
   3.2954360e+06   1.1474609e+01
   3.3813460e+06   2.3254395e+01
   3.3814130e+06   1.5563965e+01
   3.3814350e+06   1.3183594e+01
   3.3814800e+06   1.3366699e+01
   3.3814990e+06   1.2634277e+01
   3.3815340e+06   1.2084961e+01
   3.3816020e+06   1.2512207e+01
   3.3817220e+06   1.2451172e+01
   3.3820610e+06   1.1535645e+01
   3.5435250e+06   2.5634766e+01
   3.5436100e+06   1.7639160e+01
   3.5436550e+06   1.4648438e+01
   3.5437320e+06   1.3977051e+01
   3.5442310e+06   1.1901855e+01
   3.6686260e+06   2.4108887e+01
   3.6687010e+06   1.6418457e+01
   3.6687170e+06   1.1596680e+01
   3.6687340e+06   1.3549805e+01
   3.6688330e+06   1.2084961e+01
   3.6688890e+06   1.2207031e+01
   3.8267690e+06   2.3803711e+01
   3.8268710e+06   1.9775391e+01
   3.8268810e+06   1.2939453e+01
   3.8269510e+06   1.2084961e+01
   3.8269830e+06   1.1779785e+01
   3.9853220e+06   2.4780273e+01
   3.9853720e+06   1.4892578e+01
   3.9854100e+06   1.1474609e+01
   3.9854350e+06   1.1962891e+01
   3.9854530e+06   1.2939453e+01
   3.9854920e+06   1.2695312e+01
   3.9855290e+06   1.1596680e+01
   3.9855550e+06   1.3366699e+01
   4.1549410e+06   1.1596680e+01
   4.2465600e+06   1.9409180e+01
   4.2466090e+06   1.1962891e+01
   4.2466430e+06   1.3000488e+01
   4.2466780e+06   1.1657715e+01
   4.2467100e+06   1.2939453e+01
   4.2467200e+06   1.3488770e+01
   4.4364530e+06   1.1657715e+01
   4.5473380e+06   2.5085449e+01
   4.5473850e+06   1.7517090e+01
   4.5474320e+06   1.4404297e+01
   4.5474800e+06   1.3854980e+01
   4.5474920e+06   1.2145996e+01
   4.6411650e+06   2.1484375e+01
   4.6411870e+06   1.7395020e+01
   4.6412210e+06   1.8066406e+01
   4.6412330e+06   1.6967773e+01
   4.6412590e+06   1.4587402e+01
   4.6413210e+06   1.2084961e+01
   4.6413310e+06   1.2207031e+01
   4.8821630e+06   2.4780273e+01
   4.8822120e+06   1.5625000e+01
   4.8822450e+06   1.5014648e+01
   4.8823410e+06   1.2207031e+01
   4.8823780e+06   1.3183594e+01
   4.8827930e+06   1.1779785e+01
   5.1240560e+06   2.1484375e+01
   5.1240960e+06   1.2695312e+01
   5.1241210e+06   1.4282227e+01
   5.1241370e+06   1.2573242e+01
   5.1241840e+06   1.4709473e+01
   5.3333680e+06   2.7160645e+01
   5.3334150e+06   1.3061523e+01
   5.3334290e+06   1.1657715e+01
   5.3334490e+06   1.6540527e+01
   5.3334970e+06   1.4953613e+01
   5.5044150e+06   2.6977539e+01
   5.5044540e+06   1.1840820e+01
   5.5044710e+06   1.5625000e+01
   5.5045010e+06   1.4831543e+01
   5.5045310e+06   1.4343262e+01
   5.6332450e+06   2.7160645e+01
   5.6333090e+06   1.4587402e+01
   5.6333410e+06   1.2207031e+01
