   5.9990000e+06   0.0000000e+00
   8.3245000e+04   1.4465332e+01
   1.2157000e+05   1.2634277e+01
   1.3968900e+05   1.2207031e+01
   1.3972300e+05   1.2329102e+01
   1.3977800e+05   1.8127441e+01
   1.3979300e+05   1.2512207e+01
   1.3983700e+05   1.6784668e+01
   1.3985800e+05   1.3000488e+01
   1.3989800e+05   1.3000488e+01
   2.9739300e+05   1.8432617e+01
   2.9744100e+05   1.3122559e+01
   5.4801600e+05   1.1962891e+01
   5.4806300e+05   1.2756348e+01
   5.4810100e+05   1.2512207e+01
   5.4813200e+05   1.4099121e+01
   5.4816800e+05   1.4404297e+01
   5.4876100e+05   1.2817383e+01
   8.1632000e+05   1.2512207e+01
   8.1635000e+05   1.1962891e+01
   8.1641400e+05   1.1779785e+01
   9.6750000e+05   1.3916016e+01
   9.6751200e+05   1.8859863e+01
   9.6754300e+05   1.2451172e+01
   9.6760100e+05   1.2023926e+01
   9.6761200e+05   1.2695312e+01
   9.6765700e+05   1.2207031e+01
   9.6767300e+05   1.2023926e+01
   9.6769000e+05   1.3000488e+01
   1.1796610e+06   1.9531250e+01
   1.1797270e+06   1.6601562e+01
   1.1797400e+06   1.4831543e+01
   1.1797570e+06   1.3122559e+01
   1.1798410e+06   1.6052246e+01
   1.2500440e+06   1.2512207e+01
   1.2501230e+06   1.1840820e+01
   1.2501920e+06   1.4587402e+01
   1.2502590e+06   1.2145996e+01
   1.3361800e+06   1.6479492e+01
   1.3588870e+06   1.2939453e+01
   1.3590060e+06   1.9592285e+01
   1.3590460e+06   1.2084961e+01
   1.4454650e+06   1.8310547e+01
   1.4454750e+06   1.2390137e+01
   1.4455410e+06   1.2634277e+01
   1.4456320e+06   1.2939453e+01
   1.5453860e+06   1.1962891e+01
   1.5453980e+06   1.4038086e+01
   1.5455430e+06   1.4831543e+01
   1.5455530e+06   1.3183594e+01
   1.5455760e+06   1.6052246e+01
   1.5456090e+06   1.2817383e+01
   1.5456470e+06   1.2817383e+01
   1.5456800e+06   1.6967773e+01
   1.5457620e+06   1.1718750e+01
   1.8379790e+06   1.3366699e+01
   1.8380000e+06   1.2268066e+01
   1.8380920e+06   1.2756348e+01
   1.8383020e+06   1.2390137e+01
   1.9949640e+06   1.6235352e+01
   2.1458530e+06   1.2939453e+01
   2.1458830e+06   1.3732910e+01
   2.1459420e+06   1.2145996e+01
   2.1459570e+06   1.2634277e+01
   2.1460180e+06   1.2390137e+01
   2.2324170e+06   1.2695312e+01
   2.2717540e+06   1.1840820e+01
   2.2718200e+06   1.2084961e+01
   2.2718680e+06   1.2145996e+01
   2.2719100e+06   1.3732910e+01
   2.2719470e+06   1.1962891e+01
   2.2719890e+06   1.5319824e+01
   2.5038000e+06   1.7944336e+01
   2.5038640e+06   1.3488770e+01
   2.5039060e+06   1.3183594e+01
   2.5039490e+06   1.3488770e+01
   2.7859240e+06   1.1901855e+01
   2.8278570e+06   1.2207031e+01
   2.8794500e+06   1.2573242e+01
   2.8795200e+06   1.3366699e+01
   2.8796010e+06   1.6113281e+01
   2.8796220e+06   1.1840820e+01
   2.8796580e+06   1.5625000e+01
   2.8819960e+06   1.1718750e+01
   2.8826150e+06   1.2634277e+01
   3.0025990e+06   1.2634277e+01
   3.0026450e+06   1.2023926e+01
   3.0027300e+06   1.4038086e+01
   3.0027580e+06   1.2634277e+01
   3.2044160e+06   1.2023926e+01
   3.2045350e+06   1.5991211e+01
   3.2046220e+06   1.3793945e+01
   3.2046990e+06   1.2878418e+01
   3.2085570e+06   1.1840820e+01
   3.2951770e+06   1.3671875e+01
   3.2952310e+06   1.8676758e+01
   3.2952780e+06   1.2878418e+01
   3.2953060e+06   1.3122559e+01
   3.2953180e+06   1.2817383e+01
   3.2953820e+06   1.1901855e+01
   3.3813610e+06   1.5136719e+01
   3.3814540e+06   1.3610840e+01
   3.3814690e+06   1.4526367e+01
   3.3815440e+06   1.3244629e+01
   3.3816770e+06   1.1962891e+01
   3.5435460e+06   1.3793945e+01
   3.5435770e+06   1.4587402e+01
   3.5436190e+06   1.3122559e+01
   3.5452690e+06   1.2268066e+01
   3.5471070e+06   1.1718750e+01
   3.6686170e+06   1.3366699e+01
   3.6719020e+06   1.3061523e+01
   3.7479730e+06   1.2573242e+01
   3.8267630e+06   1.6784668e+01
   3.8269310e+06   1.2268066e+01
   3.8269670e+06   1.7089844e+01
   3.8269900e+06   1.4099121e+01
   3.8270210e+06   1.1901855e+01
   3.9853130e+06   1.5014648e+01
   3.9854270e+06   1.2451172e+01
   3.9854440e+06   1.2390137e+01
   3.9855880e+06   1.1779785e+01
   3.9878290e+06   1.3244629e+01
   4.1176250e+06   1.2817383e+01
   4.1288980e+06   1.2878418e+01
   4.1289980e+06   1.4282227e+01
   4.1292140e+06   1.5686035e+01
   4.1300420e+06   1.4282227e+01
   4.1321710e+06   1.3854980e+01
   4.1342440e+06   1.4099121e+01
   4.1462780e+06   1.3061523e+01
   4.1464080e+06   1.2390137e+01
   4.2464970e+06   1.3793945e+01
   4.2465640e+06   1.3183594e+01
   4.2465950e+06   1.2390137e+01
   4.2466560e+06   1.2756348e+01
   4.2467000e+06   1.3061523e+01
   4.2467510e+06   1.2023926e+01
   4.2468200e+06   1.2451172e+01
   4.2636500e+06   1.1779785e+01
   4.4940190e+06   1.8676758e+01
   4.5473460e+06   1.2695312e+01
   4.5474840e+06   1.3732910e+01
   4.5475280e+06   1.3488770e+01
   4.5475720e+06   1.1962891e+01
   4.5516130e+06   1.2329102e+01
   4.5527650e+06   1.1718750e+01
   4.6411380e+06   1.4038086e+01
   4.6411980e+06   1.3732910e+01
   4.6412370e+06   1.4465332e+01
   4.6412610e+06   1.3549805e+01
   4.6413100e+06   1.3671875e+01
   4.6413770e+06   1.1962891e+01
   4.6441770e+06   1.1718750e+01
   4.7793120e+06   1.2268066e+01
   4.8820960e+06   1.2756348e+01
   4.8821750e+06   1.3549805e+01
   4.8822390e+06   1.2695312e+01
   4.8823030e+06   1.3854980e+01
   4.8823220e+06   1.1779785e+01
   4.8823480e+06   1.6479492e+01
   4.8826690e+06   1.2756348e+01
   5.1240510e+06   1.3183594e+01
   5.1240800e+06   1.8127441e+01
   5.1241100e+06   1.7578125e+01
   5.1241360e+06   1.4282227e+01
   5.1242060e+06   1.2756348e+01
   5.3333550e+06   1.2145996e+01
   5.3334220e+06   1.1962891e+01
   5.3334650e+06   1.2573242e+01
   5.3334960e+06   1.2207031e+01
   5.3335300e+06   1.3427734e+01
   5.3336380e+06   1.1962891e+01
   5.3340690e+06   1.2084961e+01
   5.3352480e+06   1.1779785e+01
   5.3363970e+06   1.2084961e+01
   5.4452570e+06   1.1718750e+01
   5.5043880e+06   1.1962891e+01
   5.5044080e+06   1.5380859e+01
   5.5044400e+06   1.3305664e+01
   5.5044580e+06   1.2756348e+01
   5.5044970e+06   1.3122559e+01
   5.5045120e+06   1.8676758e+01
   5.6332400e+06   1.6540527e+01
   5.6332570e+06   1.3671875e+01
   5.6332880e+06   1.5380859e+01
   5.6333150e+06   1.1718750e+01
   5.6333430e+06   1.3000488e+01
   5.6333710e+06   1.3854980e+01
   5.6333980e+06   1.3488770e+01
