   5.9990000e+06   0.0000000e+00
   7.4910000e+03   1.1352539e+01
   1.3950200e+05   1.4892578e+01
   8.1637100e+05   1.3183594e+01
   9.0083200e+05   1.1352539e+01
   1.1794330e+06   1.3427734e+01
   1.2497950e+06   1.2329102e+01
   1.3586540e+06   1.1901855e+01
   1.4450750e+06   1.2023926e+01
   1.5451760e+06   1.2817383e+01
   2.0781370e+06   1.1535645e+01
   2.2716100e+06   1.3732910e+01
   2.8793200e+06   1.1901855e+01
   2.8793600e+06   1.3671875e+01
   3.0024540e+06   1.2695312e+01
   3.0036230e+06   1.1962891e+01
   3.2043070e+06   1.2023926e+01
   3.2950040e+06   1.2023926e+01
   3.5137600e+06   1.1596680e+01
   3.5432690e+06   1.1413574e+01
   3.6683990e+06   1.3977051e+01
   3.8265010e+06   1.4404297e+01
   3.8265930e+06   1.2939453e+01
   3.8274360e+06   1.2634277e+01
   3.9954230e+06   1.1535645e+01
   4.2463230e+06   1.1657715e+01
   4.5471370e+06   1.4099121e+01
   4.5471760e+06   1.2512207e+01
   4.9799340e+06   1.1352539e+01
   5.1238330e+06   1.1352539e+01
   5.3331450e+06   1.1840820e+01
   5.3331610e+06   1.1779785e+01
   5.5119840e+06   1.1352539e+01
   5.6330250e+06   1.2023926e+01
   5.6678900e+06   1.2023926e+01
