   5.9990000e+06   0.0000000e+00
   1.3970700e+05   1.2390137e+01
   1.3980800e+05   1.1779785e+01
   1.3984100e+05   1.4282227e+01
   1.3989000e+05   1.1535645e+01
   1.3996600e+05   1.2756348e+01
   2.9740400e+05   1.2817383e+01
   2.9742600e+05   1.1352539e+01
   2.9756600e+05   1.2207031e+01
   3.7289100e+05   1.1596680e+01
   5.4817000e+05   1.4343262e+01
   5.4821900e+05   1.1535645e+01
   8.1637100e+05   1.1535645e+01
   8.1651400e+05   1.2573242e+01
   8.1657600e+05   1.4892578e+01
   9.6762000e+05   1.4648438e+01
   9.6766600e+05   1.1840820e+01
   1.1797870e+06   1.2634277e+01
   1.2500930e+06   1.4282227e+01
   1.2501400e+06   1.6906738e+01
   1.3589210e+06   1.2390137e+01
   1.3589830e+06   1.2756348e+01
   1.3590090e+06   1.2268066e+01
   1.3755410e+06   1.1535645e+01
   1.4454170e+06   1.4343262e+01
   1.4455220e+06   1.1474609e+01
   1.4501960e+06   1.1291504e+01
   1.5455920e+06   1.1474609e+01
   1.6174070e+06   1.1474609e+01
   1.6292820e+06   1.1291504e+01
   1.8380470e+06   1.2390137e+01
   1.8381330e+06   1.2390137e+01
   1.8381940e+06   1.1962891e+01
   2.1459550e+06   1.4526367e+01
   2.1460040e+06   1.1352539e+01
   2.2718570e+06   1.1413574e+01
   2.2719010e+06   1.5625000e+01
   2.2719440e+06   1.2817383e+01
   2.2719990e+06   1.3183594e+01
   2.5038930e+06   1.5808105e+01
   2.5039400e+06   1.2695312e+01
   2.5087060e+06   1.2634277e+01
   2.6608390e+06   1.5563965e+01
   2.8554110e+06   1.2634277e+01
   2.8796220e+06   1.1901855e+01
   2.8796560e+06   1.3000488e+01
   2.8796710e+06   1.3000488e+01
   2.8798440e+06   1.2084961e+01
   3.0027250e+06   1.5014648e+01
   3.0027460e+06   1.2023926e+01
   3.0027700e+06   1.3366699e+01
   3.2045760e+06   1.4404297e+01
   3.2045970e+06   1.4526367e+01
   3.2046340e+06   1.1901855e+01
   3.2952930e+06   1.6052246e+01
   3.2953320e+06   1.3549805e+01
   3.2953420e+06   1.2145996e+01
   3.2953610e+06   1.1657715e+01
   3.3814150e+06   1.6418457e+01
   3.5436350e+06   1.1962891e+01
   3.5437240e+06   1.2329102e+01
   3.6687540e+06   1.5869141e+01
   3.8269280e+06   1.4526367e+01
   3.8269800e+06   1.3183594e+01
   3.9854270e+06   1.2390137e+01
   3.9855230e+06   1.2023926e+01
   4.0381290e+06   1.7395020e+01
   4.2467680e+06   1.1779785e+01
   4.4151580e+06   1.5075684e+01
   4.4440470e+06   1.5197754e+01
   4.4627010e+06   1.2756348e+01
   4.4679560e+06   1.2878418e+01
   4.4680260e+06   1.3183594e+01
   4.4686160e+06   1.5991211e+01
   4.4742180e+06   1.7944336e+01
   4.5474540e+06   1.5991211e+01
   4.5475050e+06   1.1657715e+01
   4.5475470e+06   1.2023926e+01
   4.5900320e+06   1.2878418e+01
   4.5922970e+06   1.4587402e+01
   4.6411940e+06   1.1901855e+01
   4.6412310e+06   1.4343262e+01
   4.6412740e+06   1.1779785e+01
   4.7958200e+06   1.5136719e+01
   4.8821960e+06   1.3671875e+01
   4.8822560e+06   1.3061523e+01
   4.8823000e+06   1.1779785e+01
   4.9135930e+06   1.5502930e+01
   5.0506000e+06   1.5808105e+01
   5.1241360e+06   1.1962891e+01
   5.1242260e+06   1.1840820e+01
   5.1242640e+06   1.1962891e+01
   5.3334240e+06   1.7089844e+01
   5.3334340e+06   1.2573242e+01
   5.5044640e+06   1.1901855e+01
   5.5044770e+06   2.1362305e+01
   5.5045100e+06   1.2939453e+01
   5.5045640e+06   1.6418457e+01
   5.6332700e+06   1.1779785e+01
   5.6333420e+06   1.2634277e+01
   5.7889680e+06   1.1779785e+01
   5.9905130e+06   1.1962891e+01
