   5.9990000e+06   0.0000000e+00
   2.9735900e+05   1.4587402e+01
   2.9775000e+05   1.1962891e+01
   5.4814400e+05   1.2145996e+01
   5.4856600e+05   1.1596680e+01
   8.1632700e+05   1.1474609e+01
   8.1668400e+05   1.5991211e+01
   8.1677600e+05   1.4221191e+01
   9.6797700e+05   1.2329102e+01
   9.6806300e+05   1.2084961e+01
   9.6813200e+05   1.4709473e+01
   1.0326330e+06   1.2084961e+01
   1.1800430e+06   1.4831543e+01
   1.2501560e+06   1.1596680e+01
   1.4457260e+06   1.2573242e+01
   1.5456700e+06   1.4404297e+01
   1.5459970e+06   1.1718750e+01
   1.5461150e+06   1.1962891e+01
   1.8384120e+06   1.1657715e+01
   2.1462910e+06   1.1474609e+01
   2.1463780e+06   1.4221191e+01
   2.2457450e+06   1.2817383e+01
   2.2718860e+06   1.3183594e+01
   2.2722990e+06   1.2573242e+01
   2.2723950e+06   1.2329102e+01
   2.2724730e+06   1.3610840e+01
   2.2725500e+06   1.1962891e+01
   2.5038440e+06   1.4709473e+01
   3.0027140e+06   1.2451172e+01
   3.2046200e+06   1.3000488e+01
   3.2049140e+06   1.2634277e+01
   3.2953060e+06   1.2695312e+01
   3.5435870e+06   1.3488770e+01
   3.6692060e+06   1.1535645e+01
   3.6693020e+06   1.3427734e+01
   3.8268380e+06   1.1596680e+01
   3.8539630e+06   1.2084961e+01
   3.9853700e+06   1.4221191e+01
   4.0213160e+06   1.1779785e+01
   4.2466670e+06   1.1962891e+01
   4.2469580e+06   1.1596680e+01
   4.2470310e+06   1.3244629e+01
   4.5473690e+06   1.1535645e+01
   4.5479140e+06   1.3000488e+01
   4.6412420e+06   1.2451172e+01
   4.8825900e+06   1.1718750e+01
   5.2917000e+06   1.1718750e+01
   5.3334010e+06   1.3244629e+01
   5.5044370e+06   1.1657715e+01
   5.6337120e+06   1.1596680e+01
   5.6337860e+06   1.2634277e+01
