   5.9990000e+06   0.0000000e+00
   1.3958600e+05   1.3732910e+01
   1.4109700e+05   1.5441895e+01
   1.4138400e+05   1.3305664e+01
   1.4159100e+05   1.2268066e+01
   1.4200700e+05   1.6479492e+01
   1.4212300e+05   1.2817383e+01
   1.4263200e+05   1.3854980e+01
   1.4285500e+05   1.2023926e+01
   2.9718700e+05   1.4465332e+01
   2.9877700e+05   1.1901855e+01
   2.9913100e+05   1.3244629e+01
   3.0066800e+05   1.2634277e+01
   5.3537100e+05   1.1962891e+01
   5.4793400e+05   1.2939453e+01
   5.4800300e+05   1.6113281e+01
   5.4928700e+05   1.5441895e+01
   5.4963400e+05   1.3183594e+01
   5.4974500e+05   1.3671875e+01
   5.4986500e+05   1.2451172e+01
   5.5102500e+05   1.3122559e+01
   8.1647500e+05   1.3549805e+01
   8.1749200e+05   1.2084961e+01
   8.1774100e+05   1.2756348e+01
   8.1786100e+05   1.2695312e+01
   8.1798800e+05   1.3183594e+01
   8.1812300e+05   1.4892578e+01
   8.1825300e+05   1.2695312e+01
   8.1838100e+05   1.4465332e+01
   8.1867000e+05   1.1962891e+01
   8.1893200e+05   1.2512207e+01
   8.1920600e+05   1.2329102e+01
   8.1932700e+05   1.2573242e+01
   8.1949600e+05   1.1901855e+01
   8.1964900e+05   1.2573242e+01
   8.2060100e+05   1.2512207e+01
   9.6737100e+05   1.2145996e+01
   9.6938600e+05   1.2695312e+01
   9.6951100e+05   1.3793945e+01
   9.6966500e+05   1.2390137e+01
   1.1795220e+06   1.4404297e+01
   1.1796630e+06   1.1962891e+01
   1.1810840e+06   1.2695312e+01
   1.1817700e+06   1.1901855e+01
   1.1820710e+06   1.4648437e+01
   1.2514680e+06   1.4648438e+01
   1.2518950e+06   1.3488770e+01
   1.2522640e+06   1.2817383e+01
   1.2525070e+06   1.1901855e+01
   1.2526260e+06   1.3793945e+01
   1.3587330e+06   1.6723633e+01
   1.3602410e+06   1.3000488e+01
   1.3606550e+06   1.2268066e+01
   1.3607950e+06   1.2329102e+01
   1.3609270e+06   1.4465332e+01
   1.3614430e+06   1.7150879e+01
   1.3621100e+06   1.2573242e+01
   1.3624410e+06   1.2329102e+01
   1.3626270e+06   1.3000488e+01
   1.3659050e+06   1.2023926e+01
   1.4451370e+06   1.3977051e+01
   1.4463940e+06   1.2084961e+01
   1.4465590e+06   1.4831543e+01
   1.4467590e+06   1.2512207e+01
   1.4469180e+06   1.2268066e+01
   1.4470640e+06   1.3427734e+01
   1.4475110e+06   1.1962891e+01
   1.4479060e+06   1.2756348e+01
   1.4490970e+06   1.2451172e+01
   1.5452470e+06   1.3488770e+01
   1.5463680e+06   1.2145996e+01
   1.5467670e+06   1.1901855e+01
   1.5469370e+06   1.2268066e+01
   1.5475270e+06   1.2268066e+01
   1.5476890e+06   1.4160156e+01
   1.5478940e+06   1.2023926e+01
   1.5481310e+06   1.3000488e+01
   1.5485290e+06   1.3183594e+01
   1.8378430e+06   1.5075684e+01
   1.8379200e+06   1.2756348e+01
   1.8389930e+06   1.2145996e+01
   1.8393360e+06   1.5258789e+01
   1.8394680e+06   1.2268066e+01
   1.8396180e+06   1.3061523e+01
   2.1457150e+06   1.5625000e+01
   2.1457990e+06   1.2878418e+01
   2.1473870e+06   1.2329102e+01
   2.1478880e+06   1.3366699e+01
   2.2716840e+06   1.3671875e+01
   2.2717500e+06   1.2329102e+01
   2.2734170e+06   1.2817383e+01
   2.2735570e+06   1.1901855e+01
   2.2738350e+06   1.3610840e+01
   2.2739610e+06   1.2695312e+01
   2.2741000e+06   1.3366699e+01
   2.2742350e+06   1.3061523e+01
   2.2745340e+06   1.4709473e+01
   2.2747090e+06   1.5869141e+01
   2.2748810e+06   1.2634277e+01
   2.2753320e+06   1.2695312e+01
   2.2759130e+06   1.3854980e+01
   2.2760760e+06   1.2817383e+01
   2.2762560e+06   1.5380859e+01
   2.5036350e+06   1.9226074e+01
   2.5051880e+06   1.3732910e+01
   2.5054810e+06   1.2878418e+01
   2.5060370e+06   1.4404297e+01
   2.5067100e+06   1.2268066e+01
   2.5068860e+06   1.2878418e+01
   2.8794060e+06   1.2512207e+01
   2.8794820e+06   1.2390137e+01
   2.8809010e+06   1.3183594e+01
   2.9615920e+06   1.2329102e+01
   3.0025280e+06   1.6784668e+01
   3.0025900e+06   1.2268066e+01
   3.0038300e+06   1.2023926e+01
   3.0041970e+06   1.2268066e+01
   3.0043390e+06   1.2817383e+01
   3.0046080e+06   1.2084961e+01
   3.0049240e+06   1.2756348e+01
   3.0050610e+06   1.2756348e+01
   3.0052090e+06   1.3427734e+01
   3.0055070e+06   1.3000488e+01
   3.0060560e+06   1.2084961e+01
   3.0062880e+06   1.3427734e+01
   3.0065270e+06   1.2695312e+01
   3.2043840e+06   1.4404297e+01
   3.2059110e+06   1.3244629e+01
   3.2063300e+06   1.2390137e+01
   3.2066190e+06   1.2451172e+01
   3.2950720e+06   1.5197754e+01
   3.2960600e+06   1.2817383e+01
   3.2966070e+06   1.2390137e+01
   3.2967750e+06   1.2084961e+01
   3.2971150e+06   1.2817383e+01
   3.2972740e+06   1.3854980e+01
   3.2975320e+06   1.2634277e+01
   3.3811600e+06   1.6052246e+01
   3.3828350e+06   1.3000488e+01
   3.3831960e+06   1.2023926e+01
   3.3843330e+06   1.4770508e+01
   3.3845000e+06   1.2023926e+01
   3.3846710e+06   1.3061523e+01
   3.5433240e+06   1.8066406e+01
   3.5444900e+06   1.3488770e+01
   3.5447440e+06   1.2084961e+01
   3.5453350e+06   1.2695312e+01
   3.5454830e+06   1.4221191e+01
   3.5456110e+06   1.4404297e+01
   3.6102710e+06   1.2084961e+01
   3.6684210e+06   1.4770508e+01
   3.6700210e+06   1.2695312e+01
   3.6701710e+06   1.3610840e+01
   3.6704990e+06   1.2939453e+01
   3.6706800e+06   1.3549805e+01
   3.6710190e+06   1.2084961e+01
   3.6715230e+06   1.3488770e+01
   3.8265900e+06   1.3000488e+01
   3.8280360e+06   1.3122559e+01
   3.8281760e+06   1.5441895e+01
   3.8283410e+06   1.3183594e+01
   3.8285070e+06   1.2756348e+01
   3.9851280e+06   1.4465332e+01
   3.9851990e+06   1.3305664e+01
   3.9863100e+06   1.2390137e+01
   3.9867210e+06   1.1901855e+01
   4.0325060e+06   1.1962891e+01
   4.2464080e+06   1.7395020e+01
   4.2464780e+06   1.2329102e+01
   4.2477620e+06   1.3854980e+01
   4.2479170e+06   1.2145996e+01
   4.2481870e+06   1.2084961e+01
   4.2488160e+06   1.3244629e+01
   4.2489730e+06   1.2756348e+01
   4.2491420e+06   1.1901855e+01
   4.2494550e+06   1.3732910e+01
   4.5472060e+06   1.7883301e+01
   4.5472670e+06   1.5930176e+01
   4.5492380e+06   1.3549805e+01
   4.5495450e+06   1.2451172e+01
   4.5498410e+06   1.3610840e+01
   4.6409810e+06   1.8371582e+01
   4.6428950e+06   1.2084961e+01
   4.6430800e+06   1.3305664e+01
   4.6439990e+06   1.3793945e+01
   4.6441520e+06   1.5258789e+01
   4.6443160e+06   1.2512207e+01
   4.6976220e+06   1.3244629e+01
   4.8820140e+06   1.5930176e+01
   4.8820760e+06   1.3305664e+01
   4.8832860e+06   1.1962891e+01
   4.8835120e+06   1.2145996e+01
   4.8841030e+06   1.2878418e+01
   4.8842800e+06   1.3244629e+01
   4.8844090e+06   1.2695312e+01
   4.8847230e+06   1.2390137e+01
   4.8848810e+06   1.2817383e+01
   4.8850460e+06   1.2390137e+01
   4.8852430e+06   1.4038086e+01
   5.1239060e+06   1.6174316e+01
   5.1239700e+06   1.6723633e+01
   5.1255070e+06   1.3000488e+01
   5.1256560e+06   1.2756348e+01
   5.1257780e+06   1.3732910e+01
   5.1260380e+06   1.4038086e+01
   5.1261920e+06   1.2573242e+01
   5.3332300e+06   1.4099121e+01
   5.3344980e+06   1.2451172e+01
   5.3348980e+06   1.2573242e+01
   5.3353160e+06   1.2756348e+01
   5.3356280e+06   1.1962891e+01
   5.3359210e+06   1.2939453e+01
   5.3361070e+06   1.2939453e+01
   5.3744490e+06   1.2023926e+01
   5.5042440e+06   1.5930176e+01
   5.5065640e+06   1.5014648e+01
   5.5071600e+06   1.4038086e+01
   5.5075900e+06   1.2817383e+01
   5.5077610e+06   1.4709473e+01
   5.5086270e+06   1.1901855e+01
   5.6330790e+06   1.1962891e+01
   5.6344590e+06   1.5075684e+01
   5.6347860e+06   1.2329102e+01
   5.8395560e+06   1.1962891e+01
