   5.9990000e+06   0.0000000e+00
   5.8600000e+03   1.7395020e+01
   1.3969800e+05   1.3916016e+01
   1.3971400e+05   1.2573242e+01
   1.3974300e+05   1.8554688e+01
   1.3975700e+05   2.0751953e+01
   1.3979300e+05   1.6906738e+01
   1.3981400e+05   1.2451172e+01
   1.4030100e+05   1.2329102e+01
   2.9734100e+05   1.2878418e+01
   2.9735200e+05   1.2145996e+01
   2.9739300e+05   1.2939453e+01
   2.9742600e+05   1.2817383e+01
   2.9748100e+05   1.5380859e+01
   2.9750500e+05   1.2023926e+01
   2.9753300e+05   1.2695312e+01
   5.4803300e+05   1.2329102e+01
   5.4806500e+05   1.8310547e+01
   5.4809600e+05   1.4221191e+01
   5.4813100e+05   1.5625000e+01
   8.1585800e+05   1.7822266e+01
   8.1601000e+05   1.4465332e+01
   8.1603200e+05   1.3671875e+01
   8.1607100e+05   1.2817383e+01
   8.1610300e+05   1.2512207e+01
   8.1616800e+05   1.3854980e+01
   8.1627600e+05   1.2878418e+01
   8.1646800e+05   1.1901855e+01
   8.9792500e+05   1.4953613e+01
   9.6749300e+05   1.3610840e+01
   9.6751000e+05   1.6906738e+01
   9.6755900e+05   1.3183594e+01
   9.6757300e+05   2.3742676e+01
   9.6766400e+05   1.4953613e+01
   9.6773400e+05   1.4221191e+01
   1.1796210e+06   1.8920898e+01
   1.1796440e+06   1.7944336e+01
   1.1796790e+06   1.5563965e+01
   1.1797090e+06   1.4038086e+01
   1.1797530e+06   1.3244629e+01
   1.1797850e+06   1.2878418e+01
   1.1798060e+06   1.1962891e+01
   1.1802170e+06   1.2207031e+01
   1.2499810e+06   1.3793945e+01
   1.2500270e+06   1.4953613e+01
   1.2500580e+06   1.6723633e+01
   1.2500790e+06   1.4221191e+01
   1.2501070e+06   1.5686035e+01
   1.2501280e+06   1.4160156e+01
   1.2501490e+06   1.2451172e+01
   1.2501800e+06   1.2084961e+01
   1.2502040e+06   1.2268066e+01
   1.2502990e+06   1.2817383e+01
   1.2527100e+06   1.2268066e+01
   1.3589220e+06   1.8310547e+01
   1.3589410e+06   1.5991211e+01
   1.3589890e+06   1.8371582e+01
   1.3590370e+06   1.3488770e+01
   1.3590690e+06   1.3183594e+01
   1.3590880e+06   1.2268066e+01
   1.3591350e+06   1.3000488e+01
   1.4453960e+06   1.8493652e+01
   1.4454080e+06   1.2573242e+01
   1.4454450e+06   1.3366699e+01
   1.4454890e+06   1.7150879e+01
   1.4455420e+06   1.3122559e+01
   1.4456060e+06   1.2145996e+01
   1.4456400e+06   1.2329102e+01
   1.5455340e+06   1.7883301e+01
   1.5455780e+06   1.5380859e+01
   1.5455970e+06   1.2207031e+01
   1.5456250e+06   1.3610840e+01
   1.5456700e+06   1.3671875e+01
   1.5457020e+06   1.7211914e+01
   1.5459190e+06   1.2207031e+01
   1.7329620e+06   1.7211914e+01
   1.8379820e+06   1.3366699e+01
   1.8379980e+06   1.6967773e+01
   1.8380390e+06   1.4160156e+01
   1.8380570e+06   1.6174316e+01
   1.8380930e+06   1.3549805e+01
   1.8381120e+06   1.8249512e+01
   1.8381430e+06   1.4587402e+01
   1.8382090e+06   1.3061523e+01
   1.8384050e+06   1.2451172e+01
   1.8384590e+06   1.2329102e+01
   1.8384690e+06   1.3793945e+01
   1.8561960e+06   1.2939453e+01
   1.8896290e+06   1.3366699e+01
   2.1458220e+06   1.2878418e+01
   2.1458440e+06   1.3061523e+01
   2.1458690e+06   1.3122559e+01
   2.1458920e+06   1.2084961e+01
   2.1459120e+06   1.6113281e+01
   2.1459410e+06   1.7578125e+01
   2.1463370e+06   1.3000488e+01
   2.2718250e+06   1.5563965e+01
   2.2718380e+06   1.8066406e+01
   2.2718930e+06   1.6174316e+01
   2.2719310e+06   1.7822266e+01
   2.2719680e+06   1.5319824e+01
   2.2719880e+06   1.2390137e+01
   2.2722450e+06   1.2268066e+01
   2.2723230e+06   1.2268066e+01
   2.5037990e+06   2.2705078e+01
   2.5038130e+06   1.2329102e+01
   2.5038300e+06   1.5075684e+01
   2.5038410e+06   1.4160156e+01
   2.5038710e+06   1.3000488e+01
   2.5038970e+06   1.4282227e+01
   2.5039240e+06   1.4404297e+01
   2.5040420e+06   1.2512207e+01
   2.5041420e+06   1.3061523e+01
   2.5043620e+06   1.2023926e+01
   2.6173830e+06   1.3427734e+01
   2.8794930e+06   1.4465332e+01
   2.8795100e+06   1.1901855e+01
   2.8795240e+06   1.5014648e+01
   2.8795350e+06   1.2512207e+01
   2.8795740e+06   1.2878418e+01
   2.8796040e+06   1.3427734e+01
   2.8796330e+06   1.8249512e+01
   2.8796750e+06   1.3793945e+01
   2.8797280e+06   1.2268066e+01
   2.8799950e+06   1.2329102e+01
   2.9285200e+06   1.3977051e+01
   2.9334010e+06   1.6113281e+01
   3.0026760e+06   1.7089844e+01
   3.0027230e+06   1.4099121e+01
   3.0027380e+06   1.2878418e+01
   3.0027860e+06   1.2268066e+01
   3.0027970e+06   1.3977051e+01
   3.0028180e+06   1.5075684e+01
   3.0028600e+06   1.2329102e+01
   3.0032110e+06   1.2023926e+01
   3.0516090e+06   1.2084961e+01
   3.2045100e+06   1.2268066e+01
   3.2045390e+06   2.5451660e+01
   3.2045700e+06   1.6418457e+01
   3.2046240e+06   1.9958496e+01
   3.2046370e+06   1.2695312e+01
   3.2046880e+06   1.3549805e+01
   3.2047100e+06   1.2817383e+01
   3.2952090e+06   1.4038086e+01
   3.2952480e+06   1.3244629e+01
   3.2952660e+06   2.2583008e+01
   3.2952780e+06   2.0629883e+01
   3.2953250e+06   1.7822266e+01
   3.2953720e+06   1.4892578e+01
   3.2954130e+06   1.5136719e+01
   3.3813030e+06   1.2878418e+01
   3.3813760e+06   1.2084961e+01
   3.3813880e+06   1.2512207e+01
   3.3814040e+06   1.4404297e+01
   3.3814410e+06   2.6367188e+01
   3.3814820e+06   1.4709473e+01
   3.3815040e+06   1.6174316e+01
   3.3815300e+06   1.3732910e+01
   3.3815740e+06   1.2939453e+01
   3.3816000e+06   1.3183594e+01
   3.5434870e+06   1.8432617e+01
   3.5435610e+06   1.3549805e+01
   3.5436140e+06   1.3854980e+01
   3.5436380e+06   1.2268066e+01
   3.6686200e+06   1.7578125e+01
   3.6686440e+06   1.3000488e+01
   3.6686590e+06   1.7761230e+01
   3.6686860e+06   1.3671875e+01
   3.6687130e+06   1.2390137e+01
   3.6687610e+06   1.3244629e+01
   3.6688570e+06   1.2939453e+01
   3.6688940e+06   1.3488770e+01
   3.6694240e+06   1.2145996e+01
   3.7717510e+06   1.3183594e+01
   3.8267860e+06   1.2695312e+01
   3.8268170e+06   1.8066406e+01
   3.8268420e+06   1.2939453e+01
   3.8268620e+06   1.3000488e+01
   3.8268920e+06   1.2084961e+01
   3.8269070e+06   1.2268066e+01
   3.8269170e+06   1.2939453e+01
   3.8269770e+06   1.2207031e+01
   3.8284890e+06   1.4404297e+01
   3.9852870e+06   1.2268066e+01
   3.9853480e+06   1.6357422e+01
   3.9853840e+06   1.2573242e+01
   3.9854020e+06   2.0385742e+01
   3.9854330e+06   1.3000488e+01
   3.9854560e+06   1.4465332e+01
   3.9854770e+06   1.2573242e+01
   3.9854940e+06   1.2084961e+01
   4.1508240e+06   1.3305664e+01
   4.1921320e+06   1.2634277e+01
   4.2465400e+06   1.3061523e+01
   4.2465620e+06   2.0263672e+01
   4.2466180e+06   1.2695312e+01
   4.2466300e+06   1.4831543e+01
   4.2466460e+06   1.3000488e+01
   4.2466680e+06   1.2451172e+01
   4.2466890e+06   1.4221191e+01
   4.2467090e+06   1.2023926e+01
   4.2467480e+06   1.4099121e+01
   4.2468430e+06   1.2145996e+01
   4.3547830e+06   1.3244629e+01
   4.4955640e+06   1.2573242e+01
   4.5473370e+06   1.7089844e+01
   4.5473500e+06   1.2023926e+01
   4.5473870e+06   1.5319824e+01
   4.5474020e+06   1.7700195e+01
   4.5474390e+06   1.5808105e+01
   4.5474600e+06   1.2023926e+01
   4.5474820e+06   1.4038086e+01
   4.5475390e+06   1.3427734e+01
   4.5475610e+06   1.2329102e+01
   4.5476320e+06   1.2023926e+01
   4.6411430e+06   1.2145996e+01
   4.6411600e+06   2.8869629e+01
   4.6412040e+06   1.8432617e+01
   4.6412160e+06   1.3244629e+01
   4.6412450e+06   1.5930176e+01
   4.6412660e+06   1.2084961e+01
   4.6412890e+06   1.2939453e+01
   4.6413140e+06   1.3488770e+01
   4.6414000e+06   1.3000488e+01
   4.6419930e+06   1.4953613e+01
   4.7969230e+06   1.2207031e+01
   4.8821330e+06   1.2390137e+01
   4.8821620e+06   1.5075684e+01
   4.8821970e+06   1.4831543e+01
   4.8822260e+06   1.6967773e+01
   4.8822710e+06   1.2023926e+01
   4.8823280e+06   1.2939453e+01
   4.8826100e+06   1.2084961e+01
   4.8847210e+06   1.2817383e+01
   5.1168970e+06   1.3671875e+01
   5.1240280e+06   1.3549805e+01
   5.1240490e+06   2.2216797e+01
   5.1240640e+06   1.3000488e+01
   5.1240860e+06   1.5197754e+01
   5.1241110e+06   1.2268066e+01
   5.1241480e+06   1.4038086e+01
   5.1244690e+06   1.2878418e+01
   5.1245570e+06   1.2939453e+01
   5.1250590e+06   1.2817383e+01
   5.3333510e+06   1.2756348e+01
   5.3333660e+06   2.6184082e+01
   5.3334060e+06   1.9958496e+01
   5.3334180e+06   1.3366699e+01
   5.3334410e+06   1.2817383e+01
   5.3334620e+06   1.4831543e+01
   5.3335040e+06   1.6418457e+01
   5.3335480e+06   1.3366699e+01
   5.3341720e+06   1.3732910e+01
   5.5043520e+06   1.2145996e+01
   5.5044140e+06   1.7944336e+01
   5.5044690e+06   1.2268066e+01
   5.5045230e+06   1.2023926e+01
   5.5045450e+06   1.3793945e+01
   5.5045670e+06   1.2756348e+01
   5.5047680e+06   1.3122559e+01
   5.5054650e+06   1.2390137e+01
   5.6332310e+06   1.8859863e+01
   5.6332480e+06   1.3671875e+01
   5.6332720e+06   1.5258789e+01
   5.6333010e+06   1.6235352e+01
   5.6333130e+06   1.6479492e+01
   5.6333510e+06   1.8432617e+01
   5.6333670e+06   1.6906738e+01
   5.6334400e+06   1.5869141e+01
   5.6336350e+06   1.2207031e+01
   5.8499440e+06   1.3305664e+01
