   5.9990000e+06   0.0000000e+00
   1.3975300e+05   1.4404297e+01
   1.3978500e+05   1.2695312e+01
   1.3981200e+05   1.4770508e+01
   2.9737100e+05   1.3000488e+01
   2.9738200e+05   1.4465332e+01
   2.9741000e+05   1.6174316e+01
   2.9745700e+05   1.3427734e+01
   2.9747900e+05   1.2634277e+01
   2.9750700e+05   1.2634277e+01
   2.9779200e+05   1.2634277e+01
   5.1376800e+05   1.2573242e+01
   5.4808700e+05   1.5014648e+01
   5.4814300e+05   2.3071289e+01
   5.4842700e+05   1.2878418e+01
   5.4866100e+05   1.2573242e+01
   9.6759000e+05   1.7272949e+01
   9.6762200e+05   1.9775391e+01
   1.1797120e+06   1.6296387e+01
   1.1797490e+06   1.3610840e+01
   1.1797640e+06   1.3427734e+01
   1.1797740e+06   1.4709473e+01
   1.1798230e+06   1.3366699e+01
   1.1800440e+06   1.2939453e+01
   1.2500860e+06   1.9226074e+01
   1.2501230e+06   1.5563965e+01
   1.2501460e+06   1.9531250e+01
   1.2501950e+06   1.4770508e+01
   1.2504080e+06   1.5625000e+01
   1.3589710e+06   1.3854980e+01
   1.3590100e+06   1.5502930e+01
   1.3590200e+06   1.2878418e+01
   1.3590300e+06   1.4587402e+01
   1.3590700e+06   1.3183594e+01
   1.3594080e+06   1.4221191e+01
   1.4454340e+06   1.5563965e+01
   1.4454860e+06   1.4038086e+01
   1.4455210e+06   1.5319824e+01
   1.4455460e+06   1.2695312e+01
   1.4455740e+06   2.3132324e+01
   1.4458270e+06   1.3183594e+01
   1.4458890e+06   1.2390137e+01
   1.4712980e+06   1.2573242e+01
   1.5456280e+06   1.5808105e+01
   1.5456510e+06   1.3000488e+01
   1.5456710e+06   1.3549805e+01
   1.5456920e+06   1.8859863e+01
   1.5457110e+06   1.2512207e+01
   1.5460270e+06   1.4648437e+01
   1.7597950e+06   1.2695312e+01
   1.8380500e+06   1.4465332e+01
   1.8380750e+06   1.7028809e+01
   1.8381050e+06   1.2695312e+01
   1.8381210e+06   1.8554688e+01
   2.0013920e+06   1.2939453e+01
   2.1044020e+06   1.2695312e+01
   2.1458970e+06   1.2573242e+01
   2.1459160e+06   1.3122559e+01
   2.1459510e+06   1.3000488e+01
   2.1459880e+06   1.4465332e+01
   2.1460130e+06   1.4221191e+01
   2.1462110e+06   1.2573242e+01
   2.1462810e+06   1.3244629e+01
   2.1464180e+06   1.4160156e+01
   2.2718910e+06   1.6296387e+01
   2.2719040e+06   1.4221191e+01
   2.2719250e+06   1.6174316e+01
   2.2719380e+06   1.5991211e+01
   2.2719530e+06   1.3977051e+01
   2.2719720e+06   1.4404297e+01
   2.2720150e+06   1.3732910e+01
   2.2721790e+06   1.2512207e+01
   2.3857750e+06   1.2573242e+01
   2.5038440e+06   1.3793945e+01
   2.5038580e+06   1.4465332e+01
   2.5038850e+06   2.1423340e+01
   2.5038980e+06   1.5686035e+01
   2.5039620e+06   1.2390137e+01
   2.5042440e+06   1.3183594e+01
   2.8795490e+06   1.3732910e+01
   2.8795710e+06   1.6235352e+01
   2.8795830e+06   1.2878418e+01
   2.8796130e+06   1.7456055e+01
   2.8796480e+06   1.3488770e+01
   2.8796980e+06   1.4953613e+01
   2.8797150e+06   1.2817383e+01
   2.8798420e+06   1.4587402e+01
   2.8810030e+06   1.3000488e+01
   3.0027260e+06   1.4404297e+01
   3.0027410e+06   1.2329102e+01
   3.0027530e+06   1.5319824e+01
   3.0027970e+06   1.8676758e+01
   3.0028380e+06   1.2329102e+01
   3.0030500e+06   1.2878418e+01
   3.1109270e+06   1.3183594e+01
   3.2045030e+06   1.3305664e+01
   3.2045800e+06   1.5747070e+01
   3.2045930e+06   1.4465332e+01
   3.2046200e+06   1.5625000e+01
   3.2046590e+06   1.8859863e+01
   3.2047980e+06   1.6845703e+01
   3.2953020e+06   1.6235352e+01
   3.2953200e+06   1.6540527e+01
   3.2953450e+06   1.4221191e+01
   3.2953550e+06   1.3610840e+01
   3.2956040e+06   1.4038086e+01
   3.2956640e+06   1.4221191e+01
   3.3813780e+06   1.3366699e+01
   3.3814250e+06   1.3183594e+01
   3.3814580e+06   1.3671875e+01
   3.3814760e+06   2.1606445e+01
   3.3816940e+06   1.3000488e+01
   3.3817830e+06   1.2512207e+01
   3.5436080e+06   1.5747070e+01
   3.5436300e+06   1.3122559e+01
   3.5436610e+06   1.4770508e+01
   3.5437110e+06   1.8432617e+01
   3.5437510e+06   1.8005371e+01
   3.5440170e+06   1.3793945e+01
   3.6686850e+06   1.5380859e+01
   3.6687390e+06   1.5075684e+01
   3.6687520e+06   1.3183594e+01
   3.6687920e+06   2.0751953e+01
   3.6690710e+06   1.3793945e+01
   3.6690950e+06   1.2390137e+01
   3.6697420e+06   1.2390137e+01
   3.8268330e+06   1.5014648e+01
   3.8268700e+06   1.5502930e+01
   3.8268880e+06   1.3610840e+01
   3.8269060e+06   1.5869141e+01
   3.8269240e+06   1.3793945e+01
   3.8269550e+06   1.9714355e+01
   3.8270020e+06   1.5563965e+01
   3.8272460e+06   1.4221191e+01
   3.8274670e+06   1.2878418e+01
   3.9853710e+06   1.3244629e+01
   3.9853860e+06   1.5563965e+01
   3.9854140e+06   1.4160156e+01
   3.9854530e+06   1.5258789e+01
   3.9854890e+06   1.4404297e+01
   3.9856650e+06   1.2512207e+01
   4.2466430e+06   1.8249512e+01
   4.2466610e+06   1.3977051e+01
   4.2466730e+06   1.3244629e+01
   4.2467260e+06   1.5686035e+01
   4.2469830e+06   1.3061523e+01
   4.2471090e+06   1.3977051e+01
   4.5473750e+06   1.2817383e+01
   4.5474090e+06   1.8066406e+01
   4.5474290e+06   2.0019531e+01
   4.5474760e+06   1.6418457e+01
   4.5475160e+06   1.6235352e+01
   4.6412060e+06   1.5014648e+01
   4.6412240e+06   1.8066406e+01
   4.6412510e+06   1.4526367e+01
   4.6412780e+06   1.3244629e+01
   4.6413110e+06   1.7333984e+01
   4.7861930e+06   1.2756348e+01
   4.8822070e+06   1.5991211e+01
   4.8822320e+06   1.6113281e+01
   4.8822490e+06   2.5451660e+01
   4.8822710e+06   1.3000488e+01
   4.8823050e+06   1.4709473e+01
   4.8823390e+06   1.4282227e+01
   4.8824950e+06   1.6235352e+01
   4.8843840e+06   1.2512207e+01
   5.1041090e+06   1.3793945e+01
   5.1241080e+06   1.5319824e+01
   5.1241380e+06   1.4770508e+01
   5.1241790e+06   2.3559570e+01
   5.1242700e+06   1.3183594e+01
   5.1245140e+06   1.3549805e+01
   5.1493730e+06   1.2390137e+01
   5.3038910e+06   1.8127441e+01
   5.3334090e+06   1.3671875e+01
   5.3334320e+06   1.6235352e+01
   5.3334600e+06   1.8798828e+01
   5.3334930e+06   1.3183594e+01
   5.3335050e+06   1.6723633e+01
   5.3335410e+06   1.6601562e+01
   5.3338870e+06   1.2329102e+01
   5.5044430e+06   1.3427734e+01
   5.5044930e+06   1.5136719e+01
   5.5045270e+06   1.4709473e+01
   5.5045420e+06   1.7395020e+01
   5.5045830e+06   1.3244629e+01
   5.5047170e+06   1.2512207e+01
   5.5047880e+06   1.3793945e+01
   5.6333060e+06   1.9714355e+01
   5.6333360e+06   2.5085449e+01
   5.6333600e+06   1.3549805e+01
   5.6333810e+06   1.6235352e+01
   5.6338290e+06   1.3488770e+01
