   5.9990000e+06   0.0000000e+00
   2.2830000e+03   1.2573242e+01
   3.1540000e+03   1.3488770e+01
   6.1930000e+03   1.2939453e+01
   1.0730000e+04   1.3732910e+01
   1.5545000e+04   1.2878418e+01
   1.6486000e+04   1.3977051e+01
   2.1100000e+04   1.7333984e+01
   2.7818000e+04   1.3000488e+01
   3.2102000e+04   1.3610840e+01
   3.3760000e+04   1.3488770e+01
   4.1904000e+04   1.4160156e+01
   4.3476000e+04   1.4648438e+01
   4.7141000e+04   1.2756348e+01
   5.0460000e+04   1.9897461e+01
   5.3598000e+04   1.3549805e+01
   5.5221000e+04   1.5808105e+01
   5.6498000e+04   1.5808105e+01
   6.0636000e+04   1.3854980e+01
   6.1849000e+04   1.4221191e+01
   6.4299000e+04   1.2451172e+01
   6.6029000e+04   1.3916016e+01
   7.1275000e+04   1.5136719e+01
   7.6333000e+04   1.3854980e+01
   7.9518000e+04   1.2756348e+01
   8.1574000e+04   1.8249512e+01
   8.2724000e+04   1.3183594e+01
   8.6846000e+04   1.4282227e+01
   9.2955000e+04   1.4648438e+01
   9.6524000e+04   1.7333984e+01
   9.8106000e+04   1.4221191e+01
   9.9632000e+04   1.5625000e+01
   1.0188400e+05   1.5625000e+01
   1.0322200e+05   1.4648438e+01
   1.0651100e+05   1.2634277e+01
   1.1140900e+05   1.5991211e+01
   1.1442600e+05   1.7944336e+01
   1.2411500e+05   1.3183594e+01
   1.2624600e+05   1.2329102e+01
   1.2923400e+05   1.7028809e+01
   1.3067500e+05   1.3366699e+01
   1.3186700e+05   1.3427734e+01
   1.3295600e+05   1.6540527e+01
   1.3547200e+05   1.4221191e+01
   1.3675200e+05   1.3793945e+01
   1.4354900e+05   1.5014648e+01
   1.4788600e+05   1.4282227e+01
   1.5086900e+05   1.4770508e+01
   1.5244700e+05   1.3244629e+01
   1.5334600e+05   1.5625000e+01
   1.5407700e+05   1.5014648e+01
   1.6073000e+05   1.3610840e+01
   1.6518300e+05   1.3061523e+01
   1.6917900e+05   1.3122559e+01
   1.7224600e+05   1.2512207e+01
   1.7493200e+05   1.3122559e+01
   1.7726500e+05   1.2634277e+01
   1.7855100e+05   1.4282227e+01
   1.8746800e+05   1.7700195e+01
   1.8965500e+05   1.7028809e+01
   1.9146200e+05   1.3916016e+01
   1.9393500e+05   1.4526367e+01
   1.9530200e+05   1.4404297e+01
   1.9675700e+05   1.6418457e+01
   1.9899100e+05   1.6906738e+01
   2.0280400e+05   1.3122559e+01
   2.0443800e+05   1.4099121e+01
   2.0561600e+05   1.5319824e+01
   2.0875900e+05   1.5319824e+01
   2.1091800e+05   1.5563965e+01
   2.1493000e+05   1.3916016e+01
   2.1818500e+05   1.4160156e+01
   2.2441300e+05   1.5686035e+01
   2.2586600e+05   1.4709473e+01
   2.2690100e+05   1.7456055e+01
   2.3009400e+05   1.5563965e+01
   2.3933600e+05   1.5441895e+01
   2.4319600e+05   1.4587402e+01
   2.4919400e+05   1.4831543e+01
   2.5036100e+05   1.3916016e+01
   2.5410800e+05   1.4282227e+01
   2.5791800e+05   1.2634277e+01
   2.6195400e+05   1.5502930e+01
   2.6752400e+05   1.2634277e+01
   2.7358000e+05   1.7700195e+01
   2.8469400e+05   1.2451172e+01
   2.8733100e+05   1.2634277e+01
   2.8863900e+05   1.3977051e+01
   2.9262100e+05   1.4526367e+01
   2.9495400e+05   1.3854980e+01
   2.9805300e+05   1.2878418e+01
   3.1035800e+05   1.5075684e+01
   3.1171700e+05   1.4038086e+01
   3.1289600e+05   1.2390137e+01
   3.1961600e+05   1.2878418e+01
   3.2242000e+05   1.5686035e+01
   3.2597200e+05   1.2512207e+01
   3.2901900e+05   1.3549805e+01
   3.3124400e+05   1.4709473e+01
   3.3322900e+05   1.3366699e+01
   3.3505300e+05   1.3183594e+01
   3.3854100e+05   1.2817383e+01
   3.3962200e+05   1.4953613e+01
   3.3969800e+05   1.5930176e+01
   3.3989900e+05   1.4343262e+01
   3.4016500e+05   1.2878418e+01
   3.4024700e+05   1.2207031e+01
   3.4088400e+05   1.4526367e+01
   3.4117300e+05   1.5686035e+01
   3.4201800e+05   1.3000488e+01
   3.4227400e+05   1.5075684e+01
   3.5220100e+05   1.5075684e+01
   3.5631400e+05   1.3061523e+01
   3.5854500e+05   1.4282227e+01
   3.6290100e+05   1.5991211e+01
   3.6490100e+05   1.4160156e+01
   3.6727700e+05   1.4282227e+01
   3.6850400e+05   1.2634277e+01
   3.7350000e+05   1.2817383e+01
   3.7532200e+05   1.3488770e+01
   3.7804200e+05   1.2329102e+01
   3.8059300e+05   1.2329102e+01
   3.8297800e+05   1.7761230e+01
   3.8415000e+05   1.4221191e+01
   3.8552300e+05   1.3732910e+01
   3.8762900e+05   1.5319824e+01
   3.8949400e+05   1.4282227e+01
   3.9086400e+05   1.5747070e+01
   3.9456800e+05   1.3183594e+01
   3.9601100e+05   1.4099121e+01
   3.9721700e+05   1.2512207e+01
   3.9831000e+05   1.6357422e+01
   4.0033700e+05   1.2390137e+01
   4.0175600e+05   1.5869141e+01
   4.0370100e+05   1.5869141e+01
   4.0627200e+05   1.5502930e+01
   4.0895600e+05   1.6052246e+01
   4.1096300e+05   1.2695312e+01
   4.1394100e+05   1.5197754e+01
   4.1549500e+05   1.4099121e+01
   4.1677900e+05   1.3000488e+01
   4.1915500e+05   1.2573242e+01
   4.2243300e+05   1.2512207e+01
   4.2424400e+05   1.3427734e+01
   4.2714900e+05   1.5197754e+01
   4.2820800e+05   1.4465332e+01
   4.3070600e+05   1.4404297e+01
   4.3212400e+05   1.6601562e+01
   4.3373300e+05   1.4892578e+01
   4.3769300e+05   1.4648438e+01
   4.4099600e+05   1.5563965e+01
   4.4481600e+05   1.4404297e+01
   4.5039300e+05   1.7150879e+01
   4.5248300e+05   1.3244629e+01
   4.5593100e+05   1.6540527e+01
   4.6012300e+05   1.3244629e+01
   4.6818000e+05   1.6235352e+01
   4.7205500e+05   1.5625000e+01
   4.7410300e+05   1.4343262e+01
   4.8094500e+05   1.4709473e+01
   4.8536900e+05   1.7028809e+01
   4.8790200e+05   1.4587402e+01
   4.9051700e+05   1.4587402e+01
   4.9543500e+05   1.5808105e+01
   4.9842900e+05   1.3732910e+01
   5.0639300e+05   1.5991211e+01
   5.0958100e+05   1.4038086e+01
   5.1547500e+05   1.4221191e+01
   5.1758600e+05   1.2329102e+01
   5.1984700e+05   1.3977051e+01
   5.2202000e+05   1.3488770e+01
   5.2738100e+05   1.3793945e+01
   5.2861200e+05   1.4404297e+01
   5.2953600e+05   1.4404297e+01
   5.3271200e+05   1.3916016e+01
   5.3907200e+05   1.3610840e+01
   5.4118700e+05   1.3244629e+01
   5.4419200e+05   1.3854980e+01
   5.4947100e+05   1.3549805e+01
   5.5191000e+05   1.4099121e+01
   5.5630300e+05   1.5869141e+01
   5.5923300e+05   1.4953613e+01
   5.6046900e+05   1.6235352e+01
   5.6981400e+05   1.4282227e+01
   5.7138400e+05   1.3305664e+01
   5.7732700e+05   1.6052246e+01
   5.8210600e+05   1.8249512e+01
   5.8342700e+05   1.2878418e+01
   5.8525800e+05   1.3183594e+01
   5.8718700e+05   1.6235352e+01
   5.8869200e+05   1.3122559e+01
   5.9024200e+05   1.8249512e+01
   5.9349200e+05   1.3244629e+01
   5.9685000e+05   1.3122559e+01
   6.0084700e+05   1.3305664e+01
   6.0311900e+05   1.4343262e+01
   6.0481700e+05   1.2573242e+01
   6.0957800e+05   1.3916016e+01
   6.1120700e+05   1.4953613e+01
   6.1230500e+05   1.3000488e+01
   6.1382200e+05   1.4465332e+01
   6.1389600e+05   1.6662598e+01
   6.1434400e+05   1.4221191e+01
   6.1444900e+05   1.3977051e+01
   6.1454900e+05   1.4038086e+01
   6.1505400e+05   1.6784668e+01
   6.1597300e+05   1.6113281e+01
   6.1619900e+05   1.3793945e+01
   6.1701000e+05   1.6540527e+01
   6.1792700e+05   1.2756348e+01
   6.2628300e+05   1.3793945e+01
   6.2887100e+05   1.5502930e+01
   6.3452500e+05   1.4953613e+01
   6.3801200e+05   1.3305664e+01
   6.3897800e+05   1.5258789e+01
   6.4226300e+05   1.4465332e+01
   6.4344100e+05   1.4465332e+01
   6.4529200e+05   1.5136719e+01
   6.4677900e+05   1.4343262e+01
   6.5088600e+05   1.5808105e+01
   6.5179100e+05   1.5625000e+01
   6.5270600e+05   1.4648437e+01
   6.5543700e+05   1.2817383e+01
   6.5766400e+05   1.4831543e+01
   6.5924400e+05   1.5075684e+01
   6.6226600e+05   1.2817383e+01
   6.6344600e+05   1.3000488e+01
   6.6770200e+05   1.3732910e+01
   6.6992700e+05   1.5197754e+01
   6.7102500e+05   1.2268066e+01
   6.7249200e+05   1.4099121e+01
   6.7484400e+05   1.2756348e+01
   6.7617600e+05   1.3305664e+01
   6.7973100e+05   1.2817383e+01
   6.8122700e+05   1.4282227e+01
   6.8283900e+05   1.6784668e+01
   6.8466900e+05   1.6235352e+01
   6.8648200e+05   1.2634277e+01
   6.9209800e+05   1.2695312e+01
   6.9504800e+05   1.4526367e+01
   6.9799700e+05   1.4587402e+01
   6.9905400e+05   1.2634277e+01
   7.0223800e+05   1.6357422e+01
   7.0460300e+05   1.6906738e+01
   7.0879200e+05   1.2512207e+01
   7.1535300e+05   1.3000488e+01
   7.1769200e+05   1.7761230e+01
   7.1894700e+05   1.3000488e+01
   7.2112000e+05   1.4343262e+01
   7.2379600e+05   1.5502930e+01
   7.2539100e+05   1.3488770e+01
   7.2578700e+05   1.3427734e+01
   7.2589000e+05   1.7761230e+01
   7.2622100e+05   1.7883301e+01
   7.2645700e+05   1.2268066e+01
   7.2783800e+05   1.7822266e+01
   7.2827200e+05   1.2939453e+01
   7.4253300e+05   1.3549805e+01
   7.4635200e+05   1.2390137e+01
   7.4974300e+05   1.5380859e+01
   7.5158700e+05   1.2695312e+01
   7.5349700e+05   1.3122559e+01
   7.5584400e+05   1.3061523e+01
   7.5883500e+05   1.5441895e+01
   7.6013600e+05   1.3854980e+01
   7.6122000e+05   1.4160156e+01
   7.6288500e+05   1.5502930e+01
   7.6669800e+05   1.5075684e+01
   7.6937800e+05   1.7211914e+01
   7.7316300e+05   1.2634277e+01
   7.7523000e+05   1.4160156e+01
   7.7834300e+05   1.2451172e+01
   7.8200400e+05   1.2329102e+01
   7.8402600e+05   1.3061523e+01
   7.8598700e+05   1.3854980e+01
   7.8941600e+05   1.6662598e+01
   7.9258500e+05   1.8188477e+01
   7.9387100e+05   1.3244629e+01
   7.9954900e+05   1.4343262e+01
   8.0200200e+05   1.3488770e+01
   8.0400700e+05   1.2268066e+01
   8.0747400e+05   1.4587402e+01
   8.1012700e+05   1.5869141e+01
   8.1122000e+05   1.4221191e+01
   8.1569000e+05   1.3671875e+01
   8.1768900e+05   1.5197754e+01
   8.1816800e+05   1.3183594e+01
   8.2258500e+05   1.4099121e+01
   8.2407800e+05   1.5869141e+01
   8.2576100e+05   1.8920898e+01
   8.3064600e+05   1.6296387e+01
   8.3452500e+05   1.3916016e+01
   8.3677600e+05   1.5014648e+01
   8.4285700e+05   1.5869141e+01
   8.4375400e+05   1.5563965e+01
   8.4822600e+05   1.2207031e+01
   8.5807900e+05   1.5197754e+01
   8.6064300e+05   1.6235352e+01
   8.6613700e+05   1.2268066e+01
   8.6780000e+05   1.5502930e+01
   8.7273200e+05   1.4770508e+01
   8.7593000e+05   1.2268066e+01
   8.8175500e+05   1.4953613e+01
   8.8244300e+05   1.3244629e+01
   8.8713700e+05   1.6723633e+01
   8.9260800e+05   1.5136719e+01
   9.0274600e+05   1.2695312e+01
   9.1335400e+05   1.2634277e+01
   9.2531700e+05   1.3061523e+01
   9.2777400e+05   1.4831543e+01
   9.3318300e+05   1.7272949e+01
   9.3327000e+05   1.6723633e+01
   9.3362800e+05   1.4038086e+01
   9.3375400e+05   1.2817383e+01
   9.3390500e+05   1.4831543e+01
   9.3398500e+05   1.2695312e+01
   9.3423100e+05   1.2695313e+01
   9.3467300e+05   1.5502930e+01
   9.3632200e+05   1.2207031e+01
   9.3673800e+05   1.2756348e+01
   9.4504000e+05   1.9287109e+01
   9.5329100e+05   1.3549805e+01
   9.5565400e+05   1.3793945e+01
   9.6117600e+05   1.2573242e+01
   9.6433800e+05   1.2512207e+01
   9.6578700e+05   1.7028809e+01
   9.6833500e+05   1.3916016e+01
   9.7163600e+05   1.4648438e+01
   9.7441700e+05   1.3488770e+01
   9.7644400e+05   1.3305664e+01
   9.7744000e+05   1.6418457e+01
   9.8112800e+05   1.5686035e+01
   9.8209500e+05   1.4343262e+01
   9.8456700e+05   1.4038086e+01
   9.8693100e+05   1.6845703e+01
   9.8846100e+05   1.3061523e+01
   9.9089700e+05   1.4709473e+01
   9.9318100e+05   1.3061523e+01
   9.9667500e+05   1.4648438e+01
   1.0001500e+06   1.2329102e+01
   1.0014070e+06   1.5441895e+01
   1.0055770e+06   1.3549805e+01
   1.0070100e+06   1.3427734e+01
   1.0089220e+06   1.4892578e+01
   1.0113480e+06   1.4282227e+01
   1.0127840e+06   1.2573242e+01
   1.0162650e+06   1.3732910e+01
   1.0187700e+06   1.4221191e+01
   1.0213240e+06   1.2390137e+01
   1.0260180e+06   1.4648437e+01
   1.0271150e+06   1.4526367e+01
   1.0379870e+06   1.6357422e+01
   1.0410870e+06   1.3244629e+01
   1.0438370e+06   1.2329102e+01
   1.0494550e+06   1.2756348e+01
   1.0526640e+06   1.3427734e+01
   1.0569190e+06   1.2390137e+01
   1.0586420e+06   1.2756348e+01
   1.0680550e+06   1.6113281e+01
   1.0712300e+06   1.4465332e+01
   1.0755740e+06   1.5625000e+01
   1.0790340e+06   1.2634277e+01
   1.0810600e+06   1.2878418e+01
   1.0848610e+06   1.6113281e+01
   1.0906120e+06   1.5502930e+01
   1.0954470e+06   1.4221191e+01
   1.0969000e+06   1.2695313e+01
   1.0990020e+06   1.5930176e+01
   1.1005550e+06   1.2756348e+01
   1.1080880e+06   1.4099121e+01
   1.1121700e+06   1.4282227e+01
   1.1128470e+06   1.4831543e+01
   1.1158560e+06   1.4526367e+01
   1.1199520e+06   1.5441895e+01
   1.1226700e+06   1.7150879e+01
   1.1242960e+06   1.5136719e+01
   1.1256530e+06   1.6601562e+01
   1.1297580e+06   1.3244629e+01
   1.1366850e+06   1.3244629e+01
   1.1408740e+06   1.4099121e+01
   1.1474530e+06   1.4099121e+01
   1.1523560e+06   1.2817383e+01
   1.1561570e+06   1.2573242e+01
   1.1575170e+06   1.3122559e+01
   1.1611730e+06   1.2756348e+01
   1.1705030e+06   1.4526367e+01
   1.1753600e+06   1.3305664e+01
   1.1800250e+06   1.3366699e+01
   1.1839770e+06   1.2512207e+01
   1.1845170e+06   1.3793945e+01
   1.1846510e+06   1.3977051e+01
   1.1849580e+06   1.3671875e+01
   1.1850460e+06   1.2268066e+01
   1.1853380e+06   1.3549805e+01
   1.1968370e+06   1.5747070e+01
   1.1996940e+06   1.3244629e+01
   1.2016500e+06   1.3061523e+01
   1.2040670e+06   1.4099121e+01
   1.2063550e+06   1.5625000e+01
   1.2094610e+06   1.2939453e+01
   1.2121510e+06   1.3122559e+01
   1.2166360e+06   1.2939453e+01
   1.2198350e+06   1.3610840e+01
   1.2206600e+06   1.7883301e+01
   1.2235380e+06   1.5808105e+01
   1.2265920e+06   1.3183594e+01
   1.2294560e+06   1.9348145e+01
   1.2337010e+06   1.4648438e+01
   1.2362490e+06   1.5197754e+01
   1.2406420e+06   1.2695312e+01
   1.2442800e+06   1.2695312e+01
   1.2464320e+06   1.3610840e+01
   1.2485620e+06   1.2390137e+01
   1.2509290e+06   1.4587402e+01
   1.2552010e+06   1.4831543e+01
   1.2568550e+06   1.3916016e+01
   1.2603480e+06   1.3061523e+01
   1.2632430e+06   1.4343262e+01
   1.2670500e+06   1.4160156e+01
   1.2694220e+06   1.2695312e+01
   1.2737390e+06   1.4648438e+01
   1.2792930e+06   1.2634277e+01
   1.2866430e+06   1.2939453e+01
   1.2939370e+06   1.2634277e+01
   1.3054500e+06   1.3671875e+01
   1.3145540e+06   1.2756348e+01
   1.3204160e+06   1.3122559e+01
   1.3234410e+06   1.4221191e+01
   1.3256570e+06   1.4221191e+01
   1.3334290e+06   1.7761230e+01
   1.3382610e+06   1.2268066e+01
   1.3400910e+06   1.3854980e+01
   1.3415540e+06   1.5563965e+01
   1.3518510e+06   1.3000488e+01
   1.3558870e+06   1.3916016e+01
   1.3571990e+06   1.4465332e+01
   1.3576770e+06   1.5014648e+01
   1.3632650e+06   1.2634277e+01
   1.3698240e+06   1.5319824e+01
   1.3730380e+06   1.4282227e+01
   1.3755350e+06   1.2939453e+01
   1.3800190e+06   1.3732910e+01
   1.3806200e+06   1.5197754e+01
   1.3920170e+06   1.5991211e+01
   1.3958490e+06   1.2878418e+01
   1.3992110e+06   1.7089844e+01
   1.4006120e+06   1.6174316e+01
   1.4069080e+06   1.5014648e+01
   1.4079710e+06   1.5686035e+01
   1.4083000e+06   1.4709473e+01
   1.4088210e+06   1.2573242e+01
   1.4093440e+06   1.2817383e+01
   1.4099330e+06   1.5869141e+01
   1.4102680e+06   1.3122559e+01
   1.4109650e+06   1.2512207e+01
   1.4112530e+06   1.4221191e+01
   1.4244910e+06   1.3549805e+01
   1.4265690e+06   1.3549805e+01
   1.4276460e+06   1.2451172e+01
   1.4317720e+06   1.5502930e+01
   1.4330610e+06   1.7639160e+01
   1.4369110e+06   1.3061523e+01
   1.4387060e+06   1.6174316e+01
   1.4417600e+06   1.3488770e+01
   1.4437720e+06   1.5319824e+01
   1.4459750e+06   1.5747070e+01
   1.4470930e+06   1.4160156e+01
   1.4539700e+06   1.2207031e+01
   1.4564610e+06   1.3305664e+01
   1.4583250e+06   1.2817383e+01
   1.4608540e+06   1.3488770e+01
   1.4647590e+06   1.5136719e+01
   1.4675920e+06   1.4465332e+01
   1.4719550e+06   1.4404297e+01
   1.4751940e+06   1.6662598e+01
   1.4800690e+06   1.2939453e+01
   1.4811510e+06   1.5625000e+01
   1.4835380e+06   1.4221191e+01
   1.4850760e+06   1.2939453e+01
   1.4884980e+06   1.5319824e+01
   1.4923720e+06   1.5258789e+01
   1.4999530e+06   1.5441895e+01
   1.5027820e+06   1.8249512e+01
   1.5043730e+06   1.2817383e+01
   1.5058840e+06   1.4160156e+01
   1.5112000e+06   1.5686035e+01
   1.5148520e+06   1.5930176e+01
   1.5169500e+06   1.4221191e+01
   1.5342670e+06   1.2756348e+01
   1.5361000e+06   1.6052246e+01
   1.5415160e+06   1.3549805e+01
   1.5442790e+06   1.6418457e+01
   1.5490780e+06   1.5197754e+01
   1.5520560e+06   1.3854980e+01
   1.5548030e+06   1.6113281e+01
   1.5591140e+06   1.5258789e+01
   1.5616450e+06   1.4770508e+01
   1.5680140e+06   1.2268066e+01
   1.5733540e+06   1.5502930e+01
   1.5751870e+06   1.2512207e+01
   1.5763680e+06   1.3122559e+01
   1.5875280e+06   1.7211914e+01
   1.5931450e+06   1.3916016e+01
   1.5955390e+06   1.9470215e+01
   1.6008610e+06   1.6113281e+01
   1.6041930e+06   1.2695312e+01
   1.6071660e+06   1.2512207e+01
   1.6134310e+06   1.2939453e+01
   1.6182580e+06   1.3671875e+01
   1.6244830e+06   1.5197754e+01
   1.6264740e+06   1.4526367e+01
   1.6355340e+06   1.5502930e+01
   1.6393970e+06   1.2756348e+01
   1.6439570e+06   1.6479492e+01
   1.6490960e+06   1.3122559e+01
   1.6556460e+06   1.4099121e+01
   1.6654020e+06   1.4343262e+01
   1.6691820e+06   1.4831543e+01
   1.6722300e+06   1.5625000e+01
   1.6746740e+06   1.3061523e+01
   1.6783540e+06   1.2207031e+01
   1.6786720e+06   1.5686035e+01
   1.6788320e+06   1.5502930e+01
   1.6789740e+06   1.3305664e+01
   1.6794400e+06   1.2451172e+01
   1.6799330e+06   1.2207031e+01
   1.6800720e+06   1.7456055e+01
   1.6803790e+06   1.3366699e+01
   1.6805480e+06   1.4404297e+01
   1.6808640e+06   1.2939453e+01
   1.6894500e+06   1.3061523e+01
   1.6934890e+06   1.3427734e+01
   1.6946140e+06   1.2390137e+01
   1.7074770e+06   1.7517090e+01
   1.7094910e+06   1.2878418e+01
   1.7116250e+06   1.5502930e+01
   1.7144730e+06   1.6296387e+01
   1.7194630e+06   1.6296387e+01
   1.7221820e+06   1.6174316e+01
   1.7232690e+06   1.2390137e+01
   1.7270670e+06   1.4892578e+01
   1.7283170e+06   1.3488770e+01
   1.7309130e+06   1.2451172e+01
   1.7337410e+06   1.4221191e+01
   1.7357200e+06   1.3061523e+01
   1.7372820e+06   1.3488770e+01
   1.7444260e+06   1.5869141e+01
   1.7489950e+06   1.2817383e+01
   1.7504190e+06   1.2573242e+01
   1.7551490e+06   1.2268066e+01
   1.7586110e+06   1.7089844e+01
   1.7597670e+06   1.2207031e+01
   1.7636660e+06   1.3061523e+01
   1.7664080e+06   1.7272949e+01
   1.7749280e+06   1.2939453e+01
   1.7768760e+06   1.3427734e+01
   1.7779590e+06   1.5380859e+01
   1.7872190e+06   1.3183594e+01
   1.7909710e+06   1.5747070e+01
   1.7939240e+06   1.3854980e+01
   1.8025720e+06   1.4343262e+01
   1.8041820e+06   1.2939453e+01
   1.8208940e+06   1.4709473e+01
   1.8217130e+06   1.7944336e+01
   1.8230580e+06   1.3916016e+01
   1.8270030e+06   1.2817383e+01
   1.8399800e+06   1.6235352e+01
   1.8461740e+06   1.4221191e+01
   1.8502830e+06   1.3061523e+01
   1.8518100e+06   1.5258789e+01
   1.8536780e+06   1.3061523e+01
   1.8564110e+06   1.7089844e+01
   1.8595750e+06   1.2207031e+01
   1.8615040e+06   1.5869141e+01
   1.8648240e+06   1.8371582e+01
   1.8656110e+06   1.2573242e+01
   1.8741030e+06   1.2634277e+01
   1.8773960e+06   1.5563965e+01
   1.8793670e+06   1.7822266e+01
   1.8947710e+06   1.3671875e+01
   1.8971850e+06   1.5258789e+01
   1.9068410e+06   1.3427734e+01
   1.9162620e+06   1.4099121e+01
   1.9194430e+06   1.4709473e+01
   1.9246990e+06   1.6174316e+01
   1.9282710e+06   1.6906738e+01
   1.9361680e+06   1.4404297e+01
   1.9410420e+06   1.2695312e+01
   1.9444190e+06   1.5808105e+01
   1.9474650e+06   1.4831543e+01
   1.9521570e+06   1.2329102e+01
   1.9540960e+06   1.2268066e+01
   1.9587090e+06   1.6906738e+01
   1.9642340e+06   1.6784668e+01
   1.9716870e+06   1.7822266e+01
   1.9815820e+06   1.5258789e+01
   1.9897030e+06   1.4404297e+01
   2.0024200e+06   1.6906738e+01
   2.0079590e+06   1.6540527e+01
   2.0216440e+06   1.4404297e+01
   2.0250940e+06   1.3000488e+01
   2.0261360e+06   1.2939453e+01
   2.0289590e+06   1.4709473e+01
   2.0319270e+06   1.2756348e+01
   2.0327980e+06   1.5991211e+01
   2.0457170e+06   1.3183594e+01
   2.0492390e+06   1.6174316e+01
   2.0543580e+06   1.5075684e+01
   2.0624630e+06   1.5319824e+01
   2.0649020e+06   1.4343262e+01
   2.0698780e+06   1.4465332e+01
   2.0711590e+06   1.2573242e+01
   2.0751190e+06   1.2573242e+01
   2.0777010e+06   1.3061523e+01
   2.0801690e+06   1.2512207e+01
   2.0918230e+06   1.4770508e+01
   2.0939220e+06   1.3122559e+01
   2.1032010e+06   1.3610840e+01
   2.1033480e+06   1.5441895e+01
   2.1040290e+06   1.4831543e+01
   2.1044210e+06   1.2573242e+01
   2.1051250e+06   1.4892578e+01
   2.1057040e+06   1.3610840e+01
   2.1064770e+06   1.3366699e+01
   2.1067080e+06   1.2634277e+01
   2.1075620e+06   1.3977051e+01
   2.1169300e+06   1.5197754e+01
   2.1208100e+06   1.3366699e+01
   2.1230410e+06   1.4282227e+01
   2.1243890e+06   1.2512207e+01
   2.1261750e+06   1.3183594e+01
   2.1288570e+06   1.6967773e+01
   2.1337100e+06   1.8371582e+01
   2.1359520e+06   1.5686035e+01
   2.1387670e+06   1.3244629e+01
   2.1405040e+06   1.6357422e+01
   2.1417420e+06   1.4465332e+01
   2.1447420e+06   1.4465332e+01
   2.1505110e+06   1.4587402e+01
   2.1538160e+06   1.6540527e+01
   2.1576250e+06   1.8615723e+01
   2.1589690e+06   1.2756348e+01
   2.1652580e+06   1.2939453e+01
   2.1668550e+06   1.4160156e+01
   2.1678830e+06   1.2268066e+01
   2.1692490e+06   1.3977051e+01
   2.1728480e+06   1.5869141e+01
   2.1762310e+06   1.4770508e+01
   2.1791330e+06   1.3305664e+01
   2.1822750e+06   1.6296387e+01
   2.1841370e+06   1.5380859e+01
   2.1894820e+06   1.2390137e+01
   2.1977380e+06   1.5075684e+01
   2.2010050e+06   1.4465332e+01
   2.2144520e+06   1.6418457e+01
   2.2177000e+06   1.5380859e+01
   2.2259330e+06   1.3488770e+01
   2.2279810e+06   1.2329102e+01
   2.2352660e+06   1.3854980e+01
   2.2434210e+06   1.3854980e+01
   2.2465170e+06   1.4221191e+01
   2.2577400e+06   1.2878418e+01
   2.2605050e+06   1.7578125e+01
   2.2679690e+06   1.2573242e+01
   2.2695310e+06   1.2268066e+01
   2.2813210e+06   1.4648438e+01
   2.2851620e+06   1.3183594e+01
   2.2939600e+06   1.3427734e+01
   2.2978230e+06   1.3732910e+01
   2.3135370e+06   1.3366699e+01
   2.3149090e+06   1.2817383e+01
   2.3203360e+06   1.3854980e+01
   2.3262060e+06   1.4099121e+01
   2.3300670e+06   1.6662598e+01
   2.3300980e+06   1.2817383e+01
   2.3371350e+06   1.5075684e+01
   2.3413500e+06   1.2268066e+01
   2.3424250e+06   1.4038086e+01
   2.3458820e+06   1.2390137e+01
   2.3530900e+06   1.5197754e+01
   2.3563360e+06   1.4099121e+01
   2.3601940e+06   1.9775391e+01
   2.3661230e+06   1.5258789e+01
   2.3715060e+06   1.3061523e+01
   2.3771430e+06   1.4099121e+01
   2.3807260e+06   1.2329102e+01
   2.3821050e+06   1.7761230e+01
   2.3822980e+06   1.2756348e+01
   2.3824610e+06   1.5197754e+01
   2.3825660e+06   1.3000488e+01
   2.3827880e+06   1.4038086e+01
   2.3829540e+06   1.5075684e+01
   2.3842450e+06   1.4282227e+01
   2.3849180e+06   1.3244629e+01
   2.3851750e+06   1.2878418e+01
   2.3954240e+06   1.2817383e+01
   2.3991380e+06   1.5014648e+01
   2.4018250e+06   1.2573242e+01
   2.4036530e+06   1.2512207e+01
   2.4061610e+06   1.6540527e+01
   2.4098050e+06   1.4404297e+01
   2.4131860e+06   1.5319824e+01
   2.4155210e+06   1.3366699e+01
   2.4171060e+06   1.3854980e+01
   2.4194010e+06   1.2329102e+01
   2.4218360e+06   1.3977051e+01
   2.4229560e+06   1.7761230e+01
   2.4265440e+06   1.4221191e+01
   2.4286430e+06   1.3793945e+01
   2.4309310e+06   1.2756348e+01
   2.4392000e+06   1.3732910e+01
   2.4404900e+06   1.3671875e+01
   2.4416010e+06   1.4648438e+01
   2.4442300e+06   1.2756348e+01
   2.4477970e+06   1.6357422e+01
   2.4489060e+06   1.4953613e+01
   2.4503370e+06   1.3000488e+01
   2.4532710e+06   1.3427734e+01
   2.4554920e+06   1.4648438e+01
   2.4594360e+06   1.5258789e+01
   2.4639780e+06   1.5502930e+01
   2.4736230e+06   1.5014648e+01
   2.4779950e+06   1.8310547e+01
   2.4864700e+06   1.5319824e+01
   2.4875790e+06   1.4831543e+01
   2.4919000e+06   1.4465332e+01
   2.4996660e+06   1.5686035e+01
   2.5069040e+06   1.4465332e+01
   2.5117660e+06   1.5747070e+01
   2.5167150e+06   1.4099121e+01
   2.5202530e+06   1.4160156e+01
   2.5214710e+06   1.4831543e+01
   2.5266390e+06   1.3427734e+01
   2.5364400e+06   1.4587402e+01
   2.5432290e+06   1.5563965e+01
   2.5471640e+06   1.2878418e+01
   2.5567130e+06   1.5625000e+01
   2.5602190e+06   1.6845703e+01
   2.5651310e+06   1.3244629e+01
   2.5696100e+06   1.5258789e+01
   2.5722900e+06   1.2329102e+01
   2.5744470e+06   1.4648438e+01
   2.5792490e+06   1.4709473e+01
   2.5830650e+06   1.4587402e+01
   2.5920210e+06   1.5869141e+01
   2.5980230e+06   1.4282227e+01
   2.6031840e+06   1.3122559e+01
   2.6088200e+06   1.4099121e+01
   2.6128120e+06   1.5319824e+01
   2.6233940e+06   1.6113281e+01
   2.6257740e+06   1.3122559e+01
   2.6308150e+06   1.5808105e+01
   2.6342660e+06   1.4099121e+01
   2.6388340e+06   1.3183594e+01
   2.6426830e+06   1.3488770e+01
   2.6464360e+06   1.6052246e+01
   2.6586980e+06   1.4099121e+01
   2.6599620e+06   1.3671875e+01
   2.6691860e+06   1.4282227e+01
   2.6694920e+06   1.2756348e+01
   2.6698220e+06   1.3122559e+01
   2.6701320e+06   1.7272949e+01
   2.6713370e+06   1.3183594e+01
   2.6715560e+06   1.4892578e+01
   2.6718430e+06   1.3977051e+01
   2.6730880e+06   1.3732910e+01
   2.6842190e+06   1.2817383e+01
   2.6862980e+06   1.2756348e+01
   2.6873460e+06   1.5319824e+01
   2.6884550e+06   1.3488770e+01
   2.6918820e+06   1.9287109e+01
   2.6943720e+06   1.5197754e+01
   2.6984660e+06   1.2695312e+01
   2.7105440e+06   1.3977051e+01
   2.7124790e+06   1.3427734e+01
   2.7145800e+06   1.4831543e+01
   2.7156380e+06   1.5991211e+01
   2.7210490e+06   1.3183594e+01
   2.7233240e+06   1.2329102e+01
   2.7253230e+06   1.2756348e+01
   2.7287330e+06   1.5686035e+01
   2.7328360e+06   1.4221191e+01
   2.7383940e+06   1.4709473e+01
   2.7467510e+06   1.5319824e+01
   2.7536770e+06   1.2939453e+01
   2.7549470e+06   1.5014648e+01
   2.7568600e+06   1.5197754e+01
   2.7638360e+06   1.2268066e+01
   2.7804450e+06   1.5869141e+01
   2.7852690e+06   1.6113281e+01
   2.7886480e+06   1.3610840e+01
   2.7913590e+06   1.5563965e+01
   2.7990990e+06   1.5014648e+01
   2.8062890e+06   1.3549805e+01
   2.8121170e+06   1.3183594e+01
   2.8162670e+06   1.3549805e+01
   2.8193030e+06   1.3732910e+01
   2.8205780e+06   1.2878418e+01
   2.8220270e+06   1.2390137e+01
   2.8347070e+06   1.4770508e+01
   2.8455350e+06   1.2756348e+01
   2.8495520e+06   1.3916016e+01
   2.8531700e+06   1.9165039e+01
   2.8544880e+06   1.2451172e+01
   2.8556310e+06   1.2573242e+01
   2.8567070e+06   1.4709473e+01
   2.8680600e+06   1.4892578e+01
   2.8761790e+06   1.7700195e+01
   2.8791030e+06   1.4709473e+01
   2.8822610e+06   1.3305664e+01
   2.8836230e+06   1.3732910e+01
   2.8905550e+06   1.2329102e+01
   2.8913670e+06   1.6540527e+01
   2.8943110e+06   1.3244629e+01
   2.8976010e+06   1.2268066e+01
   2.9038100e+06   1.3610840e+01
   2.9088200e+06   1.5869141e+01
   2.9122840e+06   1.2939453e+01
   2.9136500e+06   1.5869141e+01
   2.9160620e+06   1.4831543e+01
   2.9200080e+06   1.3488770e+01
   2.9212860e+06   1.3671875e+01
   2.9242730e+06   1.4953613e+01
   2.9263600e+06   1.4343262e+01
   2.9279610e+06   1.4221191e+01
   2.9311810e+06   1.7761230e+01
   2.9339250e+06   1.4892578e+01
   2.9444120e+06   1.3305664e+01
   2.9570660e+06   1.5808105e+01
   2.9611570e+06   1.3427734e+01
   2.9666520e+06   1.6906738e+01
   2.9753170e+06   1.4831543e+01
   2.9763810e+06   1.3610840e+01
   2.9927470e+06   1.5441895e+01
   2.9952610e+06   1.5136719e+01
   3.0156350e+06   1.2939453e+01
   3.0168830e+06   1.3366699e+01
   3.0192330e+06   1.2756348e+01
   3.0350960e+06   1.5869141e+01
   3.0468280e+06   1.6113281e+01
   3.0637470e+06   1.4770508e+01
   3.0661750e+06   1.2939453e+01
   3.0723520e+06   1.7456055e+01
   3.0916450e+06   1.2268066e+01
   3.0962170e+06   1.3671875e+01
   3.1067840e+06   1.5563965e+01
   3.1110020e+06   1.4892578e+01
   3.1128850e+06   1.2817383e+01
   3.1210820e+06   1.2512207e+01
   3.1285230e+06   1.5136719e+01
   3.1314450e+06   1.4709473e+01
   3.1346120e+06   1.4160156e+01
   3.1390190e+06   1.5441895e+01
   3.1430980e+06   1.4099121e+01
   3.1468810e+06   1.3244629e+01
   3.1533020e+06   1.3244629e+01
   3.1614300e+06   1.6723633e+01
   3.1700840e+06   1.6052246e+01
   3.1783010e+06   1.2268066e+01
   3.1808470e+06   1.3244629e+01
   3.1819620e+06   1.9042969e+01
   3.1841400e+06   1.3610840e+01
   3.1958550e+06   1.5319824e+01
   3.2086080e+06   1.6967773e+01
   3.2126720e+06   1.2756348e+01
   3.2181760e+06   1.4770508e+01
   3.2211640e+06   1.4038086e+01
   3.2289160e+06   1.4526367e+01
   3.2496730e+06   1.4099121e+01
   3.2664380e+06   1.4526367e+01
   3.2667150e+06   1.3183594e+01
   3.2668620e+06   1.3305664e+01
   3.2669810e+06   1.2573242e+01
   3.2671630e+06   1.3977051e+01
   3.2674860e+06   1.3183594e+01
   3.2679700e+06   1.2634277e+01
   3.2687850e+06   1.3977051e+01
   3.2788820e+06   1.2390137e+01
   3.2800010e+06   1.6967773e+01
   3.2905530e+06   1.2756348e+01
   3.3006270e+06   1.6296387e+01
   3.3041780e+06   1.5625000e+01
   3.3090320e+06   1.3000488e+01
   3.3116230e+06   1.5502930e+01
   3.3123600e+06   1.6418457e+01
   3.3214610e+06   1.5869141e+01
   3.3312770e+06   1.5502930e+01
   3.3348850e+06   1.5441895e+01
   3.3364570e+06   1.3671875e+01
   3.3417890e+06   1.8127441e+01
   3.3506950e+06   1.5380859e+01
   3.3576270e+06   1.3610840e+01
   3.3745180e+06   1.3916016e+01
   3.3841710e+06   1.6174316e+01
   3.4011770e+06   1.4404297e+01
   3.4093720e+06   1.3427734e+01
   3.4127860e+06   1.5136719e+01
   3.4143590e+06   1.6784668e+01
   3.4179260e+06   1.4038086e+01
   3.4233460e+06   1.2390137e+01
   3.4275130e+06   1.2207031e+01
   3.4358530e+06   1.2695312e+01
   3.4471660e+06   1.3061523e+01
   3.4569960e+06   1.5075684e+01
   3.4703250e+06   1.4831543e+01
   3.4751770e+06   1.3122559e+01
   3.4914580e+06   1.3671875e+01
   3.4946090e+06   1.7883301e+01
   3.5236510e+06   1.2878418e+01
   3.5254470e+06   1.3122559e+01
   3.5326370e+06   1.4526367e+01
   3.5352580e+06   1.3977051e+01
   3.5359330e+06   1.7944336e+01
   3.5364450e+06   1.5808105e+01
   3.5366070e+06   1.2451172e+01
   3.5367200e+06   1.4892578e+01
   3.5375640e+06   1.3244629e+01
   3.5388720e+06   1.3000488e+01
   3.5491770e+06   1.3305664e+01
   3.5547990e+06   1.2207031e+01
   3.5561830e+06   1.5563965e+01
   3.5572420e+06   1.5197754e+01
   3.5690490e+06   1.2878418e+01
   3.5801450e+06   1.2634277e+01
   3.5835720e+06   1.5014648e+01
   3.5876380e+06   1.3977051e+01
   3.5920210e+06   1.5136719e+01
   3.6026560e+06   1.5991211e+01
   3.6062670e+06   1.2512207e+01
   3.6303750e+06   1.2390137e+01
   3.6345910e+06   1.5502930e+01
   3.6415200e+06   1.3977051e+01
   3.6620750e+06   1.5441895e+01
   3.6710400e+06   1.2695312e+01
   3.6749620e+06   1.5441895e+01
   3.6814150e+06   1.5441895e+01
   3.6851870e+06   1.5380859e+01
   3.6891260e+06   1.5014648e+01
   3.6923130e+06   1.5808105e+01
   3.6987740e+06   1.6174316e+01
   3.7020020e+06   1.2695312e+01
   3.7161980e+06   1.3488770e+01
   3.7268660e+06   1.4465332e+01
   3.7286630e+06   1.6723633e+01
   3.7384190e+06   1.2878418e+01
   3.7431280e+06   1.5258789e+01
   3.7494280e+06   1.8554688e+01
   3.7622580e+06   1.2634277e+01
   3.7684620e+06   1.6601562e+01
   3.7701820e+06   1.4465332e+01
   3.7775130e+06   1.5136719e+01
   3.7845190e+06   1.3488770e+01
   3.7879670e+06   1.5014648e+01
   3.7934880e+06   1.6845703e+01
   3.7962310e+06   1.2390137e+01
   3.7995060e+06   1.3183594e+01
   3.8054920e+06   1.2451172e+01
   3.8157510e+06   1.2939453e+01
   3.8272010e+06   1.2817383e+01
   3.8297180e+06   1.2451172e+01
   3.8323440e+06   1.2573242e+01
   3.8337740e+06   1.2512207e+01
   3.8451210e+06   1.3793945e+01
   3.8569930e+06   1.3305664e+01
   3.8674670e+06   1.2939453e+01
   3.8685570e+06   1.3061523e+01
   3.8728740e+06   1.2512207e+01
   3.8730550e+06   1.3732910e+01
   3.8731590e+06   1.4648438e+01
   3.8733710e+06   1.3732910e+01
   3.8736380e+06   1.3366699e+01
   3.8749190e+06   1.2817383e+01
   3.8752080e+06   1.5869141e+01
   3.8754650e+06   1.2573242e+01
   3.8758930e+06   1.3000488e+01
   3.8912350e+06   1.4892578e+01
   3.8946910e+06   1.2268066e+01
   3.8969810e+06   1.3793945e+01
   3.8996700e+06   1.2207031e+01
   3.9042140e+06   1.5869141e+01
   3.9077870e+06   1.4160156e+01
   3.9129790e+06   1.2695312e+01
   3.9157790e+06   1.5563965e+01
   3.9199090e+06   1.3732910e+01
   3.9252230e+06   1.2390137e+01
   3.9310650e+06   1.3977051e+01
   3.9401840e+06   1.3854980e+01
   3.9420060e+06   1.4221191e+01
   3.9432140e+06   1.6052246e+01
   3.9483190e+06   1.3183594e+01
   3.9513910e+06   1.2573242e+01
   3.9568760e+06   1.2390137e+01
   3.9593670e+06   1.5686035e+01
   3.9642480e+06   1.4465332e+01
   3.9662600e+06   1.2451172e+01
   3.9860460e+06   1.3366699e+01
   3.9888300e+06   1.4343262e+01
   3.9947020e+06   1.3916016e+01
   4.0007470e+06   1.3916016e+01
   4.0128650e+06   1.2939453e+01
   4.0265160e+06   1.3305664e+01
   4.0292350e+06   1.4343262e+01
   4.0417400e+06   1.4892578e+01
   4.0522960e+06   1.5625000e+01
   4.0565660e+06   1.3488770e+01
   4.0596620e+06   1.3000488e+01
   4.0826060e+06   1.7456055e+01
   4.0874350e+06   1.2390137e+01
   4.0907880e+06   1.4892578e+01
   4.0944190e+06   1.2451172e+01
   4.1024710e+06   1.2512207e+01
   4.1081110e+06   1.4648437e+01
   4.1126550e+06   1.4282227e+01
   4.1187680e+06   1.4892578e+01
   4.1222970e+06   1.6906738e+01
   4.1329550e+06   1.2756348e+01
   4.1342180e+06   1.5014648e+01
   4.1345970e+06   1.6784668e+01
   4.1347130e+06   1.3122559e+01
   4.1358260e+06   1.5502930e+01
   4.1364670e+06   1.2634277e+01
   4.1373050e+06   1.3732910e+01
   4.1477140e+06   1.6662598e+01
   4.1521040e+06   1.2573242e+01
   4.1549950e+06   1.3061523e+01
   4.1600460e+06   1.2695312e+01
   4.1666850e+06   1.2878418e+01
   4.1720790e+06   1.4953613e+01
   4.1773090e+06   1.5136719e+01
   4.1797880e+06   1.3854980e+01
   4.1859410e+06   1.2634277e+01
   4.1896910e+06   1.3793945e+01
   4.1944220e+06   1.3000488e+01
   4.1988840e+06   1.2634277e+01
   4.2046390e+06   1.5930176e+01
   4.2055970e+06   1.2329102e+01
   4.2076590e+06   1.6052246e+01
   4.2180960e+06   1.3732910e+01
   4.2237290e+06   1.3427734e+01
   4.2299910e+06   1.4038086e+01
   4.2356560e+06   1.3122559e+01
   4.2378300e+06   1.4099121e+01
   4.2400120e+06   1.2390137e+01
   4.2462430e+06   1.3000488e+01
   4.2487810e+06   1.2817383e+01
   4.2645260e+06   1.2207031e+01
   4.2696760e+06   1.2695313e+01
   4.2933880e+06   1.4038086e+01
   4.3007040e+06   1.4526367e+01
   4.3031680e+06   1.2939453e+01
   4.3089900e+06   1.2878418e+01
   4.3220700e+06   1.2329102e+01
   4.3345010e+06   1.3427734e+01
   4.3394930e+06   1.3549805e+01
   4.3475860e+06   1.4038086e+01
   4.3501630e+06   1.4709473e+01
   4.3518960e+06   1.5625000e+01
   4.3683220e+06   1.4587402e+01
   4.3699840e+06   1.3549805e+01
   4.3779150e+06   1.5502930e+01
   4.3807170e+06   1.7028809e+01
   4.3839460e+06   1.2878418e+01
   4.3892790e+06   1.4648438e+01
   4.3962920e+06   1.4770508e+01
   4.3970580e+06   1.4221191e+01
   4.4025120e+06   1.3000488e+01
   4.4081390e+06   1.5991211e+01
   4.4139720e+06   1.6052246e+01
   4.4300260e+06   1.5747070e+01
   4.4329610e+06   1.2756348e+01
   4.4477450e+06   1.2329102e+01
   4.4523730e+06   1.2268066e+01
   4.4559640e+06   1.4038086e+01
   4.4604020e+06   1.3366699e+01
   4.4625940e+06   1.2878418e+01
   4.4665390e+06   1.3183594e+01
   4.4671350e+06   1.4404297e+01
   4.4672490e+06   1.3732910e+01
   4.4674220e+06   1.2878418e+01
   4.4681310e+06   1.2756348e+01
   4.4685040e+06   1.2573242e+01
   4.4692700e+06   1.4587402e+01
   4.4787130e+06   1.7578125e+01
   4.4848780e+06   1.7883301e+01
   4.4855510e+06   1.5197754e+01
   4.4878530e+06   1.3671875e+01
   4.4942830e+06   1.6235352e+01
   4.5006700e+06   1.4221191e+01
   4.5037870e+06   1.6235352e+01
   4.5076710e+06   1.2939453e+01
   4.5139710e+06   1.3244629e+01
   4.5261510e+06   1.5075684e+01
   4.5294350e+06   1.2939453e+01
   4.5389080e+06   1.2634277e+01
   4.5414290e+06   1.3793945e+01
   4.5441900e+06   1.3061523e+01
   4.5501640e+06   1.6906738e+01
   4.5587620e+06   1.2390137e+01
   4.5733850e+06   1.5502930e+01
   4.5802400e+06   1.2878418e+01
   4.5952360e+06   1.6174316e+01
   4.6069080e+06   1.3732910e+01
   4.6163490e+06   1.4160156e+01
   4.6237870e+06   1.3916016e+01
   4.6290970e+06   1.3549805e+01
   4.6481510e+06   1.7028809e+01
   4.6509640e+06   1.6113281e+01
   4.6521830e+06   1.2817383e+01
   4.6573010e+06   1.3061523e+01
   4.6857940e+06   1.4892578e+01
   4.6879730e+06   1.4831543e+01
   4.6913910e+06   1.6052246e+01
   4.6984090e+06   1.4526367e+01
   4.7047760e+06   1.7089844e+01
   4.7065360e+06   1.4282227e+01
   4.7209990e+06   1.2817383e+01
   4.7276580e+06   1.3488770e+01
   4.7301560e+06   1.4526367e+01
   4.7394440e+06   1.9348145e+01
   4.7443240e+06   1.4038086e+01
   4.7454470e+06   1.3854980e+01
   4.7500500e+06   1.6845703e+01
   4.7542280e+06   1.3366699e+01
   4.7615600e+06   1.4282227e+01
   4.7660970e+06   1.2939453e+01
   4.7781460e+06   1.4831543e+01
   4.7848620e+06   1.5502930e+01
   4.7860530e+06   1.4465332e+01
   4.8086230e+06   1.3854980e+01
   4.8117930e+06   1.7944336e+01
   4.8154340e+06   1.2878418e+01
   4.8155220e+06   1.3061523e+01
   4.8158730e+06   1.2573242e+01
   4.8162070e+06   1.3488770e+01
   4.8166230e+06   1.4953613e+01
   4.8177030e+06   1.5075684e+01
   4.8179720e+06   1.2268066e+01
   4.8187190e+06   1.4160156e+01
   4.8320930e+06   1.4648437e+01
   4.8359610e+06   1.3916016e+01
   4.8370090e+06   1.5380859e+01
   4.8446400e+06   1.4343262e+01
   4.8590760e+06   1.5319824e+01
   4.8604470e+06   1.3549805e+01
   4.8640140e+06   1.3183594e+01
   4.8766440e+06   1.2207031e+01
   4.8791680e+06   1.7272949e+01
   4.8845290e+06   1.4709473e+01
   4.8885630e+06   1.4892578e+01
   4.9075510e+06   1.5319824e+01
   4.9104880e+06   1.7211914e+01
   4.9141450e+06   1.3610840e+01
   4.9193880e+06   1.2573242e+01
   4.9248220e+06   1.2268066e+01
   4.9312770e+06   1.5014648e+01
   4.9356600e+06   1.2390137e+01
   4.9372230e+06   1.4770508e+01
   4.9377200e+06   1.2207031e+01
   4.9441170e+06   1.2878418e+01
   4.9473290e+06   1.3916016e+01
   4.9626730e+06   1.4038086e+01
   4.9675500e+06   1.5869141e+01
   4.9697770e+06   1.7700195e+01
   4.9759180e+06   1.5625000e+01
   4.9994460e+06   1.3122559e+01
   5.0031420e+06   1.3305664e+01
   5.0102650e+06   1.3061523e+01
   5.0175820e+06   1.3793945e+01
   5.0190460e+06   1.2695312e+01
   5.0257160e+06   1.3549805e+01
   5.0349850e+06   1.4160156e+01
   5.0380040e+06   1.6235352e+01
   5.0410170e+06   1.3183594e+01
   5.0501870e+06   1.3122559e+01
   5.0548860e+06   1.2207031e+01
   5.0582120e+06   1.5808105e+01
   5.0632340e+06   1.5808105e+01
   5.0644790e+06   1.6296387e+01
   5.0691570e+06   1.2878418e+01
   5.0719230e+06   1.3244629e+01
   5.0780850e+06   1.6845703e+01
   5.0807790e+06   1.7578125e+01
   5.0919330e+06   1.6479492e+01
   5.1015300e+06   1.6540527e+01
   5.1074700e+06   1.3916016e+01
   5.1168420e+06   1.3610840e+01
   5.1189580e+06   1.3061523e+01
   5.1221690e+06   1.3610840e+01
   5.1350120e+06   1.3732910e+01
   5.1377620e+06   1.4770508e+01
   5.1427320e+06   1.4648438e+01
   5.1478290e+06   1.4160156e+01
   5.1554010e+06   1.6845703e+01
   5.1609320e+06   1.6601562e+01
   5.1633930e+06   1.3427734e+01
   5.1733070e+06   1.2756348e+01
   5.1808590e+06   1.3854980e+01
   5.1869790e+06   1.4404297e+01
   5.1897230e+06   1.3427734e+01
   5.1943210e+06   1.5258789e+01
   5.2075340e+06   1.4282227e+01
   5.2086890e+06   1.3549805e+01
   5.2110970e+06   1.4221191e+01
   5.2120890e+06   1.4343262e+01
   5.2218390e+06   1.5197754e+01
   5.2388820e+06   1.3671875e+01
   5.2421260e+06   1.2573242e+01
   5.2438900e+06   1.6174316e+01
   5.2497630e+06   1.5075684e+01
   5.2543240e+06   1.2451172e+01
   5.2575740e+06   1.4587402e+01
   5.2623790e+06   1.5869141e+01
   5.2652640e+06   1.3671875e+01
   5.2697560e+06   1.6662598e+01
   5.2698280e+06   1.2573242e+01
   5.2700820e+06   1.2512207e+01
   5.2702030e+06   1.3061523e+01
   5.2703840e+06   1.4526367e+01
   5.2713350e+06   1.6296387e+01
   5.2844030e+06   1.3366699e+01
   5.2863440e+06   1.2451172e+01
   5.2916510e+06   1.3732910e+01
   5.2942720e+06   1.4526367e+01
   5.2981300e+06   1.4038086e+01
   5.3025680e+06   1.2512207e+01
   5.3077430e+06   1.3671875e+01
   5.3090170e+06   1.3488770e+01
   5.3125570e+06   1.2756348e+01
   5.3140410e+06   1.3122559e+01
   5.3206050e+06   1.2329102e+01
   5.3260330e+06   1.3793945e+01
   5.3279200e+06   1.3183594e+01
   5.3336670e+06   1.3732910e+01
   5.3367200e+06   1.3977051e+01
   5.3438830e+06   1.3610840e+01
   5.3453100e+06   1.2390137e+01
   5.3597600e+06   1.5625000e+01
   5.3623690e+06   1.2634277e+01
   5.3647270e+06   1.4465332e+01
   5.3733260e+06   1.4892578e+01
   5.3806840e+06   1.3610840e+01
   5.3892160e+06   1.4099121e+01
   5.3917990e+06   1.2451172e+01
   5.3994550e+06   1.3183594e+01
   5.4007340e+06   1.4404297e+01
   5.4019290e+06   1.7517090e+01
   5.4066230e+06   1.6967773e+01
   5.4144330e+06   1.2634277e+01
   5.4187350e+06   1.3122559e+01
   5.4210680e+06   1.4831543e+01
   5.4241440e+06   1.2573242e+01
   5.4304430e+06   1.4770508e+01
   5.4388730e+06   1.3977051e+01
   5.4471600e+06   1.4465332e+01
   5.4480430e+06   1.3183594e+01
   5.4565560e+06   1.7089844e+01
   5.4631420e+06   1.3427734e+01
   5.4729210e+06   1.3122559e+01
   5.4850170e+06   1.3610840e+01
   5.4884110e+06   1.5258789e+01
   5.4894200e+06   1.5747070e+01
   5.5018250e+06   1.3793945e+01
   5.5056670e+06   1.2634277e+01
   5.5233360e+06   1.4221191e+01
   5.5244180e+06   1.5197754e+01
   5.5260500e+06   1.3244629e+01
   5.5293370e+06   1.3916016e+01
   5.5336670e+06   1.7395020e+01
   5.5383860e+06   1.4648438e+01
   5.5400700e+06   1.6540527e+01
   5.5466060e+06   1.2329102e+01
   5.5513950e+06   1.2207031e+01
   5.5568700e+06   1.3488770e+01
   5.5592420e+06   1.5258789e+01
   5.5684180e+06   1.4221191e+01
   5.5749520e+06   1.3793945e+01
   5.5812210e+06   1.4038086e+01
   5.5837010e+06   1.4526367e+01
   5.5848710e+06   1.4770508e+01
   5.5897240e+06   1.4465332e+01
   5.6021970e+06   1.5075684e+01
   5.6069650e+06   1.4282227e+01
   5.6082300e+06   1.5197754e+01
   5.6108310e+06   1.4831543e+01
   5.6179270e+06   1.5136719e+01
   5.6194980e+06   1.2695312e+01
   5.6410840e+06   1.2390137e+01
   5.6447370e+06   1.3427734e+01
   5.6471970e+06   1.4221191e+01
   5.6481410e+06   1.4831543e+01
   5.6588040e+06   1.3366699e+01
   5.6615230e+06   1.4831543e+01
   5.6682380e+06   1.3977051e+01
   5.6696460e+06   1.3549805e+01
   5.6707570e+06   1.3183594e+01
   5.6761850e+06   1.5563965e+01
   5.6818910e+06   1.4831543e+01
   5.6854190e+06   1.4526367e+01
   5.6915740e+06   1.4648438e+01
   5.6984830e+06   1.5991211e+01
   5.7030610e+06   1.3793945e+01
   5.7102990e+06   1.4709473e+01
   5.7113730e+06   1.2329102e+01
   5.7158950e+06   1.3122559e+01
   5.7228730e+06   1.3000488e+01
   5.7296880e+06   1.5197754e+01
   5.7320070e+06   1.2451172e+01
   5.7373830e+06   1.3610840e+01
   5.7385560e+06   1.2390137e+01
   5.7414100e+06   1.3427734e+01
   5.7440060e+06   1.2939453e+01
   5.7526580e+06   1.4099121e+01
   5.7550640e+06   1.4404297e+01
   5.7603350e+06   1.2390137e+01
   5.7644540e+06   1.2573242e+01
   5.7772450e+06   1.4038086e+01
   5.7826310e+06   1.3610840e+01
   5.7894860e+06   1.3488770e+01
   5.7933830e+06   1.4099121e+01
   5.7993140e+06   1.2390137e+01
   5.8010240e+06   1.2512207e+01
   5.8013280e+06   1.3244629e+01
   5.8015000e+06   1.2634277e+01
   5.8015810e+06   1.3916016e+01
   5.8018990e+06   1.3183594e+01
   5.8025200e+06   1.4099121e+01
   5.8036860e+06   1.2939453e+01
   5.8041070e+06   1.2817383e+01
   5.8164240e+06   1.3366699e+01
   5.8179800e+06   1.5441895e+01
   5.8235830e+06   1.4526367e+01
   5.8265100e+06   1.3427734e+01
   5.8340100e+06   1.5197754e+01
   5.8384960e+06   1.8005371e+01
   5.8427280e+06   1.3854980e+01
   5.8461730e+06   1.2695312e+01
   5.8487030e+06   1.5869141e+01
   5.8497720e+06   1.3671875e+01
   5.8534220e+06   1.2817383e+01
   5.8582900e+06   1.3000488e+01
   5.8664110e+06   1.3732910e+01
   5.8714690e+06   1.7822266e+01
   5.8754690e+06   1.2878418e+01
   5.8791930e+06   1.3305664e+01
   5.8814590e+06   1.5563965e+01
   5.8871330e+06   1.5686035e+01
   5.8888250e+06   1.3610840e+01
   5.8945540e+06   1.3427734e+01
   5.8994100e+06   1.3488770e+01
   5.9022040e+06   1.2268066e+01
   5.9115330e+06   1.4953613e+01
   5.9154150e+06   1.3854980e+01
   5.9211170e+06   1.5441895e+01
   5.9238360e+06   1.2634277e+01
   5.9250040e+06   1.2695312e+01
   5.9286710e+06   1.2329102e+01
   5.9316170e+06   1.5075684e+01
   5.9433880e+06   1.3488770e+01
   5.9465080e+06   1.3854980e+01
   5.9494380e+06   1.5930176e+01
   5.9507260e+06   1.2573242e+01
   5.9563270e+06   1.2329102e+01
   5.9599390e+06   1.2573242e+01
   5.9681500e+06   1.3793945e+01
   5.9728400e+06   1.3488770e+01
   5.9749410e+06   1.4404297e+01
   5.9766920e+06   1.3671875e+01
   5.9826770e+06   1.6418457e+01
   5.9965660e+06   1.2512207e+01
