   5.9990000e+06   0.0000000e+00
   3.3964700e+05   1.4831543e+01
   3.3966900e+05   1.6540527e+01
   6.1386000e+05   1.4526367e+01
   6.1387100e+05   1.7028809e+01
   6.1391800e+05   1.5930176e+01
   6.1396300e+05   1.5991211e+01
   6.1400900e+05   1.3183594e+01
   6.1414800e+05   1.3244629e+01
   7.2582500e+05   1.3305664e+01
   7.2585800e+05   1.2939453e+01
   7.2588700e+05   1.2939453e+01
   9.3325500e+05   2.0141602e+01
   9.3331100e+05   1.4892578e+01
   9.3335600e+05   1.3610840e+01
   9.3360900e+05   1.3793945e+01
   9.3404900e+05   1.2939453e+01
   1.1019380e+06   1.2817383e+01
   1.1845720e+06   2.8625488e+01
   1.1845980e+06   1.4465332e+01
   1.1846310e+06   1.3793945e+01
   1.1848360e+06   1.4892578e+01
   1.4080090e+06   2.2827148e+01
   1.4080340e+06   1.2878418e+01
   1.4080510e+06   1.5258789e+01
   1.4081010e+06   1.4404297e+01
   1.4081340e+06   1.3122559e+01
   1.4081700e+06   1.7578125e+01
   1.4082250e+06   1.5136719e+01
   1.4082970e+06   1.3305664e+01
   1.4084180e+06   1.3244629e+01
   1.6783980e+06   1.5441895e+01
   1.6784650e+06   1.4160156e+01
   1.6785110e+06   1.4221191e+01
   1.6785640e+06   1.4953613e+01
   1.6786730e+06   1.3183594e+01
   1.6787310e+06   1.4038086e+01
   1.6788470e+06   1.3549805e+01
   2.1032290e+06   1.3732910e+01
   2.1032460e+06   2.1301270e+01
   2.1032650e+06   1.3366699e+01
   2.1033390e+06   1.5014648e+01
   2.3821500e+06   1.5380859e+01
   2.3821700e+06   1.6967773e+01
   2.3822190e+06   1.4709473e+01
   2.3826300e+06   1.4526367e+01
   2.6695270e+06   1.4465332e+01
   2.6695470e+06   1.5197754e+01
   2.6696000e+06   1.5258789e+01
   2.6696530e+06   1.3183594e+01
   2.6696950e+06   1.6662598e+01
   2.8530680e+06   1.2939453e+01
   2.8530850e+06   2.2094727e+01
   2.8531140e+06   1.4892578e+01
   2.8531370e+06   1.9714355e+01
   2.8534250e+06   1.3366699e+01
   2.8536040e+06   1.3122559e+01
   3.2663090e+06   1.3183594e+01
   3.2663630e+06   1.3427734e+01
   3.2668210e+06   1.6235352e+01
   3.4656790e+06   1.2756348e+01
   3.5359990e+06   1.9714355e+01
   3.5360330e+06   1.4526367e+01
   3.5360530e+06   1.3977051e+01
   3.5363300e+06   1.4526367e+01
   3.8730660e+06   1.2756348e+01
   3.8730840e+06   1.9470215e+01
   3.8731220e+06   1.5563965e+01
   3.8731400e+06   1.8188477e+01
   3.8731750e+06   1.3000488e+01
   3.8732570e+06   1.3366699e+01
   3.8732980e+06   1.3122559e+01
   3.8733830e+06   1.2573242e+01
   3.8734410e+06   1.2573242e+01
   4.1342690e+06   2.2338867e+01
   4.1342910e+06   1.4526367e+01
   4.1343230e+06   1.4465332e+01
   4.1343590e+06   1.5441895e+01
   4.1346560e+06   1.3122559e+01
   4.4665880e+06   2.3559570e+01
   4.4666440e+06   1.7517090e+01
   4.4667740e+06   1.4709473e+01
   4.4672210e+06   1.2756348e+01
   4.5055390e+06   1.2756348e+01
   4.8154930e+06   2.0202637e+01
   4.8155060e+06   1.7517090e+01
   4.8155530e+06   1.3610840e+01
   4.8155850e+06   1.3122559e+01
   4.8159310e+06   1.4038086e+01
   4.8159840e+06   1.3366699e+01
   4.9354530e+06   1.2634277e+01
   5.2698100e+06   2.0324707e+01
   5.2698390e+06   1.7150879e+01
   5.2698590e+06   1.7089844e+01
   5.2699380e+06   1.3244629e+01
   5.2699860e+06   1.4282227e+01
   5.2700880e+06   1.3671875e+01
   5.2701190e+06   1.2756348e+01
   5.2701740e+06   1.2878418e+01
   5.2702940e+06   1.3366699e+01
   5.8010670e+06   1.7578125e+01
   5.8010800e+06   1.8310547e+01
   5.8011090e+06   1.3671875e+01
   5.8011250e+06   1.7028809e+01
   5.8012180e+06   1.7578125e+01
   5.8015580e+06   1.3061523e+01
