   5.9990000e+06   0.0000000e+00
   6.1385200e+05   1.5014648e+01
   6.1388500e+05   1.3977051e+01
   6.1391900e+05   1.5808105e+01
   6.6625500e+05   1.2939453e+01
   7.2597100e+05   1.2939453e+01
   9.3327300e+05   1.2573242e+01
   9.3334400e+05   1.3610840e+01
   1.1845330e+06   1.2878418e+01
   1.4080260e+06   1.2756348e+01
   1.6783900e+06   1.2939453e+01
   1.6784260e+06   1.5625000e+01
   1.7697680e+06   1.2817383e+01
   2.1032210e+06   1.2512207e+01
   2.8530950e+06   1.3671875e+01
   3.2663420e+06   1.2756348e+01
   3.8730550e+06   1.4526367e+01
   4.1342840e+06   1.3427734e+01
   4.4665860e+06   1.3366699e+01
   4.4666990e+06   1.6845703e+01
   4.8154670e+06   1.3183594e+01
   4.9453020e+06   1.3244629e+01
   5.2697700e+06   1.3061523e+01
   5.8010920e+06   1.5014648e+01
