   5.9990000e+06   0.0000000e+00
   3.3967900e+05   1.6723633e+01
   3.3979200e+05   1.3977051e+01
   6.1388600e+05   2.0385742e+01
   6.1395800e+05   1.3610840e+01
   6.1426000e+05   1.3916016e+01
   7.2584700e+05   1.5808105e+01
   7.2588700e+05   1.3732910e+01
   9.3327000e+05   1.3061523e+01
   9.3330100e+05   1.4709473e+01
   9.3334000e+05   1.4099121e+01
   1.1845940e+06   1.4465332e+01
   1.1847360e+06   1.4831543e+01
   1.4079600e+06   1.3366699e+01
   1.4080350e+06   1.8066406e+01
   1.4081510e+06   1.2756348e+01
   1.6784330e+06   1.9531250e+01
   1.6785870e+06   1.4099121e+01
   2.1032630e+06   1.4648438e+01
   2.1034540e+06   1.2756348e+01
   2.3821900e+06   1.2695312e+01
   2.3822630e+06   1.3427734e+01
   2.6695680e+06   1.5869141e+01
   2.8531140e+06   1.7517090e+01
   2.8531480e+06   1.2939453e+01
   2.8532140e+06   1.2573242e+01
   2.8920830e+06   1.3122559e+01
   3.2663610e+06   2.2827148e+01
   3.5359830e+06   1.3671875e+01
   3.5360190e+06   1.2817383e+01
   3.5360310e+06   1.6540527e+01
   3.8730810e+06   1.3916016e+01
   3.8731030e+06   1.6784668e+01
   3.8731210e+06   1.3366699e+01
   3.8732470e+06   1.3061523e+01
   3.8733010e+06   1.2878418e+01
   4.1342680e+06   1.3061523e+01
   4.1342940e+06   1.4892578e+01
   4.4665810e+06   1.2878418e+01
   4.4666160e+06   1.6357422e+01
   4.4668230e+06   1.3000488e+01
   4.5798700e+06   1.2695313e+01
   4.8155120e+06   1.4709473e+01
   4.8155810e+06   1.2939453e+01
   5.2408050e+06   1.2756348e+01
   5.2698290e+06   1.4770508e+01
   5.2700180e+06   1.2878418e+01
   5.2701200e+06   1.4160156e+01
   5.3992110e+06   1.3366699e+01
   5.8011020e+06   1.4648438e+01
   5.8011370e+06   1.4404297e+01
   5.8012730e+06   1.3854980e+01
   5.8013000e+06   1.3977051e+01
