   5.9990000e+06   0.0000000e+00
   3.3960400e+05   1.3549805e+01
   4.6334200e+05   1.2145996e+01
   7.2576000e+05   1.3427734e+01
   7.2578800e+05   1.3427734e+01
   7.2608400e+05   1.3183594e+01
   9.3319000e+05   1.4038086e+01
   1.1845160e+06   1.3061523e+01
   1.1845440e+06   1.2817383e+01
   1.9064510e+06   1.2329102e+01
   2.3821120e+06   1.3366699e+01
   2.6694940e+06   1.2145996e+01
   2.8529650e+06   1.2451172e+01
   3.2663000e+06   1.2939453e+01
   3.2663760e+06   1.2634277e+01
   3.5359110e+06   1.2329102e+01
   4.9188740e+06   1.2451172e+01
   5.8009850e+06   1.2512207e+01
   5.8010230e+06   1.2573242e+01
   5.8185030e+06   1.2451172e+01
