   5.9990000e+06   0.0000000e+00
   3.4429400e+05   1.9714355e+01
   9.8717100e+05   1.9958496e+01
   1.7332730e+06   2.1240234e+01
   1.7945510e+06   1.9714355e+01
   1.8067570e+06   1.9958496e+01
   2.2329630e+06   1.8920898e+01
   2.3089860e+06   2.0202637e+01
   2.6254490e+06   2.0324707e+01
   2.6632420e+06   1.9592285e+01
   2.9482180e+06   2.0385742e+01
   4.2918510e+06   1.9470215e+01
   4.7154340e+06   1.9775391e+01
   5.1684870e+06   1.9348145e+01
   5.2028900e+06   2.2521973e+01
   5.7632140e+06   1.9836426e+01
