   5.9990000e+06   0.0000000e+00
   3.3974300e+05   1.5380859e+01
   3.3978600e+05   1.6601562e+01
   3.3984300e+05   1.3732910e+01
   3.3994300e+05   1.3916016e+01
   3.4036400e+05   1.3000488e+01
   6.1395800e+05   1.3122559e+01
   6.1399400e+05   1.5014648e+01
   6.1405800e+05   1.4648438e+01
   6.1410700e+05   1.2634277e+01
   6.1442700e+05   1.3061523e+01
   7.2592400e+05   1.4343262e+01
   7.2594100e+05   1.2817383e+01
   7.2599600e+05   1.3610840e+01
   9.3334300e+05   1.2878418e+01
   9.3339100e+05   1.3977051e+01
   1.1846710e+06   1.4587402e+01
   1.1846990e+06   1.5991211e+01
   1.1847350e+06   1.3122559e+01
   1.1855610e+06   1.2817383e+01
   1.3051390e+06   1.2573242e+01
   1.4080970e+06   1.2634277e+01
   1.4081390e+06   1.6418457e+01
   1.4081910e+06   1.4587402e+01
   1.4082470e+06   1.6784668e+01
   1.6785050e+06   1.3977051e+01
   1.6785440e+06   1.3671875e+01
   1.6785790e+06   1.4953613e+01
   1.6786130e+06   1.2451172e+01
   2.1033350e+06   1.2878418e+01
   2.1034030e+06   1.2634277e+01
   2.1041320e+06   1.2695312e+01
   2.3831770e+06   1.4587402e+01
   2.6696320e+06   1.2573242e+01
   2.6696600e+06   1.3244629e+01
   2.6918410e+06   1.3488770e+01
   2.8087730e+06   1.3366699e+01
   2.8531770e+06   1.4770508e+01
   2.8531870e+06   1.4404297e+01
   3.2664150e+06   1.2939453e+01
   3.2664550e+06   1.4526367e+01
   3.2664670e+06   1.4770508e+01
   3.2664980e+06   1.3305664e+01
   3.2670010e+06   1.3061523e+01
   3.5361230e+06   1.4587402e+01
   3.5362250e+06   1.3183594e+01
   3.5968500e+06   1.2695312e+01
   3.7610240e+06   1.3427734e+01
   3.8731510e+06   1.2756348e+01
   3.8731780e+06   1.2512207e+01
   3.8732130e+06   1.3732910e+01
   3.8732460e+06   1.3854980e+01
   3.8733230e+06   1.7639160e+01
   4.0477060e+06   1.3061523e+01
   4.1343700e+06   1.4099121e+01
   4.1343990e+06   1.5747070e+01
   4.4667740e+06   1.3122559e+01
   4.4674960e+06   1.3061523e+01
   4.8158650e+06   1.2756348e+01
   5.2699040e+06   1.4282227e+01
   5.5166230e+06   1.2817383e+01
   5.8011630e+06   1.2512207e+01
   5.8011890e+06   1.3122559e+01
   5.8019090e+06   1.3061523e+01
