   5.9990000e+06   0.0000000e+00
   3.3965800e+05   1.3549805e+01
   3.3968400e+05   1.7272949e+01
   3.3971000e+05   1.3183594e+01
   3.5901900e+05   1.3061523e+01
   6.1391600e+05   1.3671875e+01
   6.1398100e+05   1.2634277e+01
   7.2582400e+05   1.4587402e+01
   7.2584100e+05   1.5930176e+01
   9.3323900e+05   1.3366699e+01
   9.3329900e+05   1.3061523e+01
   1.1817800e+06   1.2573242e+01
   1.1845580e+06   1.2573242e+01
   1.1848300e+06   1.3000488e+01
   1.3477370e+06   1.3366699e+01
   1.6784140e+06   1.3488770e+01
   2.1032390e+06   1.2756348e+01
   2.3821870e+06   1.4404297e+01
   2.6695300e+06   1.3061523e+01
   2.8530760e+06   1.3122559e+01
   2.8730190e+06   1.3183594e+01
   3.2663250e+06   1.4404297e+01
   3.5359850e+06   1.3610840e+01
   3.5360420e+06   1.3977051e+01
   3.8730990e+06   1.3549805e+01
   3.8731490e+06   1.2695312e+01
   4.0268550e+06   1.3061523e+01
   4.4665870e+06   1.5930176e+01
   4.7745660e+06   1.2939453e+01
   5.2698580e+06   1.2756348e+01
   5.2698990e+06   1.2756348e+01
   5.8010880e+06   1.3427734e+01
   5.8012260e+06   1.2634277e+01
