   5.9990000e+06   0.0000000e+00
   2.3895000e+04   2.1606445e+01
   2.3944000e+04   1.5380859e+01
   2.3996000e+04   1.7944336e+01
   2.4371000e+04   1.3732910e+01
   3.5984200e+05   1.4343262e+01
   5.0777100e+05   1.4770508e+01
   5.4159500e+05   1.4587402e+01
   5.4169000e+05   1.3854980e+01
   8.2880300e+05   1.5441895e+01
   8.2883500e+05   1.4587402e+01
   8.2887100e+05   1.5808105e+01
   1.0566820e+06   1.6357422e+01
   1.0567120e+06   1.4587402e+01
   1.3265580e+06   1.4770508e+01
   1.9043290e+06   1.3977051e+01
   2.4327790e+06   1.5747070e+01
   2.4331340e+06   1.4038086e+01
   2.5892670e+06   1.4648438e+01
   2.5893160e+06   1.8798828e+01
   2.5895660e+06   1.4892578e+01
   2.7014650e+06   1.6174316e+01
   3.0850510e+06   1.4404297e+01
   3.4385490e+06   1.5075684e+01
   3.6011240e+06   1.6357422e+01
   3.8605890e+06   1.6784668e+01
   4.1467840e+06   1.8371582e+01
   4.1468670e+06   1.5991211e+01
   4.1468830e+06   1.4343262e+01
   4.1469340e+06   1.9165039e+01
   4.1469850e+06   1.4465332e+01
   4.1472920e+06   1.6784668e+01
   4.1634630e+06   1.5625000e+01
   4.1635290e+06   1.4465332e+01
   4.1635720e+06   1.5502930e+01
   4.1637130e+06   1.4648438e+01
   4.1640040e+06   1.4160156e+01
   4.2795820e+06   1.5136719e+01
   4.2796000e+06   1.5441895e+01
   4.2796800e+06   2.1667480e+01
   4.2797060e+06   1.5319824e+01
   4.4582650e+06   1.8066406e+01
   4.4582990e+06   1.5136719e+01
   4.4583330e+06   1.6418457e+01
   4.4583770e+06   1.5136719e+01
   4.4584400e+06   1.6662598e+01
   4.6217050e+06   1.4038086e+01
   4.6217640e+06   1.5441895e+01
   4.6218090e+06   1.5014648e+01
   4.6218400e+06   1.5075684e+01
   4.6220220e+06   1.3977051e+01
   4.6221230e+06   1.4038086e+01
   4.8769980e+06   1.6479492e+01
   5.1411950e+06   1.6906738e+01
   5.1413570e+06   1.5563965e+01
   5.1415360e+06   1.4099121e+01
   5.1416930e+06   1.4404297e+01
   5.1417990e+06   1.4953613e+01
   5.1605450e+06   1.5014648e+01
   5.3653780e+06   1.6235352e+01
   5.3654170e+06   1.4587402e+01
   5.3657370e+06   1.4282227e+01
   5.6546230e+06   1.8493652e+01
   5.6546670e+06   1.5075684e+01
   5.6547250e+06   1.5380859e+01
   5.6547850e+06   1.4526367e+01
   5.6550500e+06   1.4221191e+01
   5.8976470e+06   1.5441895e+01
   5.8976690e+06   1.5014648e+01
