   5.9990000e+06   0.0000000e+00
   2.3613000e+04   2.1667480e+01
   2.3653000e+04   3.9428711e+01
   2.3681000e+04   2.9541016e+01
   2.3695000e+04   3.5156250e+01
   2.3727000e+04   1.7211914e+01
   2.3749000e+04   2.2033691e+01
   2.3772000e+04   3.5766602e+01
   2.3801000e+04   2.3132324e+01
   2.3814000e+04   3.6804199e+01
   2.3838000e+04   1.6235352e+01
   2.3859000e+04   1.8188477e+01
   2.3910000e+04   1.8859863e+01
   2.3943000e+04   1.4892578e+01
   2.3965000e+04   1.4953613e+01
   2.4029000e+04   1.5869141e+01
   2.4048000e+04   2.5756836e+01
   2.4078000e+04   1.7944336e+01
   2.4148000e+04   2.2155762e+01
   2.4183000e+04   1.4892578e+01
   2.4233000e+04   1.8005371e+01
   2.4319000e+04   2.0751953e+01
   2.4418000e+04   2.0324707e+01
   2.4507000e+04   1.7761230e+01
   2.4593000e+04   2.2094727e+01
   2.4694000e+04   1.6967773e+01
   4.0472000e+04   1.4343262e+01
   1.1026300e+05   2.4291992e+01
   1.7495700e+05   1.6906738e+01
   1.7500400e+05   2.2277832e+01
   1.7503700e+05   1.4892578e+01
   1.7529100e+05   1.5014648e+01
   1.7558000e+05   1.6418457e+01
   2.2170100e+05   1.5258789e+01
   2.3552600e+05   1.6967773e+01
   3.5908300e+05   1.6418457e+01
   3.5914100e+05   1.4343262e+01
   3.5915100e+05   1.7395020e+01
   3.5920100e+05   3.9855957e+01
   3.5923100e+05   2.9663086e+01
   3.5953000e+05   1.5136719e+01
   3.5965600e+05   2.3864746e+01
   3.5970700e+05   2.1118164e+01
   3.5972300e+05   1.9042969e+01
   3.5977300e+05   1.4099121e+01
   3.5979300e+05   2.3498535e+01
   3.5982900e+05   1.6052246e+01
   3.5989300e+05   1.4221191e+01
   3.5991500e+05   1.6296387e+01
   3.5993600e+05   2.0935059e+01
   3.5999300e+05   1.5686035e+01
   3.6006700e+05   1.5441895e+01
   3.6008000e+05   1.7517090e+01
   3.6011900e+05   2.1606445e+01
   3.6025900e+05   1.6235352e+01
   3.6036500e+05   2.3193359e+01
   3.6041600e+05   1.4831543e+01
   3.6044200e+05   2.2216797e+01
   3.6057500e+05   3.1188965e+01
   4.1064600e+05   1.7272949e+01
   4.1073500e+05   1.4404297e+01
   5.4087000e+05   1.6906738e+01
   5.4088600e+05   1.7272949e+01
   5.4091600e+05   1.6540527e+01
   5.4093900e+05   1.6479492e+01
   5.4096800e+05   1.7578125e+01
   5.4111600e+05   2.5329590e+01
   5.4112800e+05   1.6601562e+01
   5.4123200e+05   2.7038574e+01
   5.4125500e+05   1.4099121e+01
   5.4131500e+05   2.2094727e+01
   5.4138000e+05   4.3823242e+01
   5.4140500e+05   2.7526855e+01
   5.4145200e+05   1.4343262e+01
   5.4154800e+05   1.7150879e+01
   5.4155800e+05   5.1818848e+01
   5.4161300e+05   1.5869141e+01
   5.4183200e+05   1.9226074e+01
   5.4204300e+05   1.4648438e+01
   5.4209300e+05   2.2033691e+01
   5.4215300e+05   1.7639160e+01
   5.4225700e+05   1.4160156e+01
   5.4230600e+05   1.4343262e+01
   5.8785700e+05   1.9775391e+01
   5.8789100e+05   2.2705078e+01
   5.8794300e+05   5.1330566e+01
   5.8797000e+05   2.0019531e+01
   5.8800400e+05   1.5625000e+01
   5.8826300e+05   1.4404297e+01
   5.8833900e+05   2.5268555e+01
   5.8835300e+05   1.4221191e+01
   5.8837900e+05   1.7211914e+01
   5.8845400e+05   1.4282227e+01
   5.8849200e+05   1.4709473e+01
   5.8854300e+05   1.7639160e+01
   5.8856200e+05   2.2460938e+01
   5.8873100e+05   1.5991211e+01
   5.8892100e+05   1.5075684e+01
   5.8895900e+05   2.3803711e+01
   5.8920200e+05   2.7221680e+01
   5.8956800e+05   1.5319824e+01
   6.6888800e+05   1.8188477e+01
   6.6925700e+05   1.7333984e+01
   6.6932000e+05   1.9226074e+01
   6.6937100e+05   1.7089844e+01
   6.6941100e+05   1.5625000e+01
   6.6944900e+05   1.7639160e+01
   6.6947000e+05   1.7761230e+01
   6.6956400e+05   2.0507812e+01
   6.6958900e+05   1.7700195e+01
   6.6965400e+05   1.5319824e+01
   6.6971200e+05   2.2949219e+01
   6.7002100e+05   1.6967773e+01
   6.7033400e+05   1.6357422e+01
   8.2830700e+05   1.6113281e+01
   8.2837600e+05   1.5258789e+01
   8.2841200e+05   1.4404297e+01
   8.2844000e+05   4.7363281e+01
   8.2858400e+05   2.4414062e+01
   8.2862300e+05   2.2521973e+01
   8.2864000e+05   2.3864746e+01
   8.2865800e+05   1.4648438e+01
   8.2868400e+05   2.1240234e+01
   8.2870900e+05   1.6357422e+01
   8.2873200e+05   1.4831543e+01
   8.2876500e+05   2.0568848e+01
   8.2879200e+05   1.8920898e+01
   8.2885300e+05   1.4465332e+01
   8.2887600e+05   2.4597168e+01
   8.2896700e+05   1.7028809e+01
   8.2897900e+05   1.8249512e+01
   8.2919600e+05   1.8493652e+01
   8.8923700e+05   1.4953613e+01
   9.2206600e+05   1.7517090e+01
   9.2210200e+05   1.5991211e+01
   9.2211900e+05   1.7089844e+01
   9.2217300e+05   2.5634766e+01
   9.2219000e+05   4.5227051e+01
   9.2221400e+05   2.0385742e+01
   9.2224900e+05   1.7333984e+01
   9.2230400e+05   2.4780273e+01
   9.2236000e+05   1.5686035e+01
   9.2241600e+05   2.2094727e+01
   9.2244200e+05   1.4709473e+01
   9.2250700e+05   1.4282227e+01
   9.2268300e+05   1.5136719e+01
   9.2282800e+05   1.4465332e+01
   9.2342500e+05   1.4709473e+01
   9.2348000e+05   1.6540527e+01
   9.8045500e+05   1.4831543e+01
   9.8055900e+05   1.4648438e+01
   9.8059800e+05   1.5380859e+01
   9.8093900e+05   1.4709473e+01
   9.8102100e+05   3.1311035e+01
   9.8113300e+05   1.4282227e+01
   9.8120400e+05   2.0996094e+01
   9.8146800e+05   2.2705078e+01
   9.8148300e+05   1.8066406e+01
   9.8161500e+05   1.6662598e+01
   9.8171900e+05   1.9592285e+01
   9.8213400e+05   1.4282227e+01
   1.0133850e+06   1.6418457e+01
   1.0558440e+06   1.4587402e+01
   1.0559790e+06   2.3864746e+01
   1.0562820e+06   1.4465332e+01
   1.0564040e+06   2.5024414e+01
   1.0564320e+06   1.7517090e+01
   1.0564760e+06   1.5197754e+01
   1.0565090e+06   1.7822266e+01
   1.0565280e+06   2.1057129e+01
   1.0566360e+06   1.5014648e+01
   1.0566730e+06   1.5747070e+01
   1.0567590e+06   1.8371582e+01
   1.0568580e+06   1.5808105e+01
   1.0569050e+06   1.5502930e+01
   1.0569160e+06   1.4587402e+01
   1.0569950e+06   1.4160156e+01
   1.0570230e+06   1.7395020e+01
   1.0573470e+06   2.1667480e+01
   1.0581610e+06   1.4953613e+01
   1.1487180e+06   1.6967773e+01
   1.1488050e+06   2.1362305e+01
   1.1490300e+06   1.6662598e+01
   1.1491520e+06   1.5930176e+01
   1.1491900e+06   2.9052734e+01
   1.1492410e+06   1.4282227e+01
   1.1493170e+06   2.0263672e+01
   1.1493460e+06   2.3437500e+01
   1.1494200e+06   1.5197754e+01
   1.1495040e+06   2.1362305e+01
   1.1495630e+06   2.4108887e+01
   1.1497440e+06   1.5686035e+01
   1.1499480e+06   1.9653320e+01
   1.1499810e+06   1.5869141e+01
   1.2005200e+06   1.5319824e+01
   1.2011160e+06   1.8310547e+01
   1.2012140e+06   2.1484375e+01
   1.2013210e+06   1.4770508e+01
   1.2013430e+06   2.5512695e+01
   1.2013680e+06   1.9226074e+01
   1.2015390e+06   1.9958496e+01
   1.2017150e+06   1.7883301e+01
   1.2019610e+06   2.2521973e+01
   1.2021570e+06   1.5991211e+01
   1.2021910e+06   1.9042969e+01
   1.2025230e+06   1.4343262e+01
   1.2029100e+06   1.4099121e+01
   1.2686790e+06   2.4108887e+01
   1.2687410e+06   1.7517090e+01
   1.2687820e+06   2.1789551e+01
   1.2688300e+06   1.4770508e+01
   1.2688830e+06   1.6784668e+01
   1.2689200e+06   1.6967773e+01
   1.2689590e+06   1.7517090e+01
   1.2690020e+06   2.0385742e+01
   1.2690130e+06   1.7700195e+01
   1.2691210e+06   1.7578125e+01
   1.2691400e+06   1.6967773e+01
   1.2691700e+06   1.4221191e+01
   1.2692480e+06   1.4221191e+01
   1.2693300e+06   1.6784668e+01
   1.2694270e+06   1.4709473e+01
   1.2695450e+06   1.9958496e+01
   1.2695550e+06   1.8859863e+01
   1.2701310e+06   1.5502930e+01
   1.3250810e+06   1.6296387e+01
   1.3251290e+06   2.4597168e+01
   1.3251990e+06   2.4047852e+01
   1.3252690e+06   2.0874023e+01
   1.3253640e+06   1.5747070e+01
   1.3254260e+06   1.6723633e+01
   1.3254450e+06   2.2460938e+01
   1.3255250e+06   1.6235352e+01
   1.3256490e+06   2.2705078e+01
   1.3257070e+06   1.4526367e+01
   1.3257400e+06   1.4404297e+01
   1.3257690e+06   1.4404297e+01
   1.3257900e+06   2.6611328e+01
   1.3259130e+06   1.5930176e+01
   1.3261120e+06   1.4892578e+01
   1.3261460e+06   1.7883301e+01
   1.3263520e+06   1.5502930e+01
   1.3553720e+06   2.2277832e+01
   1.4591770e+06   1.6296387e+01
   1.4592860e+06   1.7272949e+01
   1.4593410e+06   1.4160156e+01
   1.4594020e+06   1.5380859e+01
   1.4594450e+06   1.9592285e+01
   1.4595600e+06   1.4465332e+01
   1.4595740e+06   1.5991211e+01
   1.4596290e+06   1.6357422e+01
   1.4596930e+06   1.7089844e+01
   1.4597560e+06   2.0446777e+01
   1.4597840e+06   2.7526855e+01
   1.4598620e+06   1.6418457e+01
   1.4599780e+06   1.8737793e+01
   1.4601170e+06   1.4587402e+01
   1.5333450e+06   1.7272949e+01
   1.5333940e+06   2.4780273e+01
   1.5334190e+06   1.8127441e+01
   1.5334830e+06   2.1728516e+01
   1.5335260e+06   1.9653320e+01
   1.5335990e+06   2.2155762e+01
   1.5336090e+06   1.4465332e+01
   1.5336580e+06   1.5319824e+01
   1.5337890e+06   2.2460938e+01
   1.5338750e+06   1.4282227e+01
   1.5344770e+06   1.5991211e+01
   1.5355050e+06   1.5014648e+01
   1.5909950e+06   1.6296387e+01
   1.5916290e+06   1.5747070e+01
   1.5916600e+06   1.7272949e+01
   1.5918250e+06   1.8920898e+01
   1.5920290e+06   1.6113281e+01
   1.5920630e+06   2.1057129e+01
   1.5922370e+06   1.5563965e+01
   1.7471390e+06   1.7395020e+01
   1.7478820e+06   1.5747070e+01
   1.7482270e+06   2.7038574e+01
   1.7482470e+06   1.4099121e+01
   1.7482720e+06   1.4770508e+01
   1.7483260e+06   3.6376953e+01
   1.7483700e+06   1.4343262e+01
   1.7483940e+06   3.4301758e+01
   1.7484200e+06   1.4282227e+01
   1.7484960e+06   3.6071777e+01
   1.7485240e+06   2.0202637e+01
   1.7485340e+06   1.5380859e+01
   1.7485970e+06   4.1137695e+01
   1.7486100e+06   2.1484375e+01
   1.7486540e+06   1.8737793e+01
   1.7486740e+06   1.5625000e+01
   1.7487560e+06   1.5869141e+01
   1.7487920e+06   2.7648926e+01
   1.7488650e+06   1.4953613e+01
   1.7489870e+06   1.6967773e+01
   1.7490120e+06   1.6174316e+01
   1.7491280e+06   2.0019531e+01
   1.7491850e+06   1.4587402e+01
   1.8795700e+06   2.3376465e+01
   1.8797330e+06   4.4128418e+01
   1.8799180e+06   1.6113281e+01
   1.8802550e+06   1.5869141e+01
   1.8803030e+06   3.5827637e+01
   1.8804330e+06   2.2094727e+01
   1.8804790e+06   1.5502930e+01
   1.8805850e+06   1.8676758e+01
   1.8805960e+06   1.8127441e+01
   1.8807250e+06   1.6296387e+01
   1.8808010e+06   2.1057129e+01
   1.8810380e+06   1.9348145e+01
   1.8810880e+06   1.4343262e+01
   1.9227970e+06   1.7272949e+01
   1.9228430e+06   1.9653320e+01
   1.9228570e+06   2.4047852e+01
   1.9231490e+06   1.5991211e+01
   1.9231890e+06   1.6418457e+01
   1.9234270e+06   1.6723633e+01
   1.9234580e+06   1.7333984e+01
   1.9234780e+06   1.7822266e+01
   1.9235780e+06   1.4648438e+01
   1.9236030e+06   1.5625000e+01
   1.9236970e+06   1.7211914e+01
   1.9237550e+06   1.9470215e+01
   1.9237950e+06   1.4221191e+01
   1.9238480e+06   1.4892578e+01
   1.9239180e+06   1.4648438e+01
   1.9239570e+06   2.1972656e+01
   1.9239880e+06   1.4099121e+01
   1.9240360e+06   1.4404297e+01
   1.9242350e+06   2.1057129e+01
   1.9242630e+06   1.4221191e+01
   1.9245510e+06   1.5808105e+01
   1.9386320e+06   1.7211914e+01
   1.9803630e+06   2.4047852e+01
   1.9857750e+06   1.6113281e+01
   1.9863490e+06   1.7028809e+01
   1.9864740e+06   2.0874023e+01
   1.9865640e+06   1.6296387e+01
   1.9865970e+06   1.6967773e+01
   1.9866120e+06   2.8930664e+01
   1.9866630e+06   1.7700195e+01
   1.9867560e+06   2.6428223e+01
   1.9868880e+06   1.6479492e+01
   1.9869150e+06   1.5563965e+01
   1.9870010e+06   1.6723633e+01
   1.9872530e+06   2.0385742e+01
   1.9872790e+06   1.7700195e+01
   1.9874800e+06   1.5258789e+01
   1.9879410e+06   1.4648438e+01
   2.0402040e+06   1.4892578e+01
   2.0402670e+06   1.7272949e+01
   2.0405840e+06   1.5625000e+01
   2.0406540e+06   1.5014648e+01
   2.0408540e+06   2.2949219e+01
   2.0409090e+06   1.7272949e+01
   2.0409300e+06   1.4709473e+01
   2.0409750e+06   1.9836426e+01
   2.0410180e+06   1.6845703e+01
   2.0411660e+06   2.4291992e+01
   2.0413750e+06   2.3498535e+01
   2.0416020e+06   1.4343262e+01
   2.0416780e+06   1.8310547e+01
   2.0416960e+06   1.4404297e+01
   2.0417750e+06   1.5075684e+01
   2.0419850e+06   1.4221191e+01
   2.0866780e+06   1.5563965e+01
   2.0867380e+06   2.3315430e+01
   2.0868030e+06   2.5634766e+01
   2.0872440e+06   2.2094727e+01
   2.0873730e+06   1.4892578e+01
   2.0874120e+06   2.0324707e+01
   2.0875440e+06   1.4770508e+01
   2.0876320e+06   2.3254395e+01
   2.0876570e+06   1.5441895e+01
   2.0881120e+06   1.4709473e+01
   2.0883410e+06   1.9592285e+01
   2.1250180e+06   1.5441895e+01
   2.1587230e+06   1.6601562e+01
   2.1806650e+06   1.7089844e+01
   2.1807290e+06   2.3986816e+01
   2.1807820e+06   1.4587402e+01
   2.1808350e+06   4.2480469e+01
   2.1808680e+06   1.7456055e+01
   2.1809350e+06   2.3315430e+01
   2.1809970e+06   1.5930176e+01
   2.1812390e+06   1.9897461e+01
   2.1813350e+06   1.5380859e+01
   2.1814670e+06   2.1728516e+01
   2.1815150e+06   1.4160156e+01
   2.1816680e+06   1.6967773e+01
   2.1816850e+06   1.9653320e+01
   2.3066440e+06   1.4526367e+01
   2.3066650e+06   1.4343262e+01
   2.3067200e+06   2.2094727e+01
   2.3068120e+06   2.2338867e+01
   2.3070700e+06   1.6540527e+01
   2.3070960e+06   1.4953613e+01
   2.3074160e+06   1.6357422e+01
   2.3075360e+06   2.0996094e+01
   2.3091800e+06   1.4404297e+01
   2.3091900e+06   2.2888184e+01
   2.3092740e+06   1.5441895e+01
   2.3093130e+06   2.2521973e+01
   2.3094530e+06   2.5207520e+01
   2.3094820e+06   2.0935059e+01
   2.3095900e+06   1.8371582e+01
   2.3096460e+06   2.1606445e+01
   2.3096590e+06   1.5014648e+01
   2.3098110e+06   1.6357422e+01
   2.3098630e+06   1.6418457e+01
   2.3099570e+06   1.4953613e+01
   2.3633440e+06   1.6174316e+01
   2.3634220e+06   1.8127441e+01
   2.3634560e+06   1.5380859e+01
   2.3634880e+06   2.6611328e+01
   2.4317580e+06   1.5319824e+01
   2.4318360e+06   1.6967773e+01
   2.4318820e+06   1.7944336e+01
   2.4324850e+06   1.5747070e+01
   2.4329140e+06   1.8432617e+01
   2.4329320e+06   2.4597168e+01
   2.4329670e+06   2.8076172e+01
   2.4329860e+06   1.9775391e+01
   2.4330190e+06   1.7944336e+01
   2.4330320e+06   1.6845703e+01
   2.4330610e+06   3.9672852e+01
   2.4330740e+06   3.3630371e+01
   2.4331060e+06   4.0283203e+01
   2.4331260e+06   1.8005371e+01
   2.4331390e+06   2.6062012e+01
   2.4331680e+06   1.5930176e+01
   2.4331820e+06   1.9470215e+01
   2.4332050e+06   1.8188477e+01
   2.4332150e+06   2.0385742e+01
   2.4332540e+06   1.7944336e+01
   2.4332680e+06   1.8066406e+01
   2.4333270e+06   1.9958496e+01
   2.4334020e+06   2.0324707e+01
   2.4334850e+06   2.2094727e+01
   2.4335550e+06   1.9348145e+01
   2.4335780e+06   1.7761230e+01
   2.4336190e+06   2.2705078e+01
   2.4336940e+06   1.4465332e+01
   2.4337760e+06   2.3315430e+01
   2.4338770e+06   1.9897461e+01
   2.5887410e+06   1.4587402e+01
   2.5888070e+06   2.1972656e+01
   2.5888360e+06   1.4282227e+01
   2.5888480e+06   2.7465820e+01
   2.5888650e+06   1.5686035e+01
   2.5889400e+06   1.9470215e+01
   2.5889620e+06   1.4160156e+01
   2.5889860e+06   1.5136719e+01
   2.5890090e+06   2.6123047e+01
   2.5890410e+06   1.5319824e+01
   2.5890610e+06   3.9611816e+01
   2.5890980e+06   2.4414062e+01
   2.5891210e+06   2.2460938e+01
   2.5891510e+06   1.7761230e+01
   2.5891610e+06   2.2399902e+01
   2.5891790e+06   1.4831543e+01
   2.5891910e+06   1.5563965e+01
   2.5892300e+06   1.7761230e+01
   2.5892420e+06   1.8310547e+01
   2.5893370e+06   2.3193359e+01
   2.5893810e+06   1.4709473e+01
   2.5894480e+06   2.6550293e+01
   2.5899600e+06   1.5747070e+01
   2.5900850e+06   1.6235352e+01
   2.6067920e+06   1.5197754e+01
   2.6073240e+06   1.5197754e+01
   2.7009620e+06   1.5991211e+01
   2.7010260e+06   1.5075684e+01
   2.7010410e+06   1.6662598e+01
   2.7011160e+06   2.8564453e+01
   2.7011520e+06   2.9602051e+01
   2.7011940e+06   1.6418457e+01
   2.7012400e+06   1.9653320e+01
   2.7012790e+06   1.8981934e+01
   2.7013080e+06   2.0629883e+01
   2.7013480e+06   2.0385742e+01
   2.7013750e+06   1.8310547e+01
   2.7014240e+06   1.4892578e+01
   2.7014590e+06   1.6906738e+01
   2.7015010e+06   2.3864746e+01
   2.7015140e+06   1.5014648e+01
   2.7015490e+06   1.4526367e+01
   2.7015990e+06   1.6967773e+01
   2.8064890e+06   2.5634766e+01
   2.8067220e+06   2.5756836e+01
   2.8068870e+06   1.6784668e+01
   2.8069480e+06   2.4841309e+01
   2.8069910e+06   1.6174316e+01
   2.8070410e+06   1.4465332e+01
   2.8070860e+06   4.5104980e+01
   2.8071380e+06   2.3010254e+01
   2.8072150e+06   1.6479492e+01
   2.8073410e+06   2.1667480e+01
   2.8074540e+06   1.6113281e+01
   2.8074730e+06   1.5380859e+01
   2.8075360e+06   1.4770508e+01
   2.8076240e+06   1.5930176e+01
   2.8078060e+06   1.6906738e+01
   2.8508260e+06   2.0874023e+01
   2.8508640e+06   1.5136719e+01
   2.8508810e+06   1.5258789e+01
   2.8508960e+06   1.5258789e+01
   2.8509510e+06   1.8188477e+01
   2.8509680e+06   5.0781250e+01
   2.8513280e+06   1.8737793e+01
   2.8514480e+06   1.4099121e+01
   3.0347900e+06   1.4282227e+01
   3.0851710e+06   2.3437500e+01
   3.0852670e+06   2.6977539e+01
   3.0853020e+06   4.3029785e+01
   3.0853220e+06   1.6174316e+01
   3.0853320e+06   2.3010254e+01
   3.0853480e+06   3.8452148e+01
   3.0853780e+06   2.2399902e+01
   3.0853920e+06   3.2592773e+01
   3.0854150e+06   2.3132324e+01
   3.0854530e+06   2.4047852e+01
   3.0854850e+06   2.1301270e+01
   3.0854950e+06   2.1545410e+01
   3.0855160e+06   1.9165039e+01
   3.0855550e+06   2.0751953e+01
   3.0855740e+06   1.6479492e+01
   3.0856070e+06   1.6479492e+01
   3.0856220e+06   1.5869141e+01
   3.0856340e+06   1.5136719e+01
   3.0856650e+06   1.5686035e+01
   3.0856970e+06   1.5563965e+01
   3.0857250e+06   1.6174316e+01
   3.0857630e+06   1.7089844e+01
   3.0858320e+06   1.8188477e+01
   3.0859350e+06   1.4587402e+01
   3.0914480e+06   1.4282227e+01
   3.1011060e+06   1.5563965e+01
   3.1015910e+06   1.4465332e+01
   3.1019650e+06   1.4953613e+01
   3.1020020e+06   1.5930176e+01
   3.1021230e+06   1.8310547e+01
   3.1021540e+06   2.1057129e+01
   3.1022340e+06   2.7832031e+01
   3.1023170e+06   1.7028809e+01
   3.1023450e+06   1.4709473e+01
   3.1023620e+06   3.8635254e+01
   3.1023820e+06   2.6916504e+01
   3.1024180e+06   2.3986816e+01
   3.1024350e+06   1.8371582e+01
   3.1024710e+06   1.8188477e+01
   3.1024870e+06   1.9226074e+01
   3.1025040e+06   1.7944336e+01
   3.1025520e+06   2.8747559e+01
   3.1026280e+06   1.4465332e+01
   3.1026510e+06   1.7700195e+01
   3.1026920e+06   1.4343262e+01
   3.1027350e+06   2.0935059e+01
   3.1027460e+06   2.2277832e+01
   3.1027850e+06   1.4831543e+01
   3.1027950e+06   1.7456055e+01
   3.1028380e+06   1.7517090e+01
   3.1028840e+06   1.5625000e+01
   3.1029070e+06   1.4526367e+01
   3.1029300e+06   1.6784668e+01
   3.1029940e+06   1.4648438e+01
   3.1030160e+06   1.4526367e+01
   3.1030390e+06   1.4831543e+01
   3.1031840e+06   1.4648438e+01
   3.1032080e+06   1.4831543e+01
   3.1032690e+06   1.5991211e+01
   3.1033000e+06   1.5686035e+01
   3.1033480e+06   1.8249512e+01
   3.1034800e+06   1.5136719e+01
   3.1035570e+06   1.6174316e+01
   3.1036650e+06   1.4953613e+01
   3.1037800e+06   1.8859863e+01
   3.1037900e+06   1.6052246e+01
   3.1039420e+06   1.6235352e+01
   3.1040810e+06   1.5502930e+01
   3.1042370e+06   1.8310547e+01
   3.1043740e+06   2.0507813e+01
   3.1045070e+06   1.8127441e+01
   3.1048370e+06   1.5747070e+01
   3.1050300e+06   1.8005371e+01
   3.1052030e+06   1.7272949e+01
   3.1053720e+06   1.4770508e+01
   3.1055530e+06   1.7395020e+01
   3.1057110e+06   2.0141602e+01
   3.1058590e+06   1.5319824e+01
   3.1059970e+06   1.5686035e+01
   3.1129850e+06   1.6906738e+01
   3.1131890e+06   1.7456055e+01
   3.1137860e+06   1.4831543e+01
   3.1144220e+06   1.5136719e+01
   3.1146430e+06   1.4587402e+01
   3.1148730e+06   1.4526367e+01
   3.1263380e+06   1.5197754e+01
   3.1994850e+06   1.4343262e+01
   3.4376030e+06   2.0141602e+01
   3.4376610e+06   1.4709473e+01
   3.4376840e+06   1.5869141e+01
   3.4379800e+06   1.9409180e+01
   3.4380200e+06   1.7639160e+01
   3.4381570e+06   1.6967773e+01
   3.4382150e+06   1.5441895e+01
   3.4382350e+06   1.5808105e+01
   3.4383560e+06   1.4282227e+01
   3.4384540e+06   1.6479492e+01
   3.4386640e+06   1.8310547e+01
   3.4389440e+06   1.7517090e+01
   3.4389580e+06   1.9897461e+01
   3.4392110e+06   2.6245117e+01
   3.4392910e+06   1.4770508e+01
   3.4393360e+06   1.4953613e+01
   3.4394280e+06   1.5075684e+01
   3.4849010e+06   1.5991211e+01
   3.4850170e+06   2.0812988e+01
   3.4853850e+06   1.5380859e+01
   3.4855860e+06   1.9531250e+01
   3.4855980e+06   1.7944336e+01
   3.4856550e+06   1.7211914e+01
   3.4857260e+06   2.6550293e+01
   3.4858020e+06   1.5930176e+01
   3.4858250e+06   1.4465332e+01
   3.4859140e+06   2.2338867e+01
   3.4859770e+06   1.7944336e+01
   3.4859940e+06   1.6235352e+01
   3.4861550e+06   1.9958496e+01
   3.4863540e+06   1.5136719e+01
   3.4864620e+06   1.5625000e+01
   3.4868800e+06   2.0324707e+01
   3.5428480e+06   1.5930176e+01
   3.5428970e+06   2.7404785e+01
   3.5429220e+06   1.9836426e+01
   3.5429560e+06   1.8737793e+01
   3.5430650e+06   1.8981934e+01
   3.5432640e+06   1.6723633e+01
   3.5433180e+06   2.1911621e+01
   3.5434240e+06   1.5991211e+01
   3.5435940e+06   1.6540527e+01
   3.5437580e+06   1.6967773e+01
   3.5438070e+06   2.2399902e+01
   3.5438470e+06   1.5319824e+01
   3.5439950e+06   1.5075684e+01
   3.5443510e+06   1.4587402e+01
   3.5942090e+06   1.6784668e+01
   3.5949180e+06   1.4526367e+01
   3.6993220e+06   1.8432617e+01
   3.6998090e+06   1.5930176e+01
   3.6999760e+06   1.7517090e+01
   3.7000290e+06   1.5808105e+01
   3.7000540e+06   2.6123047e+01
   3.7000820e+06   1.5258789e+01
   3.7001720e+06   2.3925781e+01
   3.7001910e+06   1.4587402e+01
   3.7002240e+06   1.4465332e+01
   3.7003440e+06   2.7099609e+01
   3.7004800e+06   1.7761230e+01
   3.7005630e+06   1.6601562e+01
   3.7007030e+06   2.4230957e+01
   3.7007340e+06   1.5625000e+01
   3.7007780e+06   1.4343262e+01
   3.7009070e+06   1.6906738e+01
   3.7009310e+06   1.6601562e+01
   3.7009570e+06   1.4953613e+01
   3.7012130e+06   1.5808105e+01
   3.7014500e+06   1.5258789e+01
   3.7019980e+06   1.5014648e+01
   3.8598070e+06   2.0019531e+01
   3.8598700e+06   1.8005371e+01
   3.8601760e+06   1.9042969e+01
   3.8602550e+06   2.6916504e+01
   3.8603540e+06   1.5197754e+01
   3.8604020e+06   1.6296387e+01
   3.8604200e+06   2.5573730e+01
   3.8605390e+06   1.6845703e+01
   3.8606050e+06   1.9897461e+01
   3.8607200e+06   1.5380859e+01
   3.8609250e+06   1.5075684e+01
   3.8610160e+06   2.4658203e+01
   3.8610340e+06   1.4343262e+01
   3.8612520e+06   1.6906738e+01
   4.1463260e+06   1.8798828e+01
   4.1463670e+06   1.4404297e+01
   4.1464040e+06   1.4282227e+01
   4.1464760e+06   1.8066406e+01
   4.1465490e+06   5.0903320e+01
   4.1465970e+06   3.2104492e+01
   4.1466240e+06   2.2277832e+01
   4.1466420e+06   2.3498535e+01
   4.1466540e+06   1.8371582e+01
   4.1466800e+06   5.4626465e+01
   4.1466950e+06   3.0944824e+01
   4.1467140e+06   2.5085449e+01
   4.1467370e+06   2.4353027e+01
   4.1467620e+06   2.4108887e+01
   4.1467940e+06   1.5197754e+01
   4.1468150e+06   2.3498535e+01
   4.1468270e+06   1.5686035e+01
   4.1468780e+06   1.7272949e+01
   4.1469250e+06   1.5625000e+01
   4.1469480e+06   2.1301270e+01
   4.1469820e+06   1.4526367e+01
   4.1470100e+06   2.4108887e+01
   4.1470310e+06   1.8798828e+01
   4.1470530e+06   1.5441895e+01
   4.1470920e+06   2.1972656e+01
   4.1471100e+06   1.9531250e+01
   4.1471720e+06   1.4526367e+01
   4.1472150e+06   2.0019531e+01
   4.1472850e+06   1.4465332e+01
   4.1473580e+06   1.8981934e+01
   4.1474690e+06   1.6113281e+01
   4.1627940e+06   1.4404297e+01
   4.1629070e+06   3.2104492e+01
   4.1629230e+06   2.0507812e+01
   4.1629570e+06   4.3395996e+01
   4.1629810e+06   2.1423340e+01
   4.1630030e+06   4.2663574e+01
   4.1630250e+06   1.6357422e+01
   4.1630460e+06   2.0812988e+01
   4.1630800e+06   3.0273438e+01
   4.1630920e+06   1.9042969e+01
   4.1631350e+06   1.4892578e+01
   4.1631640e+06   2.5390625e+01
   4.1631870e+06   2.0385742e+01
   4.1632100e+06   2.7404785e+01
   4.1632290e+06   2.1972656e+01
   4.1632390e+06   2.3559570e+01
   4.1632730e+06   1.8310547e+01
   4.1633030e+06   2.1728516e+01
   4.1633210e+06   2.1911621e+01
   4.1633410e+06   1.5686035e+01
   4.1633860e+06   3.3020020e+01
   4.1634220e+06   2.1850586e+01
   4.1634400e+06   1.8615723e+01
   4.1634510e+06   2.0263672e+01
   4.1634880e+06   1.6540527e+01
   4.1635040e+06   1.8249512e+01
   4.1635550e+06   1.6845703e+01
   4.1635670e+06   2.2277832e+01
   4.1636110e+06   1.8737793e+01
   4.1636420e+06   1.5136719e+01
   4.1636520e+06   1.5991211e+01
   4.1636870e+06   1.5930176e+01
   4.1637910e+06   1.5014648e+01
   4.1638430e+06   1.4404297e+01
   4.1638790e+06   1.6784668e+01
   4.1639010e+06   1.8371582e+01
   4.1639650e+06   1.5197754e+01
   4.1639860e+06   1.4282227e+01
   4.1640490e+06   2.0690918e+01
   4.1641470e+06   1.5502930e+01
   4.1642910e+06   1.4587402e+01
   4.1643450e+06   1.5563965e+01
   4.1658080e+06   1.5563965e+01
   4.1661350e+06   1.4892578e+01
   4.2768260e+06   1.5380859e+01
   4.2792910e+06   3.6804199e+01
   4.2793080e+06   5.2856445e+01
   4.2793390e+06   1.5197754e+01
   4.2793800e+06   1.7272949e+01
   4.2793950e+06   1.7517090e+01
   4.2794050e+06   1.5136719e+01
   4.2794520e+06   4.0283203e+01
   4.2794770e+06   2.6916504e+01
   4.2795150e+06   3.3569336e+01
   4.2795340e+06   4.1381836e+01
   4.2795560e+06   2.0751953e+01
   4.2795710e+06   2.0874023e+01
   4.2795960e+06   1.8188477e+01
   4.2796080e+06   1.8493652e+01
   4.2796430e+06   2.4719238e+01
   4.2797090e+06   2.4291992e+01
   4.2797760e+06   1.9775391e+01
   4.2798580e+06   2.0935059e+01
   4.2798800e+06   1.4648438e+01
   4.2799590e+06   1.5014648e+01
   4.2800750e+06   1.6906738e+01
   4.2801450e+06   1.9775391e+01
   4.2802130e+06   1.4282227e+01
   4.2805150e+06   1.7028809e+01
   4.2828570e+06   1.4282227e+01
   4.2839200e+06   1.4465332e+01
   4.4578900e+06   2.2155762e+01
   4.4579110e+06   1.5319824e+01
   4.4580590e+06   1.7822266e+01
   4.4580990e+06   1.6662598e+01
   4.4581200e+06   1.5075684e+01
   4.4581320e+06   2.1606445e+01
   4.4581510e+06   5.0109863e+01
   4.4581870e+06   1.8615723e+01
   4.4582140e+06   1.9897461e+01
   4.4582360e+06   4.1931152e+01
   4.4582620e+06   1.5136719e+01
   4.4582890e+06   2.0507812e+01
   4.4583260e+06   1.8127441e+01
   4.4583460e+06   2.7038574e+01
   4.4583850e+06   1.7089844e+01
   4.4584010e+06   2.0568848e+01
   4.4584270e+06   2.1240234e+01
   4.4584790e+06   2.0385742e+01
   4.4585010e+06   2.3803711e+01
   4.4585810e+06   2.1972656e+01
   4.4586190e+06   1.4709473e+01
   4.4586620e+06   2.5695801e+01
   4.4587320e+06   1.4526367e+01
   4.4588250e+06   1.6845703e+01
   4.4589150e+06   1.8676758e+01
   4.4589910e+06   1.4892578e+01
   4.4590070e+06   1.8798828e+01
   4.4599240e+06   1.4648438e+01
   4.6210970e+06   1.4709473e+01
   4.6211340e+06   2.0507812e+01
   4.6211940e+06   2.5512695e+01
   4.6212430e+06   4.7058105e+01
   4.6213170e+06   1.7150879e+01
   4.6213680e+06   2.3437500e+01
   4.6214000e+06   1.4587402e+01
   4.6214180e+06   1.8798828e+01
   4.6214430e+06   4.9499512e+01
   4.6214690e+06   2.0263672e+01
   4.6214960e+06   2.4108887e+01
   4.6215640e+06   1.4282227e+01
   4.6215900e+06   1.8737793e+01
   4.6216780e+06   2.3315430e+01
   4.6216950e+06   1.6662598e+01
   4.6217650e+06   2.5695801e+01
   4.6218870e+06   2.0202637e+01
   4.6224970e+06   1.4282227e+01
   4.6229940e+06   1.5808105e+01
   4.8770530e+06   2.1179199e+01
   4.8771560e+06   2.4536133e+01
   4.8771940e+06   1.6418457e+01
   4.8772310e+06   5.7922363e+01
   4.8772520e+06   3.2531738e+01
   4.8772820e+06   2.2583008e+01
   4.8772980e+06   3.6926270e+01
   4.8773370e+06   3.8879395e+01
   4.8773580e+06   2.1667480e+01
   4.8773760e+06   1.4648438e+01
   4.8774020e+06   2.1240234e+01
   4.8774310e+06   1.7395020e+01
   4.8774420e+06   1.5991211e+01
   4.8774570e+06   2.3437500e+01
   4.8774800e+06   2.4902344e+01
   4.8775050e+06   2.2949219e+01
   4.8775170e+06   1.8798828e+01
   4.8775430e+06   2.0935059e+01
   4.8775640e+06   2.2583008e+01
   4.8776190e+06   2.0629883e+01
   4.8776840e+06   1.4892578e+01
   4.8776990e+06   1.8066406e+01
   4.8777500e+06   2.3376465e+01
   4.8778190e+06   2.2460938e+01
   4.8778470e+06   1.9409180e+01
   4.8778840e+06   2.1545410e+01
   4.8779510e+06   1.9409180e+01
   4.8780200e+06   1.9287109e+01
   4.8781000e+06   1.5930176e+01
   4.8781710e+06   1.4587402e+01
   4.8782720e+06   1.8188477e+01
   4.8783610e+06   1.8493652e+01
   5.1168600e+06   1.4953613e+01
   5.1405150e+06   1.4343262e+01
   5.1407780e+06   2.3437500e+01
   5.1408880e+06   2.1789551e+01
   5.1409030e+06   4.6386719e+01
   5.1409510e+06   2.3803711e+01
   5.1409620e+06   1.6357422e+01
   5.1409910e+06   1.8859863e+01
   5.1410170e+06   1.4770508e+01
   5.1410410e+06   3.2470703e+01
   5.1410900e+06   2.7648926e+01
   5.1411920e+06   1.8005371e+01
   5.1412190e+06   1.6174316e+01
   5.1412940e+06   1.7028809e+01
   5.1413200e+06   1.6113281e+01
   5.1414160e+06   2.0263672e+01
   5.1414400e+06   1.5258789e+01
   5.1414650e+06   1.5258789e+01
   5.1416300e+06   1.4770508e+01
   5.1417130e+06   1.4526367e+01
   5.1424470e+06   2.3132324e+01
   5.1427600e+06   1.5502930e+01
   5.1602780e+06   1.6174316e+01
   5.1603660e+06   1.4648438e+01
   5.1603780e+06   2.6733398e+01
   5.1605370e+06   2.4291992e+01
   5.1605550e+06   1.9470215e+01
   5.1606550e+06   1.9714355e+01
   5.1606930e+06   4.3395996e+01
   5.1607230e+06   1.7211914e+01
   5.1607890e+06   1.9714355e+01
   5.1608640e+06   1.6357422e+01
   5.1608820e+06   3.5827637e+01
   5.1609960e+06   1.7211914e+01
   5.1610500e+06   1.9836426e+01
   5.1610600e+06   1.6296387e+01
   5.1611600e+06   1.8493652e+01
   5.1612250e+06   2.0874023e+01
   5.1614120e+06   1.4648438e+01
   5.1614570e+06   1.5136719e+01
   5.3647250e+06   1.5136719e+01
   5.3650310e+06   2.1362305e+01
   5.3651230e+06   2.0507812e+01
   5.3651470e+06   2.0019531e+01
   5.3651720e+06   1.5563965e+01
   5.3651840e+06   1.8371582e+01
   5.3652280e+06   1.5991211e+01
   5.3652600e+06   3.6499023e+01
   5.3652940e+06   1.4831543e+01
   5.3653500e+06   2.0141602e+01
   5.3654290e+06   1.4282227e+01
   5.3654570e+06   3.3264160e+01
   5.3655540e+06   1.6601562e+01
   5.3655880e+06   1.4770508e+01
   5.3656620e+06   1.7395020e+01
   5.3657420e+06   1.4953613e+01
   5.3657700e+06   1.5319824e+01
   5.3658810e+06   2.0996094e+01
   5.3660030e+06   1.9226074e+01
   5.3661270e+06   2.0019531e+01
   5.4668710e+06   2.3864746e+01
   5.4668970e+06   2.0202637e+01
   5.4670940e+06   2.4169922e+01
   5.4671770e+06   1.9348145e+01
   5.4672170e+06   2.2216797e+01
   5.4672720e+06   1.7333984e+01
   5.4673300e+06   1.9104004e+01
   5.4673580e+06   3.4912109e+01
   5.4675160e+06   2.1423340e+01
   5.4675540e+06   1.5258789e+01
   5.4676570e+06   2.2216797e+01
   5.4680740e+06   1.4343262e+01
   5.4681590e+06   1.4831543e+01
   5.6463280e+06   1.4343262e+01
   5.6541880e+06   1.8432617e+01
   5.6542450e+06   2.0996094e+01
   5.6543700e+06   1.7456055e+01
   5.6543890e+06   2.2338867e+01
   5.6544650e+06   4.1381836e+01
   5.6544900e+06   1.8066406e+01
   5.6545160e+06   1.5502930e+01
   5.6545500e+06   3.1982422e+01
   5.6545670e+06   1.8676758e+01
   5.6545940e+06   1.4709473e+01
   5.6546170e+06   1.5686035e+01
   5.6546550e+06   2.1789551e+01
   5.6546670e+06   1.5625000e+01
   5.6547140e+06   1.4892578e+01
   5.6547350e+06   2.6794434e+01
   5.6548020e+06   1.6540527e+01
   5.6548360e+06   1.8249512e+01
   5.6549250e+06   2.0446777e+01
   5.6550220e+06   2.2460938e+01
   5.6551500e+06   1.6784668e+01
   5.7583760e+06   1.9042969e+01
   5.8970770e+06   1.7333984e+01
   5.8971760e+06   2.0324707e+01
   5.8972400e+06   1.4648438e+01
   5.8972730e+06   1.8615723e+01
   5.8973220e+06   1.6479492e+01
   5.8973840e+06   1.7517090e+01
   5.8973950e+06   2.0690918e+01
   5.8974560e+06   1.5747070e+01
   5.8974860e+06   2.0996094e+01
   5.8975110e+06   3.7841797e+01
   5.8976040e+06   1.4831543e+01
   5.8976450e+06   1.5502930e+01
   5.8977250e+06   4.2785645e+01
   5.8977410e+06   1.8615723e+01
   5.8978560e+06   1.5258789e+01
   5.8978870e+06   2.3010254e+01
   5.8979570e+06   1.4953613e+01
   5.8980080e+06   1.8798828e+01
   5.8980400e+06   1.7272949e+01
   5.8981690e+06   1.4953613e+01
   5.8982040e+06   1.4465332e+01
   5.8984210e+06   2.1728516e+01
