   5.9990000e+06   0.0000000e+00
   2.0746000e+04   1.4099121e+01
   2.3811000e+04   3.0029297e+01
   2.3868000e+04   1.6967773e+01
   2.3955000e+04   1.8554688e+01
   2.3976000e+04   1.4831543e+01
   2.4051000e+04   2.4414062e+01
   2.4095000e+04   1.5197754e+01
   2.4190000e+04   1.7944336e+01
   2.4236000e+04   1.5380859e+01
   5.2560000e+04   1.5930176e+01
   5.7326000e+04   1.4587402e+01
   5.8208000e+04   1.4343262e+01
   6.1701000e+04   1.4526367e+01
   6.7035000e+04   1.4526367e+01
   7.6810000e+04   1.4770508e+01
   8.0183000e+04   1.5625000e+01
   8.1343000e+04   1.4404297e+01
   8.3472000e+04   1.5136719e+01
   8.8656000e+04   1.5686035e+01
   8.9745000e+04   1.4465332e+01
   9.6003000e+04   1.5197754e+01
   9.6089000e+04   1.3977051e+01
   1.0143600e+05   1.4343262e+01
   1.0321000e+05   1.4282227e+01
   1.0327500e+05   1.4648438e+01
   1.0732600e+05   1.4404297e+01
   1.0953500e+05   1.4099121e+01
   1.1089600e+05   1.5197754e+01
   1.1329700e+05   1.4160156e+01
   1.1334600e+05   1.4770508e+01
   1.2090500e+05   2.6062012e+01
   1.2165000e+05   2.3559570e+01
   1.2444700e+05   1.4221191e+01
   1.2625900e+05   1.3916016e+01
   1.3231200e+05   2.6062012e+01
   1.4029100e+05   1.4526367e+01
   1.4035200e+05   2.9846191e+01
   1.4584300e+05   1.4587402e+01
   1.4885400e+05   1.4892578e+01
   1.5263200e+05   1.3977051e+01
   1.5430700e+05   1.5075684e+01
   1.5542800e+05   2.7221680e+01
   1.5765900e+05   1.4648438e+01
   1.5862400e+05   1.4404297e+01
   1.6164900e+05   1.4160156e+01
   1.6170400e+05   1.4770508e+01
   1.6738300e+05   2.3620605e+01
   1.6741000e+05   1.4526367e+01
   1.7488400e+05   2.9968262e+01
   1.7490500e+05   1.4038086e+01
   1.7513400e+05   2.3193359e+01
   1.7519900e+05   1.3977051e+01
   1.7540800e+05   2.5146484e+01
   1.7584200e+05   2.2949219e+01
   1.7622600e+05   1.9531250e+01
   1.7626200e+05   1.6479492e+01
   1.8082500e+05   1.5380859e+01
   1.8084800e+05   1.5563965e+01
   1.8284900e+05   1.4953613e+01
   1.8364000e+05   1.4282227e+01
   1.8537400e+05   2.1118164e+01
   1.8540400e+05   1.4526367e+01
   1.8773300e+05   1.4221191e+01
   1.9041600e+05   1.5441895e+01
   1.9372500e+05   1.5014648e+01
   1.9558200e+05   2.6855469e+01
   1.9730900e+05   1.4770508e+01
   1.9736100e+05   1.4221191e+01
   2.0482300e+05   1.5563965e+01
   2.0575300e+05   2.4963379e+01
   2.1140600e+05   2.4841309e+01
   2.2164700e+05   2.9296875e+01
   2.2196600e+05   2.4658203e+01
   2.2197700e+05   1.4160156e+01
   2.2258300e+05   2.4230957e+01
   2.2308500e+05   1.9775391e+01
   2.3403400e+05   1.5075684e+01
   2.3590700e+05   1.4282227e+01
   2.4229500e+05   1.4587402e+01
   2.4451900e+05   2.3803711e+01
   2.4796000e+05   2.6306152e+01
   2.6081200e+05   2.5329590e+01
   2.7305100e+05   2.6428223e+01
   2.7313700e+05   1.3916016e+01
   2.7390000e+05   2.5207520e+01
   2.9264600e+05   1.3916016e+01
   2.9344800e+05   2.2888184e+01
   2.9349600e+05   1.3977051e+01
   2.9353300e+05   1.4404297e+01
   2.9455600e+05   2.4658203e+01
   2.9463700e+05   1.3977051e+01
   2.9945300e+05   1.5808105e+01
   3.0278600e+05   1.6479492e+01
   3.0901800e+05   1.4953613e+01
   3.4101700e+05   1.4404297e+01
   3.4202400e+05   2.4780273e+01
   3.4214800e+05   1.4160156e+01
   3.4269700e+05   2.7221680e+01
   3.5261200e+05   2.5146484e+01
   3.5906900e+05   2.7893066e+01
   3.5908200e+05   1.5075684e+01
   3.5947800e+05   2.4230957e+01
   3.5952500e+05   1.7272949e+01
   3.5970700e+05   2.1728516e+01
   3.5979700e+05   1.4099121e+01
   3.5993800e+05   1.4099121e+01
   3.6010200e+05   2.4841309e+01
   3.6013100e+05   1.7211914e+01
   3.6034700e+05   2.1789551e+01
   3.6051300e+05   1.5808105e+01
   3.6069500e+05   1.3977051e+01
   3.7647400e+05   1.3916016e+01
   4.1060200e+05   1.4038086e+01
   4.1062900e+05   2.3620605e+01
   4.2277900e+05   1.4709473e+01
   4.2589800e+05   1.4831543e+01
   4.2594000e+05   1.4953613e+01
   4.5993400e+05   1.7272949e+01
   4.6028900e+05   1.4953613e+01
   4.6046300e+05   2.6977539e+01
   4.6117000e+05   2.5451660e+01
   4.6158900e+05   2.0446777e+01
   4.6164200e+05   1.4282227e+01
   4.9989000e+05   1.4526367e+01
   5.1821500e+05   2.8991699e+01
   5.3841100e+05   1.4953613e+01
   5.3867000e+05   2.9052734e+01
   5.3887600e+05   1.4465332e+01
   5.3926200e+05   2.6733398e+01
   5.3967800e+05   2.2583008e+01
   5.3981400e+05   1.4282227e+01
   5.4011200e+05   2.1972656e+01
   5.4083600e+05   1.4831543e+01
   5.4087400e+05   2.1423340e+01
   5.4137600e+05   1.5014648e+01
   5.4148200e+05   2.4963379e+01
   5.4182700e+05   1.4953613e+01
   5.4198100e+05   2.4536133e+01
   5.4205400e+05   1.5563965e+01
   5.4216900e+05   1.6357422e+01
   5.6536200e+05   1.4404297e+01
   5.6957200e+05   1.3977051e+01
   5.7883900e+05   1.3977051e+01
   5.8781200e+05   1.7272949e+01
   5.8786500e+05   2.8686523e+01
   5.8790400e+05   1.6784668e+01
   5.8811000e+05   1.4648438e+01
   5.8838100e+05   1.5258789e+01
   5.8860900e+05   2.3681641e+01
   5.8882900e+05   1.4160156e+01
   5.8895100e+05   1.8188477e+01
   5.8937100e+05   1.4343262e+01
   5.8971000e+05   2.6428223e+01
   5.8989000e+05   1.6479492e+01
   5.8998800e+05   1.5441895e+01
   6.0517600e+05   1.4160156e+01
   6.1785400e+05   1.5563965e+01
   6.4291000e+05   1.4465332e+01
   6.5075200e+05   1.4587402e+01
   6.6884600e+05   1.4465332e+01
   6.6886400e+05   2.4230957e+01
   6.6922800e+05   2.3498535e+01
   6.6942500e+05   1.5258789e+01
   6.6963200e+05   1.5808105e+01
   6.6979600e+05   1.4526367e+01
   6.7000800e+05   1.4221191e+01
   6.7004800e+05   1.4770508e+01
   6.7029000e+05   2.7099609e+01
   6.7048600e+05   1.4282227e+01
   6.7050500e+05   1.7578125e+01
   6.8517800e+05   1.5686035e+01
   6.9162700e+05   1.4038086e+01
   7.0056700e+05   1.4282227e+01
   7.3346200e+05   1.6784668e+01
   7.5324200e+05   1.4465332e+01
   7.5344000e+05   2.6977539e+01
   7.5352700e+05   1.5441895e+01
   7.5906600e+05   1.4526367e+01
   7.6007000e+05   2.6977539e+01
   7.6014400e+05   1.4343262e+01
   7.6357900e+05   2.4108887e+01
   7.6366700e+05   1.5014648e+01
   7.7156500e+05   1.4526367e+01
   7.9434800e+05   1.6113281e+01
   7.9438700e+05   1.4282227e+01
   8.1045000e+05   2.3742676e+01
   8.1991900e+05   2.6245117e+01
   8.2827800e+05   2.2338867e+01
   8.2829500e+05   1.4587402e+01
   8.2831800e+05   1.7944336e+01
   8.2841500e+05   1.4221191e+01
   8.2895000e+05   1.5319824e+01
   8.2899200e+05   2.3437500e+01
   8.2903700e+05   1.4770508e+01
   8.2917700e+05   1.8310547e+01
   8.2925600e+05   1.9226074e+01
   8.2927600e+05   1.4770508e+01
   8.7923500e+05   1.4282227e+01
   8.8599300e+05   1.4160156e+01
   9.2204500e+05   3.0822754e+01
   9.2213600e+05   1.5014648e+01
   9.2214800e+05   2.3681641e+01
   9.2240700e+05   1.4465332e+01
   9.2261800e+05   1.4709473e+01
   9.2311500e+05   1.6479492e+01
   9.2319600e+05   1.5136719e+01
   9.2350200e+05   2.2705078e+01
   9.2379200e+05   1.4038086e+01
   9.8042800e+05   2.5146484e+01
   9.8049900e+05   1.4465332e+01
   9.8081300e+05   1.4038086e+01
   9.8107200e+05   2.1240234e+01
   9.8126000e+05   1.4404297e+01
   9.8180400e+05   1.3977051e+01
   9.8184100e+05   2.2949219e+01
   9.8199800e+05   2.1118164e+01
   9.8225600e+05   1.4038086e+01
   1.0169540e+06   1.8493652e+01
   1.0169700e+06   3.0822754e+01
   1.0169990e+06   1.4587402e+01
   1.0476960e+06   1.5869141e+01
   1.0512730e+06   1.4465332e+01
   1.0557950e+06   1.5502930e+01
   1.0558550e+06   2.6611328e+01
   1.0564930e+06   1.3916016e+01
   1.0567120e+06   2.6489258e+01
   1.0569020e+06   1.4587402e+01
   1.0569280e+06   1.6296387e+01
   1.0573030e+06   2.2033691e+01
   1.0578940e+06   1.3916016e+01
   1.0839080e+06   1.6174316e+01
   1.0916070e+06   1.4892578e+01
   1.1108540e+06   1.5625000e+01
   1.1192910e+06   1.5136719e+01
   1.1348010e+06   1.7272949e+01
   1.1373960e+06   2.9846191e+01
   1.1486140e+06   2.4902344e+01
   1.1487130e+06   2.1240234e+01
   1.1491490e+06   1.9653320e+01
   1.1498280e+06   1.4282227e+01
   1.1499450e+06   2.8808594e+01
   1.1701140e+06   1.3916016e+01
   1.1893190e+06   1.6296387e+01
   1.2005190e+06   1.4648438e+01
   1.2005320e+06   2.4108887e+01
   1.2005660e+06   1.5686035e+01
   1.2014090e+06   1.6601562e+01
   1.2014870e+06   1.4404297e+01
   1.2015180e+06   1.5319824e+01
   1.2018690e+06   2.2705078e+01
   1.2020070e+06   1.4587402e+01
   1.2023090e+06   2.4963379e+01
   1.2026380e+06   2.5939941e+01
   1.2028800e+06   1.3916016e+01
   1.2030830e+06   1.5441895e+01
   1.2490220e+06   1.6967773e+01
   1.2677800e+06   2.2094727e+01
   1.2680050e+06   1.5258789e+01
   1.2683320e+06   1.5747070e+01
   1.2685340e+06   2.1911621e+01
   1.2687220e+06   1.5014648e+01
   1.2687770e+06   1.4770508e+01
   1.2688250e+06   1.3977051e+01
   1.2690410e+06   1.5930176e+01
   1.2690850e+06   1.4282227e+01
   1.2692500e+06   1.9714355e+01
   1.2694770e+06   2.0141602e+01
   1.3019810e+06   2.7832031e+01
   1.3076950e+06   1.5136719e+01
   1.3129750e+06   1.3977051e+01
   1.3250650e+06   3.0395508e+01
   1.3250890e+06   1.4770508e+01
   1.3253100e+06   1.5014648e+01
   1.3257050e+06   1.4038086e+01
   1.3260020e+06   1.4282227e+01
   1.3262620e+06   1.5197754e+01
   1.3266610e+06   1.3916016e+01
   1.3266970e+06   2.1850586e+01
   1.3551090e+06   1.4709473e+01
   1.3552460e+06   2.8015137e+01
   1.3643740e+06   1.5563965e+01
   1.3760870e+06   1.4282227e+01
   1.3930980e+06   1.4526367e+01
   1.4580090e+06   1.4465332e+01
   1.4589550e+06   1.5319824e+01
   1.4590450e+06   2.6611328e+01
   1.4599200e+06   2.5817871e+01
   1.4601250e+06   1.6601562e+01
   1.4602080e+06   2.4414062e+01
   1.4603570e+06   1.4465332e+01
   1.4603930e+06   1.5808105e+01
   1.4606380e+06   1.4343262e+01
   1.4824890e+06   1.5625000e+01
   1.5194520e+06   1.4709473e+01
   1.5198180e+06   1.3916016e+01
   1.5333240e+06   2.6977539e+01
   1.5333480e+06   1.4709473e+01
   1.5334040e+06   2.0263672e+01
   1.5337800e+06   3.1127930e+01
   1.5340980e+06   2.4841309e+01
   1.5344000e+06   1.4160156e+01
   1.5345500e+06   1.4953613e+01
   1.5348930e+06   1.5502930e+01
   1.5351970e+06   2.6123047e+01
   1.5354150e+06   1.4770508e+01
   1.5706450e+06   1.6052246e+01
   1.5908340e+06   2.6977539e+01
   1.5908780e+06   1.3977051e+01
   1.5909400e+06   2.6428223e+01
   1.5909780e+06   1.4892578e+01
   1.5918590e+06   2.0324707e+01
   1.5918880e+06   1.6479492e+01
   1.5919230e+06   1.5625000e+01
   1.5921840e+06   1.4404297e+01
   1.5922370e+06   1.5075684e+01
   1.5924490e+06   1.6723633e+01
   1.5926860e+06   1.3977051e+01
   1.5929040e+06   2.4963379e+01
   1.5929230e+06   1.7211914e+01
   1.5930580e+06   1.6723633e+01
   1.5933500e+06   2.1179199e+01
   1.5937610e+06   1.5136719e+01
   1.6291630e+06   1.5380859e+01
   1.6457860e+06   1.5991211e+01
   1.6523160e+06   2.0202637e+01
   1.6777830e+06   1.4099121e+01
   1.6808850e+06   1.4343262e+01
   1.7220970e+06   1.4282227e+01
   1.7464100e+06   1.4038086e+01
   1.7467310e+06   2.3315430e+01
   1.7467600e+06   1.4221191e+01
   1.7471710e+06   1.5136719e+01
   1.7472260e+06   1.6052246e+01
   1.7474640e+06   2.3925781e+01
   1.7477320e+06   2.3864746e+01
   1.7479630e+06   2.1362305e+01
   1.7479990e+06   1.4831543e+01
   1.7484610e+06   1.4038086e+01
   1.7485780e+06   1.5686035e+01
   1.7486750e+06   2.6611328e+01
   1.7488530e+06   1.8188477e+01
   1.7489820e+06   1.5808105e+01
   1.7491650e+06   1.5563965e+01
   1.8000010e+06   1.4404297e+01
   1.8073140e+06   1.6235352e+01
   1.8314220e+06   2.6428223e+01
   1.8794940e+06   2.9296875e+01
   1.8798410e+06   1.5319824e+01
   1.8804730e+06   2.5573730e+01
   1.8805400e+06   1.4343262e+01
   1.8810800e+06   3.3630371e+01
   1.8812010e+06   1.5502930e+01
   1.8814920e+06   2.6855469e+01
   1.8815520e+06   1.4587402e+01
   1.9141300e+06   1.6723633e+01
   1.9226990e+06   2.6000977e+01
   1.9230180e+06   1.4526367e+01
   1.9232730e+06   2.5451660e+01
   1.9236040e+06   1.3977051e+01
   1.9236500e+06   1.4770508e+01
   1.9240310e+06   2.4414062e+01
   1.9562090e+06   1.4038086e+01
   1.9857600e+06   1.5869141e+01
   1.9857950e+06   3.1127930e+01
   1.9868310e+06   1.5625000e+01
   1.9868870e+06   2.3437500e+01
   1.9872190e+06   1.4709473e+01
   1.9872610e+06   2.8076172e+01
   1.9876460e+06   1.4648438e+01
   1.9877820e+06   2.1606445e+01
   1.9880130e+06   1.5563965e+01
   2.0056700e+06   1.4160156e+01
   2.0390090e+06   1.3977051e+01
   2.0401810e+06   1.5930176e+01
   2.0401970e+06   2.8686523e+01
   2.0402460e+06   1.4038086e+01
   2.0407630e+06   2.8198242e+01
   2.0408250e+06   1.5380859e+01
   2.0410580e+06   1.4099121e+01
   2.0414920e+06   1.5441895e+01
   2.0416270e+06   1.4099121e+01
   2.0416740e+06   1.4587402e+01
   2.0417170e+06   2.3193359e+01
   2.0418220e+06   1.7089844e+01
   2.0419870e+06   1.5319824e+01
   2.0420410e+06   1.6784668e+01
   2.0421410e+06   2.3986816e+01
   2.0421680e+06   1.6357422e+01
   2.0424030e+06   2.1667480e+01
   2.0571710e+06   1.4160156e+01
   2.0851900e+06   1.7089844e+01
   2.0866780e+06   2.6062012e+01
   2.0868850e+06   1.6052246e+01
   2.0875400e+06   1.3916016e+01
   2.0876000e+06   1.4892578e+01
   2.0886300e+06   2.1728516e+01
   2.0889310e+06   1.5380859e+01
   2.0889930e+06   2.4108887e+01
   2.1253760e+06   1.4221191e+01
   2.1368130e+06   1.4831543e+01
   2.1414420e+06   1.4648438e+01
   2.1590400e+06   1.4526367e+01
   2.1806300e+06   2.1728516e+01
   2.1806550e+06   1.6967773e+01
   2.1808340e+06   2.4353027e+01
   2.1811970e+06   2.5878906e+01
   2.1814160e+06   2.2583008e+01
   2.1823590e+06   2.1179199e+01
   2.1823960e+06   1.4038086e+01
   2.1824800e+06   1.6479492e+01
   2.1826030e+06   1.9287109e+01
   2.1826960e+06   1.3916016e+01
   2.1831590e+06   1.4892578e+01
   2.2746170e+06   2.3681641e+01
   2.2746690e+06   1.4160156e+01
   2.3066720e+06   2.7770996e+01
   2.3077430e+06   1.8737793e+01
   2.3081990e+06   2.3376465e+01
   2.3084590e+06   2.3864746e+01
   2.3085000e+06   1.3916016e+01
   2.3088300e+06   1.4831543e+01
   2.3088840e+06   1.4953613e+01
   2.3089620e+06   1.3977051e+01
   2.3092860e+06   1.3916016e+01
   2.3093840e+06   2.0568848e+01
   2.3333830e+06   1.4831543e+01
   2.3432700e+06   1.4709473e+01
   2.3619480e+06   1.4160156e+01
   2.3627270e+06   2.6672363e+01
   2.3633400e+06   2.7465820e+01
   2.3633510e+06   1.8737793e+01
   2.3635770e+06   1.5808105e+01
   2.3642010e+06   2.3620605e+01
   2.3822640e+06   1.4038086e+01
   2.4317530e+06   2.6306152e+01
   2.4317630e+06   1.5808105e+01
   2.4317860e+06   1.4587402e+01
   2.4325290e+06   2.7893066e+01
   2.4326030e+06   1.4343262e+01
   2.4327870e+06   2.5085449e+01
   2.4328690e+06   1.4709473e+01
   2.4328910e+06   2.1545410e+01
   2.4329840e+06   1.5258789e+01
   2.4331780e+06   1.5686035e+01
   2.4333370e+06   1.9042969e+01
   2.4443040e+06   1.5014648e+01
   2.4997090e+06   1.5319824e+01
   2.5061410e+06   1.5319824e+01
   2.5436960e+06   1.4343262e+01
   2.5561460e+06   1.5747070e+01
   2.5737310e+06   1.6845703e+01
   2.5741890e+06   1.5563965e+01
   2.5747590e+06   2.6672363e+01
   2.5750470e+06   2.3254395e+01
   2.5788670e+06   1.4404297e+01
   2.5887010e+06   2.4047852e+01
   2.5892040e+06   2.1789551e+01
   2.5896090e+06   1.8737793e+01
   2.5896840e+06   1.4038086e+01
   2.5897650e+06   1.7028809e+01
   2.5899340e+06   1.9470215e+01
   2.6055880e+06   1.5869141e+01
   2.6064060e+06   1.8066406e+01
   2.6064610e+06   1.4038086e+01
   2.6065480e+06   1.6967773e+01
   2.6065590e+06   1.7089844e+01
   2.6065820e+06   2.3864746e+01
   2.6068490e+06   2.4414062e+01
   2.6070150e+06   1.5747070e+01
   2.6303040e+06   1.5197754e+01
   2.6360720e+06   1.4587402e+01
   2.6497690e+06   1.4648438e+01
   2.6520320e+06   1.5197754e+01
   2.6536490e+06   1.5502930e+01
   2.6594320e+06   1.3977051e+01
   2.6705360e+06   1.5502930e+01
   2.6758760e+06   1.4282227e+01
   2.6856390e+06   1.4038086e+01
   2.6924200e+06   1.4343262e+01
   2.7009370e+06   3.1372070e+01
   2.7009730e+06   1.5502930e+01
   2.7014580e+06   2.3925781e+01
   2.7014850e+06   1.4892578e+01
   2.7015450e+06   1.5502930e+01
   2.7015920e+06   1.3977051e+01
   2.7016450e+06   2.1667480e+01
   2.7017120e+06   1.5747070e+01
   2.7018050e+06   2.7282715e+01
   2.7018790e+06   1.4099121e+01
   2.7280800e+06   1.5014648e+01
   2.7287860e+06   1.5258789e+01
   2.7449050e+06   2.8503418e+01
   2.7449800e+06   1.5747070e+01
   2.7520660e+06   1.5075684e+01
   2.7609850e+06   1.4221191e+01
   2.7687140e+06   1.4221191e+01
   2.7782270e+06   2.6306152e+01
   2.7782440e+06   1.5197754e+01
   2.7786670e+06   2.2949219e+01
   2.7914660e+06   1.5136719e+01
   2.7926780e+06   2.7282715e+01
   2.7962890e+06   2.2583008e+01
   2.7982290e+06   1.4648438e+01
   2.7995550e+06   1.4892578e+01
   2.8038140e+06   2.6062012e+01
   2.8061410e+06   1.5747070e+01
   2.8067430e+06   2.6367188e+01
   2.8069610e+06   2.1667480e+01
   2.8070580e+06   1.4404297e+01
   2.8073110e+06   3.0822754e+01
   2.8075470e+06   2.0202637e+01
   2.8076780e+06   1.4282227e+01
   2.8282210e+06   1.4526367e+01
   2.8346670e+06   1.4404297e+01
   2.8375130e+06   1.6479492e+01
   2.8431700e+06   1.4343262e+01
   2.8454840e+06   1.4343262e+01
   2.8498540e+06   2.7282715e+01
   2.8508220e+06   2.4841309e+01
   2.8514570e+06   2.4414062e+01
   2.8657210e+06   2.7893066e+01
   2.8692270e+06   1.5075684e+01
   2.8742320e+06   2.2277832e+01
   2.8742710e+06   1.4465332e+01
   2.8798800e+06   2.4597168e+01
   2.8799590e+06   1.4709473e+01
   2.8820810e+06   1.9165039e+01
   2.8956620e+06   2.7893066e+01
   2.8960100e+06   2.4353027e+01
   2.9015910e+06   2.3254395e+01
   2.9072530e+06   2.1972656e+01
   2.9072770e+06   1.4709473e+01
   2.9172820e+06   1.4526367e+01
   2.9204340e+06   2.4108887e+01
   2.9204730e+06   1.5075684e+01
   2.9415870e+06   1.4953613e+01
   2.9419250e+06   2.6977539e+01
   2.9472550e+06   2.2399902e+01
   2.9517880e+06   1.5808105e+01
   2.9518160e+06   1.6479492e+01
   2.9527410e+06   2.6184082e+01
   2.9575800e+06   1.4465332e+01
   2.9576120e+06   2.5085449e+01
   2.9578420e+06   1.3916016e+01
   2.9582130e+06   2.4841309e+01
   2.9582640e+06   1.4282227e+01
   2.9828040e+06   1.3977051e+01
   3.0180680e+06   2.5878906e+01
   3.0266400e+06   1.4160156e+01
   3.0322100e+06   2.3986816e+01
   3.0400870e+06   1.4099121e+01
   3.0514980e+06   2.4780273e+01
   3.0655920e+06   2.3620605e+01
   3.0789740e+06   1.4038086e+01
   3.0796570e+06   2.6977539e+01
   3.0848910e+06   1.4831543e+01
   3.0849570e+06   1.5441895e+01
   3.0853390e+06   2.6733398e+01
   3.0854430e+06   2.2216797e+01
   3.0854740e+06   1.5136719e+01
   3.0855430e+06   1.7517090e+01
   3.0855530e+06   1.8188477e+01
   3.0855760e+06   1.4160156e+01
   3.0856000e+06   1.3916016e+01
   3.0856460e+06   1.7578125e+01
   3.0857260e+06   1.5869141e+01
   3.0976470e+06   1.3916016e+01
   3.0979250e+06   1.4465332e+01
   3.0994760e+06   1.5014648e+01
   3.1021660e+06   2.6672363e+01
   3.1022960e+06   2.5024414e+01
   3.1024460e+06   1.6845703e+01
   3.1025430e+06   1.5502930e+01
   3.1025940e+06   1.6235352e+01
   3.1027770e+06   1.4831543e+01
   3.1030890e+06   1.3916016e+01
   3.1032970e+06   1.6357422e+01
   3.1391700e+06   1.4953613e+01
   3.1433030e+06   1.4831543e+01
   3.1478230e+06   1.4465332e+01
   3.1542120e+06   1.4892578e+01
   3.1616870e+06   1.3916016e+01
   3.1680060e+06   1.5625000e+01
   3.1695030e+06   1.4282227e+01
   3.1921230e+06   1.4770508e+01
   3.1957100e+06   1.4709473e+01
   3.2050770e+06   1.6967773e+01
   3.2051090e+06   1.4404297e+01
   3.2206640e+06   1.4892578e+01
   3.2326940e+06   1.6113281e+01
   3.2339630e+06   1.4221191e+01
   3.2449260e+06   1.4953613e+01
   3.2517000e+06   1.5319824e+01
   3.2635780e+06   1.5869141e+01
   3.2680290e+06   2.5451660e+01
   3.2724980e+06   2.7343750e+01
   3.2725190e+06   1.4465332e+01
   3.2837910e+06   1.7395020e+01
   3.2917880e+06   2.4414062e+01
   3.2978160e+06   2.6428223e+01
   3.2978380e+06   1.5441895e+01
   3.3003680e+06   1.4038086e+01
   3.3026710e+06   1.4892578e+01
   3.3085240e+06   1.6601562e+01
   3.3100480e+06   2.4597168e+01
   3.3156860e+06   1.4038086e+01
   3.3184760e+06   1.5930176e+01
   3.3185010e+06   2.2949219e+01
   3.3185300e+06   1.4404297e+01
   3.3185760e+06   1.4221191e+01
   3.3234460e+06   2.5207520e+01
   3.3234790e+06   1.3977051e+01
   3.3248200e+06   2.2888184e+01
   3.3287440e+06   1.4282227e+01
   3.3290590e+06   2.4475098e+01
   3.3353490e+06   2.7343750e+01
   3.3415510e+06   2.6794434e+01
   3.3458860e+06   2.6184082e+01
   3.3513380e+06   2.5329590e+01
   3.3541270e+06   1.4465332e+01
   3.3544930e+06   2.4719238e+01
   3.3545520e+06   1.4465332e+01
   3.3573010e+06   2.1545410e+01
   3.3586690e+06   1.4892578e+01
   3.3646230e+06   2.3986816e+01
   3.3715020e+06   2.4780273e+01
   3.3767410e+06   2.2399902e+01
   3.3767800e+06   1.4953613e+01
   3.3794600e+06   1.5136719e+01
   3.3811490e+06   2.4536133e+01
   3.3869940e+06   1.6113281e+01
   3.3872500e+06   2.1789551e+01
   3.3873300e+06   1.5991211e+01
   3.3883020e+06   2.5451660e+01
   3.3883420e+06   1.4160156e+01
   3.3916770e+06   2.5329590e+01
   3.3917070e+06   1.4099121e+01
   3.3969460e+06   2.4230957e+01
   3.3998280e+06   1.4343262e+01
   3.4066320e+06   2.2827148e+01
   3.4066880e+06   1.4770508e+01
   3.4067210e+06   1.4526367e+01
   3.4109600e+06   2.2827148e+01
   3.4176700e+06   2.5634766e+01
   3.4222210e+06   1.4465332e+01
   3.4225960e+06   2.5573730e+01
   3.4304610e+06   2.7954102e+01
   3.4305070e+06   1.6235352e+01
   3.4374890e+06   2.9052734e+01
   3.4375190e+06   1.4221191e+01
   3.4382410e+06   2.5207520e+01
   3.4385930e+06   2.4230957e+01
   3.4386170e+06   1.5197754e+01
   3.4387850e+06   1.9531250e+01
   3.4390880e+06   1.7761230e+01
   3.4391140e+06   1.4953613e+01
   3.4392860e+06   1.9287109e+01
   3.4602590e+06   1.4343262e+01
   3.4849780e+06   2.3803711e+01
   3.4851420e+06   1.5991211e+01
   3.4852930e+06   2.4902344e+01
   3.4859050e+06   1.7578125e+01
   3.4861030e+06   2.1789551e+01
   3.4861170e+06   1.4526367e+01
   3.4862260e+06   1.4648438e+01
   3.4863380e+06   2.0568848e+01
   3.4865110e+06   1.6662598e+01
   3.4867220e+06   1.9775391e+01
   3.4869090e+06   1.7700195e+01
   3.4987310e+06   1.4282227e+01
   3.5059560e+06   1.6784668e+01
   3.5428360e+06   2.4841309e+01
   3.5428890e+06   1.4221191e+01
   3.5429720e+06   1.3977051e+01
   3.5432360e+06   2.4291992e+01
   3.5433270e+06   1.4221191e+01
   3.5435950e+06   2.4902344e+01
   3.5437770e+06   1.4465332e+01
   3.5439670e+06   1.8371582e+01
   3.5442180e+06   2.0385742e+01
   3.5442350e+06   1.4587402e+01
   3.5445260e+06   1.5625000e+01
   3.5445660e+06   2.1362305e+01
   3.5935110e+06   1.4892578e+01
   3.5941910e+06   2.7709961e+01
   3.5942360e+06   1.4099121e+01
   3.5944730e+06   2.4291992e+01
   3.5978690e+06   1.6357422e+01
   3.6517570e+06   2.5024414e+01
   3.6695330e+06   1.4526367e+01
   3.6856720e+06   1.5014648e+01
   3.6865120e+06   2.6733398e+01
   3.6992840e+06   2.4841309e+01
   3.6993080e+06   1.4099121e+01
   3.6999180e+06   2.1667480e+01
   3.7002380e+06   1.5197754e+01
   3.7003210e+06   2.2460938e+01
   3.7006720e+06   2.1423340e+01
   3.7010070e+06   2.8259277e+01
   3.7558670e+06   1.5258789e+01
   3.7907590e+06   1.4343262e+01
   3.7937750e+06   1.3977051e+01
   3.8004900e+06   1.4038086e+01
   3.8200520e+06   2.5390625e+01
   3.8412070e+06   2.2399902e+01
   3.8433830e+06   2.4475098e+01
   3.8597350e+06   3.2409668e+01
   3.8597450e+06   1.6967773e+01
   3.8600320e+06   1.6235352e+01
   3.8601560e+06   1.7211914e+01
   3.8604640e+06   2.3315430e+01
   3.8607690e+06   2.6123047e+01
   3.8608140e+06   1.4587402e+01
   3.8610200e+06   1.4465332e+01
   3.8611830e+06   1.4221191e+01
   3.8612550e+06   1.4526367e+01
   3.8613860e+06   1.4099121e+01
   3.8615490e+06   1.5808105e+01
   3.9005170e+06   1.4282227e+01
   3.9102140e+06   1.4038086e+01
   3.9362170e+06   1.6662598e+01
   3.9384650e+06   1.5869141e+01
   3.9501650e+06   1.4709473e+01
   3.9578720e+06   1.4587402e+01
   3.9580730e+06   2.7404785e+01
   3.9708020e+06   1.3977051e+01
   3.9835320e+06   2.7404785e+01
   3.9923970e+06   1.3916016e+01
   3.9924210e+06   1.4831543e+01
   3.9931080e+06   2.4719238e+01
   4.0101740e+06   1.4343262e+01
   4.0143270e+06   2.3986816e+01
   4.0272550e+06   2.1850586e+01
   4.0417690e+06   2.7526855e+01
   4.0418210e+06   1.4770508e+01
   4.0531080e+06   2.7404785e+01
   4.0886170e+06   1.4831543e+01
   4.0926890e+06   2.5817871e+01
   4.0937480e+06   2.2949219e+01
   4.0938040e+06   1.5197754e+01
   4.1036280e+06   2.7160645e+01
   4.1110670e+06   1.8066406e+01
   4.1165610e+06   1.4465332e+01
   4.1166920e+06   2.3620605e+01
   4.1181270e+06   2.5329590e+01
   4.1181560e+06   1.4465332e+01
   4.1190410e+06   2.5878906e+01
   4.1191020e+06   1.3916016e+01
   4.1463680e+06   2.9846191e+01
   4.1467670e+06   2.4475098e+01
   4.1468640e+06   1.5136719e+01
   4.1469060e+06   2.0812988e+01
   4.1469410e+06   1.7456055e+01
   4.1469930e+06   1.6845703e+01
   4.1470940e+06   1.4221191e+01
   4.1473140e+06   1.4160156e+01
   4.1632880e+06   1.4343262e+01
   4.1633190e+06   2.5451660e+01
   4.1634210e+06   1.6723633e+01
   4.1635460e+06   2.3071289e+01
   4.1636630e+06   1.8615723e+01
   4.1637420e+06   1.4343262e+01
   4.1637690e+06   1.9897461e+01
   4.1638100e+06   1.4526367e+01
   4.1639620e+06   1.4465332e+01
   4.1640070e+06   1.4160156e+01
   4.1642970e+06   1.4343262e+01
   4.2169420e+06   1.4099121e+01
   4.2219020e+06   1.4160156e+01
   4.2296930e+06   1.5197754e+01
   4.2403950e+06   1.5380859e+01
   4.2411390e+06   1.4160156e+01
   4.2545290e+06   1.4038086e+01
   4.2577240e+06   1.4526367e+01
   4.2599570e+06   1.4160156e+01
   4.2611370e+06   1.4587402e+01
   4.2792050e+06   2.6306152e+01
   4.2795230e+06   2.8076172e+01
   4.2795760e+06   1.6662598e+01
   4.2796480e+06   2.4353027e+01
   4.2796920e+06   1.4526367e+01
   4.2797140e+06   1.5502930e+01
   4.2797510e+06   1.4038086e+01
   4.2797790e+06   1.5930176e+01
   4.2800030e+06   1.4343262e+01
   4.2910260e+06   1.5502930e+01
   4.3133890e+06   1.4282227e+01
   4.3264800e+06   1.5014648e+01
   4.3452230e+06   1.4831543e+01
   4.3508300e+06   1.4587402e+01
   4.3561940e+06   1.4709473e+01
   4.3569550e+06   1.4099121e+01
   4.3585310e+06   1.5441895e+01
   4.3635450e+06   1.3916016e+01
   4.3654950e+06   1.5808105e+01
   4.3684530e+06   1.3977051e+01
   4.3692470e+06   2.4475098e+01
   4.3719060e+06   1.4282227e+01
   4.3836430e+06   1.4160156e+01
   4.3866400e+06   1.4709473e+01
   4.3879860e+06   1.4953613e+01
   4.3890970e+06   1.4709473e+01
   4.3960720e+06   1.5075684e+01
   4.4023130e+06   1.6845703e+01
   4.4051700e+06   1.5869141e+01
   4.4103720e+06   1.4465332e+01
   4.4116090e+06   1.5930176e+01
   4.4130020e+06   1.4648438e+01
   4.4138370e+06   2.6062012e+01
   4.4138840e+06   1.5380859e+01
   4.4165420e+06   1.4587402e+01
   4.4165780e+06   1.4282227e+01
   4.4169980e+06   2.1179199e+01
   4.4211430e+06   1.4709473e+01
   4.4239100e+06   1.4282227e+01
   4.4245850e+06   1.8066406e+01
   4.4299960e+06   1.4038086e+01
   4.4324050e+06   2.2827148e+01
   4.4324340e+06   1.5625000e+01
   4.4361750e+06   1.5502930e+01
   4.4376730e+06   2.8625488e+01
   4.4450550e+06   2.2277832e+01
   4.4496170e+06   2.5756836e+01
   4.4505310e+06   1.5075684e+01
   4.4526350e+06   2.6306152e+01
   4.4547260e+06   2.6000977e+01
   4.4547910e+06   1.3977051e+01
   4.4578030e+06   1.5197754e+01
   4.4578190e+06   2.9907227e+01
   4.4580930e+06   1.4099121e+01
   4.4581890e+06   2.2766113e+01
   4.4583370e+06   2.4963379e+01
   4.4584580e+06   2.6184082e+01
   4.4584860e+06   1.4038086e+01
   4.4586460e+06   1.4099121e+01
   4.5003590e+06   1.4343262e+01
   4.5017510e+06   1.5014648e+01
   4.5110020e+06   1.5014648e+01
   4.5193470e+06   1.4099121e+01
   4.5254630e+06   1.4709473e+01
   4.5402250e+06   1.5930176e+01
   4.5452270e+06   1.4343262e+01
   4.5554030e+06   1.4526367e+01
   4.5658520e+06   1.4648438e+01
   4.5686210e+06   2.4353027e+01
   4.5740160e+06   2.3864746e+01
   4.5818620e+06   2.6062012e+01
   4.5890830e+06   1.5136719e+01
   4.5908210e+06   2.2338867e+01
   4.5908540e+06   1.4404297e+01
   4.5954960e+06   1.4770508e+01
   4.5995040e+06   2.4658203e+01
   4.5995370e+06   1.6052246e+01
   4.6027780e+06   2.3193359e+01
   4.6094130e+06   2.5451660e+01
   4.6094450e+06   1.4038086e+01
   4.6116660e+06   2.1423340e+01
   4.6152080e+06   1.4953613e+01
   4.6189400e+06   2.4230957e+01
   4.6189630e+06   1.4221191e+01
   4.6210940e+06   2.4353027e+01
   4.6214320e+06   2.4169922e+01
   4.6216040e+06   2.0019531e+01
   4.6216950e+06   1.4770508e+01
   4.6218050e+06   1.6601562e+01
   4.6218240e+06   1.7028809e+01
   4.6219210e+06   1.6784668e+01
   4.6219920e+06   1.5441895e+01
   4.6220550e+06   1.6113281e+01
   4.6221480e+06   1.4648438e+01
   4.6222910e+06   1.8432617e+01
   4.6393790e+06   1.5075684e+01
   4.6566970e+06   1.5197754e+01
   4.6686510e+06   1.4038086e+01
   4.6746170e+06   1.5258789e+01
   4.6818500e+06   1.4587402e+01
   4.6856880e+06   1.6235352e+01
   4.6943680e+06   1.4160156e+01
   4.6965470e+06   1.5441895e+01
   4.7005650e+06   1.5319824e+01
   4.7026890e+06   1.7089844e+01
   4.7101190e+06   1.4282227e+01
   4.7101530e+06   1.4343262e+01
   4.7140350e+06   1.4221191e+01
   4.7172970e+06   1.6052246e+01
   4.7245360e+06   1.4282227e+01
   4.7262600e+06   1.5319824e+01
   4.7312790e+06   1.4282227e+01
   4.7366360e+06   2.2338867e+01
   4.7395940e+06   2.9846191e+01
   4.7426280e+06   1.4343262e+01
   4.7465050e+06   1.4343262e+01
   4.7471520e+06   2.4902344e+01
   4.7472190e+06   1.4892578e+01
   4.7601270e+06   1.4038086e+01
   4.7631510e+06   1.4526367e+01
   4.7649680e+06   2.4902344e+01
   4.7664890e+06   1.4099121e+01
   4.7694050e+06   1.7150879e+01
   4.7717190e+06   2.5512695e+01
   4.7739820e+06   1.4282227e+01
   4.7773140e+06   2.7770996e+01
   4.7829170e+06   1.5075684e+01
   4.7829470e+06   2.6489258e+01
   4.7872890e+06   2.2583008e+01
   4.7873830e+06   1.4648438e+01
   4.7892180e+06   2.3742676e+01
   4.7892480e+06   1.5625000e+01
   4.7963960e+06   2.4108887e+01
   4.8021030e+06   2.6855469e+01
   4.8021440e+06   1.5136719e+01
   4.8071930e+06   2.5268555e+01
   4.8123810e+06   2.3315430e+01
   4.8170700e+06   2.3132324e+01
   4.8214860e+06   2.0812988e+01
   4.8238910e+06   1.5380859e+01
   4.8240560e+06   2.0690918e+01
   4.8288740e+06   2.5085449e+01
   4.8289050e+06   1.4221191e+01
   4.8328860e+06   1.4953613e+01
   4.8354330e+06   2.1606445e+01
   4.8401380e+06   1.4465332e+01
   4.8418530e+06   2.5512695e+01
   4.8463730e+06   2.4963379e+01
   4.8517290e+06   2.5634766e+01
   4.8517510e+06   1.7150879e+01
   4.8571510e+06   2.6611328e+01
   4.8617030e+06   2.3742676e+01
   4.8617350e+06   1.4404297e+01
   4.8678630e+06   2.9602051e+01
   4.8696250e+06   1.4038086e+01
   4.8766910e+06   1.4343262e+01
   4.8772500e+06   2.1118164e+01
   4.8773110e+06   1.6174316e+01
   4.8773320e+06   1.4770508e+01
   4.8773730e+06   2.1545410e+01
   4.8774050e+06   1.6235352e+01
   4.8774160e+06   1.7150879e+01
   4.8774490e+06   1.8066406e+01
   4.8775840e+06   1.4099121e+01
   4.8776740e+06   1.5319824e+01
   4.9123640e+06   1.5686035e+01
   4.9155180e+06   1.5441895e+01
   4.9166420e+06   1.4404297e+01
   4.9167320e+06   1.3977051e+01
   4.9296870e+06   1.7089844e+01
   4.9308270e+06   1.5869141e+01
   4.9497300e+06   1.4282227e+01
   4.9513280e+06   1.4221191e+01
   4.9551170e+06   1.6174316e+01
   4.9573150e+06   1.3916016e+01
   4.9668180e+06   1.5441895e+01
   4.9730030e+06   1.3916016e+01
   4.9767690e+06   1.4343262e+01
   4.9966240e+06   1.5686035e+01
   5.0004010e+06   1.5136719e+01
   5.0096350e+06   2.8808594e+01
   5.0155700e+06   1.4099121e+01
   5.0188880e+06   1.5258789e+01
   5.0250110e+06   1.4038086e+01
   5.0387720e+06   1.4404297e+01
   5.0412070e+06   1.4465332e+01
   5.0445280e+06   1.4892578e+01
   5.0535190e+06   3.1738281e+01
   5.0623680e+06   2.3254395e+01
   5.0682850e+06   2.2949219e+01
   5.0735350e+06   1.3916016e+01
   5.0742950e+06   2.0690918e+01
   5.0800610e+06   2.8076172e+01
   5.0809300e+06   2.7954102e+01
   5.0869590e+06   2.3559570e+01
   5.0915500e+06   2.3254395e+01
   5.0915790e+06   1.5136719e+01
   5.0960220e+06   2.7709961e+01
   5.1017440e+06   2.3132324e+01
   5.1074720e+06   2.4230957e+01
   5.1162020e+06   2.4108887e+01
   5.1229900e+06   2.2094727e+01
   5.1237200e+06   1.3916016e+01
   5.1304240e+06   2.2583008e+01
   5.1304740e+06   1.4282227e+01
   5.1376230e+06   2.8869629e+01
   5.1405480e+06   2.8869629e+01
   5.1406940e+06   1.4709473e+01
   5.1409680e+06   1.5319824e+01
   5.1410030e+06   2.2827148e+01
   5.1412370e+06   1.6113281e+01
   5.1412750e+06   1.6418457e+01
   5.1413140e+06   2.5085449e+01
   5.1413870e+06   1.9958496e+01
   5.1414220e+06   1.6967773e+01
   5.1414440e+06   1.4160156e+01
   5.1414590e+06   1.5869141e+01
   5.1414850e+06   1.4404297e+01
   5.1415150e+06   1.4648438e+01
   5.1415330e+06   1.4038086e+01
   5.1417820e+06   1.4892578e+01
   5.1603110e+06   2.7770996e+01
   5.1605970e+06   2.3193359e+01
   5.1607520e+06   1.4099121e+01
   5.1607990e+06   2.6000977e+01
   5.1609100e+06   1.5380859e+01
   5.1610210e+06   1.9226074e+01
   5.1613460e+06   1.4038086e+01
   5.1616540e+06   1.9226074e+01
   5.1919970e+06   1.6418457e+01
   5.2044610e+06   1.5258789e+01
   5.2062260e+06   1.4526367e+01
   5.2103620e+06   1.3916016e+01
   5.2203000e+06   1.3977051e+01
   5.2263970e+06   1.4038086e+01
   5.2291490e+06   1.5197754e+01
   5.2387890e+06   1.5136719e+01
   5.2405590e+06   1.3916016e+01
   5.2500770e+06   1.5869141e+01
   5.2532780e+06   1.4343262e+01
   5.2540900e+06   1.4892578e+01
   5.2741000e+06   1.4648438e+01
   5.2829140e+06   1.3977051e+01
   5.2866940e+06   1.3916016e+01
   5.2880180e+06   1.6113281e+01
   5.2884990e+06   2.7221680e+01
   5.2937230e+06   1.6723633e+01
   5.2981070e+06   1.4709473e+01
   5.3022880e+06   1.4282227e+01
   5.3053740e+06   2.7954102e+01
   5.3167320e+06   1.4282227e+01
   5.3180340e+06   1.7089844e+01
   5.3257070e+06   1.3977051e+01
   5.3419260e+06   2.6611328e+01
   5.3468990e+06   1.5014648e+01
   5.3569530e+06   2.3559570e+01
   5.3570360e+06   1.4587402e+01
   5.3645670e+06   2.8015137e+01
   5.3647000e+06   1.7395020e+01
   5.3647300e+06   2.6550293e+01
   5.3652240e+06   2.5390625e+01
   5.3655330e+06   2.3498535e+01
   5.3656660e+06   1.4465332e+01
   5.3656860e+06   1.9226074e+01
   5.3657400e+06   1.4404297e+01
   5.3657750e+06   1.6723633e+01
   5.3658300e+06   1.8615723e+01
   5.3659960e+06   1.6418457e+01
   5.3663210e+06   1.4709473e+01
   5.4010690e+06   1.4831543e+01
   5.4118190e+06   1.3977051e+01
   5.4132110e+06   1.4099121e+01
   5.4501750e+06   1.3916016e+01
   5.4550850e+06   1.5686035e+01
   5.4637600e+06   1.4648438e+01
   5.4667590e+06   2.3254395e+01
   5.4670180e+06   2.3986816e+01
   5.4673790e+06   2.5268555e+01
   5.4673940e+06   1.4892578e+01
   5.4676380e+06   1.5197754e+01
   5.4676860e+06   2.4658203e+01
   5.4678710e+06   2.1972656e+01
   5.4679670e+06   1.4282227e+01
   5.4681010e+06   1.4709473e+01
   5.4911640e+06   1.8310547e+01
   5.4983140e+06   1.4404297e+01
   5.5054910e+06   1.3916016e+01
   5.5134080e+06   1.4770508e+01
   5.5298480e+06   1.4892578e+01
   5.5375470e+06   1.4404297e+01
   5.5451150e+06   1.6967773e+01
   5.5503540e+06   1.5075684e+01
   5.5529970e+06   1.4221191e+01
   5.5568130e+06   2.5634766e+01
   5.5615620e+06   1.9714355e+01
   5.5615890e+06   1.4099121e+01
   5.5716420e+06   1.5319824e+01
   5.5734430e+06   2.4230957e+01
   5.5749690e+06   1.4587402e+01
   5.5831820e+06   1.4892578e+01
   5.5835850e+06   2.5939941e+01
   5.5906160e+06   2.3376465e+01
   5.5906950e+06   1.4160156e+01
   5.5986400e+06   2.6184082e+01
   5.6039010e+06   2.4108887e+01
   5.6039370e+06   1.4282227e+01
   5.6080010e+06   1.5441895e+01
   5.6086210e+06   2.5085449e+01
   5.6143180e+06   1.4282227e+01
   5.6154780e+06   2.2644043e+01
   5.6187590e+06   2.4963379e+01
   5.6188220e+06   1.4160156e+01
   5.6200430e+06   1.3916016e+01
   5.6258960e+06   2.5085449e+01
   5.6355970e+06   2.3864746e+01
   5.6371640e+06   2.2827148e+01
   5.6431580e+06   2.8015137e+01
   5.6513060e+06   1.4343262e+01
   5.6520460e+06   2.3254395e+01
   5.6541930e+06   2.9113770e+01
   5.6544300e+06   1.4160156e+01
   5.6546400e+06   2.6428223e+01
   5.6548690e+06   2.3620605e+01
   5.6549670e+06   1.5136719e+01
   5.6550660e+06   1.4465332e+01
   5.6551100e+06   1.4160156e+01
   5.6551820e+06   1.7822266e+01
   5.6790630e+06   1.5258789e+01
   5.6891660e+06   1.4892578e+01
   5.6944960e+06   1.4343262e+01
   5.6964810e+06   1.6235352e+01
   5.7012430e+06   1.4038086e+01
   5.7162750e+06   1.4099121e+01
   5.7177450e+06   1.7333984e+01
   5.7203380e+06   1.4282227e+01
   5.7267000e+06   1.6052246e+01
   5.7275420e+06   1.3977051e+01
   5.7286610e+06   1.4465332e+01
   5.7312800e+06   1.5197754e+01
   5.7328930e+06   1.4587402e+01
   5.7351100e+06   1.4892578e+01
   5.7371810e+06   1.4526367e+01
   5.7545150e+06   1.4648438e+01
   5.7558620e+06   1.5197754e+01
   5.7575940e+06   1.4038086e+01
   5.7624290e+06   1.4282227e+01
   5.7789790e+06   1.5258789e+01
   5.7810880e+06   1.4831543e+01
   5.7881700e+06   1.5014648e+01
   5.7981100e+06   1.4526367e+01
   5.8036360e+06   1.4465332e+01
   5.8058600e+06   2.3925781e+01
   5.8059090e+06   1.5258789e+01
   5.8066820e+06   1.5014648e+01
   5.8070730e+06   2.2460938e+01
   5.8145130e+06   1.5075684e+01
   5.8206110e+06   2.9907227e+01
   5.8283560e+06   2.7709961e+01
   5.8284060e+06   1.4892578e+01
   5.8324780e+06   1.4526367e+01
   5.8391070e+06   2.2460938e+01
   5.8392010e+06   1.4282227e+01
   5.8425410e+06   1.4648438e+01
   5.8427040e+06   2.4353027e+01
   5.8523720e+06   2.3864746e+01
   5.8524120e+06   1.5197754e+01
   5.8607740e+06   2.3925781e+01
   5.8607990e+06   1.4953613e+01
   5.8665040e+06   2.4536133e+01
   5.8727830e+06   2.4230957e+01
   5.8776590e+06   2.3681641e+01
   5.8812410e+06   2.1118164e+01
   5.8895550e+06   2.2338867e+01
   5.8930400e+06   2.1667480e+01
   5.8961790e+06   2.4536133e+01
   5.8966300e+06   2.5207520e+01
   5.8973220e+06   1.3977051e+01
   5.8976870e+06   2.1789551e+01
   5.8979900e+06   1.4282227e+01
   5.8980190e+06   2.4230957e+01
   5.8980630e+06   1.6235352e+01
   5.8981690e+06   1.5380859e+01
   5.8985550e+06   1.5808105e+01
   5.9280440e+06   1.8127441e+01
   5.9888960e+06   1.6601562e+01
