   5.9990000e+06   0.0000000e+00
   2.3827000e+04   1.6113281e+01
   2.3865000e+04   1.4953613e+01
   2.3895000e+04   3.3569336e+01
   2.3909000e+04   2.2827148e+01
   2.3943000e+04   1.7700195e+01
   2.3956000e+04   1.8737793e+01
   2.3975000e+04   1.7028809e+01
   2.3999000e+04   2.0507813e+01
   2.4128000e+04   1.7272949e+01
   2.4388000e+04   1.7761230e+01
   3.6153000e+04   2.1301270e+01
   5.6220000e+04   1.9470215e+01
   5.6359000e+04   1.6662598e+01
   5.7771000e+04   1.8676758e+01
   2.2221800e+05   1.5258789e+01
   3.5934600e+05   1.5747070e+01
   3.5980100e+05   2.0507813e+01
   3.5984800e+05   1.7272949e+01
   3.5989400e+05   1.6906738e+01
   3.5997200e+05   1.6784668e+01
   5.4109600e+05   1.8615723e+01
   5.4146700e+05   1.5686035e+01
   5.4155500e+05   1.8676758e+01
   5.4159900e+05   1.9836426e+01
   5.4173900e+05   1.6296387e+01
   5.4176600e+05   1.6540527e+01
   5.7138800e+05   1.8371582e+01
   5.7187600e+05   1.6662598e+01
   5.7484600e+05   1.5075684e+01
   5.8828300e+05   1.8432617e+01
   5.8876500e+05   1.7822266e+01
   5.8890800e+05   1.5258789e+01
   6.6948900e+05   1.8371582e+01
   6.6963200e+05   1.8920898e+01
   6.6969900e+05   1.8859863e+01
   6.6971600e+05   1.8066406e+01
   6.6980900e+05   1.5014648e+01
   8.2871000e+05   2.2460938e+01
   8.2873600e+05   2.4719238e+01
   8.2877700e+05   1.6113281e+01
   8.2880900e+05   1.6418457e+01
   8.2883800e+05   2.0996094e+01
   8.2887300e+05   2.3010254e+01
   8.2888500e+05   1.5441895e+01
   8.3331100e+05   1.5197754e+01
   9.2248900e+05   1.6357422e+01
   9.2268500e+05   1.6052246e+01
   9.2275700e+05   1.8005371e+01
   9.2288800e+05   2.0080566e+01
   9.8132200e+05   1.8188477e+01
   1.0564370e+06   1.8798828e+01
   1.0565820e+06   1.8615723e+01
   1.0566740e+06   2.0629883e+01
   1.0566840e+06   1.6174316e+01
   1.0834510e+06   1.6418457e+01
   1.1492490e+06   1.7028809e+01
   1.1494470e+06   1.5258789e+01
   1.1495280e+06   1.7883301e+01
   1.2014800e+06   1.8493652e+01
   1.2016260e+06   1.8188477e+01
   1.2017280e+06   1.7333984e+01
   1.2682520e+06   1.5747070e+01
   1.2683630e+06   1.5258789e+01
   1.3253700e+06   1.5380859e+01
   1.3255680e+06   1.6174316e+01
   1.3257630e+06   1.5747070e+01
   1.3845310e+06   1.6357422e+01
   1.3941340e+06   1.6357422e+01
   1.4580800e+06   2.1850586e+01
   1.4590810e+06   2.0385742e+01
   1.4721390e+06   1.5502930e+01
   1.5338740e+06   1.6784668e+01
   1.5339710e+06   1.5625000e+01
   1.5926760e+06   1.6113281e+01
   1.7472980e+06   1.7395020e+01
   1.7476340e+06   1.7272949e+01
   1.7481590e+06   2.0812988e+01
   1.7481940e+06   1.5014648e+01
   1.8798730e+06   2.1362305e+01
   1.9236010e+06   1.8615723e+01
   1.9869660e+06   1.4892578e+01
   2.1814990e+06   1.6845703e+01
   2.3082400e+06   1.5563965e+01
   2.4326180e+06   1.8737793e+01
   2.4327180e+06   1.9775391e+01
   2.4327750e+06   2.0385742e+01
   2.4328080e+06   1.9104004e+01
   2.4328360e+06   1.7395020e+01
   2.4328670e+06   1.4892578e+01
   2.4329150e+06   1.5747070e+01
   2.4329830e+06   1.5930176e+01
   2.4332510e+06   1.6906738e+01
   2.4333130e+06   1.4892578e+01
   2.4334780e+06   1.5075684e+01
   2.4338710e+06   1.5808105e+01
   2.5600170e+06   1.4953613e+01
   2.5705890e+06   1.4953613e+01
   2.5884030e+06   1.5930176e+01
   2.5892650e+06   1.7028809e+01
   2.5892850e+06   2.1179199e+01
   2.5893290e+06   2.0385742e+01
   2.5893630e+06   1.6418457e+01
   2.5894250e+06   1.5380859e+01
   2.5895770e+06   1.8981934e+01
   2.6164300e+06   1.4892578e+01
   2.6190250e+06   1.7089844e+01
   2.6473460e+06   1.5319824e+01
   2.6895070e+06   1.5075684e+01
   2.7013110e+06   1.5930176e+01
   2.7013770e+06   2.0080566e+01
   2.7013890e+06   1.7944336e+01
   2.7014340e+06   1.6113281e+01
   2.7015780e+06   1.5808105e+01
   2.7098140e+06   1.5563965e+01
   2.7792070e+06   1.6052246e+01
   2.7802890e+06   1.5075684e+01
   2.7876560e+06   1.5319824e+01
   2.8062130e+06   1.7028809e+01
   2.8063490e+06   1.9470215e+01
   2.8064170e+06   1.9165039e+01
   2.8065200e+06   1.5197754e+01
   2.8119790e+06   1.6662598e+01
   2.8166530e+06   1.5808105e+01
   2.8957050e+06   1.6418457e+01
   2.9580610e+06   1.5747070e+01
   3.0198380e+06   1.5930176e+01
   3.0844270e+06   1.6174316e+01
   3.0847750e+06   1.6662598e+01
   3.0848300e+06   2.2460937e+01
   3.0849390e+06   1.7883301e+01
   3.0850000e+06   1.8676758e+01
   3.0851200e+06   1.5869141e+01
   3.0856280e+06   1.5380859e+01
   3.0858160e+06   1.6540527e+01
   3.1020350e+06   1.5319824e+01
   3.1021840e+06   1.5502930e+01
   3.1022190e+06   1.6662598e+01
   3.1639820e+06   1.6174316e+01
   3.1853010e+06   1.5075684e+01
   3.2062250e+06   1.6296387e+01
   3.2146920e+06   1.5319824e+01
   3.2172890e+06   1.5258789e+01
   3.2994440e+06   1.7211914e+01
   3.4383660e+06   1.5319824e+01
   3.4384800e+06   2.0141602e+01
   3.4385380e+06   1.6357422e+01
   3.4386080e+06   1.9714355e+01
   3.4859960e+06   2.0141602e+01
   3.4860760e+06   1.5441895e+01
   3.4861310e+06   1.5380859e+01
   3.5057390e+06   1.5502930e+01
   3.5431750e+06   2.0202637e+01
   3.5432540e+06   1.5319824e+01
   3.5433720e+06   1.5625000e+01
   3.5434420e+06   2.0385742e+01
   3.5910410e+06   1.5258789e+01
   3.6854960e+06   1.6357422e+01
   3.7003260e+06   2.3681641e+01
   3.7003810e+06   2.5024414e+01
   3.7004450e+06   1.5563965e+01
   3.7004860e+06   2.0324707e+01
   3.7005370e+06   1.4953613e+01
   3.7009270e+06   1.5075684e+01
   3.7140120e+06   1.7578125e+01
   3.8604770e+06   1.7456055e+01
   3.8605460e+06   2.2521973e+01
   3.8605840e+06   1.5441895e+01
   3.8606230e+06   1.5075684e+01
   3.8606790e+06   1.7028809e+01
   4.1467170e+06   1.9287109e+01
   4.1467590e+06   2.6367188e+01
   4.1467900e+06   1.9531250e+01
   4.1468200e+06   1.9104004e+01
   4.1468500e+06   1.7822266e+01
   4.1468950e+06   1.9165039e+01
   4.1469060e+06   1.5197754e+01
   4.1470170e+06   1.5441895e+01
   4.1470430e+06   1.7578125e+01
   4.1471720e+06   1.5075684e+01
   4.1634570e+06   1.5930176e+01
   4.1634910e+06   1.9226074e+01
   4.1635200e+06   1.4831543e+01
   4.1635480e+06   2.0996094e+01
   4.1635850e+06   2.5634766e+01
   4.1636260e+06   1.9653320e+01
   4.1636470e+06   1.4953613e+01
   4.1636660e+06   1.5380859e+01
   4.1637710e+06   1.5686035e+01
   4.1638650e+06   1.5747070e+01
   4.2377850e+06   2.0507812e+01
   4.2795530e+06   1.9531250e+01
   4.2795840e+06   2.1118164e+01
   4.2796120e+06   1.5747070e+01
   4.2796650e+06   1.9287109e+01
   4.2796890e+06   1.6418457e+01
   4.2797790e+06   1.5136719e+01
   4.2798620e+06   1.5014648e+01
   4.2800080e+06   1.6296387e+01
   4.2801390e+06   1.5563965e+01
   4.4582040e+06   1.5319824e+01
   4.4582780e+06   2.0629883e+01
   4.4583030e+06   2.8259277e+01
   4.4583140e+06   2.5268555e+01
   4.4583390e+06   1.8798828e+01
   4.4583600e+06   3.1555176e+01
   4.4584510e+06   1.5930176e+01
   4.4587080e+06   1.6723633e+01
   4.4592510e+06   1.5136719e+01
   4.6215740e+06   1.5808105e+01
   4.6216200e+06   2.0996094e+01
   4.6216410e+06   1.5380859e+01
   4.6217050e+06   1.7944336e+01
   4.6217410e+06   2.0385742e+01
   4.6217600e+06   1.5563965e+01
   4.6218640e+06   1.6784668e+01
   4.8766040e+06   1.5014648e+01
   4.8766830e+06   1.6235352e+01
   4.8769090e+06   2.1240234e+01
   4.8769860e+06   1.4770508e+01
   4.8770450e+06   1.7578125e+01
   4.8773050e+06   1.5258789e+01
   4.9785310e+06   1.4892578e+01
   5.1410620e+06   1.6113281e+01
   5.1410730e+06   2.1057129e+01
   5.1411120e+06   1.4831543e+01
   5.1411220e+06   2.0935059e+01
   5.1411810e+06   2.0202637e+01
   5.1411920e+06   1.9714355e+01
   5.1412210e+06   2.2888184e+01
   5.1412840e+06   1.7456055e+01
   5.1414030e+06   1.5380859e+01
   5.1414650e+06   1.5502930e+01
   5.1415270e+06   1.5014648e+01
   5.1604080e+06   1.6296387e+01
   5.1605040e+06   1.5869141e+01
   5.1605570e+06   1.6174316e+01
   5.1605860e+06   1.8188477e+01
   5.1607600e+06   1.7639160e+01
   5.3653230e+06   1.6479492e+01
   5.3653360e+06   1.5808105e+01
   5.3653750e+06   2.0568848e+01
   5.3654120e+06   1.8371582e+01
   5.3654380e+06   2.5024414e+01
   5.3654660e+06   1.7456055e+01
   5.3654890e+06   1.4892578e+01
   5.3655330e+06   2.0263672e+01
   5.3656520e+06   1.7578125e+01
   5.3658770e+06   1.7211914e+01
   5.3668650e+06   1.5808105e+01
   5.4673550e+06   1.6723633e+01
   5.4673860e+06   2.1423340e+01
   5.4674340e+06   1.8798828e+01
   5.4674590e+06   1.5441895e+01
   5.4674850e+06   1.5686035e+01
   5.4675200e+06   1.5136719e+01
   5.4675530e+06   1.7883301e+01
   5.4675680e+06   1.5136719e+01
   5.4676090e+06   1.5808105e+01
   5.6544330e+06   1.6784668e+01
   5.6545910e+06   2.1057129e+01
   5.6546330e+06   2.2705078e+01
   5.6546690e+06   1.8005371e+01
   5.6546790e+06   2.4597168e+01
   5.6546960e+06   1.7578125e+01
   5.6547300e+06   1.6296387e+01
   5.6548190e+06   1.5075684e+01
   5.6561660e+06   1.5014648e+01
   5.8975040e+06   1.8371582e+01
   5.8975720e+06   1.9165039e+01
   5.8976360e+06   2.0141602e+01
   5.8976950e+06   1.8798828e+01
   5.8977530e+06   1.7761230e+01
