   5.9990000e+06   0.0000000e+00
   2.3559000e+04   1.5747070e+01
   2.3634000e+04   1.4587402e+01
   2.3685000e+04   1.6662598e+01
   2.3698000e+04   2.0629883e+01
   2.3718000e+04   1.4831543e+01
   2.3743000e+04   1.5625000e+01
   2.3822000e+04   2.1423340e+01
   2.3851000e+04   1.7944336e+01
   2.3875000e+04   2.1972656e+01
   2.3942000e+04   1.8005371e+01
   2.4048000e+04   1.4770508e+01
   2.4230000e+04   1.7456055e+01
   1.2140500e+05   1.4648438e+01
   1.7480100e+05   1.4648437e+01
   1.7487700e+05   1.5319824e+01
   1.7498600e+05   1.6967773e+01
   1.7506400e+05   1.7944336e+01
   1.7530100e+05   1.5625000e+01
   1.7554900e+05   1.4404297e+01
   1.8368800e+05   1.6357422e+01
   2.2165900e+05   1.6052246e+01
   2.2175400e+05   1.9531250e+01
   2.2185800e+05   1.6967773e+01
   2.2257200e+05   1.5380859e+01
   2.6179400e+05   1.6601562e+01
   2.6749500e+05   1.6784668e+01
   2.9240300e+05   1.6723633e+01
   3.1195400e+05   1.5197754e+01
   3.4251200e+05   1.4465332e+01
   3.4953400e+05   1.6479492e+01
   3.5905900e+05   1.9409180e+01
   3.5911400e+05   1.8798828e+01
   3.5920200e+05   1.6662598e+01
   3.5993300e+05   1.4526367e+01
   3.7439600e+05   1.5441895e+01
   3.9406800e+05   1.6662598e+01
   4.1060600e+05   1.4709473e+01
   4.1062500e+05   2.0996094e+01
   4.1074600e+05   1.4404297e+01
   4.1132500e+05   1.8188477e+01
   4.3240300e+05   1.5136719e+01
   4.5990700e+05   1.4648438e+01
   4.6069900e+05   1.4343262e+01
   4.6238000e+05   1.5014648e+01
   4.6679600e+05   1.6174316e+01
   4.9495100e+05   1.4709473e+01
   5.1196500e+05   1.6845703e+01
   5.3812700e+05   1.5441895e+01
   5.3908400e+05   1.6235352e+01
   5.3915100e+05   1.4648437e+01
   5.4084200e+05   1.5136719e+01
   5.4090900e+05   1.5075684e+01
   5.4093900e+05   1.5930176e+01
   5.4140500e+05   1.5502930e+01
   5.4147400e+05   1.5563965e+01
   5.4156400e+05   1.6235352e+01
   5.5663600e+05   1.7211914e+01
   5.5852400e+05   1.5502930e+01
   5.6746500e+05   1.7700195e+01
   5.7137600e+05   1.4953613e+01
   5.8781600e+05   2.0263672e+01
   5.8784400e+05   1.4587402e+01
   5.8789200e+05   1.6906738e+01
   5.8791300e+05   1.7211914e+01
   5.8818100e+05   1.8310547e+01
   5.8833500e+05   1.5014648e+01
   5.8943300e+05   1.4648438e+01
   6.4657200e+05   2.0996094e+01
   6.5827300e+05   1.6723633e+01
   6.6878700e+05   1.6174316e+01
   6.6886100e+05   1.5991211e+01
   6.6889900e+05   1.4526367e+01
   6.6892900e+05   1.5808105e+01
   6.6897500e+05   1.4526367e+01
   6.9157700e+05   1.5808105e+01
   7.1218600e+05   1.4587402e+01
   7.5317800e+05   1.5808105e+01
   7.5334900e+05   1.8005371e+01
   7.5893400e+05   1.6540527e+01
   7.6504900e+05   1.6357422e+01
   7.6886400e+05   1.4465332e+01
   7.9099200e+05   1.6357422e+01
   7.9109200e+05   1.4587402e+01
   8.1009800e+05   1.6357422e+01
   8.1964600e+05   2.0812988e+01
   8.2828600e+05   1.6784668e+01
   8.2832600e+05   1.4465332e+01
   8.2840800e+05   1.5625000e+01
   8.2843900e+05   1.5625000e+01
   8.2860200e+05   1.4526367e+01
   8.2864600e+05   1.7150879e+01
   8.2867400e+05   1.6357422e+01
   8.2872600e+05   1.4892578e+01
   8.2890500e+05   1.4526367e+01
   8.2915600e+05   1.4282227e+01
   8.7278800e+05   1.5380859e+01
   8.9380400e+05   1.5625000e+01
   9.0591800e+05   1.7944336e+01
   9.2206300e+05   1.4953613e+01
   9.2213100e+05   1.7700195e+01
   9.2221200e+05   1.7333984e+01
   9.8048600e+05   2.0751953e+01
   9.8049700e+05   1.4282227e+01
   9.8057000e+05   1.5747070e+01
   9.8058900e+05   1.4587402e+01
   9.8067200e+05   1.6845703e+01
   9.8084300e+05   1.5625000e+01
   1.0110320e+06   1.8310547e+01
   1.0169210e+06   1.4221191e+01
   1.0169770e+06   1.6479492e+01
   1.0171830e+06   1.6540527e+01
   1.0476870e+06   1.5014648e+01
   1.0514160e+06   1.9042969e+01
   1.0555990e+06   1.4526367e+01
   1.0559650e+06   1.7089844e+01
   1.0568750e+06   1.4526367e+01
   1.0569020e+06   1.6235352e+01
   1.1204950e+06   1.6296387e+01
   1.1313870e+06   1.5747070e+01
   1.1323120e+06   1.5991211e+01
   1.1345190e+06   1.6235352e+01
   1.1365880e+06   1.5197754e+01
   1.1486380e+06   1.4465332e+01
   1.1487090e+06   2.0202637e+01
   1.1487900e+06   1.4831543e+01
   1.1490730e+06   1.5014648e+01
   1.1496960e+06   1.5197754e+01
   1.1657200e+06   1.5930176e+01
   1.2005030e+06   2.2338867e+01
   1.2007290e+06   1.8737793e+01
   1.2012110e+06   1.4282227e+01
   1.2020930e+06   1.4709473e+01
   1.2200710e+06   1.7456055e+01
   1.2677160e+06   1.5930176e+01
   1.2680250e+06   1.6174316e+01
   1.2681200e+06   1.5319824e+01
   1.2684470e+06   1.6662598e+01
   1.2689650e+06   1.5258789e+01
   1.3180930e+06   1.4831543e+01
   1.3250490e+06   1.7456055e+01
   1.3250810e+06   1.7028809e+01
   1.3251050e+06   1.9104004e+01
   1.3251250e+06   1.7761230e+01
   1.3252450e+06   1.7761230e+01
   1.3252880e+06   1.4709473e+01
   1.3511060e+06   1.4770508e+01
   1.3551660e+06   1.7456055e+01
   1.3553250e+06   1.8432617e+01
   1.3907420e+06   1.7089844e+01
   1.4029490e+06   1.4953613e+01
   1.4344420e+06   1.5441895e+01
   1.4443700e+06   1.8981934e+01
   1.4454380e+06   1.8493652e+01
   1.4471780e+06   1.4892578e+01
   1.4577230e+06   1.4831543e+01
   1.4589210e+06   1.5075684e+01
   1.4590800e+06   1.5991211e+01
   1.4592820e+06   1.8005371e+01
   1.4597080e+06   1.6662598e+01
   1.5021440e+06   1.8371582e+01
   1.5196560e+06   1.4587402e+01
   1.5209940e+06   1.7761230e+01
   1.5333640e+06   1.6540527e+01
   1.5333760e+06   2.0568848e+01
   1.5334240e+06   1.6479492e+01
   1.5335250e+06   1.5197754e+01
   1.5907810e+06   1.8066406e+01
   1.5908970e+06   1.6174316e+01
   1.5909430e+06   2.1362305e+01
   1.5909530e+06   1.5258789e+01
   1.5910320e+06   1.4587402e+01
   1.6053420e+06   1.6052246e+01
   1.6290660e+06   1.5991211e+01
   1.6718200e+06   1.8127441e+01
   1.6726310e+06   1.5808105e+01
   1.6778400e+06   1.4831543e+01
   1.6917980e+06   2.0141602e+01
   1.6970450e+06   1.7578125e+01
   1.7018550e+06   1.4526367e+01
   1.7107020e+06   1.7578125e+01
   1.7467960e+06   1.5502930e+01
   1.7469560e+06   1.6784668e+01
   1.7470800e+06   1.5441895e+01
   1.7472150e+06   1.6662598e+01
   1.7475830e+06   1.6418457e+01
   1.7482210e+06   1.5747070e+01
   1.7483560e+06   1.4770508e+01
   1.7484910e+06   1.4770508e+01
   1.7485670e+06   1.6784668e+01
   1.7485820e+06   1.4587402e+01
   1.7489200e+06   1.4587402e+01
   1.7878160e+06   1.4648437e+01
   1.8013590e+06   1.6540527e+01
   1.8054950e+06   1.5625000e+01
   1.8237300e+06   1.6723633e+01
   1.8309370e+06   1.6906738e+01
   1.8794790e+06   1.4953613e+01
   1.8796000e+06   1.4892578e+01
   1.8797000e+06   2.0263672e+01
   1.8798280e+06   1.4343262e+01
   1.8801060e+06   1.5625000e+01
   1.8809300e+06   1.4343262e+01
   1.8894500e+06   1.5808105e+01
   1.8980960e+06   1.5563965e+01
   1.9142990e+06   1.5075684e+01
   1.9171770e+06   1.7700195e+01
   1.9227080e+06   1.6967773e+01
   1.9228180e+06   1.8859863e+01
   1.9229150e+06   1.5380859e+01
   1.9233080e+06   1.4953613e+01
   1.9375380e+06   1.6845703e+01
   1.9455510e+06   1.5136719e+01
   1.9554740e+06   1.5319824e+01
   1.9715080e+06   1.5441895e+01
   1.9745890e+06   1.6784668e+01
   1.9857570e+06   1.9348145e+01
   1.9859600e+06   1.5991211e+01
   1.9877500e+06   1.6357422e+01
   1.9879520e+06   1.7822266e+01
   2.0372560e+06   1.4343262e+01
   2.0401890e+06   1.6540527e+01
   2.0403050e+06   1.4709473e+01
   2.0417130e+06   1.7028809e+01
   2.0778460e+06   1.9226074e+01
   2.0866480e+06   1.7761230e+01
   2.0867040e+06   1.4526367e+01
   2.0868110e+06   1.7822266e+01
   2.1632630e+06   1.5075684e+01
   2.1800300e+06   1.5075684e+01
   2.1806720e+06   1.8981934e+01
   2.1807570e+06   1.7272949e+01
   2.1807720e+06   1.4587402e+01
   2.1808500e+06   1.5502930e+01
   2.2196940e+06   1.7395020e+01
   2.2539930e+06   1.6113281e+01
   2.2570780e+06   1.4892578e+01
   2.2713420e+06   1.5075684e+01
   2.2738760e+06   1.7089844e+01
   2.2739700e+06   1.5014648e+01
   2.2885500e+06   1.5441895e+01
   2.3066030e+06   1.9348145e+01
   2.3067060e+06   1.9104004e+01
   2.3068010e+06   1.5441895e+01
   2.3089790e+06   1.9042969e+01
   2.3523630e+06   1.6235352e+01
   2.3615830e+06   1.4709473e+01
   2.3632940e+06   1.4343262e+01
   2.3633420e+06   1.6296387e+01
   2.3634490e+06   1.9287109e+01
   2.3634720e+06   1.4831543e+01
   2.3970840e+06   1.5563965e+01
   2.4317580e+06   1.8127441e+01
   2.4318070e+06   1.7028809e+01
   2.4318960e+06   1.7517090e+01
   2.4319970e+06   1.8188477e+01
   2.4325070e+06   1.6967773e+01
   2.4326050e+06   1.5380859e+01
   2.4327370e+06   1.5197754e+01
   2.4329540e+06   1.6113281e+01
   2.4330590e+06   1.6662598e+01
   2.4331070e+06   1.6784668e+01
   2.4331300e+06   2.4841309e+01
   2.4331720e+06   1.5563965e+01
   2.4332390e+06   1.6174316e+01
   2.4333940e+06   1.7456055e+01
   2.4593970e+06   1.6418457e+01
   2.5229420e+06   1.5930176e+01
   2.5325940e+06   1.7028809e+01
   2.5601000e+06   1.8859863e+01
   2.5698250e+06   1.7761230e+01
   2.5738700e+06   1.4404297e+01
   2.5866440e+06   1.4587402e+01
   2.5887550e+06   1.5319824e+01
   2.5888530e+06   1.8676758e+01
   2.5888850e+06   1.5319824e+01
   2.5890550e+06   1.5441895e+01
   2.5890900e+06   1.8432617e+01
   2.5891000e+06   1.7883301e+01
   2.5891720e+06   1.6601562e+01
   2.5893540e+06   1.5014648e+01
   2.5897880e+06   1.6479492e+01
   2.5899600e+06   1.4587402e+01
   2.6048870e+06   1.6113281e+01
   2.6050370e+06   1.8371582e+01
   2.6053430e+06   1.9958496e+01
   2.6061140e+06   1.8432617e+01
   2.6066640e+06   1.4709473e+01
   2.6068480e+06   1.5075684e+01
   2.6070940e+06   1.6235352e+01
   2.6073650e+06   1.5930176e+01
   2.6162240e+06   1.5136719e+01
   2.6289080e+06   1.5930176e+01
   2.6515330e+06   1.6967773e+01
   2.6842140e+06   1.7578125e+01
   2.6988050e+06   1.6906738e+01
   2.7009350e+06   2.1118164e+01
   2.7009680e+06   1.4404297e+01
   2.7009890e+06   2.1484375e+01
   2.7011030e+06   1.4953613e+01
   2.7012190e+06   1.4892578e+01
   2.7012710e+06   1.7639160e+01
   2.7013270e+06   1.6601562e+01
   2.7013530e+06   1.4221191e+01
   2.7203400e+06   1.5991211e+01
   2.7781930e+06   2.1118164e+01
   2.7782900e+06   1.8066406e+01
   2.7784630e+06   1.7395020e+01
   2.7920710e+06   1.5380859e+01
   2.7959300e+06   1.5625000e+01
   2.7991800e+06   1.5930176e+01
   2.8061870e+06   1.7639160e+01
   2.8067050e+06   1.7089844e+01
   2.8070510e+06   1.8615723e+01
   2.8076530e+06   2.1423340e+01
   2.8508120e+06   1.6235352e+01
   2.8508280e+06   1.5014648e+01
   2.8508670e+06   1.8188477e+01
   2.8509530e+06   2.1667480e+01
   2.8510860e+06   1.9775391e+01
   2.8651460e+06   1.4282227e+01
   2.8670890e+06   1.5930176e+01
   2.8707470e+06   1.9836426e+01
   2.8800400e+06   1.5441895e+01
   2.9023340e+06   1.6174316e+01
   2.9295970e+06   1.7944336e+01
   2.9451500e+06   2.1362305e+01
   2.9520130e+06   1.6906738e+01
   2.9576140e+06   1.6113281e+01
   2.9576240e+06   1.5563965e+01
   2.9577300e+06   1.9348145e+01
   2.9578150e+06   1.4221191e+01
   2.9579150e+06   2.1728516e+01
   2.9726800e+06   1.4831543e+01
   2.9908600e+06   1.8554688e+01
   2.9923780e+06   1.7028809e+01
   3.0135260e+06   1.9775391e+01
   3.0176980e+06   1.4282227e+01
   3.0266210e+06   1.5991211e+01
   3.0277210e+06   1.4221191e+01
   3.0328250e+06   1.5319824e+01
   3.0418280e+06   1.5441895e+01
   3.0499110e+06   1.4343262e+01
   3.0556930e+06   1.7822266e+01
   3.0653310e+06   1.5075684e+01
   3.0787570e+06   1.6601563e+01
   3.0849230e+06   1.4953613e+01
   3.0853160e+06   1.7944336e+01
   3.0853280e+06   2.8137207e+01
   3.0853450e+06   1.4648438e+01
   3.0853780e+06   2.6123047e+01
   3.0854090e+06   1.7822266e+01
   3.0854380e+06   2.1179199e+01
   3.0854560e+06   1.5686035e+01
   3.0855010e+06   1.6296387e+01
   3.0855180e+06   1.5869141e+01
   3.0855520e+06   1.5258789e+01
   3.0855680e+06   1.4892578e+01
   3.0855850e+06   1.5014648e+01
   3.0856090e+06   1.5930176e+01
   3.0857460e+06   1.5686035e+01
   3.1014460e+06   1.7578125e+01
   3.1016150e+06   1.8676758e+01
   3.1018480e+06   1.5747070e+01
   3.1020530e+06   1.4526367e+01
   3.1021050e+06   1.6235352e+01
   3.1021760e+06   1.4282227e+01
   3.1022390e+06   1.4221191e+01
   3.1022910e+06   1.4587402e+01
   3.1023280e+06   1.6418457e+01
   3.1024010e+06   1.4648438e+01
   3.1025430e+06   1.4465332e+01
   3.1026990e+06   1.4892578e+01
   3.1027560e+06   1.5380859e+01
   3.1028690e+06   1.4831543e+01
   3.1030340e+06   1.4587402e+01
   3.1033340e+06   1.5258789e+01
   3.2677520e+06   1.5441895e+01
   3.3093460e+06   1.4892578e+01
   3.3245950e+06   1.6784668e+01
   3.3289380e+06   1.5747070e+01
   3.3524170e+06   1.5319824e+01
   3.3535560e+06   1.6967773e+01
   3.3542470e+06   1.4526367e+01
   3.3645050e+06   1.4282227e+01
   3.3711370e+06   1.4770508e+01
   3.3749400e+06   1.8249512e+01
   3.3821580e+06   1.8981934e+01
   3.3879940e+06   1.7578125e+01
   3.3906970e+06   1.4953613e+01
   3.3960160e+06   1.5686035e+01
   3.4224460e+06   1.7089844e+01
   3.4374580e+06   2.0324707e+01
   3.4375410e+06   1.8310547e+01
   3.4376170e+06   1.5319824e+01
   3.4377690e+06   1.5380859e+01
   3.4379970e+06   1.4404297e+01
   3.4389710e+06   1.4709473e+01
   3.4565090e+06   1.5747070e+01
   3.4848820e+06   1.6235352e+01
   3.4849870e+06   1.4221191e+01
   3.4850250e+06   1.8127441e+01
   3.5131670e+06   1.6357422e+01
   3.5250840e+06   1.5563965e+01
   3.5404230e+06   1.6784668e+01
   3.5428420e+06   1.4160156e+01
   3.5429350e+06   1.4221191e+01
   3.5430240e+06   1.7883301e+01
   3.5432980e+06   1.7272949e+01
   3.5942020e+06   1.7089844e+01
   3.5943230e+06   1.7089844e+01
   3.5944510e+06   1.6906738e+01
   3.6139660e+06   2.0141602e+01
   3.6370940e+06   1.8371582e+01
   3.6416230e+06   1.5869141e+01
   3.6848920e+06   1.6113281e+01
   3.6918490e+06   1.6479492e+01
   3.6992580e+06   1.4770508e+01
   3.6993400e+06   2.4719238e+01
   3.6994480e+06   1.9897461e+01
   3.6997640e+06   1.4282227e+01
   3.7591360e+06   1.4221191e+01
   3.7780990e+06   1.5014648e+01
   3.7840670e+06   1.9958496e+01
   3.8197210e+06   1.5258789e+01
   3.8428510e+06   1.8615723e+01
   3.8597370e+06   1.6357422e+01
   3.8597840e+06   1.4831543e+01
   3.8598760e+06   1.5869141e+01
   3.8598860e+06   1.5075684e+01
   3.8831320e+06   1.6967773e+01
   3.9247320e+06   1.8676758e+01
   3.9423590e+06   1.5808105e+01
   3.9572800e+06   1.6174316e+01
   3.9574550e+06   1.6357422e+01
   3.9575780e+06   1.9165039e+01
   3.9576940e+06   1.5747070e+01
   3.9579260e+06   1.4282227e+01
   4.1463900e+06   1.4160156e+01
   4.1465830e+06   1.5014648e+01
   4.1466620e+06   1.5075684e+01
   4.1466920e+06   1.6357422e+01
   4.1467080e+06   2.2216797e+01
   4.1467400e+06   1.6784668e+01
   4.1467670e+06   1.6174316e+01
   4.1467990e+06   1.5380859e+01
   4.1468310e+06   1.5502930e+01
   4.1468690e+06   1.5258789e+01
   4.1469480e+06   1.4770508e+01
   4.1470190e+06   1.5441895e+01
   4.1628570e+06   1.4587402e+01
   4.1631050e+06   1.4465332e+01
   4.1631600e+06   1.4587402e+01
   4.1632260e+06   1.7761230e+01
   4.1632360e+06   1.4465332e+01
   4.1632830e+06   1.8554688e+01
   4.1633090e+06   1.7700195e+01
   4.1633190e+06   2.2521973e+01
   4.1633320e+06   1.4709473e+01
   4.1634180e+06   1.4709473e+01
   4.1635460e+06   1.8127441e+01
   4.1635800e+06   1.6052246e+01
   4.1636020e+06   1.5991211e+01
   4.2791900e+06   2.2155762e+01
   4.2792160e+06   1.4343262e+01
   4.2792840e+06   1.5258789e+01
   4.2794670e+06   1.5869141e+01
   4.2794770e+06   1.7028809e+01
   4.2795020e+06   1.7517090e+01
   4.2795360e+06   1.5991211e+01
   4.2795480e+06   1.4953613e+01
   4.2795640e+06   1.4831543e+01
   4.2795990e+06   1.4404297e+01
   4.2796110e+06   1.9104004e+01
   4.2796620e+06   1.8737793e+01
   4.2796730e+06   1.7578125e+01
   4.2796950e+06   1.9348145e+01
   4.2798710e+06   1.4648438e+01
   4.2800000e+06   1.5136719e+01
   4.2801560e+06   1.5197754e+01
   4.4578270e+06   1.8737793e+01
   4.4578780e+06   1.4648438e+01
   4.4579090e+06   1.4892578e+01
   4.4579620e+06   1.5747070e+01
   4.4580880e+06   1.6540527e+01
   4.4581510e+06   2.3376465e+01
   4.4581870e+06   2.0446777e+01
   4.4581990e+06   1.5686035e+01
   4.4582140e+06   1.4404297e+01
   4.4582420e+06   1.4526367e+01
   4.4582710e+06   1.7944336e+01
   4.4583180e+06   2.0874023e+01
   4.4583300e+06   1.6601562e+01
   4.4583600e+06   1.4709473e+01
   4.4584560e+06   2.2216797e+01
   4.6210920e+06   1.8249512e+01
   4.6211260e+06   1.5869141e+01
   4.6211840e+06   1.5930176e+01
   4.6213830e+06   1.5441895e+01
   4.6214330e+06   1.4953613e+01
   4.6215510e+06   1.7761230e+01
   4.6216380e+06   1.7333984e+01
   4.6217820e+06   1.4160156e+01
   4.6219430e+06   1.6418457e+01
   4.6220480e+06   1.5625000e+01
   4.6222240e+06   1.5380859e+01
   4.6501910e+06   1.4221191e+01
   4.7240400e+06   1.6357422e+01
   4.7393380e+06   1.5502930e+01
   4.7395310e+06   1.4221191e+01
   4.7534050e+06   1.9042969e+01
   4.7614640e+06   1.5991211e+01
   4.7874360e+06   1.4587402e+01
   4.8238960e+06   1.5563965e+01
   4.8551670e+06   1.5502930e+01
   4.8648810e+06   1.5136719e+01
   4.8683360e+06   1.5686035e+01
   4.8697600e+06   1.5869141e+01
   4.8702770e+06   1.5869141e+01
   4.8767730e+06   1.4770508e+01
   4.8772230e+06   1.4221191e+01
   4.8772530e+06   2.3254395e+01
   4.8772860e+06   1.7028809e+01
   4.8773040e+06   1.7578125e+01
   4.8773200e+06   1.9226074e+01
   4.8773520e+06   1.5136719e+01
   4.8773700e+06   2.1179199e+01
   4.8773920e+06   1.6357422e+01
   4.8774440e+06   1.6235352e+01
   4.8774630e+06   1.5014648e+01
   5.0091110e+06   1.5014648e+01
   5.0320650e+06   1.7883301e+01
   5.0357100e+06   1.6784668e+01
   5.0650410e+06   1.4526367e+01
   5.1233250e+06   1.5319824e+01
   5.1398650e+06   1.6906738e+01
   5.1402800e+06   1.5380859e+01
   5.1403430e+06   1.5441895e+01
   5.1405320e+06   1.5991211e+01
   5.1408680e+06   1.4648438e+01
   5.1409340e+06   1.5441895e+01
   5.1410640e+06   1.6235352e+01
   5.1415990e+06   1.4831543e+01
   5.1568160e+06   1.5136719e+01
   5.1598440e+06   1.7639160e+01
   5.1602650e+06   2.0080566e+01
   5.1609640e+06   1.4282227e+01
   5.1611460e+06   1.4282227e+01
   5.2435440e+06   1.6784668e+01
   5.2735110e+06   1.9958496e+01
   5.2880610e+06   1.5930176e+01
   5.3257220e+06   1.5991211e+01
   5.3276420e+06   1.6357422e+01
   5.3296820e+06   1.4648438e+01
   5.3410510e+06   1.5075684e+01
   5.3565520e+06   1.5686035e+01
   5.3646830e+06   1.6906738e+01
   5.3647870e+06   1.5136719e+01
   5.3649110e+06   2.2216797e+01
   5.3651890e+06   1.5197754e+01
   5.3652550e+06   1.4465332e+01
   5.3653080e+06   1.5319824e+01
   5.3656990e+06   1.4770508e+01
   5.3658550e+06   1.8066406e+01
   5.4667730e+06   1.6784668e+01
   5.4668760e+06   1.5563965e+01
   5.4670520e+06   1.4465332e+01
   5.4672020e+06   1.4587402e+01
   5.5580620e+06   1.8554688e+01
   5.5738450e+06   1.6052246e+01
   5.5832690e+06   1.7883301e+01
   5.5897920e+06   1.6479492e+01
   5.6079890e+06   1.7578125e+01
   5.6153010e+06   1.8066406e+01
   5.6532000e+06   1.6113281e+01
   5.6540920e+06   1.6296387e+01
   5.6541930e+06   1.7150879e+01
   5.6543080e+06   2.3315430e+01
   5.6544950e+06   1.6479492e+01
   5.6545340e+06   1.6357422e+01
   5.6545730e+06   1.4648438e+01
   5.6545840e+06   1.6479492e+01
   5.6551010e+06   1.5930176e+01
   5.6838830e+06   1.4282227e+01
   5.6854490e+06   1.5930176e+01
   5.7511260e+06   1.4709473e+01
   5.7802210e+06   1.4892578e+01
   5.7834920e+06   1.7028809e+01
   5.7901110e+06   1.4831543e+01
   5.7921000e+06   1.7333984e+01
   5.8059700e+06   1.9165039e+01
   5.8065110e+06   1.4770508e+01
   5.8421380e+06   2.0324707e+01
   5.8850620e+06   1.5930176e+01
   5.8952690e+06   1.4831543e+01
   5.8959330e+06   1.7028809e+01
   5.8961820e+06   1.6601563e+01
   5.8969640e+06   1.8920898e+01
   5.8973990e+06   1.4892578e+01
   5.8976000e+06   1.4831543e+01
   5.8977130e+06   1.4892578e+01
   5.9849920e+06   1.6479492e+01
   5.9899940e+06   1.4892578e+01
