   5.9990000e+06   0.0000000e+00
   2.3837000e+04   1.4343262e+01
   2.3868000e+04   1.5258789e+01
   2.3891000e+04   1.5136719e+01
   2.3904000e+04   1.6174316e+01
   2.3923000e+04   1.4831543e+01
   2.3979000e+04   1.5930176e+01
   3.5999700e+05   1.4404297e+01
   5.4174300e+05   1.4343262e+01
   8.2881600e+05   1.4648438e+01
   8.2883800e+05   1.4465332e+01
   1.0564700e+06   1.4892578e+01
   1.3255510e+06   1.7517090e+01
   2.1819650e+06   1.4587402e+01
   2.4327290e+06   1.6601562e+01
   2.4327630e+06   1.4953613e+01
   2.4328420e+06   1.6052246e+01
   2.4328560e+06   1.4770508e+01
   2.4328960e+06   1.4282227e+01
   2.4329970e+06   1.4282227e+01
   2.5893310e+06   1.6052246e+01
   2.5894160e+06   1.4770508e+01
   2.5894330e+06   1.5197754e+01
   2.5895870e+06   1.8554688e+01
   2.7013730e+06   1.4648438e+01
   2.7014730e+06   1.4404297e+01
   3.0850450e+06   1.6174316e+01
   3.4385300e+06   1.6235352e+01
   3.4385910e+06   1.4770508e+01
   3.4862790e+06   1.4465332e+01
   3.5433660e+06   1.5380859e+01
   3.5434680e+06   1.4343262e+01
   3.8604910e+06   1.6113281e+01
   4.1467600e+06   1.4221191e+01
   4.1467810e+06   2.0751953e+01
   4.1468050e+06   1.4404297e+01
   4.1468350e+06   1.7272949e+01
   4.1468670e+06   1.6113281e+01
   4.1468930e+06   1.4770508e+01
   4.1470650e+06   1.4831543e+01
   4.1634280e+06   1.5197754e+01
   4.1635000e+06   1.4648438e+01
   4.1635530e+06   1.4465332e+01
   4.1635910e+06   1.4343262e+01
   4.1636220e+06   1.6784668e+01
   4.1636870e+06   1.6113281e+01
   4.1637970e+06   1.5258789e+01
   4.2795760e+06   1.7150879e+01
   4.2795980e+06   1.8249512e+01
   4.2796620e+06   1.7883301e+01
   4.2796880e+06   1.5991211e+01
   4.4582490e+06   1.4160156e+01
   4.4582780e+06   1.7761230e+01
   4.4583210e+06   1.6357422e+01
   4.4584160e+06   1.4465332e+01
   4.4584850e+06   1.6174316e+01
   4.6216880e+06   1.9653320e+01
   4.6217060e+06   1.4709473e+01
   4.6217470e+06   1.8676758e+01
   4.6217600e+06   1.6601562e+01
   4.6217830e+06   1.4221191e+01
   4.8772260e+06   1.4465332e+01
   5.1411380e+06   1.9470215e+01
   5.1411810e+06   1.4465332e+01
   5.1412030e+06   1.5075684e+01
   5.1412150e+06   1.4587402e+01
   5.1412440e+06   2.1362305e+01
   5.1412960e+06   1.4587402e+01
   5.1605120e+06   1.4526367e+01
   5.1605470e+06   1.4160156e+01
   5.1607530e+06   1.4160156e+01
   5.3653990e+06   1.5075684e+01
   5.3654970e+06   1.5686035e+01
   5.3655120e+06   1.5869141e+01
   5.4675320e+06   1.6479492e+01
   5.6546710e+06   1.6235352e+01
   5.6547370e+06   1.4282227e+01
   5.6547610e+06   1.4221191e+01
   5.6548090e+06   1.5686035e+01
   5.6548500e+06   1.4892578e+01
   5.8977000e+06   1.4404297e+01
