   5.9990000e+06   0.0000000e+00
   2.3723000e+04   1.8798828e+01
   2.3743000e+04   5.1269531e+01
   2.3785000e+04   2.1850586e+01
   2.3811000e+04   4.0832520e+01
   2.3835000e+04   1.8981934e+01
   2.3878000e+04   3.7963867e+01
   2.3889000e+04   1.6906738e+01
   6.7556000e+04   4.2907715e+01
   3.0591100e+05   1.4709473e+01
   3.5909300e+05   5.6274414e+01
   5.8785500e+05   5.4870605e+01
   7.8707800e+05   4.4982910e+01
   8.2835100e+05   5.4260254e+01
   9.2208300e+05   5.3771973e+01
   9.8049700e+05   4.5471191e+01
   1.0558460e+06   4.4250488e+01
   1.0755140e+06   1.4404297e+01
   1.1487060e+06   4.3151855e+01
   1.3251100e+06   5.1574707e+01
   1.4714480e+06   1.4526367e+01
   1.5333820e+06   5.3344727e+01
   2.0402270e+06   5.6274414e+01
   2.0867120e+06   5.5847168e+01
   2.1807070e+06   5.3344727e+01
   2.3066730e+06   5.9631348e+01
   2.4317760e+06   5.1025391e+01
   2.4330440e+06   1.4892578e+01
   2.4330900e+06   6.0363770e+01
   2.4331240e+06   3.3386230e+01
   2.4331380e+06   2.4780273e+01
   2.4331970e+06   6.7443848e+01
   2.4332320e+06   1.7517090e+01
   2.4332970e+06   4.5227051e+01
   2.5887550e+06   4.7363281e+01
   2.6926230e+06   1.4587402e+01
   2.7009660e+06   4.7668457e+01
   2.8508540e+06   4.5166016e+01
   2.9576270e+06   4.5715332e+01
   3.0853530e+06   2.3376465e+01
   3.0853630e+06   6.8969727e+01
   3.0854000e+06   3.1005859e+01
   3.0854250e+06   4.0527344e+01
   3.0854460e+06   1.7211914e+01
   3.0854990e+06   5.6945801e+01
   3.0855090e+06   2.4963379e+01
   3.1021940e+06   4.9377441e+01
   3.1022560e+06   1.5502930e+01
   3.1022750e+06   3.7719727e+01
   3.1023370e+06   3.7170410e+01
   3.1024010e+06   3.1066895e+01
   3.1024740e+06   3.3264160e+01
   3.1025560e+06   3.0273438e+01
   3.1025660e+06   1.3916016e+01
   3.1026210e+06   2.7038574e+01
   3.1026990e+06   3.0334473e+01
   3.1027860e+06   3.2104492e+01
   3.1028860e+06   2.9907227e+01
   3.1029700e+06   3.0090332e+01
   3.1030700e+06   2.8381348e+01
   3.1030800e+06   1.5319824e+01
   3.1031690e+06   3.2287598e+01
   3.1033000e+06   2.8503418e+01
   3.1033110e+06   1.6235352e+01
   3.1033960e+06   3.0273438e+01
   3.1034890e+06   2.9785156e+01
   3.1035240e+06   1.5441895e+01
   3.1036160e+06   3.3386230e+01
   3.1037330e+06   3.3447266e+01
   3.1037460e+06   1.4709473e+01
   3.1038520e+06   2.9357910e+01
   3.1040010e+06   2.9541016e+01
   3.1041560e+06   3.4240723e+01
   3.1043000e+06   3.7841797e+01
   3.1045070e+06   3.2592773e+01
   3.1047400e+06   3.5949707e+01
   3.5428470e+06   4.0832520e+01
   3.8597760e+06   5.3283691e+01
   4.1463850e+06   5.0842285e+01
   4.1466820e+06   1.9714355e+01
   4.1466940e+06   3.0639648e+01
   4.1467110e+06   4.6447754e+01
   4.1467540e+06   4.2663574e+01
   4.1467890e+06   4.2297363e+01
   4.1630750e+06   5.1574707e+01
   4.1631660e+06   4.5837402e+01
   4.1631760e+06   1.5319824e+01
   4.1632590e+06   3.5705566e+01
   4.1633410e+06   3.1738281e+01
   4.1633540e+06   4.0893555e+01
   4.1634050e+06   3.3569336e+01
   4.1634230e+06   3.4729004e+01
   4.1634730e+06   2.7343750e+01
   4.1634930e+06   1.5258789e+01
   4.1635300e+06   2.3254395e+01
   4.1635400e+06   2.8198242e+01
   4.1636730e+06   1.9409180e+01
   4.2792060e+06   5.3894043e+01
   4.2793620e+06   1.6479492e+01
   4.2794580e+06   5.2734375e+01
   4.2794740e+06   3.6010742e+01
   4.2795000e+06   2.0080566e+01
   4.2795250e+06   5.0537109e+01
   4.2795480e+06   1.4465332e+01
   4.2795580e+06   1.6540527e+01
   4.2795900e+06   3.4729004e+01
   4.2796070e+06   1.7211914e+01
   4.2796210e+06   1.5747070e+01
   4.2796810e+06   3.1799316e+01
   4.4578550e+06   4.7607422e+01
   4.4581930e+06   1.4953613e+01
   4.4582320e+06   4.8217773e+01
   4.4582580e+06   2.5512695e+01
   4.4710800e+06   4.5837402e+01
   4.4722770e+06   3.8635254e+01
   4.4730950e+06   4.1564941e+01
   4.4740840e+06   3.7536621e+01
   4.4757470e+06   4.1625977e+01
   4.4774240e+06   3.9001465e+01
   4.4818960e+06   4.0771484e+01
   4.4846530e+06   4.3334961e+01
   4.4949760e+06   4.5104980e+01
   4.4966980e+06   3.4973145e+01
   4.5125640e+06   3.7292480e+01
   4.5134450e+06   3.8574219e+01
   4.5259130e+06   4.3212891e+01
   4.5288270e+06   4.3029785e+01
   4.5671450e+06   3.9306641e+01
   4.6221160e+06   5.8593750e+01
   4.8570820e+06   4.5043945e+01
   4.8773160e+06   1.5808105e+01
   4.8773290e+06   6.4025879e+01
   4.8773710e+06   2.1118164e+01
   4.8774360e+06   4.6630859e+01
   4.8774930e+06   1.5808105e+01
   4.8775070e+06   4.1564941e+01
   4.8775180e+06   1.7272949e+01
   5.1415650e+06   5.5114746e+01
   5.1415750e+06   1.5686035e+01
   5.1416510e+06   4.6142578e+01
   5.1417290e+06   4.5410156e+01
   5.3142630e+06   1.4526367e+01
   5.3652490e+06   1.4099121e+01
   5.3659190e+06   5.3039551e+01
   5.3847140e+06   4.3823242e+01
   5.6544900e+06   1.3977051e+01
