   5.9990000e+06   0.0000000e+00
   7.4250000e+03   1.4221191e+01
   9.7440000e+03   1.8981934e+01
   1.3868000e+04   1.9897461e+01
   1.3915000e+04   1.4465332e+01
   1.6487000e+04   1.8920898e+01
   1.8656000e+04   1.6662598e+01
   1.8715000e+04   1.4770508e+01
   2.0138000e+04   1.9348145e+01
   2.1737000e+04   1.6540527e+01
   2.1803000e+04   1.7333984e+01
   2.3670000e+04   1.6662598e+01
   2.3834000e+04   2.0202637e+01
   2.3846000e+04   2.9968262e+01
   2.3865000e+04   4.7363281e+01
   2.3878000e+04   2.6489258e+01
   2.3915000e+04   2.0568848e+01
   2.3931000e+04   5.3405762e+01
   2.3960000e+04   2.2033691e+01
   2.3970000e+04   2.1789551e+01
   2.3996000e+04   2.4658203e+01
   2.4015000e+04   2.5329590e+01
   2.4030000e+04   2.1545410e+01
   2.4048000e+04   1.7150879e+01
   2.4061000e+04   1.8005371e+01
   2.4093000e+04   2.3864746e+01
   2.4109000e+04   2.0507812e+01
   2.4130000e+04   1.5869141e+01
   2.4161000e+04   2.0568848e+01
   2.4217000e+04   2.0263672e+01
   2.4267000e+04   2.3376465e+01
   2.4311000e+04   1.5197754e+01
   2.4334000e+04   1.7944336e+01
   2.4387000e+04   1.3854980e+01
   2.4439000e+04   1.6235352e+01
   2.4499000e+04   1.9287109e+01
   2.4536000e+04   2.3254395e+01
   2.4698000e+04   1.6296387e+01
   2.7887000e+04   1.4099121e+01
   2.8726000e+04   1.6418457e+01
   3.6753000e+04   1.8371582e+01
   4.0745000e+04   2.0507812e+01
   4.0782000e+04   1.5869141e+01
   4.2684000e+04   1.7944336e+01
   4.4757000e+04   1.7822266e+01
   4.5859000e+04   1.9531250e+01
   4.6994000e+04   1.7272949e+01
   4.8407000e+04   1.7333984e+01
   5.0745000e+04   2.2705078e+01
   5.1962000e+04   1.8371582e+01
   5.3200000e+04   1.7456055e+01
   5.4130000e+04   2.2521973e+01
   5.4481000e+04   1.4099121e+01
   5.9786000e+04   1.7211914e+01
   5.9839000e+04   1.4221191e+01
   6.1288000e+04   1.6174316e+01
   6.1365000e+04   1.5808105e+01
   6.2873000e+04   1.5380859e+01
   6.2943000e+04   1.4648438e+01
   6.7929000e+04   1.7456055e+01
   7.0125000e+04   1.8737793e+01
   7.3393000e+04   1.6601562e+01
   7.3451000e+04   1.5502930e+01
   7.8177000e+04   2.1728516e+01
   7.8251000e+04   1.4709473e+01
   8.1762000e+04   1.8066406e+01
   9.2038000e+04   1.4038086e+01
   9.5945000e+04   1.4709473e+01
   1.0325500e+05   1.7639160e+01
   1.0762500e+05   1.6540527e+01
   1.1724200e+05   1.7395020e+01
   1.1888000e+05   1.4282227e+01
   1.2164000e+05   1.5441895e+01
   1.2590200e+05   2.0263672e+01
   1.2595800e+05   1.3793945e+01
   1.3717400e+05   1.9531250e+01
   1.3888300e+05   1.6052246e+01
   1.6741800e+05   1.4404297e+01
   1.6847000e+05   1.5014648e+01
   1.7515500e+05   1.8859863e+01
   1.7519300e+05   1.4038086e+01
   1.7522700e+05   1.3916016e+01
   1.7528600e+05   2.6489258e+01
   1.8002900e+05   1.5258789e+01
   2.0786600e+05   1.5075684e+01
   2.2192400e+05   1.9775391e+01
   3.0010200e+05   1.5258789e+01
   3.2375700e+05   2.1423340e+01
   3.4985400e+05   1.4831543e+01
   3.5934900e+05   1.9531250e+01
   3.5966400e+05   1.4404297e+01
   3.5975500e+05   1.6723633e+01
   3.5979200e+05   1.7211914e+01
   3.5980800e+05   1.4099121e+01
   3.5982700e+05   1.7456055e+01
   3.5984400e+05   6.2255859e+01
   3.5987000e+05   3.2897949e+01
   3.5988200e+05   3.1188965e+01
   3.5990400e+05   1.5747070e+01
   3.5991600e+05   2.3925781e+01
   3.5993800e+05   1.7517090e+01
   3.5994800e+05   2.3986816e+01
   3.5996900e+05   3.0822754e+01
   3.5998000e+05   1.6845703e+01
   3.5999700e+05   2.7832031e+01
   3.6003700e+05   1.4465332e+01
   3.6007100e+05   1.4953613e+01
   3.6011000e+05   1.4709473e+01
   3.6021800e+05   1.5686035e+01
   3.6031800e+05   1.6174316e+01
   3.6041900e+05   1.5380859e+01
   3.6048200e+05   1.4404297e+01
   3.9637700e+05   1.4099121e+01
   3.9943700e+05   1.4953613e+01
   4.1174900e+05   1.6845703e+01
   4.1181700e+05   2.1179199e+01
   4.2271700e+05   2.1362305e+01
   4.7713100e+05   1.6479492e+01
   5.4097900e+05   2.6855469e+01
   5.4100900e+05   1.4160156e+01
   5.4129400e+05   1.4648438e+01
   5.4150700e+05   2.2338867e+01
   5.4152000e+05   2.0935059e+01
   5.4156100e+05   2.4658203e+01
   5.4159500e+05   4.3395996e+01
   5.4162600e+05   2.1850586e+01
   5.4164100e+05   3.0334473e+01
   5.4167300e+05   2.1850586e+01
   5.4168900e+05   3.0639648e+01
   5.4170100e+05   2.6611328e+01
   5.4173000e+05   2.0141602e+01
   5.4176200e+05   1.7333984e+01
   5.4178700e+05   1.5014648e+01
   5.4183100e+05   1.7395020e+01
   5.4187700e+05   1.8981934e+01
   5.4192500e+05   1.5930176e+01
   5.4194600e+05   2.0141602e+01
   5.4200500e+05   1.5869141e+01
   5.4224500e+05   1.5014648e+01
   5.5618100e+05   1.8188477e+01
   5.7103300e+05   1.8981934e+01
   5.7121100e+05   1.4892578e+01
   5.7145800e+05   1.6540527e+01
   5.7163600e+05   1.8066406e+01
   5.7169400e+05   1.8493652e+01
   5.8807600e+05   1.8127441e+01
   5.8856800e+05   1.4282227e+01
   5.8861400e+05   2.6733398e+01
   5.8863000e+05   1.7395020e+01
   5.8867900e+05   1.9592285e+01
   5.8872200e+05   1.7639160e+01
   5.8875300e+05   1.5014648e+01
   5.8876900e+05   1.9470215e+01
   5.8880900e+05   1.7700195e+01
   5.8882000e+05   1.7272949e+01
   5.8884100e+05   1.7333984e+01
   5.8885100e+05   2.5817871e+01
   5.8887700e+05   2.1301270e+01
   5.8890700e+05   1.5136719e+01
   5.8891800e+05   2.6672363e+01
   5.8901800e+05   1.6845703e+01
   5.8905000e+05   2.0385742e+01
   5.8914100e+05   1.3854980e+01
   5.8924600e+05   2.4841309e+01
   5.8934200e+05   1.4404297e+01
   6.4432500e+05   1.4160156e+01
   6.6910100e+05   1.8981934e+01
   6.6912200e+05   1.4709473e+01
   6.6940500e+05   1.5197754e+01
   6.6942800e+05   1.4221191e+01
   6.6949500e+05   1.5625000e+01
   6.6955500e+05   1.7028809e+01
   6.6958100e+05   3.6254883e+01
   6.6960100e+05   1.9470215e+01
   6.6963300e+05   2.5390625e+01
   6.6966100e+05   1.7578125e+01
   6.6969000e+05   3.1494141e+01
   6.6970300e+05   3.2226562e+01
   6.6972300e+05   2.2399902e+01
   6.6974200e+05   1.7639160e+01
   6.6977400e+05   1.7883301e+01
   6.6980300e+05   1.4709473e+01
   6.6983800e+05   1.9836426e+01
   6.6986300e+05   1.7883301e+01
   6.6988000e+05   1.8981934e+01
   6.6989300e+05   2.2460938e+01
   6.6991000e+05   1.8249512e+01
   6.7002200e+05   1.9470215e+01
   6.7003900e+05   1.6723633e+01
   6.7011100e+05   1.5075684e+01
   6.7016400e+05   1.4404297e+01
   6.7020300e+05   1.4282227e+01
   6.7041100e+05   1.5930176e+01
   7.8016200e+05   2.3254395e+01
   7.9176700e+05   1.9409180e+01
   8.2850300e+05   2.4658203e+01
   8.2853200e+05   1.5686035e+01
   8.2858200e+05   1.8310547e+01
   8.2863900e+05   1.5930176e+01
   8.2870700e+05   1.5991211e+01
   8.2871700e+05   1.5869141e+01
   8.2876900e+05   3.1494141e+01
   8.2878000e+05   2.2827148e+01
   8.2879600e+05   6.0485840e+01
   8.2881400e+05   3.7719727e+01
   8.2882700e+05   1.5014648e+01
   8.2885600e+05   2.5817871e+01
   8.2886800e+05   1.4282227e+01
   8.2889300e+05   3.2409668e+01
   8.2890900e+05   1.3916016e+01
   8.2895100e+05   1.7456055e+01
   8.2896900e+05   2.0568848e+01
   8.2899000e+05   1.8066406e+01
   8.2901800e+05   1.9775391e+01
   8.2904600e+05   1.4282227e+01
   8.2905700e+05   1.9287109e+01
   8.2909100e+05   1.6906738e+01
   8.2912300e+05   1.4892578e+01
   8.2915300e+05   1.7150879e+01
   8.2920600e+05   1.3977051e+01
   8.2926300e+05   1.4404297e+01
   8.7132700e+05   1.9470215e+01
   8.9420600e+05   1.6479492e+01
   9.2226900e+05   2.0141602e+01
   9.2231000e+05   1.5747070e+01
   9.2235100e+05   2.1240234e+01
   9.2237800e+05   1.3854980e+01
   9.2261300e+05   1.5258789e+01
   9.2264200e+05   2.0874023e+01
   9.2267400e+05   2.9846191e+01
   9.2270000e+05   1.7456055e+01
   9.2271700e+05   1.8859863e+01
   9.2277200e+05   1.6113281e+01
   9.2278500e+05   1.5808105e+01
   9.2280400e+05   2.7038574e+01
   9.2283000e+05   1.6052246e+01
   9.2287500e+05   1.5075684e+01
   9.2289200e+05   1.5197754e+01
   9.2292300e+05   1.9409180e+01
   9.2296200e+05   1.7822266e+01
   9.2298400e+05   1.7578125e+01
   9.2300500e+05   1.5747070e+01
   9.2301800e+05   1.6723633e+01
   9.2304400e+05   1.5014648e+01
   9.2307300e+05   1.6296387e+01
   9.2317200e+05   1.5136719e+01
   9.2320300e+05   1.8188477e+01
   9.2322800e+05   1.5625000e+01
   9.2341900e+05   1.4831543e+01
   9.2405300e+05   1.5319824e+01
   9.8071700e+05   1.6845703e+01
   9.8076800e+05   1.7639160e+01
   9.8109400e+05   1.5502930e+01
   9.8111600e+05   1.3916016e+01
   9.8114000e+05   1.5625000e+01
   9.8119500e+05   1.3916016e+01
   9.8121700e+05   2.0874023e+01
   9.8123400e+05   2.0385742e+01
   9.8124800e+05   1.4587402e+01
   9.8126700e+05   1.4831543e+01
   9.8128700e+05   1.3793945e+01
   9.8131800e+05   1.5075684e+01
   9.8134000e+05   2.4597168e+01
   9.8136200e+05   2.1911621e+01
   9.8139000e+05   2.1484375e+01
   9.8141500e+05   1.5869141e+01
   9.8145800e+05   2.0080566e+01
   9.8147400e+05   2.7099609e+01
   9.8149200e+05   1.7211914e+01
   9.8150500e+05   3.4973145e+01
   9.8154100e+05   1.5808105e+01
   9.8161300e+05   2.0141602e+01
   9.8164300e+05   1.7395020e+01
   9.8176100e+05   1.7150879e+01
   9.8192000e+05   2.0507812e+01
   9.8198700e+05   1.8371582e+01
   9.8206700e+05   1.4343262e+01
   1.0050150e+06   1.4526367e+01
   1.0561380e+06   1.6113281e+01
   1.0564540e+06   1.5625000e+01
   1.0564990e+06   1.9104004e+01
   1.0565230e+06   2.1118164e+01
   1.0565430e+06   1.7333984e+01
   1.0565730e+06   1.7028809e+01
   1.0565830e+06   2.0263672e+01
   1.0566120e+06   1.9531250e+01
   1.0566250e+06   1.5136719e+01
   1.0566670e+06   2.6062012e+01
   1.0566770e+06   4.6997070e+01
   1.0567090e+06   1.4709473e+01
   1.0567210e+06   1.7395020e+01
   1.0568100e+06   1.8920898e+01
   1.0568320e+06   1.7517090e+01
   1.0568640e+06   1.4404297e+01
   1.0569100e+06   1.6113281e+01
   1.0569340e+06   1.5441895e+01
   1.0570630e+06   1.6845703e+01
   1.0571310e+06   1.4526367e+01
   1.0572640e+06   1.5808105e+01
   1.0853000e+06   1.4099121e+01
   1.1313950e+06   1.8554688e+01
   1.1334660e+06   1.7211914e+01
   1.1489520e+06   1.5197754e+01
   1.1489930e+06   1.6357422e+01
   1.1490510e+06   1.7883301e+01
   1.1492300e+06   1.5136719e+01
   1.1492630e+06   1.5808105e+01
   1.1493030e+06   1.6235352e+01
   1.1493650e+06   2.5939941e+01
   1.1493950e+06   1.8859863e+01
   1.1494200e+06   2.6428223e+01
   1.1494390e+06   2.2521973e+01
   1.1494650e+06   2.0080566e+01
   1.1494870e+06   1.8554688e+01
   1.1495040e+06   1.3854980e+01
   1.1495300e+06   4.0222168e+01
   1.1495580e+06   2.1240234e+01
   1.1495720e+06   1.4587402e+01
   1.1496010e+06   1.6967773e+01
   1.1496380e+06   2.8015137e+01
   1.1497230e+06   1.3916016e+01
   1.1497400e+06   1.4953613e+01
   1.1498670e+06   2.2644043e+01
   1.1500580e+06   1.5319824e+01
   1.1655180e+06   1.9165039e+01
   1.1686020e+06   1.4343262e+01
   1.2014180e+06   1.4160156e+01
   1.2014560e+06   1.6418457e+01
   1.2014770e+06   1.7578125e+01
   1.2014960e+06   2.0874023e+01
   1.2015250e+06   1.8066406e+01
   1.2015630e+06   1.4770508e+01
   1.2015830e+06   1.4160156e+01
   1.2016000e+06   2.8930664e+01
   1.2016300e+06   1.7944336e+01
   1.2016630e+06   1.4099121e+01
   1.2017130e+06   3.7231445e+01
   1.2017270e+06   2.7038574e+01
   1.2017570e+06   1.6967773e+01
   1.2018180e+06   2.0751953e+01
   1.2018480e+06   1.4526367e+01
   1.2018950e+06   1.4221191e+01
   1.2019310e+06   2.0568848e+01
   1.2019490e+06   2.6123047e+01
   1.2020780e+06   1.4038086e+01
   1.2022960e+06   1.8005371e+01
   1.2682970e+06   1.7395020e+01
   1.2683160e+06   1.4404297e+01
   1.2684710e+06   1.6540527e+01
   1.2684970e+06   1.6845703e+01
   1.2685180e+06   1.8798828e+01
   1.2685650e+06   1.7150879e+01
   1.2686000e+06   3.1738281e+01
   1.2686140e+06   1.5136719e+01
   1.2686460e+06   2.0202637e+01
   1.2686770e+06   1.6418457e+01
   1.2687100e+06   1.9531250e+01
   1.2687220e+06   3.4912109e+01
   1.2687370e+06   2.0202637e+01
   1.2688010e+06   1.3977051e+01
   1.2688360e+06   2.5817871e+01
   1.2688510e+06   2.2521973e+01
   1.2688690e+06   2.2888184e+01
   1.2689640e+06   1.6296387e+01
   1.2690060e+06   1.5686035e+01
   1.2690500e+06   1.6357422e+01
   1.2691070e+06   2.3803711e+01
   1.2692930e+06   1.8188477e+01
   1.3070800e+06   1.8859863e+01
   1.3072920e+06   1.8859863e+01
   1.3073320e+06   1.4099121e+01
   1.3074190e+06   2.3254395e+01
   1.3252750e+06   1.9104004e+01
   1.3253090e+06   1.4404297e+01
   1.3253780e+06   2.0996094e+01
   1.3255480e+06   1.7089844e+01
   1.3256120e+06   1.8798828e+01
   1.3256390e+06   1.9409180e+01
   1.3256600e+06   1.8981934e+01
   1.3256910e+06   1.9104004e+01
   1.3257280e+06   1.5380859e+01
   1.3257490e+06   1.8310547e+01
   1.3257730e+06   1.6784668e+01
   1.3257970e+06   3.0334473e+01
   1.3258260e+06   1.6174316e+01
   1.3258640e+06   1.7333984e+01
   1.3258810e+06   2.4353027e+01
   1.3259080e+06   1.8859863e+01
   1.3260170e+06   2.1118164e+01
   1.3260450e+06   2.4108887e+01
   1.3262770e+06   1.5258789e+01
   1.3264430e+06   1.6296387e+01
   1.3265890e+06   1.5991211e+01
   1.4081680e+06   1.9836426e+01
   1.4576860e+06   1.8737793e+01
   1.4580740e+06   1.9531250e+01
   1.4589390e+06   1.3977051e+01
   1.4590030e+06   2.3254395e+01
   1.4590370e+06   2.3071289e+01
   1.4590500e+06   1.9958496e+01
   1.4590840e+06   1.4587402e+01
   1.4590980e+06   1.6357422e+01
   1.4591470e+06   1.7456055e+01
   1.4591580e+06   2.8686523e+01
   1.4592020e+06   1.7761230e+01
   1.4592170e+06   1.8249512e+01
   1.4592400e+06   1.6906738e+01
   1.4593020e+06   1.4526367e+01
   1.4594280e+06   1.8920898e+01
   1.4594710e+06   1.9836426e+01
   1.4595190e+06   1.4099121e+01
   1.4595670e+06   1.6113281e+01
   1.4596100e+06   3.0212402e+01
   1.4596740e+06   1.3977051e+01
   1.4596910e+06   1.5014648e+01
   1.5026020e+06   1.9897461e+01
   1.5335740e+06   1.3793945e+01
   1.5335960e+06   2.0202637e+01
   1.5336120e+06   1.8127441e+01
   1.5337000e+06   1.5625000e+01
   1.5339300e+06   1.4343262e+01
   1.5339750e+06   2.3254395e+01
   1.5339940e+06   2.0629883e+01
   1.5340420e+06   1.4770508e+01
   1.5341450e+06   1.3793945e+01
   1.5341640e+06   2.8442383e+01
   1.5342000e+06   2.2155762e+01
   1.5343280e+06   2.1423340e+01
   1.5343420e+06   1.8493652e+01
   1.5343690e+06   1.7578125e+01
   1.5357600e+06   1.4648438e+01
   1.5911410e+06   2.0507812e+01
   1.5911610e+06   1.4343262e+01
   1.5918790e+06   1.4526367e+01
   1.5918990e+06   2.3193359e+01
   1.5919430e+06   1.7822266e+01
   1.5919740e+06   1.5930176e+01
   1.5919900e+06   1.7639160e+01
   1.5920660e+06   2.0141602e+01
   1.5920790e+06   2.0751953e+01
   1.5921340e+06   1.4770508e+01
   1.5922080e+06   2.1118164e+01
   1.5922210e+06   2.6611328e+01
   1.5922380e+06   1.8188477e+01
   1.5923040e+06   1.7272949e+01
   1.5923850e+06   2.1118164e+01
   1.5924410e+06   1.8310547e+01
   1.5924970e+06   1.6357422e+01
   1.5926090e+06   1.9409180e+01
   1.5933500e+06   1.4709473e+01
   1.6917910e+06   2.0080566e+01
   1.7019010e+06   1.3977051e+01
   1.7026080e+06   1.9409180e+01
   1.7109130e+06   2.0568848e+01
   1.7130880e+06   1.4709473e+01
   1.7347830e+06   1.4099121e+01
   1.7365100e+06   1.9409180e+01
   1.7475570e+06   2.2766113e+01
   1.7475800e+06   1.4953613e+01
   1.7478160e+06   1.8920898e+01
   1.7478260e+06   1.7456055e+01
   1.7479440e+06   1.5747070e+01
   1.7479810e+06   2.1179199e+01
   1.7480160e+06   1.4709473e+01
   1.7480280e+06   1.5563965e+01
   1.7480970e+06   1.8127441e+01
   1.7481150e+06   3.0822754e+01
   1.7481380e+06   2.7832031e+01
   1.7481520e+06   1.6540527e+01
   1.7481780e+06   1.9226074e+01
   1.7481920e+06   1.7456055e+01
   1.7482160e+06   1.8249512e+01
   1.7482340e+06   1.6052246e+01
   1.7482540e+06   3.8146973e+01
   1.7482670e+06   1.6052246e+01
   1.7482970e+06   2.6428223e+01
   1.7483290e+06   1.6723633e+01
   1.7483480e+06   2.2460938e+01
   1.7484090e+06   1.6906738e+01
   1.7484420e+06   2.1484375e+01
   1.7484630e+06   1.5136719e+01
   1.7484950e+06   1.9836426e+01
   1.7485230e+06   1.5197754e+01
   1.7485410e+06   2.5695801e+01
   1.7486150e+06   1.4282227e+01
   1.7486610e+06   1.7456055e+01
   1.7612800e+06   1.3977051e+01
   1.7690080e+06   1.4770508e+01
   1.7757670e+06   1.5197754e+01
   1.8107360e+06   2.2888184e+01
   1.8797480e+06   1.9042969e+01
   1.8797810e+06   1.4953613e+01
   1.8798580e+06   1.7028809e+01
   1.8800340e+06   1.9287109e+01
   1.8800950e+06   1.4160156e+01
   1.8801380e+06   2.0446777e+01
   1.8801710e+06   1.4770508e+01
   1.8801890e+06   1.6906738e+01
   1.8802430e+06   1.4587402e+01
   1.8803200e+06   1.6723633e+01
   1.8803390e+06   2.3010254e+01
   1.8803820e+06   1.6235352e+01
   1.8803990e+06   1.5014648e+01
   1.8805100e+06   1.7395020e+01
   1.8805980e+06   1.5197754e+01
   1.8806340e+06   1.6784668e+01
   1.8807230e+06   2.0996094e+01
   1.8807530e+06   1.4892578e+01
   1.9229880e+06   2.0324707e+01
   1.9230210e+06   1.5014648e+01
   1.9230400e+06   1.5563965e+01
   1.9232650e+06   1.8432617e+01
   1.9233950e+06   1.3977051e+01
   1.9235930e+06   2.2949219e+01
   1.9236380e+06   2.0690918e+01
   1.9236540e+06   1.5319824e+01
   1.9236850e+06   1.6662598e+01
   1.9237180e+06   1.7700195e+01
   1.9237420e+06   2.4230957e+01
   1.9237730e+06   1.9470215e+01
   1.9238620e+06   1.8493652e+01
   1.9238840e+06   1.5563965e+01
   1.9239500e+06   1.8371582e+01
   1.9240650e+06   2.0385742e+01
   1.9240890e+06   1.4892578e+01
   1.9241550e+06   2.0324707e+01
   1.9242360e+06   1.7944336e+01
   1.9242610e+06   1.4221191e+01
   1.9259280e+06   1.4892578e+01
   1.9554090e+06   2.1240234e+01
   1.9866920e+06   2.3864746e+01
   1.9867340e+06   2.6245117e+01
   1.9867460e+06   1.4099121e+01
   1.9867660e+06   1.7761230e+01
   1.9868110e+06   1.4099121e+01
   1.9868260e+06   2.7893066e+01
   1.9868470e+06   1.5197754e+01
   1.9869090e+06   1.4221191e+01
   1.9869340e+06   2.1545410e+01
   1.9869740e+06   2.6611328e+01
   1.9869960e+06   4.9987793e+01
   1.9870810e+06   3.0944824e+01
   1.9871220e+06   1.4465332e+01
   1.9871420e+06   1.7333984e+01
   1.9872040e+06   1.8188477e+01
   1.9872150e+06   2.2888184e+01
   1.9873660e+06   2.2094727e+01
   1.9876120e+06   1.7639160e+01
   1.9888480e+06   1.4343262e+01
   2.0088420e+06   1.5502930e+01
   2.0406030e+06   2.0324707e+01
   2.0411100e+06   1.5869141e+01
   2.0411450e+06   2.2949219e+01
   2.0411680e+06   1.9409180e+01
   2.0411990e+06   2.1057129e+01
   2.0412330e+06   2.1728516e+01
   2.0412850e+06   2.9296875e+01
   2.0413200e+06   2.0019531e+01
   2.0413490e+06   2.0568848e+01
   2.0413710e+06   3.0029297e+01
   2.0413870e+06   1.5930176e+01
   2.0414170e+06   2.5390625e+01
   2.0414700e+06   1.4343262e+01
   2.0415400e+06   2.8076172e+01
   2.0415760e+06   2.3498535e+01
   2.0415920e+06   1.6601563e+01
   2.0416740e+06   1.3977051e+01
   2.0418310e+06   1.9714355e+01
   2.0423710e+06   2.3437500e+01
   2.0864570e+06   1.9042969e+01
   2.0870260e+06   1.4404297e+01
   2.0870570e+06   1.9104004e+01
   2.0875040e+06   1.4099121e+01
   2.0875840e+06   2.6428223e+01
   2.0876390e+06   1.4343262e+01
   2.0876620e+06   1.7150879e+01
   2.0876860e+06   1.4099121e+01
   2.0877580e+06   1.6113281e+01
   2.0878130e+06   1.8798828e+01
   2.0878510e+06   3.4118652e+01
   2.0879350e+06   1.5319824e+01
   2.0879470e+06   1.5747070e+01
   2.0881040e+06   2.4780273e+01
   2.0886300e+06   1.5014648e+01
   2.1809630e+06   2.1850586e+01
   2.1809810e+06   1.5258789e+01
   2.1814760e+06   2.0202637e+01
   2.1814880e+06   2.2216797e+01
   2.1815170e+06   1.4709473e+01
   2.1815440e+06   2.4841309e+01
   2.1815740e+06   1.9104004e+01
   2.1816520e+06   1.4160156e+01
   2.1816780e+06   1.4160156e+01
   2.1816990e+06   2.4291992e+01
   2.1817350e+06   1.3793945e+01
   2.1818110e+06   1.4343262e+01
   2.1818520e+06   1.4038086e+01
   2.1819210e+06   1.3977051e+01
   2.1819430e+06   1.7822266e+01
   2.1820040e+06   1.4160156e+01
   2.1820450e+06   2.4536133e+01
   2.1822270e+06   1.9470215e+01
   2.2197850e+06   1.3854980e+01
   2.2705680e+06   1.5258789e+01
   2.2779720e+06   1.5625000e+01
   2.2998340e+06   1.4770508e+01
   2.3070170e+06   2.2888184e+01
   2.3081820e+06   1.8371582e+01
   2.3082170e+06   1.7822266e+01
   2.3082270e+06   1.6784668e+01
   2.3083780e+06   1.4587402e+01
   2.3083910e+06   1.7517090e+01
   2.3084500e+06   1.5502930e+01
   2.3085310e+06   2.5756836e+01
   2.3085490e+06   1.3793945e+01
   2.3085740e+06   2.2583008e+01
   2.3086350e+06   1.8493652e+01
   2.3087470e+06   1.4282227e+01
   2.3089050e+06   1.8981934e+01
   2.3090440e+06   1.4526367e+01
   2.3091270e+06   2.0202637e+01
   2.3091520e+06   2.0568848e+01
   2.3127670e+06   1.4587402e+01
   2.3604530e+06   1.3916016e+01
   2.3636820e+06   1.8066406e+01
   2.3970950e+06   1.7761230e+01
   2.4320260e+06   1.9226074e+01
   2.4326140e+06   1.8554688e+01
   2.4326240e+06   1.7944336e+01
   2.4326470e+06   2.5512695e+01
   2.4326710e+06   2.1301270e+01
   2.4327000e+06   2.3315430e+01
   2.4327300e+06   2.2583008e+01
   2.4327620e+06   3.2470703e+01
   2.4327890e+06   1.5869141e+01
   2.4328100e+06   2.4536133e+01
   2.4328290e+06   2.4047852e+01
   2.4328420e+06   3.5949707e+01
   2.4328590e+06   2.0812988e+01
   2.4328880e+06   2.4108887e+01
   2.4329220e+06   2.6672363e+01
   2.4329360e+06   2.8320312e+01
   2.4329610e+06   1.4587402e+01
   2.4330060e+06   1.5258789e+01
   2.4330180e+06   1.9104004e+01
   2.4330310e+06   2.6184082e+01
   2.4330490e+06   2.5451660e+01
   2.4331170e+06   3.1677246e+01
   2.4331830e+06   1.5991211e+01
   2.4332200e+06   1.9348145e+01
   2.4332760e+06   1.7272949e+01
   2.4333110e+06   2.0080566e+01
   2.4334560e+06   1.9470215e+01
   2.4335880e+06   1.8432617e+01
   2.4456710e+06   1.8981934e+01
   2.4468320e+06   1.7028809e+01
   2.4468720e+06   2.3132324e+01
   2.4499400e+06   1.6845703e+01
   2.4499650e+06   1.5441895e+01
   2.4539440e+06   1.9775391e+01
   2.4606030e+06   1.7333984e+01
   2.4639520e+06   1.8737793e+01
   2.4640100e+06   1.6357422e+01
   2.4664360e+06   1.9653320e+01
   2.4700400e+06   2.1545410e+01
   2.4700900e+06   1.5808105e+01
   2.4837190e+06   1.6296387e+01
   2.4866300e+06   1.6723633e+01
   2.5214120e+06   1.8554688e+01
   2.5218860e+06   1.4709473e+01
   2.5219080e+06   2.0690918e+01
   2.5406930e+06   1.3977051e+01
   2.5770000e+06   1.6906738e+01
   2.5889650e+06   2.0996094e+01
   2.5890810e+06   1.8676758e+01
   2.5891100e+06   1.4038086e+01
   2.5891330e+06   1.7150879e+01
   2.5891640e+06   2.5024414e+01
   2.5892410e+06   2.8625488e+01
   2.5892720e+06   4.6325684e+01
   2.5892870e+06   1.7395020e+01
   2.5893010e+06   2.7770996e+01
   2.5893260e+06   2.5390625e+01
   2.5893520e+06   1.8127441e+01
   2.5893630e+06   1.8493652e+01
   2.5893910e+06   2.8625488e+01
   2.5894080e+06   3.2897949e+01
   2.5894290e+06   2.1240234e+01
   2.5894600e+06   1.6540527e+01
   2.5894730e+06   2.5939941e+01
   2.5894930e+06   2.2644043e+01
   2.5895390e+06   2.6184082e+01
   2.5895730e+06   1.7211914e+01
   2.5896010e+06   2.0690918e+01
   2.5896250e+06   2.0751953e+01
   2.5896540e+06   1.3977051e+01
   2.5896820e+06   1.5075684e+01
   2.5897080e+06   2.0874023e+01
   2.5897390e+06   1.7578125e+01
   2.5898220e+06   1.6601562e+01
   2.5898460e+06   1.6418457e+01
   2.5899140e+06   2.4230957e+01
   2.5902480e+06   1.4282227e+01
   2.6029350e+06   2.2644043e+01
   2.6054240e+06   1.7456055e+01
   2.6054510e+06   1.5441895e+01
   2.6061480e+06   1.4465332e+01
   2.6063730e+06   2.4230957e+01
   2.6065190e+06   1.4038086e+01
   2.6065460e+06   1.6662598e+01
   2.6066810e+06   1.6296387e+01
   2.6067360e+06   1.4343262e+01
   2.6067700e+06   2.9418945e+01
   2.6067880e+06   1.7211914e+01
   2.6068820e+06   1.3977051e+01
   2.6069030e+06   2.2766113e+01
   2.6069230e+06   1.6418457e+01
   2.6070240e+06   1.3977051e+01
   2.6070780e+06   1.7700195e+01
   2.6071120e+06   1.4282227e+01
   2.6072000e+06   1.8798828e+01
   2.6074570e+06   1.5319824e+01
   2.6161970e+06   1.8005371e+01
   2.6162230e+06   1.4770508e+01
   2.6162980e+06   1.3916016e+01
   2.6395160e+06   1.9104004e+01
   2.6502580e+06   1.4892578e+01
   2.6747550e+06   2.0690918e+01
   2.7011730e+06   1.9958496e+01
   2.7012080e+06   1.8737793e+01
   2.7012840e+06   1.8310547e+01
   2.7013350e+06   2.3193359e+01
   2.7013530e+06   2.2644043e+01
   2.7013870e+06   2.3803711e+01
   2.7014150e+06   3.0212402e+01
   2.7014400e+06   5.3466797e+01
   2.7014620e+06   2.3315430e+01
   2.7014760e+06   3.4606934e+01
   2.7015000e+06   2.1362305e+01
   2.7015170e+06   3.1738281e+01
   2.7015390e+06   2.1118164e+01
   2.7015530e+06   2.9541016e+01
   2.7015830e+06   1.9653320e+01
   2.7016060e+06   1.5991211e+01
   2.7016200e+06   1.5197754e+01
   2.7016410e+06   1.5563965e+01
   2.7016650e+06   1.9531250e+01
   2.7016880e+06   2.3437500e+01
   2.7017190e+06   1.9897461e+01
   2.7017910e+06   1.4648438e+01
   2.7018320e+06   1.8066406e+01
   2.7019080e+06   1.4221191e+01
   2.7019770e+06   1.5869141e+01
   2.7139640e+06   1.7456055e+01
   2.7217230e+06   1.4526367e+01
   2.7301210e+06   1.7333984e+01
   2.7598460e+06   1.9470215e+01
   2.7763190e+06   1.5319824e+01
   2.7788750e+06   2.2399902e+01
   2.8058520e+06   2.0874023e+01
   2.8059490e+06   1.4465332e+01
   2.8060120e+06   1.4221191e+01
   2.8060300e+06   2.2216797e+01
   2.8060560e+06   1.5502930e+01
   2.8061380e+06   2.4169922e+01
   2.8061510e+06   2.7343750e+01
   2.8061830e+06   1.7761230e+01
   2.8062150e+06   3.0761719e+01
   2.8062340e+06   1.7456055e+01
   2.8062730e+06   1.3916016e+01
   2.8063070e+06   1.8432617e+01
   2.8063230e+06   1.6662598e+01
   2.8063480e+06   1.7150879e+01
   2.8063680e+06   3.9245605e+01
   2.8063870e+06   2.5695801e+01
   2.8064110e+06   1.4770508e+01
   2.8064340e+06   1.6906738e+01
   2.8064440e+06   1.7333984e+01
   2.8064590e+06   1.5808105e+01
   2.8064880e+06   1.9104004e+01
   2.8065090e+06   1.4831543e+01
   2.8065520e+06   1.7822266e+01
   2.8065970e+06   2.9479980e+01
   2.8066760e+06   1.3916016e+01
   2.8067650e+06   1.3916016e+01
   2.8068090e+06   1.8188477e+01
   2.8069960e+06   1.7944336e+01
   2.8510760e+06   1.8310547e+01
   2.8510940e+06   1.4648438e+01
   2.8511140e+06   1.4465332e+01
   2.8513190e+06   1.8859863e+01
   2.8517340e+06   1.5258789e+01
   2.8985320e+06   1.4221191e+01
   2.9037280e+06   1.8676758e+01
   2.9264240e+06   1.4343262e+01
   2.9578740e+06   1.8920898e+01
   2.9784480e+06   2.0446777e+01
   2.9784680e+06   1.4770508e+01
   2.9971250e+06   2.1911621e+01
   3.0350680e+06   1.4221191e+01
   3.0704500e+06   1.9958496e+01
   3.0844790e+06   2.1301270e+01
   3.0847360e+06   1.8493652e+01
   3.0847650e+06   1.5502930e+01
   3.0847940e+06   2.0751953e+01
   3.0848090e+06   2.6916504e+01
   3.0848350e+06   1.5747070e+01
   3.0848540e+06   2.1179199e+01
   3.0849020e+06   1.8737793e+01
   3.0849290e+06   1.8371582e+01
   3.0849450e+06   2.5329590e+01
   3.0849630e+06   3.9062500e+01
   3.0849940e+06   2.3681641e+01
   3.0850110e+06   1.6235352e+01
   3.0850340e+06   1.8432617e+01
   3.0850520e+06   1.5808105e+01
   3.0850700e+06   2.9357910e+01
   3.0850820e+06   1.5502930e+01
   3.0851010e+06   1.4465332e+01
   3.0851230e+06   1.8249512e+01
   3.0851430e+06   1.4221191e+01
   3.0852370e+06   1.7517090e+01
   3.0852720e+06   1.5502930e+01
   3.0853730e+06   1.5930176e+01
   3.0854090e+06   1.8859863e+01
   3.0854620e+06   1.6113281e+01
   3.0854720e+06   1.6845703e+01
   3.0854940e+06   1.8615723e+01
   3.0855220e+06   2.0935059e+01
   3.0855850e+06   2.4780273e+01
   3.0856030e+06   4.2602539e+01
   3.0856170e+06   1.5258789e+01
   3.0856270e+06   2.9907227e+01
   3.0856560e+06   1.7150879e+01
   3.0856710e+06   1.6113281e+01
   3.0857110e+06   2.4475098e+01
   3.0857380e+06   1.5808105e+01
   3.0857720e+06   1.6235352e+01
   3.0858070e+06   1.5808105e+01
   3.0858400e+06   1.6845703e+01
   3.0858930e+06   1.9042969e+01
   3.0860310e+06   2.1240234e+01
   3.0994760e+06   1.7333984e+01
   3.1012550e+06   1.8249512e+01
   3.1012810e+06   1.3916016e+01
   3.1017120e+06   1.3977051e+01
   3.1018560e+06   1.5136719e+01
   3.1018690e+06   1.7944336e+01
   3.1018840e+06   1.7944336e+01
   3.1019610e+06   1.5197754e+01
   3.1019860e+06   3.0090332e+01
   3.1020020e+06   1.5502930e+01
   3.1020430e+06   2.2216797e+01
   3.1020700e+06   1.8127441e+01
   3.1021190e+06   2.1179199e+01
   3.1021550e+06   4.0588379e+01
   3.1021810e+06   2.0690918e+01
   3.1022100e+06   3.4423828e+01
   3.1022230e+06   1.6418457e+01
   3.1022360e+06   1.5197754e+01
   3.1022650e+06   1.8615723e+01
   3.1022770e+06   1.6845703e+01
   3.1023220e+06   2.2216797e+01
   3.1023490e+06   2.5756836e+01
   3.1023810e+06   1.3854980e+01
   3.1024630e+06   2.3193359e+01
   3.1024740e+06   1.6784668e+01
   3.1024840e+06   2.5268555e+01
   3.1025050e+06   1.8310547e+01
   3.1026030e+06   2.0568848e+01
   3.1026410e+06   2.5207520e+01
   3.1027650e+06   1.6052246e+01
   3.1028540e+06   1.7639160e+01
   3.1029050e+06   1.5136719e+01
   3.1029610e+06   1.5930176e+01
   3.1113130e+06   1.5319824e+01
   3.1151380e+06   1.9470215e+01
   3.1151830e+06   1.4526367e+01
   3.1271630e+06   1.5930176e+01
   3.1340950e+06   1.7272949e+01
   3.2093630e+06   1.9714355e+01
   3.2335690e+06   1.8371582e+01
   3.2351170e+06   1.5991211e+01
   3.2523880e+06   1.9836426e+01
   3.3043380e+06   1.5930176e+01
   3.3146640e+06   1.7211914e+01
   3.3745820e+06   1.6723633e+01
   3.4375680e+06   1.8127441e+01
   3.4375850e+06   1.4831543e+01
   3.4382870e+06   1.5991211e+01
   3.4383170e+06   1.6174316e+01
   3.4383300e+06   2.0385742e+01
   3.4383850e+06   1.8859863e+01
   3.4384090e+06   1.8066406e+01
   3.4384240e+06   1.5380859e+01
   3.4384650e+06   1.7028809e+01
   3.4385010e+06   3.5522461e+01
   3.4385350e+06   1.5808105e+01
   3.4385460e+06   3.0822754e+01
   3.4385620e+06   1.4343262e+01
   3.4385850e+06   2.6000977e+01
   3.4386160e+06   2.5390625e+01
   3.4386520e+06   3.9062500e+01
   3.4386650e+06   2.4780273e+01
   3.4386920e+06   1.5380859e+01
   3.4387560e+06   2.2949219e+01
   3.4387740e+06   1.6357422e+01
   3.4388810e+06   1.5563965e+01
   3.4728220e+06   1.8676758e+01
   3.4852140e+06   2.0019531e+01
   3.4857100e+06   1.3977051e+01
   3.4858340e+06   1.5869141e+01
   3.4858730e+06   2.4169922e+01
   3.4858960e+06   1.8188477e+01
   3.4859190e+06   2.6672363e+01
   3.4859530e+06   2.1423340e+01
   3.4859740e+06   1.7272949e+01
   3.4860030e+06   2.3986816e+01
   3.4860130e+06   2.7770996e+01
   3.4860300e+06   2.3132324e+01
   3.4860550e+06   2.3925781e+01
   3.4860970e+06   4.3457031e+01
   3.4861200e+06   1.7883301e+01
   3.4861490e+06   2.8442383e+01
   3.4861810e+06   2.4291992e+01
   3.4861920e+06   1.9897461e+01
   3.4862110e+06   2.3254395e+01
   3.4862330e+06   1.7211914e+01
   3.4862780e+06   1.5380859e+01
   3.4863000e+06   1.6906738e+01
   3.4864100e+06   2.1850586e+01
   3.4866020e+06   1.8615723e+01
   3.4866170e+06   1.6662598e+01
   3.5290900e+06   1.8371582e+01
   3.5430280e+06   1.6540527e+01
   3.5432470e+06   2.0080566e+01
   3.5432630e+06   1.7578125e+01
   3.5433520e+06   2.1179199e+01
   3.5433760e+06   4.3090820e+01
   3.5433970e+06   1.3916016e+01
   3.5434300e+06   1.9958496e+01
   3.5434610e+06   2.5207520e+01
   3.5434710e+06   1.5686035e+01
   3.5434910e+06   2.4230957e+01
   3.5435070e+06   2.0446777e+01
   3.5435200e+06   1.9470215e+01
   3.5435470e+06   2.3010254e+01
   3.5435600e+06   2.9541016e+01
   3.5435860e+06   2.4414063e+01
   3.5436240e+06   1.7456055e+01
   3.5436570e+06   2.4963379e+01
   3.5437580e+06   1.5014648e+01
   3.5437720e+06   1.6357422e+01
   3.5439230e+06   2.3315430e+01
   3.5448090e+06   1.5197754e+01
   3.5753230e+06   1.5502930e+01
   3.5934030e+06   1.8310547e+01
   3.6024200e+06   2.0263672e+01
   3.6134190e+06   1.8737793e+01
   3.6409680e+06   1.9897461e+01
   3.6508100e+06   1.4099121e+01
   3.6847200e+06   2.0263672e+01
   3.6972200e+06   1.9226074e+01
   3.7002340e+06   1.5319824e+01
   3.7002560e+06   2.6000977e+01
   3.7002950e+06   2.1606445e+01
   3.7003200e+06   1.5380859e+01
   3.7003430e+06   1.4404297e+01
   3.7003650e+06   1.6845703e+01
   3.7003950e+06   2.1484375e+01
   3.7004090e+06   1.8127441e+01
   3.7004280e+06   1.8737793e+01
   3.7004410e+06   2.3010254e+01
   3.7004670e+06   2.3742676e+01
   3.7004790e+06   3.1799316e+01
   3.7005020e+06   3.0822754e+01
   3.7005250e+06   1.9226074e+01
   3.7005520e+06   2.4047852e+01
   3.7005750e+06   1.6601562e+01
   3.7005980e+06   2.6000977e+01
   3.7006190e+06   1.4038086e+01
   3.7006420e+06   1.4587402e+01
   3.7006570e+06   2.3986816e+01
   3.7007930e+06   2.4230957e+01
   3.7008300e+06   1.3854980e+01
   3.7009950e+06   1.5014648e+01
   3.7021310e+06   2.0996094e+01
   3.7139960e+06   1.7883301e+01
   3.7141540e+06   2.2277832e+01
   3.7141720e+06   1.4770508e+01
   3.7382940e+06   1.8676758e+01
   3.8036420e+06   1.9226074e+01
   3.8214970e+06   1.3916016e+01
   3.8599780e+06   1.8066406e+01
   3.8600760e+06   1.6235352e+01
   3.8604260e+06   1.6601563e+01
   3.8604390e+06   3.1433105e+01
   3.8604510e+06   1.3854980e+01
   3.8604780e+06   2.2399902e+01
   3.8605180e+06   1.8066406e+01
   3.8605420e+06   2.8503418e+01
   3.8605540e+06   2.4536133e+01
   3.8605720e+06   3.6743164e+01
   3.8605940e+06   1.7272949e+01
   3.8606150e+06   2.0751953e+01
   3.8606290e+06   2.2766113e+01
   3.8606500e+06   1.4831543e+01
   3.8606610e+06   2.7709961e+01
   3.8606760e+06   2.4841309e+01
   3.8607290e+06   3.4912109e+01
   3.8607420e+06   2.0141602e+01
   3.8608040e+06   1.6296387e+01
   3.8608250e+06   2.1850586e+01
   3.8608440e+06   1.6357422e+01
   3.8608560e+06   1.6479492e+01
   3.8609630e+06   1.8188477e+01
   3.8610330e+06   1.4160156e+01
   3.9247640e+06   1.6235352e+01
   3.9430590e+06   1.9836426e+01
   4.1465280e+06   2.0202637e+01
   4.1466000e+06   1.8005371e+01
   4.1467170e+06   1.4221191e+01
   4.1467370e+06   4.9499512e+01
   4.1467530e+06   6.4819336e+01
   4.1467820e+06   5.0720215e+01
   4.1468120e+06   5.7739258e+01
   4.1468260e+06   3.5339355e+01
   4.1468530e+06   1.5502930e+01
   4.1468800e+06   2.4230957e+01
   4.1468950e+06   1.8798828e+01
   4.1469190e+06   3.0883789e+01
   4.1469570e+06   2.9113770e+01
   4.1469750e+06   2.2155762e+01
   4.1469980e+06   2.3498535e+01
   4.1470200e+06   1.6967773e+01
   4.1470460e+06   1.9592285e+01
   4.1470710e+06   1.9104004e+01
   4.1470870e+06   1.4831543e+01
   4.1471140e+06   1.9409180e+01
   4.1471860e+06   1.6479492e+01
   4.1472140e+06   1.5441895e+01
   4.1472740e+06   1.7211914e+01
   4.1474260e+06   2.7587891e+01
   4.1475310e+06   1.4404297e+01
   4.1476660e+06   1.4282227e+01
   4.1477190e+06   1.4099121e+01
   4.1479560e+06   1.3854980e+01
   4.1613390e+06   2.0019531e+01
   4.1613680e+06   1.4526367e+01
   4.1615540e+06   1.4892578e+01
   4.1620740e+06   1.8066406e+01
   4.1623440e+06   1.3977051e+01
   4.1630920e+06   1.5014648e+01
   4.1632270e+06   2.0874023e+01
   4.1633250e+06   1.4282227e+01
   4.1633500e+06   1.6174316e+01
   4.1633680e+06   2.6733398e+01
   4.1633890e+06   2.0690918e+01
   4.1634280e+06   3.3142090e+01
   4.1634590e+06   4.3334961e+01
   4.1634700e+06   3.2348633e+01
   4.1634910e+06   3.2104492e+01
   4.1635050e+06   3.0456543e+01
   4.1635260e+06   2.0812988e+01
   4.1635500e+06   1.6662598e+01
   4.1635720e+06   3.5583496e+01
   4.1635900e+06   2.1301270e+01
   4.1636170e+06   2.7832031e+01
   4.1636330e+06   2.4169922e+01
   4.1636600e+06   2.2399902e+01
   4.1636800e+06   1.7578125e+01
   4.1637010e+06   2.4291992e+01
   4.1637340e+06   2.0751953e+01
   4.1637610e+06   1.7333984e+01
   4.1637920e+06   1.5319824e+01
   4.1638030e+06   1.4343262e+01
   4.1638180e+06   1.8310547e+01
   4.1638340e+06   1.8981934e+01
   4.1638640e+06   1.4526367e+01
   4.1639080e+06   1.8066406e+01
   4.1639360e+06   2.0812988e+01
   4.1639490e+06   2.3559570e+01
   4.1639980e+06   2.0690918e+01
   4.1640170e+06   1.7272949e+01
   4.1640450e+06   2.4169922e+01
   4.1640890e+06   1.5441895e+01
   4.1641190e+06   1.5991211e+01
   4.1641540e+06   2.9968262e+01
   4.1642070e+06   1.5808105e+01
   4.1642370e+06   2.4047852e+01
   4.1643010e+06   2.2094727e+01
   4.1643300e+06   1.5136719e+01
   4.1645320e+06   1.5563965e+01
   4.1646290e+06   1.3854980e+01
   4.1648980e+06   1.3916016e+01
   4.1678210e+06   1.3916016e+01
   4.1680330e+06   1.6784668e+01
   4.1683460e+06   1.4038086e+01
   4.1685440e+06   1.6418457e+01
   4.1687590e+06   1.5136719e+01
   4.1691540e+06   1.3854980e+01
   4.1693600e+06   1.4404297e+01
   4.1695780e+06   1.4709473e+01
   4.1700640e+06   1.5075684e+01
   4.1703390e+06   1.5014648e+01
   4.1706060e+06   1.4465332e+01
   4.1713630e+06   1.4038086e+01
   4.1717540e+06   1.4343262e+01
   4.1723200e+06   1.6296387e+01
   4.1729150e+06   1.4221191e+01
   4.1735630e+06   1.7822266e+01
   4.1743540e+06   1.4099121e+01
   4.1751140e+06   1.6479492e+01
   4.1756910e+06   1.5930176e+01
   4.1763610e+06   1.8188477e+01
   4.1770220e+06   1.6357422e+01
   4.1776810e+06   1.8249512e+01
   4.1783090e+06   1.8493652e+01
   4.1789410e+06   1.6479492e+01
   4.1796440e+06   1.6418457e+01
   4.1803790e+06   2.1240234e+01
   4.1809720e+06   1.8859863e+01
   4.1810930e+06   1.7517090e+01
   4.1814930e+06   2.2583008e+01
   4.1820080e+06   2.0385742e+01
   4.1826480e+06   2.0324707e+01
   4.1827430e+06   2.0446777e+01
   4.1833370e+06   1.4648438e+01
   4.1841110e+06   2.1240234e+01
   4.1847240e+06   1.8127441e+01
   4.1853170e+06   2.0812988e+01
   4.1860440e+06   2.1240234e+01
   4.1866620e+06   2.0507813e+01
   4.1873260e+06   1.9287109e+01
   4.1879530e+06   1.9348145e+01
   4.1887790e+06   1.8188477e+01
   4.1895410e+06   1.8310547e+01
   4.1902340e+06   1.6784668e+01
   4.1911770e+06   1.8066406e+01
   4.1919620e+06   1.7639160e+01
   4.1925910e+06   1.9042969e+01
   4.1934360e+06   1.4526367e+01
   4.1942730e+06   1.7639160e+01
   4.1949860e+06   1.9836426e+01
   4.1957550e+06   1.7028809e+01
   4.1964400e+06   1.7395020e+01
   4.1971790e+06   1.7517090e+01
   4.1979730e+06   1.8554688e+01
   4.1988480e+06   1.8066406e+01
   4.1996250e+06   1.9958496e+01
   4.2003560e+06   1.7639160e+01
   4.2010540e+06   1.8554688e+01
   4.2018310e+06   1.7822266e+01
   4.2025290e+06   1.5380859e+01
   4.2034060e+06   1.7822266e+01
   4.2042110e+06   1.6845703e+01
   4.2051390e+06   1.7272949e+01
   4.2058710e+06   1.5136719e+01
   4.2067490e+06   1.8188477e+01
   4.2075680e+06   1.6296387e+01
   4.2085330e+06   1.6357422e+01
   4.2093480e+06   1.7333984e+01
   4.2102130e+06   1.4770508e+01
   4.2112700e+06   1.5869141e+01
   4.2121080e+06   1.7333984e+01
   4.2130220e+06   1.7395020e+01
   4.2147780e+06   2.4597168e+01
   4.2157120e+06   1.9042969e+01
   4.2164560e+06   1.4648438e+01
   4.2173730e+06   1.8981934e+01
   4.2181900e+06   1.8371582e+01
   4.2191160e+06   1.9653320e+01
   4.2199520e+06   1.9165039e+01
   4.2208230e+06   2.0446777e+01
   4.2217610e+06   1.8188477e+01
   4.2234460e+06   1.7700195e+01
   4.2254200e+06   1.9348145e+01
   4.2263580e+06   1.7272949e+01
   4.2273420e+06   1.6906738e+01
   4.2290710e+06   1.4587402e+01
   4.2303430e+06   1.8310547e+01
   4.2313080e+06   2.3193359e+01
   4.2340430e+06   1.6540527e+01
   4.2349860e+06   1.5991211e+01
   4.2361460e+06   1.8737793e+01
   4.2390350e+06   1.9897461e+01
   4.2400670e+06   1.7150879e+01
   4.2423600e+06   1.3977051e+01
   4.2441070e+06   1.8310547e+01
   4.2460640e+06   1.7272949e+01
   4.2474080e+06   1.3854980e+01
   4.2475640e+06   2.1545410e+01
   4.2486460e+06   1.7150879e+01
   4.2495520e+06   2.3132324e+01
   4.2517910e+06   2.0080566e+01
   4.2554110e+06   1.9226074e+01
   4.2583020e+06   1.7883301e+01
   4.2593070e+06   2.0263672e+01
   4.2614060e+06   2.0324707e+01
   4.2642430e+06   1.7700195e+01
   4.2676150e+06   1.3977051e+01
   4.2699290e+06   2.1545410e+01
   4.2700060e+06   1.4282227e+01
   4.2777140e+06   1.9897461e+01
   4.2794150e+06   1.9226074e+01
   4.2795010e+06   1.3854980e+01
   4.2795580e+06   2.7893066e+01
   4.2795710e+06   7.1411133e+01
   4.2796150e+06   5.2185059e+01
   4.2796250e+06   3.9184570e+01
   4.2796500e+06   3.4667969e+01
   4.2796680e+06   3.5827637e+01
   4.2796840e+06   1.6418457e+01
   4.2797140e+06   2.4108887e+01
   4.2797320e+06   1.5869141e+01
   4.2797550e+06   1.8737793e+01
   4.2797680e+06   2.4719238e+01
   4.2797850e+06   1.7028809e+01
   4.2798040e+06   1.9714355e+01
   4.2798150e+06   1.8676758e+01
   4.2798320e+06   1.9165039e+01
   4.2798510e+06   1.6662598e+01
   4.2798630e+06   1.8798828e+01
   4.2798960e+06   2.4841309e+01
   4.2799100e+06   1.5747070e+01
   4.2799380e+06   2.2644043e+01
   4.2799530e+06   2.8259277e+01
   4.2799920e+06   1.8432617e+01
   4.2800310e+06   1.9531250e+01
   4.2800800e+06   1.6113281e+01
   4.2801120e+06   1.5197754e+01
   4.2801770e+06   1.4160156e+01
   4.2802090e+06   1.5991211e+01
   4.2802450e+06   1.4648438e+01
   4.2802680e+06   1.9531250e+01
   4.2803550e+06   2.1972656e+01
   4.2804610e+06   1.5014648e+01
   4.2805720e+06   1.5747070e+01
   4.2806680e+06   1.6784668e+01
   4.2864160e+06   1.5686035e+01
   4.2870300e+06   1.7639160e+01
   4.2872570e+06   1.4221191e+01
   4.2877580e+06   1.6296387e+01
   4.2883000e+06   1.5747070e+01
   4.2886900e+06   1.6052246e+01
   4.2908610e+06   1.6540527e+01
   4.2928910e+06   1.8066406e+01
   4.2936750e+06   1.7822266e+01
   4.2944510e+06   1.5441895e+01
   4.2952670e+06   1.8249512e+01
   4.2962200e+06   2.0629883e+01
   4.2968840e+06   1.4709473e+01
   4.2977330e+06   1.7089844e+01
   4.2985240e+06   1.6845703e+01
   4.2991690e+06   1.5808105e+01
   4.3000790e+06   1.7761230e+01
   4.3010430e+06   1.7456055e+01
   4.3018390e+06   1.5441895e+01
   4.3025160e+06   1.7028809e+01
   4.3033540e+06   1.6174316e+01
   4.3042210e+06   1.9348145e+01
   4.3050210e+06   1.7639160e+01
   4.3058150e+06   1.9287109e+01
   4.3067220e+06   1.7028809e+01
   4.3076310e+06   1.9348145e+01
   4.3085870e+06   1.6418457e+01
   4.3094550e+06   2.0263672e+01
   4.3102220e+06   1.9409180e+01
   4.3109660e+06   1.9653320e+01
   4.3118560e+06   1.7944336e+01
   4.3126250e+06   1.6601563e+01
   4.3134390e+06   1.9042969e+01
   4.3142260e+06   1.4953613e+01
   4.3151520e+06   2.0568848e+01
   4.3160600e+06   1.5747070e+01
   4.3167550e+06   1.5991211e+01
   4.3176650e+06   2.0812988e+01
   4.3193410e+06   1.4953613e+01
   4.3201870e+06   1.6235352e+01
   4.3209880e+06   1.5502930e+01
   4.3220520e+06   2.0629883e+01
   4.3228360e+06   2.0935059e+01
   4.3243990e+06   1.9836426e+01
   4.3251740e+06   1.7639160e+01
   4.3260680e+06   1.7700195e+01
   4.3272180e+06   1.9409180e+01
   4.3281050e+06   1.5380859e+01
   4.3291130e+06   1.7944336e+01
   4.3300270e+06   1.8798828e+01
   4.3321590e+06   1.7028809e+01
   4.3346170e+06   1.7944336e+01
   4.3373050e+06   1.8249512e+01
   4.3382020e+06   1.6723633e+01
   4.3394530e+06   1.6357422e+01
   4.3402510e+06   2.1057129e+01
   4.3411800e+06   1.5319824e+01
   4.3420250e+06   1.4953613e+01
   4.3463210e+06   1.7028809e+01
   4.3471360e+06   1.9470215e+01
   4.3480680e+06   1.7883301e+01
   4.3508560e+06   1.3916016e+01
   4.3517900e+06   1.7333984e+01
   4.3530360e+06   1.8005371e+01
   4.3541200e+06   1.8981934e+01
   4.3597290e+06   1.8859863e+01
   4.3609400e+06   1.7700195e+01
   4.3683830e+06   1.7211914e+01
   4.3704520e+06   2.0568848e+01
   4.3732530e+06   2.0507813e+01
   4.3767140e+06   1.4465332e+01
   4.3815960e+06   1.9592285e+01
   4.3816680e+06   1.3916016e+01
   4.3840900e+06   1.8676758e+01
   4.3904880e+06   1.6967773e+01
   4.3905450e+06   1.5808105e+01
   4.3941440e+06   1.9958496e+01
   4.3942020e+06   1.4953613e+01
   4.3966010e+06   1.7456055e+01
   4.3991350e+06   2.1240234e+01
   4.4035580e+06   1.7944336e+01
   4.4046630e+06   2.0385742e+01
   4.4170870e+06   1.5625000e+01
   4.4231960e+06   2.1179199e+01
   4.4232360e+06   1.4221191e+01
   4.4267090e+06   1.8737793e+01
   4.4277590e+06   1.8371582e+01
   4.4514650e+06   1.8737793e+01
   4.4580270e+06   1.8249512e+01
   4.4580700e+06   1.6113281e+01
   4.4581340e+06   1.7944336e+01
   4.4581700e+06   2.0935059e+01
   4.4582400e+06   2.0324707e+01
   4.4582700e+06   3.2653809e+01
   4.4582930e+06   2.6062012e+01
   4.4583060e+06   2.4047852e+01
   4.4583290e+06   4.9377441e+01
   4.4583560e+06   4.4311523e+01
   4.4583810e+06   1.7883301e+01
   4.4584110e+06   2.0751953e+01
   4.4584220e+06   2.5024414e+01
   4.4584580e+06   2.6062012e+01
   4.4584730e+06   2.3437500e+01
   4.4584890e+06   2.4291992e+01
   4.4585110e+06   1.6174316e+01
   4.4585280e+06   1.9714355e+01
   4.4585470e+06   3.1372070e+01
   4.4585790e+06   1.5869141e+01
   4.4585970e+06   3.4240723e+01
   4.4586400e+06   1.5563965e+01
   4.4586730e+06   1.6174316e+01
   4.4587060e+06   1.7089844e+01
   4.4587360e+06   1.6784668e+01
   4.4587760e+06   1.5869141e+01
   4.4588060e+06   2.3864746e+01
   4.4588310e+06   1.9470215e+01
   4.4589220e+06   1.6601562e+01
   4.4589870e+06   1.5747070e+01
   4.4590830e+06   1.7395020e+01
   4.4648890e+06   1.4160156e+01
   4.4652110e+06   1.6845703e+01
   4.4698660e+06   1.8371582e+01
   4.4708140e+06   1.4160156e+01
   4.4730420e+06   1.5075684e+01
   4.4737910e+06   1.7089844e+01
   4.4744820e+06   1.6723633e+01
   4.4753540e+06   1.6357422e+01
   4.4762060e+06   1.8493652e+01
   4.4772880e+06   1.8981934e+01
   4.4783900e+06   1.6418457e+01
   4.4792510e+06   1.7822266e+01
   4.4801090e+06   1.5502930e+01
   4.4810440e+06   1.5319824e+01
   4.4822100e+06   1.8981934e+01
   4.4829730e+06   1.8737793e+01
   4.4839320e+06   1.6662598e+01
   4.4848170e+06   1.8615723e+01
   4.4856790e+06   1.5380859e+01
   4.4866270e+06   1.6967773e+01
   4.4876260e+06   1.7761230e+01
   4.4885100e+06   1.9958496e+01
   4.4893730e+06   1.6601563e+01
   4.4913180e+06   1.9531250e+01
   4.4923160e+06   2.1179199e+01
   4.4936330e+06   1.7639160e+01
   4.4944710e+06   1.7272949e+01
   4.4953060e+06   1.8615723e+01
   4.4961510e+06   1.6601562e+01
   4.4971050e+06   1.7211914e+01
   4.4980310e+06   1.8554688e+01
   4.4992150e+06   1.9104004e+01
   4.5004780e+06   1.7517090e+01
   4.5015960e+06   1.7272949e+01
   4.5035440e+06   1.4404297e+01
   4.5045310e+06   1.8676758e+01
   4.5056110e+06   1.5869141e+01
   4.5067670e+06   2.1118164e+01
   4.5080640e+06   1.8981934e+01
   4.5103980e+06   2.0629883e+01
   4.5131340e+06   1.8127441e+01
   4.5152210e+06   1.6418457e+01
   4.5169560e+06   1.4465332e+01
   4.5201340e+06   1.6357422e+01
   4.5212930e+06   1.4709473e+01
   4.5264100e+06   1.8493652e+01
   4.5264770e+06   1.4892578e+01
   4.5306640e+06   1.7578125e+01
   4.5354680e+06   2.0568848e+01
   4.5428660e+06   1.3916016e+01
   4.5462370e+06   1.5625000e+01
   4.5566280e+06   1.6357422e+01
   4.5576840e+06   1.8127441e+01
   4.5611080e+06   1.4587402e+01
   4.5765260e+06   1.7639160e+01
   4.6115660e+06   1.9042969e+01
   4.6186360e+06   2.1423340e+01
   4.6212950e+06   2.2155762e+01
   4.6214760e+06   1.8676758e+01
   4.6214900e+06   1.9592285e+01
   4.6215310e+06   1.5441895e+01
   4.6215880e+06   2.5573730e+01
   4.6216090e+06   4.2175293e+01
   4.6216240e+06   2.6367188e+01
   4.6216390e+06   1.6845703e+01
   4.6216560e+06   2.4719238e+01
   4.6216870e+06   3.5095215e+01
   4.6216970e+06   4.5532227e+01
   4.6217350e+06   3.0700684e+01
   4.6217500e+06   2.9968262e+01
   4.6217630e+06   2.7099609e+01
   4.6217780e+06   2.9418945e+01
   4.6218030e+06   1.9775391e+01
   4.6218150e+06   4.7302246e+01
   4.6218380e+06   2.2888184e+01
   4.6218610e+06   2.3132324e+01
   4.6218750e+06   1.5441895e+01
   4.6218930e+06   1.5747070e+01
   4.6219040e+06   2.0080566e+01
   4.6219270e+06   1.3977051e+01
   4.6219410e+06   2.1240234e+01
   4.6219620e+06   2.4108887e+01
   4.6219990e+06   2.1911621e+01
   4.6220460e+06   2.6672363e+01
   4.6221070e+06   1.9592285e+01
   4.6221950e+06   2.1057129e+01
   4.6222770e+06   1.9165039e+01
   4.6223300e+06   2.5817871e+01
   4.6223680e+06   1.4526367e+01
   4.6343640e+06   1.5136719e+01
   4.6364330e+06   1.5625000e+01
   4.6380520e+06   1.5808105e+01
   4.6381000e+06   1.4038086e+01
   4.6391100e+06   2.0019531e+01
   4.6402240e+06   1.5930176e+01
   4.6411130e+06   1.4526367e+01
   4.6431700e+06   1.6296387e+01
   4.6440860e+06   1.5869141e+01
   4.6450450e+06   1.4831543e+01
   4.6458030e+06   1.7089844e+01
   4.6471250e+06   1.5258789e+01
   4.6480730e+06   1.6235352e+01
   4.6493810e+06   1.7700195e+01
   4.6503160e+06   1.9287109e+01
   4.6511500e+06   1.8981934e+01
   4.6523780e+06   2.2216797e+01
   4.6534320e+06   2.0812988e+01
   4.6550350e+06   1.6845703e+01
   4.6561930e+06   1.9104004e+01
   4.6588280e+06   1.5808105e+01
   4.6624540e+06   1.6235352e+01
   4.6644380e+06   1.5869141e+01
   4.6678010e+06   1.9042969e+01
   4.6690530e+06   1.8920898e+01
   4.6729160e+06   1.9714355e+01
   4.6742480e+06   1.6479492e+01
   4.6851430e+06   2.0629883e+01
   4.6886360e+06   1.8554688e+01
   4.6948340e+06   2.2338867e+01
   4.6948840e+06   1.5197754e+01
   4.7133990e+06   1.8615723e+01
   4.7239320e+06   1.6967773e+01
   4.7239530e+06   1.5014648e+01
   4.7350200e+06   1.9104004e+01
   4.7446490e+06   1.9104004e+01
   4.7446870e+06   1.4526367e+01
   4.7606240e+06   1.7028809e+01
   4.7615780e+06   1.5136719e+01
   4.7949160e+06   1.7578125e+01
   4.8659200e+06   1.5686035e+01
   4.8765250e+06   2.1057129e+01
   4.8765650e+06   2.5939941e+01
   4.8766540e+06   1.4282227e+01
   4.8767020e+06   2.2094727e+01
   4.8767690e+06   1.8676758e+01
   4.8768000e+06   2.7587891e+01
   4.8768150e+06   2.2827148e+01
   4.8768320e+06   2.2460938e+01
   4.8768490e+06   1.7150879e+01
   4.8768700e+06   1.6479492e+01
   4.8768910e+06   1.7639160e+01
   4.8769150e+06   3.3508301e+01
   4.8769480e+06   2.4658203e+01
   4.8769810e+06   2.2094727e+01
   4.8770080e+06   1.8798828e+01
   4.8770320e+06   3.6804199e+01
   4.8770480e+06   2.5268555e+01
   4.8770680e+06   1.3854980e+01
   4.8771080e+06   1.8798828e+01
   4.8771480e+06   1.7578125e+01
   4.8771680e+06   1.8554688e+01
   4.8772550e+06   1.3854980e+01
   4.8772820e+06   1.4160156e+01
   4.8773280e+06   1.5625000e+01
   4.8773760e+06   3.1616211e+01
   4.8774390e+06   2.7832031e+01
   4.8775060e+06   1.5502930e+01
   4.8775420e+06   1.4709473e+01
   4.8776050e+06   1.5808105e+01
   4.8776150e+06   2.1118164e+01
   4.8885520e+06   1.6967773e+01
   4.8926720e+06   2.2338867e+01
   4.8927150e+06   1.3977051e+01
   5.0530990e+06   1.9348145e+01
   5.0965220e+06   1.6662598e+01
   5.1301980e+06   1.8249512e+01
   5.1409730e+06   1.6174316e+01
   5.1410130e+06   1.5686035e+01
   5.1410260e+06   1.9348145e+01
   5.1410530e+06   2.5268555e+01
   5.1410850e+06   1.8676758e+01
   5.1411010e+06   2.5085449e+01
   5.1411200e+06   2.9174805e+01
   5.1411470e+06   3.3996582e+01
   5.1411750e+06   3.6621094e+01
   5.1411970e+06   5.5725098e+01
   5.1412140e+06   2.1484375e+01
   5.1412320e+06   3.9611816e+01
   5.1412860e+06   6.0424805e+01
   5.1412980e+06   3.0151367e+01
   5.1413500e+06   2.6306152e+01
   5.1413640e+06   1.5319824e+01
   5.1413880e+06   5.6457520e+01
   5.1414140e+06   1.7822266e+01
   5.1414330e+06   1.4770508e+01
   5.1414440e+06   3.3996582e+01
   5.1414710e+06   2.4047852e+01
   5.1415010e+06   1.7395020e+01
   5.1415190e+06   1.5869141e+01
   5.1415510e+06   1.6906738e+01
   5.1415810e+06   1.4038086e+01
   5.1416190e+06   1.8859863e+01
   5.1416830e+06   1.5747070e+01
   5.1417280e+06   2.5878906e+01
   5.1548370e+06   1.9775391e+01
   5.1565420e+06   1.7150879e+01
   5.1587050e+06   1.7761230e+01
   5.1596740e+06   1.9714355e+01
   5.1601710e+06   1.8859863e+01
   5.1602590e+06   1.6418457e+01
   5.1602930e+06   1.3916016e+01
   5.1603160e+06   2.6855469e+01
   5.1604020e+06   1.6723633e+01
   5.1604310e+06   1.7883301e+01
   5.1604510e+06   1.8493652e+01
   5.1604980e+06   2.6428223e+01
   5.1605150e+06   3.0944824e+01
   5.1605420e+06   3.5827637e+01
   5.1605600e+06   2.0446777e+01
   5.1605860e+06   4.0283203e+01
   5.1606040e+06   1.9287109e+01
   5.1606150e+06   1.4831543e+01
   5.1606500e+06   3.7292480e+01
   5.1606690e+06   1.9042969e+01
   5.1607010e+06   3.2104492e+01
   5.1607180e+06   1.8249512e+01
   5.1607400e+06   1.8127441e+01
   5.1607640e+06   3.1616211e+01
   5.1607860e+06   2.5512695e+01
   5.1608320e+06   1.7883301e+01
   5.1608440e+06   1.3916016e+01
   5.1609130e+06   2.2949219e+01
   5.1609450e+06   1.7089844e+01
   5.1609740e+06   2.1118164e+01
   5.1610230e+06   1.9836426e+01
   5.1610500e+06   1.8188477e+01
   5.1610640e+06   1.3854980e+01
   5.1610800e+06   1.4160156e+01
   5.1611100e+06   1.5869141e+01
   5.1612140e+06   3.3325195e+01
   5.1612390e+06   1.4526367e+01
   5.1612780e+06   1.4404297e+01
   5.1614030e+06   1.3854980e+01
   5.1614330e+06   1.3977051e+01
   5.1616350e+06   1.6723633e+01
   5.1617700e+06   1.8249512e+01
   5.1619410e+06   1.4526367e+01
   5.1621940e+06   1.4282227e+01
   5.1696940e+06   1.6967773e+01
   5.1705920e+06   2.0141602e+01
   5.1716210e+06   1.9042969e+01
   5.1724960e+06   1.7028809e+01
   5.1733590e+06   1.7456055e+01
   5.1743400e+06   1.6113281e+01
   5.1764880e+06   1.7028809e+01
   5.1774360e+06   1.7761230e+01
   5.1838170e+06   1.9042969e+01
   5.1859450e+06   2.0324707e+01
   5.1860340e+06   1.6662598e+01
   5.1890390e+06   2.0690918e+01
   5.1910600e+06   1.9531250e+01
   5.1921080e+06   1.4892578e+01
   5.1932150e+06   1.7700195e+01
   5.1973820e+06   1.5808105e+01
   5.2008940e+06   1.4953613e+01
   5.2022080e+06   1.8432617e+01
   5.2053630e+06   2.2033691e+01
   5.2073110e+06   1.3854980e+01
   5.2088950e+06   1.8249512e+01
   5.2089710e+06   1.7883301e+01
   5.2273850e+06   1.8310547e+01
   5.2274230e+06   1.6357422e+01
   5.2306530e+06   1.7761230e+01
   5.2306880e+06   1.3916016e+01
   5.2340410e+06   1.6235352e+01
   5.2563270e+06   2.0385742e+01
   5.2593860e+06   1.7089844e+01
   5.2785660e+06   2.0263672e+01
   5.3651850e+06   1.5075684e+01
   5.3652060e+06   1.5747070e+01
   5.3653020e+06   1.6662598e+01
   5.3653360e+06   1.4587402e+01
   5.3653600e+06   2.4902344e+01
   5.3653800e+06   6.0180664e+01
   5.3654000e+06   1.9897461e+01
   5.3654220e+06   2.3559570e+01
   5.3654320e+06   1.5930176e+01
   5.3654550e+06   3.2897949e+01
   5.3654750e+06   4.2602539e+01
   5.3655150e+06   3.2714844e+01
   5.3655270e+06   4.3823242e+01
   5.3655640e+06   4.0710449e+01
   5.3655930e+06   1.7700195e+01
   5.3656230e+06   1.7456055e+01
   5.3656400e+06   2.6123047e+01
   5.3656680e+06   2.7526855e+01
   5.3656970e+06   3.1555176e+01
   5.3657210e+06   2.5573730e+01
   5.3657410e+06   3.9611816e+01
   5.3657630e+06   1.5930176e+01
   5.3657850e+06   1.7578125e+01
   5.3657960e+06   1.6113281e+01
   5.3658320e+06   2.3010254e+01
   5.3658580e+06   1.9287109e+01
   5.3659270e+06   1.7700195e+01
   5.3659670e+06   1.3977051e+01
   5.3659890e+06   1.9470215e+01
   5.3799510e+06   2.1362305e+01
   5.3799680e+06   1.3854980e+01
   5.3828590e+06   1.7456055e+01
   5.3843170e+06   1.5502930e+01
   5.3855160e+06   1.6845703e+01
   5.3885120e+06   1.6723633e+01
   5.3894180e+06   1.5747070e+01
   5.3903780e+06   1.8676758e+01
   5.3905530e+06   1.4099121e+01
   5.3912290e+06   2.1850586e+01
   5.3965380e+06   1.9409180e+01
   5.3974640e+06   1.9531250e+01
   5.3996510e+06   1.6906738e+01
   5.4006380e+06   1.4953613e+01
   5.4041910e+06   1.6540527e+01
   5.4132780e+06   1.9165039e+01
   5.4133080e+06   1.3916016e+01
   5.4189400e+06   2.1301270e+01
   5.4304470e+06   2.0812988e+01
   5.4375170e+06   2.2338867e+01
   5.4460520e+06   1.4038086e+01
   5.4480670e+06   1.9653320e+01
   5.4519820e+06   1.6967773e+01
   5.4520280e+06   1.4526367e+01
   5.4599560e+06   1.8005371e+01
   5.4669790e+06   1.7761230e+01
   5.4670880e+06   2.0263672e+01
   5.4673450e+06   2.0690918e+01
   5.4673710e+06   3.1188965e+01
   5.4673970e+06   2.3864746e+01
   5.4674170e+06   1.3916016e+01
   5.4674360e+06   2.9235840e+01
   5.4674520e+06   4.1503906e+01
   5.4674870e+06   2.2155762e+01
   5.4675180e+06   3.1921387e+01
   5.4675280e+06   1.4892578e+01
   5.4675400e+06   2.5939941e+01
   5.4675600e+06   1.9409180e+01
   5.4675780e+06   1.4648438e+01
   5.4676030e+06   3.4851074e+01
   5.4676190e+06   1.6784668e+01
   5.4676310e+06   1.9042969e+01
   5.4676500e+06   1.4465332e+01
   5.4676700e+06   2.6794434e+01
   5.4677830e+06   1.7211914e+01
   5.4678190e+06   1.5136719e+01
   5.4678630e+06   1.4770508e+01
   5.4678730e+06   1.6479492e+01
   5.4679050e+06   2.3498535e+01
   5.4679700e+06   1.8981934e+01
   5.4682050e+06   1.4343262e+01
   5.4854490e+06   2.2644043e+01
   5.4854900e+06   1.4953613e+01
   5.6374570e+06   1.5258789e+01
   5.6409060e+06   1.4831543e+01
   5.6543760e+06   2.0874023e+01
   5.6544100e+06   1.4099121e+01
   5.6544590e+06   1.5441895e+01
   5.6545270e+06   1.5319824e+01
   5.6545550e+06   1.7944336e+01
   5.6545790e+06   1.3916016e+01
   5.6545970e+06   2.1606445e+01
   5.6546150e+06   3.6926270e+01
   5.6546330e+06   5.3833008e+01
   5.6546440e+06   2.0446777e+01
   5.6546560e+06   2.0629883e+01
   5.6546770e+06   3.2653809e+01
   5.6547050e+06   3.1555176e+01
   5.6547310e+06   2.1972656e+01
   5.6547460e+06   4.0649414e+01
   5.6547580e+06   2.2399902e+01
   5.6547970e+06   5.2734375e+01
   5.6548100e+06   3.4362793e+01
   5.6548350e+06   2.2949219e+01
   5.6548700e+06   2.1118164e+01
   5.6548940e+06   2.2521973e+01
   5.6549250e+06   3.3996582e+01
   5.6549490e+06   2.2338867e+01
   5.6549770e+06   2.1667480e+01
   5.6550050e+06   1.6540527e+01
   5.6550210e+06   1.7517090e+01
   5.6550700e+06   2.0080566e+01
   5.6551400e+06   1.6662598e+01
   5.6551920e+06   1.5686035e+01
   5.6552080e+06   1.5502930e+01
   5.6552940e+06   1.5502930e+01
   5.6553630e+06   2.3315430e+01
   5.6692530e+06   1.9775391e+01
   5.6692810e+06   1.4587402e+01
   5.6719270e+06   2.0202637e+01
   5.6743650e+06   1.7700195e+01
   5.6744100e+06   1.4099121e+01
   5.6763210e+06   1.7333984e+01
   5.6788510e+06   1.7028809e+01
   5.6798720e+06   1.6357422e+01
   5.6862350e+06   1.7028809e+01
   5.6862880e+06   1.6113281e+01
   5.6897670e+06   1.7333984e+01
   5.6898340e+06   1.5441895e+01
   5.6918810e+06   1.5136719e+01
   5.6956920e+06   1.9897461e+01
   5.7015110e+06   2.0019531e+01
   5.7058160e+06   1.3916016e+01
   5.7067080e+06   1.7761230e+01
   5.7067620e+06   1.4282227e+01
   5.7126670e+06   1.6845703e+01
   5.7127170e+06   1.7456055e+01
   5.7567240e+06   1.6357422e+01
   5.7653320e+06   1.5747070e+01
   5.7739520e+06   1.3916016e+01
   5.8100500e+06   2.1423340e+01
   5.8222490e+06   2.0080566e+01
   5.8602780e+06   1.5197754e+01
   5.8974230e+06   1.4160156e+01
   5.8974500e+06   2.2399902e+01
   5.8974740e+06   1.4526367e+01
   5.8974910e+06   2.1179199e+01
   5.8975370e+06   2.3071289e+01
   5.8975500e+06   2.3071289e+01
   5.8975770e+06   2.2033691e+01
   5.8976000e+06   2.7465820e+01
   5.8976110e+06   1.4831543e+01
   5.8976320e+06   3.1921387e+01
   5.8976460e+06   3.0517578e+01
   5.8976750e+06   1.7578125e+01
   5.8976970e+06   2.9479980e+01
   5.8977180e+06   2.6977539e+01
   5.8977510e+06   1.4892578e+01
   5.8977810e+06   1.7028809e+01
   5.8978480e+06   1.3977051e+01
   5.8978770e+06   2.0996094e+01
   5.8979280e+06   2.1057129e+01
   5.8979570e+06   1.4709473e+01
   5.8979790e+06   1.3916016e+01
   5.8980730e+06   2.0263672e+01
   5.8980840e+06   1.4038086e+01
   5.8982400e+06   1.8737793e+01
   5.9317890e+06   1.4221191e+01
