   5.9990000e+06   0.0000000e+00
   2.3897000e+04   1.6479492e+01
   2.3910000e+04   1.9653320e+01
   2.3935000e+04   1.5563965e+01
   1.5003800e+05   1.3854980e+01
   5.4158000e+05   1.4465332e+01
   1.0564520e+06   1.4282227e+01
   1.3555160e+06   1.4038086e+01
   2.4328960e+06   1.4038086e+01
   2.7015380e+06   1.4343262e+01
   2.8513470e+06   1.4160156e+01
   3.0835500e+06   1.4099121e+01
   3.4384390e+06   1.4648438e+01
   3.5435030e+06   1.4465332e+01
   3.5733480e+06   1.4343262e+01
   3.8589100e+06   1.4282227e+01
   4.1468500e+06   1.4587402e+01
   4.1636470e+06   1.6052246e+01
   4.4583640e+06   1.5319824e+01
   4.4583840e+06   1.4221191e+01
   5.1411770e+06   1.4160156e+01
   5.1412520e+06   1.4526367e+01
   5.6548360e+06   1.4099121e+01
