   5.9990000e+06   0.0000000e+00
   2.3211000e+04   1.5014648e+01
   2.3866000e+04   2.8686523e+01
   2.3922000e+04   1.8127441e+01
   2.3990000e+04   1.9714355e+01
   2.4067000e+04   1.7456055e+01
   2.4140000e+04   1.5380859e+01
   2.4327000e+04   1.9653320e+01
   2.4487000e+04   2.0690918e+01
   3.6032400e+05   2.6733398e+01
   3.6037800e+05   2.1301270e+01
   3.6047500e+05   1.7395020e+01
   5.4189100e+05   2.4108887e+01
   5.4195600e+05   1.8981934e+01
   5.4202800e+05   1.5380859e+01
   8.2915300e+05   2.7954102e+01
   8.2923500e+05   2.2521973e+01
   8.2935300e+05   1.7883301e+01
   1.9238820e+06   2.6977539e+01
   1.9239760e+06   2.1850586e+01
   2.4327990e+06   2.7099609e+01
   2.4328650e+06   1.9836426e+01
   2.4330000e+06   1.7272949e+01
   2.4330860e+06   1.8188477e+01
   2.5896210e+06   2.5939941e+01
   2.5896890e+06   2.2766113e+01
   2.7015250e+06   2.7160645e+01
   2.7016250e+06   2.4597168e+01
   2.7017160e+06   1.8127441e+01
   2.7018810e+06   2.5329590e+01
   2.8071410e+06   2.8259277e+01
   3.0854140e+06   2.6245117e+01
   3.0854570e+06   1.7395020e+01
   3.0857380e+06   1.9958496e+01
   3.1023500e+06   2.7832031e+01
   3.1024680e+06   2.6306152e+01
   3.1025460e+06   1.6540527e+01
   3.1026320e+06   1.6540527e+01
   3.1027250e+06   2.4414062e+01
   3.1028100e+06   1.8859863e+01
   3.1029450e+06   2.0019531e+01
   3.1030560e+06   1.8432617e+01
   3.1031550e+06   1.9104004e+01
   3.1032840e+06   1.7700195e+01
   3.1034110e+06   1.6601562e+01
   3.4389680e+06   2.7160645e+01
   3.4390370e+06   1.9409180e+01
   3.4391050e+06   1.7700195e+01
   3.4392180e+06   2.0812988e+01
   3.5079080e+06   1.6113281e+01
   3.5440790e+06   3.0517578e+01
   3.7009350e+06   2.8320312e+01
   3.7010430e+06   2.5878906e+01
   3.7011570e+06   2.1606445e+01
   3.8611550e+06   2.3071289e+01
   3.8612700e+06   1.9714355e+01
   4.1467170e+06   2.8442383e+01
   4.1468230e+06   2.5817871e+01
   4.1468920e+06   1.8554688e+01
   4.1634030e+06   2.4414062e+01
   4.1634930e+06   2.3437500e+01
   4.1635880e+06   1.9409180e+01
   4.1636730e+06   1.6296387e+01
   4.1637630e+06   1.7211914e+01
   4.1642800e+06   1.5625000e+01
   4.1644510e+06   1.5441895e+01
   4.1645890e+06   1.9165039e+01
   4.2795500e+06   3.1311035e+01
   4.2796040e+06   2.0812988e+01
   4.2796550e+06   1.6906738e+01
   4.4582660e+06   2.9418945e+01
   4.4583570e+06   2.0385742e+01
   4.4584390e+06   2.0629883e+01
   4.4585110e+06   1.6296387e+01
   4.4585910e+06   1.9165039e+01
   4.4588240e+06   2.2766113e+01
   4.6219050e+06   2.8869629e+01
   4.6219530e+06   1.5014648e+01
   4.8773460e+06   2.3010254e+01
   4.8773930e+06   1.8493652e+01
   4.8775850e+06   1.5747070e+01
   4.8777510e+06   2.0263672e+01
   5.1413180e+06   2.2399902e+01
   5.1413730e+06   2.1240234e+01
   5.1414320e+06   1.8066406e+01
   5.1416610e+06   1.5136719e+01
   5.1418620e+06   1.7639160e+01
   5.1610050e+06   2.6855469e+01
   5.1611510e+06   2.4291992e+01
   5.1613350e+06   2.6611328e+01
   5.3655510e+06   2.7770996e+01
   5.3656320e+06   2.2155762e+01
   5.3656990e+06   1.8371582e+01
   5.3658380e+06   1.8737793e+01
   5.3659980e+06   2.0324707e+01
   5.4678510e+06   2.9479980e+01
   5.4679150e+06   2.3864746e+01
   5.4679800e+06   1.6906738e+01
   5.4683000e+06   2.3071289e+01
   5.6549160e+06   2.4230957e+01
   5.6549890e+06   2.0751953e+01
   5.6551420e+06   1.9287109e+01
   5.8979890e+06   2.4902344e+01
   5.8980520e+06   2.1911621e+01
   5.8981460e+06   2.1240234e+01
   5.8982930e+06   2.0690918e+01
