   5.9990000e+06   0.0000000e+00
   2.3941000e+04   1.4831543e+01
   2.3975000e+04   1.5258789e+01
   2.4026000e+04   2.1057129e+01
   2.4072000e+04   1.8737793e+01
   2.4122000e+04   1.3977051e+01
   2.4236000e+04   1.5136719e+01
   3.6025600e+05   1.3854980e+01
   3.6027700e+05   1.6479492e+01
   5.4168900e+05   1.5136719e+01
   7.7939200e+05   1.4709473e+01
   8.2912300e+05   1.4099121e+01
   2.1044320e+06   1.3916016e+01
   2.1314940e+06   1.4160156e+01
   2.4329710e+06   1.5808105e+01
   2.4331040e+06   1.5075684e+01
   2.5248520e+06   1.4038086e+01
   2.5894490e+06   1.3977051e+01
   2.5895800e+06   1.4770508e+01
   2.5896060e+06   1.5014648e+01
   2.5896830e+06   1.4770508e+01
   2.5897100e+06   1.7456055e+01
   2.7016750e+06   1.5319824e+01
   2.7017500e+06   1.5014648e+01
   2.8070270e+06   1.4465332e+01
   3.0855330e+06   1.4038086e+01
   3.0855480e+06   1.9836426e+01
   3.0856290e+06   1.4892578e+01
   3.0856710e+06   1.5197754e+01
   3.2983370e+06   1.4465332e+01
   4.1468500e+06   1.6906738e+01
   4.1469060e+06   1.4160156e+01
   4.1469430e+06   1.4648438e+01
   4.1469610e+06   1.4648438e+01
   4.1470210e+06   1.4892578e+01
   4.1635710e+06   1.4343262e+01
   4.1635940e+06   1.6296387e+01
   4.1636480e+06   2.0996094e+01
   4.1637520e+06   1.6174316e+01
   4.1638020e+06   1.5625000e+01
   4.2796850e+06   1.5686035e+01
   4.2797070e+06   1.4038086e+01
   4.4583600e+06   1.4404297e+01
   4.4584250e+06   1.9226074e+01
   4.4584680e+06   1.7639160e+01
   4.4585240e+06   1.4892578e+01
   4.4585690e+06   2.0019531e+01
   4.6218160e+06   1.9714355e+01
   4.6218330e+06   1.5808105e+01
   4.6218670e+06   1.8920898e+01
   4.6218810e+06   1.3916016e+01
   4.6219280e+06   1.6479492e+01
   4.6220580e+06   1.5441895e+01
   4.7286560e+06   1.4343262e+01
   4.8772430e+06   1.4526367e+01
   4.8773250e+06   1.3977051e+01
   5.1413000e+06   1.6784668e+01
   5.1413360e+06   1.6418457e+01
   5.1413700e+06   1.7883301e+01
   5.1413860e+06   1.4404297e+01
   5.1414320e+06   2.1545410e+01
   5.1414650e+06   1.6479492e+01
   5.1415030e+06   1.5441895e+01
   5.1417240e+06   1.4404297e+01
   5.3356710e+06   1.4099121e+01
   5.3655440e+06   1.4038086e+01
   5.3655790e+06   1.5869141e+01
   5.3656180e+06   1.8005371e+01
   5.3657290e+06   1.4831543e+01
   5.4675330e+06   1.4343262e+01
   5.6548460e+06   1.6357422e+01
   5.6549860e+06   1.3977051e+01
   5.6550310e+06   1.4831543e+01
   5.6552390e+06   1.5930176e+01
