   5.9990000e+06   0.0000000e+00
   1.5528000e+04   1.3305664e+01
   2.3893000e+04   1.7456055e+01
   2.3963000e+04   1.7639160e+01
   5.4165400e+05   1.3732910e+01
   9.2223900e+05   1.3366699e+01
   1.0566460e+06   1.4221191e+01
   1.4334820e+06   1.3305664e+01
   1.5959870e+06   1.3488770e+01
   2.2958180e+06   1.3366699e+01
   2.4328460e+06   1.5625000e+01
   2.5164580e+06   1.4221191e+01
   2.5893270e+06   1.3305664e+01
   4.1468290e+06   1.3610840e+01
   4.1468630e+06   1.3488770e+01
   4.1469310e+06   1.3549805e+01
   4.1470040e+06   1.3732910e+01
   4.1635110e+06   1.6174316e+01
   4.1636080e+06   1.8432617e+01
   4.1636610e+06   1.5136719e+01
   4.1641760e+06   1.3732910e+01
   4.2795900e+06   1.3732910e+01
   4.2796150e+06   1.3610840e+01
   4.2796490e+06   1.4892578e+01
   4.2796660e+06   1.4038086e+01
   4.2796790e+06   1.6235352e+01
   4.2796920e+06   1.5197754e+01
   4.2797740e+06   1.4160156e+01
   4.4583600e+06   1.6662598e+01
   4.4583740e+06   1.4160156e+01
   4.4584250e+06   1.4709473e+01
   4.6216610e+06   1.3916016e+01
   4.6217890e+06   1.4892578e+01
   4.9789010e+06   1.4282227e+01
   5.1412420e+06   1.5014648e+01
   5.3655040e+06   1.3671875e+01
   5.6547030e+06   1.5380859e+01
   5.9112880e+06   1.4831543e+01
