   5.9990000e+06   0.0000000e+00
   3.1200000e+02   1.8371582e+01
   1.2170000e+03   2.1301270e+01
   2.2793000e+04   1.5136719e+01
   2.3817000e+04   1.5014648e+01
   2.3838000e+04   1.5930176e+01
   2.3858000e+04   2.4719238e+01
   2.3871000e+04   3.1005859e+01
   2.3905000e+04   1.9958496e+01
   2.3940000e+04   1.6113281e+01
   2.3957000e+04   2.6062012e+01
   2.3978000e+04   2.9724121e+01
   2.3995000e+04   3.8635254e+01
   2.4012000e+04   1.8432617e+01
   2.4027000e+04   2.4658203e+01
   2.4042000e+04   3.3386230e+01
   2.4065000e+04   2.7587891e+01
   2.4079000e+04   2.1545410e+01
   2.4120000e+04   1.7272949e+01
   2.4140000e+04   1.7700195e+01
   2.4176000e+04   2.5085449e+01
   2.4199000e+04   2.2705078e+01
   2.4228000e+04   1.9470215e+01
   2.4304000e+04   1.8920898e+01
   2.4330000e+04   2.3193359e+01
   2.4365000e+04   1.6052246e+01
   2.4387000e+04   1.7028809e+01
   2.4486000e+04   2.1728516e+01
   2.4659000e+04   2.1057129e+01
   2.4893000e+04   2.0263672e+01
   2.5082000e+04   1.9775391e+01
   2.5399000e+04   1.5747070e+01
   2.5687000e+04   1.8554688e+01
   2.5724000e+04   1.5014648e+01
   2.5973000e+04   2.1972656e+01
   2.6350000e+04   2.2033691e+01
   2.6694000e+04   2.0996094e+01
   2.7158000e+04   1.9592285e+01
   2.7601000e+04   1.7944336e+01
   2.8175000e+04   2.0446777e+01
   1.1702300e+05   1.4526367e+01
   1.7345900e+05   1.4953613e+01
   1.7491500e+05   1.4892578e+01
   1.7504400e+05   1.6235352e+01
   1.7561100e+05   1.6784668e+01
   1.7587900e+05   1.7456055e+01
   1.7661400e+05   1.5380859e+01
   2.2173700e+05   1.7883301e+01
   2.6168100e+05   1.4953613e+01
   2.8804600e+05   1.4892578e+01
   2.9250700e+05   1.4404297e+01
   3.5429000e+05   1.5319824e+01
   3.5904700e+05   1.7883301e+01
   3.5913200e+05   1.7395020e+01
   3.5916500e+05   1.5625000e+01
   3.5922900e+05   1.5319824e+01
   3.6002900e+05   1.5441895e+01
   3.6017900e+05   1.6357422e+01
   3.6019800e+05   1.9592285e+01
   3.6021800e+05   2.4902344e+01
   3.6026100e+05   2.4597168e+01
   3.6029100e+05   2.3193359e+01
   3.6030400e+05   1.9592285e+01
   3.6033500e+05   1.6357422e+01
   3.6035000e+05   2.3010254e+01
   3.6037500e+05   2.2277832e+01
   3.6038600e+05   1.7883301e+01
   3.6039700e+05   2.8015137e+01
   3.6042600e+05   2.3315430e+01
   3.6043600e+05   1.7822266e+01
   3.6045000e+05   1.8737793e+01
   3.6047300e+05   1.4465332e+01
   3.6048600e+05   1.9287109e+01
   3.6058200e+05   2.3681641e+01
   3.6059700e+05   1.7089844e+01
   3.6061700e+05   1.9592285e+01
   3.6075300e+05   2.7526855e+01
   3.6080300e+05   1.5197754e+01
   3.6096800e+05   2.6794434e+01
   3.6114500e+05   2.5573730e+01
   3.6135500e+05   2.1728516e+01
   3.6166200e+05   2.0690918e+01
   3.6192300e+05   1.8554688e+01
   3.6223100e+05   2.2583008e+01
   3.6263600e+05   1.6845703e+01
   3.6317100e+05   2.3071289e+01
   3.6515100e+05   2.3437500e+01
   3.7429100e+05   1.4526367e+01
   3.9386300e+05   1.7517090e+01
   3.9956600e+05   1.4221191e+01
   4.1067300e+05   1.4404297e+01
   4.1069400e+05   1.4282227e+01
   4.1127200e+05   1.5136719e+01
   5.3901100e+05   1.5808105e+01
   5.4093700e+05   1.7517090e+01
   5.4173700e+05   1.9775391e+01
   5.4180700e+05   1.4526367e+01
   5.4184300e+05   1.5686035e+01
   5.4188400e+05   1.5014648e+01
   5.4189600e+05   1.4770508e+01
   5.4190900e+05   2.0202637e+01
   5.4192400e+05   2.0385742e+01
   5.4195800e+05   2.0874023e+01
   5.4197300e+05   1.5991211e+01
   5.4198700e+05   3.2226562e+01
   5.4201500e+05   3.0212402e+01
   5.4205300e+05   3.3935547e+01
   5.4206900e+05   2.0324707e+01
   5.4209300e+05   1.6296387e+01
   5.4210300e+05   1.7944336e+01
   5.4211600e+05   2.9907227e+01
   5.4215100e+05   2.0690918e+01
   5.4217700e+05   1.9348145e+01
   5.4219000e+05   1.5014648e+01
   5.4222400e+05   2.0263672e+01
   5.4224900e+05   2.0324707e+01
   5.4226000e+05   3.6987305e+01
   5.4229000e+05   2.0629883e+01
   5.4235800e+05   1.5441895e+01
   5.4238700e+05   2.9602051e+01
   5.4249400e+05   1.5136719e+01
   5.4256700e+05   2.1179199e+01
   5.4272500e+05   2.0568848e+01
   5.4294500e+05   2.3254395e+01
   5.4316100e+05   2.3620605e+01
   5.4335800e+05   2.0446777e+01
   5.4357200e+05   1.9958496e+01
   5.4381900e+05   2.0874023e+01
   5.4406000e+05   1.7822266e+01
   5.4436000e+05   1.8798828e+01
   5.4477300e+05   2.1057129e+01
   5.4511900e+05   2.1545410e+01
   5.4558200e+05   2.3803711e+01
   5.4725100e+05   2.0202637e+01
   5.5131200e+05   2.6123047e+01
   5.5653200e+05   1.4709473e+01
   5.5839500e+05   1.4343262e+01
   5.5987200e+05   1.6601562e+01
   5.6229600e+05   1.7395020e+01
   5.6735400e+05   1.6662598e+01
   5.7130600e+05   1.9165039e+01
   5.8788300e+05   1.5808105e+01
   5.8790400e+05   1.4404297e+01
   5.8868100e+05   2.4353027e+01
   5.8898900e+05   2.3620605e+01
   5.8909300e+05   2.3132324e+01
   5.8912800e+05   1.6052246e+01
   5.8917700e+05   1.6967773e+01
   5.8920000e+05   1.5136719e+01
   5.8933700e+05   1.9348145e+01
   5.8935000e+05   1.7517090e+01
   5.8936000e+05   1.5441895e+01
   5.8945800e+05   1.6296387e+01
   5.8949100e+05   1.6052246e+01
   5.8965000e+05   1.8188477e+01
   5.8971600e+05   1.4404297e+01
   5.8986100e+05   1.5808105e+01
   5.9018300e+05   1.6540527e+01
   6.6892500e+05   1.6357422e+01
   6.6907000e+05   1.8493652e+01
   6.6959900e+05   2.4047852e+01
   6.6986200e+05   2.4047852e+01
   6.6995000e+05   1.4343262e+01
   6.7002300e+05   1.9714355e+01
   6.7007800e+05   1.4465332e+01
   6.7018800e+05   1.7028809e+01
   6.7026700e+05   1.6052246e+01
   6.7030900e+05   1.8066406e+01
   6.7039800e+05   1.8188477e+01
   6.7041200e+05   1.4221191e+01
   6.7048300e+05   1.6906738e+01
   6.7054100e+05   1.5930176e+01
   6.7075400e+05   2.1972656e+01
   6.7096600e+05   1.6296387e+01
   6.9145700e+05   1.7517090e+01
   7.1232400e+05   1.5380859e+01
   7.2326000e+05   1.4953613e+01
   7.6605000e+05   1.4221191e+01
   7.6879300e+05   1.7333984e+01
   7.9102700e+05   1.4282227e+01
   8.1176600e+05   1.8188477e+01
   8.2827800e+05   1.4892578e+01
   8.2832500e+05   1.5197754e+01
   8.2834400e+05   1.8981934e+01
   8.2840700e+05   1.5991211e+01
   8.2894200e+05   2.2583008e+01
   8.2895200e+05   2.9052734e+01
   8.2899700e+05   1.4831543e+01
   8.2905500e+05   2.4658203e+01
   8.2906900e+05   1.8615723e+01
   8.2911400e+05   1.7150879e+01
   8.2914200e+05   2.4414062e+01
   8.2915700e+05   1.4404297e+01
   8.2917000e+05   1.5258789e+01
   8.2920800e+05   2.9174805e+01
   8.2921800e+05   2.5390625e+01
   8.2925500e+05   1.9409180e+01
   8.2927700e+05   2.1362305e+01
   8.2931900e+05   3.1127930e+01
   8.2933200e+05   1.8249512e+01
   8.2938100e+05   1.4648437e+01
   8.2939500e+05   1.5869141e+01
   8.2941500e+05   1.5136719e+01
   8.2945500e+05   2.5085449e+01
   8.2946500e+05   2.0507812e+01
   8.2951200e+05   1.5319824e+01
   8.2961600e+05   2.2033691e+01
   8.2980600e+05   2.5634766e+01
   8.2997900e+05   2.1240234e+01
   8.3015600e+05   1.8554688e+01
   8.3040000e+05   2.1118164e+01
   8.3064700e+05   2.1118164e+01
   8.3102000e+05   1.6967773e+01
   8.3139600e+05   2.1667480e+01
   8.3472900e+05   2.2949219e+01
   8.3604400e+05   2.5817871e+01
   8.3959400e+05   1.5625000e+01
   8.4909900e+05   1.5686035e+01
   8.7271300e+05   1.6540527e+01
   8.9374900e+05   1.5747070e+01
   9.0585200e+05   1.4648438e+01
   9.0625300e+05   1.4343262e+01
   9.2207100e+05   2.1850586e+01
   9.2212400e+05   1.6906738e+01
   9.2220100e+05   2.6550293e+01
   9.2250400e+05   2.3437500e+01
   9.2258700e+05   1.6540527e+01
   9.2289100e+05   2.6062012e+01
   9.2302800e+05   1.9592285e+01
   9.2312700e+05   1.6296387e+01
   9.2317200e+05   1.9165039e+01
   9.2320100e+05   1.5563965e+01
   9.2327200e+05   1.4953613e+01
   9.2329900e+05   1.5808105e+01
   9.2334600e+05   1.4221191e+01
   9.2336300e+05   1.9653320e+01
   9.2338800e+05   1.6296387e+01
   9.2342300e+05   2.2827148e+01
   9.2365200e+05   1.6784668e+01
   9.2375200e+05   1.4404297e+01
   9.2391300e+05   1.5563965e+01
   9.2396100e+05   1.9897461e+01
   9.2429300e+05   2.2888184e+01
   9.2471600e+05   2.0080566e+01
   9.8053100e+05   1.9897461e+01
   9.8056000e+05   1.4282227e+01
   9.8119600e+05   2.5817871e+01
   9.8141900e+05   1.4648438e+01
   9.8149500e+05   2.1667480e+01
   9.8156100e+05   1.7822266e+01
   9.8163600e+05   1.4648438e+01
   9.8166300e+05   1.4465332e+01
   9.8171400e+05   1.4343262e+01
   9.8174900e+05   1.5380859e+01
   9.8184300e+05   1.8249512e+01
   9.8188200e+05   1.7089844e+01
   9.8195100e+05   1.4282227e+01
   9.8224000e+05   1.4587402e+01
   9.8254200e+05   2.6245117e+01
   9.8306300e+05   1.9348145e+01
   1.0108830e+06   1.5808105e+01
   1.0558980e+06   2.5939941e+01
   1.0568040e+06   1.7517090e+01
   1.0568460e+06   1.5869141e+01
   1.0569100e+06   2.5085449e+01
   1.0569280e+06   1.5869141e+01
   1.0569600e+06   1.8005371e+01
   1.0569750e+06   1.7456055e+01
   1.0570470e+06   1.9836426e+01
   1.0570780e+06   1.4770508e+01
   1.0571050e+06   1.5502930e+01
   1.0572800e+06   1.9775391e+01
   1.0573410e+06   1.9226074e+01
   1.0573550e+06   2.0996094e+01
   1.0575470e+06   1.8310547e+01
   1.0577960e+06   1.9531250e+01
   1.0581530e+06   1.4587402e+01
   1.0582510e+06   1.8066406e+01
   1.1204020e+06   1.7028809e+01
   1.1486650e+06   1.5869141e+01
   1.1487710e+06   1.7944336e+01
   1.1487880e+06   1.8493652e+01
   1.1495930e+06   1.4221191e+01
   1.1496550e+06   1.5625000e+01
   1.1496660e+06   1.5869141e+01
   1.1497350e+06   1.7944336e+01
   1.1497610e+06   1.8798828e+01
   1.1497770e+06   1.5258789e+01
   1.1498420e+06   1.7761230e+01
   1.1499560e+06   1.5991211e+01
   1.1500320e+06   2.1911621e+01
   1.1503670e+06   1.8432617e+01
   1.1506980e+06   2.0874023e+01
   1.1512290e+06   1.9775391e+01
   1.1656210e+06   1.6601562e+01
   1.2005120e+06   1.5747070e+01
   1.2018640e+06   2.4169922e+01
   1.2019550e+06   1.5747070e+01
   1.2019910e+06   1.6906738e+01
   1.2020790e+06   1.6418457e+01
   1.2020980e+06   1.5502930e+01
   1.2021280e+06   1.7089844e+01
   1.2021490e+06   1.7761230e+01
   1.2021960e+06   1.6601562e+01
   1.2023010e+06   1.6418457e+01
   1.2024100e+06   1.6235352e+01
   1.2025380e+06   1.5380859e+01
   1.2025670e+06   1.4709473e+01
   1.2028590e+06   1.9165039e+01
   1.2032410e+06   1.8249512e+01
   1.2136310e+06   1.4709473e+01
   1.2679610e+06   1.6540527e+01
   1.2680340e+06   1.5136719e+01
   1.2683700e+06   1.4648438e+01
   1.2685540e+06   2.3437500e+01
   1.2688390e+06   3.3142090e+01
   1.2688980e+06   1.4831543e+01
   1.2691000e+06   2.1911621e+01
   1.2692700e+06   1.8188477e+01
   1.2694320e+06   1.4831543e+01
   1.2695800e+06   2.9296875e+01
   1.2699580e+06   2.0996094e+01
   1.2983270e+06   1.5014648e+01
   1.3249990e+06   1.6967773e+01
   1.3251260e+06   1.7578125e+01
   1.3255930e+06   2.4841309e+01
   1.3256860e+06   1.4831543e+01
   1.3259110e+06   2.2460938e+01
   1.3260480e+06   1.7517090e+01
   1.3262450e+06   1.4648438e+01
   1.3263790e+06   1.4709473e+01
   1.3266280e+06   2.2155762e+01
   1.3269850e+06   1.9714355e+01
   1.3274230e+06   1.6357422e+01
   1.3906590e+06   1.5808105e+01
   1.4442660e+06   1.4953613e+01
   1.4576720e+06   1.5136719e+01
   1.4595920e+06   1.8737793e+01
   1.4596070e+06   1.4648438e+01
   1.4596590e+06   1.5319824e+01
   1.4596900e+06   2.8259277e+01
   1.4597320e+06   1.6235352e+01
   1.4597460e+06   2.3620605e+01
   1.4598320e+06   1.5869141e+01
   1.4598500e+06   2.0202637e+01
   1.4600570e+06   1.8066406e+01
   1.4601830e+06   1.4221191e+01
   1.4603590e+06   2.0629883e+01
   1.4606760e+06   1.7150879e+01
   1.4951360e+06   1.5625000e+01
   1.5168080e+06   1.6357422e+01
   1.5192380e+06   1.4709473e+01
   1.5334080e+06   1.5808105e+01
   1.5338680e+06   2.3193359e+01
   1.5339580e+06   1.5869141e+01
   1.5343560e+06   1.8432617e+01
   1.5344710e+06   1.5502930e+01
   1.5345020e+06   2.4169922e+01
   1.5347920e+06   1.7578125e+01
   1.5348550e+06   1.6113281e+01
   1.5348980e+06   1.4465332e+01
   1.5352280e+06   2.2827148e+01
   1.5356620e+06   2.3010254e+01
   1.5921120e+06   1.5563965e+01
   1.5923510e+06   1.8310547e+01
   1.5924430e+06   2.0080566e+01
   1.5925530e+06   1.7944336e+01
   1.5927040e+06   1.5808105e+01
   1.5927250e+06   1.7395020e+01
   1.5930410e+06   2.2460937e+01
   1.5930630e+06   1.4343262e+01
   1.5934240e+06   1.7883301e+01
   1.5939510e+06   1.6113281e+01
   1.6917260e+06   1.7089844e+01
   1.7017760e+06   1.5075684e+01
   1.7106290e+06   1.6662598e+01
   1.7469540e+06   1.5625000e+01
   1.7472320e+06   2.4719238e+01
   1.7474320e+06   1.7761230e+01
   1.7475310e+06   1.6540527e+01
   1.7478510e+06   2.5329590e+01
   1.7481810e+06   2.5451660e+01
   1.7483210e+06   2.2155762e+01
   1.7483530e+06   1.7578125e+01
   1.7484220e+06   1.4404297e+01
   1.7484470e+06   1.5747070e+01
   1.7484940e+06   1.5380859e+01
   1.7485690e+06   1.9042969e+01
   1.7486730e+06   1.8127441e+01
   1.7487170e+06   1.5808105e+01
   1.7487440e+06   1.7028809e+01
   1.7487650e+06   1.5869141e+01
   1.7488690e+06   1.7456055e+01
   1.7490130e+06   2.0141602e+01
   1.7493530e+06   2.0751953e+01
   1.8795820e+06   1.6845703e+01
   1.8804590e+06   2.6000977e+01
   1.8806780e+06   2.1057129e+01
   1.8807990e+06   1.8920898e+01
   1.8808580e+06   2.4414062e+01
   1.8809130e+06   1.7272949e+01
   1.8809830e+06   1.5197754e+01
   1.8809960e+06   1.4587402e+01
   1.8810310e+06   1.8310547e+01
   1.8810720e+06   2.7038574e+01
   1.8811110e+06   1.4892578e+01
   1.8811460e+06   1.7700195e+01
   1.8812510e+06   2.0690918e+01
   1.8817350e+06   2.2155762e+01
   1.8822540e+06   2.3254395e+01
   1.8893270e+06   1.4526367e+01
   1.8927350e+06   1.5014648e+01
   1.9227310e+06   1.4282227e+01
   1.9227740e+06   1.6174316e+01
   1.9234400e+06   2.2705078e+01
   1.9235550e+06   1.5136719e+01
   1.9235980e+06   2.1850586e+01
   1.9236320e+06   1.9836426e+01
   1.9237130e+06   2.0141602e+01
   1.9237300e+06   2.6428223e+01
   1.9237450e+06   1.5625000e+01
   1.9238150e+06   1.7822266e+01
   1.9238280e+06   2.5939941e+01
   1.9238490e+06   1.9042969e+01
   1.9238970e+06   1.6235352e+01
   1.9239270e+06   2.6245117e+01
   1.9239560e+06   1.6967773e+01
   1.9239820e+06   1.7272949e+01
   1.9240020e+06   1.7211914e+01
   1.9240450e+06   1.6296387e+01
   1.9240630e+06   2.0568848e+01
   1.9240820e+06   1.6296387e+01
   1.9241120e+06   1.7944336e+01
   1.9242680e+06   1.9104004e+01
   1.9244410e+06   2.3864746e+01
   1.9246660e+06   2.2033691e+01
   1.9249100e+06   1.6906738e+01
   1.9255350e+06   2.1728516e+01
   1.9260040e+06   2.2583008e+01
   1.9374360e+06   1.5136719e+01
   1.9454550e+06   1.4648438e+01
   1.9745070e+06   1.5930176e+01
   1.9872360e+06   2.1545410e+01
   1.9872780e+06   1.4343262e+01
   1.9873020e+06   1.8188477e+01
   1.9873290e+06   1.9775391e+01
   1.9873800e+06   1.5563965e+01
   1.9874500e+06   1.5563965e+01
   1.9874790e+06   1.9836426e+01
   1.9875270e+06   2.0507812e+01
   1.9875530e+06   1.7456055e+01
   1.9876330e+06   1.4221191e+01
   1.9876490e+06   1.8432617e+01
   1.9876810e+06   1.4831543e+01
   1.9877910e+06   1.5502930e+01
   1.9878080e+06   2.0629883e+01
   1.9878290e+06   1.7150879e+01
   1.9878550e+06   1.5136719e+01
   1.9878930e+06   1.6235352e+01
   1.9879900e+06   1.5747070e+01
   1.9880950e+06   1.7822266e+01
   1.9885090e+06   1.8615723e+01
   2.0371460e+06   1.7822266e+01
   2.0403540e+06   1.4282227e+01
   2.0409710e+06   1.6723633e+01
   2.0416060e+06   2.6245117e+01
   2.0417220e+06   2.3132324e+01
   2.0417440e+06   1.7456055e+01
   2.0417800e+06   1.9775391e+01
   2.0418320e+06   1.8798828e+01
   2.0418450e+06   1.9165039e+01
   2.0418730e+06   1.8798828e+01
   2.0421310e+06   1.8188477e+01
   2.0424030e+06   2.1057129e+01
   2.0427610e+06   1.7395020e+01
   2.0867070e+06   1.7944336e+01
   2.0880700e+06   1.7333984e+01
   2.0881690e+06   1.6418457e+01
   2.0882940e+06   1.6967773e+01
   2.0884620e+06   1.4526367e+01
   2.0887470e+06   1.8737793e+01
   2.0891410e+06   2.0019531e+01
   2.1807050e+06   1.4526367e+01
   2.1812610e+06   2.8686523e+01
   2.1819990e+06   2.4353027e+01
   2.1820990e+06   1.6296387e+01
   2.1821380e+06   1.4831543e+01
   2.1821780e+06   1.4465332e+01
   2.1822190e+06   1.6601562e+01
   2.1822480e+06   2.2155762e+01
   2.1823200e+06   1.4404297e+01
   2.1823800e+06   1.4709473e+01
   2.1824930e+06   2.3010254e+01
   2.1825970e+06   1.6723633e+01
   2.1826910e+06   1.6723633e+01
   2.1829190e+06   1.8676758e+01
   2.1833970e+06   2.0446777e+01
   2.2195880e+06   1.6357422e+01
   2.2328100e+06   1.4343262e+01
   2.2712510e+06   1.7272949e+01
   2.2738570e+06   1.7883301e+01
   2.2884320e+06   1.4221191e+01
   2.3087030e+06   1.6601562e+01
   2.3088550e+06   1.9104004e+01
   2.3088760e+06   1.7456055e+01
   2.3089210e+06   1.5380859e+01
   2.3089870e+06   1.8493652e+01
   2.3090320e+06   1.6418457e+01
   2.3090600e+06   2.0751953e+01
   2.3090770e+06   1.5991211e+01
   2.3091040e+06   1.5380859e+01
   2.3091180e+06   1.7761230e+01
   2.3091600e+06   2.4230957e+01
   2.3092930e+06   2.5817871e+01
   2.3093130e+06   1.5258789e+01
   2.3093740e+06   1.6113281e+01
   2.3094180e+06   1.7639160e+01
   2.3095470e+06   2.4475098e+01
   2.3098660e+06   2.2033691e+01
   2.3626450e+06   1.8615723e+01
   2.3634740e+06   1.4526367e+01
   2.3979420e+06   1.4343262e+01
   2.4318010e+06   1.5136719e+01
   2.4318460e+06   1.5563965e+01
   2.4325180e+06   1.7700195e+01
   2.4325580e+06   1.8127441e+01
   2.4326020e+06   1.5014648e+01
   2.4326300e+06   1.4465332e+01
   2.4326420e+06   1.4282227e+01
   2.4326520e+06   1.4709473e+01
   2.4326720e+06   1.7028809e+01
   2.4327030e+06   1.4221191e+01
   2.4327420e+06   1.5930176e+01
   2.4327540e+06   1.7517090e+01
   2.4327780e+06   1.9592285e+01
   2.4328170e+06   1.8249512e+01
   2.4328320e+06   4.1137695e+01
   2.4328570e+06   1.9226074e+01
   2.4328860e+06   3.1433105e+01
   2.4329120e+06   1.6601562e+01
   2.4329270e+06   2.2216797e+01
   2.4329410e+06   1.9958496e+01
   2.4330030e+06   1.7395020e+01
   2.4330220e+06   1.4648437e+01
   2.4330600e+06   1.5747070e+01
   2.4330840e+06   3.4545898e+01
   2.4331050e+06   2.1728516e+01
   2.4331420e+06   2.0019531e+01
   2.4331600e+06   2.2216797e+01
   2.4331780e+06   2.0019531e+01
   2.4332050e+06   1.7517090e+01
   2.4332740e+06   1.7883301e+01
   2.4332990e+06   2.7893066e+01
   2.4333160e+06   1.7639160e+01
   2.4333960e+06   1.9104004e+01
   2.4334360e+06   1.9348145e+01
   2.4334510e+06   1.8005371e+01
   2.4334820e+06   1.8981934e+01
   2.4335620e+06   1.6784668e+01
   2.4336070e+06   2.0935059e+01
   2.4336610e+06   1.7089844e+01
   2.4337630e+06   1.8493652e+01
   2.4338040e+06   2.1484375e+01
   2.4339100e+06   1.5808105e+01
   2.4339740e+06   1.9348145e+01
   2.4341440e+06   1.5808105e+01
   2.4341830e+06   2.2155762e+01
   2.4343880e+06   1.9226074e+01
   2.4346040e+06   1.7639160e+01
   2.4348250e+06   2.0141602e+01
   2.4350570e+06   1.8310547e+01
   2.4353370e+06   2.0629883e+01
   2.4355910e+06   2.0690918e+01
   2.4367890e+06   2.2766113e+01
   2.4371340e+06   1.6296387e+01
   2.4375620e+06   1.9836426e+01
   2.4379990e+06   1.9714355e+01
   2.4468970e+06   1.5502930e+01
   2.4482950e+06   1.7211914e+01
   2.4512220e+06   1.6479492e+01
   2.4557280e+06   1.5930176e+01
   2.4593020e+06   1.4648438e+01
   2.4698640e+06   1.5869141e+01
   2.4976030e+06   1.4404297e+01
   2.5094460e+06   1.4221191e+01
   2.5865890e+06   1.7028809e+01
   2.5887310e+06   1.4404297e+01
   2.5891980e+06   1.6113281e+01
   2.5892850e+06   2.4230957e+01
   2.5893190e+06   2.8747559e+01
   2.5893390e+06   2.0080566e+01
   2.5893670e+06   1.4709473e+01
   2.5894260e+06   2.2827148e+01
   2.5895130e+06   2.0385742e+01
   2.5895510e+06   1.5502930e+01
   2.5895790e+06   1.9775391e+01
   2.5895970e+06   1.8554687e+01
   2.5896070e+06   2.6428223e+01
   2.5896450e+06   1.6113281e+01
   2.5896570e+06   2.4780273e+01
   2.5896780e+06   2.4108887e+01
   2.5897030e+06   2.3254395e+01
   2.5897140e+06   2.7343750e+01
   2.5897260e+06   1.7028809e+01
   2.5897490e+06   2.9541016e+01
   2.5897660e+06   2.5878906e+01
   2.5898110e+06   1.8005371e+01
   2.5898290e+06   2.8564453e+01
   2.5898460e+06   1.6723633e+01
   2.5898700e+06   1.9470215e+01
   2.5899040e+06   3.1188965e+01
   2.5899200e+06   2.1667480e+01
   2.5899730e+06   1.6906738e+01
   2.5900010e+06   2.1850586e+01
   2.5900280e+06   1.5869141e+01
   2.5900440e+06   1.5686035e+01
   2.5900690e+06   1.5136719e+01
   2.5900900e+06   1.6540527e+01
   2.5901450e+06   1.8188477e+01
   2.5901940e+06   1.6662598e+01
   2.5902750e+06   3.3569336e+01
   2.5903450e+06   2.1362305e+01
   2.5904680e+06   2.5329590e+01
   2.5905290e+06   1.5930176e+01
   2.5906290e+06   1.6113281e+01
   2.5906460e+06   1.6296387e+01
   2.5907340e+06   2.0202637e+01
   2.5908300e+06   2.3193359e+01
   2.5908400e+06   1.4831543e+01
   2.5909380e+06   1.4709473e+01
   2.5910370e+06   1.4709473e+01
   2.5910520e+06   2.0690918e+01
   2.5912520e+06   2.2827148e+01
   2.5915280e+06   1.9470215e+01
   2.5917250e+06   2.0446777e+01
   2.5919320e+06   2.1728516e+01
   2.5921830e+06   2.1057129e+01
   2.5924460e+06   1.8920898e+01
   2.5926640e+06   1.5319824e+01
   2.5928910e+06   1.9531250e+01
   2.5931210e+06   1.6967773e+01
   2.5934290e+06   1.9958496e+01
   2.5937600e+06   2.4658203e+01
   2.5940330e+06   1.8859863e+01
   2.5943450e+06   1.7944336e+01
   2.5946400e+06   1.7639160e+01
   2.5949630e+06   2.0080566e+01
   2.5953030e+06   1.8981934e+01
   2.5956360e+06   2.2277832e+01
   2.6035970e+06   1.6479492e+01
   2.6048270e+06   1.4709473e+01
   2.6049330e+06   1.5197754e+01
   2.6050730e+06   1.5441895e+01
   2.6054820e+06   1.5869141e+01
   2.6064400e+06   1.5014648e+01
   2.6064590e+06   1.7639160e+01
   2.6064930e+06   1.7700195e+01
   2.6065340e+06   1.6540527e+01
   2.6065580e+06   1.4465332e+01
   2.6065740e+06   1.5258789e+01
   2.6066120e+06   2.5756836e+01
   2.6066760e+06   2.2155762e+01
   2.6067410e+06   1.6296387e+01
   2.6067680e+06   2.0935059e+01
   2.6068310e+06   1.6113281e+01
   2.6068640e+06   1.6052246e+01
   2.6068830e+06   2.1545410e+01
   2.6068940e+06   1.4892578e+01
   2.6069760e+06   1.9470215e+01
   2.6070110e+06   1.4404297e+01
   2.6070240e+06   1.5502930e+01
   2.6070450e+06   1.7944336e+01
   2.6071480e+06   1.9897461e+01
   2.6071580e+06   2.2094727e+01
   2.6071810e+06   1.4587402e+01
   2.6073220e+06   1.5380859e+01
   2.6074100e+06   1.5075684e+01
   2.6074620e+06   3.0639648e+01
   2.6075030e+06   1.7456055e+01
   2.6077350e+06   1.5380859e+01
   2.6078630e+06   1.9409180e+01
   2.6079010e+06   1.5380859e+01
   2.6082940e+06   2.4841309e+01
   2.7009290e+06   1.5869141e+01
   2.7009670e+06   1.5747070e+01
   2.7010230e+06   1.4770508e+01
   2.7011940e+06   1.6784668e+01
   2.7012770e+06   1.4465332e+01
   2.7013660e+06   1.9287109e+01
   2.7013920e+06   1.5930176e+01
   2.7014130e+06   1.6418457e+01
   2.7014330e+06   1.8249512e+01
   2.7015130e+06   1.9104004e+01
   2.7015300e+06   1.4892578e+01
   2.7015560e+06   1.5625000e+01
   2.7016130e+06   1.8615723e+01
   2.7016310e+06   2.2644043e+01
   2.7016410e+06   2.3132324e+01
   2.7016620e+06   1.6540527e+01
   2.7016840e+06   3.0944824e+01
   2.7017280e+06   1.8676758e+01
   2.7017420e+06   1.5136719e+01
   2.7017770e+06   3.5827637e+01
   2.7017940e+06   1.7944336e+01
   2.7018680e+06   3.2714844e+01
   2.7019230e+06   1.6540527e+01
   2.7019470e+06   1.8310547e+01
   2.7019760e+06   2.5756836e+01
   2.7019990e+06   1.5625000e+01
   2.7020190e+06   1.5808105e+01
   2.7020750e+06   1.7211914e+01
   2.7021030e+06   1.6296387e+01
   2.7021330e+06   2.2827148e+01
   2.7021820e+06   2.1667480e+01
   2.7022620e+06   2.1667480e+01
   2.7022900e+06   1.7761230e+01
   2.7023810e+06   2.0202637e+01
   2.7024660e+06   1.9714355e+01
   2.7025010e+06   2.1301270e+01
   2.7026690e+06   2.2338867e+01
   2.7027680e+06   1.8554688e+01
   2.7028920e+06   1.5563965e+01
   2.7032130e+06   2.1972656e+01
   2.7034270e+06   1.7883301e+01
   2.7036770e+06   2.3010254e+01
   2.7040510e+06   1.9042969e+01
   2.7044390e+06   2.1240234e+01
   2.7049490e+06   2.0935059e+01
   2.7202280e+06   1.5808105e+01
   2.8066860e+06   1.5075684e+01
   2.8069070e+06   2.0141602e+01
   2.8069690e+06   1.8432617e+01
   2.8069870e+06   1.4526367e+01
   2.8070130e+06   1.9714355e+01
   2.8070380e+06   1.6235352e+01
   2.8070640e+06   1.6662598e+01
   2.8070850e+06   1.8676758e+01
   2.8071130e+06   2.5329590e+01
   2.8071240e+06   1.8127441e+01
   2.8071810e+06   3.4790039e+01
   2.8072070e+06   1.7700195e+01
   2.8072460e+06   2.1484375e+01
   2.8072650e+06   1.6601562e+01
   2.8073500e+06   3.1860352e+01
   2.8073730e+06   2.0385742e+01
   2.8074910e+06   2.0141602e+01
   2.8075460e+06   2.0812988e+01
   2.8076430e+06   1.8310547e+01
   2.8077620e+06   1.9836426e+01
   2.8081040e+06   2.1118164e+01
   2.8085150e+06   2.2949219e+01
   2.8180730e+06   1.6418457e+01
   2.8508620e+06   1.5319824e+01
   2.8509660e+06   1.6235352e+01
   2.8514160e+06   2.2460938e+01
   2.8515210e+06   1.8066406e+01
   2.8518350e+06   1.4648438e+01
   2.8522620e+06   2.8564453e+01
   2.8669690e+06   1.4892578e+01
   2.8799360e+06   1.5197754e+01
   2.9022480e+06   1.5747070e+01
   2.9294790e+06   1.6540527e+01
   2.9577100e+06   1.5197754e+01
   2.9725760e+06   1.4465332e+01
   3.0276440e+06   1.5563965e+01
   3.0327280e+06   1.5502930e+01
   3.0417400e+06   1.4953613e+01
   3.0555950e+06   1.4770508e+01
   3.0786850e+06   1.4099121e+01
   3.0852650e+06   1.5869141e+01
   3.0853570e+06   2.0141602e+01
   3.0853710e+06   1.4343262e+01
   3.0853930e+06   2.2521973e+01
   3.0854210e+06   2.7343750e+01
   3.0854440e+06   4.8645020e+01
   3.0854630e+06   2.9296875e+01
   3.0854740e+06   2.9357910e+01
   3.0855140e+06   2.1911621e+01
   3.0855420e+06   2.6123047e+01
   3.0855620e+06   1.6296387e+01
   3.0855830e+06   2.3498535e+01
   3.0855950e+06   4.0832520e+01
   3.0856400e+06   2.8808594e+01
   3.0856700e+06   2.1545410e+01
   3.0856940e+06   1.9653320e+01
   3.0857320e+06   2.2338867e+01
   3.0857510e+06   2.4658203e+01
   3.0857700e+06   1.6601562e+01
   3.0857830e+06   2.0080566e+01
   3.0858180e+06   1.8127441e+01
   3.0858530e+06   2.3559570e+01
   3.0859150e+06   1.8615723e+01
   3.0859610e+06   2.8320312e+01
   3.0859880e+06   2.1240234e+01
   3.0860350e+06   1.7639160e+01
   3.0860750e+06   1.4160156e+01
   3.0861080e+06   3.0578613e+01
   3.0861650e+06   1.5380859e+01
   3.0862450e+06   1.9592285e+01
   3.0863020e+06   2.4230957e+01
   3.0863330e+06   1.5625000e+01
   3.0864110e+06   1.6113281e+01
   3.0864430e+06   2.2399902e+01
   3.0865270e+06   1.7395020e+01
   3.0865490e+06   1.6723633e+01
   3.0866140e+06   1.9104004e+01
   3.0866440e+06   1.5319824e+01
   3.0866820e+06   1.5197754e+01
   3.0871910e+06   2.0324707e+01
   3.0873680e+06   2.3620605e+01
   3.0875980e+06   1.7517090e+01
   3.0877870e+06   1.8310547e+01
   3.0880690e+06   1.9775391e+01
   3.0883570e+06   2.0324707e+01
   3.0885700e+06   1.8859863e+01
   3.0889060e+06   1.7761230e+01
   3.0893950e+06   1.7761230e+01
   3.0896150e+06   1.9409180e+01
   3.0898500e+06   1.6662598e+01
   3.0900690e+06   1.6906738e+01
   3.0903510e+06   1.8676758e+01
   3.0907460e+06   2.2033691e+01
   3.0910370e+06   1.6967773e+01
   3.0912850e+06   1.8554688e+01
   3.0916050e+06   2.4475098e+01
   3.0919690e+06   1.4343262e+01
   3.0922050e+06   1.8371582e+01
   3.0925550e+06   1.6845703e+01
   3.0928860e+06   1.8066406e+01
   3.0932660e+06   1.8371582e+01
   3.0937160e+06   1.6479492e+01
   3.0942290e+06   1.7944336e+01
   3.0946820e+06   1.8310547e+01
   3.0954730e+06   2.2338867e+01
   3.0958130e+06   2.0446777e+01
   3.0996420e+06   2.1240234e+01
   3.1011660e+06   1.5869141e+01
   3.1013160e+06   1.6235352e+01
   3.1021930e+06   1.8493652e+01
   3.1022270e+06   1.4038086e+01
   3.1022580e+06   1.7333984e+01
   3.1023630e+06   1.6967773e+01
   3.1023910e+06   2.3803711e+01
   3.1024410e+06   2.1179199e+01
   3.1024610e+06   1.5808105e+01
   3.1024850e+06   1.4953613e+01
   3.1025190e+06   1.7761230e+01
   3.1025480e+06   2.7648926e+01
   3.1025730e+06   2.7587891e+01
   3.1026050e+06   2.5634766e+01
   3.1026250e+06   2.0385742e+01
   3.1026570e+06   2.2216797e+01
   3.1026860e+06   1.7883301e+01
   3.1026970e+06   1.6662598e+01
   3.1027160e+06   1.7333984e+01
   3.1027430e+06   1.7944336e+01
   3.1027720e+06   1.6601563e+01
   3.1028220e+06   1.9958496e+01
   3.1028330e+06   1.6845703e+01
   3.1028640e+06   2.0324707e+01
   3.1028940e+06   1.8737793e+01
   3.1029340e+06   1.7700195e+01
   3.1029760e+06   1.4831543e+01
   3.1030050e+06   2.4536133e+01
   3.1030440e+06   1.5319824e+01
   3.1030670e+06   1.7639160e+01
   3.1031170e+06   1.5197754e+01
   3.1031560e+06   2.8259277e+01
   3.1031740e+06   1.8188477e+01
   3.1032030e+06   1.9470215e+01
   3.1032330e+06   1.5136719e+01
   3.1032530e+06   1.6967773e+01
   3.1032860e+06   1.4709473e+01
   3.1033550e+06   1.5197754e+01
   3.1033830e+06   2.7648926e+01
   3.1034160e+06   1.4282227e+01
   3.1034510e+06   1.9958496e+01
   3.1035560e+06   1.7700195e+01
   3.1035750e+06   1.4160156e+01
   3.1037610e+06   2.6428223e+01
   3.1039630e+06   1.6235352e+01
   3.1039930e+06   1.7333984e+01
   3.1040830e+06   2.0202637e+01
   3.1044810e+06   1.8615723e+01
   3.1048700e+06   1.6296387e+01
   3.1054100e+06   2.0874023e+01
   3.1109720e+06   1.4648438e+01
   3.1127640e+06   1.4709473e+01
   3.1205000e+06   1.5686035e+01
   3.1945140e+06   1.4221191e+01
   3.3092560e+06   1.4221191e+01
   3.3302550e+06   1.5075684e+01
   3.3748470e+06   1.4465332e+01
   3.3997800e+06   2.5695801e+01
   3.4009580e+06   1.6845703e+01
   3.4375730e+06   1.8554688e+01
   3.4376560e+06   1.7028809e+01
   3.4382860e+06   1.5930176e+01
   3.4387770e+06   2.2827148e+01
   3.4387940e+06   3.5705566e+01
   3.4388090e+06   1.4465332e+01
   3.4388600e+06   1.4038086e+01
   3.4388710e+06   1.8920898e+01
   3.4389000e+06   2.5268555e+01
   3.4389150e+06   2.0385742e+01
   3.4389420e+06   2.6977539e+01
   3.4389530e+06   2.5695801e+01
   3.4389700e+06   1.4831543e+01
   3.4389980e+06   2.3437500e+01
   3.4390220e+06   1.6662598e+01
   3.4390330e+06   1.6479492e+01
   3.4390700e+06   2.6245117e+01
   3.4390880e+06   2.7832031e+01
   3.4391090e+06   2.4536133e+01
   3.4391350e+06   1.7639160e+01
   3.4391610e+06   1.9165039e+01
   3.4391890e+06   1.4892578e+01
   3.4392260e+06   1.7150879e+01
   3.4392520e+06   2.5634766e+01
   3.4392630e+06   2.8076172e+01
   3.4393850e+06   2.1850586e+01
   3.4395530e+06   1.7089844e+01
   3.4397420e+06   1.9409180e+01
   3.4399520e+06   2.3498535e+01
   3.4401810e+06   2.0507813e+01
   3.4404360e+06   2.2155762e+01
   3.4407120e+06   1.8798828e+01
   3.4410030e+06   1.9165039e+01
   3.4421050e+06   2.4475098e+01
   3.4563580e+06   1.5869141e+01
   3.4763580e+06   1.4526367e+01
   3.4862420e+06   1.4160156e+01
   3.4863150e+06   2.3437500e+01
   3.4864380e+06   2.7954102e+01
   3.4865280e+06   1.5197754e+01
   3.4865430e+06   1.8920898e+01
   3.4865960e+06   1.7211914e+01
   3.4866440e+06   1.7028809e+01
   3.4867220e+06   1.4526367e+01
   3.4867550e+06   2.0446777e+01
   3.4867710e+06   1.6235352e+01
   3.4868230e+06   1.9836426e+01
   3.4868430e+06   1.5930176e+01
   3.4868670e+06   1.4404297e+01
   3.4869390e+06   1.7639160e+01
   3.4869640e+06   1.5930176e+01
   3.4870280e+06   1.7089844e+01
   3.4870770e+06   1.8310547e+01
   3.4873530e+06   1.9531250e+01
   3.4876720e+06   1.7211914e+01
   3.4879960e+06   2.0202637e+01
   3.4884210e+06   2.4169922e+01
   3.5130820e+06   1.5625000e+01
   3.5249730e+06   1.4892578e+01
   3.5428810e+06   1.5930176e+01
   3.5430940e+06   1.5930176e+01
   3.5432580e+06   2.4719238e+01
   3.5434970e+06   1.6357422e+01
   3.5437330e+06   1.9592285e+01
   3.5438510e+06   1.9775391e+01
   3.5439090e+06   3.0273438e+01
   3.5439550e+06   2.5512695e+01
   3.5439680e+06   2.0385742e+01
   3.5440130e+06   1.4953613e+01
   3.5440960e+06   2.7282715e+01
   3.5441220e+06   2.5207520e+01
   3.5441520e+06   1.6113281e+01
   3.5441920e+06   1.4282227e+01
   3.5442170e+06   1.5686035e+01
   3.5443200e+06   2.2399902e+01
   3.5443790e+06   1.4465332e+01
   3.5444540e+06   1.4282227e+01
   3.5446030e+06   2.3986816e+01
   3.5449270e+06   1.8554688e+01
   3.6128120e+06   1.6418457e+01
   3.6507500e+06   1.6235352e+01
   3.6848180e+06   1.7333984e+01
   3.6917400e+06   1.4282227e+01
   3.7006870e+06   1.9287109e+01
   3.7007460e+06   1.6174316e+01
   3.7007700e+06   2.2094727e+01
   3.7007960e+06   1.7272949e+01
   3.7008260e+06   2.3315430e+01
   3.7008730e+06   1.7150879e+01
   3.7009040e+06   1.6662598e+01
   3.7009360e+06   2.1728516e+01
   3.7009620e+06   1.4282227e+01
   3.7009990e+06   1.7211914e+01
   3.7010260e+06   1.8554688e+01
   3.7010510e+06   1.4770508e+01
   3.7010670e+06   1.5991211e+01
   3.7010960e+06   1.4526367e+01
   3.7011140e+06   1.9714355e+01
   3.7011410e+06   1.4709473e+01
   3.7011550e+06   1.5075684e+01
   3.7012050e+06   1.8432617e+01
   3.7013020e+06   2.1667480e+01
   3.7014930e+06   2.0019531e+01
   3.7017070e+06   2.3193359e+01
   3.7019520e+06   1.9714355e+01
   3.7022290e+06   2.1301270e+01
   3.7026520e+06   1.8615723e+01
   3.7118040e+06   1.4465332e+01
   3.7590020e+06   1.6235352e+01
   3.7779940e+06   1.6540527e+01
   3.8596870e+06   1.4892578e+01
   3.8598110e+06   1.8249512e+01
   3.8600310e+06   1.4526367e+01
   3.8607740e+06   2.7282715e+01
   3.8607970e+06   1.4892578e+01
   3.8608730e+06   1.9897461e+01
   3.8608950e+06   1.7150879e+01
   3.8609470e+06   1.9531250e+01
   3.8609820e+06   2.3925781e+01
   3.8610100e+06   1.9897461e+01
   3.8610690e+06   1.8798828e+01
   3.8610840e+06   2.0141602e+01
   3.8611020e+06   1.6723633e+01
   3.8611530e+06   1.6357422e+01
   3.8611760e+06   1.9531250e+01
   3.8611860e+06   1.4648438e+01
   3.8611970e+06   1.6845703e+01
   3.8612380e+06   1.4587402e+01
   3.8612720e+06   1.8188477e+01
   3.8613030e+06   1.4221191e+01
   3.8613330e+06   1.6967773e+01
   3.8614350e+06   2.3437500e+01
   3.8614450e+06   1.6967773e+01
   3.8616400e+06   2.0019531e+01
   3.8618960e+06   1.8737793e+01
   3.8622510e+06   1.9470215e+01
   3.8632830e+06   2.4353027e+01
   3.8655970e+06   2.7038574e+01
   3.8699130e+06   1.4404297e+01
   3.8754350e+06   1.6479492e+01
   3.8830170e+06   1.4953613e+01
   3.9422720e+06   1.5136719e+01
   3.9933090e+06   1.4404297e+01
   4.0250650e+06   1.5625000e+01
   4.0446520e+06   1.5441895e+01
   4.0759630e+06   1.8432617e+01
   4.0854100e+06   1.5502930e+01
   4.1036800e+06   1.5869141e+01
   4.1463900e+06   1.8127441e+01
   4.1464080e+06   1.5075684e+01
   4.1465930e+06   1.4099121e+01
   4.1466700e+06   1.4465332e+01
   4.1466900e+06   1.7272949e+01
   4.1467300e+06   1.5502930e+01
   4.1467520e+06   1.9592285e+01
   4.1467860e+06   2.8991699e+01
   4.1468150e+06   3.5705566e+01
   4.1468470e+06   2.1972656e+01
   4.1468600e+06   2.1545410e+01
   4.1468870e+06   3.0700684e+01
   4.1469080e+06   3.5766602e+01
   4.1469290e+06   2.5512695e+01
   4.1469420e+06   1.6174316e+01
   4.1469610e+06   2.8564453e+01
   4.1469760e+06   2.3742676e+01
   4.1469920e+06   3.0517578e+01
   4.1470120e+06   3.1921387e+01
   4.1470250e+06   2.4719238e+01
   4.1470450e+06   1.7456055e+01
   4.1470600e+06   1.8859863e+01
   4.1470760e+06   2.4658203e+01
   4.1471010e+06   2.0446777e+01
   4.1471210e+06   1.5319824e+01
   4.1471350e+06   2.3864746e+01
   4.1471530e+06   1.5502930e+01
   4.1471700e+06   3.2897949e+01
   4.1471940e+06   1.7639160e+01
   4.1472670e+06   1.7333984e+01
   4.1473080e+06   1.9653320e+01
   4.1473300e+06   3.1738281e+01
   4.1474000e+06   3.1188965e+01
   4.1474740e+06   1.5075684e+01
   4.1474990e+06   3.2287598e+01
   4.1475840e+06   1.6540527e+01
   4.1476220e+06   1.7822266e+01
   4.1476590e+06   1.4465332e+01
   4.1476930e+06   1.4343262e+01
   4.1477960e+06   1.6174316e+01
   4.1478760e+06   1.4038086e+01
   4.1479140e+06   1.7028809e+01
   4.1479920e+06   1.4221191e+01
   4.1481080e+06   1.4160156e+01
   4.1481760e+06   1.6723633e+01
   4.1482910e+06   1.7944336e+01
   4.1484750e+06   1.9042969e+01
   4.1485090e+06   1.4343262e+01
   4.1486660e+06   2.2155762e+01
   4.1488520e+06   2.1423340e+01
   4.1490360e+06   1.6906738e+01
   4.1495220e+06   1.9836426e+01
   4.1497750e+06   2.3925781e+01
   4.1499350e+06   1.7211914e+01
   4.1501270e+06   1.7517090e+01
   4.1503590e+06   1.7395020e+01
   4.1505830e+06   1.6906738e+01
   4.1508150e+06   2.1850586e+01
   4.1510280e+06   2.2094727e+01
   4.1512900e+06   1.9226074e+01
   4.1515510e+06   2.1667480e+01
   4.1518120e+06   1.7517090e+01
   4.1522390e+06   1.8554688e+01
   4.1526050e+06   1.7761230e+01
   4.1528730e+06   1.8676758e+01
   4.1531900e+06   1.7272949e+01
   4.1534780e+06   2.0324707e+01
   4.1538130e+06   1.8432617e+01
   4.1541260e+06   1.6357422e+01
   4.1556530e+06   1.6906738e+01
   4.1559810e+06   1.7150879e+01
   4.1571760e+06   2.0019531e+01
   4.1618530e+06   1.6052246e+01
   4.1621660e+06   1.5869141e+01
   4.1633820e+06   1.6418457e+01
   4.1634030e+06   1.4099121e+01
   4.1634380e+06   1.8493652e+01
   4.1634810e+06   2.6000977e+01
   4.1634930e+06   3.1311035e+01
   4.1635240e+06   2.7465820e+01
   4.1635450e+06   1.9348145e+01
   4.1635550e+06   2.1179199e+01
   4.1635830e+06   3.0273438e+01
   4.1636040e+06   2.3498535e+01
   4.1636310e+06   2.5329590e+01
   4.1636500e+06   1.4648438e+01
   4.1636610e+06   3.6437988e+01
   4.1636880e+06   2.0385742e+01
   4.1637020e+06   1.5319824e+01
   4.1637220e+06   2.4719238e+01
   4.1637440e+06   1.9653320e+01
   4.1637550e+06   1.9714355e+01
   4.1637730e+06   1.4282227e+01
   4.1638110e+06   1.7150879e+01
   4.1638240e+06   1.9409180e+01
   4.1638460e+06   1.8554688e+01
   4.1638580e+06   1.6113281e+01
   4.1638870e+06   1.6357422e+01
   4.1639030e+06   3.4973145e+01
   4.1639640e+06   1.5930176e+01
   4.1639970e+06   2.0507812e+01
   4.1640150e+06   1.4099121e+01
   4.1640330e+06   2.0629883e+01
   4.1640760e+06   1.9165039e+01
   4.1640960e+06   1.5991211e+01
   4.1641140e+06   1.4404297e+01
   4.1641500e+06   1.7333984e+01
   4.1641760e+06   2.0019531e+01
   4.1642000e+06   1.4099121e+01
   4.1642440e+06   1.7333984e+01
   4.1643690e+06   2.1423340e+01
   4.1644070e+06   1.6845703e+01
   4.1644590e+06   1.6784668e+01
   4.1645920e+06   1.8005371e+01
   4.1647320e+06   1.4465332e+01
   4.1648350e+06   2.0141602e+01
   4.1650870e+06   2.1850586e+01
   4.1653950e+06   1.6906738e+01
   4.1658730e+06   1.7822266e+01
   4.1661780e+06   2.0202637e+01
   4.1664590e+06   1.6601562e+01
   4.1667050e+06   1.9104004e+01
   4.1669940e+06   1.8249512e+01
   4.1673850e+06   1.7089844e+01
   4.1677080e+06   1.7639160e+01
   4.1680620e+06   1.9042969e+01
   4.1687630e+06   1.8310547e+01
   4.1691410e+06   1.8554688e+01
   4.1695180e+06   1.9775391e+01
   4.1720240e+06   1.7333984e+01
   4.1825670e+06   1.8493652e+01
   4.1847290e+06   1.7028809e+01
   4.1880120e+06   1.4343262e+01
   4.1964090e+06   1.4099121e+01
   4.2791920e+06   2.1728516e+01
   4.2792500e+06   2.2949219e+01
   4.2793050e+06   1.5747070e+01
   4.2795350e+06   1.7883301e+01
   4.2795480e+06   1.4648438e+01
   4.2795670e+06   1.5075684e+01
   4.2795870e+06   1.9714355e+01
   4.2796030e+06   3.4667969e+01
   4.2796240e+06   1.7456055e+01
   4.2796440e+06   3.0151367e+01
   4.2796700e+06   3.1677246e+01
   4.2796810e+06   2.1545410e+01
   4.2797050e+06   1.4343262e+01
   4.2797160e+06   1.7578125e+01
   4.2797370e+06   4.0039062e+01
   4.2797480e+06   4.6936035e+01
   4.2797690e+06   1.8310547e+01
   4.2797860e+06   1.4709473e+01
   4.2798210e+06   1.9714355e+01
   4.2798370e+06   2.8076172e+01
   4.2798610e+06   2.1484375e+01
   4.2798770e+06   1.5991211e+01
   4.2798970e+06   1.4892578e+01
   4.2799220e+06   3.0761719e+01
   4.2799530e+06   1.8188477e+01
   4.2799790e+06   1.9592285e+01
   4.2800020e+06   1.4404297e+01
   4.2800350e+06   2.2644043e+01
   4.2800630e+06   1.4099121e+01
   4.2800740e+06   1.8737793e+01
   4.2801140e+06   1.5747070e+01
   4.2801720e+06   2.6611328e+01
   4.2802220e+06   1.4038086e+01
   4.2802600e+06   1.8859863e+01
   4.2803040e+06   2.6733398e+01
   4.2803500e+06   1.4831543e+01
   4.2804030e+06   1.4221191e+01
   4.2804230e+06   3.3142090e+01
   4.2804860e+06   1.6784668e+01
   4.2805210e+06   1.5441895e+01
   4.2805690e+06   2.0263672e+01
   4.2807260e+06   2.0080566e+01
   4.2809820e+06   1.8005371e+01
   4.2811590e+06   1.6479492e+01
   4.2813100e+06   1.5747070e+01
   4.2814540e+06   1.6235352e+01
   4.2817560e+06   2.0812988e+01
   4.2819460e+06   1.8859863e+01
   4.2821570e+06   1.6662598e+01
   4.2823680e+06   1.6540527e+01
   4.2826160e+06   1.8981934e+01
   4.2828020e+06   2.4780273e+01
   4.2830880e+06   2.0629883e+01
   4.2833070e+06   1.8859863e+01
   4.2835480e+06   2.0080566e+01
   4.2837920e+06   1.9592285e+01
   4.2840520e+06   1.9714355e+01
   4.2842990e+06   1.8859863e+01
   4.2849100e+06   1.9287109e+01
   4.2851770e+06   1.8920898e+01
   4.2855340e+06   1.8920898e+01
   4.2858170e+06   1.6296387e+01
   4.2870530e+06   1.5991211e+01
   4.2873860e+06   1.8005371e+01
   4.2877250e+06   2.0446777e+01
   4.2881670e+06   1.7822266e+01
   4.2887150e+06   1.7517090e+01
   4.2891770e+06   1.4404297e+01
   4.2909830e+06   1.9104004e+01
   4.3079630e+06   1.7761230e+01
   4.3098840e+06   1.5319824e+01
   4.3149150e+06   1.4038086e+01
   4.4578590e+06   1.4160156e+01
   4.4578810e+06   2.1911621e+01
   4.4581770e+06   1.4221191e+01
   4.4582310e+06   1.8554688e+01
   4.4582590e+06   2.9235840e+01
   4.4582790e+06   2.3986816e+01
   4.4583250e+06   1.5808105e+01
   4.4583440e+06   2.4841309e+01
   4.4583640e+06   1.9104004e+01
   4.4583830e+06   2.1789551e+01
   4.4583960e+06   2.6489258e+01
   4.4584180e+06   2.4780273e+01
   4.4584360e+06   1.9775391e+01
   4.4584490e+06   1.9042969e+01
   4.4584600e+06   1.7089844e+01
   4.4584870e+06   1.4038086e+01
   4.4585050e+06   1.7761230e+01
   4.4585270e+06   2.4230957e+01
   4.4585400e+06   1.4892578e+01
   4.4585650e+06   1.7944336e+01
   4.4585770e+06   2.5024414e+01
   4.4585960e+06   2.8625488e+01
   4.4586360e+06   3.5522461e+01
   4.4586600e+06   1.4770508e+01
   4.4586740e+06   2.0812988e+01
   4.4586870e+06   2.3071289e+01
   4.4587050e+06   2.0935059e+01
   4.4587490e+06   1.5380859e+01
   4.4587630e+06   2.6062012e+01
   4.4588320e+06   1.7639160e+01
   4.4588510e+06   1.6540527e+01
   4.4589250e+06   1.4343262e+01
   4.4589370e+06   2.7832031e+01
   4.4590120e+06   2.3010254e+01
   4.4590900e+06   1.4587402e+01
   4.4591770e+06   2.5024414e+01
   4.4592720e+06   1.6418457e+01
   4.4593450e+06   2.1667480e+01
   4.4594030e+06   1.5136719e+01
   4.4595460e+06   1.5747070e+01
   4.4595810e+06   2.1484375e+01
   4.4596490e+06   1.4587402e+01
   4.4597450e+06   1.5441895e+01
   4.4598340e+06   1.6784668e+01
   4.4600690e+06   1.6296387e+01
   4.4601490e+06   1.5991211e+01
   4.4602770e+06   1.8432617e+01
   4.4604910e+06   1.7517090e+01
   4.4607090e+06   1.8188477e+01
   4.4609410e+06   1.9165039e+01
   4.4611350e+06   1.8920898e+01
   4.4613680e+06   2.0507812e+01
   4.4616310e+06   1.8554688e+01
   4.4618700e+06   1.9226074e+01
   4.4623890e+06   1.9042969e+01
   4.4626630e+06   1.7272949e+01
   4.4638850e+06   1.4038086e+01
   4.4641500e+06   1.8310547e+01
   4.4645230e+06   1.8554688e+01
   4.4648500e+06   1.5319824e+01
   4.4663990e+06   1.9958496e+01
   4.4678740e+06   1.9287109e+01
   4.4820710e+06   1.4038086e+01
   4.4888120e+06   1.4404297e+01
   4.4898850e+06   1.4648438e+01
   4.5039890e+06   1.5869141e+01
   4.5192270e+06   1.4709473e+01
   4.6211690e+06   1.6418457e+01
   4.6215980e+06   1.9165039e+01
   4.6216870e+06   2.5573730e+01
   4.6217910e+06   1.6845703e+01
   4.6218020e+06   2.5939941e+01
   4.6218570e+06   1.9775391e+01
   4.6218840e+06   2.8076172e+01
   4.6219010e+06   1.6357422e+01
   4.6219200e+06   3.5888672e+01
   4.6219700e+06   2.6489258e+01
   4.6219870e+06   1.6662598e+01
   4.6220040e+06   1.4282227e+01
   4.6220280e+06   2.5146484e+01
   4.6220420e+06   3.0029297e+01
   4.6220650e+06   2.4597168e+01
   4.6221130e+06   2.1118164e+01
   4.6221240e+06   1.7456055e+01
   4.6221400e+06   2.2644043e+01
   4.6221690e+06   3.1066895e+01
   4.6221900e+06   1.5686035e+01
   4.6222280e+06   1.9897461e+01
   4.6222570e+06   2.6916504e+01
   4.6222840e+06   2.4475098e+01
   4.6223010e+06   1.4343262e+01
   4.6223250e+06   1.5197754e+01
   4.6223710e+06   2.4169922e+01
   4.6224110e+06   1.5380859e+01
   4.6224780e+06   1.5808105e+01
   4.6225230e+06   2.0629883e+01
   4.6226630e+06   1.8310547e+01
   4.6226960e+06   2.0080566e+01
   4.6228620e+06   3.4667969e+01
   4.6229390e+06   1.5258789e+01
   4.6230590e+06   2.5756836e+01
   4.6231530e+06   1.5136719e+01
   4.6232440e+06   2.4841309e+01
   4.6234010e+06   1.8249512e+01
   4.6236250e+06   2.0080566e+01
   4.6237840e+06   1.9653320e+01
   4.6239610e+06   1.7150879e+01
   4.6241700e+06   1.8981934e+01
   4.6243670e+06   1.6601562e+01
   4.6246020e+06   2.0019531e+01
   4.6248690e+06   1.9714355e+01
   4.6250880e+06   2.0141602e+01
   4.6253460e+06   1.9348145e+01
   4.6256600e+06   2.1118164e+01
   4.6259810e+06   2.1118164e+01
   4.6262360e+06   1.6723633e+01
   4.6265310e+06   1.6784668e+01
   4.6269310e+06   2.0324707e+01
   4.6272300e+06   1.5197754e+01
   4.6279470e+06   1.9897461e+01
   4.6284830e+06   1.8310547e+01
   4.6289930e+06   2.0324707e+01
   4.6408750e+06   1.4343262e+01
   4.6452210e+06   1.6357422e+01
   4.6465230e+06   1.6723633e+01
   4.6526530e+06   1.4953613e+01
   4.7949390e+06   1.4770508e+01
   4.8349660e+06   1.4587402e+01
   4.8433500e+06   1.9042969e+01
   4.8772520e+06   2.1484375e+01
   4.8772770e+06   1.5747070e+01
   4.8772900e+06   3.0700684e+01
   4.8773230e+06   2.8259277e+01
   4.8773330e+06   1.5014648e+01
   4.8773550e+06   2.2094727e+01
   4.8773750e+06   3.4545898e+01
   4.8773940e+06   2.0812988e+01
   4.8774130e+06   2.5268555e+01
   4.8774240e+06   1.6967773e+01
   4.8774450e+06   2.5634766e+01
   4.8774680e+06   2.6245117e+01
   4.8774810e+06   2.1667480e+01
   4.8774990e+06   2.2460937e+01
   4.8775130e+06   2.4108887e+01
   4.8775270e+06   1.4526367e+01
   4.8775500e+06   3.7902832e+01
   4.8775600e+06   2.6794434e+01
   4.8775700e+06   1.4404297e+01
   4.8776060e+06   3.1250000e+01
   4.8776280e+06   1.5930176e+01
   4.8776400e+06   3.3630371e+01
   4.8776580e+06   1.4953613e+01
   4.8776730e+06   1.9958496e+01
   4.8777110e+06   2.9418945e+01
   4.8777340e+06   1.6235352e+01
   4.8777450e+06   1.8188477e+01
   4.8777610e+06   1.5930176e+01
   4.8777800e+06   1.5380859e+01
   4.8777930e+06   2.3498535e+01
   4.8778400e+06   1.8798828e+01
   4.8778690e+06   1.5930176e+01
   4.8778870e+06   2.9724121e+01
   4.8779240e+06   1.7395020e+01
   4.8779810e+06   2.7404785e+01
   4.8780040e+06   2.3864746e+01
   4.8780710e+06   1.7761230e+01
   4.8781480e+06   2.3193359e+01
   4.8781820e+06   1.8249512e+01
   4.8782060e+06   1.4892578e+01
   4.8782580e+06   1.8554688e+01
   4.8783040e+06   1.7272949e+01
   4.8783450e+06   2.0996094e+01
   4.8784170e+06   1.5014648e+01
   4.8785390e+06   1.9409180e+01
   4.8785530e+06   1.4221191e+01
   4.8786660e+06   2.2094727e+01
   4.8788250e+06   2.0996094e+01
   4.8790210e+06   2.1484375e+01
   4.8791960e+06   1.9592285e+01
   4.8793570e+06   1.6540527e+01
   4.8795730e+06   1.5808105e+01
   4.8797900e+06   1.7211914e+01
   4.8800090e+06   1.8249512e+01
   4.8802770e+06   2.2888184e+01
   4.8805170e+06   1.8981934e+01
   4.8807350e+06   1.8127441e+01
   4.8810620e+06   2.1362305e+01
   4.8813370e+06   1.7700195e+01
   4.8818710e+06   1.6174316e+01
   4.8822020e+06   1.9348145e+01
   4.8825540e+06   1.9348145e+01
   4.8835820e+06   1.7333984e+01
   4.8930550e+06   1.4648438e+01
   4.8946140e+06   1.4831543e+01
   4.8973940e+06   1.6662598e+01
   4.8988070e+06   1.4587402e+01
   4.9044490e+06   1.4038086e+01
   4.9079530e+06   1.7028809e+01
   4.9180620e+06   1.4953613e+01
   4.9739480e+06   2.0751953e+01
   5.0532170e+06   1.4404297e+01
   5.0649580e+06   1.5563965e+01
   5.1232460e+06   1.4282227e+01
   5.1410750e+06   1.5991211e+01
   5.1411490e+06   1.4099121e+01
   5.1411590e+06   1.8981934e+01
   5.1412510e+06   2.9724121e+01
   5.1412770e+06   2.0507813e+01
   5.1412960e+06   1.8981934e+01
   5.1413190e+06   2.0080566e+01
   5.1413340e+06   2.0812988e+01
   5.1413670e+06   2.9968262e+01
   5.1414000e+06   4.7607422e+01
   5.1414220e+06   2.4047852e+01
   5.1414560e+06   1.7333984e+01
   5.1414690e+06   3.3081055e+01
   5.1414930e+06   2.7526855e+01
   5.1415190e+06   2.9785156e+01
   5.1415380e+06   1.7272949e+01
   5.1415500e+06   1.7639160e+01
   5.1415630e+06   2.1423340e+01
   5.1415820e+06   2.1850586e+01
   5.1416150e+06   2.5390625e+01
   5.1416410e+06   2.6489258e+01
   5.1416720e+06   2.7526855e+01
   5.1416960e+06   2.4230957e+01
   5.1417190e+06   1.4770508e+01
   5.1417430e+06   1.7761230e+01
   5.1418020e+06   2.1606445e+01
   5.1418450e+06   2.1118164e+01
   5.1418980e+06   2.2338867e+01
   5.1419560e+06   1.8676758e+01
   5.1419700e+06   1.9592285e+01
   5.1419860e+06   1.6052246e+01
   5.1420760e+06   2.7954102e+01
   5.1420930e+06   1.7272949e+01
   5.1421210e+06   1.9287109e+01
   5.1421630e+06   2.3254395e+01
   5.1421940e+06   1.7272949e+01
   5.1422770e+06   1.9653320e+01
   5.1423240e+06   2.5085449e+01
   5.1423780e+06   2.0568848e+01
   5.1424220e+06   1.4770508e+01
   5.1425140e+06   2.0568848e+01
   5.1427020e+06   2.3193359e+01
   5.1429510e+06   2.1850586e+01
   5.1431690e+06   2.0263672e+01
   5.1433640e+06   1.9409180e+01
   5.1435380e+06   2.1911621e+01
   5.1437730e+06   1.7944336e+01
   5.1439620e+06   2.0935059e+01
   5.1442570e+06   2.3986816e+01
   5.1444780e+06   1.7944336e+01
   5.1447430e+06   1.9287109e+01
   5.1449490e+06   1.8676758e+01
   5.1451950e+06   2.4169922e+01
   5.1454330e+06   1.8005371e+01
   5.1457320e+06   2.2277832e+01
   5.1460680e+06   1.6662598e+01
   5.1463320e+06   1.9104004e+01
   5.1466440e+06   1.8005371e+01
   5.1469370e+06   1.6479492e+01
   5.1477780e+06   2.0874023e+01
   5.1566680e+06   1.5136719e+01
   5.1603600e+06   1.4526367e+01
   5.1604710e+06   1.6601562e+01
   5.1605410e+06   1.5502930e+01
   5.1605750e+06   1.4404297e+01
   5.1606090e+06   1.7578125e+01
   5.1606540e+06   1.6052246e+01
   5.1606760e+06   1.5930176e+01
   5.1607010e+06   1.6906738e+01
   5.1607520e+06   2.2766113e+01
   5.1607700e+06   1.6418457e+01
   5.1608040e+06   1.8737793e+01
   5.1608210e+06   1.7395020e+01
   5.1608490e+06   2.3254395e+01
   5.1608990e+06   1.6052246e+01
   5.1609110e+06   1.4587402e+01
   5.1609550e+06   1.7639160e+01
   5.1609730e+06   2.6794434e+01
   5.1609880e+06   1.7089844e+01
   5.1609990e+06   2.0141602e+01
   5.1610920e+06   1.4282227e+01
   5.1611160e+06   2.2094727e+01
   5.1611470e+06   1.4526367e+01
   5.1611570e+06   1.8432617e+01
   5.1611870e+06   1.5441895e+01
   5.1612280e+06   2.1240234e+01
   5.1612540e+06   1.6784668e+01
   5.1613030e+06   1.4648438e+01
   5.1613130e+06   2.0080566e+01
   5.1613480e+06   1.9714355e+01
   5.1613950e+06   1.5014648e+01
   5.1614150e+06   1.5136719e+01
   5.1614480e+06   1.7211914e+01
   5.1614670e+06   1.5563965e+01
   5.1614810e+06   1.8127441e+01
   5.1615800e+06   2.4291992e+01
   5.1616800e+06   1.5563965e+01
   5.1617050e+06   1.5869141e+01
   5.1618010e+06   1.7578125e+01
   5.1618920e+06   1.4099121e+01
   5.1619100e+06   1.6235352e+01
   5.1620920e+06   1.4343262e+01
   5.1621030e+06   1.7028809e+01
   5.1624910e+06   1.5441895e+01
   5.1629910e+06   1.8493652e+01
   5.1635170e+06   1.4709473e+01
   5.2734040e+06   1.6540527e+01
   5.3653820e+06   1.4038086e+01
   5.3654250e+06   2.0629883e+01
   5.3654840e+06   1.7395020e+01
   5.3655160e+06   2.8076172e+01
   5.3655630e+06   1.5563965e+01
   5.3656000e+06   2.2827148e+01
   5.3656310e+06   2.2827148e+01
   5.3656580e+06   3.8513184e+01
   5.3656720e+06   4.6936035e+01
   5.3656890e+06   1.5991211e+01
   5.3657120e+06   1.9531250e+01
   5.3657220e+06   2.3132324e+01
   5.3657500e+06   2.2583008e+01
   5.3657750e+06   2.2583008e+01
   5.3657880e+06   1.9775391e+01
   5.3658100e+06   2.0385742e+01
   5.3658390e+06   1.9287109e+01
   5.3658650e+06   1.7272949e+01
   5.3658830e+06   3.9367676e+01
   5.3659180e+06   2.1423340e+01
   5.3659530e+06   2.4902344e+01
   5.3659850e+06   3.0029297e+01
   5.3660240e+06   1.4709473e+01
   5.3660650e+06   2.2277832e+01
   5.3660820e+06   2.2766113e+01
   5.3661280e+06   2.3376465e+01
   5.3661610e+06   2.2521973e+01
   5.3661820e+06   1.8554688e+01
   5.3662190e+06   1.8859863e+01
   5.3663450e+06   2.0629883e+01
   5.3663780e+06   1.8676758e+01
   5.3665270e+06   1.9348145e+01
   5.3666710e+06   1.4892578e+01
   5.3667210e+06   1.9653320e+01
   5.3669110e+06   1.9042969e+01
   5.3669210e+06   1.4282227e+01
   5.3670850e+06   2.0019531e+01
   5.3672490e+06   1.9470215e+01
   5.3674340e+06   1.9653320e+01
   5.3676340e+06   1.9592285e+01
   5.3678420e+06   1.7883301e+01
   5.3680480e+06   2.0385742e+01
   5.3682960e+06   1.9226074e+01
   5.3685360e+06   1.9470215e+01
   5.3687290e+06   1.7639160e+01
   5.3689590e+06   2.1301270e+01
   5.3692300e+06   1.5991211e+01
   5.3695350e+06   1.6906738e+01
   5.3698600e+06   1.9592285e+01
   5.3701500e+06   1.7883301e+01
   5.3704380e+06   2.0996094e+01
   5.3707160e+06   1.6845703e+01
   5.3711160e+06   1.9348145e+01
   5.3714950e+06   1.6967773e+01
   5.3742940e+06   1.8920898e+01
   5.3796720e+06   1.4953613e+01
   5.3815390e+06   1.8066406e+01
   5.3831670e+06   1.6052246e+01
   5.3842960e+06   1.4099121e+01
   5.3853410e+06   1.6174316e+01
   5.3894630e+06   1.6967773e+01
   5.3929260e+06   1.6723633e+01
   5.3940830e+06   1.4404297e+01
   5.4014640e+06   1.4587402e+01
   5.4049800e+06   1.5380859e+01
   5.4668810e+06   1.7517090e+01
   5.4673580e+06   2.3925781e+01
   5.4675140e+06   2.8625488e+01
   5.4676730e+06   1.4282227e+01
   5.4677020e+06   1.5014648e+01
   5.4677320e+06   1.5747070e+01
   5.4677790e+06   1.6296387e+01
   5.4678030e+06   1.6723633e+01
   5.4678260e+06   3.6682129e+01
   5.4678410e+06   2.4291992e+01
   5.4678860e+06   1.8188477e+01
   5.4679180e+06   1.4343262e+01
   5.4679440e+06   3.2104492e+01
   5.4679540e+06   2.4414062e+01
   5.4680160e+06   1.5625000e+01
   5.4680520e+06   2.2949219e+01
   5.4680870e+06   2.3010254e+01
   5.4681040e+06   1.5502930e+01
   5.4681260e+06   1.6723633e+01
   5.4681620e+06   2.9418945e+01
   5.4682010e+06   1.8188477e+01
   5.4682340e+06   1.4831543e+01
   5.4682720e+06   1.5319824e+01
   5.4683020e+06   2.1484375e+01
   5.4683780e+06   1.7822266e+01
   5.4684080e+06   1.4587402e+01
   5.4684570e+06   1.6601562e+01
   5.4686130e+06   2.3864746e+01
   5.4687990e+06   2.1972656e+01
   5.4690170e+06   2.2888184e+01
   5.4692110e+06   2.2827148e+01
   5.4694380e+06   1.8676758e+01
   5.4697060e+06   1.8371582e+01
   5.4700010e+06   1.8127441e+01
   5.4703500e+06   1.5625000e+01
   5.4706620e+06   1.8920898e+01
   5.4712100e+06   1.6418457e+01
   5.4723870e+06   1.9104004e+01
   5.4802870e+06   1.5075684e+01
   5.4882110e+06   1.6845703e+01
   5.5064980e+06   1.4709473e+01
   5.6001520e+06   1.4709473e+01
   5.6530780e+06   1.4160156e+01
   5.6541010e+06   1.4099121e+01
   5.6541730e+06   1.5136719e+01
   5.6542650e+06   1.5930176e+01
   5.6546440e+06   1.4343262e+01
   5.6546610e+06   1.4526367e+01
   5.6546940e+06   2.1057129e+01
   5.6547510e+06   1.4038086e+01
   5.6547630e+06   2.0263672e+01
   5.6547820e+06   1.4892578e+01
   5.6548120e+06   3.1799316e+01
   5.6548690e+06   1.6784668e+01
   5.6548830e+06   1.5747070e+01
   5.6549260e+06   2.4169922e+01
   5.6549430e+06   3.1799316e+01
   5.6549600e+06   1.7761230e+01
   5.6549700e+06   3.3813477e+01
   5.6549870e+06   1.7761230e+01
   5.6549990e+06   2.2033691e+01
   5.6550120e+06   1.9470215e+01
   5.6550250e+06   3.1311035e+01
   5.6550430e+06   2.5329590e+01
   5.6550810e+06   2.1911621e+01
   5.6551040e+06   2.5390625e+01
   5.6551300e+06   1.4953613e+01
   5.6551480e+06   2.9663086e+01
   5.6551670e+06   1.7883301e+01
   5.6551980e+06   1.8859863e+01
   5.6552170e+06   2.1240234e+01
   5.6552310e+06   2.9663086e+01
   5.6552670e+06   1.6296387e+01
   5.6552900e+06   1.4160156e+01
   5.6553180e+06   1.4343262e+01
   5.6553350e+06   3.0029297e+01
   5.6553800e+06   1.5502930e+01
   5.6554210e+06   2.1423340e+01
   5.6554490e+06   2.0996094e+01
   5.6554750e+06   2.4780273e+01
   5.6555110e+06   1.7028809e+01
   5.6555960e+06   2.9785156e+01
   5.6556360e+06   3.0456543e+01
   5.6557060e+06   1.6723633e+01
   5.6557450e+06   1.6601562e+01
   5.6558030e+06   1.8920898e+01
   5.6559170e+06   1.6418457e+01
   5.6560720e+06   2.2399902e+01
   5.6562490e+06   2.4169922e+01
   5.6564180e+06   1.8005371e+01
   5.6566060e+06   1.4892578e+01
   5.6568060e+06   1.8432617e+01
   5.6570440e+06   1.9470215e+01
   5.6573010e+06   1.8737793e+01
   5.6574920e+06   1.5869141e+01
   5.6578020e+06   1.4770508e+01
   5.6581370e+06   1.8371582e+01
   5.6584380e+06   1.7761230e+01
   5.6589870e+06   1.9897461e+01
   5.6593740e+06   1.5930176e+01
   5.6597970e+06   1.7272949e+01
   5.6614070e+06   1.7333984e+01
   5.6717560e+06   1.5625000e+01
   5.6730920e+06   1.4587402e+01
   5.6775570e+06   1.4953613e+01
   5.6805810e+06   1.4709473e+01
   5.6837940e+06   1.5197754e+01
   5.7023890e+06   1.5563965e+01
   5.7801000e+06   1.4648438e+01
   5.7859240e+06   1.4038086e+01
   5.8058510e+06   1.4892578e+01
   5.8420900e+06   1.8249512e+01
   5.8683810e+06   1.6967773e+01
   5.8961030e+06   1.7700195e+01
   5.8978000e+06   2.3315430e+01
   5.8978780e+06   2.4780273e+01
   5.8979060e+06   1.5014648e+01
   5.8979210e+06   3.3874512e+01
   5.8979480e+06   1.4465332e+01
   5.8979750e+06   2.1179199e+01
   5.8979960e+06   2.3437500e+01
   5.8980150e+06   1.9592285e+01
   5.8980460e+06   1.5991211e+01
   5.8980780e+06   1.8920898e+01
   5.8980970e+06   1.5869141e+01
   5.8981380e+06   1.8371582e+01
   5.8981510e+06   1.9958496e+01
   5.8982030e+06   1.9104004e+01
   5.8982230e+06   1.7211914e+01
   5.8982600e+06   2.0568848e+01
   5.8982880e+06   1.5441895e+01
   5.8983270e+06   1.9042969e+01
   5.8983550e+06   2.8747559e+01
   5.8984520e+06   1.6235352e+01
   5.8984990e+06   1.4343262e+01
   5.8985310e+06   1.6052246e+01
   5.8986960e+06   1.9958496e+01
   5.8989170e+06   2.0263672e+01
   5.8991560e+06   2.2094727e+01
   5.8994120e+06   1.7211914e+01
   5.8997740e+06   2.3864746e+01
   5.9001430e+06   2.3132324e+01
   5.9087320e+06   1.5625000e+01
   5.9115710e+06   1.4038086e+01
   5.9203330e+06   1.4282227e+01
   5.9734930e+06   1.6113281e+01
   5.9898920e+06   1.4770508e+01
