   5.9990000e+06   0.0000000e+00
   1.6900000e+04   1.5502930e+01
   2.3486000e+04   1.7272949e+01
   2.3546000e+04   6.4697266e+01
   2.3562000e+04   2.6733398e+01
   2.3615000e+04   5.5603027e+01
   2.3636000e+04   4.2907715e+01
   2.3670000e+04   1.4465332e+01
   2.3696000e+04   3.9550781e+01
   2.3725000e+04   3.5461426e+01
   2.3748000e+04   3.6499023e+01
   2.3767000e+04   1.4648438e+01
   2.3786000e+04   1.8188477e+01
   2.3811000e+04   2.9541016e+01
   2.3847000e+04   2.0874023e+01
   2.3878000e+04   1.5991211e+01
   2.3912000e+04   1.5258789e+01
   2.3936000e+04   1.8493652e+01
   2.3990000e+04   1.5136719e+01
   2.4008000e+04   1.3854980e+01
   2.4048000e+04   1.5747070e+01
   2.4119000e+04   1.4160156e+01
   2.4215000e+04   1.4770508e+01
   2.4281000e+04   1.7395020e+01
   2.4315000e+04   1.6906738e+01
   1.5453900e+05   1.4648438e+01
   1.7485700e+05   1.4587402e+01
   1.7499900e+05   1.5563965e+01
   1.7505800e+05   2.9663086e+01
   1.7513500e+05   1.5686035e+01
   1.7518800e+05   1.9042969e+01
   2.2168200e+05   1.4465332e+01
   2.2191900e+05   1.9653320e+01
   3.5908200e+05   1.5991211e+01
   3.5911600e+05   1.3854980e+01
   3.5913800e+05   1.6601562e+01
   3.5921500e+05   3.1555176e+01
   3.5931900e+05   4.3090820e+01
   3.5961300e+05   2.3376465e+01
   3.5962800e+05   1.6052246e+01
   3.5970800e+05   3.4606934e+01
   3.5982900e+05   1.5808105e+01
   3.5990100e+05   2.8137207e+01
   3.6008100e+05   1.6113281e+01
   3.6023200e+05   1.4160156e+01
   3.6027100e+05   2.9724121e+01
   3.6040000e+05   2.0874023e+01
   3.6043400e+05   1.4160156e+01
   3.6048600e+05   1.3793945e+01
   3.6067800e+05   1.4099121e+01
   4.1058100e+05   1.4221191e+01
   5.4087300e+05   1.5380859e+01
   5.4088800e+05   1.5869141e+01
   5.4090700e+05   2.4475098e+01
   5.4097000e+05   2.9724121e+01
   5.4098200e+05   2.9418945e+01
   5.4110600e+05   2.3498535e+01
   5.4122400e+05   1.7822266e+01
   5.4123500e+05   1.6967773e+01
   5.4130300e+05   2.4841309e+01
   5.4131500e+05   1.4038086e+01
   5.4133800e+05   6.8908691e+01
   5.4138000e+05   1.9531250e+01
   5.4144300e+05   2.0568848e+01
   5.4145500e+05   4.4677734e+01
   5.4147600e+05   2.5756836e+01
   5.4154400e+05   1.6479492e+01
   5.4156600e+05   4.9072266e+01
   5.4159000e+05   3.3569336e+01
   5.4168400e+05   1.9409180e+01
   5.4169600e+05   3.0029297e+01
   5.4181300e+05   1.6723633e+01
   5.4189700e+05   1.4282227e+01
   5.4198100e+05   1.3793945e+01
   5.4199500e+05   2.4658203e+01
   5.4204800e+05   1.8066406e+01
   5.8779300e+05   1.3793945e+01
   5.8787400e+05   2.0324707e+01
   5.8796700e+05   2.6916504e+01
   5.8798700e+05   1.7639160e+01
   5.8830100e+05   2.8442383e+01
   5.8838100e+05   1.4282227e+01
   5.8843100e+05   2.1728516e+01
   5.8855000e+05   2.8320312e+01
   5.8856000e+05   1.5075684e+01
   5.8878500e+05   3.2348633e+01
   5.8899200e+05   1.9714355e+01
   5.8900800e+05   1.6174316e+01
   5.8906600e+05   1.8554688e+01
   5.8927400e+05   3.5522461e+01
   5.8945500e+05   1.3977051e+01
   5.8949900e+05   2.3437500e+01
   5.8978100e+05   2.3864746e+01
   6.3609500e+05   1.4465332e+01
   6.6888400e+05   1.4709473e+01
   6.6892600e+05   1.7883301e+01
   6.6895400e+05   3.3142090e+01
   6.6903700e+05   2.7954102e+01
   6.6918900e+05   1.5319824e+01
   6.6930100e+05   3.8513184e+01
   6.6946200e+05   2.5512695e+01
   6.6962100e+05   2.6611328e+01
   6.6989200e+05   2.3620605e+01
   6.7005200e+05   2.5329590e+01
   6.7008100e+05   1.5686035e+01
   6.7032800e+05   2.4047852e+01
   6.7038700e+05   1.8188477e+01
   6.7086100e+05   1.4465332e+01
   6.9142000e+05   1.5258789e+01
   7.4852600e+05   1.4587402e+01
   8.2828300e+05   2.7893066e+01
   8.2830900e+05   1.3977051e+01
   8.2843100e+05   2.6123047e+01
   8.2852500e+05   2.6428223e+01
   8.2858600e+05   2.0507812e+01
   8.2860300e+05   6.7626953e+01
   8.2864400e+05   1.8676758e+01
   8.2867300e+05   5.0903320e+01
   8.2869400e+05   1.8920898e+01
   8.2873100e+05   2.1484375e+01
   8.2874300e+05   2.7587891e+01
   8.2879800e+05   1.4343262e+01
   8.2887300e+05   2.1911621e+01
   8.2899800e+05   2.3559570e+01
   8.2927000e+05   1.4587402e+01
   9.2205000e+05   1.3793945e+01
   9.2206600e+05   2.2521973e+01
   9.2214000e+05   1.5686035e+01
   9.2216400e+05   3.2409668e+01
   9.2221200e+05   1.6174316e+01
   9.2222700e+05   1.5747070e+01
   9.2225800e+05   1.7822266e+01
   9.2229400e+05   2.4841309e+01
   9.2314500e+05   2.9235840e+01
   9.2315500e+05   1.9653320e+01
   9.2334800e+05   1.8249512e+01
   9.8042000e+05   1.6296387e+01
   9.8043100e+05   2.6733398e+01
   9.8046200e+05   1.5136719e+01
   9.8049000e+05   1.3977051e+01
   9.8054000e+05   1.3793945e+01
   9.8086700e+05   1.5808105e+01
   9.8096500e+05   3.0517578e+01
   9.8109000e+05   2.7343750e+01
   9.8121000e+05   2.6977539e+01
   9.8124000e+05   1.4587402e+01
   9.8140400e+05   2.3376465e+01
   9.8162900e+05   1.8127441e+01
   9.8183100e+05   2.7832031e+01
   9.8194200e+05   1.6052246e+01
   1.0169090e+06   1.4282227e+01
   1.0169400e+06   1.4404297e+01
   1.0170050e+06   1.5075684e+01
   1.0558310e+06   1.5563965e+01
   1.0559760e+06   3.1005859e+01
   1.0560110e+06   2.4475098e+01
   1.0563320e+06   2.9968262e+01
   1.0564750e+06   2.4291992e+01
   1.0565090e+06   1.4099121e+01
   1.0566100e+06   1.4709473e+01
   1.0568020e+06   2.5756836e+01
   1.0569760e+06   2.1179199e+01
   1.0570120e+06   1.5502930e+01
   1.0571380e+06   1.5319824e+01
   1.0571570e+06   1.6906738e+01
   1.0572210e+06   1.4160156e+01
   1.0572310e+06   2.0141602e+01
   1.1311110e+06   1.4221191e+01
   1.1487940e+06   1.6235352e+01
   1.1488790e+06   1.3977051e+01
   1.1488890e+06   2.9113770e+01
   1.1491250e+06   3.2958984e+01
   1.1492230e+06   2.6611328e+01
   1.1493660e+06   2.5146484e+01
   1.1494360e+06   1.5136719e+01
   1.1495040e+06   1.9409180e+01
   1.1496840e+06   2.6306152e+01
   1.1497190e+06   1.4587402e+01
   1.1499200e+06   1.8737793e+01
   1.1500100e+06   1.4526367e+01
   1.1501890e+06   2.5085449e+01
   1.2011460e+06   3.0517578e+01
   1.2011880e+06   1.3793945e+01
   1.2012740e+06   2.6733398e+01
   1.2013840e+06   2.7099609e+01
   1.2016090e+06   2.4108887e+01
   1.2019050e+06   2.0996094e+01
   1.2019400e+06   1.5930176e+01
   1.2021200e+06   1.4282227e+01
   1.2022000e+06   2.2583008e+01
   1.2023750e+06   1.4953613e+01
   1.2024110e+06   2.6062012e+01
   1.2024210e+06   1.4160156e+01
   1.2681130e+06   1.6357422e+01
   1.2685160e+06   1.5380859e+01
   1.2686160e+06   2.6794434e+01
   1.2687190e+06   2.5573730e+01
   1.2687650e+06   1.4709473e+01
   1.2687880e+06   1.4221191e+01
   1.2688510e+06   2.6000977e+01
   1.2688910e+06   3.2287598e+01
   1.2689970e+06   1.4038086e+01
   1.2690180e+06   2.2644043e+01
   1.2691320e+06   1.9775391e+01
   1.2691420e+06   2.1423340e+01
   1.2692340e+06   1.7456055e+01
   1.2693680e+06   2.0751953e+01
   1.3155970e+06   1.4709473e+01
   1.3250740e+06   1.9470215e+01
   1.3250900e+06   1.5563965e+01
   1.3251220e+06   1.4831543e+01
   1.3252950e+06   1.9836426e+01
   1.3253200e+06   2.9602051e+01
   1.3254680e+06   2.9846191e+01
   1.3254850e+06   1.4587402e+01
   1.3256420e+06   2.8625488e+01
   1.3256660e+06   1.3977051e+01
   1.3259550e+06   2.0507812e+01
   1.3259960e+06   1.4160156e+01
   1.3262610e+06   3.2958984e+01
   1.3552070e+06   1.6784668e+01
   1.4589540e+06   1.6845703e+01
   1.4591060e+06   1.5747070e+01
   1.4591180e+06   1.7578125e+01
   1.4591880e+06   1.3977051e+01
   1.4593320e+06   2.6855469e+01
   1.4594450e+06   2.6062012e+01
   1.4595690e+06   1.4831543e+01
   1.4596080e+06   2.5268555e+01
   1.4596560e+06   1.5563965e+01
   1.4597160e+06   2.3864746e+01
   1.4598630e+06   1.4465332e+01
   1.4599670e+06   2.1057129e+01
   1.5332620e+06   2.3315430e+01
   1.5333280e+06   1.6052246e+01
   1.5334220e+06   2.6184082e+01
   1.5334740e+06   2.5329590e+01
   1.5335640e+06   1.7333984e+01
   1.5336210e+06   1.8493652e+01
   1.5336330e+06   2.2949219e+01
   1.5909420e+06   1.6723633e+01
   1.5911370e+06   2.2644043e+01
   1.5915590e+06   3.1616211e+01
   1.5917720e+06   2.3437500e+01
   1.5918520e+06   1.5380859e+01
   1.5919400e+06   2.3925781e+01
   1.5921980e+06   3.1311035e+01
   1.5923960e+06   2.2338867e+01
   1.5925790e+06   2.2216797e+01
   1.5930870e+06   2.8320312e+01
   1.6888960e+06   1.4282227e+01
   1.7472710e+06   2.7709961e+01
   1.7474250e+06   1.5808105e+01
   1.7476100e+06   1.7028809e+01
   1.7481440e+06   2.9357910e+01
   1.7482410e+06   2.4719238e+01
   1.7482560e+06   1.8798828e+01
   1.7483310e+06   2.7587891e+01
   1.7483480e+06   1.9104004e+01
   1.7483710e+06   5.8776855e+01
   1.7483830e+06   2.3376465e+01
   1.7484390e+06   2.8137207e+01
   1.7484630e+06   1.5502930e+01
   1.7484900e+06   5.8959961e+01
   1.7485030e+06   2.0507812e+01
   1.7485260e+06   1.5747070e+01
   1.7485460e+06   1.9470215e+01
   1.7485640e+06   1.5930176e+01
   1.7485970e+06   4.0344238e+01
   1.7486370e+06   1.4343262e+01
   1.7486480e+06   2.3010254e+01
   1.7487160e+06   2.3803711e+01
   1.8795230e+06   2.7343750e+01
   1.8795390e+06   1.6967773e+01
   1.8796920e+06   2.7954102e+01
   1.8799730e+06   1.4831543e+01
   1.8802510e+06   3.2165527e+01
   1.8803710e+06   2.5451660e+01
   1.8805610e+06   2.6306152e+01
   1.8807170e+06   2.6184082e+01
   1.8807430e+06   1.4343262e+01
   1.8808690e+06   2.0568848e+01
   1.8810610e+06   2.6550293e+01
   1.9227070e+06   2.4230957e+01
   1.9229330e+06   2.8991699e+01
   1.9233890e+06   3.0029297e+01
   1.9234940e+06   1.3977051e+01
   1.9235060e+06   2.9113770e+01
   1.9236470e+06   2.8259277e+01
   1.9238470e+06   1.4892578e+01
   1.9238840e+06   2.1301270e+01
   1.9239060e+06   1.4099121e+01
   1.9239810e+06   1.6723633e+01
   1.9239950e+06   1.5441895e+01
   1.9240340e+06   1.3854980e+01
   1.9242360e+06   2.3376465e+01
   1.9858170e+06   1.8066406e+01
   1.9859960e+06   1.8127441e+01
   1.9864360e+06   3.4729004e+01
   1.9865500e+06   2.5878906e+01
   1.9866930e+06   2.3193359e+01
   1.9868770e+06   1.4404297e+01
   1.9870440e+06   2.0690918e+01
   1.9872470e+06   2.2949219e+01
   1.9873330e+06   1.4587402e+01
   1.9874850e+06   2.3437500e+01
   1.9877360e+06   1.4465332e+01
   1.9877940e+06   2.3254395e+01
   1.9878050e+06   1.5869141e+01
   2.0105580e+06   1.3977051e+01
   2.0402490e+06   2.6489258e+01
   2.0408000e+06   2.8564453e+01
   2.0409370e+06   3.1555176e+01
   2.0411410e+06   2.4841309e+01
   2.0411660e+06   1.5625000e+01
   2.0412160e+06   1.4526367e+01
   2.0413590e+06   2.6000977e+01
   2.0415730e+06   2.8503418e+01
   2.0416090e+06   1.4465332e+01
   2.0417270e+06   1.9104004e+01
   2.0420050e+06   1.8310547e+01
   2.0867230e+06   1.4343262e+01
   2.0872460e+06   2.7221680e+01
   2.0873670e+06   2.6489258e+01
   2.0875090e+06   3.3325195e+01
   2.0877200e+06   2.7282715e+01
   2.0881890e+06   2.6306152e+01
   2.0886030e+06   2.5573730e+01
   2.0887210e+06   1.3916016e+01
   2.1806790e+06   1.4404297e+01
   2.1807020e+06   2.9785156e+01
   2.1808380e+06   1.7272949e+01
   2.1808530e+06   2.5878906e+01
   2.1809120e+06   1.4526367e+01
   2.1812300e+06   3.0334473e+01
   2.1815390e+06   2.7893066e+01
   2.1817100e+06   2.3498535e+01
   2.1819150e+06   2.6977539e+01
   2.1821060e+06   2.8869629e+01
   2.2739030e+06   1.5319824e+01
   2.3066550e+06   2.0019531e+01
   2.3068250e+06   1.5930176e+01
   2.3068770e+06   1.5563965e+01
   2.3074560e+06   3.3264160e+01
   2.3089780e+06   3.2775879e+01
   2.3090810e+06   1.3854980e+01
   2.3091120e+06   2.5451660e+01
   2.3092670e+06   2.8625488e+01
   2.3092830e+06   2.0568848e+01
   2.3094590e+06   2.0812988e+01
   2.3095010e+06   1.7456055e+01
   2.3096780e+06   2.2583008e+01
   2.3100200e+06   2.3132324e+01
   2.3633300e+06   1.6479492e+01
   2.3634780e+06   1.6784668e+01
   2.3636340e+06   1.7578125e+01
   2.4317740e+06   2.1850586e+01
   2.4318510e+06   1.8554688e+01
   2.4319250e+06   2.8076172e+01
   2.4320120e+06   1.5014648e+01
   2.4321030e+06   1.5808105e+01
   2.4329120e+06   5.5358887e+01
   2.4329930e+06   3.3691406e+01
   2.4330380e+06   2.8320312e+01
   2.4330510e+06   8.1481934e+01
   2.4330700e+06   5.2978516e+01
   2.4330950e+06   2.5024414e+01
   2.4331200e+06   5.0476074e+01
   2.4331400e+06   1.3854980e+01
   2.4331600e+06   2.7038574e+01
   2.4331800e+06   2.2277832e+01
   2.4332080e+06   1.7639160e+01
   2.4332610e+06   2.1118164e+01
   2.4332710e+06   1.8005371e+01
   2.4332980e+06   1.6601562e+01
   2.4333330e+06   2.1728516e+01
   2.4333730e+06   1.7089844e+01
   2.4333970e+06   1.5075684e+01
   2.4334170e+06   2.2216797e+01
   2.4334770e+06   1.4587402e+01
   2.4334900e+06   2.2399902e+01
   2.4335650e+06   2.5573730e+01
   2.4335800e+06   1.7089844e+01
   2.4336820e+06   2.1545410e+01
   2.4379610e+06   2.5085449e+01
   2.4448650e+06   1.4465332e+01
   2.5887330e+06   1.4770508e+01
   2.5887570e+06   2.7038574e+01
   2.5888280e+06   1.3793945e+01
   2.5888890e+06   2.4291992e+01
   2.5889090e+06   1.7822266e+01
   2.5889370e+06   1.5991211e+01
   2.5889640e+06   2.8503418e+01
   2.5889740e+06   1.4831543e+01
   2.5890310e+06   2.6977539e+01
   2.5890760e+06   2.2583008e+01
   2.5890860e+06   1.3916016e+01
   2.5891070e+06   6.8481445e+01
   2.5891480e+06   1.8676758e+01
   2.5891800e+06   1.5197754e+01
   2.5892010e+06   1.4892578e+01
   2.5892460e+06   1.4465332e+01
   2.5897820e+06   1.6479492e+01
   2.6068100e+06   1.6052246e+01
   2.6068610e+06   1.9775391e+01
   2.6071200e+06   1.7761230e+01
   2.6074000e+06   1.5380859e+01
   2.6761030e+06   1.4160156e+01
   2.7009470e+06   2.9541016e+01
   2.7010410e+06   1.9165039e+01
   2.7010800e+06   2.6062012e+01
   2.7011290e+06   1.3793945e+01
   2.7011440e+06   1.6601562e+01
   2.7011800e+06   2.6367188e+01
   2.7012080e+06   1.4343262e+01
   2.7012660e+06   2.8625488e+01
   2.7012850e+06   1.9714355e+01
   2.7013070e+06   5.7800293e+01
   2.7013390e+06   3.1677246e+01
   2.7013560e+06   1.5930176e+01
   2.7014030e+06   1.7028809e+01
   2.7014870e+06   1.8981934e+01
   2.7015160e+06   1.5075684e+01
   2.7016370e+06   1.9470215e+01
   2.7289540e+06   1.4038086e+01
   2.7785070e+06   1.8127441e+01
   2.7785290e+06   2.2460938e+01
   2.7958430e+06   1.4770508e+01
   2.8067180e+06   1.6906738e+01
   2.8068750e+06   1.8432617e+01
   2.8069770e+06   3.3386230e+01
   2.8070580e+06   3.6682129e+01
   2.8070910e+06   1.4404297e+01
   2.8071280e+06   2.8442383e+01
   2.8071630e+06   1.9348145e+01
   2.8071950e+06   1.4465332e+01
   2.8073120e+06   3.9672852e+01
   2.8073270e+06   1.9104004e+01
   2.8073400e+06   1.6784668e+01
   2.8508000e+06   1.5014648e+01
   2.8508230e+06   2.9296875e+01
   2.8508770e+06   1.4160156e+01
   2.8509900e+06   2.8137207e+01
   2.8510250e+06   2.0812988e+01
   2.8510930e+06   1.8066406e+01
   2.8514680e+06   1.5197754e+01
   2.9203420e+06   1.4404297e+01
   2.9575800e+06   1.4648438e+01
   2.9576270e+06   2.1789551e+01
   2.9577270e+06   1.5075684e+01
   2.9578200e+06   1.3977051e+01
   3.0009780e+06   1.4404297e+01
   3.0175300e+06   1.4099121e+01
   3.0851940e+06   2.8198242e+01
   3.0852320e+06   1.8005371e+01
   3.0852470e+06   6.4453125e+01
   3.0852940e+06   3.9916992e+01
   3.0853040e+06   3.2653809e+01
   3.0853200e+06   3.9794922e+01
   3.0853510e+06   2.7954102e+01
   3.0853800e+06   5.6762695e+01
   3.0854100e+06   3.4667969e+01
   3.0854450e+06   3.1127930e+01
   3.0854570e+06   2.6000977e+01
   3.0854820e+06   1.9165039e+01
   3.0855070e+06   2.2460938e+01
   3.0855310e+06   2.0812988e+01
   3.0855750e+06   1.5441895e+01
   3.0855900e+06   1.7456055e+01
   3.0856440e+06   2.0446777e+01
   3.0856760e+06   1.6601562e+01
   3.0857290e+06   2.3071289e+01
   3.0857720e+06   1.4099121e+01
   3.0858090e+06   1.4343262e+01
   3.0858300e+06   2.1423340e+01
   3.0858900e+06   2.8625488e+01
   3.0859580e+06   1.5930176e+01
   3.0861490e+06   2.2033691e+01
   3.1017380e+06   1.7517090e+01
   3.1017740e+06   1.3977051e+01
   3.1019040e+06   1.4831543e+01
   3.1019180e+06   1.5625000e+01
   3.1019970e+06   1.3854980e+01
   3.1020410e+06   1.4343262e+01
   3.1021160e+06   1.7761230e+01
   3.1021670e+06   1.6357422e+01
   3.1022430e+06   1.9836426e+01
   3.1022540e+06   1.7700195e+01
   3.1023050e+06   2.0446777e+01
   3.1023280e+06   1.8859863e+01
   3.1023420e+06   5.7678223e+01
   3.1023670e+06   2.0996094e+01
   3.1024010e+06   1.6357422e+01
   3.1024520e+06   3.6621094e+01
   3.1024820e+06   2.6428223e+01
   3.1024960e+06   2.1850586e+01
   3.1025100e+06   1.4404297e+01
   3.1025200e+06   2.0385742e+01
   3.1025550e+06   1.4892578e+01
   3.1025830e+06   2.8503418e+01
   3.1026040e+06   5.5541992e+01
   3.1026250e+06   2.7954102e+01
   3.1026450e+06   1.6906738e+01
   3.1026620e+06   2.2399902e+01
   3.1026960e+06   1.8432617e+01
   3.1027540e+06   1.5197754e+01
   3.1028100e+06   4.9011230e+01
   3.1028340e+06   1.6357422e+01
   3.1028720e+06   1.5808105e+01
   3.1029010e+06   1.6967773e+01
   3.1031880e+06   1.5197754e+01
   3.3907220e+06   1.4099121e+01
   3.4375430e+06   1.3854980e+01
   3.4376350e+06   1.4526367e+01
   3.4376830e+06   2.7587891e+01
   3.4377120e+06   1.9470215e+01
   3.4378270e+06   1.5075684e+01
   3.4378730e+06   3.2897949e+01
   3.4379770e+06   1.7333984e+01
   3.4381660e+06   3.2592773e+01
   3.4384460e+06   2.6062012e+01
   3.4386660e+06   3.2836914e+01
   3.4386860e+06   1.4770508e+01
   3.4389010e+06   2.8625488e+01
   3.4389810e+06   1.6052246e+01
   3.4390770e+06   3.7170410e+01
   3.4392080e+06   2.3620605e+01
   3.4849380e+06   2.2399902e+01
   3.4849940e+06   1.6052246e+01
   3.4851830e+06   1.6174316e+01
   3.4855620e+06   2.6672363e+01
   3.4857060e+06   2.6794434e+01
   3.4858390e+06   2.7526855e+01
   3.4859930e+06   2.4658203e+01
   3.4862170e+06   2.4719238e+01
   3.4865590e+06   2.6000977e+01
   3.4866700e+06   1.8432617e+01
   3.4867760e+06   2.3193359e+01
   3.5427980e+06   1.5197754e+01
   3.5428480e+06   3.7292480e+01
   3.5429410e+06   2.5573730e+01
   3.5429830e+06   2.7954102e+01
   3.5430980e+06   2.2705078e+01
   3.5432680e+06   2.6977539e+01
   3.5433400e+06   1.4465332e+01
   3.5433960e+06   3.3325195e+01
   3.5435310e+06   1.4099121e+01
   3.5436280e+06   1.4221191e+01
   3.5436510e+06   2.7160645e+01
   3.5439050e+06   2.4780273e+01
   3.5440230e+06   1.4038086e+01
   3.5441330e+06   2.6000977e+01
   3.5441440e+06   1.5197754e+01
   3.5941760e+06   1.4831543e+01
   3.5945850e+06   1.6723633e+01
   3.6954800e+06   1.4282227e+01
   3.6995400e+06   1.9470215e+01
   3.6999740e+06   3.2226562e+01
   3.7000960e+06   2.7221680e+01
   3.7002100e+06   1.7395020e+01
   3.7003190e+06   2.8564453e+01
   3.7005120e+06   2.6245117e+01
   3.7007260e+06   2.5329590e+01
   3.7009260e+06   2.8320312e+01
   3.7009560e+06   1.4892578e+01
   3.7010720e+06   2.0202637e+01
   3.7011960e+06   1.4282227e+01
   3.7766020e+06   1.3916016e+01
   3.8597610e+06   1.3977051e+01
   3.8597740e+06   2.4108887e+01
   3.8598920e+06   1.4160156e+01
   3.8599560e+06   2.5329590e+01
   3.8600050e+06   1.6601562e+01
   3.8601260e+06   2.0690918e+01
   3.8601490e+06   1.4160156e+01
   3.8602420e+06   2.8076172e+01
   3.8604040e+06   2.9968262e+01
   3.8605630e+06   3.0578613e+01
   3.8608830e+06   2.6916504e+01
   3.8610420e+06   1.4648438e+01
   3.8613300e+06   2.8564453e+01
   3.9244020e+06   1.4953613e+01
   3.9579700e+06   1.5380859e+01
   4.0222970e+06   1.4343262e+01
   4.0664760e+06   1.4404297e+01
   4.1463710e+06   2.9724121e+01
   4.1464260e+06   1.4709473e+01
   4.1464610e+06   1.7639160e+01
   4.1464760e+06   4.1320801e+01
   4.1465200e+06   1.4465332e+01
   4.1465780e+06   2.5695801e+01
   4.1465930e+06   1.5930176e+01
   4.1466340e+06   6.7199707e+01
   4.1466710e+06   1.9165039e+01
   4.1466990e+06   6.0607910e+01
   4.1467120e+06   3.8879395e+01
   4.1467440e+06   4.5471191e+01
   4.1467930e+06   2.8442383e+01
   4.1468170e+06   2.1118164e+01
   4.1468390e+06   1.4770508e+01
   4.1468670e+06   1.4526367e+01
   4.1468920e+06   1.7395020e+01
   4.1469300e+06   1.8737793e+01
   4.1469640e+06   1.5563965e+01
   4.1469920e+06   1.8371582e+01
   4.1470210e+06   1.3977051e+01
   4.1470480e+06   1.5075684e+01
   4.1470670e+06   2.2949219e+01
   4.1471320e+06   2.1301270e+01
   4.1471470e+06   1.6052246e+01
   4.1471870e+06   1.8615723e+01
   4.1472530e+06   1.4709473e+01
   4.1472730e+06   1.7333984e+01
   4.1473320e+06   2.0996094e+01
   4.1473710e+06   1.6540527e+01
   4.1474100e+06   2.3010254e+01
   4.1475040e+06   1.5014648e+01
   4.1476470e+06   3.2104492e+01
   4.1626300e+06   1.4404297e+01
   4.1628560e+06   1.5502930e+01
   4.1628760e+06   3.3508301e+01
   4.1629380e+06   1.8310547e+01
   4.1629800e+06   2.4902344e+01
   4.1630330e+06   2.3498535e+01
   4.1630450e+06   1.4099121e+01
   4.1630640e+06   1.6113281e+01
   4.1630790e+06   1.9714355e+01
   4.1631160e+06   2.9296875e+01
   4.1631440e+06   5.7922363e+01
   4.1631540e+06   3.7475586e+01
   4.1631820e+06   1.5563965e+01
   4.1632110e+06   2.9235840e+01
   4.1632450e+06   6.1950684e+01
   4.1632620e+06   2.1240234e+01
   4.1632780e+06   2.0446777e+01
   4.1632880e+06   1.3854980e+01
   4.1633210e+06   6.0302734e+01
   4.1633480e+06   2.2949219e+01
   4.1633610e+06   1.9897461e+01
   4.1633940e+06   1.5075684e+01
   4.1634080e+06   1.6723633e+01
   4.1634330e+06   4.3151855e+01
   4.1634490e+06   1.7944336e+01
   4.1634880e+06   1.6967773e+01
   4.1635320e+06   1.5258789e+01
   4.1635470e+06   1.9226074e+01
   4.1636010e+06   1.5258789e+01
   4.1636250e+06   2.0507812e+01
   4.1636450e+06   1.3916016e+01
   4.1636840e+06   1.4038086e+01
   4.1637140e+06   1.5441895e+01
   4.1637340e+06   1.3916016e+01
   4.1637510e+06   1.4526367e+01
   4.1638360e+06   1.6418457e+01
   4.1638860e+06   1.7395020e+01
   4.1639440e+06   1.6174316e+01
   4.1640000e+06   1.6418457e+01
   4.1640200e+06   1.4587402e+01
   4.1641260e+06   1.6418457e+01
   4.2297660e+06   1.4282227e+01
   4.2326720e+06   1.5197754e+01
   4.2791920e+06   2.5695801e+01
   4.2792530e+06   1.5441895e+01
   4.2793260e+06   2.3132324e+01
   4.2793830e+06   1.6296387e+01
   4.2794200e+06   3.8208008e+01
   4.2794330e+06   1.4770508e+01
   4.2794450e+06   6.5490723e+01
   4.2794810e+06   3.0273438e+01
   4.2795060e+06   4.2114258e+01
   4.2795260e+06   1.8188477e+01
   4.2795440e+06   2.4719238e+01
   4.2795710e+06   4.9316406e+01
   4.2795900e+06   1.8432617e+01
   4.2796140e+06   1.7517090e+01
   4.2796250e+06   2.4780273e+01
   4.2796530e+06   1.8066406e+01
   4.2796850e+06   1.6906738e+01
   4.2797070e+06   1.8920898e+01
   4.2797640e+06   2.0690918e+01
   4.2798010e+06   1.4648438e+01
   4.2798290e+06   1.7578125e+01
   4.2798450e+06   3.1738281e+01
   4.2798660e+06   1.6479492e+01
   4.2798980e+06   1.8615723e+01
   4.2799110e+06   1.6601562e+01
   4.2799650e+06   1.4953613e+01
   4.2799860e+06   1.4221191e+01
   4.2800190e+06   1.7333984e+01
   4.2801220e+06   1.4587402e+01
   4.2802410e+06   1.5686035e+01
   4.4578290e+06   2.0690918e+01
   4.4579420e+06   2.8076172e+01
   4.4579650e+06   1.4892578e+01
   4.4579980e+06   1.4160156e+01
   4.4580400e+06   3.0578613e+01
   4.4580790e+06   1.4892578e+01
   4.4581220e+06   1.9042969e+01
   4.4581360e+06   7.0190430e+01
   4.4581690e+06   1.7211914e+01
   4.4581980e+06   2.2766113e+01
   4.4582130e+06   4.3395996e+01
   4.4582630e+06   1.8188477e+01
   4.4582750e+06   1.6906738e+01
   4.4583150e+06   1.8920898e+01
   4.4583440e+06   4.5959473e+01
   4.4584130e+06   2.0385742e+01
   4.4584470e+06   2.3620605e+01
   4.4584810e+06   3.1494141e+01
   4.4584910e+06   1.6784668e+01
   4.4585360e+06   1.5930176e+01
   4.4585540e+06   2.0568848e+01
   4.4586170e+06   1.4526367e+01
   4.4586300e+06   1.5258789e+01
   4.4586970e+06   1.6906738e+01
   4.4587660e+06   1.6113281e+01
   4.4587810e+06   1.9042969e+01
   4.4588720e+06   3.4667969e+01
   4.4589390e+06   2.1423340e+01
   4.4590330e+06   1.3916016e+01
   4.4591580e+06   1.7700195e+01
   4.6211460e+06   1.7089844e+01
   4.6211980e+06   2.9174805e+01
   4.6213000e+06   2.5878906e+01
   4.6213200e+06   1.4648438e+01
   4.6213970e+06   1.8981934e+01
   4.6214290e+06   5.7189941e+01
   4.6214430e+06   2.0874023e+01
   4.6214790e+06   2.6000977e+01
   4.6214990e+06   4.3273926e+01
   4.6215240e+06   1.8798828e+01
   4.6215580e+06   1.6113281e+01
   4.6215870e+06   1.4953613e+01
   4.6216020e+06   2.3681641e+01
   4.6217180e+06   1.6540527e+01
   4.6217970e+06   2.1423340e+01
   4.6218770e+06   1.7089844e+01
   4.6219930e+06   1.5319824e+01
   4.6220310e+06   2.3010254e+01
   4.6221040e+06   1.8188477e+01
   4.6223490e+06   1.6845703e+01
   4.6225130e+06   1.6418457e+01
   4.7022880e+06   1.4038086e+01
   4.7396140e+06   2.4536133e+01
   4.7399680e+06   1.5197754e+01
   4.7813380e+06   1.5197754e+01
   4.8141550e+06   1.4526367e+01
   4.8770430e+06   3.1005859e+01
   4.8771660e+06   6.9152832e+01
   4.8771980e+06   2.1545410e+01
   4.8772270e+06   5.8654785e+01
   4.8772550e+06   2.9479980e+01
   4.8772780e+06   4.9316406e+01
   4.8772940e+06   4.4738770e+01
   4.8773230e+06   3.7170410e+01
   4.8773440e+06   3.0334473e+01
   4.8773620e+06   1.6906738e+01
   4.8773720e+06   1.6174316e+01
   4.8773990e+06   2.3376465e+01
   4.8774140e+06   1.7150879e+01
   4.8774510e+06   2.2888184e+01
   4.8774670e+06   2.9724121e+01
   4.8774800e+06   1.6052246e+01
   4.8775240e+06   2.0568848e+01
   4.8775500e+06   1.8066406e+01
   4.8776230e+06   1.4709473e+01
   4.8776420e+06   2.3498535e+01
   4.8776940e+06   2.5451660e+01
   4.8777220e+06   1.3854980e+01
   4.8777720e+06   1.5502930e+01
   4.8778100e+06   1.4038086e+01
   4.8778240e+06   2.1850586e+01
   4.8778920e+06   1.7272949e+01
   4.8779520e+06   1.9287109e+01
   4.8780370e+06   1.5747070e+01
   4.8782490e+06   2.0935059e+01
   4.8783760e+06   2.1423340e+01
   4.8784960e+06   2.2216797e+01
   4.8785690e+06   2.4780273e+01
   5.0097320e+06   2.8625488e+01
   5.0221700e+06   1.4099121e+01
   5.1232380e+06   1.4770508e+01
   5.1404750e+06   1.4343262e+01
   5.1407210e+06   2.6184082e+01
   5.1407720e+06   2.0202637e+01
   5.1408210e+06   2.3254395e+01
   5.1408490e+06   1.4953613e+01
   5.1408630e+06   2.3986816e+01
   5.1408750e+06   1.8188477e+01
   5.1408930e+06   6.1889648e+01
   5.1409270e+06   2.7648926e+01
   5.1409560e+06   7.3425293e+01
   5.1409660e+06   2.1362305e+01
   5.1409930e+06   1.5258789e+01
   5.1410220e+06   5.8898926e+01
   5.1410540e+06   3.1005859e+01
   5.1411110e+06   5.1391602e+01
   5.1411240e+06   2.1484375e+01
   5.1411360e+06   1.8676758e+01
   5.1411630e+06   1.6296387e+01
   5.1413260e+06   1.4343262e+01
   5.1414010e+06   2.6123047e+01
   5.1414790e+06   2.0385742e+01
   5.1415010e+06   1.6906738e+01
   5.1415530e+06   1.4038086e+01
   5.1416100e+06   1.4831543e+01
   5.1416330e+06   1.4526367e+01
   5.1416590e+06   1.7883301e+01
   5.1416710e+06   1.6357422e+01
   5.1417550e+06   1.9348145e+01
   5.1418910e+06   2.3315430e+01
   5.1420090e+06   1.9958496e+01
   5.1421910e+06   1.9958496e+01
   5.1603220e+06   1.4038086e+01
   5.1604930e+06   2.7709961e+01
   5.1605220e+06   1.3916016e+01
   5.1605650e+06   2.5878906e+01
   5.1605940e+06   1.4831543e+01
   5.1606270e+06   3.2836914e+01
   5.1606500e+06   1.7272949e+01
   5.1607180e+06   1.4038086e+01
   5.1607340e+06   7.9833984e+01
   5.1607460e+06   1.7944336e+01
   5.1607930e+06   2.1545410e+01
   5.1608090e+06   1.5197754e+01
   5.1608660e+06   1.3977051e+01
   5.1608880e+06   5.2795410e+01
   5.1609220e+06   3.2287598e+01
   5.1610080e+06   1.4587402e+01
   5.1611020e+06   1.4953613e+01
   5.1611290e+06   1.4892578e+01
   5.1612590e+06   1.4343262e+01
   5.1614400e+06   1.6052246e+01
   5.1616070e+06   1.3854980e+01
   5.2287110e+06   1.4282227e+01
   5.2884380e+06   1.9226074e+01
   5.2885260e+06   1.3916016e+01
   5.2886210e+06   2.2827148e+01
   5.3645650e+06   1.6174316e+01
   5.3647740e+06   1.3854980e+01
   5.3648180e+06   1.6967773e+01
   5.3649430e+06   2.8686523e+01
   5.3650670e+06   2.4597168e+01
   5.3650770e+06   2.1484375e+01
   5.3651390e+06   2.6123047e+01
   5.3651710e+06   6.5490723e+01
   5.3651930e+06   1.3977051e+01
   5.3652050e+06   1.6418457e+01
   5.3652280e+06   1.5625000e+01
   5.3652460e+06   4.6569824e+01
   5.3652840e+06   1.4282227e+01
   5.3652980e+06   1.4160156e+01
   5.3653120e+06   2.3437500e+01
   5.3653360e+06   4.8767090e+01
   5.3653510e+06   2.6733398e+01
   5.3653860e+06   1.9287109e+01
   5.3653980e+06   1.5319824e+01
   5.3654270e+06   1.5380859e+01
   5.3654850e+06   1.5869141e+01
   5.3655310e+06   1.6479492e+01
   5.3655680e+06   1.9287109e+01
   5.3656480e+06   1.6479492e+01
   5.3657760e+06   1.9104004e+01
   5.3658610e+06   2.0202637e+01
   5.3659960e+06   1.6784668e+01
   5.3661140e+06   2.5390625e+01
   5.3662460e+06   1.9531250e+01
   5.3664060e+06   2.1728516e+01
   5.3665930e+06   1.9409180e+01
   5.4018370e+06   1.5136719e+01
   5.4667760e+06   1.6601562e+01
   5.4668110e+06   2.1484375e+01
   5.4669620e+06   2.8564453e+01
   5.4670940e+06   3.0273438e+01
   5.4671090e+06   2.8320313e+01
   5.4671820e+06   1.7272949e+01
   5.4672190e+06   2.0568848e+01
   5.4672300e+06   7.9101562e+01
   5.4672620e+06   2.2094727e+01
   5.4672980e+06   1.4099121e+01
   5.4673290e+06   5.4382324e+01
   5.4673390e+06   2.5512695e+01
   5.4673960e+06   1.6174316e+01
   5.4674400e+06   4.8767090e+01
   5.4674560e+06   2.4169922e+01
   5.4675010e+06   1.3916016e+01
   5.4675270e+06   1.7761230e+01
   5.4675540e+06   1.4587402e+01
   5.4679540e+06   1.5014648e+01
   5.4680520e+06   1.4831543e+01
   5.4680830e+06   1.4526367e+01
   5.4684290e+06   1.4831543e+01
   5.5222850e+06   1.4526367e+01
   5.6542310e+06   1.6113281e+01
   5.6542700e+06   1.3916016e+01
   5.6543040e+06   2.4291992e+01
   5.6543280e+06   2.7954102e+01
   5.6543630e+06   2.2827148e+01
   5.6544010e+06   2.4658203e+01
   5.6544270e+06   1.5747070e+01
   5.6544560e+06   6.6528320e+01
   5.6544730e+06   7.3303223e+01
   5.6545190e+06   4.6752930e+01
   5.6545390e+06   1.5869141e+01
   5.6545560e+06   2.1423340e+01
   5.6546090e+06   2.3681641e+01
   5.6546560e+06   1.5258789e+01
   5.6546700e+06   2.3681641e+01
   5.6547080e+06   1.7089844e+01
   5.6550800e+06   1.4526367e+01
   5.7438090e+06   1.4648438e+01
   5.7625880e+06   2.9052734e+01
   5.8271760e+06   1.4221191e+01
   5.8965720e+06   1.4404297e+01
   5.8966670e+06   3.1677246e+01
   5.8968230e+06   1.5686035e+01
   5.8971550e+06   2.6489258e+01
   5.8972500e+06   2.5573730e+01
   5.8973700e+06   2.3803711e+01
   5.8973990e+06   1.4221191e+01
   5.8974190e+06   2.6733398e+01
   5.8974590e+06   1.4648438e+01
   5.8974920e+06   2.3010254e+01
   5.8975390e+06   2.4108887e+01
   5.8975650e+06   1.7456055e+01
   5.8975860e+06   1.6845703e+01
   5.8976060e+06   1.9531250e+01
   5.8976460e+06   5.9204102e+01
   5.8977270e+06   1.7700195e+01
   5.8977400e+06   1.6357422e+01
   5.8979310e+06   2.5695801e+01
   5.8979760e+06   2.0935059e+01
   5.8980280e+06   1.4099121e+01
   5.8981180e+06   1.7883301e+01
   5.8981550e+06   1.4892578e+01
   5.8982240e+06   1.3916016e+01
   5.8982380e+06   1.4038086e+01
   5.8983070e+06   1.3977051e+01
