   5.9990000e+06   0.0000000e+00
   2.3500000e+04   1.5136719e+01
   2.3526000e+04   1.4282227e+01
   2.3589000e+04   1.5869141e+01
   2.3620000e+04   1.8798828e+01
   2.3630000e+04   1.7333984e+01
   2.3652000e+04   2.4597168e+01
   2.3665000e+04   2.3986816e+01
   2.3688000e+04   7.5073242e+01
   2.3718000e+04   4.5104980e+01
   2.3728000e+04   2.9357910e+01
   2.3743000e+04   2.4536133e+01
   2.3759000e+04   3.3508301e+01
   2.3777000e+04   5.2490234e+01
   2.3790000e+04   2.5573730e+01
   2.3804000e+04   2.5817871e+01
   2.3828000e+04   4.8217773e+01
   2.3858000e+04   2.8930664e+01
   2.3874000e+04   1.4892578e+01
   2.3903000e+04   7.1960449e+01
   2.3923000e+04   5.1574707e+01
   2.3948000e+04   6.9763184e+01
   2.3977000e+04   2.4658203e+01
   2.3988000e+04   2.0629883e+01
   2.4012000e+04   1.6967773e+01
   2.4023000e+04   1.8493652e+01
   2.4047000e+04   1.9470215e+01
   2.4069000e+04   1.7456055e+01
   2.4090000e+04   1.7456055e+01
   2.4111000e+04   1.4343262e+01
   2.4142000e+04   2.8747559e+01
   2.4152000e+04   4.1137695e+01
   2.4180000e+04   2.5695801e+01
   2.4215000e+04   1.6357422e+01
   2.4257000e+04   2.8259277e+01
   2.4300000e+04   2.3925781e+01
   2.4367000e+04   2.2033691e+01
   2.4401000e+04   1.5686035e+01
   2.4523000e+04   2.2766113e+01
   2.5072000e+04   1.6906738e+01
   2.5172000e+04   1.6906738e+01
   2.5444000e+04   1.6723633e+01
   2.5592000e+04   1.4343262e+01
   1.0256200e+05   2.5146484e+01
   1.0374900e+05   2.7465820e+01
   1.0381800e+05   1.6357422e+01
   1.0969200e+05   2.7893066e+01
   1.1025300e+05   2.3437500e+01
   1.3662800e+05   1.4892578e+01
   1.3744800e+05   1.5869141e+01
   1.7487600e+05   2.5573730e+01
   1.7489000e+05   1.5747070e+01
   1.7490400e+05   2.5573730e+01
   1.7492200e+05   3.2775879e+01
   1.7494000e+05   1.8615723e+01
   1.7495700e+05   2.2705078e+01
   1.7497800e+05   2.8747559e+01
   1.7500200e+05   1.6723633e+01
   1.7501800e+05   2.4963379e+01
   1.7504400e+05   2.3376465e+01
   1.7508600e+05   2.3010254e+01
   1.7511900e+05   1.4526367e+01
   1.7515300e+05   1.6113281e+01
   1.7521200e+05   2.8259277e+01
   1.7526100e+05   4.9499512e+01
   1.7528900e+05   2.3315430e+01
   1.7530100e+05   1.7456055e+01
   1.7533600e+05   1.4465332e+01
   1.7544300e+05   3.9123535e+01
   1.7559800e+05   1.5441895e+01
   1.7563900e+05   1.4953613e+01
   1.7572500e+05   1.7028809e+01
   2.2163600e+05   1.9104004e+01
   2.2165600e+05   2.6306152e+01
   2.2167800e+05   3.6254883e+01
   2.2171700e+05   2.1362305e+01
   2.2175700e+05   2.0996094e+01
   2.2181300e+05   2.2521973e+01
   2.2183900e+05   1.7700195e+01
   2.2186000e+05   1.7028809e+01
   2.2188600e+05   1.8859863e+01
   2.2190600e+05   2.2460938e+01
   2.2192400e+05   1.4526367e+01
   2.2195000e+05   2.3986816e+01
   2.2215300e+05   2.3681641e+01
   2.2232200e+05   2.3071289e+01
   2.2292200e+05   2.0690918e+01
   2.9556000e+05   1.4709473e+01
   3.5904500e+05   3.1677246e+01
   3.5907300e+05   3.1677246e+01
   3.5908900e+05   1.9714355e+01
   3.5911100e+05   2.5634766e+01
   3.5914200e+05   1.5686035e+01
   3.5915900e+05   1.6723633e+01
   3.5917400e+05   1.6052246e+01
   3.5921300e+05   2.4475098e+01
   3.5923400e+05   1.6845703e+01
   3.5925200e+05   2.6489258e+01
   3.5929000e+05   1.4465332e+01
   3.5940900e+05   1.9592285e+01
   3.5946200e+05   3.6743164e+01
   3.5947400e+05   3.5583496e+01
   3.5954000e+05   1.4892578e+01
   3.5957700e+05   1.4953613e+01
   3.5964300e+05   2.6794434e+01
   3.5967300e+05   1.8554688e+01
   3.5970900e+05   2.7282715e+01
   3.5971900e+05   2.4475098e+01
   3.5974600e+05   1.8920898e+01
   3.5978400e+05   1.4953613e+01
   3.5980100e+05   2.2277832e+01
   3.5982900e+05   2.2033691e+01
   3.5985400e+05   1.6235352e+01
   3.5989700e+05   2.0202637e+01
   3.5993400e+05   1.8005371e+01
   3.5995600e+05   1.5869141e+01
   3.5997400e+05   1.4770508e+01
   3.6004600e+05   1.5808105e+01
   3.6005700e+05   2.4475098e+01
   3.6009000e+05   1.6967773e+01
   3.6011300e+05   1.8615723e+01
   3.6014000e+05   2.0263672e+01
   3.6016700e+05   1.8798828e+01
   3.6019100e+05   1.5991211e+01
   3.6027700e+05   1.6296387e+01
   3.6030500e+05   1.5319824e+01
   3.6036500e+05   1.6113281e+01
   3.6037600e+05   2.0751953e+01
   3.6039200e+05   1.4526367e+01
   3.6043200e+05   1.4343262e+01
   3.6047200e+05   2.7526855e+01
   3.6050600e+05   1.8432617e+01
   3.6059300e+05   1.7517090e+01
   3.6067700e+05   1.7089844e+01
   3.6071000e+05   1.5502930e+01
   3.6081400e+05   2.1484375e+01
   3.6082700e+05   1.7517090e+01
   4.1060000e+05   2.0385742e+01
   4.1061500e+05   3.3020020e+01
   4.1063200e+05   4.0283203e+01
   4.1065600e+05   1.7883301e+01
   4.1068200e+05   1.5991211e+01
   4.1070000e+05   2.5451660e+01
   4.1073800e+05   1.4587402e+01
   4.1100300e+05   2.5451660e+01
   4.6237000e+05   1.4831543e+01
   4.6238100e+05   1.5502930e+01
   4.6242900e+05   2.5573730e+01
   4.6267100e+05   2.8442383e+01
   5.4082000e+05   4.0100098e+01
   5.4084600e+05   2.1362305e+01
   5.4086400e+05   1.8310547e+01
   5.4089500e+05   3.9611816e+01
   5.4091900e+05   2.4536133e+01
   5.4093500e+05   1.7150879e+01
   5.4096400e+05   4.4616699e+01
   5.4099600e+05   1.8554688e+01
   5.4103000e+05   2.1484375e+01
   5.4105100e+05   3.1982422e+01
   5.4108100e+05   1.6418457e+01
   5.4113500e+05   2.8808594e+01
   5.4115300e+05   1.8432617e+01
   5.4122000e+05   1.5808105e+01
   5.4124600e+05   1.5258789e+01
   5.4128500e+05   2.6000977e+01
   5.4130400e+05   4.3518066e+01
   5.4132700e+05   2.0446777e+01
   5.4135600e+05   2.3864746e+01
   5.4138100e+05   1.9836426e+01
   5.4140800e+05   2.4841309e+01
   5.4142500e+05   2.4963379e+01
   5.4145500e+05   2.3132324e+01
   5.4147600e+05   1.7944336e+01
   5.4149300e+05   2.8503418e+01
   5.4151600e+05   2.2766113e+01
   5.4153400e+05   1.4770508e+01
   5.4156300e+05   2.2277832e+01
   5.4161200e+05   2.9174805e+01
   5.4163300e+05   3.9428711e+01
   5.4167700e+05   2.5817871e+01
   5.4171500e+05   1.7211914e+01
   5.4176200e+05   1.5075684e+01
   5.4177600e+05   2.3437500e+01
   5.4182000e+05   2.3010254e+01
   5.4190000e+05   1.4343262e+01
   5.4192500e+05   1.7028809e+01
   5.4194800e+05   1.9653320e+01
   5.4198200e+05   2.5756836e+01
   5.4201600e+05   1.8249512e+01
   5.4207900e+05   1.4953613e+01
   5.4209800e+05   1.6479492e+01
   5.4211900e+05   1.5869141e+01
   5.4218600e+05   1.4770508e+01
   5.4223000e+05   2.1240234e+01
   5.4225900e+05   3.8452148e+01
   5.4228900e+05   3.8574219e+01
   5.4232300e+05   1.8188477e+01
   5.4236300e+05   1.5991211e+01
   5.4254400e+05   1.5319824e+01
   5.8781100e+05   1.8676758e+01
   5.8782800e+05   2.3071289e+01
   5.8784700e+05   3.6071777e+01
   5.8788200e+05   4.2602539e+01
   5.8789200e+05   2.7832031e+01
   5.8791100e+05   2.7893066e+01
   5.8794400e+05   1.7333984e+01
   5.8795500e+05   1.4404297e+01
   5.8797200e+05   2.2949219e+01
   5.8800700e+05   2.6916504e+01
   5.8812500e+05   2.3620605e+01
   5.8815600e+05   2.1362305e+01
   5.8819700e+05   1.5380859e+01
   5.8825200e+05   2.6977539e+01
   5.8831600e+05   2.5756836e+01
   5.8833200e+05   1.4343262e+01
   5.8835600e+05   1.6113281e+01
   5.8839900e+05   1.6723633e+01
   5.8843500e+05   2.8686523e+01
   5.8846100e+05   2.1423340e+01
   5.8847900e+05   1.6784668e+01
   5.8849700e+05   1.5380859e+01
   5.8852300e+05   2.2521973e+01
   5.8854300e+05   1.5502930e+01
   5.8857700e+05   1.8737793e+01
   5.8865000e+05   1.7578125e+01
   5.8869400e+05   1.4831543e+01
   5.8873100e+05   1.4526367e+01
   5.8877000e+05   3.1799316e+01
   5.8895200e+05   1.6967773e+01
   5.8898700e+05   1.4343262e+01
   5.8905200e+05   1.5136719e+01
   5.8911700e+05   1.4404297e+01
   5.8915700e+05   1.4892578e+01
   5.8920700e+05   2.0080566e+01
   5.8923700e+05   1.6967773e+01
   5.8937800e+05   1.4282227e+01
   5.8955000e+05   1.5197754e+01
   5.8960500e+05   1.8005371e+01
   5.8973200e+05   1.8310547e+01
   5.9002600e+05   1.5014648e+01
   5.9004400e+05   1.7883301e+01
   6.4727900e+05   1.4282227e+01
   6.6884300e+05   3.1921387e+01
   6.6886000e+05   2.3315430e+01
   6.6888700e+05   2.0019531e+01
   6.6890900e+05   4.1442871e+01
   6.6892400e+05   2.2033691e+01
   6.6894900e+05   1.5014648e+01
   6.6903100e+05   3.0212402e+01
   6.6904800e+05   1.5075684e+01
   6.6917200e+05   2.5329590e+01
   6.6926700e+05   1.6174316e+01
   6.6929400e+05   3.0761719e+01
   6.6931000e+05   2.5695801e+01
   6.6934300e+05   1.7883301e+01
   6.6939100e+05   1.4953613e+01
   6.6941800e+05   1.5136719e+01
   6.6943100e+05   1.6479492e+01
   6.6945400e+05   1.8188477e+01
   6.6947700e+05   1.7822266e+01
   6.6949400e+05   1.5625000e+01
   6.6956700e+05   1.7150879e+01
   6.6959800e+05   2.6184082e+01
   6.6962300e+05   2.0996094e+01
   6.6963700e+05   1.4709473e+01
   6.6966400e+05   1.4648438e+01
   6.6972800e+05   1.7150879e+01
   6.6976600e+05   1.5502930e+01
   6.6979400e+05   1.7211914e+01
   6.6984800e+05   1.5747070e+01
   6.6987500e+05   2.1118164e+01
   6.6997100e+05   1.7211914e+01
   6.7000400e+05   1.8371582e+01
   6.7004300e+05   1.4831543e+01
   6.7006300e+05   1.4343262e+01
   6.7014100e+05   1.5136719e+01
   6.7019000e+05   1.6540527e+01
   6.7022600e+05   1.5991211e+01
   6.7030200e+05   1.6601562e+01
   6.7032200e+05   1.4953613e+01
   6.7040700e+05   1.4770508e+01
   6.7046400e+05   1.7822266e+01
   6.7058000e+05   2.0019531e+01
   6.7061500e+05   1.7578125e+01
   6.7107200e+05   1.4465332e+01
   8.2827600e+05   1.6113281e+01
   8.2830700e+05   4.0405273e+01
   8.2832400e+05   4.9011230e+01
   8.2835900e+05   2.7709961e+01
   8.2837900e+05   2.9968262e+01
   8.2839500e+05   2.2705078e+01
   8.2841500e+05   2.9846191e+01
   8.2842800e+05   3.3325195e+01
   8.2844700e+05   2.8137207e+01
   8.2847300e+05   2.6855469e+01
   8.2850300e+05   2.3925781e+01
   8.2852800e+05   1.9042969e+01
   8.2854500e+05   2.0812988e+01
   8.2855900e+05   1.6113281e+01
   8.2858400e+05   3.7658691e+01
   8.2859600e+05   2.8137207e+01
   8.2861300e+05   2.5024414e+01
   8.2864400e+05   1.7883301e+01
   8.2866100e+05   2.7221680e+01
   8.2869200e+05   2.6489258e+01
   8.2872600e+05   3.8574219e+01
   8.2873800e+05   4.6386719e+01
   8.2876000e+05   3.6621094e+01
   8.2881100e+05   2.4475098e+01
   8.2883400e+05   2.5634766e+01
   8.2885400e+05   1.8066406e+01
   8.2886400e+05   1.5563965e+01
   8.2890000e+05   2.1301270e+01
   8.2892300e+05   2.0996094e+01
   8.2894500e+05   1.7944336e+01
   8.2897600e+05   1.6174316e+01
   8.2900700e+05   1.5380859e+01
   8.2906400e+05   1.7333984e+01
   8.2910300e+05   1.8371582e+01
   8.2912500e+05   1.8615723e+01
   8.2914900e+05   2.0202637e+01
   8.2920800e+05   3.8146973e+01
   8.2923800e+05   2.1240234e+01
   8.2926400e+05   2.0202637e+01
   8.2927900e+05   3.4240723e+01
   8.2931900e+05   2.1606445e+01
   8.2934000e+05   2.2399902e+01
   8.2942500e+05   1.5014648e+01
   8.2945600e+05   2.1240234e+01
   8.2970000e+05   1.5075684e+01
   8.7283700e+05   2.0080566e+01
   8.7302400e+05   2.1240234e+01
   9.2204300e+05   4.4250488e+01
   9.2207300e+05   3.6804199e+01
   9.2208600e+05   1.5319824e+01
   9.2210300e+05   2.6611328e+01
   9.2213000e+05   1.9042969e+01
   9.2214900e+05   2.3925781e+01
   9.2217000e+05   3.1372070e+01
   9.2218200e+05   3.4423828e+01
   9.2222100e+05   1.7639160e+01
   9.2225600e+05   2.1179199e+01
   9.2228100e+05   1.4282227e+01
   9.2229300e+05   1.5136719e+01
   9.2233300e+05   2.9663086e+01
   9.2234400e+05   2.4047852e+01
   9.2237900e+05   2.0812988e+01
   9.2239000e+05   1.5502930e+01
   9.2243000e+05   2.2705078e+01
   9.2245400e+05   1.7395020e+01
   9.2252300e+05   2.5756836e+01
   9.2254800e+05   2.1911621e+01
   9.2256700e+05   3.8085938e+01
   9.2259700e+05   1.9836426e+01
   9.2260700e+05   1.9897461e+01
   9.2263100e+05   1.7150879e+01
   9.2267800e+05   1.4343262e+01
   9.2278300e+05   2.4414063e+01
   9.2282600e+05   1.7944336e+01
   9.2288500e+05   1.4343262e+01
   9.2290400e+05   1.6845703e+01
   9.2294300e+05   1.4953613e+01
   9.2305200e+05   1.5136719e+01
   9.2306300e+05   1.6906738e+01
   9.2309700e+05   1.4831543e+01
   9.2311600e+05   1.4465332e+01
   9.2314200e+05   1.5380859e+01
   9.2328200e+05   1.5869141e+01
   9.2330100e+05   1.5808105e+01
   9.2332600e+05   1.5625000e+01
   9.2344400e+05   1.5625000e+01
   9.2380100e+05   1.4282227e+01
   9.2407900e+05   1.4892578e+01
   9.6294600e+05   1.5625000e+01
   9.8042300e+05   1.5869141e+01
   9.8046200e+05   5.4077148e+01
   9.8050000e+05   2.6550293e+01
   9.8052100e+05   2.6184082e+01
   9.8053900e+05   1.8859863e+01
   9.8055600e+05   1.7028809e+01
   9.8059000e+05   1.7822266e+01
   9.8060600e+05   1.4465332e+01
   9.8061800e+05   3.3142090e+01
   9.8073000e+05   1.4648438e+01
   9.8076900e+05   2.8076172e+01
   9.8078900e+05   1.4587402e+01
   9.8083500e+05   1.7456055e+01
   9.8089700e+05   2.0568848e+01
   9.8096500e+05   1.8737793e+01
   9.8101000e+05   2.0751953e+01
   9.8105600e+05   2.1789551e+01
   9.8110700e+05   1.4953613e+01
   9.8115100e+05   2.1362305e+01
   9.8116700e+05   1.8127441e+01
   9.8119800e+05   1.9042969e+01
   9.8123300e+05   1.4831543e+01
   9.8131800e+05   2.7893066e+01
   9.8132900e+05   1.5991211e+01
   9.8136400e+05   1.7272949e+01
   9.8142300e+05   2.5207520e+01
   9.8144500e+05   1.4526367e+01
   9.8149600e+05   1.7639160e+01
   9.8153900e+05   1.6906738e+01
   9.8156100e+05   1.6174316e+01
   9.8163300e+05   2.1728516e+01
   9.8164500e+05   1.4709473e+01
   9.8170000e+05   1.8859863e+01
   9.8171000e+05   1.5380859e+01
   9.8175100e+05   1.8615723e+01
   9.8177600e+05   2.2583008e+01
   9.8186400e+05   1.8310547e+01
   9.8187700e+05   1.6052246e+01
   9.8197500e+05   1.5747070e+01
   9.8200500e+05   1.6845703e+01
   9.8203700e+05   1.5808105e+01
   9.8221100e+05   1.4282227e+01
   9.8225900e+05   1.8554688e+01
   1.0169980e+06   3.8513184e+01
   1.0170440e+06   1.6845703e+01
   1.0170970e+06   1.8798828e+01
   1.0171070e+06   3.2409668e+01
   1.0171820e+06   1.4709473e+01
   1.0173670e+06   2.5024414e+01
   1.0437840e+06   1.7944336e+01
   1.0441570e+06   1.5991211e+01
   1.0450700e+06   1.5686035e+01
   1.0557930e+06   2.1301270e+01
   1.0558070e+06   2.5268555e+01
   1.0558320e+06   2.7282715e+01
   1.0558480e+06   2.1240234e+01
   1.0558650e+06   3.5278320e+01
   1.0559080e+06   1.7700195e+01
   1.0559260e+06   1.8676758e+01
   1.0559450e+06   1.5197754e+01
   1.0559760e+06   2.3803711e+01
   1.0560750e+06   1.5319824e+01
   1.0562570e+06   2.4963379e+01
   1.0563330e+06   1.5747070e+01
   1.0563470e+06   1.6723633e+01
   1.0563850e+06   2.2277832e+01
   1.0564320e+06   2.4291992e+01
   1.0564420e+06   1.7395020e+01
   1.0564880e+06   1.4404297e+01
   1.0565050e+06   2.6245117e+01
   1.0565300e+06   1.6296387e+01
   1.0565700e+06   1.8127441e+01
   1.0566170e+06   2.0935059e+01
   1.0566290e+06   1.7578125e+01
   1.0566700e+06   2.2705078e+01
   1.0567320e+06   2.8198242e+01
   1.0568150e+06   1.7211914e+01
   1.0568440e+06   1.4770508e+01
   1.0568670e+06   2.3803711e+01
   1.0568840e+06   1.6601562e+01
   1.0569060e+06   1.7700195e+01
   1.0569970e+06   1.9104004e+01
   1.0570450e+06   2.5390625e+01
   1.0570950e+06   1.6906738e+01
   1.0571250e+06   1.6113281e+01
   1.0571660e+06   1.8005371e+01
   1.0572390e+06   1.5380859e+01
   1.0572710e+06   1.8127441e+01
   1.0573340e+06   2.0507812e+01
   1.0573550e+06   1.4953613e+01
   1.0575170e+06   1.7150879e+01
   1.0575420e+06   1.6235352e+01
   1.1486190e+06   2.3925781e+01
   1.1486370e+06   2.3620605e+01
   1.1486610e+06   1.5197754e+01
   1.1486840e+06   2.2644043e+01
   1.1487390e+06   1.5991211e+01
   1.1487670e+06   1.4648438e+01
   1.1488060e+06   1.6479492e+01
   1.1488350e+06   2.4597168e+01
   1.1488530e+06   1.7395020e+01
   1.1488840e+06   2.7282715e+01
   1.1489080e+06   1.6723633e+01
   1.1490630e+06   2.9479980e+01
   1.1490940e+06   2.0263672e+01
   1.1491240e+06   2.2888184e+01
   1.1491550e+06   1.4526367e+01
   1.1492050e+06   2.3986816e+01
   1.1492260e+06   1.4526367e+01
   1.1492660e+06   1.8737793e+01
   1.1493040e+06   1.7211914e+01
   1.1493210e+06   1.4282227e+01
   1.1493470e+06   1.7639160e+01
   1.1493830e+06   1.6296387e+01
   1.1494270e+06   2.6733398e+01
   1.1494830e+06   1.5625000e+01
   1.1495010e+06   1.9042969e+01
   1.1495360e+06   1.7761230e+01
   1.1495730e+06   2.1057129e+01
   1.1496150e+06   1.6418457e+01
   1.1496610e+06   1.5075684e+01
   1.1496790e+06   1.4648438e+01
   1.1497070e+06   1.5625000e+01
   1.1497230e+06   1.5197754e+01
   1.1497490e+06   1.5075684e+01
   1.1501220e+06   1.4343262e+01
   1.1501490e+06   1.6235352e+01
   1.1502270e+06   1.6296387e+01
   1.1502880e+06   1.5197754e+01
   1.1507480e+06   1.4587402e+01
   1.1855700e+06   1.4892578e+01
   1.2005090e+06   1.8493652e+01
   1.2005190e+06   2.0080566e+01
   1.2005290e+06   2.6000977e+01
   1.2005610e+06   4.2053223e+01
   1.2006050e+06   2.2338867e+01
   1.2006290e+06   1.5563965e+01
   1.2006460e+06   1.7150879e+01
   1.2006690e+06   2.2460938e+01
   1.2006940e+06   1.5808105e+01
   1.2007540e+06   1.7028809e+01
   1.2009020e+06   2.2338867e+01
   1.2009370e+06   2.4108887e+01
   1.2011100e+06   2.7587891e+01
   1.2011380e+06   1.5441895e+01
   1.2011640e+06   1.4404297e+01
   1.2011870e+06   1.7150879e+01
   1.2012320e+06   2.4780273e+01
   1.2012680e+06   2.0019531e+01
   1.2013200e+06   3.0761719e+01
   1.2013550e+06   2.6245117e+01
   1.2013760e+06   1.7639160e+01
   1.2014080e+06   1.5136719e+01
   1.2014340e+06   1.5625000e+01
   1.2014570e+06   2.1484375e+01
   1.2015400e+06   1.7028809e+01
   1.2015770e+06   3.0456543e+01
   1.2016000e+06   1.7150879e+01
   1.2016260e+06   1.6723633e+01
   1.2016990e+06   2.1606445e+01
   1.2017220e+06   1.9226074e+01
   1.2017320e+06   1.9836426e+01
   1.2018240e+06   1.5441895e+01
   1.2018350e+06   1.6418457e+01
   1.2019060e+06   1.5258789e+01
   1.2019290e+06   2.1118164e+01
   1.2019670e+06   1.9531250e+01
   1.2019890e+06   1.9104004e+01
   1.2020080e+06   1.5808105e+01
   1.2020660e+06   1.4465332e+01
   1.2020870e+06   1.4282227e+01
   1.2021040e+06   1.7822266e+01
   1.2021140e+06   2.1301270e+01
   1.2021530e+06   1.7517090e+01
   1.2021790e+06   1.5258789e+01
   1.2022580e+06   1.5197754e+01
   1.2022980e+06   1.4648438e+01
   1.2023640e+06   1.9592285e+01
   1.2027410e+06   1.6601562e+01
   1.2680160e+06   2.3315430e+01
   1.2680650e+06   1.7517090e+01
   1.2682110e+06   1.7272949e+01
   1.2683330e+06   2.8808594e+01
   1.2686770e+06   2.4963379e+01
   1.2687330e+06   1.4831543e+01
   1.2687490e+06   1.8615723e+01
   1.2687760e+06   1.8371582e+01
   1.2687900e+06   2.4291992e+01
   1.2688040e+06   1.7578125e+01
   1.2688480e+06   2.8198242e+01
   1.2688610e+06   3.0212402e+01
   1.2688880e+06   2.0019531e+01
   1.2689170e+06   1.5014648e+01
   1.2689570e+06   2.9113770e+01
   1.2689890e+06   1.6357422e+01
   1.2690210e+06   2.7587891e+01
   1.2690510e+06   1.5258789e+01
   1.2690840e+06   1.9775391e+01
   1.2691150e+06   2.1362305e+01
   1.2691280e+06   1.4953613e+01
   1.2691510e+06   1.6601562e+01
   1.2691740e+06   1.5563965e+01
   1.2692120e+06   1.7456055e+01
   1.2692390e+06   1.6540527e+01
   1.2692910e+06   1.4526367e+01
   1.2693180e+06   1.8188477e+01
   1.2693300e+06   2.6367188e+01
   1.2693700e+06   1.4770508e+01
   1.2693820e+06   1.7211914e+01
   1.2694270e+06   1.5075684e+01
   1.2694940e+06   1.5563965e+01
   1.2697170e+06   1.6601562e+01
   1.2697450e+06   1.4770508e+01
   1.2700740e+06   1.6235352e+01
   1.3250150e+06   1.6784668e+01
   1.3250370e+06   3.3691406e+01
   1.3250650e+06   1.5869141e+01
   1.3250750e+06   5.6579590e+01
   1.3251100e+06   1.5625000e+01
   1.3251290e+06   2.5573730e+01
   1.3251630e+06   2.5024414e+01
   1.3251760e+06   5.1025391e+01
   1.3251980e+06   1.6113281e+01
   1.3252180e+06   2.8381348e+01
   1.3252530e+06   1.4709473e+01
   1.3252880e+06   1.6235352e+01
   1.3253000e+06   3.2043457e+01
   1.3254200e+06   3.4667969e+01
   1.3254360e+06   2.8137207e+01
   1.3254860e+06   1.4831543e+01
   1.3255100e+06   1.6967773e+01
   1.3255210e+06   2.0996094e+01
   1.3255500e+06   3.4179688e+01
   1.3255790e+06   1.6113281e+01
   1.3256140e+06   2.2460938e+01
   1.3256460e+06   1.6540527e+01
   1.3256660e+06   1.6235352e+01
   1.3257040e+06   1.8432617e+01
   1.3257190e+06   2.0568848e+01
   1.3257680e+06   1.5380859e+01
   1.3258260e+06   2.0019531e+01
   1.3258870e+06   1.7639160e+01
   1.3259150e+06   1.8310547e+01
   1.3259550e+06   1.6296387e+01
   1.3260140e+06   1.4587402e+01
   1.3260940e+06   2.0751953e+01
   1.3261070e+06   1.7883301e+01
   1.3261360e+06   1.4892578e+01
   1.3261920e+06   2.0080566e+01
   1.3262210e+06   1.5502930e+01
   1.3263190e+06   1.6662598e+01
   1.3264860e+06   1.4709473e+01
   1.3265680e+06   1.4648438e+01
   1.3266780e+06   1.7089844e+01
   1.3551050e+06   1.7517090e+01
   1.3551500e+06   3.2409668e+01
   1.3551910e+06   1.6479492e+01
   1.3552040e+06   4.1076660e+01
   1.3552340e+06   2.0629883e+01
   1.3552890e+06   1.4892578e+01
   1.3553120e+06   1.4343262e+01
   1.3554020e+06   1.9165039e+01
   1.3557810e+06   2.2399902e+01
   1.4590200e+06   2.7893066e+01
   1.4590390e+06   2.5451660e+01
   1.4590660e+06   2.2277832e+01
   1.4590800e+06   1.7517090e+01
   1.4591270e+06   1.6113281e+01
   1.4591380e+06   2.3437500e+01
   1.4593070e+06   1.5930176e+01
   1.4593650e+06   1.9042969e+01
   1.4593770e+06   1.4953613e+01
   1.4594170e+06   1.4282227e+01
   1.4594360e+06   2.7587891e+01
   1.4594570e+06   1.9775391e+01
   1.4594770e+06   1.7883301e+01
   1.4595010e+06   1.8920898e+01
   1.4595270e+06   2.8869629e+01
   1.4595430e+06   2.4047852e+01
   1.4595730e+06   1.6906738e+01
   1.4595880e+06   1.7517090e+01
   1.4596030e+06   2.3864746e+01
   1.4596280e+06   1.6479492e+01
   1.4596660e+06   1.6113281e+01
   1.4596760e+06   1.9409180e+01
   1.4597000e+06   2.4047852e+01
   1.4597280e+06   1.7150879e+01
   1.4597640e+06   2.2216797e+01
   1.4597830e+06   1.7150879e+01
   1.4598370e+06   2.3437500e+01
   1.4598650e+06   1.4831543e+01
   1.4598780e+06   1.7700195e+01
   1.4599110e+06   2.0690918e+01
   1.4599850e+06   1.5441895e+01
   1.4601140e+06   1.4892578e+01
   1.4602500e+06   1.5991211e+01
   1.4602640e+06   1.7517090e+01
   1.4604540e+06   1.4709473e+01
   1.4605760e+06   1.5808105e+01
   1.4608490e+06   1.6967773e+01
   1.5193380e+06   2.0019531e+01
   1.5193700e+06   1.5136719e+01
   1.5193820e+06   2.1728516e+01
   1.5196520e+06   1.6418457e+01
   1.5197190e+06   1.4587402e+01
   1.5333190e+06   1.7761230e+01
   1.5333480e+06   2.4047852e+01
   1.5333730e+06   4.0832520e+01
   1.5334050e+06   4.1870117e+01
   1.5334240e+06   3.9245605e+01
   1.5334580e+06   4.4982910e+01
   1.5334830e+06   1.7944336e+01
   1.5335170e+06   2.0568848e+01
   1.5335270e+06   1.5258789e+01
   1.5335400e+06   1.7028809e+01
   1.5335720e+06   2.1789551e+01
   1.5335980e+06   2.0324707e+01
   1.5336300e+06   2.9541016e+01
   1.5336480e+06   2.5695801e+01
   1.5336640e+06   2.0202637e+01
   1.5336850e+06   2.2277832e+01
   1.5337050e+06   1.7089844e+01
   1.5337450e+06   1.9287109e+01
   1.5337590e+06   1.7761230e+01
   1.5337870e+06   1.8249512e+01
   1.5338070e+06   1.6479492e+01
   1.5338420e+06   1.4282227e+01
   1.5338670e+06   2.5817871e+01
   1.5338880e+06   1.4465332e+01
   1.5339200e+06   2.7404785e+01
   1.5339600e+06   2.9663086e+01
   1.5339720e+06   1.6235352e+01
   1.5340320e+06   1.6845703e+01
   1.5340900e+06   2.3864746e+01
   1.5341060e+06   2.1484375e+01
   1.5341210e+06   1.8066406e+01
   1.5342590e+06   2.1972656e+01
   1.5343910e+06   1.7272949e+01
   1.5344790e+06   1.5563965e+01
   1.5345450e+06   1.6418457e+01
   1.5346540e+06   2.2216797e+01
   1.5348710e+06   1.8615723e+01
   1.5348950e+06   1.4709473e+01
   1.5349470e+06   1.7456055e+01
   1.5908100e+06   1.5014648e+01
   1.5908910e+06   3.5095215e+01
   1.5909030e+06   1.8188477e+01
   1.5909150e+06   1.5441895e+01
   1.5909530e+06   4.8767090e+01
   1.5909690e+06   2.0751953e+01
   1.5910020e+06   2.1667480e+01
   1.5910120e+06   2.0385742e+01
   1.5910880e+06   2.0812988e+01
   1.5910990e+06   2.4230957e+01
   1.5911220e+06   3.2165527e+01
   1.5911720e+06   1.7333984e+01
   1.5912470e+06   1.4587402e+01
   1.5912610e+06   2.2094727e+01
   1.5913920e+06   1.4892578e+01
   1.5914460e+06   2.2338867e+01
   1.5915420e+06   1.4770508e+01
   1.5915990e+06   2.8015137e+01
   1.5916140e+06   2.6611328e+01
   1.5917410e+06   2.5207520e+01
   1.5917970e+06   2.5390625e+01
   1.5918790e+06   2.2644043e+01
   1.5919120e+06   2.1362305e+01
   1.5919460e+06   2.5756836e+01
   1.5919810e+06   1.8554688e+01
   1.5920250e+06   1.5991211e+01
   1.5920790e+06   1.4648438e+01
   1.5921160e+06   1.7639160e+01
   1.5921650e+06   1.7639160e+01
   1.5922940e+06   1.5075684e+01
   1.5923690e+06   1.4648438e+01
   1.5923850e+06   1.8920898e+01
   1.5924040e+06   1.5197754e+01
   1.5924800e+06   1.4526367e+01
   1.5925330e+06   1.6784668e+01
   1.5925480e+06   1.4282227e+01
   1.5925790e+06   1.6906738e+01
   1.5926530e+06   1.4770508e+01
   1.5927770e+06   1.5075684e+01
   1.5932360e+06   1.4892578e+01
   1.7069780e+06   1.6723633e+01
   1.7470570e+06   2.2033691e+01
   1.7471010e+06   1.9531250e+01
   1.7471120e+06   1.6540527e+01
   1.7471730e+06   2.4169922e+01
   1.7471950e+06   1.4892578e+01
   1.7472070e+06   1.7211914e+01
   1.7472240e+06   1.5441895e+01
   1.7472650e+06   1.5075684e+01
   1.7472870e+06   1.5136719e+01
   1.7475660e+06   2.4291992e+01
   1.7475800e+06   4.4006348e+01
   1.7477230e+06   1.9592285e+01
   1.7480760e+06   2.4230957e+01
   1.7481560e+06   1.6662598e+01
   1.7482450e+06   2.2399902e+01
   1.7482890e+06   2.5573730e+01
   1.7483140e+06   1.5686035e+01
   1.7483310e+06   2.2277832e+01
   1.7483410e+06   1.7822266e+01
   1.7483520e+06   2.1728516e+01
   1.7483760e+06   2.5756836e+01
   1.7484000e+06   2.5207520e+01
   1.7484130e+06   1.7211914e+01
   1.7484370e+06   2.7099609e+01
   1.7484550e+06   1.7578125e+01
   1.7484700e+06   2.6245117e+01
   1.7484940e+06   2.7343750e+01
   1.7485070e+06   2.9968262e+01
   1.7485280e+06   2.7648926e+01
   1.7485460e+06   3.2714844e+01
   1.7485850e+06   4.8583984e+01
   1.7485990e+06   3.9062500e+01
   1.7486190e+06   1.5197754e+01
   1.7486380e+06   3.1799316e+01
   1.7486590e+06   5.5480957e+01
   1.7486720e+06   2.0019531e+01
   1.7487070e+06   1.5747070e+01
   1.7487310e+06   1.8798828e+01
   1.7487550e+06   2.1911621e+01
   1.7487650e+06   1.5197754e+01
   1.7487780e+06   2.1972656e+01
   1.7488030e+06   4.0161133e+01
   1.7488290e+06   2.1545410e+01
   1.7488530e+06   2.2583008e+01
   1.7488630e+06   2.1911621e+01
   1.7488930e+06   1.6784668e+01
   1.7489160e+06   1.5808105e+01
   1.7489420e+06   1.8005371e+01
   1.7489630e+06   2.2460938e+01
   1.7489970e+06   1.4770508e+01
   1.7491130e+06   3.0212402e+01
   1.7491380e+06   1.5014648e+01
   1.7491760e+06   1.4282227e+01
   1.7492080e+06   2.3742676e+01
   1.7493090e+06   1.4282227e+01
   1.8533500e+06   1.4831543e+01
   1.8794750e+06   1.8615723e+01
   1.8794970e+06   2.8076172e+01
   1.8795100e+06   1.8066406e+01
   1.8795330e+06   4.8522949e+01
   1.8795510e+06   1.4465332e+01
   1.8795720e+06   2.3986816e+01
   1.8796290e+06   1.4831543e+01
   1.8796420e+06   1.7578125e+01
   1.8796800e+06   2.8137207e+01
   1.8797250e+06   1.5808105e+01
   1.8797390e+06   2.2888184e+01
   1.8797610e+06   1.5991211e+01
   1.8798170e+06   1.4953613e+01
   1.8798390e+06   1.5075684e+01
   1.8798630e+06   2.7099609e+01
   1.8798780e+06   1.9775391e+01
   1.8799820e+06   1.4892578e+01
   1.8800840e+06   2.7709961e+01
   1.8802180e+06   2.7526855e+01
   1.8802530e+06   1.4343262e+01
   1.8802710e+06   1.8920898e+01
   1.8803020e+06   1.5930176e+01
   1.8803280e+06   1.4709473e+01
   1.8803560e+06   2.4353027e+01
   1.8803720e+06   1.5991211e+01
   1.8804080e+06   2.3254395e+01
   1.8804670e+06   1.8615723e+01
   1.8805670e+06   1.6113281e+01
   1.8805800e+06   3.0517578e+01
   1.8806060e+06   2.4169922e+01
   1.8806830e+06   2.1240234e+01
   1.8807200e+06   1.9470215e+01
   1.8807420e+06   2.1240234e+01
   1.8807910e+06   1.4465332e+01
   1.8808150e+06   1.6174316e+01
   1.8808340e+06   1.4709473e+01
   1.8808840e+06   1.5869141e+01
   1.8809210e+06   1.5441895e+01
   1.8809510e+06   1.5197754e+01
   1.8809790e+06   1.4587402e+01
   1.8810280e+06   1.7028809e+01
   1.8810410e+06   2.3376465e+01
   1.8810770e+06   1.4465332e+01
   1.8810940e+06   1.5869141e+01
   1.8811630e+06   1.5014648e+01
   1.8812100e+06   1.4343262e+01
   1.8812210e+06   1.5563965e+01
   1.8812350e+06   1.5502930e+01
   1.8812550e+06   1.5625000e+01
   1.8813030e+06   1.4892578e+01
   1.8813190e+06   1.4465332e+01
   1.8814320e+06   1.5808105e+01
   1.8814500e+06   1.4953613e+01
   1.8815890e+06   1.4831543e+01
   1.9227080e+06   3.4423828e+01
   1.9227230e+06   1.5930176e+01
   1.9227330e+06   1.5441895e+01
   1.9227490e+06   3.7902832e+01
   1.9227850e+06   2.9907227e+01
   1.9228020e+06   1.7089844e+01
   1.9228130e+06   1.4648438e+01
   1.9228480e+06   2.1606445e+01
   1.9228770e+06   2.6000977e+01
   1.9229230e+06   1.7211914e+01
   1.9229370e+06   1.8676758e+01
   1.9229610e+06   1.5075684e+01
   1.9230840e+06   2.5878906e+01
   1.9232030e+06   4.2785645e+01
   1.9232690e+06   2.4902344e+01
   1.9233880e+06   2.1667480e+01
   1.9234250e+06   2.6733398e+01
   1.9234360e+06   1.8249512e+01
   1.9235110e+06   2.3925781e+01
   1.9235300e+06   1.7700195e+01
   1.9235690e+06   1.7333984e+01
   1.9236230e+06   1.4648438e+01
   1.9236510e+06   2.1789551e+01
   1.9236880e+06   2.4108887e+01
   1.9237010e+06   2.1362305e+01
   1.9237640e+06   1.4831543e+01
   1.9237860e+06   1.8005371e+01
   1.9238030e+06   1.6296387e+01
   1.9238350e+06   2.1850586e+01
   1.9238460e+06   1.6967773e+01
   1.9238640e+06   2.3864746e+01
   1.9238860e+06   1.5563965e+01
   1.9239600e+06   2.3071289e+01
   1.9239720e+06   2.9296875e+01
   1.9240060e+06   1.5930176e+01
   1.9240400e+06   1.8310547e+01
   1.9240770e+06   1.9531250e+01
   1.9241300e+06   1.6479492e+01
   1.9241650e+06   2.7832031e+01
   1.9242240e+06   1.7395020e+01
   1.9242670e+06   1.4831543e+01
   1.9243270e+06   1.6174316e+01
   1.9243660e+06   1.5563965e+01
   1.9244520e+06   1.4587402e+01
   1.9244960e+06   1.5563965e+01
   1.9245280e+06   1.5075684e+01
   1.9857440e+06   1.6662598e+01
   1.9857630e+06   3.3813477e+01
   1.9857880e+06   1.5625000e+01
   1.9858050e+06   1.4709473e+01
   1.9858310e+06   1.7822266e+01
   1.9858610e+06   2.2094727e+01
   1.9858800e+06   2.3071289e+01
   1.9859420e+06   1.5014648e+01
   1.9859750e+06   1.4282227e+01
   1.9860880e+06   1.4282227e+01
   1.9861190e+06   2.5817871e+01
   1.9862230e+06   1.4343262e+01
   1.9863020e+06   2.3254395e+01
   1.9864350e+06   1.6662598e+01
   1.9864570e+06   2.1789551e+01
   1.9864770e+06   1.4953613e+01
   1.9865140e+06   2.5512695e+01
   1.9865830e+06   3.0395508e+01
   1.9866890e+06   1.6357422e+01
   1.9866990e+06   1.9653320e+01
   1.9867400e+06   2.8747559e+01
   1.9867530e+06   1.5747070e+01
   1.9867770e+06   1.5991211e+01
   1.9867920e+06   1.4587402e+01
   1.9868170e+06   1.7150879e+01
   1.9868620e+06   1.4709473e+01
   1.9869160e+06   2.1911621e+01
   1.9869270e+06   1.6113281e+01
   1.9870060e+06   1.5075684e+01
   1.9871100e+06   1.7211914e+01
   1.9871200e+06   1.5136719e+01
   1.9872360e+06   2.4597168e+01
   1.9872960e+06   1.7822266e+01
   1.9873360e+06   1.4831543e+01
   1.9873750e+06   1.9470215e+01
   1.9874780e+06   1.8493652e+01
   1.9875360e+06   1.4648438e+01
   1.9876050e+06   1.6113281e+01
   1.9877920e+06   1.5686035e+01
   2.0401500e+06   2.8564453e+01
   2.0401810e+06   2.0080566e+01
   2.0401930e+06   3.2958984e+01
   2.0402210e+06   1.7150879e+01
   2.0402400e+06   1.6296387e+01
   2.0402640e+06   2.2583008e+01
   2.0403000e+06   1.8432617e+01
   2.0403280e+06   1.5258789e+01
   2.0403580e+06   2.3437500e+01
   2.0403700e+06   1.8859863e+01
   2.0404230e+06   2.2094727e+01
   2.0404450e+06   1.6296387e+01
   2.0405540e+06   2.0568848e+01
   2.0407230e+06   1.4709473e+01
   2.0407630e+06   2.7221680e+01
   2.0408820e+06   3.5461426e+01
   2.0409080e+06   1.6418457e+01
   2.0409820e+06   1.5625000e+01
   2.0409980e+06   2.7587891e+01
   2.0410140e+06   1.5930176e+01
   2.0410260e+06   1.9653320e+01
   2.0410760e+06   2.0996094e+01
   2.0411280e+06   2.2888184e+01
   2.0411630e+06   1.6113281e+01
   2.0411960e+06   1.7395020e+01
   2.0412190e+06   1.7211914e+01
   2.0412300e+06   1.6479492e+01
   2.0412680e+06   1.5319824e+01
   2.0412800e+06   1.4526367e+01
   2.0413520e+06   2.7099609e+01
   2.0413830e+06   1.4282227e+01
   2.0414470e+06   1.5441895e+01
   2.0415630e+06   1.6723633e+01
   2.0416030e+06   2.6000977e+01
   2.0416350e+06   2.0874023e+01
   2.0416580e+06   1.9042969e+01
   2.0417020e+06   2.4780273e+01
   2.0417370e+06   1.6357422e+01
   2.0417750e+06   1.5197754e+01
   2.0418100e+06   1.9653320e+01
   2.0419620e+06   1.5258789e+01
   2.0420390e+06   1.7150879e+01
   2.0422670e+06   1.4770508e+01
   2.0423290e+06   1.8066406e+01
   2.0866620e+06   2.8808594e+01
   2.0867060e+06   1.8188477e+01
   2.0867570e+06   1.8127441e+01
   2.0867740e+06   1.5319824e+01
   2.0867850e+06   1.7395020e+01
   2.0868200e+06   1.6479492e+01
   2.0868640e+06   3.0883789e+01
   2.0869570e+06   1.4465332e+01
   2.0870900e+06   2.4169922e+01
   2.0872290e+06   1.8676758e+01
   2.0872450e+06   1.5747070e+01
   2.0872760e+06   2.1484375e+01
   2.0873080e+06   1.4587402e+01
   2.0873490e+06   2.3742676e+01
   2.0874160e+06   2.1362305e+01
   2.0874640e+06   1.5808105e+01
   2.0875430e+06   1.6723633e+01
   2.0875710e+06   2.4780273e+01
   2.0875930e+06   2.1850586e+01
   2.0876180e+06   1.4770508e+01
   2.0876500e+06   1.9531250e+01
   2.0877110e+06   1.7883301e+01
   2.0877520e+06   1.5930176e+01
   2.0878280e+06   1.7517090e+01
   2.0878400e+06   1.8066406e+01
   2.0878950e+06   1.6235352e+01
   2.0879270e+06   2.0874023e+01
   2.0879380e+06   1.5625000e+01
   2.0879590e+06   1.6052246e+01
   2.0880960e+06   1.5014648e+01
   2.0881180e+06   1.5197754e+01
   2.0881460e+06   1.4526367e+01
   2.0882450e+06   1.5686035e+01
   2.0882550e+06   2.1057129e+01
   2.0883940e+06   1.7883301e+01
   2.0884800e+06   1.6845703e+01
   2.0886980e+06   1.5441895e+01
   2.0890370e+06   2.0751953e+01
   2.1806610e+06   2.5451660e+01
   2.1806740e+06   2.9846191e+01
   2.1806860e+06   2.2033691e+01
   2.1807120e+06   4.9987793e+01
   2.1807570e+06   1.8859863e+01
   2.1807880e+06   1.6601562e+01
   2.1808080e+06   4.0832520e+01
   2.1808250e+06   1.9042969e+01
   2.1808520e+06   2.8747559e+01
   2.1809100e+06   1.5319824e+01
   2.1810340e+06   3.7414551e+01
   2.1811400e+06   1.4404297e+01
   2.1811690e+06   2.0996094e+01
   2.1812030e+06   2.2094727e+01
   2.1812200e+06   1.6174316e+01
   2.1813290e+06   2.4230957e+01
   2.1813420e+06   1.9714355e+01
   2.1813840e+06   2.2155762e+01
   2.1814130e+06   1.6967773e+01
   2.1814780e+06   2.9052734e+01
   2.1814880e+06   1.5441895e+01
   2.1815620e+06   2.3925781e+01
   2.1816900e+06   2.6184082e+01
   2.1817250e+06   1.7639160e+01
   2.1817560e+06   1.8188477e+01
   2.1818330e+06   1.6357422e+01
   2.1819370e+06   1.5380859e+01
   2.1820060e+06   1.5808105e+01
   2.1820420e+06   1.5258789e+01
   2.1820550e+06   1.5686035e+01
   2.1821900e+06   2.0385742e+01
   2.1822000e+06   1.8066406e+01
   2.1822820e+06   1.9409180e+01
   2.1823660e+06   1.5625000e+01
   2.1824730e+06   1.6052246e+01
   2.1825090e+06   1.6418457e+01
   2.1826470e+06   2.1911621e+01
   2.1826630e+06   1.6418457e+01
   2.1826980e+06   1.4343262e+01
   2.1829380e+06   1.4587402e+01
   2.2739340e+06   1.8981934e+01
   2.2739840e+06   1.5197754e+01
   2.2739940e+06   1.5441895e+01
   2.3066250e+06   2.1057129e+01
   2.3066440e+06   2.1362305e+01
   2.3066570e+06   2.3986816e+01
   2.3066870e+06   2.0385742e+01
   2.3067230e+06   4.3273926e+01
   2.3067360e+06   1.9287109e+01
   2.3067690e+06   2.5390625e+01
   2.3067880e+06   1.5686035e+01
   2.3068050e+06   1.5930176e+01
   2.3068180e+06   2.5390625e+01
   2.3068710e+06   1.5441895e+01
   2.3069060e+06   1.6235352e+01
   2.3069260e+06   1.7944336e+01
   2.3070070e+06   2.5451660e+01
   2.3070460e+06   2.2705078e+01
   2.3070940e+06   1.5502930e+01
   2.3071460e+06   1.4465332e+01
   2.3072260e+06   2.3681641e+01
   2.3073350e+06   1.6540527e+01
   2.3073970e+06   3.3203125e+01
   2.3075150e+06   1.6723633e+01
   2.3075850e+06   1.6479492e+01
   2.3076080e+06   2.2766113e+01
   2.3076590e+06   1.4587402e+01
   2.3076810e+06   1.9104004e+01
   2.3089960e+06   2.6000977e+01
   2.3090590e+06   1.4770508e+01
   2.3090940e+06   1.4465332e+01
   2.3091450e+06   2.3925781e+01
   2.3092150e+06   1.8310547e+01
   2.3092550e+06   1.8188477e+01
   2.3092890e+06   1.8981934e+01
   2.3093300e+06   1.6296387e+01
   2.3093430e+06   1.5136719e+01
   2.3094020e+06   1.4892578e+01
   2.3094750e+06   1.5319824e+01
   2.3095070e+06   1.5380859e+01
   2.3095290e+06   1.5319824e+01
   2.3095400e+06   1.4953613e+01
   2.3096190e+06   1.6296387e+01
   2.3096460e+06   1.5319824e+01
   2.3096850e+06   1.7761230e+01
   2.3098420e+06   1.8310547e+01
   2.3633100e+06   1.8737793e+01
   2.3633330e+06   3.2287598e+01
   2.3633550e+06   1.6662598e+01
   2.3633730e+06   2.2033691e+01
   2.3633840e+06   1.5991211e+01
   2.3634010e+06   5.0842285e+01
   2.3634440e+06   1.7700195e+01
   2.3634680e+06   1.9165039e+01
   2.3634870e+06   1.8615723e+01
   2.3635440e+06   3.0761719e+01
   2.3635790e+06   1.5563965e+01
   2.3637660e+06   1.7028809e+01
   2.3639330e+06   1.6052246e+01
   2.3640310e+06   1.9958496e+01
   2.3985150e+06   1.4648438e+01
   2.4317450e+06   1.4343262e+01
   2.4317680e+06   3.5705566e+01
   2.4317830e+06   1.8554688e+01
   2.4318170e+06   4.6325684e+01
   2.4318600e+06   2.3132324e+01
   2.4318960e+06   2.8564453e+01
   2.4319280e+06   2.8198242e+01
   2.4319820e+06   1.9653320e+01
   2.4320260e+06   1.6418457e+01
   2.4320570e+06   1.8981934e+01
   2.4321220e+06   3.2043457e+01
   2.4323870e+06   2.2827148e+01
   2.4325290e+06   1.5930176e+01
   2.4325460e+06   1.6784668e+01
   2.4325760e+06   2.1911621e+01
   2.4325940e+06   1.4953613e+01
   2.4327390e+06   2.3986816e+01
   2.4328550e+06   1.5319824e+01
   2.4328850e+06   2.4536133e+01
   2.4328950e+06   3.9245605e+01
   2.4329410e+06   3.6010742e+01
   2.4329700e+06   3.4179687e+01
   2.4329840e+06   1.6967773e+01
   2.4330140e+06   2.6367188e+01
   2.4330290e+06   4.6203613e+01
   2.4330650e+06   4.5104980e+01
   2.4330790e+06   5.8410645e+01
   2.4331160e+06   4.8339844e+01
   2.4331450e+06   2.9479980e+01
   2.4331580e+06   7.4768066e+01
   2.4331970e+06   3.5949707e+01
   2.4332080e+06   2.7343750e+01
   2.4332240e+06   2.2705078e+01
   2.4332560e+06   2.7221680e+01
   2.4332700e+06   2.3376465e+01
   2.4332970e+06   4.8767090e+01
   2.4333240e+06   2.2399902e+01
   2.4333540e+06   2.7526855e+01
   2.4334070e+06   2.5329590e+01
   2.4334430e+06   2.4597168e+01
   2.4334740e+06   1.7944336e+01
   2.4334980e+06   2.2155762e+01
   2.4335170e+06   1.4831543e+01
   2.4336000e+06   2.7770996e+01
   2.4336820e+06   2.7221680e+01
   2.4336970e+06   1.6418457e+01
   2.4337570e+06   2.2827148e+01
   2.4340200e+06   1.4404297e+01
   2.4343090e+06   1.5991211e+01
   2.4344190e+06   1.5563965e+01
   2.4349040e+06   1.4404297e+01
   2.5886940e+06   1.7395020e+01
   2.5887040e+06   1.4404297e+01
   2.5887200e+06   2.1850586e+01
   2.5887410e+06   2.9235840e+01
   2.5887620e+06   1.6174316e+01
   2.5887780e+06   4.5654297e+01
   2.5887920e+06   1.8310547e+01
   2.5888240e+06   1.6479492e+01
   2.5888560e+06   2.6428223e+01
   2.5888810e+06   2.8686523e+01
   2.5889010e+06   3.4118652e+01
   2.5889310e+06   1.5869141e+01
   2.5889420e+06   1.6601562e+01
   2.5889820e+06   4.3395996e+01
   2.5890020e+06   6.2927246e+01
   2.5890450e+06   4.0527344e+01
   2.5890730e+06   2.3132324e+01
   2.5890880e+06   1.9958496e+01
   2.5891070e+06   2.0751953e+01
   2.5891180e+06   1.6540527e+01
   2.5891390e+06   2.3254395e+01
   2.5891650e+06   4.1625977e+01
   2.5891760e+06   1.8066406e+01
   2.5892220e+06   1.7700195e+01
   2.5892400e+06   2.1240234e+01
   2.5892630e+06   1.8127441e+01
   2.5892740e+06   2.1179199e+01
   2.5893030e+06   3.8574219e+01
   2.5893240e+06   2.3864746e+01
   2.5893420e+06   5.4809570e+01
   2.5893840e+06   2.3437500e+01
   2.5893980e+06   1.8554688e+01
   2.5894270e+06   2.8625488e+01
   2.5894630e+06   1.8615723e+01
   2.5894970e+06   1.4404297e+01
   2.5895190e+06   3.6315918e+01
   2.5895300e+06   1.9470215e+01
   2.5895650e+06   1.7211914e+01
   2.5895750e+06   2.0812988e+01
   2.5896370e+06   1.6723633e+01
   2.5896480e+06   2.1240234e+01
   2.5896870e+06   1.4404297e+01
   2.5897070e+06   2.8076172e+01
   2.5897320e+06   2.4047852e+01
   2.5897650e+06   2.0141602e+01
   2.5897790e+06   4.2236328e+01
   2.5898000e+06   2.0935059e+01
   2.5898340e+06   2.4353027e+01
   2.5898650e+06   4.2297363e+01
   2.5898930e+06   1.4282227e+01
   2.5899220e+06   2.1484375e+01
   2.5899430e+06   2.1545410e+01
   2.5899550e+06   2.0202637e+01
   2.5900410e+06   1.6235352e+01
   2.5900740e+06   2.4414062e+01
   2.5900870e+06   1.5258789e+01
   2.5903890e+06   1.5197754e+01
   2.5905450e+06   1.4892578e+01
   2.6050320e+06   1.7456055e+01
   2.6051250e+06   2.1484375e+01
   2.6051910e+06   3.0883789e+01
   2.6052370e+06   1.5747070e+01
   2.6052810e+06   1.7028809e+01
   2.6053360e+06   1.6845703e+01
   2.6053800e+06   1.7211914e+01
   2.6054100e+06   1.4526367e+01
   2.6054460e+06   1.6967773e+01
   2.6054680e+06   1.9104004e+01
   2.6057420e+06   4.1259766e+01
   2.6064440e+06   1.6906738e+01
   2.6066160e+06   5.2978516e+01
   2.6066600e+06   3.6560059e+01
   2.6066840e+06   1.4892578e+01
   2.6067010e+06   2.2827148e+01
   2.6067660e+06   2.1179199e+01
   2.6067810e+06   1.4526367e+01
   2.6068060e+06   3.7170410e+01
   2.6068360e+06   2.2216797e+01
   2.6068560e+06   2.4597168e+01
   2.6069050e+06   2.6672363e+01
   2.6069310e+06   2.9296875e+01
   2.6069750e+06   3.3630371e+01
   2.6070060e+06   3.8024902e+01
   2.6070800e+06   4.1931152e+01
   2.6071070e+06   1.6662598e+01
   2.6071170e+06   2.3925781e+01
   2.6071340e+06   2.7465820e+01
   2.6071510e+06   1.9653320e+01
   2.6071710e+06   1.5136719e+01
   2.6072750e+06   2.3132324e+01
   2.6072920e+06   5.2978516e+01
   2.6073660e+06   1.5869141e+01
   2.6074150e+06   3.1677246e+01
   2.6074470e+06   1.6845703e+01
   2.6074580e+06   1.6662598e+01
   2.6074780e+06   2.2888184e+01
   2.6076090e+06   1.6540527e+01
   2.6076560e+06   3.0029297e+01
   2.6076980e+06   2.0324707e+01
   2.6077230e+06   1.9287109e+01
   2.7009010e+06   1.4587402e+01
   2.7009260e+06   2.4047852e+01
   2.7009490e+06   4.5776367e+01
   2.7009800e+06   3.7536621e+01
   2.7009980e+06   2.8930664e+01
   2.7010340e+06   3.4851074e+01
   2.7010610e+06   2.0019531e+01
   2.7010780e+06   2.6855469e+01
   2.7011010e+06   2.0690918e+01
   2.7011140e+06   1.7272949e+01
   2.7011440e+06   3.4667969e+01
   2.7011640e+06   3.8208008e+01
   2.7011900e+06   3.2958984e+01
   2.7012010e+06   2.9113770e+01
   2.7012190e+06   1.6601562e+01
   2.7012660e+06   3.8208008e+01
   2.7012940e+06   3.4667969e+01
   2.7013040e+06   2.1362305e+01
   2.7013260e+06   1.6174316e+01
   2.7013450e+06   2.1545410e+01
   2.7013590e+06   3.2592773e+01
   2.7013890e+06   2.2033691e+01
   2.7014000e+06   3.8085938e+01
   2.7014240e+06   3.4179688e+01
   2.7014550e+06   2.6977539e+01
   2.7014830e+06   2.0874023e+01
   2.7014930e+06   2.0263672e+01
   2.7015260e+06   2.4658203e+01
   2.7015410e+06   1.7822266e+01
   2.7015710e+06   1.8371582e+01
   2.7015840e+06   2.1240234e+01
   2.7016190e+06   2.0507812e+01
   2.7016290e+06   2.2216797e+01
   2.7016650e+06   3.6987305e+01
   2.7016910e+06   2.1972656e+01
   2.7017540e+06   1.6174316e+01
   2.7018120e+06   1.8310547e+01
   2.7018260e+06   3.2531738e+01
   2.7018880e+06   1.7822266e+01
   2.7019150e+06   3.5461426e+01
   2.7019330e+06   1.7395020e+01
   2.7019610e+06   1.8920898e+01
   2.7019860e+06   2.4780273e+01
   2.7020140e+06   2.0202637e+01
   2.7020780e+06   2.0324707e+01
   2.7021940e+06   1.4770508e+01
   2.7781970e+06   1.8066406e+01
   2.7782190e+06   3.7780762e+01
   2.7782470e+06   2.0385742e+01
   2.7782650e+06   5.3527832e+01
   2.7782970e+06   1.6357422e+01
   2.7783330e+06   2.5573730e+01
   2.7783740e+06   2.5756836e+01
   2.7784170e+06   1.5197754e+01
   2.7784450e+06   2.6062012e+01
   2.7784640e+06   3.5339355e+01
   2.7784790e+06   1.5441895e+01
   2.7785160e+06   1.6418457e+01
   2.7785460e+06   1.7700195e+01
   2.7785840e+06   2.1301270e+01
   2.7786610e+06   1.4404297e+01
   2.7787070e+06   3.9428711e+01
   2.7787570e+06   3.1372070e+01
   2.7787730e+06   4.6020508e+01
   2.7788040e+06   1.7089844e+01
   2.7790340e+06   1.4587402e+01
   2.7790550e+06   2.5024414e+01
   2.8064470e+06   2.8625488e+01
   2.8065640e+06   2.3254395e+01
   2.8065990e+06   4.4494629e+01
   2.8066810e+06   2.2399902e+01
   2.8066920e+06   1.6418457e+01
   2.8067220e+06   1.4770508e+01
   2.8067350e+06   1.4465332e+01
   2.8067530e+06   2.2155762e+01
   2.8067740e+06   1.8249512e+01
   2.8068070e+06   2.3742676e+01
   2.8068700e+06   1.5075684e+01
   2.8069380e+06   1.5930176e+01
   2.8069540e+06   1.9836426e+01
   2.8069660e+06   1.6357422e+01
   2.8069940e+06   1.7150879e+01
   2.8070050e+06   1.5380859e+01
   2.8070270e+06   2.2521973e+01
   2.8070430e+06   3.6254883e+01
   2.8070600e+06   5.8044434e+01
   2.8070810e+06   1.7150879e+01
   2.8071360e+06   1.9226074e+01
   2.8071690e+06   1.7761230e+01
   2.8071800e+06   2.5024414e+01
   2.8072070e+06   1.7517090e+01
   2.8072320e+06   2.5268555e+01
   2.8072590e+06   1.4953613e+01
   2.8072960e+06   2.6733398e+01
   2.8073290e+06   1.7272949e+01
   2.8073410e+06   2.1057129e+01
   2.8073860e+06   1.7150879e+01
   2.8074450e+06   1.4770508e+01
   2.8074800e+06   2.4230957e+01
   2.8074930e+06   1.4343262e+01
   2.8075480e+06   1.4343262e+01
   2.8075890e+06   2.6184082e+01
   2.8076480e+06   1.5747070e+01
   2.8077470e+06   2.4536133e+01
   2.8507910e+06   1.6601562e+01
   2.8508270e+06   3.4851074e+01
   2.8508650e+06   2.9052734e+01
   2.8508760e+06   3.2958984e+01
   2.8509030e+06   3.6804199e+01
   2.8509170e+06   2.9174805e+01
   2.8509480e+06   2.1911621e+01
   2.8509740e+06   2.9357910e+01
   2.8509930e+06   1.6906738e+01
   2.8510320e+06   1.9897461e+01
   2.8510530e+06   1.4648438e+01
   2.8511090e+06   2.2766113e+01
   2.8511310e+06   1.9226074e+01
   2.8511610e+06   1.9470215e+01
   2.8511790e+06   1.8676758e+01
   2.8512120e+06   4.3640137e+01
   2.8512530e+06   3.1372070e+01
   2.8512680e+06   1.4343262e+01
   2.8512970e+06   1.6906738e+01
   2.8513210e+06   1.5197754e+01
   2.8513480e+06   2.5268555e+01
   2.8513810e+06   1.5686035e+01
   2.8514230e+06   2.2766113e+01
   2.8516260e+06   2.1667480e+01
   2.9575580e+06   1.8188477e+01
   2.9575920e+06   4.0344238e+01
   2.9576060e+06   2.0446777e+01
   2.9576280e+06   5.4992676e+01
   2.9576380e+06   2.7404785e+01
   2.9576770e+06   3.3447266e+01
   2.9576950e+06   2.5085449e+01
   2.9577080e+06   1.6235352e+01
   2.9577370e+06   2.4291992e+01
   2.9577470e+06   1.9958496e+01
   2.9577630e+06   2.1301270e+01
   2.9577900e+06   2.1789551e+01
   2.9578280e+06   1.6113281e+01
   2.9578390e+06   2.6245117e+01
   2.9579230e+06   1.4831543e+01
   2.9579400e+06   2.1728516e+01
   2.9580080e+06   2.4291992e+01
   2.9580590e+06   2.6306152e+01
   2.9580970e+06   2.0263672e+01
   2.9581270e+06   4.7973633e+01
   2.9582030e+06   2.1240234e+01
   2.9583350e+06   1.8798828e+01
   2.9760630e+06   1.4526367e+01
   2.9763760e+06   2.8747559e+01
   3.0850360e+06   1.5625000e+01
   3.0850770e+06   1.7211914e+01
   3.0850990e+06   1.5625000e+01
   3.0851690e+06   2.0385742e+01
   3.0851950e+06   1.6906738e+01
   3.0852300e+06   1.5258789e+01
   3.0852500e+06   1.5380859e+01
   3.0852660e+06   2.7465820e+01
   3.0852790e+06   3.0090332e+01
   3.0853120e+06   3.1127930e+01
   3.0853230e+06   4.3762207e+01
   3.0853360e+06   2.1057129e+01
   3.0853550e+06   8.8684082e+01
   3.0853710e+06   4.6936035e+01
   3.0853830e+06   2.3681641e+01
   3.0853980e+06   5.4931641e+01
   3.0854090e+06   2.2216797e+01
   3.0854220e+06   4.1015625e+01
   3.0854490e+06   4.0527344e+01
   3.0854850e+06   2.9968262e+01
   3.0855080e+06   3.4301758e+01
   3.0855330e+06   2.5634766e+01
   3.0855550e+06   2.8747559e+01
   3.0855730e+06   2.2521973e+01
   3.0856060e+06   2.0812988e+01
   3.0856260e+06   2.8259277e+01
   3.0856490e+06   3.2958984e+01
   3.0856790e+06   3.0517578e+01
   3.0857030e+06   3.5095215e+01
   3.0857380e+06   3.1921387e+01
   3.0857480e+06   2.6367188e+01
   3.0857890e+06   2.5817871e+01
   3.0858180e+06   1.8676758e+01
   3.0858360e+06   2.6672363e+01
   3.0858550e+06   2.1423340e+01
   3.0858790e+06   2.4108887e+01
   3.0859140e+06   1.6723633e+01
   3.0859480e+06   1.7639160e+01
   3.0859640e+06   1.7028809e+01
   3.0859840e+06   1.6906738e+01
   3.0860380e+06   1.6601562e+01
   3.0860850e+06   2.1911621e+01
   3.0861610e+06   1.6235352e+01
   3.0861780e+06   2.0568848e+01
   3.0862760e+06   2.2521973e+01
   3.0863810e+06   2.1545410e+01
   3.0864250e+06   1.4831543e+01
   3.0864570e+06   1.4648438e+01
   3.0864880e+06   2.0935059e+01
   3.0865210e+06   1.9531250e+01
   3.0866720e+06   1.5930176e+01
   3.0868650e+06   1.5258789e+01
   3.0870700e+06   1.5258789e+01
   3.0872510e+06   1.5625000e+01
   3.1011530e+06   4.3273926e+01
   3.1011870e+06   2.7038574e+01
   3.1012440e+06   2.3498535e+01
   3.1013130e+06   2.8869629e+01
   3.1014640e+06   4.4067383e+01
   3.1015200e+06   2.0202637e+01
   3.1016030e+06   1.7333984e+01
   3.1016280e+06   2.1118164e+01
   3.1016480e+06   4.4494629e+01
   3.1016690e+06   2.3193359e+01
   3.1016800e+06   1.9897461e+01
   3.1017590e+06   1.6235352e+01
   3.1017900e+06   1.7089844e+01
   3.1018320e+06   1.6784668e+01
   3.1018630e+06   3.6560059e+01
   3.1019060e+06   1.7089844e+01
   3.1019380e+06   2.0141602e+01
   3.1019560e+06   3.3569336e+01
   3.1019810e+06   1.9531250e+01
   3.1020090e+06   1.5197754e+01
   3.1020320e+06   4.4738770e+01
   3.1020490e+06   1.7700195e+01
   3.1020730e+06   3.9916992e+01
   3.1020980e+06   2.9357910e+01
   3.1021110e+06   2.6245117e+01
   3.1021430e+06   2.9174805e+01
   3.1021660e+06   3.7841797e+01
   3.1021840e+06   2.4353027e+01
   3.1021990e+06   1.5991211e+01
   3.1022330e+06   2.9724121e+01
   3.1022520e+06   2.3498535e+01
   3.1022640e+06   2.0690918e+01
   3.1022880e+06   5.2246094e+01
   3.1023100e+06   2.3010254e+01
   3.1023310e+06   1.6174316e+01
   3.1023550e+06   2.8747559e+01
   3.1023890e+06   3.8818359e+01
   3.1024210e+06   3.8696289e+01
   3.1024390e+06   2.4902344e+01
   3.1024650e+06   2.7282715e+01
   3.1024870e+06   3.0761719e+01
   3.1025190e+06   3.7353516e+01
   3.1025290e+06   1.8432617e+01
   3.1025520e+06   4.3518066e+01
   3.1025880e+06   2.0507812e+01
   3.1025980e+06   2.0751953e+01
   3.1026300e+06   2.6977539e+01
   3.1026430e+06   2.6794434e+01
   3.1026780e+06   4.5959473e+01
   3.1026880e+06   1.8249512e+01
   3.1027150e+06   2.6672363e+01
   3.1027260e+06   2.1728516e+01
   3.1027640e+06   1.4953613e+01
   3.1027840e+06   1.5686035e+01
   3.1028020e+06   3.3203125e+01
   3.1028350e+06   2.5756836e+01
   3.1028460e+06   2.5146484e+01
   3.1028790e+06   1.9836426e+01
   3.1029000e+06   2.8381348e+01
   3.1029260e+06   3.0944824e+01
   3.1029370e+06   2.0812988e+01
   3.1029740e+06   1.5319824e+01
   3.1030160e+06   1.5136719e+01
   3.1030360e+06   1.9226074e+01
   3.1030640e+06   2.3071289e+01
   3.1031120e+06   2.1850586e+01
   3.1031300e+06   3.6010742e+01
   3.1031760e+06   1.9470215e+01
   3.1031880e+06   3.2592773e+01
   3.1032320e+06   1.6845703e+01
   3.1033410e+06   2.1850586e+01
   3.1033560e+06   1.7578125e+01
   3.1033910e+06   1.7333984e+01
   3.1034530e+06   1.5625000e+01
   3.1035530e+06   1.8859863e+01
   3.1035790e+06   1.4404297e+01
   3.1036420e+06   1.5930176e+01
   3.1036920e+06   1.7761230e+01
   3.1061030e+06   1.5502930e+01
   3.1129560e+06   1.8371582e+01
   3.1133340e+06   2.1972656e+01
   3.1135950e+06   4.3945312e+01
   3.1136400e+06   3.0944824e+01
   3.1138230e+06   1.6784668e+01
   3.1140270e+06   3.2104492e+01
   3.1141000e+06   3.4729004e+01
   3.1149390e+06   3.8818359e+01
   3.1150030e+06   3.0090332e+01
   3.1153820e+06   3.5095215e+01
   3.1155430e+06   3.5522461e+01
   3.1160240e+06   3.9611816e+01
   3.1165670e+06   3.4545898e+01
   3.1175460e+06   3.6987305e+01
   3.1176570e+06   3.6621094e+01
   3.1190810e+06   3.7170410e+01
   3.1191680e+06   3.0395508e+01
   3.1203560e+06   4.3334961e+01
   3.1205540e+06   3.3447266e+01
   3.1213760e+06   3.7963867e+01
   3.1223490e+06   3.8513184e+01
   3.1230440e+06   4.1320801e+01
   3.1240040e+06   3.7353516e+01
   3.1253640e+06   1.8981934e+01
   3.1257220e+06   3.5827637e+01
   3.1265050e+06   2.2216797e+01
   3.1271210e+06   4.0710449e+01
   3.1297150e+06   4.1198730e+01
   3.2057930e+06   1.5258789e+01
   3.2668980e+06   1.7578125e+01
   3.3907200e+06   1.7578125e+01
   3.3907910e+06   1.7028809e+01
   3.4374820e+06   4.0161133e+01
   3.4375120e+06   2.9052734e+01
   3.4375250e+06   2.5146484e+01
   3.4375680e+06   1.7395020e+01
   3.4376030e+06   4.0039063e+01
   3.4376150e+06   2.0080566e+01
   3.4377050e+06   1.6601562e+01
   3.4377480e+06   1.5319824e+01
   3.4378300e+06   4.1259766e+01
   3.4378500e+06   1.4770508e+01
   3.4378780e+06   1.6784668e+01
   3.4379060e+06   2.7526855e+01
   3.4379350e+06   2.8381348e+01
   3.4379730e+06   2.7160645e+01
   3.4380100e+06   3.3081055e+01
   3.4380340e+06   1.5930176e+01
   3.4381140e+06   2.4780273e+01
   3.4381240e+06   1.6296387e+01
   3.4381490e+06   2.0202637e+01
   3.4381730e+06   1.8127441e+01
   3.4381980e+06   1.7883301e+01
   3.4382140e+06   2.5329590e+01
   3.4383120e+06   2.2583008e+01
   3.4383330e+06   1.7517090e+01
   3.4384180e+06   1.5563965e+01
   3.4384290e+06   1.5258789e+01
   3.4384690e+06   1.7578125e+01
   3.4385220e+06   1.5380859e+01
   3.4385860e+06   1.7333984e+01
   3.4387120e+06   1.7211914e+01
   3.4387450e+06   1.5014648e+01
   3.4387940e+06   1.9287109e+01
   3.4388280e+06   1.4526367e+01
   3.4389280e+06   1.5991211e+01
   3.4389890e+06   1.6479492e+01
   3.4390750e+06   1.7456055e+01
   3.4390860e+06   2.0324707e+01
   3.4391140e+06   1.6906738e+01
   3.4391670e+06   1.7028809e+01
   3.4391960e+06   1.5991211e+01
   3.4392520e+06   1.9592285e+01
   3.4392870e+06   1.8981934e+01
   3.4393180e+06   4.0100098e+01
   3.4393560e+06   1.4587402e+01
   3.4393940e+06   1.4953613e+01
   3.4396490e+06   1.4587402e+01
   3.4848460e+06   1.9409180e+01
   3.4848720e+06   3.2775879e+01
   3.4849140e+06   1.6052246e+01
   3.4849330e+06   1.5258789e+01
   3.4849490e+06   2.2216797e+01
   3.4849690e+06   2.0385742e+01
   3.4849980e+06   1.9653320e+01
   3.4850320e+06   1.9531250e+01
   3.4850500e+06   1.5991211e+01
   3.4850920e+06   1.5991211e+01
   3.4851400e+06   3.0395508e+01
   3.4852560e+06   2.3132324e+01
   3.4853490e+06   1.6601562e+01
   3.4853760e+06   1.7150879e+01
   3.4855370e+06   2.3315430e+01
   3.4855690e+06   1.5075684e+01
   3.4855910e+06   2.5268555e+01
   3.4856560e+06   1.7028809e+01
   3.4857010e+06   1.8432617e+01
   3.4857110e+06   1.9348145e+01
   3.4857320e+06   2.4658203e+01
   3.4857990e+06   3.4057617e+01
   3.4858660e+06   1.9226074e+01
   3.4859170e+06   1.7028809e+01
   3.4859470e+06   1.5197754e+01
   3.4859730e+06   1.8981934e+01
   3.4860140e+06   1.6845703e+01
   3.4860410e+06   1.5319824e+01
   3.4860660e+06   1.6784668e+01
   3.4861390e+06   1.8249512e+01
   3.4861510e+06   2.1911621e+01
   3.4862050e+06   1.6357422e+01
   3.4862330e+06   1.5136719e+01
   3.4862760e+06   1.5258789e+01
   3.4863260e+06   2.0690918e+01
   3.4863380e+06   2.2521973e+01
   3.4863630e+06   1.5563965e+01
   3.4864470e+06   1.4953613e+01
   3.4864940e+06   1.5441895e+01
   3.4865040e+06   1.5930176e+01
   3.4865680e+06   1.4831543e+01
   3.4867040e+06   1.4892578e+01
   3.4867400e+06   1.7028809e+01
   3.4867940e+06   1.6906738e+01
   3.4868450e+06   1.4587402e+01
   3.4868860e+06   1.6235352e+01
   3.4869200e+06   1.5014648e+01
   3.4870610e+06   1.4953613e+01
   3.4872790e+06   1.7578125e+01
   3.5427940e+06   1.8005371e+01
   3.5428150e+06   1.7028809e+01
   3.5428360e+06   5.1574707e+01
   3.5428600e+06   1.4648438e+01
   3.5428810e+06   2.3498535e+01
   3.5429300e+06   1.4343262e+01
   3.5429580e+06   3.7536621e+01
   3.5429740e+06   2.3681641e+01
   3.5429960e+06   2.9296875e+01
   3.5430260e+06   3.0029297e+01
   3.5430490e+06   2.0996094e+01
   3.5430700e+06   1.6357422e+01
   3.5430840e+06   1.8066406e+01
   3.5431260e+06   1.7700195e+01
   3.5431520e+06   2.6733398e+01
   3.5431630e+06   2.8686523e+01
   3.5432260e+06   1.9592285e+01
   3.5432380e+06   1.7944336e+01
   3.5432690e+06   3.3569336e+01
   3.5432990e+06   1.5136719e+01
   3.5433370e+06   1.8188477e+01
   3.5433580e+06   1.5747070e+01
   3.5434310e+06   1.8493652e+01
   3.5434420e+06   1.6418457e+01
   3.5434640e+06   2.0507812e+01
   3.5435180e+06   2.0568848e+01
   3.5435380e+06   1.4404297e+01
   3.5435540e+06   1.6723633e+01
   3.5435760e+06   1.7089844e+01
   3.5436750e+06   1.8615723e+01
   3.5436870e+06   1.7517090e+01
   3.5437260e+06   1.5869141e+01
   3.5437540e+06   1.5197754e+01
   3.5438730e+06   1.4892578e+01
   3.5439240e+06   1.8005371e+01
   3.5440050e+06   1.8737793e+01
   3.5440490e+06   2.0385742e+01
   3.5441870e+06   1.5014648e+01
   3.5442170e+06   1.4892578e+01
   3.5445350e+06   1.4465332e+01
   3.5941560e+06   1.6784668e+01
   3.5941910e+06   2.6184082e+01
   3.5942100e+06   2.5695801e+01
   3.5942580e+06   1.7272949e+01
   3.5942680e+06   3.1127930e+01
   3.5943220e+06   2.2338867e+01
   3.5943540e+06   1.4526367e+01
   3.5944650e+06   1.5380859e+01
   3.5944980e+06   2.4902344e+01
   3.5945490e+06   1.5014648e+01
   3.5945740e+06   1.7578125e+01
   3.5950150e+06   2.2155762e+01
   3.6992790e+06   2.0812988e+01
   3.6992960e+06   3.6804199e+01
   3.6993220e+06   1.4526367e+01
   3.6993340e+06   1.7089844e+01
   3.6993700e+06   3.7414551e+01
   3.6994270e+06   1.6723633e+01
   3.6995620e+06   2.5329590e+01
   3.6996620e+06   1.5380859e+01
   3.6997230e+06   2.2460938e+01
   3.6998670e+06   2.0568848e+01
   3.6999560e+06   2.7893066e+01
   3.7000310e+06   2.1484375e+01
   3.7000700e+06   1.9470215e+01
   3.7000890e+06   2.3010254e+01
   3.7001190e+06   1.8310547e+01
   3.7001330e+06   1.9714355e+01
   3.7001540e+06   1.5380859e+01
   3.7001680e+06   2.2216797e+01
   3.7001940e+06   2.0202637e+01
   3.7002110e+06   2.4230957e+01
   3.7002300e+06   1.5014648e+01
   3.7002600e+06   1.6662598e+01
   3.7003490e+06   1.9958496e+01
   3.7003850e+06   2.0324707e+01
   3.7004280e+06   1.9653320e+01
   3.7004470e+06   2.1240234e+01
   3.7004980e+06   1.5441895e+01
   3.7005240e+06   1.5930176e+01
   3.7006090e+06   1.7333984e+01
   3.7006340e+06   1.7944336e+01
   3.7006630e+06   1.5747070e+01
   3.7007520e+06   1.5441895e+01
   3.7008300e+06   1.7456055e+01
   3.7009110e+06   1.6418457e+01
   3.7009410e+06   1.6967773e+01
   3.7009570e+06   1.7150879e+01
   3.7010450e+06   1.6174316e+01
   3.7011290e+06   1.6296387e+01
   3.7011730e+06   1.5441895e+01
   3.7013070e+06   1.9714355e+01
   3.7013600e+06   1.4892578e+01
   3.7182470e+06   1.6479492e+01
   3.7452140e+06   1.4831543e+01
   3.8197160e+06   2.6916504e+01
   3.8197790e+06   1.4526367e+01
   3.8197940e+06   1.6418457e+01
   3.8597350e+06   3.4179688e+01
   3.8597460e+06   5.2246094e+01
   3.8597720e+06   2.4108887e+01
   3.8597850e+06   4.7851562e+01
   3.8598030e+06   1.9042969e+01
   3.8598250e+06   2.4169922e+01
   3.8598480e+06   1.6845703e+01
   3.8598610e+06   1.6296387e+01
   3.8598970e+06   1.7211914e+01
   3.8599240e+06   1.6052246e+01
   3.8599620e+06   2.2766113e+01
   3.8600020e+06   1.8493652e+01
   3.8600190e+06   1.5563965e+01
   3.8600460e+06   2.7404785e+01
   3.8600600e+06   1.6052246e+01
   3.8600910e+06   1.9409180e+01
   3.8601650e+06   1.5441895e+01
   3.8601890e+06   2.7587891e+01
   3.8602230e+06   1.8249512e+01
   3.8602510e+06   1.5808105e+01
   3.8602660e+06   2.0996094e+01
   3.8603310e+06   3.2043457e+01
   3.8603490e+06   1.4892578e+01
   3.8603920e+06   2.2460938e+01
   3.8604150e+06   1.5075684e+01
   3.8604280e+06   1.5441895e+01
   3.8604490e+06   2.0263672e+01
   3.8605170e+06   1.9836426e+01
   3.8605300e+06   1.6784668e+01
   3.8605680e+06   2.0202637e+01
   3.8605880e+06   1.5197754e+01
   3.8606590e+06   2.0568848e+01
   3.8607180e+06   2.1301270e+01
   3.8607970e+06   2.0141602e+01
   3.8608220e+06   1.4343262e+01
   3.8608460e+06   1.6296387e+01
   3.8608800e+06   1.5441895e+01
   3.8608900e+06   2.2521973e+01
   3.8609190e+06   1.6113281e+01
   3.8609840e+06   1.5319824e+01
   3.8610140e+06   1.4892578e+01
   3.8612350e+06   1.6601562e+01
   3.8612720e+06   1.6479492e+01
   3.8614080e+06   1.8310547e+01
   3.8617940e+06   1.4709473e+01
   3.9577410e+06   1.8066406e+01
   3.9579220e+06   1.5014648e+01
   4.1463080e+06   1.6235352e+01
   4.1463410e+06   3.0944824e+01
   4.1463730e+06   2.2521973e+01
   4.1464170e+06   2.2094727e+01
   4.1464300e+06   3.3325195e+01
   4.1464570e+06   1.9470215e+01
   4.1464800e+06   3.7048340e+01
   4.1464950e+06   1.9348145e+01
   4.1465140e+06   2.7648926e+01
   4.1465270e+06   2.1972656e+01
   4.1465540e+06   2.0690918e+01
   4.1465750e+06   2.4597168e+01
   4.1465960e+06   3.6682129e+01
   4.1466230e+06   6.8542480e+01
   4.1466390e+06   1.5930176e+01
   4.1466720e+06   5.1940918e+01
   4.1466840e+06   5.7983398e+01
   4.1467130e+06   8.1054688e+01
   4.1467430e+06   5.4565430e+01
   4.1467620e+06   2.5878906e+01
   4.1467810e+06   3.6315918e+01
   4.1467970e+06   2.8137207e+01
   4.1468100e+06   5.9143066e+01
   4.1468410e+06   1.5563965e+01
   4.1468530e+06   3.0334473e+01
   4.1468720e+06   1.4526367e+01
   4.1469040e+06   3.2348633e+01
   4.1469260e+06   2.9357910e+01
   4.1469510e+06   2.7160645e+01
   4.1469630e+06   2.1667480e+01
   4.1469850e+06   1.4709473e+01
   4.1470090e+06   2.6733398e+01
   4.1470370e+06   2.4169922e+01
   4.1470550e+06   1.9775391e+01
   4.1470740e+06   1.6601562e+01
   4.1470900e+06   1.4892578e+01
   4.1471140e+06   1.6601562e+01
   4.1471560e+06   3.5095215e+01
   4.1472070e+06   2.0141602e+01
   4.1472300e+06   1.9958496e+01
   4.1472450e+06   1.8615723e+01
   4.1472710e+06   1.7944336e+01
   4.1472960e+06   1.7333984e+01
   4.1473240e+06   1.6418457e+01
   4.1473550e+06   1.9348145e+01
   4.1473920e+06   2.4108887e+01
   4.1474520e+06   2.1179199e+01
   4.1474880e+06   2.5207520e+01
   4.1475000e+06   1.4709473e+01
   4.1475260e+06   1.7456055e+01
   4.1475700e+06   2.5207520e+01
   4.1476190e+06   1.6052246e+01
   4.1476610e+06   2.6977539e+01
   4.1477000e+06   1.9897461e+01
   4.1477500e+06   2.1484375e+01
   4.1478290e+06   1.4404297e+01
   4.1478570e+06   1.9287109e+01
   4.1480170e+06   1.4404297e+01
   4.1625430e+06   3.9733887e+01
   4.1625740e+06   2.6550293e+01
   4.1626490e+06   2.4475098e+01
   4.1626760e+06   2.5207520e+01
   4.1626960e+06   2.3803711e+01
   4.1627110e+06   2.2583008e+01
   4.1627310e+06   1.4892578e+01
   4.1627840e+06   3.8085938e+01
   4.1628140e+06   1.4953613e+01
   4.1628420e+06   2.7648926e+01
   4.1628610e+06   2.2460938e+01
   4.1628900e+06   2.6123047e+01
   4.1629200e+06   1.8615723e+01
   4.1629310e+06   1.7333984e+01
   4.1629510e+06   3.3203125e+01
   4.1629780e+06   2.6672363e+01
   4.1630100e+06   2.5939941e+01
   4.1630240e+06   2.8869629e+01
   4.1630340e+06   3.6376953e+01
   4.1630720e+06   3.7963867e+01
   4.1630990e+06   3.4729004e+01
   4.1631170e+06   4.5837402e+01
   4.1631340e+06   1.5686035e+01
   4.1631650e+06   5.7983398e+01
   4.1631980e+06   4.0588379e+01
   4.1632110e+06   5.5053711e+01
   4.1632380e+06   1.9958496e+01
   4.1632650e+06   2.6733398e+01
   4.1632890e+06   2.6794434e+01
   4.1633010e+06   2.6733398e+01
   4.1633280e+06   6.1584473e+01
   4.1633550e+06   5.9509277e+01
   4.1633770e+06   3.1799316e+01
   4.1633990e+06   4.2968750e+01
   4.1634260e+06   3.8879395e+01
   4.1634490e+06   4.0649414e+01
   4.1634860e+06   3.4362793e+01
   4.1635000e+06   4.2541504e+01
   4.1635290e+06   2.7404785e+01
   4.1635450e+06   4.4616699e+01
   4.1635710e+06   3.0273437e+01
   4.1635900e+06   2.5512695e+01
   4.1636170e+06   2.7770996e+01
   4.1636280e+06   3.2714844e+01
   4.1636530e+06   1.9958496e+01
   4.1636730e+06   3.8940430e+01
   4.1636910e+06   2.1118164e+01
   4.1637250e+06   1.4770508e+01
   4.1637380e+06   2.0996094e+01
   4.1637600e+06   3.7292480e+01
   4.1637880e+06   1.7272949e+01
   4.1638300e+06   2.0324707e+01
   4.1638460e+06   2.3254395e+01
   4.1638840e+06   2.8991699e+01
   4.1639130e+06   2.0385742e+01
   4.1639600e+06   1.4343262e+01
   4.1640040e+06   2.0263672e+01
   4.1640240e+06   2.3071289e+01
   4.1640340e+06   2.5451660e+01
   4.1641110e+06   1.4587402e+01
   4.1641490e+06   1.4953613e+01
   4.1641840e+06   1.6235352e+01
   4.1642130e+06   2.0080566e+01
   4.1643000e+06   1.7395020e+01
   4.1643260e+06   2.4475098e+01
   4.1645030e+06   1.5808105e+01
   4.1646920e+06   1.5136719e+01
   4.1806050e+06   3.9306641e+01
   4.1806480e+06   3.1921387e+01
   4.1809360e+06   3.4179688e+01
   4.1809940e+06   2.4414063e+01
   4.1819260e+06   3.8391113e+01
   4.1819960e+06   2.9907227e+01
   4.1827410e+06   3.6865234e+01
   4.1828090e+06   2.9296875e+01
   4.1837560e+06   3.5766602e+01
   4.1839430e+06   3.1982422e+01
   4.1844420e+06   3.9489746e+01
   4.1846920e+06   1.5441895e+01
   4.1848420e+06   3.8635254e+01
   4.1865360e+06   4.3457031e+01
   4.1868950e+06   1.5686035e+01
   4.1869070e+06   4.7546387e+01
   4.1875020e+06   3.7353516e+01
   4.1884210e+06   3.2409668e+01
   4.1899680e+06   4.3151855e+01
   4.2791500e+06   1.5319824e+01
   4.2791680e+06   3.4057617e+01
   4.2792000e+06   3.8757324e+01
   4.2792280e+06   2.0202637e+01
   4.2792450e+06   5.0048828e+01
   4.2792770e+06   2.3498535e+01
   4.2793040e+06   3.1494141e+01
   4.2793310e+06   3.1799316e+01
   4.2793430e+06   1.9470215e+01
   4.2793820e+06   3.2958984e+01
   4.2793940e+06   1.7456055e+01
   4.2794130e+06   3.6010742e+01
   4.2794490e+06   4.8278809e+01
   4.2794590e+06   1.6052246e+01
   4.2794690e+06   6.3354492e+01
   4.2794920e+06   2.8076172e+01
   4.2795060e+06   4.5898438e+01
   4.2795250e+06   6.7626953e+01
   4.2795580e+06   5.5053711e+01
   4.2795940e+06   5.8105469e+01
   4.2796280e+06   4.5654297e+01
   4.2796440e+06   2.2399902e+01
   4.2796740e+06   4.7363281e+01
   4.2796930e+06   2.4169922e+01
   4.2797030e+06   1.4953613e+01
   4.2797170e+06   4.6630859e+01
   4.2797480e+06   2.9296875e+01
   4.2797610e+06   1.5380859e+01
   4.2797850e+06   1.9165039e+01
   4.2798120e+06   3.0029297e+01
   4.2798220e+06   1.6784668e+01
   4.2798450e+06   4.4860840e+01
   4.2798960e+06   3.1311035e+01
   4.2799100e+06   1.5258789e+01
   4.2799450e+06   2.7465820e+01
   4.2799790e+06   1.8615723e+01
   4.2800080e+06   1.5319824e+01
   4.2800360e+06   2.1240234e+01
   4.2801140e+06   2.1240234e+01
   4.2801790e+06   1.9226074e+01
   4.2802160e+06   2.0568848e+01
   4.2802620e+06   1.8859863e+01
   4.2802930e+06   1.7272949e+01
   4.2803240e+06   2.1545410e+01
   4.2804250e+06   1.5930176e+01
   4.2806180e+06   1.4953613e+01
   4.2806770e+06   1.5502930e+01
   4.2807650e+06   1.4648438e+01
   4.2809450e+06   1.6235352e+01
   4.2812160e+06   1.6296387e+01
   4.2813050e+06   1.5258789e+01
   4.2814010e+06   1.5441895e+01
   4.2815090e+06   1.5319824e+01
   4.2816400e+06   1.5869141e+01
   4.3088270e+06   4.4372559e+01
   4.3088680e+06   2.8137207e+01
   4.3093340e+06   3.7719727e+01
   4.3093920e+06   2.9113770e+01
   4.3096160e+06   1.6784668e+01
   4.3104740e+06   4.2236328e+01
   4.3105420e+06   3.4362793e+01
   4.3132260e+06   3.6315918e+01
   4.3132800e+06   3.2226562e+01
   4.3140920e+06   3.4606934e+01
   4.4108550e+06   1.4343262e+01
   4.4577670e+06   1.5991211e+01
   4.4577770e+06   1.6357422e+01
   4.4577910e+06   1.8676758e+01
   4.4578080e+06   1.9897461e+01
   4.4578400e+06   3.5217285e+01
   4.4578540e+06   2.0080566e+01
   4.4578730e+06   1.8249512e+01
   4.4578840e+06   1.6967773e+01
   4.4579210e+06   1.8127441e+01
   4.4579360e+06   4.8156738e+01
   4.4579610e+06   3.3935547e+01
   4.4579760e+06   3.0273438e+01
   4.4580090e+06   2.4719238e+01
   4.4580330e+06   2.1545410e+01
   4.4580470e+06   1.5441895e+01
   4.4580780e+06   3.4484863e+01
   4.4580990e+06   3.7048340e+01
   4.4581240e+06   5.1452637e+01
   4.4581430e+06   2.3925781e+01
   4.4581600e+06   1.9470215e+01
   4.4581710e+06   4.4494629e+01
   4.4581970e+06   3.8452148e+01
   4.4582140e+06   4.0039062e+01
   4.4582320e+06   1.8798828e+01
   4.4582490e+06   2.6367188e+01
   4.4582750e+06   2.0446777e+01
   4.4583030e+06   2.3986816e+01
   4.4583350e+06   7.6904297e+01
   4.4583460e+06   2.4597168e+01
   4.4583600e+06   4.9072266e+01
   4.4583870e+06   3.9428711e+01
   4.4584080e+06   3.6743164e+01
   4.4584410e+06   3.3996582e+01
   4.4584510e+06   5.3039551e+01
   4.4585090e+06   4.5104980e+01
   4.4585300e+06   2.2766113e+01
   4.4585540e+06   2.7954102e+01
   4.4585750e+06   1.7700195e+01
   4.4585960e+06   2.1606445e+01
   4.4586090e+06   1.6113281e+01
   4.4586390e+06   3.8024902e+01
   4.4586680e+06   1.9531250e+01
   4.4586830e+06   1.5014648e+01
   4.4587210e+06   2.5634766e+01
   4.4587450e+06   2.1057129e+01
   4.4587960e+06   1.7333984e+01
   4.4588370e+06   1.6052246e+01
   4.4589920e+06   1.4953613e+01
   4.4590310e+06   1.8249512e+01
   4.4590690e+06   1.4465332e+01
   4.4591810e+06   1.5563965e+01
   4.4592420e+06   1.5930176e+01
   4.4593550e+06   1.4953613e+01
   4.4595730e+06   1.5747070e+01
   4.6210490e+06   1.4709473e+01
   4.6210680e+06   4.4067383e+01
   4.6210900e+06   2.5695801e+01
   4.6211150e+06   4.5959473e+01
   4.6211360e+06   2.0751953e+01
   4.6211660e+06   2.7343750e+01
   4.6211760e+06   1.7883301e+01
   4.6212050e+06   2.1118164e+01
   4.6212370e+06   2.6855469e+01
   4.6212470e+06   2.1728516e+01
   4.6212770e+06   1.4953613e+01
   4.6212890e+06   1.4770508e+01
   4.6213100e+06   3.0883789e+01
   4.6213320e+06   2.6733398e+01
   4.6213560e+06   1.6601562e+01
   4.6213830e+06   2.7404785e+01
   4.6214010e+06   2.6184082e+01
   4.6214110e+06   3.0761719e+01
   4.6214400e+06   1.4648438e+01
   4.6214640e+06   1.9104004e+01
   4.6214790e+06   3.3325195e+01
   4.6215000e+06   1.6906738e+01
   4.6215390e+06   1.9470215e+01
   4.6215650e+06   4.7790527e+01
   4.6215750e+06   1.4770508e+01
   4.6216000e+06   2.6428223e+01
   4.6216330e+06   4.3395996e+01
   4.6216480e+06   1.4709473e+01
   4.6216820e+06   3.0395508e+01
   4.6217050e+06   1.9897461e+01
   4.6217370e+06   1.7028809e+01
   4.6217510e+06   1.8371582e+01
   4.6217690e+06   4.1931152e+01
   4.6217790e+06   2.3132324e+01
   4.6218060e+06   1.5991211e+01
   4.6218330e+06   2.0324707e+01
   4.6218760e+06   1.8005371e+01
   4.6219320e+06   3.6926270e+01
   4.6219610e+06   4.6813965e+01
   4.6219780e+06   2.9418945e+01
   4.6220130e+06   1.8798828e+01
   4.6220260e+06   1.9775391e+01
   4.6220610e+06   4.7973633e+01
   4.6221010e+06   4.1076660e+01
   4.6221280e+06   2.3254395e+01
   4.6221480e+06   1.7395020e+01
   4.6221750e+06   2.0385742e+01
   4.6221950e+06   4.7668457e+01
   4.6222070e+06   2.2216797e+01
   4.6222550e+06   1.9409180e+01
   4.6222810e+06   1.4587402e+01
   4.6222950e+06   2.4841309e+01
   4.6223330e+06   1.8005371e+01
   4.6223990e+06   2.1179199e+01
   4.6224500e+06   2.2888184e+01
   4.6225090e+06   1.7578125e+01
   4.6226220e+06   1.4831543e+01
   4.6229260e+06   1.4343262e+01
   4.7394820e+06   1.5380859e+01
   4.7397510e+06   2.3254395e+01
   4.7397910e+06   1.5258789e+01
   4.7398390e+06   1.5075684e+01
   4.7401200e+06   2.2399902e+01
   4.7402920e+06   2.5756836e+01
   4.7404670e+06   1.9470215e+01
   4.8770640e+06   2.5695801e+01
   4.8770840e+06   2.6245117e+01
   4.8771500e+06   2.9235840e+01
   4.8771710e+06   1.7700195e+01
   4.8771900e+06   1.6662598e+01
   4.8772180e+06   3.2775879e+01
   4.8772300e+06   3.4851074e+01
   4.8772520e+06   2.2888184e+01
   4.8772750e+06   2.5268555e+01
   4.8772850e+06   1.4831543e+01
   4.8773010e+06   4.7973633e+01
   4.8773150e+06   3.3386230e+01
   4.8773280e+06   1.7150879e+01
   4.8773500e+06   6.3110352e+01
   4.8773620e+06   4.9499512e+01
   4.8773830e+06   2.8015137e+01
   4.8773970e+06   4.2968750e+01
   4.8774130e+06   1.5380859e+01
   4.8774250e+06   7.1289062e+01
   4.8774500e+06   3.1005859e+01
   4.8774750e+06   1.5747070e+01
   4.8775000e+06   5.2062988e+01
   4.8775100e+06   3.4606934e+01
   4.8775320e+06   2.2766113e+01
   4.8775620e+06   5.6335449e+01
   4.8775910e+06   2.7404785e+01
   4.8776220e+06   2.5207520e+01
   4.8776450e+06   2.4047852e+01
   4.8776770e+06   2.8076172e+01
   4.8776950e+06   2.3315430e+01
   4.8777110e+06   1.7395020e+01
   4.8777390e+06   2.2277832e+01
   4.8777600e+06   1.5686035e+01
   4.8778140e+06   3.4240723e+01
   4.8778440e+06   2.7587891e+01
   4.8778590e+06   1.7211914e+01
   4.8778840e+06   3.3081055e+01
   4.8779080e+06   1.9042969e+01
   4.8779220e+06   1.8127441e+01
   4.8779550e+06   1.6845703e+01
   4.8780310e+06   2.6794434e+01
   4.8780810e+06   1.6235352e+01
   4.8781090e+06   2.0019531e+01
   4.8781270e+06   1.6723633e+01
   4.8781810e+06   2.1484375e+01
   4.8782660e+06   2.5695801e+01
   4.8783200e+06   1.5625000e+01
   4.8783580e+06   1.9592285e+01
   4.8785890e+06   1.4648438e+01
   4.8787600e+06   1.6601562e+01
   4.8790010e+06   1.6784668e+01
   4.8790600e+06   1.7150879e+01
   4.8800050e+06   1.4892578e+01
   4.8836820e+06   1.5441895e+01
   4.8938960e+06   3.5705566e+01
   4.8939290e+06   2.6977539e+01
   4.8939710e+06   2.1972656e+01
   4.8941910e+06   4.0649414e+01
   4.8942270e+06   1.7028809e+01
   4.8976420e+06   3.7902832e+01
   4.8976800e+06   3.2043457e+01
   4.8977320e+06   1.8371582e+01
   4.8982060e+06   3.3874512e+01
   4.8982510e+06   2.6184082e+01
   4.8983290e+06   1.5991211e+01
   4.8986380e+06   1.8676758e+01
   4.8986820e+06   1.4343262e+01
   4.8987000e+06   3.6437988e+01
   4.8987480e+06   2.5634766e+01
   4.8989710e+06   3.6499023e+01
   4.8990250e+06   2.3437500e+01
   4.8990560e+06   2.1606445e+01
   4.8996030e+06   4.0405273e+01
   4.8996610e+06   2.5817871e+01
   4.9016550e+06   4.0466309e+01
   4.9017720e+06   3.4301758e+01
   4.9024990e+06   3.9855957e+01
   4.9028020e+06   3.4667969e+01
   4.9032300e+06   3.6499023e+01
   4.9068220e+06   4.0527344e+01
   5.1161810e+06   1.7395020e+01
   5.1403150e+06   2.3132324e+01
   5.1403520e+06   1.8005371e+01
   5.1403840e+06   2.8320313e+01
   5.1404170e+06   2.4108887e+01
   5.1404710e+06   1.6967773e+01
   5.1404910e+06   2.1911621e+01
   5.1405470e+06   1.4465332e+01
   5.1405720e+06   1.4343262e+01
   5.1405880e+06   2.3498535e+01
   5.1406070e+06   1.4953613e+01
   5.1406510e+06   1.9958496e+01
   5.1406640e+06   1.7822266e+01
   5.1407540e+06   3.2409668e+01
   5.1408050e+06   2.4047852e+01
   5.1408370e+06   2.5207520e+01
   5.1408580e+06   1.5991211e+01
   5.1408900e+06   2.0874023e+01
   5.1409020e+06   1.6845703e+01
   5.1409200e+06   2.7832031e+01
   5.1409350e+06   4.0588379e+01
   5.1409530e+06   1.4831543e+01
   5.1409860e+06   2.5634766e+01
   5.1410030e+06   1.8249512e+01
   5.1410190e+06   2.1362305e+01
   5.1410330e+06   3.0273438e+01
   5.1410600e+06   2.6611328e+01
   5.1410820e+06   1.8188477e+01
   5.1411040e+06   1.5441895e+01
   5.1411300e+06   1.6845703e+01
   5.1411590e+06   1.8920898e+01
   5.1411960e+06   2.3010254e+01
   5.1412180e+06   2.0751953e+01
   5.1412490e+06   1.8310547e+01
   5.1412670e+06   2.0751953e+01
   5.1412800e+06   2.0568848e+01
   5.1413020e+06   1.7639160e+01
   5.1413150e+06   1.8920898e+01
   5.1413480e+06   1.4892578e+01
   5.1413660e+06   1.4587402e+01
   5.1413900e+06   2.0446777e+01
   5.1414210e+06   1.8554688e+01
   5.1414390e+06   4.8706055e+01
   5.1414910e+06   1.6967773e+01
   5.1415430e+06   2.2949219e+01
   5.1415610e+06   2.9113770e+01
   5.1415750e+06   2.6306152e+01
   5.1416160e+06   1.6113281e+01
   5.1416390e+06   2.2277832e+01
   5.1417030e+06   1.6235352e+01
   5.1417200e+06   1.8188477e+01
   5.1417600e+06   2.4475098e+01
   5.1417970e+06   1.7272949e+01
   5.1418080e+06   1.8371582e+01
   5.1418440e+06   1.6967773e+01
   5.1419190e+06   1.8310547e+01
   5.1419300e+06   1.5319824e+01
   5.1420460e+06   2.1545410e+01
   5.1422220e+06   2.4658203e+01
   5.1425330e+06   1.6052246e+01
   5.1567890e+06   2.6855469e+01
   5.1598920e+06   1.9104004e+01
   5.1601730e+06   2.3620605e+01
   5.1602090e+06   3.7719727e+01
   5.1602220e+06   1.5625000e+01
   5.1602420e+06   3.3630371e+01
   5.1602530e+06   2.2521973e+01
   5.1603260e+06   1.5319824e+01
   5.1603540e+06   5.0170898e+01
   5.1604000e+06   1.5563965e+01
   5.1604600e+06   2.1728516e+01
   5.1604910e+06   2.7832031e+01
   5.1605250e+06   2.9785156e+01
   5.1605820e+06   2.4658203e+01
   5.1605940e+06   1.5869141e+01
   5.1606210e+06   1.4465332e+01
   5.1606340e+06   2.9113770e+01
   5.1606590e+06   2.4841309e+01
   5.1606810e+06   1.7944336e+01
   5.1606970e+06   2.8747559e+01
   5.1607110e+06   2.4047852e+01
   5.1607310e+06   3.0456543e+01
   5.1607410e+06   2.4169922e+01
   5.1607610e+06   1.7028809e+01
   5.1607990e+06   2.5329590e+01
   5.1608100e+06   1.4404297e+01
   5.1608370e+06   1.7395020e+01
   5.1608670e+06   2.0385742e+01
   5.1608780e+06   1.8798828e+01
   5.1609080e+06   2.5817871e+01
   5.1609300e+06   2.0751953e+01
   5.1609640e+06   2.1728516e+01
   5.1609850e+06   2.5573730e+01
   5.1610180e+06   2.5207520e+01
   5.1610950e+06   2.9846191e+01
   5.1611210e+06   1.6235352e+01
   5.1611590e+06   3.5949707e+01
   5.1612010e+06   1.7150879e+01
   5.1612290e+06   1.7944336e+01
   5.1612470e+06   1.7761230e+01
   5.1612900e+06   1.4465332e+01
   5.1613240e+06   1.7639160e+01
   5.1613490e+06   1.8249512e+01
   5.1615440e+06   1.4892578e+01
   5.1615880e+06   1.5686035e+01
   5.1617360e+06   1.6113281e+01
   5.1618900e+06   1.8981934e+01
   5.1621790e+06   1.7822266e+01
   5.1622210e+06   1.5502930e+01
   5.2881740e+06   1.4465332e+01
   5.2882950e+06   2.2949219e+01
   5.2883350e+06   1.6174316e+01
   5.2888870e+06   2.3864746e+01
   5.3646290e+06   2.5024414e+01
   5.3646830e+06   3.1799316e+01
   5.3647040e+06   1.6845703e+01
   5.3647260e+06   3.5400391e+01
   5.3647470e+06   2.1240234e+01
   5.3647750e+06   1.4404297e+01
   5.3648390e+06   1.6357422e+01
   5.3648750e+06   1.7578125e+01
   5.3649000e+06   1.6601562e+01
   5.3649270e+06   1.8249512e+01
   5.3649480e+06   1.7150879e+01
   5.3649750e+06   1.5075684e+01
   5.3650840e+06   3.2592773e+01
   5.3651060e+06   2.3803711e+01
   5.3651190e+06   2.6184082e+01
   5.3651390e+06   2.4230957e+01
   5.3651780e+06   4.2236328e+01
   5.3651970e+06   2.1484375e+01
   5.3652250e+06   1.9104004e+01
   5.3652370e+06   3.4667969e+01
   5.3652600e+06   3.5339355e+01
   5.3652770e+06   2.4291992e+01
   5.3652870e+06   2.0507812e+01
   5.3653080e+06   2.1667480e+01
   5.3653400e+06   4.1687012e+01
   5.3653520e+06   2.4230957e+01
   5.3653730e+06   2.4353027e+01
   5.3653940e+06   2.5207520e+01
   5.3654150e+06   1.7089844e+01
   5.3654570e+06   2.8991699e+01
   5.3654690e+06   2.5146484e+01
   5.3655020e+06   1.8676758e+01
   5.3655450e+06   1.8798828e+01
   5.3655700e+06   3.9672852e+01
   5.3655800e+06   1.5991211e+01
   5.3655950e+06   1.6723633e+01
   5.3656350e+06   1.5747070e+01
   5.3656530e+06   1.7333984e+01
   5.3656910e+06   2.3315430e+01
   5.3657210e+06   2.0812988e+01
   5.3657460e+06   4.2663574e+01
   5.3657580e+06   2.0507812e+01
   5.3657830e+06   2.5634766e+01
   5.3658130e+06   3.2348633e+01
   5.3658440e+06   1.7089844e+01
   5.3658710e+06   2.7038574e+01
   5.3658960e+06   1.4648438e+01
   5.3659290e+06   2.5573730e+01
   5.3659490e+06   3.2531738e+01
   5.3659740e+06   1.6662598e+01
   5.3660110e+06   2.5451660e+01
   5.3660410e+06   1.7395020e+01
   5.3660760e+06   1.9226074e+01
   5.3661090e+06   1.4953613e+01
   5.3661190e+06   1.8554688e+01
   5.3661440e+06   1.6540527e+01
   5.3661730e+06   1.6601562e+01
   5.3662090e+06   1.8005371e+01
   5.3662540e+06   1.4831543e+01
   5.3663370e+06   1.4892578e+01
   5.3664150e+06   1.7761230e+01
   5.3667400e+06   1.9226074e+01
   5.3896430e+06   1.5136719e+01
   5.4667400e+06   1.6174316e+01
   5.4667600e+06   1.5991211e+01
   5.4667720e+06   2.6733398e+01
   5.4667990e+06   1.9165039e+01
   5.4668380e+06   3.4118652e+01
   5.4668590e+06   2.2644043e+01
   5.4668870e+06   1.9104004e+01
   5.4669110e+06   2.3437500e+01
   5.4669270e+06   1.6967773e+01
   5.4669720e+06   3.7109375e+01
   5.4669880e+06   1.5197754e+01
   5.4670280e+06   1.7395020e+01
   5.4670680e+06   2.1545410e+01
   5.4670950e+06   2.4169922e+01
   5.4671190e+06   1.9226074e+01
   5.4671390e+06   1.9653320e+01
   5.4671580e+06   1.7395020e+01
   5.4671840e+06   2.6489258e+01
   5.4672090e+06   2.5756836e+01
   5.4672340e+06   1.7944336e+01
   5.4672550e+06   2.7526855e+01
   5.4672850e+06   2.9296875e+01
   5.4673140e+06   1.5869141e+01
   5.4673370e+06   2.6123047e+01
   5.4673480e+06   3.5217285e+01
   5.4673750e+06   1.5380859e+01
   5.4673990e+06   1.9958496e+01
   5.4674110e+06   1.9165039e+01
   5.4674340e+06   2.0751953e+01
   5.4674510e+06   1.6418457e+01
   5.4674790e+06   2.5329590e+01
   5.4675070e+06   1.4343262e+01
   5.4675180e+06   1.5686035e+01
   5.4675460e+06   4.2236328e+01
   5.4676070e+06   2.8259277e+01
   5.4676440e+06   1.5502930e+01
   5.4676680e+06   1.9836426e+01
   5.4676870e+06   1.5075684e+01
   5.4677260e+06   2.0507812e+01
   5.4677460e+06   1.5258789e+01
   5.4678170e+06   1.4770508e+01
   5.4678500e+06   2.2033691e+01
   5.4679100e+06   2.0141602e+01
   5.4679350e+06   1.7028809e+01
   5.4680240e+06   2.1545410e+01
   5.4680520e+06   1.6845703e+01
   5.4681110e+06   1.4343262e+01
   5.4681570e+06   4.6264648e+01
   5.4682190e+06   2.0874023e+01
   5.4682990e+06   1.7578125e+01
   5.4683320e+06   1.7395020e+01
   5.4684600e+06   1.6479492e+01
   5.4685070e+06   1.8249512e+01
   5.4686820e+06   1.7700195e+01
   5.6080210e+06   1.7456055e+01
   5.6364240e+06   1.4648438e+01
   5.6541370e+06   2.6062012e+01
   5.6541540e+06   3.5827637e+01
   5.6541810e+06   5.3527832e+01
   5.6542080e+06   2.4658203e+01
   5.6542470e+06   1.8737793e+01
   5.6542690e+06   1.9714355e+01
   5.6543090e+06   2.1301270e+01
   5.6543420e+06   1.8188477e+01
   5.6543930e+06   3.2531738e+01
   5.6544040e+06   2.4353027e+01
   5.6544210e+06   1.7883301e+01
   5.6544370e+06   2.1972656e+01
   5.6544740e+06   4.3395996e+01
   5.6544870e+06   3.2836914e+01
   5.6545030e+06   3.9123535e+01
   5.6545270e+06   2.8442383e+01
   5.6545420e+06   2.0568848e+01
   5.6545750e+06   5.2795410e+01
   5.6545880e+06   1.8920898e+01
   5.6546170e+06   3.4484863e+01
   5.6546440e+06   2.6428223e+01
   5.6546540e+06   1.6601562e+01
   5.6546860e+06   3.3996582e+01
   5.6546970e+06   2.0751953e+01
   5.6547130e+06   5.1025391e+01
   5.6547540e+06   1.4526367e+01
   5.6547790e+06   3.6499023e+01
   5.6547970e+06   2.7221680e+01
   5.6548300e+06   2.0996094e+01
   5.6548550e+06   2.0385742e+01
   5.6548800e+06   2.9541016e+01
   5.6548960e+06   2.4658203e+01
   5.6549730e+06   2.2094727e+01
   5.6550050e+06   1.5563965e+01
   5.6550170e+06   1.8981934e+01
   5.6550390e+06   1.6662598e+01
   5.6550710e+06   1.8920898e+01
   5.6551020e+06   4.9987793e+01
   5.6551380e+06   1.7211914e+01
   5.6551810e+06   1.4709473e+01
   5.6552670e+06   1.5930176e+01
   5.6553080e+06   1.7578125e+01
   5.6553310e+06   2.0751953e+01
   5.6553680e+06   1.4770508e+01
   5.6554960e+06   1.4587402e+01
   5.6555670e+06   1.4465332e+01
   5.6557530e+06   1.5380859e+01
   5.6558990e+06   1.4343262e+01
   5.7655770e+06   1.4526367e+01
   5.8068270e+06   1.4709473e+01
   5.8728050e+06   1.6967773e+01
   5.8960740e+06   2.4780273e+01
   5.8961320e+06   1.8920898e+01
   5.8962080e+06   1.8005371e+01
   5.8962390e+06   1.5625000e+01
   5.8963350e+06   1.4587402e+01
   5.8963980e+06   1.8005371e+01
   5.8964760e+06   2.6306152e+01
   5.8965200e+06   1.7395020e+01
   5.8967620e+06   2.9235840e+01
   5.8969130e+06   2.0751953e+01
   5.8970050e+06   1.9287109e+01
   5.8971390e+06   1.6601562e+01
   5.8972210e+06   1.4343262e+01
   5.8972410e+06   1.4587402e+01
   5.8972640e+06   2.9357910e+01
   5.8972870e+06   1.8310547e+01
   5.8973150e+06   1.7883301e+01
   5.8973530e+06   1.5502930e+01
   5.8973800e+06   1.5686035e+01
   5.8974220e+06   1.9714355e+01
   5.8974460e+06   2.2521973e+01
   5.8974910e+06   2.6000977e+01
   5.8975240e+06   2.2644043e+01
   5.8975520e+06   2.0874023e+01
   5.8975680e+06   1.8249512e+01
   5.8976040e+06   1.8859863e+01
   5.8976450e+06   1.6601562e+01
   5.8976630e+06   1.5502930e+01
   5.8976920e+06   1.6113281e+01
   5.8977130e+06   2.8015137e+01
   5.8977350e+06   2.3986816e+01
   5.8977660e+06   5.1940918e+01
   5.8977880e+06   1.6235352e+01
   5.8978110e+06   1.5258789e+01
   5.8978850e+06   2.1850586e+01
   5.8979430e+06   1.5319824e+01
   5.8979550e+06   1.6662598e+01
   5.8979830e+06   1.4465332e+01
   5.8980020e+06   1.8615723e+01
   5.8980440e+06   2.5329590e+01
   5.8980810e+06   2.5390625e+01
   5.8981190e+06   5.2307129e+01
   5.8981450e+06   1.5441895e+01
   5.8981860e+06   1.5563965e+01
   5.8982160e+06   1.4404297e+01
   5.8982300e+06   1.7333984e+01
   5.8982620e+06   2.2277832e+01
   5.8983530e+06   1.4831543e+01
   5.8986890e+06   1.5808105e+01
   5.8989000e+06   1.6967773e+01
   5.9447490e+06   1.5258789e+01
