   5.9990000e+06   0.0000000e+00
   6.5777600e+05   1.4892578e+01
   6.5778700e+05   1.4587402e+01
   6.5786600e+05   1.7028809e+01
   6.5791900e+05   1.6601562e+01
   7.6193400e+05   1.8005371e+01
   7.6203800e+05   1.6296387e+01
   7.6246300e+05   1.3854980e+01
   8.0067500e+05   1.4099121e+01
   1.5326870e+06   1.5014648e+01
   1.5327890e+06   1.6418457e+01
   1.5328430e+06   1.5136719e+01
   1.5592250e+06   1.5747070e+01
   1.5592900e+06   1.4282227e+01
   1.5593690e+06   1.5319824e+01
   1.5593960e+06   1.4282227e+01
   1.5594410e+06   1.6845703e+01
   1.5813790e+06   1.4282227e+01
   1.6381030e+06   1.4099121e+01
   1.6381280e+06   1.4770508e+01
   1.6381420e+06   1.5380859e+01
   1.6382050e+06   1.3916016e+01
   1.6382240e+06   1.5197754e+01
   3.0498600e+06   1.5075684e+01
   3.0498850e+06   1.4404297e+01
   3.0499270e+06   1.6784668e+01
   3.0500050e+06   1.3732910e+01
   3.0848510e+06   1.5075684e+01
   3.0848680e+06   1.7028809e+01
   3.0848920e+06   1.5991211e+01
   3.0849300e+06   1.6174316e+01
   3.0850170e+06   1.6601562e+01
   3.0850430e+06   1.5930176e+01
   3.0851530e+06   1.4221191e+01
   3.3477520e+06   1.7456055e+01
   3.7488820e+06   1.4770508e+01
   3.9393630e+06   1.5197754e+01
   3.9920420e+06   1.4709473e+01
   4.0673630e+06   1.4282227e+01
   4.1353310e+06   1.5380859e+01
   4.1353600e+06   1.4465332e+01
   4.1354030e+06   1.6601562e+01
   4.1354150e+06   1.5136719e+01
   4.1354510e+06   1.9775391e+01
   4.1521210e+06   1.3916016e+01
   4.4049120e+06   1.4587402e+01
   4.4051300e+06   1.5014648e+01
   4.4939130e+06   1.4038086e+01
   4.4939470e+06   1.7578125e+01
   4.4941170e+06   1.4343262e+01
   4.4942480e+06   1.4099121e+01
   4.7775540e+06   1.8737793e+01
   4.7778900e+06   1.4038086e+01
   4.8003970e+06   1.3732910e+01
   4.8455260e+06   1.3732910e+01
   5.0142190e+06   1.3793945e+01
   5.0531220e+06   1.3732910e+01
   5.3152050e+06   1.4526367e+01
   5.6664980e+06   1.3793945e+01
