   5.9990000e+06   0.0000000e+00
   2.1847000e+04   1.3793945e+01
   2.1861000e+04   3.1066895e+01
   2.1915000e+04   1.4465332e+01
   2.1978000e+04   1.3916016e+01
   2.2001000e+04   1.4831543e+01
   2.2017000e+04   2.1362305e+01
   2.2037000e+04   1.4404297e+01
   1.3209400e+05   2.1362305e+01
   1.3224300e+05   2.0629883e+01
   1.3252400e+05   2.2033691e+01
   1.3281800e+05   2.6306152e+01
   2.3946200e+05   1.6052246e+01
   2.8613600e+05   2.3620605e+01
   2.8829400e+05   2.7893066e+01
   2.8848700e+05   2.6184082e+01
   3.2356400e+05   2.8503418e+01
   3.4817800e+05   2.3803711e+01
   3.4822400e+05   1.4160156e+01
   3.4827000e+05   1.3916016e+01
   3.4831100e+05   1.4160156e+01
   3.4835500e+05   1.5563965e+01
   4.3423000e+05   2.4108887e+01
   4.3434800e+05   1.7456055e+01
   4.3662300e+05   2.4291992e+01
   4.3712700e+05   2.0629883e+01
   4.9109400e+05   1.4526367e+01
   4.9177600e+05   2.2766113e+01
   5.1261200e+05   1.4770508e+01
   5.8023800e+05   2.3681641e+01
   6.5782500e+05   2.3132324e+01
   6.5784900e+05   2.4597168e+01
   6.5786100e+05   2.1484375e+01
   6.5788400e+05   2.5085449e+01
   6.5790700e+05   2.4963379e+01
   6.5792800e+05   1.6174316e+01
   6.5794300e+05   1.9836426e+01
   6.5797800e+05   1.3916016e+01
   6.5803400e+05   1.6845703e+01
   6.5808000e+05   1.6174316e+01
   6.5816300e+05   1.4038086e+01
   6.5830500e+05   1.4099121e+01
   6.5836000e+05   1.7822266e+01
   6.7697000e+05   1.3977051e+01
   6.7720400e+05   2.3315430e+01
   6.7729600e+05   1.4831543e+01
   7.1724800e+05   1.4282227e+01
   7.6180700e+05   1.6052246e+01
   7.6183600e+05   2.6977539e+01
   7.6184700e+05   1.7700195e+01
   7.6188000e+05   3.1250000e+01
   7.6190500e+05   1.8493652e+01
   7.6192500e+05   1.7761230e+01
   7.6195900e+05   2.5390625e+01
   7.6198000e+05   1.8920898e+01
   7.6199800e+05   1.5563965e+01
   7.6202400e+05   1.6113281e+01
   7.6215500e+05   1.4465332e+01
   1.2568640e+06   2.3437500e+01
   1.2569030e+06   1.5136719e+01
   1.2570120e+06   1.5991211e+01
   1.2570860e+06   1.3793945e+01
   1.2571240e+06   2.4597168e+01
   1.2572320e+06   1.5075684e+01
   1.3129030e+06   2.9418945e+01
   1.3129500e+06   1.4038086e+01
   1.3130760e+06   1.5380859e+01
   1.4446670e+06   2.4414062e+01
   1.5028310e+06   2.9968262e+01
   1.5029750e+06   1.5136719e+01
   1.5030140e+06   1.4221191e+01
   1.5030340e+06   1.4831543e+01
   1.5030750e+06   1.6906738e+01
   1.5327780e+06   1.5075684e+01
   1.5328080e+06   1.8981934e+01
   1.5328270e+06   2.5024414e+01
   1.5328410e+06   3.1921387e+01
   1.5328830e+06   2.5756836e+01
   1.5329130e+06   2.1545410e+01
   1.5329330e+06   1.7089844e+01
   1.5329960e+06   1.5808105e+01
   1.5330760e+06   1.4099121e+01
   1.5588260e+06   1.7089844e+01
   1.5589570e+06   2.3986816e+01
   1.5590500e+06   2.2155762e+01
   1.5590630e+06   1.7028809e+01
   1.5590810e+06   2.0019531e+01
   1.5590990e+06   1.4282227e+01
   1.5591220e+06   2.0996094e+01
   1.5591510e+06   1.9775391e+01
   1.5591840e+06   1.5014648e+01
   1.5592260e+06   1.4099121e+01
   1.5592420e+06   1.4282227e+01
   1.5592770e+06   1.7883301e+01
   1.5593030e+06   1.5625000e+01
   1.5593350e+06   1.6967773e+01
   1.5594030e+06   1.4465332e+01
   1.5595930e+06   1.5136719e+01
   1.5812950e+06   1.4160156e+01
   1.5813860e+06   2.2949219e+01
   1.5814060e+06   1.7700195e+01
   1.5814810e+06   1.4770508e+01
   1.5815410e+06   1.3977051e+01
   1.5816380e+06   2.2338867e+01
   1.5817720e+06   1.8676758e+01
   1.5817820e+06   1.4648438e+01
   1.5818200e+06   1.4160156e+01
   1.5818320e+06   1.6418457e+01
   1.5818930e+06   1.5014648e+01
   1.5819120e+06   1.9653320e+01
   1.5819920e+06   2.1911621e+01
   1.5820480e+06   1.4343262e+01
   1.5821990e+06   1.4587402e+01
   1.5824930e+06   1.4038086e+01
   1.6379840e+06   1.4282227e+01
   1.6379980e+06   2.9235840e+01
   1.6380390e+06   1.8310547e+01
   1.6380600e+06   1.9531250e+01
   1.6380810e+06   2.7404785e+01
   1.6381240e+06   1.8127441e+01
   1.6381460e+06   2.0690918e+01
   1.6381690e+06   1.4221191e+01
   1.6381920e+06   1.4465332e+01
   1.6382380e+06   1.7578125e+01
   1.6383000e+06   1.6662598e+01
   1.6383840e+06   1.6113281e+01
   1.6385800e+06   1.4648438e+01
   1.7081460e+06   1.4648438e+01
   1.8021740e+06   2.6550293e+01
   1.8275250e+06   2.5451660e+01
   1.8601750e+06   2.3071289e+01
   1.9432460e+06   2.1179199e+01
   2.1747120e+06   2.4841309e+01
   2.1756320e+06   1.5991211e+01
   2.1757400e+06   1.3732910e+01
   2.1758010e+06   1.5930176e+01
   2.1762680e+06   2.5329590e+01
   2.2218430e+06   2.1484375e+01
   2.2219740e+06   2.1789551e+01
   2.2229460e+06   2.2583008e+01
   2.2236850e+06   2.1789551e+01
   2.2560710e+06   1.9042969e+01
   2.2930730e+06   1.4892578e+01
   2.2931800e+06   2.2766113e+01
   2.2934910e+06   1.9226074e+01
   2.2939180e+06   1.8615723e+01
   2.3342680e+06   1.4099121e+01
   2.3643530e+06   1.4343262e+01
   2.3643740e+06   1.3793945e+01
   2.3644790e+06   2.1423340e+01
   2.3652130e+06   2.5756836e+01
   2.4208000e+06   2.5207520e+01
   2.4209080e+06   1.9287109e+01
   2.4214760e+06   1.8310547e+01
   2.4543950e+06   1.4953613e+01
   2.4546210e+06   2.4353027e+01
   2.4825830e+06   2.3071289e+01
   2.4829910e+06   1.3977051e+01
   2.4830320e+06   2.0874023e+01
   2.5708040e+06   2.0202637e+01
   2.5722820e+06   2.3010254e+01
   2.6268930e+06   2.1179199e+01
   2.6270470e+06   2.0141602e+01
   2.6876750e+06   1.4343262e+01
   2.6879150e+06   2.1423340e+01
   2.7306160e+06   2.4841309e+01
   2.7307730e+06   2.0507812e+01
   2.8045320e+06   2.4719238e+01
   2.8343970e+06   1.4648438e+01
   2.8496750e+06   2.5817871e+01
   2.8497570e+06   2.0202637e+01
   2.8510580e+06   1.8920898e+01
   2.8516130e+06   1.9287109e+01
   2.9775270e+06   2.0751953e+01
   2.9776000e+06   1.8798828e+01
   2.9812500e+06   1.3793945e+01
   3.0496080e+06   2.7160645e+01
   3.0497160e+06   1.6357422e+01
   3.0497280e+06   2.0690918e+01
   3.0497550e+06   1.4221191e+01
   3.0498000e+06   1.9287109e+01
   3.0498310e+06   2.7343750e+01
   3.0498680e+06   2.3742676e+01
   3.0498830e+06   1.4343262e+01
   3.0499040e+06   1.5075684e+01
   3.0499420e+06   1.3793945e+01
   3.0499740e+06   1.9836426e+01
   3.0500140e+06   1.4953613e+01
   3.0500260e+06   1.8310547e+01
   3.0501590e+06   1.4343262e+01
   3.0505600e+06   1.4282227e+01
   3.0841230e+06   1.3977051e+01
   3.0847340e+06   1.7089844e+01
   3.0847570e+06   1.8371582e+01
   3.0847860e+06   2.0935059e+01
   3.0848080e+06   2.0324707e+01
   3.0848420e+06   4.0344238e+01
   3.0848520e+06   2.1911621e+01
   3.0848680e+06   1.4526367e+01
   3.0849170e+06   2.3254395e+01
   3.0849420e+06   1.4953613e+01
   3.0849570e+06   1.7089844e+01
   3.0849800e+06   1.4831543e+01
   3.0850220e+06   1.6052246e+01
   3.0850630e+06   1.5075684e+01
   3.0850990e+06   1.3671875e+01
   3.0852070e+06   1.3610840e+01
   3.3465270e+06   2.3681641e+01
   3.3471790e+06   1.5319824e+01
   3.3472510e+06   1.5380859e+01
   3.3477990e+06   2.1423340e+01
   3.3480830e+06   2.3498535e+01
   3.4204640e+06   2.3803711e+01
   3.4205420e+06   2.0263672e+01
   3.4205850e+06   1.6723633e+01
   3.4206110e+06   2.6000977e+01
   3.4206350e+06   1.4953613e+01
   3.4206460e+06   1.9897461e+01
   3.4206620e+06   1.4160156e+01
   3.4207000e+06   1.5197754e+01
   3.4207280e+06   2.1240234e+01
   3.4910760e+06   2.3559570e+01
   3.4915200e+06   1.5441895e+01
   3.4915530e+06   1.8554688e+01
   3.4915990e+06   1.5258789e+01
   3.4916380e+06   1.5014648e+01
   3.4916690e+06   1.6540527e+01
   3.4916920e+06   1.9531250e+01
   3.4917170e+06   1.3916016e+01
   3.6096590e+06   1.3732910e+01
   3.6096750e+06   1.8615723e+01
   3.6097340e+06   1.6357422e+01
   3.6097450e+06   2.3986816e+01
   3.6097650e+06   1.6235352e+01
   3.6098110e+06   3.3813477e+01
   3.6098210e+06   1.3854980e+01
   3.6098460e+06   1.4465332e+01
   3.6098660e+06   2.0629883e+01
   3.6098790e+06   2.1728516e+01
   3.6099140e+06   1.7272949e+01
   3.6099320e+06   1.5258789e+01
   3.6099600e+06   1.3732910e+01
   3.6099730e+06   1.3610840e+01
   3.6100430e+06   1.3610840e+01
   3.6402260e+06   2.1240234e+01
   3.6402600e+06   1.4404297e+01
   3.6403040e+06   1.3610840e+01
   3.6403640e+06   1.4526367e+01
   3.6404050e+06   1.7517090e+01
   3.6404450e+06   1.4282227e+01
   3.6405220e+06   2.5695801e+01
   3.6405560e+06   1.5869141e+01
   3.6407120e+06   1.5563965e+01
   3.7478410e+06   2.7832031e+01
   3.7486210e+06   1.3671875e+01
   3.7487180e+06   1.5197754e+01
   3.7490290e+06   1.4953613e+01
   3.7490570e+06   2.5939941e+01
   3.8457910e+06   1.5625000e+01
   3.8458150e+06   2.3925781e+01
   3.8458340e+06   1.4221191e+01
   3.8458540e+06   1.4465332e+01
   3.8458720e+06   1.5563965e+01
   3.8459430e+06   1.6235352e+01
   3.8459710e+06   1.6540527e+01
   3.8460450e+06   1.3916016e+01
   3.9374160e+06   1.4709473e+01
   3.9377220e+06   2.4047852e+01
   3.9377990e+06   1.7333984e+01
   3.9379310e+06   1.6845703e+01
   3.9392190e+06   2.5512695e+01
   3.9392840e+06   1.5258789e+01
   3.9392940e+06   1.8859863e+01
   3.9395630e+06   2.6428223e+01
   3.9921860e+06   1.4404297e+01
   3.9922320e+06   1.7028809e+01
   3.9922840e+06   1.7517090e+01
   3.9923400e+06   1.4282227e+01
   4.0457300e+06   2.8991699e+01
   4.0458260e+06   1.5563965e+01
   4.0458450e+06   1.4343262e+01
   4.0458640e+06   1.3671875e+01
   4.0459210e+06   1.5075684e+01
   4.0459770e+06   1.4770508e+01
   4.0461310e+06   2.4719238e+01
   4.0670240e+06   3.0395508e+01
   4.0670900e+06   1.4343262e+01
   4.0671280e+06   1.3732910e+01
   4.0671460e+06   1.3671875e+01
   4.0673920e+06   2.4902344e+01
   4.0674360e+06   1.5686035e+01
   4.0678990e+06   1.9470215e+01
   4.0679090e+06   1.4221191e+01
   4.1112140e+06   1.4831543e+01
   4.1112310e+06   2.1667480e+01
   4.1115750e+06   2.1484375e+01
   4.1352260e+06   1.7150879e+01
   4.1352520e+06   2.5085449e+01
   4.1352790e+06   1.7028809e+01
   4.1352920e+06   2.7282715e+01
   4.1353090e+06   1.9775391e+01
   4.1353400e+06   2.5268555e+01
   4.1353600e+06   2.0263672e+01
   4.1353740e+06   1.5625000e+01
   4.1354170e+06   2.8869629e+01
   4.1354970e+06   1.4587402e+01
   4.1355100e+06   1.4404297e+01
   4.1355220e+06   1.6052246e+01
   4.1355830e+06   1.6052246e+01
   4.1356140e+06   1.4953613e+01
   4.1356420e+06   1.7456055e+01
   4.1503720e+06   1.5075684e+01
   4.1505740e+06   1.4648438e+01
   4.1508580e+06   1.9104004e+01
   4.1520530e+06   1.5014648e+01
   4.1520670e+06   1.4709473e+01
   4.1524070e+06   1.9348145e+01
   4.1526200e+06   2.3315430e+01
   4.1528050e+06   2.5024414e+01
   4.1530420e+06   2.0202637e+01
   4.1532620e+06   1.9042969e+01
   4.2052830e+06   1.3854980e+01
   4.2189390e+06   1.4526367e+01
   4.3296570e+06   2.3864746e+01
   4.4048100e+06   2.1057129e+01
   4.4048620e+06   1.4038086e+01
   4.4048990e+06   1.5808105e+01
   4.4049180e+06   1.4038086e+01
   4.4049300e+06   1.8371582e+01
   4.4049640e+06   1.3916016e+01
   4.4049940e+06   2.1606445e+01
   4.4050090e+06   2.3376465e+01
   4.4050290e+06   1.9042969e+01
   4.4051520e+06   1.5502930e+01
   4.4052080e+06   1.6601562e+01
   4.4936640e+06   1.3793945e+01
   4.4936840e+06   1.4465332e+01
   4.4937180e+06   1.6845703e+01
   4.4937600e+06   1.6357422e+01
   4.4938010e+06   1.7395020e+01
   4.4938130e+06   1.9836426e+01
   4.4938530e+06   3.0456543e+01
   4.4941030e+06   1.5747070e+01
   4.4941440e+06   1.4343262e+01
   4.4941830e+06   1.3916016e+01
   4.5134000e+06   1.7456055e+01
   4.5134630e+06   1.4648438e+01
   4.5134810e+06   1.5380859e+01
   4.5140130e+06   1.5258789e+01
   4.6047190e+06   2.1423340e+01
   4.6048390e+06   2.1606445e+01
   4.6049360e+06   1.6113281e+01
   4.6887610e+06   2.6123047e+01
   4.6888430e+06   1.7150879e+01
   4.6889940e+06   1.5075684e+01
   4.6890700e+06   1.4587402e+01
   4.6891350e+06   1.3916016e+01
   4.6891700e+06   1.4343262e+01
   4.6892670e+06   1.5075684e+01
   4.6893910e+06   1.4038086e+01
   4.7361840e+06   2.6611328e+01
   4.7362460e+06   1.8371582e+01
   4.7769980e+06   2.6123047e+01
   4.7775680e+06   1.8371582e+01
   4.7776000e+06   1.9897461e+01
   4.7776170e+06   3.6071777e+01
   4.7776320e+06   2.6672363e+01
   4.7776560e+06   2.2583008e+01
   4.7776760e+06   1.7639160e+01
   4.7776880e+06   1.8493652e+01
   4.7777110e+06   1.5502930e+01
   4.7777420e+06   1.8554688e+01
   4.7777810e+06   1.5380859e+01
   4.7778090e+06   1.6845703e+01
   4.7778440e+06   1.3793945e+01
   4.7779480e+06   1.4953613e+01
   4.7781450e+06   1.4343262e+01
   4.8006700e+06   1.6906738e+01
   4.8007200e+06   1.6723633e+01
   4.8007470e+06   1.5747070e+01
   4.8007660e+06   2.6184082e+01
   4.8008040e+06   1.4709473e+01
   4.8008250e+06   1.4648438e+01
   4.8008550e+06   1.6357422e+01
   4.8009390e+06   2.3437500e+01
   4.8009820e+06   1.4526367e+01
   4.8010250e+06   1.5747070e+01
   4.8010550e+06   1.9653320e+01
   4.8013420e+06   2.0080566e+01
   4.9028590e+06   1.8493652e+01
   4.9032330e+06   2.2033691e+01
   4.9033520e+06   1.6357422e+01
   4.9033740e+06   1.3732910e+01
   4.9034000e+06   1.6235352e+01
   4.9035170e+06   1.4526367e+01
   4.9035650e+06   1.3671875e+01
   4.9036170e+06   1.8371582e+01
   4.9036730e+06   1.3854980e+01
   5.0352280e+06   2.5146484e+01
   5.0353250e+06   2.0080566e+01
   5.0360270e+06   1.3732910e+01
   5.0360640e+06   2.5024414e+01
   5.0360890e+06   1.4465332e+01
   5.1385420e+06   2.4597168e+01
   5.1387160e+06   1.9409180e+01
   5.1389140e+06   2.2827148e+01
   5.1394700e+06   2.6184082e+01
   5.1395630e+06   1.6540527e+01
   5.1396360e+06   1.5380859e+01
   5.1396630e+06   1.3732910e+01
   5.1396910e+06   1.4465332e+01
   5.2093800e+06   2.4719238e+01
   5.2094640e+06   2.3132324e+01
   5.2095770e+06   2.2460938e+01
   5.2101680e+06   1.5014648e+01
   5.2102500e+06   1.4831543e+01
   5.2102700e+06   1.3732910e+01
   5.2103340e+06   2.0874023e+01
   5.2105010e+06   2.4108887e+01
   5.2347680e+06   2.4047852e+01
   5.2351040e+06   1.4709473e+01
   5.2352010e+06   1.4526367e+01
   5.2353440e+06   2.6733398e+01
   5.2356160e+06   2.2705078e+01
   5.2359030e+06   2.6855469e+01
   5.3144150e+06   2.4353027e+01
   5.3144730e+06   1.4709473e+01
   5.3148170e+06   1.4648438e+01
   5.3148440e+06   1.5686035e+01
   5.3148880e+06   1.3793945e+01
   5.3149220e+06   1.6296387e+01
   5.3149660e+06   1.6601562e+01
   5.3151500e+06   2.5146484e+01
   5.3515760e+06   1.3793945e+01
   5.3517510e+06   1.4038086e+01
   5.3517820e+06   2.7099609e+01
   5.3518150e+06   1.6174316e+01
   5.3521800e+06   2.1179199e+01
   5.4138020e+06   1.4282227e+01
   5.4138840e+06   1.4038086e+01
   5.4138980e+06   2.1789551e+01
   5.4140500e+06   2.7282715e+01
   5.4142100e+06   1.4038086e+01
   5.4610470e+06   1.4709473e+01
   5.4611230e+06   2.5695801e+01
   5.4612780e+06   1.8310547e+01
   5.4614920e+06   2.4475098e+01
   5.4861490e+06   1.5319824e+01
   5.4863290e+06   2.0751953e+01
   5.4865730e+06   2.3742676e+01
   5.4866990e+06   2.1423340e+01
   5.4871320e+06   2.3742676e+01
   5.5221050e+06   1.5319824e+01
   5.5223930e+06   2.5207520e+01
   5.5228190e+06   2.5939941e+01
   5.5325780e+06   1.4587402e+01
   5.5659110e+06   1.4160156e+01
   5.5661700e+06   2.2949219e+01
   5.6303200e+06   2.2827148e+01
   5.6306660e+06   2.1057129e+01
   5.6307070e+06   1.4160156e+01
   5.6651770e+06   2.4719238e+01
   5.6658630e+06   2.1240234e+01
   5.6661300e+06   2.2460938e+01
   5.6662830e+06   1.3977051e+01
   5.6665430e+06   2.1728516e+01
   5.7681580e+06   2.2827148e+01
   5.7691720e+06   2.4475098e+01
   5.8837550e+06   2.5817871e+01
   5.8838400e+06   2.2399902e+01
   5.8843910e+06   1.3854980e+01
   5.8844110e+06   1.4587402e+01
   5.8844220e+06   1.5136719e+01
   5.8844650e+06   1.3610840e+01
   5.8845090e+06   1.6540527e+01
   5.8845200e+06   1.5625000e+01
   5.8845300e+06   1.6052246e+01
   5.8845550e+06   1.5380859e+01
   5.8846410e+06   1.6418457e+01
   5.9216910e+06   1.3671875e+01
   5.9219760e+06   1.4526367e+01
   5.9220570e+06   1.4831543e+01
   5.9221370e+06   2.4902344e+01
   5.9223370e+06   1.7944336e+01
   5.9576100e+06   2.5817871e+01
   5.9577990e+06   1.3732910e+01
   5.9578590e+06   1.4526367e+01
   5.9578810e+06   1.4648438e+01
   5.9579160e+06   1.5014648e+01
   5.9579430e+06   1.7272949e+01
   5.9579690e+06   2.5268555e+01
   5.9579930e+06   1.4221191e+01
   5.9580460e+06   1.5502930e+01
   5.9580710e+06   1.4038086e+01
