   5.9990000e+06   0.0000000e+00
   4.2110000e+03   3.9306641e+01
   6.7400000e+03   3.3691406e+01
   7.9610000e+03   3.1860352e+01
   2.1764000e+04   3.4545898e+01
   2.1864000e+04   3.7719727e+01
   2.1943000e+04   2.9602051e+01
   2.1978000e+04   1.4038086e+01
   2.2026000e+04   3.7475586e+01
   2.2097000e+04   1.3488770e+01
   2.2148000e+04   1.5991211e+01
   7.8699000e+04   3.1005859e+01
   8.9084000e+04   3.4362793e+01
   1.0025100e+05   3.3874512e+01
   1.0038300e+05   3.2653809e+01
   1.2636600e+05   3.5034180e+01
   1.2980700e+05   2.9541016e+01
   1.3084300e+05   3.4179688e+01
   1.3128100e+05   3.3325195e+01
   1.3206300e+05   3.3447266e+01
   1.3218000e+05   3.1433105e+01
   1.3240900e+05   3.3691406e+01
   1.3250300e+05   3.1005859e+01
   1.3269100e+05   2.0019531e+01
   1.3280100e+05   2.9479980e+01
   1.3297900e+05   2.6977539e+01
   1.3305900e+05   3.0029297e+01
   1.3320100e+05   3.1066895e+01
   1.3336900e+05   2.8320312e+01
   1.3352600e+05   2.8686523e+01
   1.3366700e+05   2.8381348e+01
   1.3388000e+05   2.9785156e+01
   1.4925300e+05   3.3630371e+01
   1.8422700e+05   3.2287598e+01
   2.1396100e+05   3.6804199e+01
   2.2599700e+05   3.3325195e+01
   2.3924400e+05   3.4912109e+01
   2.3934000e+05   3.0639648e+01
   2.3943100e+05   3.1982422e+01
   2.3953700e+05   2.9785156e+01
   2.3967100e+05   3.0151367e+01
   2.3983100e+05   2.8015137e+01
   2.6465800e+05   3.5156250e+01
   2.8635800e+05   3.8757324e+01
   2.8804300e+05   3.6987305e+01
   2.8822300e+05   3.4057617e+01
   2.8832800e+05   3.6499023e+01
   2.8846300e+05   3.3508301e+01
   2.8858300e+05   3.3447266e+01
   2.8868900e+05   3.0944824e+01
   2.8879500e+05   2.6977539e+01
   2.8887200e+05   3.1921387e+01
   2.8898700e+05   2.6855469e+01
   2.8917300e+05   3.1494141e+01
   2.8925300e+05   3.1799316e+01
   2.8953000e+05   3.1311035e+01
   3.3310300e+05   1.6052246e+01
   3.4744300e+05   3.6865234e+01
   3.4810300e+05   1.3183594e+01
   3.4827500e+05   2.9968262e+01
   3.4833500e+05   1.3793945e+01
   3.4835400e+05   2.6428223e+01
   3.4852300e+05   1.3549805e+01
   3.4876100e+05   1.4709473e+01
   3.6441300e+05   3.2409668e+01
   3.7584900e+05   3.1860352e+01
   4.2867000e+05   3.5034180e+01
   4.3441900e+05   3.6437988e+01
   4.3477600e+05   3.1372070e+01
   4.3517300e+05   3.7719727e+01
   4.3661100e+05   3.2836914e+01
   4.3681200e+05   3.4301758e+01
   4.3697800e+05   3.4973145e+01
   4.3710300e+05   3.2897949e+01
   4.3730500e+05   3.4851074e+01
   4.3756700e+05   3.3081055e+01
   4.9038200e+05   3.7414551e+01
   4.9064900e+05   3.0761719e+01
   4.9087900e+05   3.4667969e+01
   4.9098900e+05   3.1860352e+01
   4.9115400e+05   3.4667969e+01
   4.9136900e+05   3.2470703e+01
   4.9155300e+05   3.0761719e+01
   4.9169900e+05   2.8259277e+01
   4.9180100e+05   3.0578613e+01
   4.9203800e+05   3.2287598e+01
   4.9245600e+05   3.7841797e+01
   5.4712200e+05   3.6621094e+01
   5.4919500e+05   3.2531738e+01
   5.6383900e+05   3.6254883e+01
   5.8036200e+05   3.4484863e+01
   5.8068100e+05   3.2409668e+01
   5.8249100e+05   3.2409668e+01
   5.8340300e+05   3.6499023e+01
   6.0127400e+05   3.3752441e+01
   6.2624000e+05   3.9367676e+01
   6.4058300e+05   3.7170410e+01
   6.4646000e+05   3.4545898e+01
   6.5497400e+05   3.1921387e+01
   6.5771100e+05   1.3427734e+01
   6.5775200e+05   3.7902832e+01
   6.5781700e+05   3.6254883e+01
   6.5783800e+05   1.8188477e+01
   6.5786500e+05   3.9062500e+01
   6.5791000e+05   4.5043945e+01
   6.5793200e+05   1.4099121e+01
   6.5794900e+05   2.6367188e+01
   6.5798300e+05   2.2521973e+01
   6.5802500e+05   2.0812988e+01
   6.5804800e+05   1.8920898e+01
   6.5806900e+05   2.4230957e+01
   6.5810800e+05   2.4658203e+01
   6.5812700e+05   1.4831543e+01
   6.5817300e+05   2.2033691e+01
   6.5823000e+05   2.2705078e+01
   6.5826700e+05   1.3305664e+01
   6.5830900e+05   2.4353027e+01
   6.5841000e+05   2.6977539e+01
   6.5851200e+05   1.6418457e+01
   6.5981500e+05   1.4160156e+01
   6.6025000e+05   1.3732910e+01
   6.6054500e+05   1.5136719e+01
   6.7667300e+05   3.8208008e+01
   6.7674800e+05   3.4973145e+01
   6.7679500e+05   3.3996582e+01
   6.7688300e+05   3.2104492e+01
   6.7695500e+05   2.8564453e+01
   6.7705200e+05   3.5888672e+01
   6.7715500e+05   3.0212402e+01
   6.7722900e+05   3.1250000e+01
   6.7728700e+05   2.6123047e+01
   6.7751700e+05   3.1555176e+01
   6.7770900e+05   3.1372070e+01
   6.7794900e+05   3.0517578e+01
   6.7823900e+05   2.9602051e+01
   6.9361000e+05   3.2470703e+01
   6.9399300e+05   3.3569336e+01
   6.9493100e+05   3.4362793e+01
   6.9532500e+05   3.2165527e+01
   6.9574800e+05   1.8981934e+01
   7.1272500e+05   3.0395508e+01
   7.1580800e+05   3.4301758e+01
   7.1674300e+05   4.0405273e+01
   7.2751000e+05   3.4912109e+01
   7.2962500e+05   3.3996582e+01
   7.3837100e+05   3.0090332e+01
   7.3988200e+05   3.2043457e+01
   7.4304800e+05   3.1921387e+01
   7.4610400e+05   3.5217285e+01
   7.5094900e+05   2.9113770e+01
   7.5969800e+05   3.2592773e+01
   7.6178000e+05   1.5747070e+01
   7.6179200e+05   2.6916504e+01
   7.6181900e+05   1.4282227e+01
   7.6184200e+05   3.5583496e+01
   7.6185400e+05   2.2644043e+01
   7.6190500e+05   1.9042969e+01
   7.6191500e+05   3.8024902e+01
   7.6196000e+05   3.6804199e+01
   7.6200500e+05   3.3874512e+01
   7.6204300e+05   2.4780273e+01
   7.6206900e+05   1.8798828e+01
   7.6208900e+05   1.6662598e+01
   7.6212300e+05   2.5512695e+01
   7.6217200e+05   2.4597168e+01
   7.6222600e+05   2.0812988e+01
   7.6227000e+05   2.1057129e+01
   7.6232500e+05   2.1423340e+01
   7.6238700e+05   2.0629883e+01
   7.6245600e+05   2.4780273e+01
   7.6253300e+05   2.4658203e+01
   7.6344200e+05   1.3854980e+01
   7.6357200e+05   1.4099121e+01
   7.6379700e+05   1.3305664e+01
   7.6390400e+05   1.4648438e+01
   7.6402300e+05   1.3671875e+01
   7.6557200e+05   1.3183594e+01
   7.7696700e+05   2.8808594e+01
   7.7984600e+05   3.0517578e+01
   7.9360400e+05   3.3142090e+01
   8.1531400e+05   3.1860352e+01
   8.2548200e+05   3.3264160e+01
   8.3180000e+05   3.2958984e+01
   8.4650800e+05   3.2592773e+01
   8.5385700e+05   3.0578613e+01
   8.5735200e+05   3.3935547e+01
   8.5914700e+05   3.7109375e+01
   8.6688600e+05   3.2653809e+01
   8.7579900e+05   3.3508301e+01
   8.8641100e+05   3.1372070e+01
   8.8727100e+05   3.6743164e+01
   8.8860300e+05   3.5095215e+01
   8.9864300e+05   3.2714844e+01
   9.0311000e+05   3.5522461e+01
   9.0720900e+05   3.4606934e+01
   9.1965900e+05   2.2155762e+01
   9.4279200e+05   3.3203125e+01
   9.4754300e+05   3.3630371e+01
   9.5747500e+05   3.3447266e+01
   9.6696400e+05   3.6926270e+01
   1.0083030e+06   3.5888672e+01
   1.0175990e+06   3.2775879e+01
   1.0248200e+06   3.3447266e+01
   1.0362050e+06   3.2104492e+01
   1.0513120e+06   1.4099121e+01
   1.0573940e+06   3.3874512e+01
   1.0612520e+06   3.4545898e+01
   1.0762880e+06   3.4301758e+01
   1.1029930e+06   3.7536621e+01
   1.1259630e+06   3.1372070e+01
   1.1573610e+06   3.4423828e+01
   1.1650830e+06   3.8208008e+01
   1.1930050e+06   3.4484863e+01
   1.2033020e+06   3.4790039e+01
   1.2569060e+06   3.3569336e+01
   1.2569760e+06   3.9062500e+01
   1.2570380e+06   3.0029297e+01
   1.2571140e+06   3.1005859e+01
   1.2571650e+06   1.8920898e+01
   1.2572160e+06   3.0822754e+01
   1.2572450e+06   2.2460938e+01
   1.2576050e+06   2.2460938e+01
   1.3124150e+06   3.6987305e+01
   1.3126290e+06   3.1860352e+01
   1.3127740e+06   3.0883789e+01
   1.3130070e+06   1.5502930e+01
   1.3130620e+06   3.8452148e+01
   1.3130800e+06   3.3508301e+01
   1.3734830e+06   3.2897949e+01
   1.3831760e+06   3.5278320e+01
   1.4445630e+06   3.6804199e+01
   1.4447180e+06   3.3081055e+01
   1.4447980e+06   3.3386230e+01
   1.4450270e+06   2.8686523e+01
   1.4452580e+06   3.4484863e+01
   1.5027040e+06   1.3977051e+01
   1.5027680e+06   3.9367676e+01
   1.5028010e+06   1.4038086e+01
   1.5028580e+06   3.4667969e+01
   1.5030170e+06   3.1372070e+01
   1.5031490e+06   3.4667969e+01
   1.5031880e+06   1.3671875e+01
   1.5032000e+06   2.3254395e+01
   1.5327140e+06   1.3732910e+01
   1.5327570e+06   1.3427734e+01
   1.5327960e+06   3.7597656e+01
   1.5328130e+06   3.1677246e+01
   1.5328640e+06   1.7700195e+01
   1.5328740e+06   3.2165527e+01
   1.5329100e+06   2.8564453e+01
   1.5329340e+06   1.8615723e+01
   1.5329560e+06   3.2775879e+01
   1.5329890e+06   2.9602051e+01
   1.5330280e+06   2.7648926e+01
   1.5330690e+06   2.5207520e+01
   1.5330900e+06   2.0446777e+01
   1.5331120e+06   2.4108887e+01
   1.5331660e+06   2.2888184e+01
   1.5332140e+06   1.4465332e+01
   1.5332380e+06   2.8930664e+01
   1.5333290e+06   2.8564453e+01
   1.5336010e+06   1.7883301e+01
   1.5486950e+06   4.0100098e+01
   1.5488960e+06   3.1372070e+01
   1.5490130e+06   3.3203125e+01
   1.5490720e+06   2.6916504e+01
   1.5491360e+06   2.9541016e+01
   1.5492670e+06   3.0822754e+01
   1.5494260e+06   3.5034180e+01
   1.5495960e+06   3.2104492e+01
   1.5496640e+06   2.9663086e+01
   1.5499520e+06   2.9724121e+01
   1.5503460e+06   3.5156250e+01
   1.5506250e+06   3.4301758e+01
   1.5579550e+06   3.3447266e+01
   1.5582700e+06   2.9296875e+01
   1.5585990e+06   3.4545898e+01
   1.5589730e+06   1.6418457e+01
   1.5590050e+06   2.2583008e+01
   1.5590330e+06   1.5808105e+01
   1.5590470e+06   1.3244629e+01
   1.5590850e+06   3.6010742e+01
   1.5591150e+06   1.8310547e+01
   1.5591460e+06   1.6967773e+01
   1.5591640e+06   1.5319824e+01
   1.5591960e+06   1.4831543e+01
   1.5592310e+06   2.8137207e+01
   1.5592410e+06   1.5014648e+01
   1.5592610e+06   1.6052246e+01
   1.5593150e+06   3.0212402e+01
   1.5593430e+06   1.6845703e+01
   1.5593710e+06   2.4291992e+01
   1.5594460e+06   1.5075684e+01
   1.5594850e+06   2.6611328e+01
   1.5595660e+06   1.5441895e+01
   1.5595790e+06   3.3630371e+01
   1.5596400e+06   1.7517090e+01
   1.5596530e+06   1.3977051e+01
   1.5597180e+06   2.7343750e+01
   1.5598680e+06   2.6123047e+01
   1.5599190e+06   1.7395020e+01
   1.5603190e+06   1.7578125e+01
   1.5804630e+06   3.5095215e+01
   1.5808050e+06   3.1921387e+01
   1.5809630e+06   3.2592773e+01
   1.5810600e+06   3.3447266e+01
   1.5811340e+06   2.8503418e+01
   1.5812480e+06   2.9785156e+01
   1.5814030e+06   3.2714844e+01
   1.5814250e+06   1.4282227e+01
   1.5814960e+06   2.9296875e+01
   1.5816160e+06   1.6967773e+01
   1.5816330e+06   1.3183594e+01
   1.5816500e+06   3.7353516e+01
   1.5816780e+06   1.5869141e+01
   1.5817110e+06   1.7578125e+01
   1.5817710e+06   3.0822754e+01
   1.5817930e+06   1.7272949e+01
   1.5818050e+06   2.3559570e+01
   1.5818440e+06   3.7841797e+01
   1.5818920e+06   1.9165039e+01
   1.5819030e+06   3.2165527e+01
   1.5819770e+06   1.4709473e+01
   1.5819950e+06   1.3732910e+01
   1.5821520e+06   1.4709473e+01
   1.5821630e+06   3.5888672e+01
   1.5823830e+06   1.5075684e+01
   1.5825990e+06   1.9470215e+01
   1.5826770e+06   1.4587402e+01
   1.5829270e+06   1.6357422e+01
   1.6376940e+06   3.3142090e+01
   1.6379590e+06   2.1728516e+01
   1.6379880e+06   1.4953613e+01
   1.6380120e+06   4.7363281e+01
   1.6380400e+06   1.8798828e+01
   1.6380590e+06   3.4667969e+01
   1.6381030e+06   1.5563965e+01
   1.6381480e+06   2.3315430e+01
   1.6381690e+06   1.3671875e+01
   1.6381890e+06   1.6235352e+01
   1.6382140e+06   1.8249512e+01
   1.6382260e+06   2.8625488e+01
   1.6382700e+06   2.0324707e+01
   1.6383060e+06   1.9042969e+01
   1.6383530e+06   1.9714355e+01
   1.6383960e+06   1.7639160e+01
   1.6384380e+06   2.1728516e+01
   1.6384790e+06   2.6733398e+01
   1.6385110e+06   1.9897461e+01
   1.6385560e+06   2.3376465e+01
   1.6388520e+06   1.5380859e+01
   1.6391800e+06   1.3305664e+01
   1.6393640e+06   1.4343262e+01
   1.6396830e+06   1.5686035e+01
   1.7632270e+06   3.7109375e+01
   1.8273860e+06   3.4790039e+01
   1.8275980e+06   3.3508301e+01
   1.8277470e+06   3.4118652e+01
   1.8333500e+06   3.3325195e+01
   1.8334940e+06   3.5949707e+01
   1.8387290e+06   3.2287598e+01
   1.9433160e+06   3.8696289e+01
   2.0689680e+06   3.5217285e+01
   2.0691760e+06   3.9184570e+01
   2.0692370e+06   1.3488770e+01
   2.0693090e+06   3.1921387e+01
   2.0694310e+06   3.6804199e+01
   2.0695120e+06   1.3427734e+01
   2.0695770e+06   3.6865234e+01
   2.0697150e+06   3.2531738e+01
   2.0699520e+06   3.5278320e+01
   2.0700610e+06   2.8137207e+01
   2.0701680e+06   3.0090332e+01
   2.0703210e+06   3.0029297e+01
   2.0704910e+06   3.3752441e+01
   2.0707050e+06   2.6245117e+01
   2.0936090e+06   3.5705566e+01
   2.0936730e+06   1.4648438e+01
   2.1755610e+06   3.3630371e+01
   2.1757030e+06   1.6662598e+01
   2.1757510e+06   3.5461426e+01
   2.1758410e+06   3.2775879e+01
   2.1760440e+06   3.2836914e+01
   2.1761430e+06   3.5827637e+01
   2.1763070e+06   3.1188965e+01
   2.1764280e+06   3.3874512e+01
   2.1765540e+06   3.3508301e+01
   2.1766630e+06   2.9724121e+01
   2.1767960e+06   2.9541016e+01
   2.1770460e+06   3.0578613e+01
   2.1772460e+06   3.3020020e+01
   2.2224420e+06   3.5949707e+01
   2.2225150e+06   3.6987305e+01
   2.2225750e+06   3.0578613e+01
   2.2227080e+06   3.3020020e+01
   2.2227860e+06   3.0700684e+01
   2.2228830e+06   3.4118652e+01
   2.2229580e+06   1.3305664e+01
   2.2229900e+06   3.1372070e+01
   2.2230670e+06   2.7160645e+01
   2.2231570e+06   3.0517578e+01
   2.2232390e+06   3.5034180e+01
   2.2233560e+06   2.8137207e+01
   2.2234320e+06   2.9052734e+01
   2.2235510e+06   2.9602051e+01
   2.2237040e+06   3.2470703e+01
   2.2237930e+06   2.6367188e+01
   2.2239480e+06   3.2592773e+01
   2.2240420e+06   3.0151367e+01
   2.2241890e+06   2.8625488e+01
   2.2243270e+06   3.1372070e+01
   2.2244870e+06   2.7954102e+01
   2.2246950e+06   2.7526855e+01
   2.2248410e+06   2.8381348e+01
   2.2554410e+06   4.1442871e+01
   2.2555440e+06   3.7902832e+01
   2.2556260e+06   3.1250000e+01
   2.2557030e+06   2.6977539e+01
   2.2558030e+06   3.6071777e+01
   2.2558800e+06   3.2653809e+01
   2.2559530e+06   2.7526855e+01
   2.2560260e+06   2.9907227e+01
   2.2561180e+06   3.1066895e+01
   2.2562000e+06   3.0151367e+01
   2.2562890e+06   2.9602051e+01
   2.2563880e+06   3.4851074e+01
   2.2564590e+06   3.1188965e+01
   2.2565520e+06   2.6123047e+01
   2.2566860e+06   3.1372070e+01
   2.2567530e+06   2.5085449e+01
   2.2569410e+06   3.0700684e+01
   2.2571060e+06   2.8503418e+01
   2.2571700e+06   2.5512695e+01
   2.2575580e+06   2.8503418e+01
   2.2577590e+06   2.6977539e+01
   2.2929250e+06   3.6865234e+01
   2.2930880e+06   3.5278320e+01
   2.2931230e+06   3.5217285e+01
   2.2932240e+06   3.6254883e+01
   2.2933010e+06   3.2958984e+01
   2.2933720e+06   3.2653809e+01
   2.2934790e+06   3.0700684e+01
   2.2935350e+06   2.8686523e+01
   2.2936460e+06   3.3508301e+01
   2.2937160e+06   2.7954102e+01
   2.2937610e+06   2.9846191e+01
   2.2938660e+06   2.7465820e+01
   2.2939350e+06   2.9479980e+01
   2.2939890e+06   3.3996582e+01
   2.2942200e+06   3.2836914e+01
   2.2942790e+06   3.0395508e+01
   2.2944700e+06   3.0883789e+01
   2.2946590e+06   2.8869629e+01
   2.2947190e+06   2.6306152e+01
   2.2951650e+06   2.7648926e+01
   2.2953250e+06   2.9785156e+01
   2.3048370e+06   1.3610840e+01
   2.3642150e+06   2.9846191e+01
   2.3643630e+06   3.8452148e+01
   2.3644070e+06   2.8076172e+01
   2.3644910e+06   3.1250000e+01
   2.3646130e+06   3.2226562e+01
   2.3646610e+06   2.5573730e+01
   2.3647830e+06   3.5522461e+01
   2.3648740e+06   2.9724121e+01
   2.3649890e+06   3.6376953e+01
   2.3650480e+06   2.5878906e+01
   2.3651760e+06   2.8503418e+01
   2.3652390e+06   1.8310547e+01
   2.3653530e+06   2.9357910e+01
   2.3654640e+06   3.1250000e+01
   2.3655400e+06   3.1127930e+01
   2.3656780e+06   2.8686523e+01
   2.3657850e+06   3.3203125e+01
   2.3659280e+06   3.0517578e+01
   2.3664060e+06   3.5705566e+01
   2.4215870e+06   3.1433105e+01
   2.4216910e+06   3.7048340e+01
   2.4217570e+06   3.2775879e+01
   2.4218820e+06   3.9855957e+01
   2.4219890e+06   3.3752441e+01
   2.4220430e+06   3.0578613e+01
   2.4221220e+06   3.2104492e+01
   2.4222170e+06   1.8371582e+01
   2.4222940e+06   1.3366699e+01
   2.4223240e+06   2.6855469e+01
   2.4223820e+06   2.7587891e+01
   2.4224940e+06   3.0700684e+01
   2.4226050e+06   2.9602051e+01
   2.4226660e+06   2.5024414e+01
   2.4228190e+06   2.5146484e+01
   2.4228730e+06   3.2653809e+01
   2.4231220e+06   3.2287598e+01
   2.4232060e+06   2.8015137e+01
   2.4235050e+06   3.4912109e+01
   2.4236920e+06   3.2165527e+01
   2.4538340e+06   3.3874512e+01
   2.4539840e+06   3.6010742e+01
   2.4540540e+06   3.2409668e+01
   2.4541220e+06   3.6560059e+01
   2.4542000e+06   3.3813477e+01
   2.4542780e+06   3.4973145e+01
   2.4543580e+06   3.1799316e+01
   2.4544400e+06   3.3325195e+01
   2.4544920e+06   3.3264160e+01
   2.4545940e+06   2.7954102e+01
   2.4546490e+06   3.0395508e+01
   2.4547640e+06   3.0822754e+01
   2.4548480e+06   2.8808594e+01
   2.4549950e+06   2.5390625e+01
   2.4550860e+06   3.1616211e+01
   2.4551370e+06   3.0700684e+01
   2.4553460e+06   2.7038574e+01
   2.4554600e+06   2.8076172e+01
   2.4555330e+06   2.8930664e+01
   2.4557540e+06   3.3447266e+01
   2.4559200e+06   2.5268555e+01
   2.4823100e+06   3.6132812e+01
   2.4824520e+06   3.0883789e+01
   2.4825020e+06   2.9968262e+01
   2.4825580e+06   3.2043457e+01
   2.4826350e+06   3.3508301e+01
   2.4827470e+06   2.9235840e+01
   2.4828150e+06   2.8381348e+01
   2.4828820e+06   2.8869629e+01
   2.4830070e+06   3.1250000e+01
   2.4830600e+06   2.4780273e+01
   2.4831510e+06   2.8747559e+01
   2.4832280e+06   2.5390625e+01
   2.4833200e+06   2.6733398e+01
   2.4834780e+06   2.9052734e+01
   2.4835270e+06   2.2033691e+01
   2.4836630e+06   2.8686523e+01
   2.4838000e+06   2.9174805e+01
   2.4838880e+06   2.4658203e+01
   2.4841250e+06   2.8869629e+01
   2.4844910e+06   3.0273438e+01
   2.5713800e+06   3.6315918e+01
   2.5714570e+06   3.0700684e+01
   2.5715550e+06   3.0944824e+01
   2.5716510e+06   2.9174805e+01
   2.5717460e+06   3.3203125e+01
   2.5718260e+06   3.1799316e+01
   2.5719370e+06   3.5461426e+01
   2.5719960e+06   3.0395508e+01
   2.5720840e+06   2.5695801e+01
   2.5721770e+06   3.3935547e+01
   2.5722600e+06   2.9968262e+01
   2.5723240e+06   3.0151367e+01
   2.5724450e+06   3.0212402e+01
   2.5724910e+06   2.9174805e+01
   2.5726000e+06   2.8320312e+01
   2.5727700e+06   2.9907227e+01
   2.5728560e+06   3.3020020e+01
   2.5730240e+06   3.0029297e+01
   2.5734810e+06   2.8442383e+01
   2.7057300e+06   1.5502930e+01
   2.8498360e+06   3.8452148e+01
   2.8500200e+06   3.3691406e+01
   2.8500980e+06   3.4912109e+01
   2.8502910e+06   3.3203125e+01
   2.8510630e+06   3.4790039e+01
   2.8511690e+06   3.4118652e+01
   2.8514020e+06   3.0761719e+01
   2.8514820e+06   2.9235840e+01
   2.8516310e+06   3.7109375e+01
   2.8517110e+06   3.1982422e+01
   2.8518290e+06   3.1372070e+01
   2.8519610e+06   2.7587891e+01
   2.8520960e+06   3.1433105e+01
   2.8522660e+06   2.9174805e+01
   2.8524100e+06   2.8991699e+01
   2.8525130e+06   2.8015137e+01
   2.8526480e+06   2.8686523e+01
   2.8527600e+06   2.8320312e+01
   2.8530520e+06   2.9357910e+01
   2.9778510e+06   3.3264160e+01
   3.0496420e+06   1.3183594e+01
   3.0496530e+06   3.7475586e+01
   3.0497670e+06   3.5766602e+01
   3.0497920e+06   1.4831543e+01
   3.0498040e+06   1.4648438e+01
   3.0498220e+06   2.7832031e+01
   3.0498500e+06   2.2033691e+01
   3.0498840e+06   3.5400391e+01
   3.0499100e+06   2.4658203e+01
   3.0499470e+06   3.4362793e+01
   3.0499670e+06   1.4099121e+01
   3.0500280e+06   2.0812988e+01
   3.0500430e+06   2.7160645e+01
   3.0502740e+06   1.4831543e+01
   3.0842410e+06   3.1494141e+01
   3.0845070e+06   1.3610840e+01
   3.0846540e+06   1.5380859e+01
   3.0846700e+06   3.9489746e+01
   3.0847250e+06   2.4902344e+01
   3.0847360e+06   1.7211914e+01
   3.0847610e+06   1.9409180e+01
   3.0847750e+06   4.6508789e+01
   3.0847950e+06   1.3732910e+01
   3.0848300e+06   3.8757324e+01
   3.0848630e+06   2.8930664e+01
   3.0848990e+06   3.4362793e+01
   3.0849170e+06   1.3671875e+01
   3.0849350e+06   2.4902344e+01
   3.0849680e+06   2.7648926e+01
   3.0850040e+06   2.5573730e+01
   3.0850420e+06   2.4414062e+01
   3.0850830e+06   2.0263672e+01
   3.0851220e+06   2.0080566e+01
   3.0851670e+06   2.5268555e+01
   3.0852300e+06   3.0883789e+01
   3.0852700e+06   1.6296387e+01
   3.0852860e+06   1.3549805e+01
   3.1633670e+06   3.6376953e+01
   3.2014160e+06   3.6499023e+01
   3.3449170e+06   3.4179688e+01
   3.3467150e+06   3.3935547e+01
   3.3471110e+06   3.5339355e+01
   3.3473340e+06   3.0761719e+01
   3.3476660e+06   3.3508301e+01
   3.3477830e+06   2.4414062e+01
   3.3479350e+06   3.6193848e+01
   3.3479660e+06   2.5207520e+01
   3.3480510e+06   1.7639160e+01
   3.3480860e+06   3.1433105e+01
   3.3481430e+06   1.9470215e+01
   3.3892080e+06   3.2775879e+01
   3.4195950e+06   3.2226563e+01
   3.4204780e+06   3.8635254e+01
   3.4205290e+06   1.4404297e+01
   3.4206200e+06   3.0029297e+01
   3.4206750e+06   3.5217285e+01
   3.4207480e+06   3.6437988e+01
   3.4208000e+06   3.1738281e+01
   3.4723640e+06   2.4597168e+01
   3.4909470e+06   2.7404785e+01
   3.4913640e+06   3.6682129e+01
   3.4915410e+06   3.7109375e+01
   3.4916140e+06   4.2724609e+01
   3.4916370e+06   1.9226074e+01
   3.4916930e+06   3.6682129e+01
   3.5603790e+06   3.5339355e+01
   3.5642400e+06   3.4790039e+01
   3.5914260e+06   3.6010742e+01
   3.6072830e+06   3.2775879e+01
   3.6096150e+06   4.9377441e+01
   3.6096840e+06   3.5339355e+01
   3.6097490e+06   5.1269531e+01
   3.6097650e+06   2.0080566e+01
   3.6097880e+06   3.1311035e+01
   3.6098080e+06   2.1850586e+01
   3.6098320e+06   3.0456543e+01
   3.6098620e+06   2.2155762e+01
   3.6098750e+06   1.7395020e+01
   3.6099020e+06   2.6672363e+01
   3.6099320e+06   1.5502930e+01
   3.6099530e+06   2.7893066e+01
   3.6099950e+06   2.9235840e+01
   3.6100360e+06   1.9165039e+01
   3.6100870e+06   3.1311035e+01
   3.6368830e+06   3.6865234e+01
   3.6401280e+06   3.9001465e+01
   3.6402180e+06   3.1005859e+01
   3.6402640e+06   2.9296875e+01
   3.6402930e+06   1.4404297e+01
   3.6403500e+06   3.0029297e+01
   3.6403980e+06   2.9846191e+01
   3.6404780e+06   2.5634766e+01
   3.6405280e+06   1.3122559e+01
   3.6406460e+06   2.9418945e+01
   3.6656920e+06   3.7841797e+01
   3.7478990e+06   3.1921387e+01
   3.7481460e+06   4.0039062e+01
   3.7482600e+06   3.6315918e+01
   3.7483400e+06   3.1311035e+01
   3.7484150e+06   1.4404297e+01
   3.7484300e+06   3.4545898e+01
   3.7486030e+06   1.3305664e+01
   3.7486830e+06   3.1066895e+01
   3.7487620e+06   1.5014648e+01
   3.7488310e+06   3.2653809e+01
   3.7490720e+06   3.2836914e+01
   3.7492490e+06   1.3610840e+01
   3.7494150e+06   3.0578613e+01
   3.7497010e+06   3.4790039e+01
   3.8127640e+06   3.8879395e+01
   3.8448960e+06   3.4851074e+01
   3.8458580e+06   3.5095215e+01
   3.8459000e+06   1.3610840e+01
   3.8459310e+06   4.2907715e+01
   3.8460480e+06   3.5949707e+01
   3.8462470e+06   3.5705566e+01
   3.8466340e+06   3.5583496e+01
   3.8467890e+06   3.2836914e+01
   3.8470040e+06   3.3508301e+01
   3.9390900e+06   3.6987305e+01
   3.9392960e+06   1.3671875e+01
   3.9393480e+06   2.6123047e+01
   3.9394150e+06   3.5522461e+01
   3.9395800e+06   3.2897949e+01
   3.9397100e+06   3.8208008e+01
   3.9398910e+06   3.6621094e+01
   3.9401310e+06   3.3691406e+01
   3.9402990e+06   3.0700684e+01
   3.9912070e+06   3.4729004e+01
   3.9920870e+06   3.4729004e+01
   3.9921530e+06   1.4831543e+01
   3.9922100e+06   3.2531738e+01
   3.9922930e+06   3.1005859e+01
   3.9923730e+06   3.6743164e+01
   3.9925720e+06   3.1005859e+01
   3.9929480e+06   3.4057617e+01
   4.0436050e+06   3.6743164e+01
   4.0445210e+06   3.5339355e+01
   4.0457100e+06   3.9184570e+01
   4.0457790e+06   3.4118652e+01
   4.0458460e+06   1.4038086e+01
   4.0458840e+06   3.3142090e+01
   4.0460100e+06   3.0334473e+01
   4.0461420e+06   1.4587402e+01
   4.0461730e+06   3.4851074e+01
   4.0462870e+06   3.1921387e+01
   4.0463930e+06   3.2226562e+01
   4.0465100e+06   1.3977051e+01
   4.0465370e+06   3.6193848e+01
   4.0466870e+06   3.0822754e+01
   4.0468720e+06   3.4362793e+01
   4.0470750e+06   2.8930664e+01
   4.0669670e+06   3.8757324e+01
   4.0670310e+06   1.3427734e+01
   4.0670860e+06   3.3386230e+01
   4.0671320e+06   3.2226562e+01
   4.0672010e+06   1.7150879e+01
   4.0672500e+06   3.5095215e+01
   4.0673580e+06   3.4973145e+01
   4.0674450e+06   3.2836914e+01
   4.0674970e+06   3.3142090e+01
   4.0676280e+06   3.6010742e+01
   4.0676730e+06   2.8442383e+01
   4.0677840e+06   2.7648926e+01
   4.0678830e+06   2.9113770e+01
   4.0679330e+06   2.8747559e+01
   4.0681690e+06   2.9479980e+01
   4.0682320e+06   2.9602051e+01
   4.0684930e+06   3.0456543e+01
   4.1109100e+06   3.3935547e+01
   4.1111560e+06   1.3427734e+01
   4.1111660e+06   3.3386230e+01
   4.1112440e+06   3.3874512e+01
   4.1113080e+06   3.1188965e+01
   4.1113620e+06   2.8991699e+01
   4.1114720e+06   3.1311035e+01
   4.1115640e+06   3.6376953e+01
   4.1116150e+06   3.0212402e+01
   4.1117060e+06   2.8320312e+01
   4.1117900e+06   3.2348633e+01
   4.1119090e+06   2.8503418e+01
   4.1119740e+06   2.7099609e+01
   4.1120520e+06   2.8259277e+01
   4.1122390e+06   2.8381348e+01
   4.1122840e+06   2.3437500e+01
   4.1124530e+06   3.1005859e+01
   4.1125880e+06   2.9357910e+01
   4.1126930e+06   3.0334473e+01
   4.1351760e+06   1.4282227e+01
   4.1352160e+06   2.6733398e+01
   4.1352490e+06   4.4494629e+01
   4.1352590e+06   2.5573730e+01
   4.1352840e+06   2.7587891e+01
   4.1353040e+06   2.8808594e+01
   4.1353290e+06   1.6052246e+01
   4.1353450e+06   3.6437988e+01
   4.1353750e+06   3.0273438e+01
   4.1353880e+06   1.4221191e+01
   4.1354070e+06   3.5888672e+01
   4.1354350e+06   2.4719238e+01
   4.1354690e+06   3.1738281e+01
   4.1355040e+06   2.6123047e+01
   4.1355180e+06   1.5930176e+01
   4.1355390e+06   2.6245117e+01
   4.1355720e+06   2.6000977e+01
   4.1356210e+06   2.6306152e+01
   4.1358560e+06   1.5502930e+01
   4.1502110e+06   3.4301758e+01
   4.1503190e+06   3.1616211e+01
   4.1503790e+06   3.5461426e+01
   4.1504210e+06   3.6315918e+01
   4.1504740e+06   2.9541016e+01
   4.1506000e+06   3.0700684e+01
   4.1506660e+06   3.7048340e+01
   4.1507290e+06   2.9235840e+01
   4.1508360e+06   2.8564453e+01
   4.1509690e+06   2.9663086e+01
   4.1510450e+06   2.7648926e+01
   4.1510660e+06   1.3122559e+01
   4.1512500e+06   3.1188965e+01
   4.1513030e+06   3.0822754e+01
   4.1516200e+06   3.0761719e+01
   4.1517670e+06   3.0029297e+01
   4.1518390e+06   2.8381348e+01
   4.1519100e+06   3.1677246e+01
   4.1520490e+06   2.7832031e+01
   4.1521300e+06   2.7282715e+01
   4.1522200e+06   3.0822754e+01
   4.1522940e+06   2.6855469e+01
   4.1523930e+06   3.1738281e+01
   4.1525720e+06   3.0456543e+01
   4.1526130e+06   2.6550293e+01
   4.1527280e+06   2.6672363e+01
   4.1528040e+06   2.6916504e+01
   4.1529900e+06   3.2531738e+01
   4.1531280e+06   3.3325195e+01
   4.2712370e+06   3.2592773e+01
   4.3459090e+06   3.6865234e+01
   4.3641490e+06   3.6804199e+01
   4.4047860e+06   3.7963867e+01
   4.4048400e+06   1.3732910e+01
   4.4048860e+06   1.7639160e+01
   4.4049400e+06   2.6733398e+01
   4.4049590e+06   1.5747070e+01
   4.4049780e+06   1.3488770e+01
   4.4049940e+06   3.0944824e+01
   4.4050170e+06   2.2705078e+01
   4.4050390e+06   3.9306641e+01
   4.4050900e+06   2.8442383e+01
   4.4051040e+06   1.7395020e+01
   4.4051270e+06   2.6184082e+01
   4.4051540e+06   1.3244629e+01
   4.4051880e+06   3.6682129e+01
   4.4052730e+06   2.7709961e+01
   4.4053580e+06   2.1728516e+01
   4.4203230e+06   3.5400391e+01
   4.4204520e+06   3.5766602e+01
   4.4205430e+06   3.5522461e+01
   4.4715380e+06   3.1066895e+01
   4.4719380e+06   3.5400391e+01
   4.4931760e+06   3.5705566e+01
   4.4937120e+06   2.9968262e+01
   4.4937720e+06   2.9174805e+01
   4.4937890e+06   4.0954590e+01
   4.4938230e+06   1.3427734e+01
   4.4938480e+06   1.8798828e+01
   4.4938620e+06   1.8737793e+01
   4.4938730e+06   3.1311035e+01
   4.4939160e+06   3.1799316e+01
   4.4939390e+06   1.9897461e+01
   4.4940610e+06   1.4404297e+01
   4.4940880e+06   1.3366699e+01
   4.4941210e+06   3.6071777e+01
   4.4941420e+06   2.0324707e+01
   4.4941810e+06   2.0751953e+01
   4.4942250e+06   3.4240723e+01
   4.5132550e+06   3.7597656e+01
   4.5133380e+06   3.2226562e+01
   4.5134130e+06   3.6254883e+01
   4.5134850e+06   3.3874512e+01
   4.5135370e+06   3.1311035e+01
   4.5136800e+06   3.4790039e+01
   4.5138110e+06   3.1311035e+01
   4.6575550e+06   3.1127930e+01
   4.6887660e+06   1.6296387e+01
   4.6889150e+06   3.2531738e+01
   4.6890100e+06   3.0395508e+01
   4.6890600e+06   3.1188965e+01
   4.6891280e+06   3.1555176e+01
   4.6892920e+06   1.4587402e+01
   4.6893550e+06   3.5949707e+01
   4.6899970e+06   3.4851074e+01
   4.6901650e+06   3.1860352e+01
   4.6903910e+06   3.2287598e+01
   4.6905000e+06   2.9541016e+01
   4.6906500e+06   2.8320312e+01
   4.7768880e+06   3.7353516e+01
   4.7775720e+06   3.8757324e+01
   4.7775830e+06   1.8859863e+01
   4.7776050e+06   2.2399902e+01
   4.7776150e+06   3.2531738e+01
   4.7776390e+06   1.3427734e+01
   4.7776540e+06   3.9123535e+01
   4.7776880e+06   3.4912109e+01
   4.7777200e+06   3.4729004e+01
   4.7777480e+06   3.2775879e+01
   4.7777830e+06   3.3325195e+01
   4.7777990e+06   1.8066406e+01
   4.7778150e+06   2.8869629e+01
   4.7778530e+06   2.4536133e+01
   4.7778890e+06   2.9235840e+01
   4.7779010e+06   1.9409180e+01
   4.7779400e+06   2.8808594e+01
   4.7782210e+06   1.8249512e+01
   4.7905070e+06   1.9714355e+01
   4.7916520e+06   3.9306641e+01
   4.7917090e+06   2.9907227e+01
   4.7917450e+06   3.0395508e+01
   4.7918000e+06   3.2470703e+01
   4.7918990e+06   3.5827637e+01
   4.7920410e+06   2.9541016e+01
   4.7921100e+06   2.8747559e+01
   4.7921760e+06   3.1127930e+01
   4.7924170e+06   3.5522461e+01
   4.7927880e+06   3.5583496e+01
   4.7990390e+06   3.5034180e+01
   4.8003030e+06   3.1005859e+01
   4.8004450e+06   3.7536621e+01
   4.8004880e+06   3.2348633e+01
   4.8005810e+06   3.1616211e+01
   4.8006450e+06   3.1433105e+01
   4.8007350e+06   3.3569336e+01
   4.8008220e+06   3.3325195e+01
   4.8008900e+06   3.2348633e+01
   4.8009080e+06   2.2644043e+01
   4.8009490e+06   1.5441895e+01
   4.8009640e+06   2.9968262e+01
   4.8010490e+06   2.7770996e+01
   4.8012090e+06   2.9541016e+01
   4.8013720e+06   1.5747070e+01
   4.8013860e+06   2.1301270e+01
   4.8014290e+06   3.5827637e+01
   4.9027910e+06   3.2836914e+01
   4.9032340e+06   3.4240723e+01
   4.9032440e+06   1.3977051e+01
   4.9032880e+06   1.3366699e+01
   4.9033090e+06   3.4118652e+01
   4.9033810e+06   3.0944824e+01
   4.9034320e+06   1.3366699e+01
   4.9034510e+06   3.4484863e+01
   4.9035460e+06   2.8015137e+01
   4.9477030e+06   3.6560059e+01
   4.9492100e+06   3.4790039e+01
   4.9494400e+06   3.6865234e+01
   4.9495550e+06   3.7170410e+01
   5.0353120e+06   3.0273438e+01
   5.0356580e+06   3.4423828e+01
   5.0357480e+06   3.2043457e+01
   5.0358510e+06   3.1311035e+01
   5.0359150e+06   1.3122559e+01
   5.0359370e+06   3.4729004e+01
   5.0361920e+06   3.5156250e+01
   5.0362950e+06   3.0944824e+01
   5.0364240e+06   3.2836914e+01
   5.0365030e+06   3.0639648e+01
   5.0365670e+06   3.5156250e+01
   5.0367140e+06   3.3386230e+01
   5.0368500e+06   3.0883789e+01
   5.0371010e+06   3.1127930e+01
   5.1123090e+06   3.6804199e+01
   5.1379960e+06   3.6560059e+01
   5.1394640e+06   2.9235840e+01
   5.1394930e+06   1.8249512e+01
   5.1395230e+06   2.9663086e+01
   5.1395480e+06   1.3183594e+01
   5.1395670e+06   3.4545898e+01
   5.1396000e+06   1.5686035e+01
   5.1396340e+06   3.4484863e+01
   5.1397170e+06   3.9916992e+01
   5.1398210e+06   3.5278320e+01
   5.1400090e+06   3.4973145e+01
   5.1401740e+06   2.9541016e+01
   5.2095170e+06   3.1921387e+01
   5.2100320e+06   3.2714844e+01
   5.2101850e+06   3.6743164e+01
   5.2102330e+06   1.4221191e+01
   5.2102920e+06   3.6865234e+01
   5.2103410e+06   3.3996582e+01
   5.2104390e+06   3.4851074e+01
   5.2105500e+06   3.1066895e+01
   5.2106890e+06   3.2592773e+01
   5.2108280e+06   3.5278320e+01
   5.2109250e+06   3.1555176e+01
   5.2110920e+06   3.2226562e+01
   5.2346040e+06   3.1860352e+01
   5.2349140e+06   2.8686523e+01
   5.2351030e+06   3.2043457e+01
   5.2351880e+06   3.2653809e+01
   5.2352370e+06   2.7709961e+01
   5.2353100e+06   2.9235840e+01
   5.2353870e+06   3.2348633e+01
   5.2354660e+06   2.9418945e+01
   5.2355230e+06   2.8015137e+01
   5.2355850e+06   3.0334473e+01
   5.2356600e+06   3.1555176e+01
   5.2357830e+06   2.6733398e+01
   5.2358270e+06   2.5329590e+01
   5.2359680e+06   3.3874512e+01
   5.2360170e+06   2.8808594e+01
   5.2361550e+06   3.0029297e+01
   5.2362480e+06   3.0395508e+01
   5.2363940e+06   2.6794434e+01
   5.2364650e+06   2.7221680e+01
   5.2810680e+06   1.3610840e+01
   5.3145110e+06   3.3874512e+01
   5.3147780e+06   3.3691406e+01
   5.3148280e+06   1.3183594e+01
   5.3148870e+06   3.3813477e+01
   5.3149110e+06   1.3244629e+01
   5.3149650e+06   3.2592773e+01
   5.3150510e+06   1.3549805e+01
   5.3151190e+06   3.3508301e+01
   5.3151310e+06   1.5930176e+01
   5.3152200e+06   2.8503418e+01
   5.3153220e+06   3.4667969e+01
   5.3154240e+06   3.0517578e+01
   5.3156650e+06   3.5949707e+01
   5.3510100e+06   4.1564941e+01
   5.3514530e+06   3.6437988e+01
   5.3516040e+06   2.7038574e+01
   5.3516580e+06   2.8625488e+01
   5.3517480e+06   3.3142090e+01
   5.3518020e+06   2.9479980e+01
   5.3519140e+06   3.0212402e+01
   5.3519770e+06   2.7770996e+01
   5.3521180e+06   2.9113770e+01
   5.3521580e+06   2.8503418e+01
   5.3522520e+06   3.2897949e+01
   5.3523220e+06   2.6611328e+01
   5.3524080e+06   1.3610840e+01
   5.3524210e+06   2.9296875e+01
   5.3524690e+06   2.9357910e+01
   5.3525550e+06   2.6245117e+01
   5.3527020e+06   2.8808594e+01
   5.3527630e+06   2.7221680e+01
   5.3528670e+06   2.8137207e+01
   5.3531160e+06   2.9418945e+01
   5.3531830e+06   2.9968262e+01
   5.4133110e+06   3.4118652e+01
   5.4137330e+06   3.6254883e+01
   5.4138440e+06   3.7902832e+01
   5.4138580e+06   1.7761230e+01
   5.4138980e+06   3.1982422e+01
   5.4139830e+06   4.0161133e+01
   5.4140660e+06   3.0578613e+01
   5.4141310e+06   3.4362793e+01
   5.4142330e+06   3.0517578e+01
   5.4142950e+06   2.7770996e+01
   5.4143650e+06   2.7099609e+01
   5.4144350e+06   2.7526855e+01
   5.4145350e+06   3.1188965e+01
   5.4145830e+06   2.6489258e+01
   5.4147180e+06   3.1494141e+01
   5.4148100e+06   2.7099609e+01
   5.4150060e+06   3.0090332e+01
   5.4150840e+06   2.7343750e+01
   5.4151740e+06   2.5695801e+01
   5.4608160e+06   3.2653809e+01
   5.4609200e+06   3.0883789e+01
   5.4609870e+06   3.2226562e+01
   5.4610510e+06   3.5888672e+01
   5.4611250e+06   3.3569336e+01
   5.4611760e+06   3.0639648e+01
   5.4612590e+06   3.1494141e+01
   5.4613140e+06   3.2470703e+01
   5.4613960e+06   3.2409668e+01
   5.4614610e+06   2.9479980e+01
   5.4615140e+06   2.8503418e+01
   5.4616170e+06   3.1860352e+01
   5.4616560e+06   2.6916504e+01
   5.4617840e+06   2.6916504e+01
   5.4618260e+06   2.5085449e+01
   5.4619290e+06   2.8808594e+01
   5.4620250e+06   2.4963379e+01
   5.4620950e+06   3.1616211e+01
   5.4621470e+06   2.9907227e+01
   5.4623960e+06   3.3569336e+01
   5.4624460e+06   2.5146484e+01
   5.4627240e+06   3.1005859e+01
   5.4775660e+06   2.0141602e+01
   5.4859150e+06   3.5461426e+01
   5.4860750e+06   3.0639648e+01
   5.4861460e+06   3.3813477e+01
   5.4862060e+06   3.4423828e+01
   5.4862750e+06   3.0700684e+01
   5.4863450e+06   3.3142090e+01
   5.4864220e+06   2.8747559e+01
   5.4864810e+06   3.0578613e+01
   5.4865480e+06   3.2714844e+01
   5.4866260e+06   2.6000977e+01
   5.4866730e+06   2.8747559e+01
   5.4867790e+06   2.9907227e+01
   5.4868580e+06   2.2460937e+01
   5.4869070e+06   2.8442383e+01
   5.4870260e+06   2.8076172e+01
   5.4870890e+06   2.8442383e+01
   5.4871550e+06   2.7832031e+01
   5.4873060e+06   2.6794434e+01
   5.4874430e+06   2.9418945e+01
   5.4875330e+06   2.7160645e+01
   5.4876930e+06   3.4057617e+01
   5.5143150e+06   2.1972656e+01
   5.5219390e+06   3.9001465e+01
   5.5220950e+06   3.9306641e+01
   5.5221360e+06   2.9846191e+01
   5.5222090e+06   3.2836914e+01
   5.5222920e+06   3.1921387e+01
   5.5223730e+06   2.6428223e+01
   5.5224650e+06   3.0151367e+01
   5.5225200e+06   2.7832031e+01
   5.5226230e+06   2.8991699e+01
   5.5226600e+06   2.7465820e+01
   5.5227760e+06   3.1799316e+01
   5.5228130e+06   2.5085449e+01
   5.5229140e+06   2.6184082e+01
   5.5229630e+06   3.2226562e+01
   5.5230440e+06   2.8625488e+01
   5.5231580e+06   3.2531738e+01
   5.5232160e+06   2.6489258e+01
   5.5233060e+06   2.6733398e+01
   5.5234870e+06   3.2958984e+01
   5.5236300e+06   2.5878906e+01
   5.5657490e+06   3.7536621e+01
   5.5658150e+06   3.3447266e+01
   5.5659820e+06   3.7353516e+01
   5.5660640e+06   2.8808594e+01
   5.5661410e+06   3.5217285e+01
   5.5662080e+06   2.9724121e+01
   5.5663000e+06   2.8869629e+01
   5.5663730e+06   3.1921387e+01
   5.5664250e+06   2.7221680e+01
   5.5665130e+06   2.8747559e+01
   5.5665880e+06   2.6611328e+01
   5.5666780e+06   2.6733398e+01
   5.5667330e+06   2.9846191e+01
   5.5668360e+06   2.4963379e+01
   5.5669360e+06   2.6123047e+01
   5.5670330e+06   3.0029297e+01
   5.5671730e+06   2.7404785e+01
   5.5672560e+06   2.6855469e+01
   5.5673490e+06   2.8381348e+01
   5.5675900e+06   2.9296875e+01
   5.5676930e+06   2.9846191e+01
   5.6303360e+06   3.3874512e+01
   5.6306610e+06   3.6010742e+01
   5.6307130e+06   1.3427734e+01
   5.6307380e+06   3.5156250e+01
   5.6308170e+06   3.1005859e+01
   5.6308810e+06   3.0822754e+01
   5.6309610e+06   3.1860352e+01
   5.6310460e+06   3.3935547e+01
   5.6311490e+06   2.9968262e+01
   5.6312080e+06   2.9479980e+01
   5.6312850e+06   2.9968262e+01
   5.6313750e+06   2.9052734e+01
   5.6314610e+06   2.9235840e+01
   5.6315370e+06   3.0090332e+01
   5.6316350e+06   2.7526855e+01
   5.6317290e+06   2.8869629e+01
   5.6318440e+06   2.8198242e+01
   5.6319010e+06   3.0212402e+01
   5.6321550e+06   3.3508301e+01
   5.6654120e+06   3.7414551e+01
   5.6655370e+06   3.3935547e+01
   5.6656180e+06   3.0578613e+01
   5.6656620e+06   3.0334473e+01
   5.6657440e+06   3.1921387e+01
   5.6658180e+06   2.9174805e+01
   5.6658950e+06   3.0395508e+01
   5.6659330e+06   3.3569336e+01
   5.6660160e+06   2.4841309e+01
   5.6660660e+06   2.9113770e+01
   5.6661410e+06   2.3986816e+01
   5.6662570e+06   2.7832031e+01
   5.6662920e+06   2.3925781e+01
   5.6664210e+06   2.5207520e+01
   5.6665020e+06   2.6489258e+01
   5.6665560e+06   2.5878906e+01
   5.6667200e+06   3.1555176e+01
   5.6668340e+06   3.0273438e+01
   5.6669670e+06   2.9113770e+01
   5.7679800e+06   4.0466309e+01
   5.7685190e+06   3.8085938e+01
   5.7686370e+06   3.1494141e+01
   5.7687220e+06   3.2226562e+01
   5.7688190e+06   3.2714844e+01
   5.7688960e+06   2.9968262e+01
   5.7689650e+06   1.5808105e+01
   5.7690690e+06   3.3020020e+01
   5.7691480e+06   2.7282715e+01
   5.7692710e+06   3.1127930e+01
   5.7693530e+06   2.7038574e+01
   5.7694400e+06   3.1555176e+01
   5.7695820e+06   3.1677246e+01
   5.7696890e+06   3.3752441e+01
   5.8191130e+06   3.5766602e+01
   5.8194350e+06   3.1188965e+01
   5.8838410e+06   3.5339355e+01
   5.8843770e+06   3.6254883e+01
   5.8843940e+06   1.3549805e+01
   5.8844400e+06   3.0517578e+01
   5.8844680e+06   1.3916016e+01
   5.8844820e+06   3.0395508e+01
   5.8845360e+06   3.3081055e+01
   5.8845670e+06   2.2705078e+01
   5.8846240e+06   3.6743164e+01
   5.9214360e+06   3.3203125e+01
   5.9216290e+06   3.5278320e+01
   5.9217560e+06   3.0395508e+01
   5.9219800e+06   3.5278320e+01
   5.9221680e+06   2.9663086e+01
   5.9223560e+06   3.2836914e+01
   5.9224800e+06   3.4484863e+01
   5.9226810e+06   3.2287598e+01
   5.9227720e+06   3.1738281e+01
   5.9232030e+06   3.2043457e+01
   5.9576290e+06   3.8391113e+01
   5.9578030e+06   3.6254883e+01
   5.9578180e+06   1.3244629e+01
   5.9578730e+06   1.3183594e+01
   5.9579120e+06   3.4545898e+01
   5.9579230e+06   1.8066406e+01
   5.9579610e+06   3.1616211e+01
   5.9579880e+06   2.3681641e+01
   5.9580040e+06   3.0578613e+01
   5.9580200e+06   1.3427734e+01
   5.9580750e+06   3.2470703e+01
   5.9583020e+06   1.7761230e+01
   5.9583540e+06   1.5563965e+01
