   5.9990000e+06   0.0000000e+00
   2.1656000e+04   1.6174316e+01
   2.1681000e+04   1.5136719e+01
   2.1711000e+04   1.9836426e+01
   2.1849000e+04   1.4526367e+01
   2.1961000e+04   3.1860352e+01
   2.2014000e+04   2.1850586e+01
   2.2064000e+04   1.6906738e+01
   2.2101000e+04   2.0507812e+01
   2.2148000e+04   1.7822266e+01
   2.2365000e+04   3.3996582e+01
   2.2947000e+04   3.2043457e+01
   7.8535000e+04   1.5014648e+01
   7.8603000e+04   1.5686035e+01
   9.9886000e+04   1.4343262e+01
   9.9950000e+04   1.6296387e+01
   9.9968000e+04   1.5991211e+01
   1.2934500e+05   1.4526367e+01
   1.2939700e+05   1.5380859e+01
   1.3067900e+05   1.6113281e+01
   1.3202100e+05   1.4343262e+01
   1.3300800e+05   1.5319824e+01
   1.5180300e+05   2.3254395e+01
   2.1361200e+05   1.5563965e+01
   2.1367800e+05   1.5930176e+01
   2.3053800e+05   1.4038086e+01
   2.3786500e+05   2.4169922e+01
   2.3793000e+05   1.5625000e+01
   2.3838900e+05   2.1179199e+01
   2.3848200e+05   1.4770508e+01
   2.3857300e+05   1.6052246e+01
   2.3867200e+05   1.8066406e+01
   2.4372100e+05   2.4108887e+01
   2.4425700e+05   2.2766113e+01
   2.4439000e+05   1.8188477e+01
   2.5136700e+05   2.3803711e+01
   2.5143300e+05   1.6784668e+01
   2.5540500e+05   2.4108887e+01
   2.5706100e+05   2.1423340e+01
   2.5713100e+05   1.4282227e+01
   2.5794800e+05   2.1240234e+01
   2.5840000e+05   1.9470215e+01
   2.7729800e+05   2.0874023e+01
   2.8588900e+05   1.4465332e+01
   2.9422000e+05   2.5512695e+01
   2.9478500e+05   2.2583008e+01
   2.9509800e+05   2.1606445e+01
   2.9627200e+05   2.3132324e+01
   2.9635200e+05   1.5930176e+01
   3.1487000e+05   1.5991211e+01
   3.2342200e+05   1.6052246e+01
   3.3775400e+05   2.2644043e+01
   3.3784600e+05   1.5686035e+01
   3.3809600e+05   2.1179199e+01
   3.3824100e+05   1.6174316e+01
   3.3841600e+05   2.1240234e+01
   3.3862300e+05   1.7639160e+01
   3.4456200e+05   2.5024414e+01
   3.4466900e+05   1.4343262e+01
   3.4722400e+05   1.4099121e+01
   3.4726900e+05   1.5197754e+01
   3.4844500e+05   1.5441895e+01
   3.4854200e+05   3.1250000e+01
   3.4858300e+05   2.6916504e+01
   3.4862700e+05   1.5258789e+01
   3.4866600e+05   2.4597168e+01
   3.4869400e+05   2.0080566e+01
   3.4872300e+05   1.5686035e+01
   3.4874500e+05   2.2216797e+01
   3.4896700e+05   2.1789551e+01
   3.4985700e+05   3.4973145e+01
   3.8155400e+05   2.2644043e+01
   3.8166700e+05   1.7333984e+01
   3.8220100e+05   2.1362305e+01
   4.3405600e+05   1.4770508e+01
   4.3407300e+05   1.5686035e+01
   4.3416400e+05   1.4404297e+01
   4.3716900e+05   2.9113770e+01
   4.3720500e+05   1.6845703e+01
   4.3721600e+05   1.9226074e+01
   4.3724700e+05   1.6845703e+01
   4.3726500e+05   2.2277832e+01
   4.3728300e+05   1.5625000e+01
   4.3731700e+05   1.6601562e+01
   4.3733600e+05   1.7211914e+01
   4.3736700e+05   1.7456055e+01
   4.3738700e+05   1.6723633e+01
   4.3739800e+05   2.1240234e+01
   4.3741900e+05   1.5686035e+01
   4.5701900e+05   1.4526367e+01
   4.9130400e+05   1.4404297e+01
   5.4866000e+05   1.4343262e+01
   5.8204700e+05   1.4343262e+01
   5.8210500e+05   1.5625000e+01
   6.4038500e+05   1.4221191e+01
   6.4043700e+05   1.4831543e+01
   6.4810800e+05   1.4282227e+01
   6.5753100e+05   1.6906738e+01
   6.5794100e+05   2.1545410e+01
   6.5796500e+05   3.1616211e+01
   6.5798400e+05   1.9836426e+01
   6.5800000e+05   2.8137207e+01
   6.5801300e+05   1.5258789e+01
   6.5803600e+05   2.2827148e+01
   6.5808000e+05   2.6733398e+01
   6.5809600e+05   1.8249512e+01
   6.5813400e+05   1.5319824e+01
   6.5816100e+05   1.4282227e+01
   6.5817200e+05   2.3437500e+01
   6.5825800e+05   2.6000977e+01
   6.5829600e+05   1.5930176e+01
   6.5840300e+05   1.4099121e+01
   6.5850300e+05   2.7587891e+01
   6.5894600e+05   3.0944824e+01
   6.5966900e+05   3.3203125e+01
   6.7640700e+05   1.4221191e+01
   6.9408900e+05   2.1179199e+01
   7.3281800e+05   2.4780273e+01
   7.3288800e+05   1.4282227e+01
   7.4479600e+05   2.3498535e+01
   7.6134600e+05   2.9602051e+01
   7.6140200e+05   1.7089844e+01
   7.6151200e+05   1.7150879e+01
   7.6152700e+05   1.4221191e+01
   7.6158400e+05   1.9409180e+01
   7.6162700e+05   1.7150879e+01
   7.6164800e+05   1.5625000e+01
   7.6167100e+05   2.3010254e+01
   7.6169100e+05   3.0029297e+01
   7.6170900e+05   1.6906738e+01
   7.6172700e+05   1.4282227e+01
   7.6174200e+05   2.2583008e+01
   7.6177700e+05   1.5502930e+01
   7.6178700e+05   1.4831543e+01
   7.6183500e+05   1.4648437e+01
   7.6257500e+05   1.7822266e+01
   7.6260500e+05   1.7761230e+01
   7.6292500e+05   2.4780273e+01
   7.6345800e+05   2.8076172e+01
   8.0150500e+05   2.3559570e+01
   8.0304300e+05   2.4780273e+01
   8.2333300e+05   2.2583008e+01
   8.2340700e+05   1.5319824e+01
   8.7886700e+05   1.4038086e+01
   9.0221400e+05   1.4282227e+01
   9.0380600e+05   1.4282227e+01
   9.7264600e+05   1.4831543e+01
   9.8047300e+05   2.5085449e+01
   9.8055300e+05   1.4465332e+01
   1.0139130e+06   1.5625000e+01
   1.0521790e+06   1.4343262e+01
   1.0522450e+06   1.4282227e+01
   1.1097170e+06   1.4221191e+01
   1.1647910e+06   1.6784668e+01
   1.2572770e+06   3.4545898e+01
   1.2573020e+06   1.8676758e+01
   1.2573180e+06   1.9775391e+01
   1.2573300e+06   2.4353027e+01
   1.2573510e+06   1.8859863e+01
   1.2573900e+06   1.8554688e+01
   1.2574080e+06   3.3752441e+01
   1.2574260e+06   2.9724121e+01
   1.2574500e+06   2.2338867e+01
   1.2574700e+06   1.4709473e+01
   1.2574960e+06   2.2155762e+01
   1.2575220e+06   1.8798828e+01
   1.2575350e+06   1.5686035e+01
   1.2575790e+06   1.4465332e+01
   1.2576420e+06   2.6367188e+01
   1.2576550e+06   1.5258789e+01
   1.2576920e+06   1.4465332e+01
   1.2577310e+06   1.7333984e+01
   1.2577630e+06   2.9602051e+01
   1.2578800e+06   2.8930664e+01
   1.2581560e+06   2.6062012e+01
   1.2585470e+06   2.8991699e+01
   1.3124510e+06   2.9907227e+01
   1.3125040e+06   1.4160156e+01
   1.3125170e+06   3.0639648e+01
   1.3125700e+06   1.5319824e+01
   1.3125870e+06   1.7944336e+01
   1.3126300e+06   1.4404297e+01
   1.3126400e+06   1.9531250e+01
   1.3126830e+06   1.7517090e+01
   1.3127100e+06   1.5380859e+01
   1.3129700e+06   2.3620605e+01
   1.3134430e+06   2.7038574e+01
   1.3449330e+06   1.4038086e+01
   1.4443080e+06   1.5747070e+01
   1.4444030e+06   1.4160156e+01
   1.5029850e+06   2.6794434e+01
   1.5030430e+06   2.0812988e+01
   1.5030600e+06   1.9958496e+01
   1.5031150e+06   2.1728516e+01
   1.5031530e+06   1.4648438e+01
   1.5032210e+06   1.4587402e+01
   1.5032690e+06   1.4282227e+01
   1.5032990e+06   1.5686035e+01
   1.5034250e+06   2.8381348e+01
   1.5328270e+06   2.3681641e+01
   1.5328750e+06   1.5808105e+01
   1.5328960e+06   2.0751953e+01
   1.5329250e+06   1.6662598e+01
   1.5329440e+06   2.8076172e+01
   1.5329600e+06   1.4770508e+01
   1.5329790e+06   1.8249512e+01
   1.5330220e+06   2.9418945e+01
   1.5330540e+06   2.0568848e+01
   1.5330730e+06   1.7761230e+01
   1.5330920e+06   2.1850586e+01
   1.5331960e+06   1.4648438e+01
   1.5332210e+06   2.4169922e+01
   1.5332390e+06   1.4526367e+01
   1.5336410e+06   2.9357910e+01
   1.5336730e+06   1.4282227e+01
   1.5575030e+06   1.4343262e+01
   1.5576850e+06   1.4831543e+01
   1.5577990e+06   1.6906738e+01
   1.5578520e+06   1.9287109e+01
   1.5578690e+06   3.3996582e+01
   1.5579380e+06   1.6479492e+01
   1.5579500e+06   2.6550293e+01
   1.5580250e+06   1.9470215e+01
   1.5580600e+06   1.4648438e+01
   1.5580780e+06   1.7150879e+01
   1.5582320e+06   1.8676758e+01
   1.5596330e+06   1.5747070e+01
   1.5596630e+06   1.5136719e+01
   1.5596940e+06   2.0324707e+01
   1.5597130e+06   2.8503418e+01
   1.5597330e+06   1.4343262e+01
   1.5597710e+06   2.3193359e+01
   1.5597860e+06   1.9042969e+01
   1.5598030e+06   1.7700195e+01
   1.5598350e+06   2.8503418e+01
   1.5598500e+06   1.8432617e+01
   1.5598610e+06   2.4597168e+01
   1.5599310e+06   1.5747070e+01
   1.5599450e+06   1.5747070e+01
   1.5599660e+06   1.4831543e+01
   1.5600240e+06   1.4099121e+01
   1.5603480e+06   2.3193359e+01
   1.5818800e+06   1.4831543e+01
   1.5819760e+06   1.5014648e+01
   1.5820160e+06   2.1667480e+01
   1.5820420e+06   2.4291992e+01
   1.5820900e+06   1.7700195e+01
   1.5821160e+06   1.4526367e+01
   1.5821500e+06   2.7465820e+01
   1.5821850e+06   2.3132324e+01
   1.5822030e+06   2.2949219e+01
   1.5822240e+06   3.5339355e+01
   1.5822710e+06   1.6784668e+01
   1.5822890e+06   2.0629883e+01
   1.5822990e+06   1.4709473e+01
   1.5823660e+06   1.8249512e+01
   1.5824550e+06   1.5136719e+01
   1.5825380e+06   2.5085449e+01
   1.5825880e+06   1.4343262e+01
   1.5829690e+06   2.9357910e+01
   1.6376060e+06   1.5075684e+01
   1.6376400e+06   1.5258789e+01
   1.6377430e+06   1.4221191e+01
   1.6377670e+06   2.1362305e+01
   1.6378110e+06   1.5136719e+01
   1.6378340e+06   3.2226562e+01
   1.6378630e+06   1.5197754e+01
   1.6378760e+06   1.6479492e+01
   1.6379060e+06   3.1372070e+01
   1.6379240e+06   3.2287598e+01
   1.6379530e+06   1.9104004e+01
   1.6379760e+06   1.9226074e+01
   1.6380170e+06   1.7578125e+01
   1.6380780e+06   2.0812988e+01
   1.6382630e+06   1.4343262e+01
   1.6384320e+06   2.5390625e+01
   1.6389650e+06   2.4719238e+01
   1.6396180e+06   2.9907227e+01
   1.6818500e+06   3.2287598e+01
   1.6861550e+06   1.4587402e+01
   1.8282020e+06   1.5625000e+01
   1.8597420e+06   1.4221191e+01
   1.9429770e+06   1.4099121e+01
   1.9430640e+06   1.5258789e+01
   1.9431080e+06   1.5075684e+01
   2.0238720e+06   1.5258789e+01
   2.0695420e+06   1.5197754e+01
   2.0697360e+06   1.5686035e+01
   2.0697650e+06   3.2470703e+01
   2.0698300e+06   2.2827148e+01
   2.0698610e+06   1.4343262e+01
   2.0698960e+06   1.9775391e+01
   2.0700490e+06   2.1057129e+01
   2.0705010e+06   3.3325195e+01
   2.1391060e+06   1.4709473e+01
   2.1761000e+06   1.5747070e+01
   2.1762200e+06   3.3935547e+01
   2.1762810e+06   2.5451660e+01
   2.1763380e+06   1.6174316e+01
   2.1764110e+06   1.4953613e+01
   2.2216080e+06   1.5014648e+01
   2.2553250e+06   1.4892578e+01
   2.2561730e+06   1.5502930e+01
   2.3049820e+06   1.4038086e+01
   2.3632900e+06   1.5625000e+01
   2.4816570e+06   1.4221191e+01
   2.4824700e+06   1.4465332e+01
   2.5396770e+06   1.4587402e+01
   2.5705960e+06   1.7211914e+01
   2.5706420e+06   1.4099121e+01
   2.5706560e+06   1.4404297e+01
   2.7305360e+06   2.0141602e+01
   2.7305520e+06   1.5563965e+01
   2.8495530e+06   1.4831543e+01
   2.8803740e+06   1.4587402e+01
   2.9768790e+06   1.4526367e+01
   3.0498660e+06   3.0883789e+01
   3.0499050e+06   3.5949707e+01
   3.0499160e+06   2.3132324e+01
   3.0499380e+06   2.5634766e+01
   3.0499520e+06   1.5258789e+01
   3.0499750e+06   1.8432617e+01
   3.0499850e+06   3.2287598e+01
   3.0500080e+06   1.9165039e+01
   3.0501900e+06   2.6855469e+01
   3.0502290e+06   1.7883301e+01
   3.0503010e+06   3.2775879e+01
   3.0505010e+06   2.8503418e+01
   3.0509850e+06   3.1127930e+01
   3.0515020e+06   3.3325195e+01
   3.0841360e+06   1.6601562e+01
   3.0842850e+06   1.4953613e+01
   3.0843010e+06   1.6662598e+01
   3.0844280e+06   1.4648438e+01
   3.0844580e+06   3.4118652e+01
   3.0845090e+06   2.7282715e+01
   3.0845400e+06   2.9479980e+01
   3.0845790e+06   1.6723633e+01
   3.0845990e+06   2.4597168e+01
   3.0846140e+06   2.1789551e+01
   3.0846420e+06   2.0874023e+01
   3.0846570e+06   2.7832031e+01
   3.0846840e+06   1.9042969e+01
   3.0847050e+06   2.3315430e+01
   3.0847230e+06   1.5258789e+01
   3.0847490e+06   2.5146484e+01
   3.0847800e+06   1.8676758e+01
   3.0848120e+06   2.4230957e+01
   3.0848380e+06   1.4343262e+01
   3.0848940e+06   1.7211914e+01
   3.0849250e+06   1.4404297e+01
   3.0849840e+06   1.4465332e+01
   3.0849960e+06   1.5563965e+01
   3.0850450e+06   1.5197754e+01
   3.0851150e+06   1.7028809e+01
   3.0852010e+06   2.1362305e+01
   3.0855020e+06   1.7272949e+01
   3.0858550e+06   2.9296875e+01
   3.0864480e+06   3.1799316e+01
   3.2013060e+06   1.5136719e+01
   3.3463860e+06   1.5075684e+01
   3.3464290e+06   1.6723633e+01
   3.3477160e+06   1.4831543e+01
   3.3477420e+06   1.4160156e+01
   3.3477540e+06   1.5747070e+01
   3.3477710e+06   3.2470703e+01
   3.3478010e+06   1.6296387e+01
   3.3478140e+06   2.0080566e+01
   3.3478360e+06   2.4780273e+01
   3.3478610e+06   1.7395020e+01
   3.3478770e+06   1.6540527e+01
   3.3479020e+06   3.5461426e+01
   3.3479590e+06   2.6733398e+01
   3.3480060e+06   1.8310547e+01
   3.3480340e+06   1.7395020e+01
   3.3481170e+06   2.8747559e+01
   3.3481270e+06   1.8859863e+01
   3.3487370e+06   3.4118652e+01
   3.3888620e+06   1.6113281e+01
   3.3889030e+06   1.5991211e+01
   3.4193960e+06   1.6906738e+01
   3.4194820e+06   1.4892578e+01
   3.4195260e+06   1.4709473e+01
   3.4196440e+06   1.7944336e+01
   3.4210330e+06   3.1372070e+01
   3.4210610e+06   1.4343262e+01
   3.4210760e+06   2.4475098e+01
   3.4211320e+06   1.7456055e+01
   3.4211590e+06   1.6662598e+01
   3.4212070e+06   1.9287109e+01
   3.4212270e+06   1.5258789e+01
   3.4212810e+06   2.0996094e+01
   3.4213380e+06   1.6052246e+01
   3.4213860e+06   1.5563965e+01
   3.4217780e+06   2.5817871e+01
   3.4907510e+06   1.5686035e+01
   3.4908200e+06   1.8249512e+01
   3.4912000e+06   2.8259277e+01
   3.4912600e+06   2.1240234e+01
   3.4913550e+06   2.4536133e+01
   3.4915310e+06   2.1057129e+01
   3.5637260e+06   2.0324707e+01
   3.5638520e+06   1.4526367e+01
   3.5911570e+06   1.4282227e+01
   3.5912350e+06   1.4404297e+01
   3.6097920e+06   4.2968750e+01
   3.6098360e+06   3.4729004e+01
   3.6098480e+06   1.9592285e+01
   3.6098600e+06   1.6113281e+01
   3.6098820e+06   1.6662598e+01
   3.6098950e+06   2.9846191e+01
   3.6099330e+06   2.3071289e+01
   3.6099450e+06   2.1911621e+01
   3.6099840e+06   2.0263672e+01
   3.6100240e+06   1.5136719e+01
   3.6101750e+06   2.8564453e+01
   3.6103180e+06   1.5686035e+01
   3.6105900e+06   3.4362793e+01
   3.6107470e+06   3.1311035e+01
   3.6111290e+06   3.1372070e+01
   3.6368330e+06   1.5319824e+01
   3.6655550e+06   1.5380859e+01
   3.6656240e+06   1.5747070e+01
   3.6913310e+06   1.4282227e+01
   3.7476530e+06   1.4587402e+01
   3.7477260e+06   1.4404297e+01
   3.7477650e+06   1.6540527e+01
   3.7479690e+06   1.4465332e+01
   3.7491330e+06   1.4831543e+01
   3.7493590e+06   2.6977539e+01
   3.7494070e+06   2.2399902e+01
   3.7494620e+06   2.1484375e+01
   3.7494800e+06   1.5380859e+01
   3.7495160e+06   1.5625000e+01
   3.7495390e+06   1.5502930e+01
   3.7496340e+06   1.5686035e+01
   3.7496450e+06   1.8310547e+01
   3.7497480e+06   1.9958496e+01
   3.7501000e+06   3.0334473e+01
   3.7763710e+06   1.6052246e+01
   3.8124820e+06   1.5441895e+01
   3.8127240e+06   1.4221191e+01
   3.8445960e+06   1.4282227e+01
   3.8465050e+06   1.5563965e+01
   3.8465550e+06   3.2653809e+01
   3.8466120e+06   2.1118164e+01
   3.8466780e+06   1.7211914e+01
   3.8467170e+06   1.5808105e+01
   3.8467370e+06   1.4404297e+01
   3.8467640e+06   1.5869141e+01
   3.8467980e+06   1.7639160e+01
   3.8468350e+06   1.4343262e+01
   3.8470710e+06   2.8991699e+01
   3.8479640e+06   3.2470703e+01
   3.8943330e+06   1.7944336e+01
   3.9373840e+06   1.4221191e+01
   3.9394350e+06   1.4160156e+01
   3.9396190e+06   4.0466309e+01
   3.9396470e+06   1.5686035e+01
   3.9396670e+06   1.8493652e+01
   3.9397310e+06   1.4831543e+01
   3.9397480e+06   1.9104004e+01
   3.9397670e+06   1.5747070e+01
   3.9923280e+06   1.4892578e+01
   3.9923450e+06   2.7221680e+01
   3.9923640e+06   1.6540527e+01
   3.9923950e+06   1.6418457e+01
   3.9924140e+06   1.6357422e+01
   3.9924300e+06   1.5930176e+01
   3.9924420e+06   1.8920898e+01
   3.9924770e+06   1.5319824e+01
   3.9925090e+06   1.5258789e+01
   3.9925370e+06   1.7517090e+01
   3.9925590e+06   1.8981934e+01
   3.9927600e+06   3.2531738e+01
   4.0433540e+06   1.4587402e+01
   4.0433890e+06   1.5197754e+01
   4.0461560e+06   1.6784668e+01
   4.0461880e+06   3.4240723e+01
   4.0462360e+06   2.4719238e+01
   4.0462990e+06   2.3376465e+01
   4.0463150e+06   1.4770508e+01
   4.0464250e+06   1.6235352e+01
   4.0467600e+06   2.9663086e+01
   4.0674150e+06   3.2897949e+01
   4.0676310e+06   1.4892578e+01
   4.1105700e+06   1.4526367e+01
   4.1106330e+06   1.4709473e+01
   4.1347460e+06   3.2165527e+01
   4.1348310e+06   2.4475098e+01
   4.1349350e+06   2.6306152e+01
   4.1349520e+06   1.8798828e+01
   4.1350070e+06   1.7822266e+01
   4.1350410e+06   1.9592285e+01
   4.1350690e+06   1.6540527e+01
   4.1350900e+06   2.0751953e+01
   4.1351110e+06   1.9775391e+01
   4.1351270e+06   2.4597168e+01
   4.1351500e+06   2.6245117e+01
   4.1351610e+06   2.0568848e+01
   4.1351890e+06   1.4160156e+01
   4.1352370e+06   1.6113281e+01
   4.1352540e+06   1.4587402e+01
   4.1352910e+06   1.4221191e+01
   4.1353260e+06   2.3071289e+01
   4.1353440e+06   1.5686035e+01
   4.1353940e+06   1.9592285e+01
   4.1357620e+06   2.5390625e+01
   4.1364820e+06   2.7526855e+01
   4.1518960e+06   1.7639160e+01
   4.1521300e+06   1.6479492e+01
   4.1521770e+06   1.7639160e+01
   4.1522530e+06   1.5991211e+01
   4.4049950e+06   1.6357422e+01
   4.4050170e+06   1.8310547e+01
   4.4050610e+06   5.6823730e+01
   4.4050720e+06   2.4230957e+01
   4.4051060e+06   4.3762207e+01
   4.4051170e+06   2.9113770e+01
   4.4051420e+06   1.5197754e+01
   4.4051580e+06   1.8066406e+01
   4.4051880e+06   1.7761230e+01
   4.4052130e+06   2.5451660e+01
   4.4053240e+06   1.4587402e+01
   4.4053870e+06   2.3437500e+01
   4.4058400e+06   3.0700684e+01
   4.4063010e+06   3.5583496e+01
   4.4203630e+06   1.4892578e+01
   4.4930620e+06   1.6052246e+01
   4.4931290e+06   1.4892578e+01
   4.4931720e+06   1.6235352e+01
   4.4932830e+06   1.7028809e+01
   4.4933460e+06   3.4790039e+01
   4.4934440e+06   2.7587891e+01
   4.4934940e+06   2.0080566e+01
   4.4935210e+06   1.4282227e+01
   4.4936220e+06   2.2033691e+01
   4.4936590e+06   1.5625000e+01
   4.4941760e+06   1.7211914e+01
   4.4942210e+06   1.4465332e+01
   4.4942420e+06   1.6784668e+01
   4.4942670e+06   3.6132812e+01
   4.4942900e+06   2.4169922e+01
   4.4943070e+06   1.7456055e+01
   4.4943670e+06   1.8798828e+01
   4.4944010e+06   1.9592285e+01
   4.4944540e+06   1.6296387e+01
   4.4945320e+06   1.4465332e+01
   4.5137410e+06   1.6723633e+01
   4.6886560e+06   1.4892578e+01
   4.7122560e+06   1.4160156e+01
   4.7358960e+06   1.4526367e+01
   4.7359430e+06   1.5930176e+01
   4.7776830e+06   1.8737793e+01
   4.7777090e+06   4.2114258e+01
   4.7777360e+06   1.5747070e+01
   4.7777670e+06   4.1137695e+01
   4.7777840e+06   1.4526367e+01
   4.7778020e+06   1.9226074e+01
   4.7778350e+06   2.2033691e+01
   4.7778620e+06   1.7639160e+01
   4.7778780e+06   1.5319824e+01
   4.7779690e+06   1.6540527e+01
   4.7780380e+06   2.0812988e+01
   4.7784610e+06   3.2104492e+01
   4.7791640e+06   3.3447266e+01
   4.7916570e+06   1.4404297e+01
   4.8008420e+06   1.5075684e+01
   4.8009240e+06   1.4770508e+01
   4.8010010e+06   2.5878906e+01
   4.8010170e+06   1.5319824e+01
   4.8010550e+06   1.4953613e+01
   4.8010700e+06   1.7395020e+01
   4.8010930e+06   1.9042969e+01
   4.8011320e+06   1.4343262e+01
   4.8011480e+06   2.3681641e+01
   4.8011680e+06   2.3681641e+01
   4.8011950e+06   2.2888184e+01
   4.8012120e+06   1.5258789e+01
   4.8012440e+06   1.7761230e+01
   4.8012730e+06   1.6479492e+01
   4.8012880e+06   2.3132324e+01
   4.8013160e+06   2.5329590e+01
   4.8013270e+06   1.4282227e+01
   4.8013750e+06   1.7211914e+01
   4.8014170e+06   1.5136719e+01
   4.8015220e+06   1.4953613e+01
   4.8015600e+06   2.3071289e+01
   4.9027040e+06   1.5075684e+01
   4.9475680e+06   1.5380859e+01
   5.0350410e+06   1.7211914e+01
   5.0350950e+06   1.4343262e+01
   5.0352150e+06   1.4343262e+01
   5.1397630e+06   1.4892578e+01
   5.1397760e+06   1.8859863e+01
   5.1398110e+06   3.2714844e+01
   5.1398630e+06   2.4536133e+01
   5.1398990e+06   1.4465332e+01
   5.1399290e+06   1.5014648e+01
   5.1399400e+06   1.7639160e+01
   5.1399540e+06   1.9592285e+01
   5.1399720e+06   1.5441895e+01
   5.1403490e+06   3.0761719e+01
   5.2092350e+06   1.5686035e+01
   5.2093250e+06   1.4465332e+01
   5.2103960e+06   1.4587402e+01
   5.2351560e+06   1.4221191e+01
   5.3142080e+06   1.6479492e+01
   5.3142480e+06   1.4953613e+01
   5.3143300e+06   1.6174316e+01
   5.3146690e+06   1.5075684e+01
   5.3146910e+06   3.0151367e+01
   5.3147460e+06   2.2827148e+01
   5.3148190e+06   2.4658203e+01
   5.3148330e+06   1.5136719e+01
   5.3149010e+06   2.9479980e+01
   5.3152360e+06   1.4709473e+01
   5.3507370e+06   1.5441895e+01
   5.3507990e+06   1.4221191e+01
   5.3516990e+06   1.4221191e+01
   5.4137390e+06   1.5258789e+01
   5.4139230e+06   1.5075684e+01
   5.4615950e+06   1.4709473e+01
   5.4854930e+06   1.5258789e+01
   5.4855470e+06   1.7639160e+01
   5.4856030e+06   1.5136719e+01
   5.5215860e+06   2.0629883e+01
   5.5216410e+06   1.5258789e+01
   5.5216740e+06   1.4221191e+01
   5.5660990e+06   1.4221191e+01
   5.5662150e+06   1.9348145e+01
   5.6242800e+06   1.6723633e+01
   5.6302070e+06   1.4343262e+01
   5.6659720e+06   1.4648438e+01
   5.7676800e+06   1.4892578e+01
   5.7677210e+06   1.4343262e+01
   5.7689730e+06   1.4282227e+01
   5.7694320e+06   1.4160156e+01
   5.8835760e+06   1.4465332e+01
   5.8847270e+06   1.7028809e+01
   5.9230490e+06   1.5502930e+01
   5.9580500e+06   3.2592773e+01
   5.9580760e+06   1.4160156e+01
   5.9580900e+06   1.8066406e+01
   5.9581360e+06   1.5930176e+01
   5.9581510e+06   2.3071289e+01
   5.9581890e+06   2.1606445e+01
   5.9582160e+06   2.5207520e+01
   5.9582340e+06   3.3020020e+01
   5.9582650e+06   1.9042969e+01
   5.9583020e+06   1.6296387e+01
   5.9583180e+06   1.4221191e+01
   5.9585520e+06   3.1127930e+01
   5.9594430e+06   3.3569336e+01
