   5.9990000e+06   0.0000000e+00
   1.7259000e+04   1.5319824e+01
   2.1579000e+04   1.4343262e+01
   2.1612000e+04   1.4953613e+01
   2.1659000e+04   1.9348145e+01
   2.1705000e+04   1.5014648e+01
   2.1742000e+04   3.0456543e+01
   2.1778000e+04   1.3916016e+01
   2.1863000e+04   2.5024414e+01
   2.1896000e+04   1.6052246e+01
   2.1960000e+04   1.8371582e+01
   2.1972000e+04   6.9091797e+01
   2.1991000e+04   1.9714355e+01
   2.2041000e+04   1.3854980e+01
   2.2054000e+04   4.2297363e+01
   2.2097000e+04   2.0935059e+01
   2.2114000e+04   1.7089844e+01
   2.2177000e+04   1.5258789e+01
   2.2434000e+04   1.6235352e+01
   7.8400000e+04   2.0507812e+01
   7.8587000e+04   1.4465332e+01
   7.8781000e+04   1.5136719e+01
   9.9942000e+04   1.3854980e+01
   9.9960000e+04   1.4343262e+01
   1.2935000e+05   3.5339355e+01
   1.2936700e+05   1.4770508e+01
   1.3061500e+05   1.8981934e+01
   1.3259500e+05   2.8320312e+01
   1.3279000e+05   2.8503418e+01
   1.3290700e+05   1.7333984e+01
   1.3292300e+05   1.4770508e+01
   1.3301800e+05   1.4526367e+01
   1.3304500e+05   1.7333984e+01
   1.3319200e+05   1.8676758e+01
   1.3342600e+05   2.1667480e+01
   1.3370600e+05   1.8127441e+01
   1.3378200e+05   2.3437500e+01
   1.3440300e+05   1.4648438e+01
   1.4906400e+05   1.4221191e+01
   1.8394700e+05   1.5014648e+01
   1.8397100e+05   1.5258789e+01
   1.8402400e+05   1.9592285e+01
   1.8411300e+05   1.3916016e+01
   1.9527100e+05   1.3916016e+01
   2.1358000e+05   1.7822266e+01
   2.1366000e+05   1.3916016e+01
   2.4088000e+05   3.0273438e+01
   2.4104400e+05   3.0334473e+01
   2.8588100e+05   1.5563965e+01
   2.8590900e+05   1.5319824e+01
   2.8626400e+05   2.3986816e+01
   2.8656400e+05   1.6418457e+01
   2.8833600e+05   3.0273438e+01
   2.8846900e+05   2.6245117e+01
   2.8854800e+05   1.4160156e+01
   2.8860100e+05   1.9042969e+01
   2.8881500e+05   1.5136719e+01
   2.8884600e+05   1.8310547e+01
   2.8899400e+05   2.1118164e+01
   2.8920300e+05   2.3315430e+01
   2.8950800e+05   1.4770508e+01
   3.2336600e+05   2.6306152e+01
   3.2341500e+05   1.4038086e+01
   3.4713400e+05   2.0629883e+01
   3.4718100e+05   2.1057129e+01
   3.4719900e+05   1.6174316e+01
   3.4727600e+05   1.4892578e+01
   3.4830700e+05   2.7160645e+01
   3.4843900e+05   3.8269043e+01
   3.4851900e+05   2.3681641e+01
   3.4853600e+05   2.8869629e+01
   3.4855700e+05   2.1179199e+01
   3.4859200e+05   5.7128906e+01
   3.4862500e+05   2.2399902e+01
   3.4866200e+05   2.0629883e+01
   3.4872400e+05   2.2766113e+01
   3.4874600e+05   2.7404785e+01
   3.4876200e+05   3.1799316e+01
   3.4878900e+05   2.4230957e+01
   3.4882100e+05   1.5625000e+01
   3.4886300e+05   1.5258789e+01
   3.4888200e+05   2.0263672e+01
   3.4900700e+05   1.4343262e+01
   3.8281300e+05   1.4465332e+01
   4.3400000e+05   1.5441895e+01
   4.3404700e+05   2.4719238e+01
   4.3413000e+05   2.9663086e+01
   4.3424400e+05   1.6723633e+01
   4.3679600e+05   3.6132812e+01
   4.3695100e+05   2.5634766e+01
   4.3697500e+05   1.4892578e+01
   4.3704300e+05   3.0151367e+01
   4.3709500e+05   1.8920898e+01
   4.3714300e+05   7.1228027e+01
   4.3716200e+05   1.5075684e+01
   4.3718200e+05   1.8066406e+01
   4.3720600e+05   1.8920898e+01
   4.3721700e+05   4.0527344e+01
   4.3726000e+05   1.5441895e+01
   4.3727900e+05   2.1240234e+01
   4.3729900e+05   1.4282227e+01
   4.3731400e+05   1.6723633e+01
   4.3733300e+05   4.6508789e+01
   4.3736400e+05   1.9165039e+01
   4.3737700e+05   2.1789551e+01
   4.3743500e+05   1.9775391e+01
   4.3747900e+05   1.5808105e+01
   4.3749200e+05   2.2033691e+01
   4.3757600e+05   1.4892578e+01
   4.5287700e+05   3.0639648e+01
   4.5294500e+05   1.7639160e+01
   4.9107700e+05   1.9592285e+01
   4.9130700e+05   1.5502930e+01
   4.9132700e+05   2.7160645e+01
   4.9135300e+05   1.3916016e+01
   4.9138500e+05   2.7648926e+01
   4.9143300e+05   1.7089844e+01
   4.9155600e+05   4.3823242e+01
   4.9157700e+05   1.9714355e+01
   4.9178300e+05   1.6174316e+01
   4.9182500e+05   2.1423340e+01
   4.9200300e+05   1.6418457e+01
   4.9219300e+05   1.3854980e+01
   4.9222800e+05   2.8869629e+01
   5.4879800e+05   1.4709473e+01
   5.4883800e+05   2.6672363e+01
   5.4895600e+05   1.4648438e+01
   5.8209800e+05   1.5258789e+01
   5.9326800e+05   1.4221191e+01
   6.0127200e+05   1.4221191e+01
   6.4030100e+05   3.3874512e+01
   6.4034100e+05   1.4038086e+01
   6.4048800e+05   1.4343262e+01
   6.5758100e+05   1.8615723e+01
   6.5762900e+05   3.7475586e+01
   6.5767200e+05   1.6906738e+01
   6.5780600e+05   1.6174316e+01
   6.5784700e+05   2.7893066e+01
   6.5787500e+05   1.6479492e+01
   6.5791800e+05   2.0507812e+01
   6.5795400e+05   3.5888672e+01
   6.5797100e+05   8.5266113e+01
   6.5800600e+05   1.8859863e+01
   6.5803000e+05   3.6987305e+01
   6.5807100e+05   1.8310547e+01
   6.5808400e+05   2.2338867e+01
   6.5809800e+05   1.8798828e+01
   6.5812900e+05   1.9287109e+01
   6.5814400e+05   1.4953613e+01
   6.5816000e+05   1.9531250e+01
   6.5820000e+05   1.5197754e+01
   6.5821800e+05   1.5197754e+01
   6.5823300e+05   1.4831543e+01
   6.5829800e+05   1.4953613e+01
   6.5830800e+05   1.5014648e+01
   6.5838500e+05   2.0751953e+01
   6.5840400e+05   1.8920898e+01
   6.5848600e+05   2.5512695e+01
   6.5849900e+05   2.1179199e+01
   6.5851800e+05   2.8259277e+01
   6.5856500e+05   1.6662598e+01
   6.5862400e+05   1.6113281e+01
   6.5866700e+05   2.1240234e+01
   6.5876400e+05   1.6662598e+01
   6.5901000e+05   2.0446777e+01
   6.5906400e+05   1.5502930e+01
   6.7483400e+05   1.5136719e+01
   6.7499100e+05   1.3977051e+01
   6.7560800e+05   1.4404297e+01
   6.7601600e+05   1.4526367e+01
   6.7612600e+05   1.6601562e+01
   6.7615900e+05   1.3916016e+01
   6.7631900e+05   1.4526367e+01
   6.7669200e+05   1.5686035e+01
   6.7693200e+05   1.7395020e+01
   6.7694800e+05   1.4160156e+01
   6.7908300e+05   1.6662598e+01
   6.7931000e+05   1.5197754e+01
   6.7933800e+05   1.4038086e+01
   7.2444500e+05   1.4343262e+01
   7.6143100e+05   1.7517090e+01
   7.6146200e+05   6.8237305e+01
   7.6149400e+05   2.8503418e+01
   7.6153200e+05   3.1799316e+01
   7.6154700e+05   1.5930176e+01
   7.6157500e+05   2.3986816e+01
   7.6159500e+05   1.8371582e+01
   7.6163200e+05   1.8188477e+01
   7.6164300e+05   2.6306152e+01
   7.6166500e+05   1.7456055e+01
   7.6167900e+05   3.1005859e+01
   7.6171200e+05   2.3742676e+01
   7.6174100e+05   2.3132324e+01
   7.6176600e+05   2.9235840e+01
   7.6180000e+05   2.0141602e+01
   7.6182900e+05   2.0874023e+01
   7.6187700e+05   1.7578125e+01
   7.6193700e+05   2.2277832e+01
   7.6200900e+05   1.6113281e+01
   7.6222300e+05   1.4770508e+01
   7.6259900e+05   2.6000977e+01
   7.6270800e+05   1.6174316e+01
   7.6331600e+05   2.5817871e+01
   1.0497420e+06   1.4770508e+01
   1.0520770e+06   1.4282227e+01
   1.1001260e+06   1.4770508e+01
   1.1001450e+06   2.6428223e+01
   1.1095230e+06   1.4221191e+01
   1.1100560e+06   1.6113281e+01
   1.1584090e+06   1.3916016e+01
   1.1646770e+06   1.7028809e+01
   1.1647570e+06   3.3813477e+01
   1.1657740e+06   1.5258789e+01
   1.2452390e+06   2.9235840e+01
   1.2453130e+06   1.7333984e+01
   1.2568080e+06   1.4160156e+01
   1.2570550e+06   2.9479980e+01
   1.2570830e+06   3.1250000e+01
   1.2571690e+06   1.8676758e+01
   1.2572860e+06   6.5734863e+01
   1.2572980e+06   1.5197754e+01
   1.2573180e+06   4.9865723e+01
   1.2573530e+06   3.8146973e+01
   1.2573900e+06   1.9409180e+01
   1.2574150e+06   1.9653320e+01
   1.2574370e+06   4.3395996e+01
   1.2574560e+06   1.9958496e+01
   1.2574730e+06   2.1606445e+01
   1.2574930e+06   1.7639160e+01
   1.2575180e+06   2.4169922e+01
   1.2575670e+06   2.8747559e+01
   1.2575980e+06   1.4221191e+01
   1.2576300e+06   1.3916016e+01
   1.2576770e+06   1.6906738e+01
   1.2577240e+06   1.4038086e+01
   1.2577770e+06   2.1057129e+01
   1.2577920e+06   1.4770508e+01
   1.2578520e+06   1.8615723e+01
   1.2578880e+06   1.8188477e+01
   1.2580270e+06   1.9287109e+01
   1.2581050e+06   1.7883301e+01
   1.3120560e+06   1.4038086e+01
   1.3121630e+06   2.8259277e+01
   1.3122690e+06   2.7709961e+01
   1.3123100e+06   1.7395020e+01
   1.3124350e+06   2.7343750e+01
   1.3124650e+06   1.4831543e+01
   1.3124830e+06   6.1828613e+01
   1.3124940e+06   1.6540527e+01
   1.3125480e+06   2.2094727e+01
   1.3125820e+06   4.5166016e+01
   1.3126110e+06   2.2155762e+01
   1.3126480e+06   3.0212402e+01
   1.3126900e+06   1.4038086e+01
   1.3127080e+06   1.4831543e+01
   1.3127260e+06   1.4587402e+01
   1.3129540e+06   1.4343262e+01
   1.3446760e+06   1.5686035e+01
   1.4443740e+06   2.5939941e+01
   1.4443870e+06   1.5136719e+01
   1.4444270e+06   1.4892578e+01
   1.4444860e+06   3.2043457e+01
   1.4445470e+06   1.4465332e+01
   1.5024780e+06   1.6296387e+01
   1.5025330e+06   1.3854980e+01
   1.5025790e+06   1.3916016e+01
   1.5026850e+06   3.0639648e+01
   1.5027850e+06   1.8554688e+01
   1.5028460e+06   1.5258789e+01
   1.5028680e+06   1.3916016e+01
   1.5029260e+06   2.5573730e+01
   1.5029510e+06   6.2438965e+01
   1.5029910e+06   1.4953613e+01
   1.5030350e+06   3.8452148e+01
   1.5030600e+06   1.9897461e+01
   1.5030880e+06   1.6235352e+01
   1.5031110e+06   1.4953613e+01
   1.5031440e+06   1.5808105e+01
   1.5031580e+06   1.5991211e+01
   1.5031900e+06   1.4709473e+01
   1.5032110e+06   1.7089844e+01
   1.5032870e+06   4.5654297e+01
   1.5033310e+06   1.6113281e+01
   1.5327290e+06   2.1972656e+01
   1.5327700e+06   2.2094727e+01
   1.5328170e+06   1.5563965e+01
   1.5328280e+06   6.8176270e+01
   1.5328750e+06   3.2653809e+01
   1.5329060e+06   2.8991699e+01
   1.5329160e+06   3.6193848e+01
   1.5329390e+06   1.9653320e+01
   1.5329610e+06   3.4179688e+01
   1.5329960e+06   2.9663086e+01
   1.5330180e+06   2.3681641e+01
   1.5330350e+06   1.7822266e+01
   1.5330750e+06   2.0263672e+01
   1.5330940e+06   1.4831543e+01
   1.5331260e+06   1.6052246e+01
   1.5331360e+06   1.8066406e+01
   1.5331910e+06   1.7517090e+01
   1.5332400e+06   1.4099121e+01
   1.5333060e+06   1.6479492e+01
   1.5333770e+06   1.5075684e+01
   1.5334600e+06   1.3854980e+01
   1.5493740e+06   1.5930176e+01
   1.5494490e+06   1.3977051e+01
   1.5494940e+06   1.5319824e+01
   1.5497240e+06   1.5258789e+01
   1.5497880e+06   1.4160156e+01
   1.5573490e+06   1.4831543e+01
   1.5573860e+06   1.6052246e+01
   1.5574430e+06   2.4963379e+01
   1.5576090e+06   2.6611328e+01
   1.5576640e+06   1.8005371e+01
   1.5577110e+06   2.1362305e+01
   1.5577330e+06   2.0202637e+01
   1.5577530e+06   1.7761230e+01
   1.5577640e+06   1.7700195e+01
   1.5577900e+06   6.3232422e+01
   1.5578180e+06   1.5502930e+01
   1.5578290e+06   1.5930176e+01
   1.5578740e+06   1.9592285e+01
   1.5579080e+06   1.7700195e+01
   1.5579260e+06   7.0373535e+01
   1.5579640e+06   1.8127441e+01
   1.5580070e+06   1.6113281e+01
   1.5580170e+06   2.1423340e+01
   1.5580410e+06   1.5686035e+01
   1.5580650e+06   1.7089844e+01
   1.5581290e+06   1.4831543e+01
   1.5583350e+06   1.7822266e+01
   1.5595600e+06   1.3977051e+01
   1.5596200e+06   1.6723633e+01
   1.5596350e+06   2.4414062e+01
   1.5596510e+06   2.0629883e+01
   1.5596900e+06   1.8859863e+01
   1.5597100e+06   1.6113281e+01
   1.5597270e+06   2.6062012e+01
   1.5597600e+06   2.1240234e+01
   1.5597770e+06   7.3852539e+01
   1.5598080e+06   1.5197754e+01
   1.5598500e+06   1.4343262e+01
   1.5598790e+06   3.4057617e+01
   1.5598910e+06   5.2429199e+01
   1.5599600e+06   2.3071289e+01
   1.5599810e+06   1.6906738e+01
   1.5599980e+06   1.4770508e+01
   1.5603180e+06   1.4770508e+01
   1.5802920e+06   1.4465332e+01
   1.5806120e+06   2.8259277e+01
   1.5809270e+06   1.9104004e+01
   1.5809780e+06   1.5197754e+01
   1.5809910e+06   1.9409180e+01
   1.5811730e+06   1.6418457e+01
   1.5818500e+06   1.8249512e+01
   1.5818720e+06   1.4892578e+01
   1.5819150e+06   1.7822266e+01
   1.5819530e+06   2.1240234e+01
   1.5819670e+06   2.6306152e+01
   1.5819980e+06   1.8310547e+01
   1.5820490e+06   2.3986816e+01
   1.5820770e+06   1.9653320e+01
   1.5821050e+06   2.6000977e+01
   1.5821150e+06   1.8005371e+01
   1.5821350e+06   2.9418945e+01
   1.5821550e+06   2.5451660e+01
   1.5822010e+06   1.8676758e+01
   1.5822420e+06   1.6174316e+01
   1.5822920e+06   2.0019531e+01
   1.5823650e+06   1.5014648e+01
   1.5824570e+06   1.6601562e+01
   1.6373020e+06   1.4648438e+01
   1.6373620e+06   2.6916504e+01
   1.6375090e+06   1.5563965e+01
   1.6375220e+06   2.1789551e+01
   1.6375390e+06   2.0141602e+01
   1.6375730e+06   1.4404297e+01
   1.6375950e+06   1.5563965e+01
   1.6376330e+06   1.9775391e+01
   1.6378160e+06   1.8188477e+01
   1.6378330e+06   2.2460938e+01
   1.6378530e+06   5.9082031e+01
   1.6378740e+06   1.7639160e+01
   1.6379010e+06   2.8808594e+01
   1.6379120e+06   1.4221191e+01
   1.6379350e+06   1.8615723e+01
   1.6379510e+06   3.4484863e+01
   1.6379850e+06   2.4230957e+01
   1.6380110e+06   1.4099121e+01
   1.6380380e+06   1.5441895e+01
   1.6380490e+06   2.5451660e+01
   1.6380950e+06   1.8432617e+01
   1.6382160e+06   2.0568848e+01
   1.6383880e+06   1.9897461e+01
   1.6384370e+06   1.4709473e+01
   1.7079140e+06   1.3977051e+01
   1.7873690e+06   1.3854980e+01
   1.8017420e+06   1.5930176e+01
   1.8279720e+06   2.6550293e+01
   1.8282690e+06   1.4038086e+01
   1.8284170e+06   1.4831543e+01
   1.8596530e+06   1.8066406e+01
   1.8596860e+06   1.3977051e+01
   1.9829860e+06   1.5930176e+01
   1.9829980e+06   1.4038086e+01
   2.0238000e+06   1.4038086e+01
   2.0665270e+06   1.4648438e+01
   2.0665750e+06   2.5695801e+01
   2.0693400e+06   2.8320312e+01
   2.0693570e+06   1.4221191e+01
   2.0695040e+06   2.9418945e+01
   2.0695200e+06   3.2165527e+01
   2.0695680e+06   1.4587402e+01
   2.0695940e+06   1.4038086e+01
   2.0696300e+06   1.7883301e+01
   2.0696720e+06   2.3071289e+01
   2.0697180e+06   2.3071289e+01
   2.0697510e+06   6.8908691e+01
   2.0697980e+06   2.2094727e+01
   2.0698270e+06   1.5075684e+01
   2.0698910e+06   2.3132324e+01
   2.0699100e+06   5.7128906e+01
   2.0699910e+06   2.6306152e+01
   2.0700030e+06   1.8493652e+01
   2.0700610e+06   1.4282227e+01
   2.1390230e+06   1.4465332e+01
   2.1742720e+06   2.7648926e+01
   2.1751260e+06   1.6967773e+01
   2.1757770e+06   2.6062012e+01
   2.1759180e+06   1.5197754e+01
   2.1759600e+06   1.9226074e+01
   2.1760300e+06   2.6855469e+01
   2.1760690e+06   2.0141602e+01
   2.1761210e+06   1.8493652e+01
   2.1761380e+06   1.3977051e+01
   2.1761930e+06   3.3325195e+01
   2.1762050e+06   6.2377930e+01
   2.1762590e+06   1.6418457e+01
   2.1762760e+06   2.1667480e+01
   2.1762980e+06   5.8410645e+01
   2.1763840e+06   3.5705566e+01
   2.1764150e+06   1.5991211e+01
   2.1764250e+06   2.5573730e+01
   2.1764650e+06   2.2094727e+01
   2.1764750e+06   1.9104004e+01
   2.1765460e+06   2.0996094e+01
   2.1766590e+06   2.1850586e+01
   2.1770690e+06   1.7761230e+01
   2.2114050e+06   1.5869141e+01
   2.2215200e+06   1.3854980e+01
   2.2216040e+06   1.5686035e+01
   2.2216180e+06   2.5207520e+01
   2.2221280e+06   1.4526367e+01
   2.2222180e+06   3.0395508e+01
   2.2222850e+06   1.3977051e+01
   2.2223730e+06   2.6428223e+01
   2.2225350e+06   1.6296387e+01
   2.2227840e+06   1.7211914e+01
   2.2230230e+06   1.9226074e+01
   2.2234690e+06   1.9775391e+01
   2.2237590e+06   1.5869141e+01
   2.2239750e+06   1.9287109e+01
   2.2242920e+06   2.2949219e+01
   2.2545450e+06   1.9226074e+01
   2.2546230e+06   1.4770508e+01
   2.2550980e+06   3.1738281e+01
   2.2551230e+06   1.9348145e+01
   2.2552620e+06   2.6000977e+01
   2.2552990e+06   1.6418457e+01
   2.2554820e+06   2.7526855e+01
   2.2556230e+06   1.5869141e+01
   2.2557130e+06   1.6357422e+01
   2.2558790e+06   1.9531250e+01
   2.2561290e+06   1.8249512e+01
   2.2563800e+06   1.9958496e+01
   2.2566090e+06   1.9531250e+01
   2.2571060e+06   2.2644043e+01
   2.2571380e+06   1.3977051e+01
   2.2799230e+06   1.4648438e+01
   2.2921740e+06   2.1667480e+01
   2.2926300e+06   2.8991699e+01
   2.2927550e+06   2.4780273e+01
   2.2927920e+06   1.4770508e+01
   2.2929640e+06   2.0385742e+01
   2.2931170e+06   1.8920898e+01
   2.2933210e+06   1.8432617e+01
   2.2936020e+06   1.5502930e+01
   2.2938810e+06   1.5014648e+01
   2.2941680e+06   1.4648438e+01
   2.3631720e+06   1.3916016e+01
   2.3632180e+06   1.6174316e+01
   2.3632470e+06   1.6357422e+01
   2.3632660e+06   1.7761230e+01
   2.3633440e+06   1.4099121e+01
   2.3633670e+06   3.2592773e+01
   2.3639850e+06   2.9907227e+01
   2.3640650e+06   1.4160156e+01
   2.3641060e+06   2.2888184e+01
   2.3643390e+06   2.4658203e+01
   2.3644630e+06   1.4160156e+01
   2.3644920e+06   1.7822266e+01
   2.3646700e+06   2.0935059e+01
   2.3648110e+06   1.3854980e+01
   2.3648910e+06   2.4841309e+01
   2.3650590e+06   1.5502930e+01
   2.3651260e+06   1.7211914e+01
   2.3655010e+06   1.8981934e+01
   2.3848800e+06   1.3977051e+01
   2.4206110e+06   1.6723633e+01
   2.4207420e+06   2.8137207e+01
   2.4213210e+06   2.9907227e+01
   2.4214370e+06   2.0019531e+01
   2.4216180e+06   2.0019531e+01
   2.4216310e+06   1.6113281e+01
   2.4217650e+06   1.5991211e+01
   2.4219060e+06   1.4221191e+01
   2.4219470e+06   2.0935059e+01
   2.4221350e+06   1.6601562e+01
   2.4221800e+06   1.4160156e+01
   2.4223930e+06   1.5869141e+01
   2.4226470e+06   1.9104004e+01
   2.4532310e+06   1.5441895e+01
   2.4532510e+06   3.7292480e+01
   2.4532720e+06   1.5869141e+01
   2.4533610e+06   1.4770508e+01
   2.4534610e+06   2.6672363e+01
   2.4537070e+06   2.7099609e+01
   2.4537170e+06   1.4282227e+01
   2.4539740e+06   2.3742676e+01
   2.4542040e+06   2.3620605e+01
   2.4544590e+06   2.1972656e+01
   2.4546480e+06   1.6479492e+01
   2.4548940e+06   1.8859863e+01
   2.4551380e+06   1.4892578e+01
   2.4557420e+06   1.5014648e+01
   2.4814510e+06   1.6906738e+01
   2.4815520e+06   2.7282715e+01
   2.4816350e+06   3.4912109e+01
   2.4820500e+06   3.0273438e+01
   2.4821780e+06   1.4770508e+01
   2.4824360e+06   1.5502930e+01
   2.4826570e+06   2.0507812e+01
   2.4828400e+06   1.7822266e+01
   2.4830100e+06   1.4038086e+01
   2.4830540e+06   2.5329590e+01
   2.4832990e+06   1.6235352e+01
   2.4833560e+06   1.3916016e+01
   2.4833670e+06   1.7456055e+01
   2.4846210e+06   1.6113281e+01
   2.5704560e+06   1.4648438e+01
   2.5705020e+06   1.5502930e+01
   2.5705220e+06   2.4169922e+01
   2.5705850e+06   1.5197754e+01
   2.5706030e+06   1.6113281e+01
   2.5710840e+06   3.5095215e+01
   2.5713540e+06   2.6855469e+01
   2.5715280e+06   2.6367188e+01
   2.5717230e+06   1.8188477e+01
   2.5719530e+06   2.4841309e+01
   2.5719720e+06   1.7028809e+01
   2.5720290e+06   1.3854980e+01
   2.5721760e+06   1.7150879e+01
   2.5724520e+06   2.0629883e+01
   2.5724620e+06   1.5136719e+01
   2.5733470e+06   1.6052246e+01
   2.5981490e+06   1.5075684e+01
   2.6263110e+06   1.6418457e+01
   2.6266200e+06   1.9165039e+01
   2.6530600e+06   1.3854980e+01
   2.6872410e+06   1.4892578e+01
   2.7159060e+06   3.8085938e+01
   2.7303720e+06   2.7282715e+01
   2.7304380e+06   1.5930176e+01
   2.7304980e+06   1.8981934e+01
   2.7305230e+06   1.4587402e+01
   2.7306230e+06   2.8808594e+01
   2.8041740e+06   1.7150879e+01
   2.8044770e+06   1.5625000e+01
   2.8493990e+06   1.9958496e+01
   2.8494350e+06   3.1066895e+01
   2.8507820e+06   1.7150879e+01
   2.8515470e+06   3.0700684e+01
   2.8516950e+06   2.1240234e+01
   2.8518320e+06   1.8432617e+01
   2.8518730e+06   1.8981934e+01
   2.8519320e+06   1.7639160e+01
   2.8520290e+06   1.7211914e+01
   2.8520500e+06   1.4221191e+01
   2.8522060e+06   2.4963379e+01
   2.8524710e+06   2.4780273e+01
   2.8526170e+06   1.5014648e+01
   2.8526970e+06   1.5502930e+01
   2.8803120e+06   2.6000977e+01
   2.8804400e+06   1.7456055e+01
   2.9767980e+06   3.1005859e+01
   2.9769010e+06   1.8188477e+01
   2.9769360e+06   2.7099609e+01
   3.0497290e+06   3.4362793e+01
   3.0497430e+06   3.0883789e+01
   3.0497680e+06   1.3977051e+01
   3.0498100e+06   6.5429688e+01
   3.0498390e+06   1.6113281e+01
   3.0498650e+06   3.5400391e+01
   3.0498780e+06   3.1494141e+01
   3.0498950e+06   1.9470215e+01
   3.0499230e+06   4.0466309e+01
   3.0499370e+06   3.7231445e+01
   3.0499580e+06   1.5686035e+01
   3.0499740e+06   2.6733398e+01
   3.0499930e+06   3.5034180e+01
   3.0500220e+06   2.9113770e+01
   3.0500360e+06   2.7221680e+01
   3.0500570e+06   1.4038086e+01
   3.0500900e+06   1.4038086e+01
   3.0501170e+06   1.9287109e+01
   3.0501690e+06   1.6784668e+01
   3.0502010e+06   1.9775391e+01
   3.0502290e+06   1.5197754e+01
   3.0504140e+06   1.6540527e+01
   3.0839310e+06   1.4465332e+01
   3.0839420e+06   1.5380859e+01
   3.0840050e+06   1.5747070e+01
   3.0840260e+06   2.1606445e+01
   3.0841220e+06   1.4099121e+01
   3.0841700e+06   1.4892578e+01
   3.0841990e+06   1.5136719e+01
   3.0842130e+06   2.5146484e+01
   3.0842470e+06   1.5441895e+01
   3.0842770e+06   1.4953613e+01
   3.0843010e+06   1.7272949e+01
   3.0844000e+06   2.7770996e+01
   3.0844150e+06   1.5380859e+01
   3.0844480e+06   7.1350098e+01
   3.0844990e+06   1.9775391e+01
   3.0845210e+06   6.0974121e+01
   3.0845390e+06   2.3986816e+01
   3.0845690e+06   2.2888184e+01
   3.0846020e+06   3.9184570e+01
   3.0846210e+06   2.4169922e+01
   3.0846470e+06   1.5197754e+01
   3.0846600e+06   1.8798828e+01
   3.0846890e+06   1.9897461e+01
   3.0847330e+06   3.7048340e+01
   3.0847610e+06   1.8310547e+01
   3.0848010e+06   2.4658203e+01
   3.0848130e+06   2.4841309e+01
   3.0848300e+06   1.7639160e+01
   3.0848590e+06   3.3569336e+01
   3.0849050e+06   1.9897461e+01
   3.0850150e+06   1.4099121e+01
   3.0851120e+06   1.3854980e+01
   3.2010960e+06   3.0029297e+01
   3.2011700e+06   1.5075684e+01
   3.2012590e+06   1.5380859e+01
   3.2012710e+06   1.4526367e+01
   3.2013520e+06   1.3977051e+01
   3.2015000e+06   1.4709473e+01
   3.3463040e+06   1.5075684e+01
   3.3463690e+06   1.4465332e+01
   3.3476080e+06   3.0578613e+01
   3.3476460e+06   2.5512695e+01
   3.3476690e+06   1.3854980e+01
   3.3477090e+06   7.6049805e+01
   3.3477310e+06   2.3986816e+01
   3.3477570e+06   3.3630371e+01
   3.3477850e+06   4.2846680e+01
   3.3477950e+06   4.8828125e+01
   3.3478170e+06   1.3916016e+01
   3.3478340e+06   1.9714355e+01
   3.3478630e+06   3.8146973e+01
   3.3478820e+06   3.8085938e+01
   3.3478990e+06   2.3254395e+01
   3.3479110e+06   1.7211914e+01
   3.3479240e+06   3.0761719e+01
   3.3479670e+06   1.9714355e+01
   3.3479960e+06   1.9348145e+01
   3.3480090e+06   1.5258789e+01
   3.3480220e+06   1.8615723e+01
   3.3480380e+06   1.4465332e+01
   3.3481860e+06   1.5380859e+01
   3.3483020e+06   1.8249512e+01
   3.3484180e+06   2.1362305e+01
   3.3888330e+06   1.4099121e+01
   3.3891420e+06   2.3986816e+01
   3.3976020e+06   1.5197754e+01
   3.4193930e+06   2.4536133e+01
   3.4194550e+06   1.6174316e+01
   3.4195130e+06   3.4118652e+01
   3.4207430e+06   2.6611328e+01
   3.4208700e+06   1.9958496e+01
   3.4209380e+06   1.5197754e+01
   3.4210490e+06   2.8137207e+01
   3.4210600e+06   7.4279785e+01
   3.4210900e+06   3.6254883e+01
   3.4211240e+06   5.7983398e+01
   3.4211710e+06   2.2888184e+01
   3.4212230e+06   2.4108887e+01
   3.4212450e+06   1.5869141e+01
   3.4212800e+06   1.5258789e+01
   3.4212900e+06   2.5756836e+01
   3.4213260e+06   3.8818359e+01
   3.4213390e+06   3.1250000e+01
   3.4214340e+06   2.2460938e+01
   3.4214460e+06   1.7822266e+01
   3.4636600e+06   1.4648438e+01
   3.4907380e+06   1.4465332e+01
   3.4907520e+06   2.3071289e+01
   3.4907950e+06   1.4160156e+01
   3.4908620e+06   3.1188965e+01
   3.4909230e+06   1.3916016e+01
   3.4909720e+06   1.7456055e+01
   3.4909980e+06   1.3916016e+01
   3.4910280e+06   2.4719238e+01
   3.4912200e+06   7.6293945e+01
   3.4912310e+06   2.1057129e+01
   3.4912510e+06   1.4892578e+01
   3.4912650e+06   1.8310547e+01
   3.4913290e+06   4.6875000e+01
   3.4913670e+06   1.6479492e+01
   3.4913980e+06   1.9165039e+01
   3.4914320e+06   3.2409668e+01
   3.4915290e+06   2.0935059e+01
   3.4915560e+06   2.1118164e+01
   3.5636690e+06   1.4282227e+01
   3.5636940e+06   1.4587402e+01
   3.5638410e+06   2.4841309e+01
   3.5640810e+06   1.4282227e+01
   3.5892180e+06   1.5258789e+01
   3.5910780e+06   1.6479492e+01
   3.5911040e+06   2.2827148e+01
   3.5912660e+06   2.2277832e+01
   3.6095430e+06   3.2165527e+01
   3.6095950e+06   1.8859863e+01
   3.6096940e+06   1.7822266e+01
   3.6097540e+06   7.1899414e+01
   3.6097690e+06   6.3476562e+01
   3.6098100e+06   6.1889648e+01
   3.6098340e+06   1.8554688e+01
   3.6098480e+06   4.6386719e+01
   3.6098670e+06   4.7607422e+01
   3.6098920e+06   1.6357422e+01
   3.6099020e+06   2.3925781e+01
   3.6099300e+06   1.5258789e+01
   3.6099500e+06   3.4606934e+01
   3.6099660e+06   2.8625488e+01
   3.6100010e+06   1.7272949e+01
   3.6100180e+06   2.0141602e+01
   3.6100540e+06   1.5441895e+01
   3.6100730e+06   1.4892578e+01
   3.6101630e+06   1.7089844e+01
   3.6101820e+06   1.6967773e+01
   3.6102590e+06   1.3977051e+01
   3.6103150e+06   1.9470215e+01
   3.6104370e+06   1.5991211e+01
   3.6366850e+06   1.6967773e+01
   3.6367450e+06   2.4780273e+01
   3.6367620e+06   1.4404297e+01
   3.6368000e+06   1.3854980e+01
   3.6368460e+06   2.5634766e+01
   3.6369080e+06   1.6845703e+01
   3.6370350e+06   1.4648438e+01
   3.6370930e+06   2.3681641e+01
   3.6372340e+06   1.6723633e+01
   3.6402140e+06   1.5014648e+01
   3.6405210e+06   1.8432617e+01
   3.6405320e+06   2.4169922e+01
   3.6407630e+06   1.6601562e+01
   3.6410250e+06   2.1606445e+01
   3.6410800e+06   1.4282227e+01
   3.6411960e+06   1.7089844e+01
   3.6412570e+06   3.2409668e+01
   3.6416290e+06   1.3854980e+01
   3.6654090e+06   3.0151367e+01
   3.6655370e+06   2.3376465e+01
   3.6656320e+06   1.7333984e+01
   3.6656990e+06   1.3977051e+01
   3.6657810e+06   1.9409180e+01
   3.6659470e+06   1.4526367e+01
   3.6659920e+06   1.4099121e+01
   3.7476100e+06   1.3977051e+01
   3.7476390e+06   2.0141602e+01
   3.7476490e+06   1.9287109e+01
   3.7477250e+06   1.4343262e+01
   3.7478410e+06   1.4770508e+01
   3.7479480e+06   2.3010254e+01
   3.7490680e+06   3.0395508e+01
   3.7490940e+06   2.3559570e+01
   3.7491720e+06   1.6967773e+01
   3.7492180e+06   1.7456055e+01
   3.7492620e+06   2.4536133e+01
   3.7492860e+06   1.7211914e+01
   3.7493010e+06   2.3803711e+01
   3.7493760e+06   6.4147949e+01
   3.7493980e+06   2.5451660e+01
   3.7494240e+06   2.6733398e+01
   3.7494360e+06   5.4809570e+01
   3.7494800e+06   2.2155762e+01
   3.7495110e+06   1.9287109e+01
   3.7495650e+06   5.7250977e+01
   3.7495790e+06   2.5146484e+01
   3.7496080e+06   1.5319824e+01
   3.7496720e+06   1.6601562e+01
   3.7496950e+06   2.6123047e+01
   3.7497300e+06   3.9123535e+01
   3.7497480e+06   1.5014648e+01
   3.7762760e+06   1.4526367e+01
   3.7763010e+06   2.1972656e+01
   3.7764630e+06   2.7404785e+01
   3.8124410e+06   1.5014648e+01
   3.8124690e+06   1.4770508e+01
   3.8126510e+06   2.2766113e+01
   3.8127480e+06   1.7089844e+01
   3.8445450e+06   1.6418457e+01
   3.8445560e+06   1.4709473e+01
   3.8446170e+06   2.3681641e+01
   3.8449290e+06   1.4038086e+01
   3.8463090e+06   3.8208008e+01
   3.8463420e+06   1.4892578e+01
   3.8463700e+06   2.8747559e+01
   3.8464290e+06   1.5014648e+01
   3.8464920e+06   1.6845703e+01
   3.8465070e+06   7.8857422e+01
   3.8465640e+06   2.3498535e+01
   3.8465850e+06   3.8757324e+01
   3.8466160e+06   1.4587402e+01
   3.8466290e+06   1.6662598e+01
   3.8466450e+06   2.8564453e+01
   3.8466620e+06   1.9897461e+01
   3.8466830e+06   1.9165039e+01
   3.8467090e+06   4.0161133e+01
   3.8467240e+06   1.5197754e+01
   3.8467430e+06   3.2958984e+01
   3.8467780e+06   1.5502930e+01
   3.8468640e+06   1.8066406e+01
   3.8469160e+06   1.4160156e+01
   3.8470010e+06   1.9836426e+01
   3.8470320e+06   1.6845703e+01
   3.8942020e+06   2.6672363e+01
   3.8942750e+06   1.5563965e+01
   3.9372710e+06   1.4038086e+01
   3.9373290e+06   2.2216797e+01
   3.9373770e+06   1.4587402e+01
   3.9374210e+06   2.1545410e+01
   3.9374800e+06   3.0090332e+01
   3.9393350e+06   3.3264160e+01
   3.9394320e+06   2.1301270e+01
   3.9394780e+06   2.5756836e+01
   3.9395180e+06   1.6845703e+01
   3.9395420e+06   6.3537598e+01
   3.9395600e+06   2.0324707e+01
   3.9395800e+06   1.9226074e+01
   3.9395920e+06   1.6723633e+01
   3.9396160e+06   1.4709473e+01
   3.9396370e+06   5.6335449e+01
   3.9396570e+06   1.9042969e+01
   3.9396840e+06   3.2653809e+01
   3.9397150e+06   2.1301270e+01
   3.9397510e+06   3.3996582e+01
   3.9397620e+06   2.3010254e+01
   3.9398020e+06   2.0385742e+01
   3.9398120e+06   1.5014648e+01
   3.9398550e+06   1.5747070e+01
   3.9398720e+06   2.0080566e+01
   3.9399990e+06   1.5319824e+01
   3.9400570e+06   2.4536133e+01
   3.9401280e+06   2.4719238e+01
   3.9921450e+06   2.9602051e+01
   3.9921730e+06   3.3142090e+01
   3.9922630e+06   6.6711426e+01
   3.9922820e+06   2.8930664e+01
   3.9923030e+06   1.6113281e+01
   3.9923480e+06   4.3029785e+01
   3.9923610e+06   3.9306641e+01
   3.9924050e+06   4.0283203e+01
   3.9924160e+06   2.5268555e+01
   3.9924540e+06   2.5451660e+01
   3.9924690e+06   2.7160645e+01
   3.9925020e+06   2.5268555e+01
   3.9925140e+06   1.6113281e+01
   3.9925270e+06   2.4536133e+01
   3.9925620e+06   2.3376465e+01
   3.9926560e+06   1.5625000e+01
   4.0429740e+06   1.3854980e+01
   4.0433520e+06   1.5747070e+01
   4.0434590e+06   2.4475098e+01
   4.0459020e+06   3.1982422e+01
   4.0460370e+06   6.4636230e+01
   4.0460480e+06   3.1311035e+01
   4.0460810e+06   2.1240234e+01
   4.0461070e+06   2.2033691e+01
   4.0461740e+06   2.2460938e+01
   4.0461850e+06   6.3293457e+01
   4.0462170e+06   1.3916016e+01
   4.0462580e+06   1.8737793e+01
   4.0462810e+06   3.9733887e+01
   4.0463010e+06   4.5898438e+01
   4.0463400e+06   1.6357422e+01
   4.0463900e+06   1.8981934e+01
   4.0465430e+06   2.0629883e+01
   4.0466030e+06   1.4221191e+01
   4.0467770e+06   1.7883301e+01
   4.0670550e+06   3.2043457e+01
   4.0670690e+06   3.2958984e+01
   4.0672420e+06   2.4353027e+01
   4.0672520e+06   2.0690918e+01
   4.0673200e+06   2.8198242e+01
   4.0673440e+06   1.6357422e+01
   4.0673670e+06   1.4953613e+01
   4.0673890e+06   1.4526367e+01
   4.0674010e+06   2.3864746e+01
   4.0674360e+06   1.3854980e+01
   4.0674920e+06   2.0019531e+01
   4.0675220e+06   2.6672363e+01
   4.0675750e+06   2.3071289e+01
   4.0676120e+06   1.5747070e+01
   4.0678000e+06   2.2827148e+01
   4.1105240e+06   1.4160156e+01
   4.1105800e+06   2.3437500e+01
   4.1106870e+06   2.3254395e+01
   4.1108350e+06   2.8259277e+01
   4.1109160e+06   1.3916016e+01
   4.1109730e+06   2.9479980e+01
   4.1111740e+06   1.6540527e+01
   4.1112140e+06   2.5390625e+01
   4.1113590e+06   1.6723633e+01
   4.1114800e+06   2.2338867e+01
   4.1116560e+06   2.6062012e+01
   4.1121560e+06   2.5695801e+01
   4.1349120e+06   6.5490723e+01
   4.1349360e+06   3.0700684e+01
   4.1349650e+06   3.1494141e+01
   4.1350050e+06   2.4475098e+01
   4.1350160e+06   3.1677246e+01
   4.1350430e+06   4.1870117e+01
   4.1350680e+06   1.5380859e+01
   4.1350790e+06   5.2734375e+01
   4.1351020e+06   2.1789551e+01
   4.1351200e+06   1.7578125e+01
   4.1351500e+06   3.9428711e+01
   4.1351770e+06   3.4118652e+01
   4.1352050e+06   2.6550293e+01
   4.1352170e+06   1.5441895e+01
   4.1352290e+06   1.5930176e+01
   4.1352580e+06   2.5512695e+01
   4.1352880e+06   1.7211914e+01
   4.1353480e+06   1.8676758e+01
   4.1354110e+06   3.3203125e+01
   4.1354280e+06   1.8310547e+01
   4.1354590e+06   1.5136719e+01
   4.1355090e+06   1.8371582e+01
   4.1355340e+06   1.7150879e+01
   4.1355470e+06   1.9409180e+01
   4.1355960e+06   1.7395020e+01
   4.1356450e+06   1.8188477e+01
   4.1357090e+06   1.3977051e+01
   4.1358260e+06   2.0629883e+01
   4.1505810e+06   1.5869141e+01
   4.1509660e+06   1.8981934e+01
   4.1511940e+06   1.5197754e+01
   4.1513760e+06   1.6662598e+01
   4.1516110e+06   1.4160156e+01
   4.1517300e+06   1.4404297e+01
   4.1518060e+06   1.5441895e+01
   4.1519070e+06   1.5075684e+01
   4.1519880e+06   2.2766113e+01
   4.1520220e+06   2.7770996e+01
   4.1520760e+06   1.4099121e+01
   4.1521260e+06   2.9479980e+01
   4.1522110e+06   2.1911621e+01
   4.1522360e+06   1.5930176e+01
   4.1522750e+06   2.6550293e+01
   4.1523310e+06   2.6367188e+01
   4.1523420e+06   1.8859863e+01
   4.1523600e+06   1.9531250e+01
   4.1524410e+06   1.4465332e+01
   4.1526430e+06   1.4770508e+01
   4.1527850e+06   1.4404297e+01
   4.1528670e+06   1.5197754e+01
   4.1530360e+06   1.5197754e+01
   4.2372270e+06   1.3916016e+01
   4.3293540e+06   1.4404297e+01
   4.3293930e+06   2.6428223e+01
   4.3294260e+06   1.6113281e+01
   4.3298390e+06   2.5268555e+01
   4.4049020e+06   2.9235840e+01
   4.4049590e+06   7.6232910e+01
   4.4049710e+06   1.4953613e+01
   4.4050210e+06   1.4648438e+01
   4.4050320e+06   1.5136719e+01
   4.4050450e+06   4.9194336e+01
   4.4050790e+06   3.1738281e+01
   4.4051020e+06   3.5217285e+01
   4.4051210e+06   3.0517578e+01
   4.4051390e+06   1.5625000e+01
   4.4051490e+06   2.5573730e+01
   4.4051930e+06   1.7700195e+01
   4.4052240e+06   1.6235352e+01
   4.4052450e+06   1.8249512e+01
   4.4052710e+06   1.6540527e+01
   4.4053150e+06   2.0507812e+01
   4.4053280e+06   1.5563965e+01
   4.4053740e+06   1.5869141e+01
   4.4054250e+06   1.6906738e+01
   4.4055280e+06   1.9775391e+01
   4.4056430e+06   1.9531250e+01
   4.4196080e+06   1.5625000e+01
   4.4199960e+06   1.5197754e+01
   4.4201090e+06   1.8615723e+01
   4.4201910e+06   1.4282227e+01
   4.4202280e+06   3.0639648e+01
   4.4202620e+06   1.4282227e+01
   4.4206810e+06   1.4526367e+01
   4.4325330e+06   1.5136719e+01
   4.4326600e+06   1.4099121e+01
   4.4929680e+06   4.0710449e+01
   4.4930010e+06   1.8127441e+01
   4.4930560e+06   1.3916016e+01
   4.4930790e+06   2.9907227e+01
   4.4931060e+06   1.4587402e+01
   4.4931620e+06   1.6052246e+01
   4.4932280e+06   3.1311035e+01
   4.4933460e+06   1.5014648e+01
   4.4933630e+06   2.0629883e+01
   4.4934140e+06   6.7016602e+01
   4.4934850e+06   2.2399902e+01
   4.4934980e+06   5.5603027e+01
   4.4935370e+06   1.5502930e+01
   4.4935920e+06   1.5136719e+01
   4.4936350e+06   1.6052246e+01
   4.4937900e+06   1.4282227e+01
   4.4941540e+06   1.5441895e+01
   4.4942040e+06   1.9042969e+01
   4.4942250e+06   1.7639160e+01
   4.4942420e+06   1.6235352e+01
   4.4942690e+06   1.6967773e+01
   4.4943030e+06   1.4221191e+01
   4.4943360e+06   1.8737793e+01
   4.4943480e+06   1.4953613e+01
   4.4943950e+06   1.8615723e+01
   4.4944900e+06   1.4465332e+01
   4.4950540e+06   1.4709473e+01
   4.5133060e+06   1.4648438e+01
   4.5135140e+06   1.4953613e+01
   4.5135550e+06   3.7170410e+01
   4.5137960e+06   2.4108887e+01
   4.5144110e+06   1.4221191e+01
   4.6045260e+06   1.5014648e+01
   4.6046610e+06   1.5991211e+01
   4.6598950e+06   1.4587402e+01
   4.6885370e+06   2.0568848e+01
   4.6885500e+06   3.0090332e+01
   4.6885710e+06   1.6784668e+01
   4.6886980e+06   2.8320312e+01
   4.6888100e+06   1.4404297e+01
   4.6888720e+06   1.4404297e+01
   4.6898810e+06   3.1127930e+01
   4.6900430e+06   2.7343750e+01
   4.6902020e+06   2.3925781e+01
   4.6902810e+06   1.6235352e+01
   4.6903160e+06   1.8188477e+01
   4.6903890e+06   1.6357422e+01
   4.6904240e+06   1.3854980e+01
   4.6904860e+06   2.0629883e+01
   4.6905040e+06   1.3916016e+01
   4.6906410e+06   1.4953613e+01
   4.6907270e+06   2.2766113e+01
   4.6907440e+06   1.4831543e+01
   4.7122480e+06   2.7221680e+01
   4.7122630e+06   1.9287109e+01
   4.7123610e+06   3.1616211e+01
   4.7358610e+06   1.8798828e+01
   4.7359210e+06   1.6479492e+01
   4.7359550e+06   1.7028809e+01
   4.7765010e+06   1.4221191e+01
   4.7765340e+06   1.4587402e+01
   4.7765710e+06   2.6611328e+01
   4.7767150e+06   1.3916016e+01
   4.7776010e+06   3.0578613e+01
   4.7776610e+06   6.5429688e+01
   4.7776780e+06   3.8085938e+01
   4.7776930e+06   6.7199707e+01
   4.7777180e+06   4.4860840e+01
   4.7777550e+06   5.8105469e+01
   4.7777790e+06   3.7963867e+01
   4.7777970e+06   4.0649414e+01
   4.7778170e+06   3.1616211e+01
   4.7778290e+06   1.7211914e+01
   4.7778500e+06   2.5268555e+01
   4.7778660e+06   2.3925781e+01
   4.7779110e+06   1.8005371e+01
   4.7779290e+06   1.4221191e+01
   4.7779560e+06   2.4291992e+01
   4.7779930e+06   1.7639160e+01
   4.7780060e+06   1.5808105e+01
   4.7780870e+06   1.3977051e+01
   4.7781260e+06   1.4770508e+01
   4.7923280e+06   1.5686035e+01
   4.7924260e+06   1.3916016e+01
   4.7925510e+06   1.5258789e+01
   4.7926160e+06   1.7333984e+01
   4.7926460e+06   1.4099121e+01
   4.7928680e+06   2.1972656e+01
   4.7930130e+06   1.5441895e+01
   4.7930760e+06   1.8188477e+01
   4.7935230e+06   1.4953613e+01
   4.7939630e+06   1.4587402e+01
   4.8002640e+06   1.4648438e+01
   4.8004370e+06   1.3916016e+01
   4.8005660e+06   1.3916016e+01
   4.8006420e+06   2.4108887e+01
   4.8006730e+06   1.4465332e+01
   4.8008660e+06   3.8635254e+01
   4.8009100e+06   1.6174316e+01
   4.8009210e+06   1.8798828e+01
   4.8009510e+06   1.5258789e+01
   4.8010000e+06   6.2988281e+01
   4.8010260e+06   2.8320312e+01
   4.8010480e+06   1.7517090e+01
   4.8011010e+06   5.2429199e+01
   4.8011110e+06   4.8156738e+01
   4.8011500e+06   4.1503906e+01
   4.8011620e+06   1.5014648e+01
   4.8011860e+06   2.6794434e+01
   4.8012120e+06   1.4831543e+01
   4.8012320e+06   3.7719727e+01
   4.8012490e+06   1.6784668e+01
   4.8012860e+06   2.8503418e+01
   4.8013170e+06   3.7902832e+01
   4.8013410e+06   1.4465332e+01
   4.8013700e+06   1.8371582e+01
   4.8014280e+06   1.5930176e+01
   4.8014570e+06   1.9958496e+01
   4.8015880e+06   1.4770508e+01
   4.8231020e+06   3.6499023e+01
   4.9024420e+06   2.3986816e+01
   4.9024920e+06   1.8310547e+01
   4.9025760e+06   2.7282715e+01
   4.9026770e+06   1.4953613e+01
   4.9027010e+06   2.1850586e+01
   4.9027660e+06   3.1250000e+01
   4.9473440e+06   1.5625000e+01
   4.9474090e+06   2.9235840e+01
   4.9474200e+06   1.3977051e+01
   5.0350150e+06   2.7954102e+01
   5.0350700e+06   2.9541016e+01
   5.0351020e+06   2.1240234e+01
   5.0351320e+06   1.4404297e+01
   5.0351450e+06   2.9602051e+01
   5.0351830e+06   1.9714355e+01
   5.0352350e+06   1.8066406e+01
   5.0358590e+06   3.3447266e+01
   5.0359960e+06   3.5949707e+01
   5.0361190e+06   2.2705078e+01
   5.0362810e+06   2.5695801e+01
   5.0364880e+06   2.3986816e+01
   5.0366760e+06   2.0568848e+01
   5.0367860e+06   1.4709473e+01
   5.1377220e+06   2.5024414e+01
   5.1377980e+06   1.5136719e+01
   5.1378730e+06   1.4038086e+01
   5.1380680e+06   1.3916016e+01
   5.1394870e+06   3.1494141e+01
   5.1394970e+06   1.5869141e+01
   5.1395490e+06   2.7709961e+01
   5.1395780e+06   2.9357910e+01
   5.1396730e+06   1.6723633e+01
   5.1396830e+06   2.9357910e+01
   5.1397160e+06   5.5603027e+01
   5.1397370e+06   2.0507812e+01
   5.1397940e+06   3.0090332e+01
   5.1398150e+06   1.6357422e+01
   5.1398430e+06   3.7170410e+01
   5.1398550e+06   1.9104004e+01
   5.1398760e+06   2.3742676e+01
   5.1399220e+06   3.8818359e+01
   5.1399490e+06   1.4465332e+01
   5.1399650e+06   2.9846191e+01
   5.1399960e+06   1.7456055e+01
   5.1400260e+06   1.7272949e+01
   5.1401480e+06   1.8615723e+01
   5.1403330e+06   1.4465332e+01
   5.1828600e+06   3.6376953e+01
   5.2092140e+06   2.1789551e+01
   5.2092860e+06   1.4160156e+01
   5.2093720e+06   2.4658203e+01
   5.2094140e+06   1.7517090e+01
   5.2100540e+06   2.7832031e+01
   5.2101280e+06   1.4526367e+01
   5.2101870e+06   2.6977539e+01
   5.2102560e+06   1.5258789e+01
   5.2103470e+06   2.0019531e+01
   5.2103940e+06   1.4282227e+01
   5.2104890e+06   1.6174316e+01
   5.2105630e+06   1.8066406e+01
   5.2107070e+06   2.8259277e+01
   5.2109950e+06   2.5390625e+01
   5.2346590e+06   3.0151367e+01
   5.2348980e+06   3.1066895e+01
   5.2350390e+06   1.4770508e+01
   5.2350610e+06   2.9174805e+01
   5.2351930e+06   1.4648438e+01
   5.2352440e+06   2.0446777e+01
   5.2352730e+06   1.4099121e+01
   5.2353260e+06   1.6540527e+01
   5.2354250e+06   2.3864746e+01
   5.2355950e+06   1.9165039e+01
   5.2356070e+06   1.8310547e+01
   5.2359060e+06   1.5930176e+01
   5.2528110e+06   1.4892578e+01
   5.2664950e+06   1.5380859e+01
   5.3142360e+06   3.1921387e+01
   5.3143220e+06   1.4587402e+01
   5.3145270e+06   2.0324707e+01
   5.3146090e+06   2.7648926e+01
   5.3146530e+06   1.5197754e+01
   5.3146900e+06   3.3752441e+01
   5.3147090e+06   6.1035156e+01
   5.3147400e+06   1.7395020e+01
   5.3147710e+06   2.4291992e+01
   5.3147830e+06   1.6845703e+01
   5.3148000e+06   5.1757813e+01
   5.3148340e+06   3.7536621e+01
   5.3148560e+06   1.6174316e+01
   5.3148790e+06   1.6723633e+01
   5.3148930e+06   1.6296387e+01
   5.3149890e+06   1.7883301e+01
   5.3150110e+06   5.4138184e+01
   5.3150440e+06   2.7893066e+01
   5.3151080e+06   1.4160156e+01
   5.3152100e+06   1.4953613e+01
   5.3152500e+06   2.8198242e+01
   5.3506590e+06   2.8747559e+01
   5.3509500e+06   1.4892578e+01
   5.3512160e+06   3.1188965e+01
   5.3513570e+06   1.5441895e+01
   5.3514950e+06   3.1677246e+01
   5.3516820e+06   2.1911621e+01
   5.3518450e+06   2.6977539e+01
   5.3521010e+06   2.3498535e+01
   5.3522550e+06   2.2705078e+01
   5.3523620e+06   1.4221191e+01
   5.3525910e+06   2.1911621e+01
   5.3528640e+06   2.5817871e+01
   5.3530800e+06   1.4099121e+01
   5.3531270e+06   1.4221191e+01
   5.4129010e+06   1.3977051e+01
   5.4129400e+06   1.5808105e+01
   5.4129560e+06   2.2338867e+01
   5.4130720e+06   1.4404297e+01
   5.4135390e+06   3.2531738e+01
   5.4136270e+06   1.4465332e+01
   5.4136570e+06   2.3132324e+01
   5.4136700e+06   1.4099121e+01
   5.4138120e+06   1.6967773e+01
   5.4139930e+06   2.1911621e+01
   5.4140280e+06   1.5319824e+01
   5.4140450e+06   1.5197754e+01
   5.4141170e+06   1.6235352e+01
   5.4143550e+06   2.1850586e+01
   5.4144720e+06   1.4160156e+01
   5.4145680e+06   2.8564453e+01
   5.4145810e+06   2.2399902e+01
   5.4147600e+06   1.4343262e+01
   5.4597150e+06   1.4160156e+01
   5.4605650e+06   3.1982422e+01
   5.4606970e+06   2.8625488e+01
   5.4607480e+06   1.7089844e+01
   5.4608280e+06   2.1667480e+01
   5.4610020e+06   2.2766113e+01
   5.4611860e+06   2.4475098e+01
   5.4612050e+06   1.5380859e+01
   5.4613700e+06   2.3315430e+01
   5.4615080e+06   1.6296387e+01
   5.4615220e+06   1.5197754e+01
   5.4615560e+06   1.5441895e+01
   5.4617410e+06   1.3854980e+01
   5.4621410e+06   1.3916016e+01
   5.4854600e+06   1.4648438e+01
   5.4854760e+06   1.5625000e+01
   5.4856030e+06   3.3691406e+01
   5.4858640e+06   2.8564453e+01
   5.4861110e+06   1.7822266e+01
   5.4861300e+06   1.4343262e+01
   5.4863550e+06   2.8381348e+01
   5.4865650e+06   3.0334473e+01
   5.4866350e+06   1.5075684e+01
   5.4867660e+06   1.6845703e+01
   5.4868520e+06   1.9042969e+01
   5.4870350e+06   1.6357422e+01
   5.4871120e+06   2.5512695e+01
   5.5215700e+06   2.8320312e+01
   5.5216480e+06   3.4606934e+01
   5.5218940e+06   2.7099609e+01
   5.5219200e+06   1.3854980e+01
   5.5220990e+06   2.8137207e+01
   5.5225090e+06   2.2338867e+01
   5.5227080e+06   2.8991699e+01
   5.5227180e+06   1.5075684e+01
   5.5229650e+06   1.7761230e+01
   5.5230970e+06   1.7517090e+01
   5.5232550e+06   1.9348145e+01
   5.5660680e+06   3.0456543e+01
   5.5661220e+06   2.7893066e+01
   5.5661940e+06   2.9479980e+01
   5.5662920e+06   1.9531250e+01
   5.5663120e+06   2.8869629e+01
   5.5663260e+06   1.5625000e+01
   5.5664510e+06   1.6784668e+01
   5.5665080e+06   1.6418457e+01
   5.5666890e+06   3.0334473e+01
   5.5667730e+06   1.7089844e+01
   5.5669070e+06   1.5625000e+01
   5.5670950e+06   2.4353027e+01
   5.6301280e+06   2.7709961e+01
   5.6302010e+06   1.7517090e+01
   5.6302110e+06   1.6540527e+01
   5.6302420e+06   1.9470215e+01
   5.6302720e+06   2.0935059e+01
   5.6303340e+06   1.7395020e+01
   5.6304430e+06   1.8676758e+01
   5.6304880e+06   2.7282715e+01
   5.6306450e+06   2.4414062e+01
   5.6310760e+06   2.3437500e+01
   5.6320950e+06   1.4282227e+01
   5.6649280e+06   1.5808105e+01
   5.6653080e+06   3.0334473e+01
   5.6654380e+06   3.0761719e+01
   5.6655370e+06   2.0080566e+01
   5.6655600e+06   2.2216797e+01
   5.6657740e+06   2.2766113e+01
   5.6658300e+06   1.4282227e+01
   5.6659560e+06   1.6418457e+01
   5.6659700e+06   2.4108887e+01
   5.6663450e+06   2.1484375e+01
   5.6663640e+06   1.7333984e+01
   5.6664040e+06   1.6418457e+01
   5.7676550e+06   1.4404297e+01
   5.7676710e+06   3.2409668e+01
   5.7677400e+06   1.5441895e+01
   5.7683880e+06   3.3752441e+01
   5.7686000e+06   2.6428223e+01
   5.7687160e+06   1.5625000e+01
   5.7687460e+06   2.3559570e+01
   5.7688790e+06   2.7099609e+01
   5.7689900e+06   1.9226074e+01
   5.7690390e+06   1.6662598e+01
   5.7690720e+06   2.1179199e+01
   5.7691800e+06   1.4526367e+01
   5.7692720e+06   2.2460938e+01
   5.7696790e+06   1.7150879e+01
   5.8824780e+06   1.4404297e+01
   5.8834670e+06   1.4587402e+01
   5.8835270e+06   2.4841309e+01
   5.8835820e+06   1.6601562e+01
   5.8844370e+06   3.2470703e+01
   5.8845390e+06   2.4475098e+01
   5.8845930e+06   1.4221191e+01
   5.8846370e+06   1.4648438e+01
   5.8847760e+06   2.9113770e+01
   5.8847880e+06   1.7150879e+01
   5.8848300e+06   1.3916016e+01
   5.8849630e+06   2.4536133e+01
   5.9203760e+06   2.1118164e+01
   5.9205630e+06   2.0812988e+01
   5.9205820e+06   1.3916016e+01
   5.9213660e+06   1.4526367e+01
   5.9222350e+06   2.7465820e+01
   5.9223330e+06   2.2277832e+01
   5.9224540e+06   2.1362305e+01
   5.9225050e+06   1.5075684e+01
   5.9227100e+06   1.7028809e+01
   5.9227830e+06   1.7456055e+01
   5.9227970e+06   1.5014648e+01
   5.9229910e+06   2.3986816e+01
   5.9230770e+06   1.5991211e+01
   5.9578090e+06   3.0151367e+01
   5.9578330e+06   1.6967773e+01
   5.9579470e+06   2.6733398e+01
   5.9579670e+06   2.0690918e+01
   5.9579920e+06   2.5085449e+01
   5.9580180e+06   1.6296387e+01
   5.9580300e+06   1.6723633e+01
   5.9580730e+06   6.6833496e+01
   5.9580840e+06   2.6367188e+01
   5.9581240e+06   2.7954102e+01
   5.9581550e+06   5.0476074e+01
   5.9582010e+06   3.3752441e+01
   5.9582260e+06   2.3559570e+01
   5.9582570e+06   2.1240234e+01
   5.9582730e+06   1.4709473e+01
   5.9582920e+06   1.9042969e+01
   5.9583250e+06   1.7395020e+01
   5.9583440e+06   2.8015137e+01
   5.9583730e+06   1.5747070e+01
   5.9584640e+06   2.1667480e+01
   5.9585510e+06   1.4282227e+01
   5.9585830e+06   1.4160156e+01
   5.9586430e+06   1.8615723e+01
   5.9769510e+06   1.5075684e+01
