   5.9990000e+06   0.0000000e+00
   6.1820000e+03   1.5808105e+01
   2.1509000e+04   1.4831543e+01
   2.1603000e+04   1.6479492e+01
   2.1624000e+04   2.4047852e+01
   2.1677000e+04   2.4780273e+01
   2.1694000e+04   1.5747070e+01
   2.1704000e+04   1.8859863e+01
   2.1738000e+04   1.7700195e+01
   2.1793000e+04   1.9958496e+01
   2.1826000e+04   1.6662598e+01
   2.1873000e+04   1.4404297e+01
   2.1891000e+04   2.5146484e+01
   2.1925000e+04   1.5808105e+01
   2.1939000e+04   2.4230957e+01
   2.1955000e+04   1.4770508e+01
   2.1974000e+04   1.9287109e+01
   2.2042000e+04   2.4291992e+01
   2.2055000e+04   1.7822266e+01
   2.2179000e+04   2.7770996e+01
   2.2278000e+04   1.5380859e+01
   2.2336000e+04   2.1667480e+01
   2.2556000e+04   2.4658203e+01
   2.3036000e+04   2.0812988e+01
   2.3716000e+04   2.1057129e+01
   3.5274000e+04   2.3132324e+01
   7.8545000e+04   2.1423340e+01
   7.8566000e+04   1.9592285e+01
   7.8623000e+04   1.6235352e+01
   7.8984000e+04   2.8259277e+01
   9.9964000e+04   1.6357422e+01
   1.2937800e+05   2.0629883e+01
   1.3061700e+05   1.6418457e+01
   1.3064200e+05   1.9042969e+01
   1.3066400e+05   2.0812988e+01
   1.3259100e+05   2.5146484e+01
   1.3284600e+05   2.4719238e+01
   1.3297500e+05   1.4404297e+01
   1.3311200e+05   1.5686035e+01
   1.3317000e+05   1.6845703e+01
   1.3346600e+05   2.0690918e+01
   1.3370100e+05   1.6479492e+01
   1.3413700e+05   1.9470215e+01
   1.3481800e+05   2.2216797e+01
   1.4509400e+05   1.4831543e+01
   1.7270300e+05   1.7639160e+01
   1.8400300e+05   1.4160156e+01
   1.8409400e+05   1.4892578e+01
   2.1370300e+05   1.8554688e+01
   2.1854700e+05   1.5869141e+01
   2.3868700e+05   1.6784668e+01
   2.4048400e+05   2.4353027e+01
   2.4058300e+05   1.5686035e+01
   2.4258100e+05   2.6489258e+01
   2.8265000e+05   1.5502930e+01
   2.8577400e+05   1.5869141e+01
   2.8590800e+05   1.4526367e+01
   2.8593400e+05   1.8676758e+01
   2.8656500e+05   2.3559570e+01
   2.8781900e+05   1.6906738e+01
   2.8797500e+05   1.9348145e+01
   2.8803300e+05   1.7395020e+01
   2.8804500e+05   1.8432617e+01
   2.8821100e+05   1.5014648e+01
   2.8844200e+05   2.0141602e+01
   2.8854800e+05   1.9836426e+01
   2.8869700e+05   1.6418457e+01
   2.8884700e+05   1.7700195e+01
   2.8906300e+05   1.7944336e+01
   2.8951500e+05   1.7639160e+01
   3.2342100e+05   1.8920898e+01
   3.2384700e+05   2.3315430e+01
   3.2450600e+05   2.1240234e+01
   3.2626200e+05   2.5695801e+01
   3.4719600e+05   1.5075684e+01
   3.4721400e+05   1.5747070e+01
   3.4723100e+05   1.4648438e+01
   3.4796500e+05   1.5625000e+01
   3.4799100e+05   1.4953613e+01
   3.4800500e+05   1.8920898e+01
   3.4806200e+05   1.6723633e+01
   3.4809200e+05   2.0080566e+01
   3.4810700e+05   1.7395020e+01
   3.4813000e+05   2.2216797e+01
   3.4815000e+05   1.9348145e+01
   3.4820200e+05   1.4221191e+01
   3.4829100e+05   1.6967773e+01
   3.4832900e+05   3.9428711e+01
   3.4842500e+05   2.2705078e+01
   3.4847000e+05   1.7578125e+01
   3.4852200e+05   2.6062012e+01
   3.4854500e+05   1.4892578e+01
   3.4857600e+05   1.4709473e+01
   3.4878700e+05   2.3254395e+01
   3.4900800e+05   2.6611328e+01
   3.4931500e+05   2.2521973e+01
   3.5003400e+05   2.1057129e+01
   3.7567700e+05   1.8493652e+01
   3.9262800e+05   2.6367187e+01
   4.0491900e+05   1.6723633e+01
   4.3405200e+05   1.5991211e+01
   4.3406800e+05   1.4953613e+01
   4.3437500e+05   1.4404297e+01
   4.3657000e+05   2.5329590e+01
   4.3667700e+05   2.3071289e+01
   4.3672100e+05   2.1667480e+01
   4.3685900e+05   1.8859863e+01
   4.3691300e+05   2.0019531e+01
   4.3695300e+05   2.1423340e+01
   4.3697000e+05   2.3376465e+01
   4.3701200e+05   1.6723633e+01
   4.3712300e+05   1.9714355e+01
   4.3714000e+05   1.4038086e+01
   4.3715300e+05   2.5390625e+01
   4.3727600e+05   1.5747070e+01
   4.3738000e+05   1.6052246e+01
   4.3742400e+05   2.8015137e+01
   4.3770000e+05   2.3437500e+01
   4.5689100e+05   1.4892578e+01
   4.5700400e+05   1.6540527e+01
   4.5705200e+05   1.4587402e+01
   4.9095700e+05   1.5136719e+01
   4.9105600e+05   2.1728516e+01
   4.9109900e+05   1.4892578e+01
   4.9111500e+05   2.4780273e+01
   4.9117000e+05   2.4780273e+01
   4.9118000e+05   1.6235352e+01
   4.9134900e+05   1.9287109e+01
   4.9136000e+05   1.6174316e+01
   4.9141800e+05   1.5197754e+01
   4.9154800e+05   2.4963379e+01
   5.1859900e+05   3.0395508e+01
   5.2620600e+05   2.5573730e+01
   5.3340100e+05   2.5146484e+01
   5.4884800e+05   1.4099121e+01
   5.4888400e+05   1.4953613e+01
   5.4890400e+05   1.4099121e+01
   5.8207100e+05   1.7700195e+01
   5.8215300e+05   2.0080566e+01
   5.8283400e+05   1.5869141e+01
   5.8292100e+05   1.4953613e+01
   5.8295400e+05   2.0812988e+01
   5.8301100e+05   1.4526367e+01
   5.8309000e+05   1.4343262e+01
   5.9119900e+05   3.1127930e+01
   6.0130900e+05   1.4099121e+01
   6.0137500e+05   1.5869141e+01
   6.3891600e+05   3.0334473e+01
   6.4030900e+05   1.4465332e+01
   6.4032900e+05   1.8920898e+01
   6.4037700e+05   1.9531250e+01
   6.4042100e+05   1.4160156e+01
   6.4058000e+05   1.4221191e+01
   6.4573700e+05   2.9357910e+01
   6.4742100e+05   1.4648438e+01
   6.5715600e+05   1.6479492e+01
   6.5734100e+05   1.9348145e+01
   6.5756300e+05   2.4597168e+01
   6.5758500e+05   2.8747559e+01
   6.5762700e+05   1.7211914e+01
   6.5764700e+05   1.5930176e+01
   6.5767800e+05   1.5136719e+01
   6.5768800e+05   1.8310547e+01
   6.5770600e+05   2.2827148e+01
   6.5773500e+05   2.2583008e+01
   6.5775200e+05   1.8981934e+01
   6.5778400e+05   1.6235352e+01
   6.5779500e+05   1.9714355e+01
   6.5784600e+05   2.6000977e+01
   6.5786300e+05   1.4892578e+01
   6.5789900e+05   2.1667480e+01
   6.5791700e+05   2.2155762e+01
   6.5793400e+05   1.7700195e+01
   6.5795600e+05   2.0263672e+01
   6.5796900e+05   1.8493652e+01
   6.5798800e+05   2.3742676e+01
   6.5800500e+05   2.1911621e+01
   6.5801900e+05   1.9958496e+01
   6.5808500e+05   3.0883789e+01
   6.5810400e+05   2.1789551e+01
   6.5812800e+05   1.4404297e+01
   6.5813800e+05   2.8503418e+01
   6.5816700e+05   1.5869141e+01
   6.5821900e+05   3.4423828e+01
   6.5823000e+05   3.1494141e+01
   6.5827500e+05   1.4587402e+01
   6.5831800e+05   1.5014648e+01
   6.5837200e+05   2.0568848e+01
   6.5838500e+05   2.1118164e+01
   6.5844600e+05   1.8432617e+01
   6.5849300e+05   1.5258789e+01
   6.5856100e+05   1.7028809e+01
   6.5859100e+05   1.8676758e+01
   6.5862100e+05   1.9531250e+01
   6.5879800e+05   1.4282227e+01
   6.5895700e+05   2.2460938e+01
   6.5900800e+05   2.2583008e+01
   6.5912700e+05   1.9165039e+01
   6.5923700e+05   1.9165039e+01
   6.5930900e+05   2.0019531e+01
   6.5948700e+05   1.9470215e+01
   6.5956800e+05   1.9287109e+01
   6.5972200e+05   2.0202637e+01
   6.5988900e+05   2.0385742e+01
   6.6018400e+05   2.0874023e+01
   6.6052500e+05   1.6723633e+01
   6.6084500e+05   1.9409180e+01
   6.6118800e+05   2.1118164e+01
   6.6159600e+05   2.0751953e+01
   6.6203700e+05   1.9348145e+01
   6.6265100e+05   2.1118164e+01
   6.7484200e+05   1.5930176e+01
   6.7658300e+05   1.7883301e+01
   6.7668300e+05   1.5991211e+01
   6.7670400e+05   1.4648438e+01
   6.7686700e+05   2.3071289e+01
   6.7690000e+05   1.7028809e+01
   6.7726000e+05   1.4709473e+01
   6.7731700e+05   1.4770508e+01
   6.7740300e+05   2.2705078e+01
   6.7775700e+05   2.1179199e+01
   6.7794500e+05   1.4221191e+01
   6.7922400e+05   1.7211914e+01
   6.7928700e+05   1.6479492e+01
   6.7962400e+05   2.3132324e+01
   7.0081800e+05   1.7028809e+01
   7.1916000e+05   1.4648438e+01
   7.5162300e+05   1.5258789e+01
   7.5233700e+05   1.8188477e+01
   7.6172000e+05   1.8737793e+01
   7.6174200e+05   1.6418457e+01
   7.6179600e+05   1.4831543e+01
   7.6181600e+05   1.8493652e+01
   7.6183200e+05   2.8015137e+01
   7.6186100e+05   3.1127930e+01
   7.6188300e+05   1.5991211e+01
   7.6190900e+05   2.2766113e+01
   7.6192300e+05   3.1127930e+01
   7.6195900e+05   5.4809570e+01
   7.6197000e+05   3.3630371e+01
   7.6198200e+05   2.5817871e+01
   7.6201000e+05   1.6174316e+01
   7.6203800e+05   2.4475098e+01
   7.6205300e+05   1.4465332e+01
   7.6206400e+05   2.3498535e+01
   7.6208100e+05   2.3132324e+01
   7.6210300e+05   2.5207520e+01
   7.6213600e+05   1.7272949e+01
   7.6215200e+05   1.5136719e+01
   7.6218600e+05   2.5390625e+01
   7.6220400e+05   1.8554688e+01
   7.6222900e+05   1.6479492e+01
   7.6225800e+05   1.5075684e+01
   7.6228500e+05   1.8615723e+01
   7.6232100e+05   2.2033691e+01
   7.6241100e+05   1.4160156e+01
   7.6244600e+05   2.5329590e+01
   7.6248400e+05   1.4160156e+01
   7.6251000e+05   1.6601562e+01
   7.6257600e+05   1.4221191e+01
   7.6258900e+05   1.5136719e+01
   7.6262200e+05   2.2277832e+01
   7.6276100e+05   1.5197754e+01
   7.6284300e+05   2.1972656e+01
   7.6287700e+05   1.9165039e+01
   7.6298200e+05   1.4099121e+01
   7.6308200e+05   2.0446777e+01
   7.6316900e+05   2.2644043e+01
   7.6330600e+05   1.4343262e+01
   7.6344100e+05   1.9836426e+01
   7.6348100e+05   1.6296387e+01
   7.6360800e+05   1.7456055e+01
   7.6368700e+05   2.2094727e+01
   7.6383700e+05   1.4770508e+01
   7.6392200e+05   2.3803711e+01
   7.6421800e+05   1.7822266e+01
   7.6453400e+05   2.0690918e+01
   7.6488900e+05   2.1118164e+01
   7.6520900e+05   2.1118164e+01
   7.6568500e+05   2.0629883e+01
   7.6601400e+05   2.0141602e+01
   7.6638500e+05   2.2277832e+01
   7.6699800e+05   2.0751953e+01
   7.6734000e+05   1.7883301e+01
   7.6762800e+05   2.2216797e+01
   7.6803300e+05   1.9287109e+01
   7.6849400e+05   1.8676758e+01
   7.6889500e+05   1.5014648e+01
   7.6956600e+05   1.9531250e+01
   7.7017200e+05   1.8127441e+01
   7.7055700e+05   1.7517090e+01
   7.7100200e+05   1.8371582e+01
   7.7197300e+05   1.7028809e+01
   7.7255600e+05   1.9470215e+01
   7.7302300e+05   2.1606445e+01
   7.7355800e+05   1.8554688e+01
   7.7406800e+05   1.9348145e+01
   7.7721600e+05   2.1972656e+01
   7.7809800e+05   1.9958496e+01
   8.5595300e+05   1.4953613e+01
   8.6890400e+05   1.6357422e+01
   9.8116200e+05   1.8981934e+01
   1.0521820e+06   2.0202637e+01
   1.0661080e+06   2.7221680e+01
   1.0806200e+06   2.7526855e+01
   1.0816150e+06   2.6550293e+01
   1.0833720e+06   2.6062012e+01
   1.0880000e+06   1.4221191e+01
   1.0910390e+06   2.2888184e+01
   1.1002530e+06   1.4526367e+01
   1.1002650e+06   1.5930176e+01
   1.1648530e+06   1.8981934e+01
   1.1658510e+06   1.5197754e+01
   1.1910310e+06   2.6428223e+01
   1.1960890e+06   2.8564453e+01
   1.1997470e+06   2.5024414e+01
   1.2024780e+06   2.6000977e+01
   1.2261570e+06   2.4230957e+01
   1.2418750e+06   2.2827148e+01
   1.2426770e+06   2.3925781e+01
   1.2452650e+06   1.6357422e+01
   1.2453210e+06   1.8371582e+01
   1.2480780e+06   1.4099121e+01
   1.2568370e+06   1.5991211e+01
   1.2568470e+06   2.6550293e+01
   1.2568680e+06   1.6784668e+01
   1.2568960e+06   1.5380859e+01
   1.2569080e+06   2.3681641e+01
   1.2569510e+06   1.7028809e+01
   1.2569720e+06   2.4841309e+01
   1.2570360e+06   1.7333984e+01
   1.2570710e+06   1.6357422e+01
   1.2570840e+06   1.7395020e+01
   1.2571520e+06   1.8310547e+01
   1.2572620e+06   1.7578125e+01
   1.2573160e+06   2.4475098e+01
   1.2574790e+06   1.4282227e+01
   1.2575720e+06   2.0568848e+01
   1.2575910e+06   1.5197754e+01
   1.2576930e+06   2.1606445e+01
   1.2579330e+06   2.4841309e+01
   1.2580970e+06   1.6357422e+01
   1.2582770e+06   1.8066406e+01
   1.2586340e+06   2.0446777e+01
   1.2591830e+06   1.5441895e+01
   1.2599110e+06   2.2644043e+01
   1.3121750e+06   1.4465332e+01
   1.3127860e+06   2.2155762e+01
   1.3128310e+06   1.5625000e+01
   1.3130180e+06   2.1850586e+01
   1.3132350e+06   1.6601562e+01
   1.3135590e+06   1.5991211e+01
   1.3136500e+06   1.4160156e+01
   1.3136920e+06   1.7089844e+01
   1.3137990e+06   2.6428223e+01
   1.3138240e+06   1.5930176e+01
   1.3143160e+06   1.9714355e+01
   1.3143820e+06   1.4892578e+01
   1.3147060e+06   1.6418457e+01
   1.3152050e+06   1.8554688e+01
   1.3157630e+06   1.4831543e+01
   1.3250880e+06   2.3864746e+01
   1.3448080e+06   2.0080566e+01
   1.4442730e+06   1.4709473e+01
   1.4443140e+06   1.4160156e+01
   1.4446070e+06   1.4770508e+01
   1.4448570e+06   1.6418457e+01
   1.5025120e+06   1.9592285e+01
   1.5025420e+06   1.7822266e+01
   1.5026130e+06   1.5319824e+01
   1.5026240e+06   1.9531250e+01
   1.5026600e+06   1.4709473e+01
   1.5027130e+06   1.9042969e+01
   1.5027330e+06   2.4780273e+01
   1.5029480e+06   2.6611328e+01
   1.5029650e+06   1.5441895e+01
   1.5031010e+06   2.0996094e+01
   1.5031830e+06   2.1423340e+01
   1.5033770e+06   2.8625488e+01
   1.5037030e+06   2.3681641e+01
   1.5318930e+06   1.4709473e+01
   1.5322050e+06   1.5075684e+01
   1.5324250e+06   1.4221191e+01
   1.5324570e+06   1.5441895e+01
   1.5324880e+06   1.5808105e+01
   1.5325270e+06   1.7211914e+01
   1.5325480e+06   1.4587402e+01
   1.5325640e+06   2.2033691e+01
   1.5325870e+06   1.4160156e+01
   1.5326050e+06   1.6601562e+01
   1.5326730e+06   2.3010254e+01
   1.5327070e+06   2.0324707e+01
   1.5327170e+06   1.8249512e+01
   1.5327530e+06   1.7639160e+01
   1.5328040e+06   1.9592285e+01
   1.5328200e+06   1.5747070e+01
   1.5328320e+06   2.5817871e+01
   1.5328700e+06   3.2775879e+01
   1.5328800e+06   1.4160156e+01
   1.5328970e+06   1.4709473e+01
   1.5329380e+06   1.5319824e+01
   1.5329560e+06   1.4709473e+01
   1.5329950e+06   2.0629883e+01
   1.5330360e+06   1.5991211e+01
   1.5330750e+06   1.6601562e+01
   1.5330910e+06   1.4648438e+01
   1.5331070e+06   1.4160156e+01
   1.5331280e+06   2.0751953e+01
   1.5332720e+06   1.6723633e+01
   1.5334690e+06   2.0568848e+01
   1.5336930e+06   1.9226074e+01
   1.5339470e+06   2.0629883e+01
   1.5342810e+06   2.1545410e+01
   1.5346700e+06   2.1240234e+01
   1.5351720e+06   2.0324707e+01
   1.5354430e+06   1.5502930e+01
   1.5355940e+06   1.6540527e+01
   1.5377070e+06   2.3315430e+01
   1.5483160e+06   1.6113281e+01
   1.5574650e+06   1.4526367e+01
   1.5582370e+06   2.3071289e+01
   1.5585380e+06   2.4230957e+01
   1.5593830e+06   2.0141602e+01
   1.5594190e+06   2.9724121e+01
   1.5594490e+06   2.0935059e+01
   1.5594660e+06   1.9958496e+01
   1.5594930e+06   3.4729004e+01
   1.5595150e+06   1.9470215e+01
   1.5595300e+06   1.6296387e+01
   1.5595490e+06   1.5808105e+01
   1.5595690e+06   1.9897461e+01
   1.5596060e+06   2.6794434e+01
   1.5596250e+06   2.6000977e+01
   1.5596380e+06   2.4414063e+01
   1.5596530e+06   3.1677246e+01
   1.5596970e+06   1.7517090e+01
   1.5597160e+06   1.6296387e+01
   1.5597270e+06   1.9653320e+01
   1.5597600e+06   2.7954102e+01
   1.5597860e+06   2.1667480e+01
   1.5598200e+06   1.4221191e+01
   1.5598490e+06   1.4770508e+01
   1.5599510e+06   1.5197754e+01
   1.5600840e+06   1.7883301e+01
   1.5601130e+06   2.5634766e+01
   1.5601540e+06   1.5075684e+01
   1.5602200e+06   2.0629883e+01
   1.5602500e+06   1.4709473e+01
   1.5603060e+06   1.4404297e+01
   1.5603530e+06   1.5380859e+01
   1.5604530e+06   2.3498535e+01
   1.5605050e+06   1.4343262e+01
   1.5606340e+06   1.8249512e+01
   1.5607990e+06   1.5136719e+01
   1.5608260e+06   2.4780273e+01
   1.5611290e+06   1.6235352e+01
   1.5614540e+06   1.7333984e+01
   1.5618220e+06   2.0263672e+01
   1.5622760e+06   1.8737793e+01
   1.5626080e+06   2.1850586e+01
   1.5632450e+06   2.0935059e+01
   1.5637300e+06   1.5686035e+01
   1.5641410e+06   1.9470215e+01
   1.5646450e+06   1.9531250e+01
   1.5652710e+06   2.0874023e+01
   1.5793530e+06   1.4465332e+01
   1.5795470e+06   1.4282227e+01
   1.5798160e+06   1.4343262e+01
   1.5798490e+06   1.4404297e+01
   1.5801510e+06   1.6052246e+01
   1.5801910e+06   1.7211914e+01
   1.5803200e+06   2.0935059e+01
   1.5803630e+06   1.4404297e+01
   1.5803880e+06   1.4587402e+01
   1.5804750e+06   1.7761230e+01
   1.5806660e+06   1.4221191e+01
   1.5806960e+06   1.7761230e+01
   1.5807780e+06   1.4099121e+01
   1.5807890e+06   2.2888184e+01
   1.5808820e+06   1.5136719e+01
   1.5809780e+06   2.7587891e+01
   1.5810920e+06   1.7028809e+01
   1.5811330e+06   1.8737793e+01
   1.5813280e+06   1.4282227e+01
   1.5813880e+06   2.2644043e+01
   1.5814070e+06   1.7883301e+01
   1.5815160e+06   2.7587891e+01
   1.5815590e+06   1.4648438e+01
   1.5817150e+06   1.5014648e+01
   1.5817900e+06   1.6784668e+01
   1.5818200e+06   1.5258789e+01
   1.5818840e+06   1.4343262e+01
   1.5819040e+06   2.3498535e+01
   1.5819960e+06   1.8676758e+01
   1.5820240e+06   1.7150879e+01
   1.5820410e+06   2.0874023e+01
   1.5821240e+06   1.6357422e+01
   1.5821900e+06   2.0507812e+01
   1.5822260e+06   1.4465332e+01
   1.5822620e+06   1.5319824e+01
   1.5822920e+06   2.4902344e+01
   1.5823030e+06   2.2644043e+01
   1.5823180e+06   1.5441895e+01
   1.5823340e+06   1.6784668e+01
   1.5824380e+06   1.6113281e+01
   1.5825090e+06   1.5075684e+01
   1.5826130e+06   1.8676758e+01
   1.5826440e+06   1.8737793e+01
   1.5831650e+06   1.8310547e+01
   1.5832150e+06   2.2155762e+01
   1.5870100e+06   2.1728516e+01
   1.6314900e+06   1.4465332e+01
   1.6373780e+06   1.5686035e+01
   1.6374060e+06   1.7822266e+01
   1.6378720e+06   1.7150879e+01
   1.6379370e+06   1.5563965e+01
   1.6379710e+06   1.8981934e+01
   1.6379930e+06   1.8737793e+01
   1.6380130e+06   1.9775391e+01
   1.6380320e+06   2.2277832e+01
   1.6380550e+06   2.2644043e+01
   1.6380820e+06   1.8798828e+01
   1.6380940e+06   3.2348633e+01
   1.6381250e+06   2.1301270e+01
   1.6381590e+06   2.4597168e+01
   1.6381760e+06   2.6611328e+01
   1.6381890e+06   3.1311035e+01
   1.6382010e+06   1.5258789e+01
   1.6382130e+06   4.7119141e+01
   1.6382280e+06   2.2827148e+01
   1.6382460e+06   2.1728516e+01
   1.6382700e+06   2.1789551e+01
   1.6382880e+06   2.5146484e+01
   1.6383350e+06   1.9226074e+01
   1.6383460e+06   1.9226074e+01
   1.6383900e+06   2.5573730e+01
   1.6384290e+06   1.4221191e+01
   1.6384420e+06   2.1057129e+01
   1.6384770e+06   2.0751953e+01
   1.6385020e+06   1.4709473e+01
   1.6386090e+06   2.8137207e+01
   1.6387230e+06   1.4221191e+01
   1.6389070e+06   2.2155762e+01
   1.6391260e+06   1.5258789e+01
   1.6391630e+06   1.9165039e+01
   1.6393330e+06   1.4282227e+01
   1.6394680e+06   2.0080566e+01
   1.6398360e+06   1.5991211e+01
   1.6401530e+06   2.0874023e+01
   1.6408800e+06   2.2033691e+01
   1.6412530e+06   2.2460938e+01
   1.6415850e+06   1.9165039e+01
   1.6419820e+06   2.0446777e+01
   1.6424370e+06   2.2766113e+01
   1.6430100e+06   1.5441895e+01
   1.6435820e+06   1.8676758e+01
   1.6448500e+06   1.8920898e+01
   1.8014290e+06   1.4160156e+01
   1.8274260e+06   1.9226074e+01
   1.8274870e+06   1.4587402e+01
   1.8276230e+06   1.4831543e+01
   1.8276640e+06   1.4282227e+01
   1.8280200e+06   1.4709473e+01
   1.8289290e+06   1.6601562e+01
   1.8596940e+06   1.7517090e+01
   1.8597240e+06   1.4099121e+01
   1.8598010e+06   2.0935059e+01
   1.9430590e+06   2.1423340e+01
   1.9459630e+06   1.4953613e+01
   1.9830840e+06   1.6113281e+01
   2.0238490e+06   1.4526367e+01
   2.0666380e+06   1.7150879e+01
   2.0692910e+06   1.6845703e+01
   2.0693620e+06   1.4709473e+01
   2.0694610e+06   2.2460937e+01
   2.0694750e+06   1.6723633e+01
   2.0695640e+06   1.6357422e+01
   2.0695750e+06   2.1179199e+01
   2.0696970e+06   1.9775391e+01
   2.0697510e+06   1.6662598e+01
   2.0698540e+06   1.6967773e+01
   2.0698670e+06   1.8493652e+01
   2.0702300e+06   1.7700195e+01
   2.0711110e+06   2.1545410e+01
   2.0720290e+06   2.2338867e+01
   2.1069600e+06   2.8076172e+01
   2.1129330e+06   2.4353027e+01
   2.1743240e+06   1.5014648e+01
   2.1743480e+06   1.4892578e+01
   2.1744110e+06   1.5197754e+01
   2.1754600e+06   1.5930176e+01
   2.1755690e+06   1.7517090e+01
   2.1755840e+06   2.0507812e+01
   2.1757050e+06   1.5258789e+01
   2.1757360e+06   1.4282227e+01
   2.1757710e+06   2.1057129e+01
   2.1759160e+06   1.6540527e+01
   2.1760000e+06   2.3742676e+01
   2.1760890e+06   1.4282227e+01
   2.1761280e+06   1.4221191e+01
   2.1761600e+06   1.4526367e+01
   2.1762210e+06   1.6906738e+01
   2.1764290e+06   2.1728516e+01
   2.1768290e+06   2.2827148e+01
   2.1772820e+06   2.0935059e+01
   2.1789360e+06   2.6489258e+01
   2.1959280e+06   2.5085449e+01
   2.2216360e+06   1.4831543e+01
   2.2216470e+06   1.4831543e+01
   2.2229720e+06   2.0080566e+01
   2.2230600e+06   1.9348145e+01
   2.2232760e+06   1.5869141e+01
   2.2234940e+06   1.9348145e+01
   2.2238810e+06   1.8005371e+01
   2.2244580e+06   1.5625000e+01
   2.2560200e+06   2.6733398e+01
   2.2561120e+06   1.6174316e+01
   2.2561530e+06   1.4404297e+01
   2.2563370e+06   1.8005371e+01
   2.2566330e+06   1.6052246e+01
   2.2567580e+06   1.9897461e+01
   2.2570190e+06   2.0263672e+01
   2.2572470e+06   2.1667480e+01
   2.2577030e+06   1.8127441e+01
   2.2933940e+06   1.5197754e+01
   2.2934870e+06   2.0141602e+01
   2.2935820e+06   1.4526367e+01
   2.2937760e+06   1.7578125e+01
   2.2940290e+06   1.8798828e+01
   2.2944410e+06   1.6296387e+01
   2.2944760e+06   1.5014648e+01
   2.2947510e+06   1.7089844e+01
   2.3588490e+06   1.4465332e+01
   2.3647270e+06   1.4343262e+01
   2.3647930e+06   2.1850586e+01
   2.3648770e+06   1.5808105e+01
   2.3649550e+06   1.5258789e+01
   2.3649920e+06   1.4099121e+01
   2.3650060e+06   1.4404297e+01
   2.3652640e+06   1.5136719e+01
   2.3656010e+06   1.4221191e+01
   2.3657130e+06   1.9348145e+01
   2.3658100e+06   1.4221191e+01
   2.3663560e+06   2.1728516e+01
   2.4206570e+06   1.4526367e+01
   2.4220960e+06   2.1728516e+01
   2.4221570e+06   1.7395020e+01
   2.4222030e+06   1.5014648e+01
   2.4223620e+06   1.9104004e+01
   2.4223750e+06   1.6723633e+01
   2.4225300e+06   1.4282227e+01
   2.4226030e+06   2.1362305e+01
   2.4228320e+06   2.1667480e+01
   2.4233800e+06   1.9042969e+01
   2.4238710e+06   1.8737793e+01
   2.4532760e+06   1.9958496e+01
   2.4543590e+06   1.6845703e+01
   2.4543830e+06   1.9348145e+01
   2.4544430e+06   1.6357422e+01
   2.4544580e+06   1.5319824e+01
   2.4548350e+06   1.4831543e+01
   2.4552120e+06   1.5625000e+01
   2.4556330e+06   1.9226074e+01
   2.4828720e+06   2.3925781e+01
   2.4829740e+06   1.7089844e+01
   2.4829910e+06   1.6601562e+01
   2.4830440e+06   1.5502930e+01
   2.4832370e+06   1.8188477e+01
   2.4834020e+06   1.6845703e+01
   2.4836270e+06   2.0019531e+01
   2.4840830e+06   1.5136719e+01
   2.4841640e+06   1.6723633e+01
   2.5705460e+06   1.5686035e+01
   2.5705970e+06   2.3742676e+01
   2.5706760e+06   1.5441895e+01
   2.5719110e+06   2.5085449e+01
   2.5720390e+06   2.0751953e+01
   2.5722070e+06   1.5930176e+01
   2.5723580e+06   1.4282227e+01
   2.5724150e+06   1.7028809e+01
   2.5727130e+06   1.6174316e+01
   2.5736450e+06   2.1850586e+01
   2.6266170e+06   1.5014648e+01
   2.7304600e+06   1.7089844e+01
   2.7305130e+06   1.4221191e+01
   2.7305640e+06   1.9775391e+01
   2.7522100e+06   1.8493652e+01
   2.8495050e+06   2.1667480e+01
   2.8495180e+06   2.8259277e+01
   2.8508250e+06   1.4587402e+01
   2.8508450e+06   2.7648926e+01
   2.8510170e+06   1.5563965e+01
   2.8510600e+06   1.4953613e+01
   2.8510710e+06   1.4953613e+01
   2.8511090e+06   1.9348145e+01
   2.8512200e+06   1.4404297e+01
   2.8512610e+06   1.4709473e+01
   2.8513340e+06   2.2155762e+01
   2.8516430e+06   2.3437500e+01
   2.8517810e+06   1.5075684e+01
   2.8519800e+06   1.6113281e+01
   2.8524820e+06   2.3071289e+01
   2.8530240e+06   1.7272949e+01
   2.8556010e+06   2.5573730e+01
   2.8803640e+06   1.8676758e+01
   2.9767840e+06   1.5380859e+01
   2.9768070e+06   1.5441895e+01
   3.0312830e+06   2.8015137e+01
   3.0494710e+06   1.9409180e+01
   3.0495770e+06   1.4770508e+01
   3.0495870e+06   2.1118164e+01
   3.0496320e+06   2.0080566e+01
   3.0496600e+06   1.8737793e+01
   3.0496750e+06   2.4353027e+01
   3.0497240e+06   1.8920898e+01
   3.0497420e+06   1.6540527e+01
   3.0497730e+06   2.3315430e+01
   3.0498130e+06   1.5686035e+01
   3.0498390e+06   1.7700195e+01
   3.0498530e+06   3.0517578e+01
   3.0498910e+06   2.8564453e+01
   3.0499090e+06   2.1545410e+01
   3.0499270e+06   2.2888184e+01
   3.0499560e+06   1.7517090e+01
   3.0499710e+06   3.4545898e+01
   3.0500130e+06   1.5380859e+01
   3.0500230e+06   1.9897461e+01
   3.0500590e+06   2.2094727e+01
   3.0500690e+06   2.3559570e+01
   3.0500900e+06   1.7028809e+01
   3.0501130e+06   2.2888184e+01
   3.0501650e+06   1.7028809e+01
   3.0501770e+06   1.7700195e+01
   3.0502260e+06   1.4465332e+01
   3.0502590e+06   1.5197754e+01
   3.0502880e+06   1.5258789e+01
   3.0503190e+06   2.5146484e+01
   3.0503820e+06   1.6052246e+01
   3.0504180e+06   1.4404297e+01
   3.0504390e+06   2.3132324e+01
   3.0506270e+06   1.9714355e+01
   3.0508560e+06   2.4841309e+01
   3.0515630e+06   2.2521973e+01
   3.0518750e+06   2.3498535e+01
   3.0523250e+06   2.2094727e+01
   3.0541240e+06   2.1789551e+01
   3.0632640e+06   2.7038574e+01
   3.0745250e+06   3.0395508e+01
   3.0840390e+06   2.0141602e+01
   3.0846530e+06   1.4587402e+01
   3.0847130e+06   2.4047852e+01
   3.0847580e+06   3.0395508e+01
   3.0847690e+06   1.5319824e+01
   3.0847960e+06   2.1240234e+01
   3.0848110e+06   4.5837402e+01
   3.0848330e+06   1.7822266e+01
   3.0848600e+06   3.0700684e+01
   3.0848820e+06   1.4587402e+01
   3.0848950e+06   2.8198242e+01
   3.0849170e+06   2.3376465e+01
   3.0849340e+06   2.9479980e+01
   3.0849460e+06   1.6601562e+01
   3.0849650e+06   3.3630371e+01
   3.0849930e+06   1.8615723e+01
   3.0850070e+06   1.5319824e+01
   3.0850220e+06   2.6184082e+01
   3.0850510e+06   1.7761230e+01
   3.0850630e+06   2.0202637e+01
   3.0850780e+06   1.4404297e+01
   3.0851010e+06   1.6113281e+01
   3.0851200e+06   2.0446777e+01
   3.0851410e+06   1.8798828e+01
   3.0851930e+06   3.9916992e+01
   3.0853170e+06   3.0761719e+01
   3.0853390e+06   1.6418457e+01
   3.0854190e+06   2.0751953e+01
   3.0854800e+06   2.5512695e+01
   3.0855390e+06   1.8676758e+01
   3.0856350e+06   1.5747070e+01
   3.0857580e+06   3.2897949e+01
   3.0858660e+06   1.5563965e+01
   3.0860020e+06   1.7883301e+01
   3.0861250e+06   1.7150879e+01
   3.0863980e+06   2.5085449e+01
   3.0867190e+06   2.2094727e+01
   3.0869910e+06   2.3376465e+01
   3.0872990e+06   2.3254395e+01
   3.0877480e+06   2.1423340e+01
   3.0880900e+06   1.9775391e+01
   3.0884440e+06   2.1972656e+01
   3.0887680e+06   2.3376465e+01
   3.0892230e+06   2.0690918e+01
   3.1048360e+06   1.5014648e+01
   3.1049920e+06   1.8249512e+01
   3.1052930e+06   1.6662598e+01
   3.2011370e+06   1.4648438e+01
   3.2011810e+06   1.6906738e+01
   3.2811010e+06   1.4953613e+01
   3.2985020e+06   3.2287598e+01
   3.3033810e+06   2.5329590e+01
   3.3463040e+06   1.5197754e+01
   3.3463460e+06   2.3132324e+01
   3.3463790e+06   1.4587402e+01
   3.3467050e+06   1.8615723e+01
   3.3468510e+06   1.6418457e+01
   3.3471430e+06   1.6418457e+01
   3.3473850e+06   1.9287109e+01
   3.3473950e+06   1.4526367e+01
   3.3474660e+06   1.4892578e+01
   3.3475150e+06   1.5136719e+01
   3.3475460e+06   2.5451660e+01
   3.3475720e+06   1.7395020e+01
   3.3475860e+06   2.4719238e+01
   3.3476250e+06   4.1687012e+01
   3.3476510e+06   1.8554688e+01
   3.3476680e+06   1.4831543e+01
   3.3476830e+06   2.7221680e+01
   3.3477010e+06   1.4709473e+01
   3.3477180e+06   1.8188477e+01
   3.3477500e+06   3.0395508e+01
   3.3477680e+06   1.7700195e+01
   3.3477780e+06   1.8493652e+01
   3.3478030e+06   3.2226563e+01
   3.3478160e+06   2.5756836e+01
   3.3478480e+06   5.3894043e+01
   3.3478820e+06   1.4648438e+01
   3.3479000e+06   1.8432617e+01
   3.3479230e+06   3.1433105e+01
   3.3479380e+06   2.0080566e+01
   3.3479580e+06   2.1850586e+01
   3.3479850e+06   1.6479492e+01
   3.3480170e+06   1.8554688e+01
   3.3480410e+06   1.9226074e+01
   3.3480700e+06   1.5869141e+01
   3.3481010e+06   1.6357422e+01
   3.3481240e+06   2.1850586e+01
   3.3481620e+06   2.6245117e+01
   3.3483870e+06   2.2888184e+01
   3.3485590e+06   2.5512695e+01
   3.3488350e+06   2.3681641e+01
   3.3492330e+06   2.1179199e+01
   3.3495290e+06   2.0568848e+01
   3.3497800e+06   1.9897461e+01
   3.3501730e+06   2.1118164e+01
   3.3507650e+06   2.1972656e+01
   3.3518600e+06   2.3925781e+01
   3.3591850e+06   1.4648438e+01
   3.3595520e+06   1.6052246e+01
   3.3888870e+06   1.5625000e+01
   3.3889200e+06   1.6296387e+01
   3.4019860e+06   2.8320312e+01
   3.4194210e+06   1.7089844e+01
   3.4194470e+06   1.7456055e+01
   3.4203000e+06   1.6052246e+01
   3.4203240e+06   1.8005371e+01
   3.4203630e+06   1.5197754e+01
   3.4204240e+06   2.3864746e+01
   3.4204690e+06   2.1545410e+01
   3.4206450e+06   1.7700195e+01
   3.4206740e+06   2.6855469e+01
   3.4206880e+06   2.7526855e+01
   3.4207230e+06   1.4892578e+01
   3.4207540e+06   1.4831543e+01
   3.4207860e+06   1.8371582e+01
   3.4208080e+06   1.8554688e+01
   3.4208260e+06   2.3071289e+01
   3.4208500e+06   1.5502930e+01
   3.4208740e+06   1.7639160e+01
   3.4209100e+06   1.4526367e+01
   3.4209370e+06   2.7954102e+01
   3.4210070e+06   1.6235352e+01
   3.4210320e+06   1.6235352e+01
   3.4210670e+06   1.4160156e+01
   3.4211500e+06   2.1057129e+01
   3.4214560e+06   2.1118164e+01
   3.4218270e+06   2.1545410e+01
   3.4227150e+06   2.6428223e+01
   3.4234320e+06   2.5451660e+01
   3.4907570e+06   1.6235352e+01
   3.4908280e+06   1.7944336e+01
   3.4914530e+06   1.7028809e+01
   3.4919660e+06   1.7333984e+01
   3.4919990e+06   1.7517090e+01
   3.4920200e+06   2.9785156e+01
   3.4920300e+06   1.9470215e+01
   3.4922550e+06   1.7700195e+01
   3.4923130e+06   2.6672363e+01
   3.4926590e+06   2.8015137e+01
   3.5280940e+06   2.7221680e+01
   3.5475190e+06   2.7465820e+01
   3.5536030e+06   1.5197754e+01
   3.5911560e+06   1.9775391e+01
   3.5912150e+06   1.5197754e+01
   3.5917730e+06   1.6845703e+01
   3.6092180e+06   2.5207520e+01
   3.6093060e+06   1.7883301e+01
   3.6093370e+06   1.5319824e+01
   3.6093620e+06   1.4465332e+01
   3.6094730e+06   2.1972656e+01
   3.6095740e+06   2.4291992e+01
   3.6095860e+06   1.8249512e+01
   3.6096510e+06   1.8371582e+01
   3.6096710e+06   2.6428223e+01
   3.6096920e+06   1.9042969e+01
   3.6097150e+06   1.5136719e+01
   3.6097540e+06   3.1616211e+01
   3.6097640e+06   2.8869629e+01
   3.6097840e+06   1.5136719e+01
   3.6097960e+06   2.2888184e+01
   3.6098730e+06   1.5075684e+01
   3.6099160e+06   2.5085449e+01
   3.6099770e+06   2.6977539e+01
   3.6100110e+06   1.4221191e+01
   3.6100280e+06   2.0446777e+01
   3.6100470e+06   2.5085449e+01
   3.6100910e+06   1.5991211e+01
   3.6101030e+06   1.8615723e+01
   3.6101590e+06   1.7456055e+01
   3.6101980e+06   2.7893066e+01
   3.6102230e+06   1.4770508e+01
   3.6103180e+06   2.3925781e+01
   3.6105430e+06   2.8015137e+01
   3.6108000e+06   2.3010254e+01
   3.6111240e+06   2.0141602e+01
   3.6119450e+06   2.3559570e+01
   3.6123460e+06   2.2399902e+01
   3.6366960e+06   1.4343262e+01
   3.6367080e+06   1.6540527e+01
   3.6367910e+06   1.7272949e+01
   3.6400410e+06   1.9226074e+01
   3.6401450e+06   1.9470215e+01
   3.6401810e+06   2.6794434e+01
   3.6402100e+06   1.7150879e+01
   3.6402380e+06   2.2583008e+01
   3.6403840e+06   1.5441895e+01
   3.6403950e+06   1.6357422e+01
   3.6404410e+06   1.5380859e+01
   3.6404860e+06   1.4465332e+01
   3.6405430e+06   3.1311035e+01
   3.6405650e+06   2.1179199e+01
   3.6407040e+06   1.9531250e+01
   3.6407330e+06   1.6357422e+01
   3.6407650e+06   2.6672363e+01
   3.6415430e+06   2.1545410e+01
   3.6655050e+06   1.4587402e+01
   3.6656490e+06   1.4465332e+01
   3.7333270e+06   1.4221191e+01
   3.7476850e+06   1.8249512e+01
   3.7476970e+06   1.4221191e+01
   3.7488970e+06   1.9653320e+01
   3.7489440e+06   1.6723633e+01
   3.7489750e+06   2.6062012e+01
   3.7490080e+06   1.5075684e+01
   3.7490440e+06   1.7456055e+01
   3.7490800e+06   1.7944336e+01
   3.7491590e+06   3.8269043e+01
   3.7491740e+06   1.9714355e+01
   3.7492340e+06   1.4648438e+01
   3.7492560e+06   1.6296387e+01
   3.7492730e+06   2.3132324e+01
   3.7493110e+06   2.5146484e+01
   3.7493350e+06   1.5014648e+01
   3.7494760e+06   2.0019531e+01
   3.7497010e+06   2.1057129e+01
   3.7499720e+06   2.3010254e+01
   3.7504520e+06   2.0751953e+01
   3.7525980e+06   2.6489258e+01
   3.7763670e+06   2.0141602e+01
   3.7763940e+06   1.8737793e+01
   3.8124610e+06   2.7709961e+01
   3.8446970e+06   1.8188477e+01
   3.8457340e+06   1.5380859e+01
   3.8461750e+06   1.9470215e+01
   3.8462000e+06   1.5563965e+01
   3.8462120e+06   1.6235352e+01
   3.8462450e+06   1.5197754e+01
   3.8462570e+06   1.4770508e+01
   3.8462920e+06   1.7028809e+01
   3.8463080e+06   2.7832031e+01
   3.8463730e+06   1.7089844e+01
   3.8464050e+06   2.7648926e+01
   3.8464890e+06   2.1728516e+01
   3.8465260e+06   1.5441895e+01
   3.8466130e+06   1.5930176e+01
   3.8466510e+06   1.5991211e+01
   3.8467770e+06   2.4108887e+01
   3.8470760e+06   2.1789551e+01
   3.8475020e+06   2.2155762e+01
   3.9390840e+06   1.5014648e+01
   3.9391560e+06   1.8371582e+01
   3.9393870e+06   2.7221680e+01
   3.9393980e+06   1.7639160e+01
   3.9394570e+06   1.8981934e+01
   3.9394770e+06   1.5930176e+01
   3.9395160e+06   1.5075684e+01
   3.9395770e+06   1.5380859e+01
   3.9396170e+06   1.7944336e+01
   3.9397040e+06   1.8554688e+01
   3.9398450e+06   2.1728516e+01
   3.9402700e+06   1.9226074e+01
   3.9425680e+06   2.8137207e+01
   3.9919880e+06   1.8005371e+01
   3.9920520e+06   1.5380859e+01
   3.9920660e+06   2.1911621e+01
   3.9920960e+06   1.5563965e+01
   3.9921200e+06   2.3498535e+01
   3.9921660e+06   1.9348145e+01
   3.9921880e+06   1.5869141e+01
   3.9922630e+06   1.6113281e+01
   3.9922900e+06   3.0212402e+01
   3.9923150e+06   1.7089844e+01
   3.9923350e+06   1.5625000e+01
   3.9923570e+06   2.3986816e+01
   3.9923990e+06   1.4282227e+01
   3.9924580e+06   1.6113281e+01
   3.9924780e+06   2.5268555e+01
   3.9926390e+06   2.5878906e+01
   3.9928710e+06   1.4221191e+01
   3.9928980e+06   2.3742676e+01
   3.9932240e+06   2.2521973e+01
   3.9942800e+06   2.4719238e+01
   4.0434860e+06   1.5258789e+01
   4.0456620e+06   1.7517090e+01
   4.0457490e+06   1.4343262e+01
   4.0459220e+06   1.5502930e+01
   4.0459510e+06   1.4160156e+01
   4.0459780e+06   1.5991211e+01
   4.0460110e+06   1.4160156e+01
   4.0460520e+06   1.4892578e+01
   4.0460740e+06   1.7272949e+01
   4.0461190e+06   1.8371582e+01
   4.0461360e+06   2.1667480e+01
   4.0461680e+06   1.7272949e+01
   4.0461860e+06   1.4709473e+01
   4.0462380e+06   2.1789551e+01
   4.0462660e+06   1.7883301e+01
   4.0464150e+06   1.4221191e+01
   4.0464520e+06   2.3254395e+01
   4.0467760e+06   2.3193359e+01
   4.0471470e+06   1.9470215e+01
   4.0667540e+06   1.5075684e+01
   4.0668540e+06   2.1911621e+01
   4.0668940e+06   1.5075684e+01
   4.0669070e+06   1.7028809e+01
   4.0669480e+06   1.6601562e+01
   4.0673090e+06   2.1179199e+01
   4.0673200e+06   1.5136719e+01
   4.0673450e+06   1.4648438e+01
   4.0674140e+06   1.4343262e+01
   4.0677610e+06   2.0019531e+01
   4.0682020e+06   2.0141602e+01
   4.0686350e+06   2.0202637e+01
   4.0921550e+06   1.4587402e+01
   4.1115270e+06   2.4291992e+01
   4.1115400e+06   1.7150879e+01
   4.1115690e+06   1.5563965e+01
   4.1116040e+06   2.0996094e+01
   4.1117380e+06   1.7944336e+01
   4.1120130e+06   1.7639160e+01
   4.1121700e+06   1.4709473e+01
   4.1122220e+06   1.6235352e+01
   4.1123220e+06   1.7822266e+01
   4.1124330e+06   1.8310547e+01
   4.1129740e+06   2.0690918e+01
   4.1349220e+06   1.6296387e+01
   4.1351110e+06   1.4892578e+01
   4.1352370e+06   2.0324707e+01
   4.1352650e+06   1.7517090e+01
   4.1352920e+06   2.0019531e+01
   4.1353020e+06   2.5939941e+01
   4.1353260e+06   1.7822266e+01
   4.1353460e+06   1.9775391e+01
   4.1353600e+06   3.8757324e+01
   4.1353720e+06   3.7536621e+01
   4.1353930e+06   1.5991211e+01
   4.1354190e+06   3.1372070e+01
   4.1354410e+06   1.8005371e+01
   4.1354880e+06   1.7700195e+01
   4.1355080e+06   1.4648438e+01
   4.1355310e+06   2.1118164e+01
   4.1355560e+06   2.2094727e+01
   4.1355700e+06   2.1911621e+01
   4.1356070e+06   1.7700195e+01
   4.1356500e+06   1.8676758e+01
   4.1356640e+06   3.5583496e+01
   4.1358190e+06   1.6052246e+01
   4.1359070e+06   1.5197754e+01
   4.1359910e+06   2.5390625e+01
   4.1360800e+06   1.9042969e+01
   4.1361800e+06   1.5869141e+01
   4.1362010e+06   1.4465332e+01
   4.1362720e+06   2.1240234e+01
   4.1363850e+06   1.8310547e+01
   4.1364980e+06   1.9165039e+01
   4.1365080e+06   1.5625000e+01
   4.1366740e+06   2.2521973e+01
   4.1369670e+06   2.1789551e+01
   4.1372570e+06   2.3803711e+01
   4.1375830e+06   2.0141602e+01
   4.1378990e+06   2.1789551e+01
   4.1381720e+06   2.0263672e+01
   4.1383980e+06   2.2705078e+01
   4.1386980e+06   2.0996094e+01
   4.1390840e+06   1.6967773e+01
   4.1391160e+06   2.0507812e+01
   4.1394500e+06   2.2094727e+01
   4.1397830e+06   2.3925781e+01
   4.1402430e+06   1.8798828e+01
   4.1411690e+06   2.2277832e+01
   4.1500070e+06   1.7272949e+01
   4.1516940e+06   1.5258789e+01
   4.1517500e+06   1.4587402e+01
   4.1518260e+06   2.8503418e+01
   4.1518940e+06   2.0629883e+01
   4.1519090e+06   1.4648438e+01
   4.1519280e+06   1.5747070e+01
   4.1519490e+06   2.0263672e+01
   4.1519840e+06   1.4770508e+01
   4.1520520e+06   2.7587891e+01
   4.1520670e+06   1.7944336e+01
   4.1520960e+06   1.5808105e+01
   4.1521240e+06   2.3986816e+01
   4.1521360e+06   3.0273438e+01
   4.1521590e+06   2.4780273e+01
   4.1521690e+06   1.6113281e+01
   4.1521880e+06   1.8066406e+01
   4.1522230e+06   1.4404297e+01
   4.1522330e+06   2.0874023e+01
   4.1522560e+06   1.4709473e+01
   4.1522700e+06   1.6235352e+01
   4.1522910e+06   1.7639160e+01
   4.1523170e+06   3.2897949e+01
   4.1523310e+06   1.5380859e+01
   4.1523470e+06   1.9836426e+01
   4.1523690e+06   1.8615723e+01
   4.1524240e+06   1.6845703e+01
   4.1524540e+06   1.4343262e+01
   4.1524800e+06   1.5502930e+01
   4.1525130e+06   2.8320313e+01
   4.1525390e+06   1.6479492e+01
   4.1525660e+06   1.9531250e+01
   4.1526070e+06   1.4953613e+01
   4.1526340e+06   1.8432617e+01
   4.1526730e+06   1.9836426e+01
   4.1527290e+06   1.8859863e+01
   4.1527550e+06   1.7517090e+01
   4.1528160e+06   1.6662598e+01
   4.1528800e+06   1.4160156e+01
   4.1530140e+06   2.0935059e+01
   4.1533400e+06   1.7333984e+01
   4.1537760e+06   2.4291992e+01
   4.1541240e+06   1.8371582e+01
   4.1545300e+06   2.0629883e+01
   4.1552290e+06   1.9042969e+01
   4.2131680e+06   2.6794434e+01
   4.3273990e+06   2.7221680e+01
   4.3286440e+06   2.7648926e+01
   4.4046600e+06   1.4953613e+01
   4.4047760e+06   1.8493652e+01
   4.4048010e+06   1.7456055e+01
   4.4048210e+06   1.4404297e+01
   4.4048510e+06   2.2094727e+01
   4.4048960e+06   1.4587402e+01
   4.4049090e+06   1.8859863e+01
   4.4049320e+06   1.8310547e+01
   4.4049530e+06   1.4160156e+01
   4.4049680e+06   3.1982422e+01
   4.4049940e+06   1.4343262e+01
   4.4050330e+06   2.9846191e+01
   4.4050500e+06   3.0456543e+01
   4.4050720e+06   2.2888184e+01
   4.4050880e+06   2.6000977e+01
   4.4051030e+06   2.4108887e+01
   4.4051220e+06   3.2653809e+01
   4.4051390e+06   1.7089844e+01
   4.4051630e+06   3.7963867e+01
   4.4051990e+06   2.7770996e+01
   4.4052170e+06   2.2888184e+01
   4.4052540e+06   1.5014648e+01
   4.4052660e+06   1.9531250e+01
   4.4053070e+06   1.5869141e+01
   4.4053200e+06   2.9052734e+01
   4.4053440e+06   1.7822266e+01
   4.4054100e+06   2.8930664e+01
   4.4054350e+06   1.4648438e+01
   4.4055320e+06   2.6428223e+01
   4.4057440e+06   2.3864746e+01
   4.4059780e+06   2.3681641e+01
   4.4061880e+06   2.2399902e+01
   4.4063900e+06   2.2888184e+01
   4.4067010e+06   2.0324707e+01
   4.4070320e+06   2.0507813e+01
   4.4073770e+06   2.5512695e+01
   4.4078250e+06   2.3986816e+01
   4.4263300e+06   1.5747070e+01
   4.4929900e+06   1.5930176e+01
   4.4930120e+06   1.9531250e+01
   4.4930300e+06   1.5380859e+01
   4.4932440e+06   1.7272949e+01
   4.4938600e+06   1.5197754e+01
   4.4939930e+06   1.5258789e+01
   4.4940120e+06   1.4465332e+01
   4.4940230e+06   2.0141602e+01
   4.4940440e+06   1.9165039e+01
   4.4940710e+06   3.3142090e+01
   4.4940970e+06   2.8991699e+01
   4.4941130e+06   2.0446777e+01
   4.4941400e+06   2.1301270e+01
   4.4941510e+06   3.6499023e+01
   4.4941740e+06   4.1992188e+01
   4.4942100e+06   2.4719238e+01
   4.4942300e+06   3.5095215e+01
   4.4942630e+06   2.1728516e+01
   4.4942780e+06   2.1484375e+01
   4.4942990e+06   2.4841309e+01
   4.4943240e+06   1.8676758e+01
   4.4943410e+06   1.5258789e+01
   4.4943720e+06   1.4892578e+01
   4.4944010e+06   2.3620605e+01
   4.4944290e+06   2.0568848e+01
   4.4944710e+06   2.0080566e+01
   4.4945510e+06   1.7944336e+01
   4.4945720e+06   1.7028809e+01
   4.4946070e+06   2.3315430e+01
   4.4946390e+06   2.4108887e+01
   4.4947310e+06   2.5085449e+01
   4.4947790e+06   1.6784668e+01
   4.4948450e+06   1.7883301e+01
   4.4949290e+06   2.0202637e+01
   4.4949510e+06   1.8005371e+01
   4.4950620e+06   1.6235352e+01
   4.4951680e+06   2.3437500e+01
   4.4951810e+06   1.9042969e+01
   4.4952830e+06   1.7333984e+01
   4.4953550e+06   1.9592285e+01
   4.4954160e+06   1.5686035e+01
   4.4961010e+06   2.1850586e+01
   4.4964150e+06   1.9226074e+01
   4.4966990e+06   2.2399902e+01
   4.4970230e+06   2.0324707e+01
   4.4973950e+06   2.6550293e+01
   4.4977060e+06   2.2644043e+01
   4.5000180e+06   2.2827148e+01
   4.5102500e+06   1.8737793e+01
   4.5105430e+06   1.4465332e+01
   4.5107040e+06   1.9409180e+01
   4.5108040e+06   1.4465332e+01
   4.5114100e+06   1.6784668e+01
   4.5131890e+06   1.4343262e+01
   4.5132280e+06   1.9653320e+01
   4.5132730e+06   2.3254395e+01
   4.5133070e+06   1.6662598e+01
   4.5133190e+06   1.6906738e+01
   4.5133380e+06   1.8432617e+01
   4.5133850e+06   2.4658203e+01
   4.5134190e+06   1.7150879e+01
   4.5134360e+06   1.5991211e+01
   4.5134660e+06   1.9836426e+01
   4.5134760e+06   2.1240234e+01
   4.5135150e+06   1.7578125e+01
   4.5135550e+06   1.5808105e+01
   4.5135880e+06   1.5930176e+01
   4.5136150e+06   2.9663086e+01
   4.5136300e+06   2.0874023e+01
   4.5136940e+06   1.8005371e+01
   4.5137460e+06   1.8859863e+01
   4.5137780e+06   2.0385742e+01
   4.5138070e+06   1.4831543e+01
   4.5138500e+06   1.5319824e+01
   4.5138790e+06   2.1728516e+01
   4.5139150e+06   1.5563965e+01
   4.5139270e+06   1.6906738e+01
   4.5140950e+06   1.7333984e+01
   4.5141540e+06   2.3071289e+01
   4.5141800e+06   1.4526367e+01
   4.5142610e+06   2.0263672e+01
   4.5144760e+06   1.7272949e+01
   4.5147270e+06   1.9897461e+01
   4.5147470e+06   1.5075684e+01
   4.5152480e+06   2.6000977e+01
   4.5513240e+06   1.6845703e+01
   4.5665470e+06   1.6723633e+01
   4.5812760e+06   1.6113281e+01
   4.6045730e+06   1.4770508e+01
   4.6046560e+06   1.4404297e+01
   4.6885780e+06   1.7578125e+01
   4.6886160e+06   1.6601562e+01
   4.6889310e+06   1.9409180e+01
   4.6894550e+06   1.4465332e+01
   4.6895310e+06   1.4160156e+01
   4.6896500e+06   2.0568848e+01
   4.6896980e+06   1.6174316e+01
   4.6897270e+06   1.9042969e+01
   4.6897580e+06   2.1362305e+01
   4.6897930e+06   1.7517090e+01
   4.6898180e+06   1.9836426e+01
   4.6899450e+06   1.5014648e+01
   4.6899640e+06   1.8859863e+01
   4.6899920e+06   1.6845703e+01
   4.6901100e+06   1.9836426e+01
   4.6903090e+06   2.0080566e+01
   4.6906670e+06   2.1240234e+01
   4.7122740e+06   1.7883301e+01
   4.7239330e+06   2.5207520e+01
   4.7359220e+06   1.7944336e+01
   4.7359600e+06   2.4047852e+01
   4.7360900e+06   1.4404297e+01
   4.7765460e+06   1.8310547e+01
   4.7765760e+06   2.1423340e+01
   4.7766070e+06   1.4465332e+01
   4.7767990e+06   1.5014648e+01
   4.7768880e+06   1.7089844e+01
   4.7771480e+06   1.4465332e+01
   4.7772730e+06   1.6052246e+01
   4.7773040e+06   2.0080566e+01
   4.7773320e+06   1.8859863e+01
   4.7773980e+06   1.6052246e+01
   4.7774550e+06   1.6235352e+01
   4.7774680e+06   2.0385742e+01
   4.7775100e+06   1.9348145e+01
   4.7775240e+06   2.8625488e+01
   4.7775520e+06   2.0812988e+01
   4.7775670e+06   1.6113281e+01
   4.7775770e+06   2.0324707e+01
   4.7776000e+06   4.2907715e+01
   4.7776230e+06   2.2521973e+01
   4.7776520e+06   3.7109375e+01
   4.7776750e+06   2.2583008e+01
   4.7776870e+06   2.0019531e+01
   4.7777010e+06   2.5878906e+01
   4.7777150e+06   1.7639160e+01
   4.7777340e+06   2.0080566e+01
   4.7777510e+06   3.0578613e+01
   4.7777670e+06   2.0812988e+01
   4.7777840e+06   2.0019531e+01
   4.7778300e+06   1.6235352e+01
   4.7778400e+06   2.9602051e+01
   4.7778620e+06   2.4169922e+01
   4.7779310e+06   1.5869141e+01
   4.7779510e+06   2.1972656e+01
   4.7779850e+06   1.7028809e+01
   4.7780700e+06   1.9775391e+01
   4.7781060e+06   1.4709473e+01
   4.7781350e+06   1.8127441e+01
   4.7782140e+06   2.5024414e+01
   4.7782570e+06   1.8432617e+01
   4.7783290e+06   1.8859863e+01
   4.7783740e+06   1.5075684e+01
   4.7784670e+06   3.0334473e+01
   4.7786070e+06   1.7272949e+01
   4.7786530e+06   1.7211914e+01
   4.7787470e+06   1.4831543e+01
   4.7788930e+06   2.1240234e+01
   4.7789150e+06   2.0568848e+01
   4.7790380e+06   1.6113281e+01
   4.7791630e+06   2.1362305e+01
   4.7794290e+06   2.3498535e+01
   4.7796650e+06   2.5390625e+01
   4.7799440e+06   2.4169922e+01
   4.7801810e+06   1.8188477e+01
   4.7806150e+06   1.6845703e+01
   4.7813600e+06   2.0690918e+01
   4.7827280e+06   2.2399902e+01
   4.7914740e+06   1.7578125e+01
   4.7916430e+06   1.5930176e+01
   4.7918660e+06   1.6784668e+01
   4.7919990e+06   1.5075684e+01
   4.8002160e+06   1.4465332e+01
   4.8002660e+06   1.5014648e+01
   4.8003510e+06   2.0202637e+01
   4.8003690e+06   1.9897461e+01
   4.8003870e+06   2.3071289e+01
   4.8004120e+06   1.4343262e+01
   4.8004370e+06   1.6845703e+01
   4.8004540e+06   2.0874023e+01
   4.8004770e+06   2.1362305e+01
   4.8004910e+06   1.9348145e+01
   4.8005210e+06   1.6540527e+01
   4.8005560e+06   1.5319824e+01
   4.8006220e+06   1.6784668e+01
   4.8006470e+06   2.0324707e+01
   4.8006930e+06   1.7333984e+01
   4.8007220e+06   2.4780273e+01
   4.8008010e+06   2.1362305e+01
   4.8008110e+06   1.8798828e+01
   4.8008780e+06   1.8310547e+01
   4.8008950e+06   1.8615723e+01
   4.8009250e+06   1.9348145e+01
   4.8009970e+06   1.4221191e+01
   4.8010190e+06   1.5319824e+01
   4.8010500e+06   2.3071289e+01
   4.8011390e+06   2.0690918e+01
   4.8011550e+06   1.5197754e+01
   4.8011900e+06   1.5808105e+01
   4.8013610e+06   2.5817871e+01
   4.8013890e+06   1.5136719e+01
   4.8014170e+06   2.4719238e+01
   4.8016530e+06   2.4353027e+01
   4.8019800e+06   2.1789551e+01
   4.9024650e+06   1.9836426e+01
   4.9026090e+06   1.5258789e+01
   4.9031280e+06   1.8127441e+01
   4.9032080e+06   1.4953613e+01
   4.9032480e+06   1.6418457e+01
   4.9033510e+06   1.9531250e+01
   4.9035800e+06   1.5258789e+01
   4.9036130e+06   1.8188477e+01
   4.9037420e+06   2.4414062e+01
   4.9040280e+06   1.6418457e+01
   4.9041020e+06   2.1301270e+01
   4.9043270e+06   1.7211914e+01
   4.9047570e+06   2.2033691e+01
   4.9474190e+06   1.6052246e+01
   4.9475490e+06   1.4160156e+01
   4.9487850e+06   1.4221191e+01
   4.9490220e+06   1.4282227e+01
   4.9490530e+06   2.1240234e+01
   5.0350370e+06   1.9042969e+01
   5.0350500e+06   1.9592285e+01
   5.0352290e+06   1.5319824e+01
   5.0356050e+06   1.5686035e+01
   5.0356280e+06   1.6357422e+01
   5.0357490e+06   2.0263672e+01
   5.0357670e+06   2.7343750e+01
   5.0358460e+06   1.7211914e+01
   5.0360650e+06   2.2338867e+01
   5.0360850e+06   2.4719238e+01
   5.0361690e+06   1.4221191e+01
   5.0362660e+06   2.1179199e+01
   5.0362780e+06   1.9287109e+01
   5.0364320e+06   1.7700195e+01
   5.0365460e+06   1.5197754e+01
   5.0366860e+06   2.2521973e+01
   5.0369960e+06   2.3376465e+01
   5.0374860e+06   1.9714355e+01
   5.0393300e+06   2.6062012e+01
   5.1320110e+06   2.7648926e+01
   5.1377700e+06   1.4587402e+01
   5.1377930e+06   1.5075684e+01
   5.1389450e+06   1.8554688e+01
   5.1390690e+06   1.5380859e+01
   5.1393810e+06   1.5197754e+01
   5.1394010e+06   2.0568848e+01
   5.1394170e+06   1.4648438e+01
   5.1394390e+06   1.6296387e+01
   5.1394680e+06   1.6479492e+01
   5.1395020e+06   1.4648438e+01
   5.1395150e+06   2.1118164e+01
   5.1395470e+06   1.8310547e+01
   5.1395960e+06   1.8005371e+01
   5.1396310e+06   1.4465332e+01
   5.1396490e+06   2.0996094e+01
   5.1396700e+06   2.3010254e+01
   5.1397290e+06   1.7333984e+01
   5.1397490e+06   2.3803711e+01
   5.1398080e+06   1.6052246e+01
   5.1398380e+06   1.8066406e+01
   5.1398560e+06   1.6784668e+01
   5.1399460e+06   3.6010742e+01
   5.1399580e+06   1.9409180e+01
   5.1401720e+06   1.5258789e+01
   5.1402530e+06   2.1789551e+01
   5.1406120e+06   2.1789551e+01
   5.1410330e+06   2.1423340e+01
   5.2092460e+06   1.6784668e+01
   5.2093060e+06   1.6113281e+01
   5.2101410e+06   1.5258789e+01
   5.2101780e+06   1.4282227e+01
   5.2102020e+06   2.0385742e+01
   5.2102150e+06   1.4770508e+01
   5.2102940e+06   2.1850586e+01
   5.2103370e+06   1.4160156e+01
   5.2103740e+06   1.9470215e+01
   5.2104520e+06   2.5146484e+01
   5.2105700e+06   1.4831543e+01
   5.2106200e+06   1.5441895e+01
   5.2107510e+06   1.4282227e+01
   5.2108850e+06   1.4343262e+01
   5.2112660e+06   2.0324707e+01
   5.2118110e+06   2.2583008e+01
   5.2345280e+06   2.7038574e+01
   5.2351070e+06   2.4353027e+01
   5.2351790e+06   1.5808105e+01
   5.2351930e+06   1.4160156e+01
   5.2352150e+06   1.8432617e+01
   5.2353580e+06   1.7456055e+01
   5.2356710e+06   2.0812988e+01
   5.2361090e+06   2.0996094e+01
   5.2366370e+06   2.2155762e+01
   5.3141910e+06   1.6967773e+01
   5.3144450e+06   1.7272949e+01
   5.3149330e+06   1.6662598e+01
   5.3149830e+06   1.4892578e+01
   5.3150170e+06   2.1911621e+01
   5.3150460e+06   1.6357422e+01
   5.3150610e+06   2.2399902e+01
   5.3150910e+06   2.0507812e+01
   5.3151100e+06   1.9042969e+01
   5.3151330e+06   2.1423340e+01
   5.3151530e+06   2.1667480e+01
   5.3151700e+06   1.8066406e+01
   5.3151830e+06   2.2949219e+01
   5.3152090e+06   2.1545410e+01
   5.3152380e+06   1.7395020e+01
   5.3152630e+06   4.1076660e+01
   5.3153130e+06   2.3132324e+01
   5.3153360e+06   2.0935059e+01
   5.3153640e+06   1.5075684e+01
   5.3153940e+06   3.5095215e+01
   5.3154050e+06   1.5686035e+01
   5.3154820e+06   2.1057129e+01
   5.3155090e+06   2.1911621e+01
   5.3156070e+06   2.7465820e+01
   5.3156390e+06   1.9958496e+01
   5.3157290e+06   1.5014648e+01
   5.3158230e+06   2.5329590e+01
   5.3160520e+06   2.2460938e+01
   5.3162570e+06   2.1667480e+01
   5.3165320e+06   2.3010254e+01
   5.3168740e+06   2.2583008e+01
   5.3172080e+06   2.0080566e+01
   5.3175550e+06   2.3620605e+01
   5.3188420e+06   2.1240234e+01
   5.3507490e+06   1.8798828e+01
   5.3508620e+06   1.5136719e+01
   5.3520380e+06   2.0446777e+01
   5.3520560e+06   1.9165039e+01
   5.3521270e+06   1.8981934e+01
   5.3522180e+06   1.4892578e+01
   5.3522340e+06   1.4526367e+01
   5.3522630e+06   1.5625000e+01
   5.3522800e+06   1.5319824e+01
   5.3523320e+06   1.6906738e+01
   5.3524310e+06   1.4526367e+01
   5.3525310e+06   1.5930176e+01
   5.3526330e+06   1.5319824e+01
   5.3527910e+06   1.4343262e+01
   5.3529540e+06   1.4587402e+01
   5.3531020e+06   1.6113281e+01
   5.3533070e+06   1.8493652e+01
   5.3537360e+06   2.3437500e+01
   5.4140930e+06   1.6174316e+01
   5.4141760e+06   2.1972656e+01
   5.4142070e+06   2.2277832e+01
   5.4142210e+06   1.5319824e+01
   5.4142910e+06   1.5502930e+01
   5.4143260e+06   2.4841309e+01
   5.4143560e+06   1.4770508e+01
   5.4144440e+06   2.0874023e+01
   5.4145690e+06   1.4892578e+01
   5.4146210e+06   2.0935059e+01
   5.4147400e+06   2.1606445e+01
   5.4150490e+06   1.9775391e+01
   5.4154330e+06   2.1057129e+01
   5.4577520e+06   1.4587402e+01
   5.4597680e+06   1.5136719e+01
   5.4598080e+06   1.6662598e+01
   5.4612830e+06   1.5258789e+01
   5.4613210e+06   2.5207520e+01
   5.4613320e+06   1.5869141e+01
   5.4613630e+06   1.5808105e+01
   5.4614060e+06   1.4221191e+01
   5.4615170e+06   2.0996094e+01
   5.4615390e+06   1.5319824e+01
   5.4615930e+06   1.8493652e+01
   5.4616880e+06   2.4169922e+01
   5.4617200e+06   1.7089844e+01
   5.4618430e+06   1.6479492e+01
   5.4621070e+06   1.4831543e+01
   5.4621930e+06   2.3071289e+01
   5.4626050e+06   2.2766113e+01
   5.4636160e+06   2.2888184e+01
   5.4855240e+06   1.4648438e+01
   5.4856010e+06   1.8249512e+01
   5.4858200e+06   1.4343262e+01
   5.4858840e+06   2.9113770e+01
   5.4864750e+06   2.6367188e+01
   5.4864910e+06   1.4404297e+01
   5.4865700e+06   1.8737793e+01
   5.4867400e+06   2.4047852e+01
   5.4868220e+06   1.4587402e+01
   5.4868410e+06   1.6174316e+01
   5.4869210e+06   1.6357422e+01
   5.4870680e+06   1.8493652e+01
   5.4870910e+06   2.2644043e+01
   5.4872080e+06   1.9226074e+01
   5.4875030e+06   2.3681641e+01
   5.4896530e+06   2.3742676e+01
   5.5222710e+06   1.9348145e+01
   5.5224040e+06   1.7333984e+01
   5.5224380e+06   1.6113281e+01
   5.5225100e+06   1.4343262e+01
   5.5225350e+06   2.6977539e+01
   5.5226970e+06   2.0874023e+01
   5.5227590e+06   2.0019531e+01
   5.5228790e+06   1.6235352e+01
   5.5229160e+06   1.6479492e+01
   5.5231820e+06   1.7761230e+01
   5.5232750e+06   2.2644043e+01
   5.5235440e+06   1.8493652e+01
   5.5236720e+06   1.5686035e+01
   5.5661600e+06   1.8920898e+01
   5.5663480e+06   1.4648438e+01
   5.5663840e+06   1.5991211e+01
   5.5664160e+06   1.9592285e+01
   5.5665040e+06   2.0996094e+01
   5.5665380e+06   1.7211914e+01
   5.5666320e+06   2.1057129e+01
   5.5667730e+06   1.4648438e+01
   5.5667840e+06   1.7822266e+01
   5.5669170e+06   2.8503418e+01
   5.5671950e+06   2.1789551e+01
   5.5673200e+06   1.6906738e+01
   5.5676370e+06   2.0019531e+01
   5.6302100e+06   1.4465332e+01
   5.6302310e+06   2.0263672e+01
   5.6302460e+06   1.5441895e+01
   5.6306070e+06   2.6428223e+01
   5.6309480e+06   1.5930176e+01
   5.6309830e+06   2.3620605e+01
   5.6310410e+06   1.4465332e+01
   5.6310730e+06   1.7272949e+01
   5.6311110e+06   1.5441895e+01
   5.6312320e+06   2.3498535e+01
   5.6314620e+06   1.4404297e+01
   5.6316540e+06   1.4160156e+01
   5.6317860e+06   1.8676758e+01
   5.6323330e+06   1.8676758e+01
   5.6477100e+06   1.6174316e+01
   5.6650000e+06   1.4465332e+01
   5.6659020e+06   2.5634766e+01
   5.6659580e+06   1.7883301e+01
   5.6659930e+06   1.6845703e+01
   5.6660140e+06   1.7700195e+01
   5.6661280e+06   1.7578125e+01
   5.6661650e+06   1.9409180e+01
   5.6662050e+06   2.0812988e+01
   5.6662670e+06   1.4709473e+01
   5.6663470e+06   2.0385742e+01
   5.6664240e+06   1.6113281e+01
   5.6666210e+06   2.0080566e+01
   5.6666410e+06   2.3925781e+01
   5.6669980e+06   1.9287109e+01
   5.6685920e+06   2.3620605e+01
   5.7677480e+06   1.4892578e+01
   5.7677580e+06   1.4160156e+01
   5.7681300e+06   1.5197754e+01
   5.7688330e+06   1.8066406e+01
   5.7688640e+06   2.9479980e+01
   5.7688950e+06   1.5197754e+01
   5.7689280e+06   1.5075684e+01
   5.7689440e+06   1.6845703e+01
   5.7689590e+06   1.5502930e+01
   5.7689700e+06   1.7517090e+01
   5.7690080e+06   3.6499023e+01
   5.7690190e+06   1.4648438e+01
   5.7690440e+06   1.5258789e+01
   5.7690990e+06   1.5991211e+01
   5.7691580e+06   2.4536133e+01
   5.7691910e+06   2.0446777e+01
   5.7692110e+06   2.3193359e+01
   5.7692740e+06   1.6723633e+01
   5.7693020e+06   1.5258789e+01
   5.7693560e+06   1.4953613e+01
   5.7694140e+06   2.1423340e+01
   5.7696230e+06   2.0996094e+01
   5.7699200e+06   2.0812988e+01
   5.7703070e+06   2.1545410e+01
   5.7709440e+06   2.3193359e+01
   5.7719920e+06   2.3925781e+01
   5.8836010e+06   1.7211914e+01
   5.8842120e+06   1.4343262e+01
   5.8842280e+06   2.0751953e+01
   5.8843160e+06   1.6174316e+01
   5.8843370e+06   2.3681641e+01
   5.8844020e+06   1.9897461e+01
   5.8844170e+06   1.8310547e+01
   5.8844850e+06   1.5380859e+01
   5.8844980e+06   1.5747070e+01
   5.8845490e+06   1.6723633e+01
   5.8846050e+06   4.2175293e+01
   5.8846160e+06   1.9042969e+01
   5.8846860e+06   2.0751953e+01
   5.8847410e+06   1.5319824e+01
   5.8847570e+06   2.2399902e+01
   5.8849160e+06   2.3010254e+01
   5.8852080e+06   2.6977539e+01
   5.8857010e+06   2.2216797e+01
   5.8901850e+06   2.6123047e+01
   5.9205210e+06   2.1606445e+01
   5.9212070e+06   1.5808105e+01
   5.9212540e+06   1.7639160e+01
   5.9212700e+06   1.6906738e+01
   5.9212980e+06   1.5808105e+01
   5.9213370e+06   2.4719238e+01
   5.9213930e+06   2.0507812e+01
   5.9216120e+06   2.6672363e+01
   5.9573810e+06   1.6784668e+01
   5.9573930e+06   1.8676758e+01
   5.9574450e+06   1.4709473e+01
   5.9574730e+06   2.3498535e+01
   5.9575230e+06   1.4404297e+01
   5.9575630e+06   1.8188477e+01
   5.9576120e+06   1.7700195e+01
   5.9577710e+06   1.4404297e+01
   5.9577960e+06   1.7211914e+01
   5.9578170e+06   2.6245117e+01
   5.9578470e+06   1.5319824e+01
   5.9578630e+06   2.1850586e+01
   5.9578770e+06   1.6540527e+01
   5.9579080e+06   2.4169922e+01
   5.9579400e+06   1.4465332e+01
   5.9579700e+06   1.7822266e+01
   5.9580000e+06   2.3132324e+01
   5.9580120e+06   2.9418945e+01
   5.9580560e+06   1.4404297e+01
   5.9581530e+06   1.8371582e+01
   5.9582110e+06   2.3376465e+01
   5.9582290e+06   1.6479492e+01
   5.9582550e+06   1.6235352e+01
   5.9583120e+06   1.5625000e+01
   5.9583410e+06   2.9174805e+01
   5.9584050e+06   2.8320312e+01
   5.9584150e+06   1.4709473e+01
   5.9586040e+06   1.9775391e+01
   5.9588730e+06   2.3132324e+01
   5.9591650e+06   2.1667480e+01
