   5.9990000e+06   0.0000000e+00
   4.2830000e+03   1.4343262e+01
   2.1737000e+04   1.5319824e+01
   2.1793000e+04   1.5197754e+01
   2.1831000e+04   3.3386230e+01
   2.1955000e+04   1.5258789e+01
   2.1972000e+04   1.4770508e+01
   2.2001000e+04   2.0019531e+01
   1.3145900e+05   1.5197754e+01
   1.3310700e+05   1.5258789e+01
   2.4035600e+05   1.4221191e+01
   2.4058200e+05   1.4099121e+01
   2.4085000e+05   1.9897461e+01
   2.4101900e+05   1.8859863e+01
   2.4117200e+05   1.6662598e+01
   2.4137100e+05   1.5136719e+01
   2.4151800e+05   1.6296387e+01
   2.4202600e+05   1.5808105e+01
   2.4467900e+05   1.4648438e+01
   2.4565300e+05   1.4404297e+01
   2.5501600e+05   4.1015625e+01
   2.8779200e+05   1.4160156e+01
   3.4815200e+05   3.0273438e+01
   3.4835700e+05   2.6550293e+01
   4.3656100e+05   1.6235352e+01
   4.3704000e+05   2.7832031e+01
   4.9067000e+05   1.7517090e+01
   4.9080700e+05   1.7211914e+01
   4.9093400e+05   1.6357422e+01
   4.9097400e+05   1.7150879e+01
   4.9131800e+05   1.4648437e+01
   6.2393100e+05   1.5380859e+01
   6.5760400e+05   1.4709473e+01
   6.5769700e+05   3.6010742e+01
   6.5771800e+05   1.6479492e+01
   6.5775200e+05   1.9226074e+01
   6.5777500e+05   2.2216797e+01
   6.5778600e+05   1.5930176e+01
   6.5781600e+05   1.5625000e+01
   6.5783700e+05   1.7333984e+01
   6.5786700e+05   2.4597168e+01
   6.5789300e+05   1.7456055e+01
   6.5790300e+05   1.4099121e+01
   6.5797000e+05   2.0080566e+01
   6.5803800e+05   1.8310547e+01
   6.5811100e+05   1.8249512e+01
   6.5819700e+05   1.5014648e+01
   6.5830100e+05   1.4526367e+01
   6.7663800e+05   1.4587402e+01
   6.7674200e+05   1.6357422e+01
   6.7680300e+05   3.1433105e+01
   6.7691700e+05   1.4770508e+01
   6.7713400e+05   1.5686035e+01
   6.7737600e+05   1.7456055e+01
   7.0786400e+05   1.5869141e+01
   7.2350000e+05   1.4770508e+01
   7.6189700e+05   1.7028809e+01
   7.6190800e+05   1.4587402e+01
   7.6193900e+05   1.5441895e+01
   7.6195700e+05   2.2094727e+01
   7.6197500e+05   2.3925781e+01
   7.6201800e+05   2.1179199e+01
   7.6203600e+05   1.8859863e+01
   7.6205300e+05   1.9409180e+01
   7.6206300e+05   2.0568848e+01
   7.6207800e+05   1.7761230e+01
   7.6211000e+05   2.1423340e+01
   7.6213600e+05   1.5808105e+01
   7.6215200e+05   1.4099121e+01
   7.6281100e+05   1.4099121e+01
   8.9680100e+05   1.4099121e+01
   9.1430800e+05   1.4160156e+01
   9.5120100e+05   1.5991211e+01
   9.7008200e+05   1.4648438e+01
   1.0517080e+06   1.5380859e+01
   1.2568420e+06   1.4099121e+01
   1.2568770e+06   3.8452148e+01
   1.2569090e+06   1.8676758e+01
   1.2570430e+06   1.5258789e+01
   1.2570840e+06   1.4770508e+01
   1.2573440e+06   1.4465332e+01
   1.3124520e+06   1.4282227e+01
   1.3136710e+06   2.1057129e+01
   1.3139880e+06   1.6235352e+01
   1.3143350e+06   1.4404297e+01
   1.4452380e+06   1.4160156e+01
   1.5026680e+06   1.4648437e+01
   1.5028970e+06   3.2897949e+01
   1.5030980e+06   1.8981934e+01
   1.5035630e+06   1.5014648e+01
   1.5326360e+06   2.8625488e+01
   1.5326490e+06   1.5869141e+01
   1.5326890e+06   1.7456055e+01
   1.5327210e+06   1.8005371e+01
   1.5327860e+06   1.4099121e+01
   1.5328340e+06   1.5319824e+01
   1.5328460e+06   2.1911621e+01
   1.5329030e+06   1.4648438e+01
   1.5329160e+06   1.5258789e+01
   1.5329510e+06   2.4780273e+01
   1.5329880e+06   1.6418457e+01
   1.5330550e+06   1.6540527e+01
   1.5491740e+06   1.4038086e+01
   1.5592170e+06   1.6113281e+01
   1.5592600e+06   1.5808105e+01
   1.5592840e+06   1.4221191e+01
   1.5592960e+06   2.2583008e+01
   1.5593090e+06   2.1789551e+01
   1.5593240e+06   1.6845703e+01
   1.5594160e+06   2.3742676e+01
   1.5594310e+06   1.7883301e+01
   1.5594780e+06   1.7517090e+01
   1.5595030e+06   1.7761230e+01
   1.5595230e+06   1.5136719e+01
   1.5596390e+06   1.5808105e+01
   1.5597080e+06   1.6540527e+01
   1.5598100e+06   1.4160156e+01
   1.5807240e+06   1.4465332e+01
   1.5809070e+06   1.4160156e+01
   1.5810990e+06   1.6662598e+01
   1.5812810e+06   1.9287109e+01
   1.5815070e+06   1.8859863e+01
   1.5816000e+06   1.5441895e+01
   1.5817690e+06   1.8066406e+01
   1.5818600e+06   1.4770508e+01
   1.5819770e+06   1.5075684e+01
   1.5822090e+06   1.4587402e+01
   1.5828790e+06   1.5197754e+01
   1.6381260e+06   1.6113281e+01
   1.6381490e+06   1.8310547e+01
   1.6381620e+06   3.3020020e+01
   1.6382190e+06   2.5878906e+01
   1.6382800e+06   1.5991211e+01
   1.6383140e+06   1.9042969e+01
   1.6383500e+06   1.5136719e+01
   1.6385480e+06   1.5930176e+01
   1.6389320e+06   1.4831543e+01
   1.6389500e+06   1.5319824e+01
   1.6498080e+06   1.7944336e+01
   1.7460590e+06   1.5319824e+01
   1.7901190e+06   1.4160156e+01
   1.8275630e+06   1.7761230e+01
   1.8277360e+06   1.4770508e+01
   1.8283170e+06   1.5258789e+01
   1.8600550e+06   1.4038086e+01
   1.8830270e+06   1.5502930e+01
   1.8863360e+06   1.4160156e+01
   1.9605950e+06   1.4282227e+01
   2.0692810e+06   1.5075684e+01
   2.0696130e+06   3.0761719e+01
   2.0697270e+06   1.4587402e+01
   2.1757300e+06   2.0874023e+01
   2.1758890e+06   1.4770508e+01
   2.1760550e+06   2.5146484e+01
   2.1761920e+06   1.4038086e+01
   2.2238250e+06   1.4160156e+01
   2.2558820e+06   1.4404297e+01
   2.2562380e+06   1.4038086e+01
   2.2568330e+06   1.5991211e+01
   2.2946620e+06   1.4953613e+01
   2.3649440e+06   1.4831543e+01
   2.4232050e+06   1.5686035e+01
   2.4556180e+06   1.4343262e+01
   2.5720220e+06   1.4099121e+01
   2.6678820e+06   1.4709473e+01
   2.8510960e+06   3.7597656e+01
   2.8511450e+06   1.4709473e+01
   2.8513090e+06   1.4892578e+01
   2.8515300e+06   1.5808105e+01
   2.8515870e+06   1.5014648e+01
   2.8521600e+06   1.4282227e+01
   2.9774600e+06   1.4221191e+01
   3.0494010e+06   1.5319824e+01
   3.0495880e+06   1.4770508e+01
   3.0496220e+06   3.1982422e+01
   3.0496410e+06   1.4404297e+01
   3.0498530e+06   1.9348145e+01
   3.0498820e+06   2.3803711e+01
   3.0499230e+06   1.4709473e+01
   3.0499360e+06   1.7089844e+01
   3.0499770e+06   1.7517090e+01
   3.0500900e+06   1.5991211e+01
   3.0848600e+06   1.8859863e+01
   3.0848770e+06   1.5319824e+01
   3.0849140e+06   2.5695801e+01
   3.0849310e+06   2.5085449e+01
   3.0849540e+06   1.7089844e+01
   3.0849690e+06   3.2653809e+01
   3.0849910e+06   1.6906738e+01
   3.0850310e+06   2.0812988e+01
   3.0850510e+06   2.7893066e+01
   3.0850960e+06   1.5136719e+01
   3.0851220e+06   1.5869141e+01
   3.0851440e+06   1.5380859e+01
   3.0851540e+06   1.5319824e+01
   3.0851780e+06   1.4526367e+01
   3.0853120e+06   2.1850586e+01
   3.0853500e+06   1.6174316e+01
   3.0895920e+06   1.4648438e+01
   3.1410980e+06   1.4587402e+01
   3.1689810e+06   1.4404297e+01
   3.2187750e+06   1.4282227e+01
   3.3474330e+06   1.5563965e+01
   3.3475130e+06   3.6437988e+01
   3.3476300e+06   2.4841309e+01
   3.3478080e+06   1.7028809e+01
   3.3478760e+06   1.6723633e+01
   3.3479060e+06   1.8310547e+01
   3.3480970e+06   1.4221191e+01
   3.4203520e+06   1.9042969e+01
   3.4205480e+06   1.4465332e+01
   3.4206020e+06   3.6743164e+01
   3.4206800e+06   1.7700195e+01
   3.4207680e+06   2.5573730e+01
   3.4209270e+06   1.5869141e+01
   3.4213320e+06   2.0507812e+01
   3.4917680e+06   3.4912109e+01
   3.4918360e+06   1.7456055e+01
   3.4918540e+06   1.6052246e+01
   3.4918900e+06   1.4465332e+01
   3.4919310e+06   1.4282227e+01
   3.4920400e+06   1.5380859e+01
   3.4922420e+06   1.8554688e+01
   3.6094310e+06   1.6479492e+01
   3.6095540e+06   3.1311035e+01
   3.6096200e+06   1.4892578e+01
   3.6096440e+06   2.0080566e+01
   3.6096590e+06   1.8920898e+01
   3.6097270e+06   1.5197754e+01
   3.6097970e+06   1.6174316e+01
   3.6098150e+06   1.9470215e+01
   3.6098480e+06   1.4526367e+01
   3.6099460e+06   1.4831543e+01
   3.6400330e+06   1.5258789e+01
   3.6401200e+06   1.9348145e+01
   3.6401610e+06   1.7211914e+01
   3.6405740e+06   2.0202637e+01
   3.7489050e+06   3.4729004e+01
   3.7489610e+06   1.7578125e+01
   3.7490140e+06   2.7648926e+01
   3.7490410e+06   1.5441895e+01
   3.7492500e+06   2.0324707e+01
   3.8460530e+06   2.5878906e+01
   3.8461200e+06   1.6113281e+01
   3.8461620e+06   2.5207520e+01
   3.8462700e+06   1.8798828e+01
   3.8465720e+06   1.5258789e+01
   3.9392520e+06   1.4465332e+01
   3.9393500e+06   3.5705566e+01
   3.9909110e+06   1.5563965e+01
   3.9922840e+06   2.8869629e+01
   3.9923490e+06   1.6845703e+01
   4.0455090e+06   1.4892578e+01
   4.0455860e+06   1.4221191e+01
   4.0456530e+06   1.4221191e+01
   4.0459100e+06   2.2521973e+01
   4.0668380e+06   1.5258789e+01
   4.1116300e+06   1.9287109e+01
   4.1118850e+06   1.5136719e+01
   4.1126160e+06   1.4465332e+01
   4.1353300e+06   1.6113281e+01
   4.1353620e+06   4.4982910e+01
   4.1353930e+06   1.7700195e+01
   4.1354110e+06   2.0263672e+01
   4.1354260e+06   2.2033691e+01
   4.1354470e+06   1.4282227e+01
   4.1354680e+06   1.6113281e+01
   4.1355110e+06   2.1972656e+01
   4.1355750e+06   2.7832031e+01
   4.1356150e+06   1.6723633e+01
   4.1356830e+06   1.4221191e+01
   4.1357470e+06   1.4343262e+01
   4.1517820e+06   1.5014648e+01
   4.1518520e+06   1.6174316e+01
   4.1519060e+06   3.4790039e+01
   4.1519160e+06   1.7028809e+01
   4.1519850e+06   1.7211914e+01
   4.1520500e+06   2.0202637e+01
   4.1521230e+06   1.5441895e+01
   4.1521430e+06   1.5930176e+01
   4.1522370e+06   1.5258789e+01
   4.1522760e+06   1.4526367e+01
   4.1523180e+06   1.9042969e+01
   4.1524000e+06   1.5380859e+01
   4.1525340e+06   1.5747070e+01
   4.1530810e+06   1.4404297e+01
   4.3299460e+06   1.5991211e+01
   4.3780260e+06   1.5197754e+01
   4.4045880e+06   1.4953613e+01
   4.4046810e+06   1.8737793e+01
   4.4047490e+06   3.3264160e+01
   4.4048660e+06   2.9907227e+01
   4.4049040e+06   1.8066406e+01
   4.4050200e+06   1.5380859e+01
   4.4050660e+06   1.7211914e+01
   4.4050910e+06   1.6845703e+01
   4.4051940e+06   2.5390625e+01
   4.4938220e+06   3.2043457e+01
   4.4939080e+06   1.4526367e+01
   4.4939360e+06   1.5869141e+01
   4.4939570e+06   2.8137207e+01
   4.4939840e+06   2.3010254e+01
   4.4940210e+06   1.6845703e+01
   4.4940400e+06   1.8127441e+01
   4.4940530e+06   1.5258789e+01
   4.4940690e+06   1.4343262e+01
   4.4941160e+06   1.6052246e+01
   4.4941470e+06   2.5390625e+01
   4.4941890e+06   1.7944336e+01
   4.4942400e+06   1.4770508e+01
   4.5130310e+06   1.5869141e+01
   4.5132380e+06   1.5075684e+01
   4.5132530e+06   1.5258789e+01
   4.5133370e+06   3.1555176e+01
   4.5133520e+06   1.5014648e+01
   4.5134570e+06   1.5808105e+01
   4.5134850e+06   2.2705078e+01
   4.5136170e+06   1.5563965e+01
   4.5137780e+06   1.7456055e+01
   4.6893550e+06   1.4221191e+01
   4.6893720e+06   2.7038574e+01
   4.6894260e+06   2.0751953e+01
   4.6895230e+06   3.1677246e+01
   4.6896210e+06   2.0507813e+01
   4.6898310e+06   1.6723633e+01
   4.6898740e+06   1.5930176e+01
   4.6902190e+06   1.5197754e+01
   4.7774570e+06   3.4790039e+01
   4.7774780e+06   1.8310547e+01
   4.7775080e+06   1.5258789e+01
   4.7775400e+06   2.4353027e+01
   4.7775540e+06   1.7578125e+01
   4.7775770e+06   1.8981934e+01
   4.7775900e+06   1.9165039e+01
   4.7776180e+06   2.1667480e+01
   4.7776330e+06   2.5390625e+01
   4.7777010e+06   1.9775391e+01
   4.7777470e+06   1.5991211e+01
   4.7777880e+06   1.8798828e+01
   4.7779160e+06   1.5319824e+01
   4.7918520e+06   1.8432617e+01
   4.8002870e+06   1.5197754e+01
   4.8003180e+06   1.5930176e+01
   4.8004680e+06   1.8066406e+01
   4.8006320e+06   1.6052246e+01
   4.8006860e+06   2.0812988e+01
   4.8008000e+06   1.5075684e+01
   4.8010310e+06   1.8310547e+01
   4.8011060e+06   1.5869141e+01
   4.8014440e+06   1.7761230e+01
   4.8017740e+06   1.6296387e+01
   4.8853850e+06   1.4648438e+01
   4.9033170e+06   3.3203125e+01
   4.9033550e+06   1.6052246e+01
   4.9038530e+06   1.5197754e+01
   4.9487480e+06   1.4587402e+01
   5.0356070e+06   1.6296387e+01
   5.0356910e+06   1.5502930e+01
   5.0360410e+06   2.1423340e+01
   5.0360950e+06   2.6062012e+01
   5.0362060e+06   1.6235352e+01
   5.0364990e+06   1.6113281e+01
   5.1395410e+06   2.7221680e+01
   5.1397100e+06   2.4047852e+01
   5.1400650e+06   1.4587402e+01
   5.2101410e+06   1.5441895e+01
   5.2102120e+06   3.6132812e+01
   5.2102590e+06   1.5136719e+01
   5.2103610e+06   1.8798828e+01
   5.2106530e+06   1.4953613e+01
   5.2352810e+06   1.4831543e+01
   5.2353990e+06   1.5014648e+01
   5.2355530e+06   1.6357422e+01
   5.3150350e+06   3.6743164e+01
   5.3151100e+06   2.1179199e+01
   5.3151270e+06   1.7578125e+01
   5.3151850e+06   1.7395020e+01
   5.3151970e+06   1.6418457e+01
   5.3152180e+06   1.8310547e+01
   5.3152350e+06   1.5930176e+01
   5.3152830e+06   1.4465332e+01
   5.3153210e+06   1.5136719e+01
   5.3153430e+06   1.9592285e+01
   5.3527040e+06   1.5563965e+01
   5.4140590e+06   1.6784668e+01
   5.4143130e+06   2.6428223e+01
   5.4146070e+06   2.0996094e+01
   5.4619800e+06   1.6235352e+01
   5.4867660e+06   1.5258789e+01
   5.4870860e+06   1.5686035e+01
   5.4871440e+06   1.4404297e+01
   5.5233270e+06   1.6479492e+01
   5.5667030e+06   1.5197754e+01
   5.5669120e+06   1.5380859e+01
   5.6315160e+06   1.9592285e+01
   5.6660630e+06   1.5075684e+01
   5.6664780e+06   1.4892578e+01
   5.7688690e+06   3.4851074e+01
   5.7689480e+06   1.5258789e+01
   5.7690540e+06   2.9479980e+01
   5.7693170e+06   2.1118164e+01
   5.8843460e+06   1.9714355e+01
   5.8844030e+06   1.6113281e+01
   5.8844750e+06   1.8676758e+01
   5.8844870e+06   2.6184082e+01
   5.8845840e+06   1.4465332e+01
   5.8847020e+06   2.3254395e+01
   5.8849880e+06   1.9592285e+01
   5.9212780e+06   1.4770508e+01
   5.9216340e+06   1.7150879e+01
   5.9217660e+06   1.5625000e+01
   5.9218850e+06   1.4892578e+01
   5.9220530e+06   1.6479492e+01
   5.9222210e+06   1.6235352e+01
   5.9225630e+06   1.4282227e+01
   5.9225830e+06   1.7089844e+01
   5.9577270e+06   3.2043457e+01
   5.9577740e+06   1.4587402e+01
   5.9578490e+06   3.0883789e+01
   5.9579020e+06   1.4770508e+01
   5.9579600e+06   1.6113281e+01
   5.9579940e+06   1.5441895e+01
   5.9580980e+06   1.9409180e+01
   5.9583220e+06   1.6784668e+01
   5.9585850e+06   1.4282227e+01
