   5.9990000e+06   0.0000000e+00
   6.5770100e+05   1.3732910e+01
   6.5777100e+05   2.0935059e+01
   6.5780500e+05   1.3854980e+01
   6.5784700e+05   1.5869141e+01
   6.5798200e+05   1.5075684e+01
   6.5802600e+05   2.1362305e+01
   7.6191400e+05   2.1545410e+01
   7.6193100e+05   1.5808105e+01
   7.6196900e+05   1.4038086e+01
   7.6203100e+05   1.3793945e+01
   1.2567930e+06   1.3732910e+01
   1.5327390e+06   2.0874023e+01
   1.5328170e+06   1.4953613e+01
   1.5329610e+06   1.6845703e+01
   1.5591960e+06   2.4658203e+01
   1.5593080e+06   1.8493652e+01
   1.5593250e+06   1.3854980e+01
   1.5593910e+06   1.5197754e+01
   1.5594030e+06   1.4587402e+01
   1.5611760e+06   1.4282227e+01
   1.5813780e+06   2.0751953e+01
   1.5817110e+06   1.8676758e+01
   1.5818690e+06   2.4291992e+01
   1.5822530e+06   1.5075684e+01
   1.5826410e+06   1.3854980e+01
   1.5826510e+06   1.4404297e+01
   1.6381060e+06   2.2277832e+01
   1.6381570e+06   1.5197754e+01
   1.6383540e+06   1.3793945e+01
   1.6399760e+06   1.3610840e+01
   1.7783550e+06   1.3610840e+01
   2.5803610e+06   1.3977051e+01
   3.0499350e+06   2.3376465e+01
   3.0848480e+06   2.7099609e+01
   3.0848980e+06   1.3854980e+01
   3.0849270e+06   1.3671875e+01
   3.0850490e+06   1.4648438e+01
   3.0855380e+06   1.6479492e+01
   3.4917460e+06   1.8249512e+01
   3.6098230e+06   2.6062012e+01
   3.8627290e+06   1.3610840e+01
   4.1353160e+06   2.5695801e+01
   4.1353560e+06   1.4709473e+01
   4.1353800e+06   1.8127441e+01
   4.1358220e+06   1.6479492e+01
   4.1366780e+06   1.9836426e+01
   4.2100500e+06   1.3671875e+01
   4.4050400e+06   2.1240234e+01
   4.4051420e+06   1.3916016e+01
   4.4938930e+06   2.4047852e+01
   4.4939780e+06   1.6357422e+01
   4.4940070e+06   1.3610840e+01
   4.4940690e+06   1.5380859e+01
   4.7775510e+06   2.1057129e+01
   4.7776290e+06   2.1362305e+01
   4.7776440e+06   1.5808105e+01
   4.7776970e+06   1.5197754e+01
   5.3152760e+06   2.0690918e+01
   5.9574580e+06   1.3916016e+01
