   5.9990000e+06   0.0000000e+00
   2.1760000e+04   1.9592285e+01
   2.1847000e+04   2.0507812e+01
   2.1865000e+04   2.5207520e+01
   2.1921000e+04   1.5686035e+01
   2.1951000e+04   1.7822266e+01
   2.1995000e+04   1.9104004e+01
   2.2275000e+04   1.9226074e+01
   1.3211700e+05   2.0263672e+01
   1.3253500e+05   1.9531250e+01
   2.3928400e+05   1.7822266e+01
   2.3965400e+05   1.6906738e+01
   2.8615300e+05   1.5258789e+01
   2.8802900e+05   1.5808105e+01
   3.4814100e+05   1.9531250e+01
   3.4821700e+05   2.2827148e+01
   3.4823500e+05   1.5930176e+01
   3.4827500e+05   1.5197754e+01
   3.4830500e+05   1.5014648e+01
   3.4834800e+05   1.8493652e+01
   3.4858900e+05   1.8493652e+01
   4.3437900e+05   2.0141602e+01
   4.3491000e+05   1.5686035e+01
   4.3628500e+05   1.4770508e+01
   4.3667800e+05   1.9714355e+01
   4.3714000e+05   2.1667480e+01
   4.9058200e+05   1.6967773e+01
   4.9076700e+05   1.8615723e+01
   4.9102700e+05   1.5136719e+01
   4.9126200e+05   1.7028809e+01
   6.5775200e+05   1.9042969e+01
   6.5777300e+05   2.0507812e+01
   6.5780500e+05   1.8798828e+01
   6.5781700e+05   2.6550293e+01
   6.5785600e+05   1.6723633e+01
   6.5786700e+05   1.9714355e+01
   6.5789800e+05   1.5808105e+01
   6.5798100e+05   1.5991211e+01
   6.5805100e+05   1.6967773e+01
   6.5813600e+05   1.8127441e+01
   6.5819400e+05   1.7089844e+01
   6.7670200e+05   1.9653320e+01
   7.6183000e+05   2.3498535e+01
   7.6186500e+05   1.6845703e+01
   7.6187600e+05   2.4475098e+01
   7.6190700e+05   1.7028809e+01
   7.6223800e+05   1.5197754e+01
   7.6268300e+05   1.6418457e+01
   1.2160410e+06   1.5686035e+01
   1.2193940e+06   1.4892578e+01
   1.2569280e+06   1.8737793e+01
   1.2569570e+06   1.5625000e+01
   1.2570270e+06   1.7944336e+01
   1.2570550e+06   1.8005371e+01
   1.2571150e+06   1.5319824e+01
   1.2574320e+06   1.8310547e+01
   1.2580550e+06   1.6906738e+01
   1.3127590e+06   1.5686035e+01
   1.3127980e+06   1.5014648e+01
   1.3129560e+06   2.1362305e+01
   1.3129740e+06   1.4770508e+01
   1.3130280e+06   1.4831543e+01
   1.3130610e+06   1.6540527e+01
   1.3130980e+06   1.6174316e+01
   1.3131660e+06   1.4953613e+01
   1.4446960e+06   1.6540527e+01
   1.4449840e+06   1.6845703e+01
   1.4453980e+06   1.6479492e+01
   1.4463780e+06   1.7822266e+01
   1.5027850e+06   1.5319824e+01
   1.5028520e+06   2.3010254e+01
   1.5028790e+06   1.7028809e+01
   1.5029250e+06   1.7211914e+01
   1.5031590e+06   1.5625000e+01
   1.5032450e+06   1.6174316e+01
   1.5327270e+06   2.1728516e+01
   1.5327500e+06   2.5695801e+01
   1.5327870e+06   1.7578125e+01
   1.5328200e+06   1.5930176e+01
   1.5328330e+06   2.6794434e+01
   1.5328660e+06   2.1667480e+01
   1.5328820e+06   1.5136719e+01
   1.5329200e+06   1.6357422e+01
   1.5330250e+06   1.5747070e+01
   1.5330530e+06   1.5991211e+01
   1.5332160e+06   2.1118164e+01
   1.5332520e+06   2.0141602e+01
   1.5338250e+06   1.7639160e+01
   1.5494260e+06   1.5502930e+01
   1.5500770e+06   1.5441895e+01
   1.5587020e+06   1.7578125e+01
   1.5587710e+06   1.4892578e+01
   1.5588470e+06   1.8371582e+01
   1.5589540e+06   1.8493652e+01
   1.5590330e+06   2.1484375e+01
   1.5590500e+06   1.7211914e+01
   1.5591020e+06   1.5686035e+01
   1.5591740e+06   2.4169922e+01
   1.5594180e+06   1.5563965e+01
   1.5601380e+06   2.0202637e+01
   1.5811150e+06   1.6601562e+01
   1.5812490e+06   1.9470215e+01
   1.5814270e+06   1.8493652e+01
   1.5814800e+06   1.4770508e+01
   1.5815760e+06   1.9042969e+01
   1.5816560e+06   1.6113281e+01
   1.5817120e+06   2.0507812e+01
   1.5817480e+06   2.0141602e+01
   1.5818300e+06   1.7333984e+01
   1.5819080e+06   1.6418457e+01
   1.5839660e+06   1.5197754e+01
   1.6379590e+06   1.7028809e+01
   1.6380570e+06   1.5930176e+01
   1.6380720e+06   2.7282715e+01
   1.6380900e+06   1.8005371e+01
   1.6381180e+06   1.9226074e+01
   1.6381600e+06   1.7333984e+01
   1.6382130e+06   1.6540527e+01
   1.6382370e+06   1.6235352e+01
   1.6382640e+06   1.4831543e+01
   1.6384760e+06   1.7272949e+01
   1.6385410e+06   1.6540527e+01
   1.6824730e+06   1.5991211e+01
   1.8083940e+06   1.5136719e+01
   1.8274680e+06   1.7700195e+01
   1.8276980e+06   2.1423340e+01
   1.8277550e+06   1.5686035e+01
   1.8277810e+06   1.6845703e+01
   1.8278510e+06   1.4892578e+01
   2.0690620e+06   1.7028809e+01
   2.0693980e+06   1.5563965e+01
   2.0696130e+06   1.6479492e+01
   2.0934240e+06   1.5258789e+01
   2.1755740e+06   1.9531250e+01
   2.1757380e+06   2.1240234e+01
   2.1758870e+06   2.5451660e+01
   2.3643920e+06   1.5625000e+01
   2.3644370e+06   1.7517090e+01
   2.4215250e+06   1.5625000e+01
   2.4215980e+06   1.7150879e+01
   2.4219440e+06   1.9165039e+01
   2.4536880e+06   1.5991211e+01
   2.4537580e+06   1.6174316e+01
   2.4540830e+06   1.5441895e+01
   2.4825310e+06   1.7639160e+01
   2.5714470e+06   1.8310547e+01
   2.5719290e+06   1.9104004e+01
   2.6275190e+06   1.8188477e+01
   2.6276820e+06   1.5563965e+01
   2.6279700e+06   1.7761230e+01
   2.6670330e+06   1.5869141e+01
   2.7308680e+06   1.7578125e+01
   2.7967890e+06   1.7883301e+01
   2.8045120e+06   1.7333984e+01
   2.8049790e+06   1.9714355e+01
   2.8055890e+06   1.7639160e+01
   2.8498790e+06   1.8859863e+01
   2.8500370e+06   1.8432617e+01
   2.8506260e+06   1.9958496e+01
   2.8510620e+06   1.6967773e+01
   2.8511170e+06   1.6174316e+01
   2.9775790e+06   1.4953613e+01
   2.9780720e+06   1.5991211e+01
   2.9785740e+06   1.9226074e+01
   3.0496380e+06   1.7028809e+01
   3.0496870e+06   1.7150879e+01
   3.0497290e+06   1.9165039e+01
   3.0497950e+06   2.2583008e+01
   3.0498180e+06   2.2949219e+01
   3.0498290e+06   1.6845703e+01
   3.0498540e+06   1.8920898e+01
   3.0499480e+06   1.8371582e+01
   3.0501310e+06   1.5014648e+01
   3.0819910e+06   1.5136719e+01
   3.0847080e+06   2.7526855e+01
   3.0847310e+06   1.5686035e+01
   3.0847580e+06   1.8798828e+01
   3.0847750e+06   3.2348633e+01
   3.0848160e+06   1.8066406e+01
   3.0848630e+06   1.6296387e+01
   3.0848880e+06   1.9775391e+01
   3.0849080e+06   1.5136719e+01
   3.0849420e+06   1.6540527e+01
   3.0852200e+06   1.7822266e+01
   3.2014920e+06   1.6784668e+01
   3.2020060e+06   1.7639160e+01
   3.3465680e+06   1.5625000e+01
   3.3467250e+06   1.5075684e+01
   3.3468940e+06   1.8737793e+01
   3.3470940e+06   2.0202637e+01
   3.3471540e+06   1.7211914e+01
   3.4204610e+06   2.1179199e+01
   3.4205640e+06   2.5146484e+01
   3.4205840e+06   1.5625000e+01
   3.4206240e+06   1.8127441e+01
   3.4207490e+06   2.0141602e+01
   3.4209810e+06   1.8737793e+01
   3.4308090e+06   1.8554688e+01
   3.4313290e+06   1.9348145e+01
   3.4911210e+06   1.5747070e+01
   3.4914300e+06   2.2766113e+01
   3.4914750e+06   2.3376465e+01
   3.4915370e+06   1.5441895e+01
   3.4915700e+06   2.3925781e+01
   3.4916100e+06   1.9775391e+01
   3.4916230e+06   1.6418457e+01
   3.4916660e+06   1.6113281e+01
   3.4916930e+06   1.5319824e+01
   3.5916330e+06   1.4892578e+01
   3.6095730e+06   1.7761230e+01
   3.6096300e+06   1.6540527e+01
   3.6096400e+06   2.4841309e+01
   3.6096930e+06   1.5014648e+01
   3.6097260e+06   2.3742676e+01
   3.6097450e+06   1.6906738e+01
   3.6097740e+06   1.8615723e+01
   3.6098080e+06   2.2949219e+01
   3.6098190e+06   1.6601562e+01
   3.6098450e+06   1.8493652e+01
   3.6099270e+06   1.5869141e+01
   3.6100750e+06   1.7333984e+01
   3.6100950e+06   1.6906738e+01
   3.6402810e+06   2.6245117e+01
   3.6403190e+06   1.7395020e+01
   3.6403550e+06   2.1911621e+01
   3.6404380e+06   1.8920898e+01
   3.7480370e+06   1.9165039e+01
   3.7481540e+06   1.6357422e+01
   3.7486170e+06   1.9165039e+01
   3.7487110e+06   1.5991211e+01
   3.8458270e+06   1.7883301e+01
   3.8458910e+06   2.0446777e+01
   3.8462530e+06   1.8676758e+01
   3.9378220e+06   1.5747070e+01
   3.9391030e+06   1.9836426e+01
   3.9392050e+06   1.7944336e+01
   3.9392580e+06   1.8615723e+01
   3.9393070e+06   1.7944336e+01
   3.9393540e+06   1.5808105e+01
   3.9921010e+06   1.5075684e+01
   3.9921730e+06   1.8432617e+01
   3.9922270e+06   1.8493652e+01
   3.9922430e+06   1.8310547e+01
   3.9927060e+06   1.6906738e+01
   4.0437120e+06   1.7456055e+01
   4.0456940e+06   1.4831543e+01
   4.0457570e+06   2.0263672e+01
   4.0457810e+06   1.9104004e+01
   4.0458540e+06   2.0324707e+01
   4.0458990e+06   1.7395020e+01
   4.0459240e+06   1.8188477e+01
   4.0669420e+06   1.6662598e+01
   4.0670190e+06   1.9165039e+01
   4.0670850e+06   1.5014648e+01
   4.0671250e+06   1.4953613e+01
   4.0674020e+06   2.0996094e+01
   4.1112410e+06   1.4953613e+01
   4.1113080e+06   1.6479492e+01
   4.1115940e+06   1.6418457e+01
   4.1352270e+06   2.6672363e+01
   4.1352550e+06   2.9663086e+01
   4.1352780e+06   2.9907227e+01
   4.1353030e+06   2.0324707e+01
   4.1353160e+06   3.0273438e+01
   4.1353500e+06   1.6235352e+01
   4.1353850e+06   1.6540527e+01
   4.1354050e+06   1.4892578e+01
   4.1354340e+06   1.6235352e+01
   4.1355670e+06   1.5136719e+01
   4.1356480e+06   1.5136719e+01
   4.1507560e+06   1.5808105e+01
   4.3296760e+06   2.1606445e+01
   4.3298150e+06   1.6357422e+01
   4.3302670e+06   1.7333984e+01
   4.3307850e+06   1.6601562e+01
   4.3308720e+06   1.5502930e+01
   4.4047820e+06   1.5563965e+01
   4.4048260e+06   2.0996094e+01
   4.4048740e+06   2.7465820e+01
   4.4049260e+06   1.4953613e+01
   4.4049780e+06   1.8127441e+01
   4.4050370e+06   1.8066406e+01
   4.4052750e+06   1.8981934e+01
   4.4713960e+06   1.6967773e+01
   4.4714940e+06   1.4831543e+01
   4.4718780e+06   2.0080566e+01
   4.4724930e+06   1.6906738e+01
   4.4935480e+06   1.7883301e+01
   4.4936120e+06   1.9226074e+01
   4.4937070e+06   1.5747070e+01
   4.4937430e+06   1.5258789e+01
   4.4937780e+06   2.1789551e+01
   4.4937940e+06   1.5686035e+01
   4.4938250e+06   1.8554688e+01
   4.4939080e+06   1.5380859e+01
   4.4942190e+06   1.5319824e+01
   4.5133780e+06   1.6113281e+01
   4.6890220e+06   1.7761230e+01
   4.6890440e+06   2.1179199e+01
   4.6892340e+06   2.1118164e+01
   4.6893070e+06   1.5136719e+01
   4.6893900e+06   1.5441895e+01
   4.7363770e+06   1.6845703e+01
   4.7770220e+06   1.6174316e+01
   4.7775220e+06   2.3559570e+01
   4.7775480e+06   1.6357422e+01
   4.7775620e+06   2.0080566e+01
   4.7776100e+06   1.8981934e+01
   4.7776260e+06   2.4780273e+01
   4.7776550e+06   2.0263672e+01
   4.7776710e+06   1.6357422e+01
   4.7777380e+06   1.5869141e+01
   4.7779440e+06   1.4953613e+01
   4.7781400e+06   1.5075684e+01
   4.7918890e+06   1.8615723e+01
   4.8005620e+06   1.5625000e+01
   4.8005830e+06   1.8066406e+01
   4.8007150e+06   1.5930176e+01
   4.8007810e+06   2.1118164e+01
   4.8008110e+06   1.8005371e+01
   4.8008960e+06   1.6479492e+01
   4.9033320e+06   2.1606445e+01
   4.9033820e+06   1.6113281e+01
   4.9034070e+06   1.5808105e+01
   4.9034930e+06   1.9958496e+01
   5.0335390e+06   1.5075684e+01
   5.0355810e+06   2.1606445e+01
   5.0359640e+06   2.1911621e+01
   5.0360610e+06   1.8493652e+01
   5.0363220e+06   1.6601562e+01
   5.1394400e+06   1.7700195e+01
   5.1394790e+06   2.1179199e+01
   5.1395320e+06   1.6540527e+01
   5.1396090e+06   1.7700195e+01
   5.1399630e+06   1.5014648e+01
   5.2097220e+06   1.5808105e+01
   5.2098590e+06   1.5319824e+01
   5.2101070e+06   2.1728516e+01
   5.2102220e+06   2.5756836e+01
   5.2103020e+06   2.3376465e+01
   5.2103440e+06   1.6662598e+01
   5.2345400e+06   1.6357422e+01
   5.2349630e+06   1.5075684e+01
   5.3144960e+06   1.6174316e+01
   5.3147800e+06   1.6296387e+01
   5.3148040e+06   2.3742676e+01
   5.3148510e+06   1.7639160e+01
   5.3149120e+06   1.5869141e+01
   5.3149340e+06   1.5625000e+01
   5.3155090e+06   1.9226074e+01
   5.3516660e+06   2.0507812e+01
   5.4137670e+06   1.7272949e+01
   5.4138610e+06   1.6784668e+01
   5.4139390e+06   1.8493652e+01
   5.4608520e+06   1.5197754e+01
   5.4613760e+06   1.7822266e+01
   5.4614710e+06   1.5625000e+01
   5.4861060e+06   1.6601562e+01
   5.5219830e+06   1.8554688e+01
   5.5220930e+06   1.5502930e+01
   5.5221220e+06   1.5441895e+01
   5.5656000e+06   2.0812988e+01
   5.5657230e+06   1.5930176e+01
   5.5662150e+06   1.5319824e+01
   5.6304630e+06   1.8676758e+01
   5.6306260e+06   1.6357422e+01
   5.6311050e+06   1.6357422e+01
   5.6658930e+06   1.5197754e+01
   5.7681100e+06   1.8249512e+01
   5.7682260e+06   1.5502930e+01
   5.7684910e+06   2.1606445e+01
   5.8839510e+06   1.4831543e+01
   5.8842180e+06   1.7700195e+01
   5.8843780e+06   1.9409180e+01
   5.8843990e+06   1.7456055e+01
   5.8844230e+06   1.7272949e+01
   5.8844840e+06   1.6723633e+01
   5.8844990e+06   1.5930176e+01
   5.8845740e+06   1.4831543e+01
   5.9218530e+06   1.7944336e+01
   5.9218770e+06   1.9897461e+01
   5.9219530e+06   1.7211914e+01
   5.9220440e+06   1.5747070e+01
   5.9576380e+06   1.6967773e+01
   5.9578160e+06   2.1728516e+01
   5.9579420e+06   1.6906738e+01
   5.9579570e+06   1.6784668e+01
   5.9579900e+06   1.9775391e+01
   5.9580100e+06   1.5136719e+01
