   5.9990000e+06   0.0000000e+00
   2.1696000e+04   2.0751953e+01
   2.1719000e+04   1.5380859e+01
   2.1828000e+04   1.5625000e+01
   2.1922000e+04   1.6235352e+01
   2.2082000e+04   1.5625000e+01
   1.3312900e+05   1.4953613e+01
   2.1361200e+05   1.6723633e+01
   2.4069900e+05   1.5197754e+01
   3.2338000e+05   1.8310547e+01
   3.4798300e+05   1.5197754e+01
   3.4813600e+05   1.6540527e+01
   3.4819900e+05   1.6784668e+01
   3.4992000e+05   2.9602051e+01
   4.3402800e+05   1.6540527e+01
   4.3461000e+05   1.5014648e+01
   4.3656000e+05   1.5747070e+01
   4.3665800e+05   1.7211914e+01
   4.3670200e+05   1.5930176e+01
   4.3700000e+05   1.6052246e+01
   4.3702300e+05   1.7761230e+01
   4.3720300e+05   1.9836426e+01
   4.3723700e+05   1.5197754e+01
   4.3740100e+05   1.5197754e+01
   4.5694200e+05   1.6662598e+01
   4.9035700e+05   1.5197754e+01
   4.9106800e+05   1.5869141e+01
   5.5360600e+05   2.9174805e+01
   5.8297000e+05   1.7517090e+01
   6.5751800e+05   1.9042969e+01
   6.5754500e+05   1.5747070e+01
   6.5757900e+05   1.5014648e+01
   6.5760200e+05   2.0751953e+01
   6.5762500e+05   1.8066406e+01
   6.5767100e+05   1.5014648e+01
   6.5769300e+05   1.8371582e+01
   6.5771500e+05   1.9165039e+01
   6.5777000e+05   1.7517090e+01
   6.5779100e+05   2.9296875e+01
   6.5782000e+05   1.8859863e+01
   6.5783000e+05   1.8676758e+01
   6.5784700e+05   1.5991211e+01
   6.5787700e+05   1.9409180e+01
   6.5789900e+05   2.1423340e+01
   6.5793500e+05   1.8310547e+01
   6.5795400e+05   1.6784668e+01
   6.5800200e+05   2.3193359e+01
   6.5801600e+05   1.6357422e+01
   6.5809200e+05   1.6113281e+01
   6.5811300e+05   1.7578125e+01
   6.5833100e+05   1.5502930e+01
   6.5843700e+05   1.6479492e+01
   6.5853500e+05   1.6174316e+01
   6.5872700e+05   1.6540527e+01
   6.5881200e+05   1.5991211e+01
   6.5883800e+05   2.8869629e+01
   6.5887400e+05   1.6662598e+01
   6.7661000e+05   1.5319824e+01
   6.7676000e+05   1.5502930e+01
   6.7721600e+05   1.5991211e+01
   6.7731300e+05   1.7639160e+01
   6.7804000e+05   1.5075684e+01
   7.6184500e+05   2.5756836e+01
   7.6186900e+05   1.9409180e+01
   7.6188400e+05   2.9174805e+01
   7.6191600e+05   3.3020020e+01
   7.6192800e+05   1.7272949e+01
   7.6195600e+05   1.5563965e+01
   7.6198100e+05   1.7944336e+01
   7.6199100e+05   2.2644043e+01
   7.6205300e+05   1.8981934e+01
   7.6206800e+05   2.1789551e+01
   7.6211400e+05   1.5869141e+01
   7.6215000e+05   1.8676758e+01
   7.6218100e+05   1.8188477e+01
   7.6219300e+05   1.8127441e+01
   7.6222900e+05   1.5991211e+01
   7.6228000e+05   1.5136719e+01
   7.6232200e+05   1.5930176e+01
   7.6240000e+05   1.6418457e+01
   7.6248400e+05   1.6174316e+01
   7.6252200e+05   1.8249512e+01
   7.6257900e+05   1.8127441e+01
   7.6563900e+05   2.2521973e+01
   1.1654680e+06   1.5441895e+01
   1.2567540e+06   1.5563965e+01
   1.2568350e+06   1.5563965e+01
   1.2568800e+06   1.5747070e+01
   1.2569270e+06   1.9714355e+01
   1.2569720e+06   1.6845703e+01
   1.2570520e+06   1.7822266e+01
   1.2570790e+06   1.5136719e+01
   1.4442510e+06   1.5136719e+01
   1.4442790e+06   1.7333984e+01
   1.4443940e+06   1.5014648e+01
   1.5026450e+06   1.5747070e+01
   1.5326800e+06   1.5563965e+01
   1.5327770e+06   2.7160645e+01
   1.5327970e+06   1.7700195e+01
   1.5328180e+06   1.5930176e+01
   1.5328870e+06   1.7150879e+01
   1.5329270e+06   1.8066406e+01
   1.5574470e+06   1.6967773e+01
   1.5594120e+06   1.6845703e+01
   1.5594270e+06   1.7089844e+01
   1.5594430e+06   1.9104004e+01
   1.5594610e+06   2.2766113e+01
   1.5594760e+06   1.6235352e+01
   1.5594940e+06   2.0751953e+01
   1.5595100e+06   1.5197754e+01
   1.5595280e+06   1.5319824e+01
   1.5595520e+06   1.9226074e+01
   1.5595700e+06   1.8676758e+01
   1.5596100e+06   3.1555176e+01
   1.5596660e+06   2.5085449e+01
   1.5597020e+06   1.5808105e+01
   1.5597250e+06   1.8737793e+01
   1.5597620e+06   2.3742676e+01
   1.5597770e+06   1.5075684e+01
   1.5597950e+06   1.7456055e+01
   1.5598630e+06   1.6052246e+01
   1.5600460e+06   1.7333984e+01
   1.5601520e+06   1.5136719e+01
   1.5602010e+06   1.6052246e+01
   1.5604600e+06   1.5258789e+01
   1.5801490e+06   1.6418457e+01
   1.5802880e+06   1.9531250e+01
   1.5804480e+06   1.5747070e+01
   1.5805460e+06   1.5441895e+01
   1.5806510e+06   1.5136719e+01
   1.5806750e+06   1.5075684e+01
   1.5807290e+06   1.8432617e+01
   1.5807660e+06   1.7761230e+01
   1.5808700e+06   1.5930176e+01
   1.5810410e+06   1.5441895e+01
   1.5811090e+06   2.1179199e+01
   1.5813210e+06   1.6967773e+01
   1.5822390e+06   1.5686035e+01
   1.6379140e+06   1.6235352e+01
   1.6380240e+06   2.8198242e+01
   1.6380550e+06   1.8737793e+01
   1.6380950e+06   4.6081543e+01
   1.6381050e+06   2.8320312e+01
   1.6381320e+06   1.9836426e+01
   1.6381580e+06   2.6916504e+01
   1.6381710e+06   2.8137207e+01
   1.6382250e+06   1.9897461e+01
   1.6383530e+06   1.9714355e+01
   1.6383830e+06   1.6967773e+01
   1.6384200e+06   1.9836426e+01
   1.6384400e+06   1.5869141e+01
   1.6384840e+06   1.6601562e+01
   1.6386140e+06   1.5014648e+01
   1.6388540e+06   1.8859863e+01
   1.6390090e+06   1.8127441e+01
   1.8275970e+06   1.5808105e+01
   2.1754650e+06   1.9897461e+01
   2.2230410e+06   1.6418457e+01
   2.2545620e+06   1.5808105e+01
   2.2560950e+06   1.4953613e+01
   2.3632650e+06   1.5808105e+01
   2.4206320e+06   1.5197754e+01
   2.4544510e+06   1.5441895e+01
   2.5720430e+06   1.5686035e+01
   2.5721710e+06   1.5380859e+01
   2.7305580e+06   1.5625000e+01
   2.8494470e+06   1.9226074e+01
   2.8510280e+06   1.7395020e+01
   3.0494700e+06   1.5930176e+01
   3.0495790e+06   1.6174316e+01
   3.0496350e+06   1.5441895e+01
   3.0496560e+06   1.8005371e+01
   3.0498110e+06   1.6113281e+01
   3.0498360e+06   1.6052246e+01
   3.0498590e+06   2.2827148e+01
   3.0498750e+06   2.8259277e+01
   3.0499080e+06   1.9653320e+01
   3.0499270e+06   3.2165527e+01
   3.0499410e+06   1.7639160e+01
   3.0499670e+06   1.5014648e+01
   3.0499870e+06   2.1911621e+01
   3.0500190e+06   1.8615723e+01
   3.0501620e+06   1.9897461e+01
   3.0502490e+06   1.8066406e+01
   3.0847470e+06   1.7028809e+01
   3.0847740e+06   1.6967773e+01
   3.0847910e+06   2.0812988e+01
   3.0848130e+06   2.2155762e+01
   3.0848290e+06   2.3559570e+01
   3.0848530e+06   2.0874023e+01
   3.0848740e+06   2.6428223e+01
   3.0848960e+06   3.6743164e+01
   3.0849200e+06   2.3071289e+01
   3.0849390e+06   1.5625000e+01
   3.0849550e+06   1.5808105e+01
   3.0849850e+06   2.0812988e+01
   3.0850040e+06   1.5808105e+01
   3.0850500e+06   1.7639160e+01
   3.0850690e+06   2.1301270e+01
   3.0850860e+06   2.7404785e+01
   3.0851490e+06   1.7822266e+01
   3.0851760e+06   1.6784668e+01
   3.0852050e+06   1.7028809e+01
   3.0852600e+06   1.6601562e+01
   3.0853110e+06   1.5747070e+01
   3.0853920e+06   2.7587891e+01
   3.0855410e+06   1.5197754e+01
   3.0859530e+06   1.6906738e+01
   3.3474970e+06   1.5502930e+01
   3.3475880e+06   1.6052246e+01
   3.3476020e+06   1.6113281e+01
   3.3476400e+06   2.0690918e+01
   3.3476670e+06   1.9714355e+01
   3.3476860e+06   1.8798828e+01
   3.3477120e+06   1.7822266e+01
   3.3477250e+06   4.2602539e+01
   3.3477540e+06   2.1423340e+01
   3.3477920e+06   1.5380859e+01
   3.3478080e+06   2.0446777e+01
   3.3478180e+06   2.2460938e+01
   3.3478380e+06   1.5747070e+01
   3.3478670e+06   2.1850586e+01
   3.3478880e+06   2.2155762e+01
   3.3479120e+06   1.6174316e+01
   3.3479550e+06   1.5319824e+01
   3.3479830e+06   1.6174316e+01
   3.3888680e+06   1.5075684e+01
   3.4202990e+06   1.6601562e+01
   3.4203230e+06   1.7761230e+01
   3.4203640e+06   1.7944336e+01
   3.4204130e+06   1.5686035e+01
   3.4204980e+06   1.5075684e+01
   3.4205590e+06   1.7395020e+01
   3.4206840e+06   1.5625000e+01
   3.4207030e+06   1.5991211e+01
   3.4207470e+06   1.6052246e+01
   3.4207960e+06   1.7761230e+01
   3.4208230e+06   2.8320312e+01
   3.4209010e+06   1.6662598e+01
   3.4213620e+06   2.5085449e+01
   3.4919000e+06   1.8188477e+01
   3.4919590e+06   1.7150879e+01
   3.4920110e+06   1.5380859e+01
   3.4924510e+06   1.5258789e+01
   3.5314370e+06   2.5390625e+01
   3.5637230e+06   1.7272949e+01
   3.6093370e+06   1.6418457e+01
   3.6094240e+06   2.1484375e+01
   3.6094720e+06   1.6967773e+01
   3.6095070e+06   1.6784668e+01
   3.6095640e+06   1.5686035e+01
   3.6096300e+06   1.6296387e+01
   3.6096660e+06   1.5625000e+01
   3.6096950e+06   2.5085449e+01
   3.6097660e+06   2.9724121e+01
   3.6098010e+06   2.1606445e+01
   3.6098320e+06   1.5563965e+01
   3.6098740e+06   1.5686035e+01
   3.6099030e+06   1.5625000e+01
   3.6400080e+06   1.5136719e+01
   3.6400770e+06   1.5258789e+01
   3.6401280e+06   1.5075684e+01
   3.6401740e+06   1.6479492e+01
   3.6401950e+06   1.7944336e+01
   3.6402080e+06   1.8005371e+01
   3.6404930e+06   1.6418457e+01
   3.6405260e+06   1.8310547e+01
   3.6406870e+06   2.0874023e+01
   3.6654370e+06   1.7333984e+01
   3.7476660e+06   1.7822266e+01
   3.7488100e+06   1.6418457e+01
   3.7489580e+06   1.7089844e+01
   3.7489710e+06   1.9592285e+01
   3.7489960e+06   2.1179199e+01
   3.7490260e+06   1.8859863e+01
   3.7490640e+06   1.5869141e+01
   3.7490910e+06   1.8066406e+01
   3.7491420e+06   1.5930176e+01
   3.7491720e+06   2.5024414e+01
   3.7492250e+06   1.5014648e+01
   3.7763290e+06   1.5258789e+01
   3.8461930e+06   1.5014648e+01
   3.8462040e+06   1.5258789e+01
   3.8462870e+06   1.6479492e+01
   3.8463800e+06   1.5625000e+01
   3.8464960e+06   1.7883301e+01
   3.9396000e+06   1.5075684e+01
   3.9919450e+06   1.5502930e+01
   3.9920420e+06   1.6052246e+01
   3.9920550e+06   1.5075684e+01
   3.9921000e+06   1.5625000e+01
   3.9921270e+06   2.1240234e+01
   3.9921400e+06   1.5563965e+01
   3.9921650e+06   1.6418457e+01
   3.9921870e+06   1.6540527e+01
   3.9925100e+06   1.5686035e+01
   4.0460510e+06   1.5319824e+01
   4.0461220e+06   1.5563965e+01
   4.0461950e+06   1.5258789e+01
   4.0668210e+06   1.5319824e+01
   4.0668510e+06   1.5930176e+01
   4.0668680e+06   1.9897461e+01
   4.0669520e+06   1.7272949e+01
   4.1116720e+06   1.5319824e+01
   4.1352440e+06   1.5380859e+01
   4.1352640e+06   2.4414062e+01
   4.1352950e+06   3.4606934e+01
   4.1353050e+06   1.9775391e+01
   4.1353240e+06   2.1240234e+01
   4.1353540e+06   2.8381348e+01
   4.1353810e+06   1.8310547e+01
   4.1353990e+06   2.5756836e+01
   4.1354200e+06   2.7587891e+01
   4.1354620e+06   2.1545410e+01
   4.1354900e+06   2.1484375e+01
   4.1355080e+06   2.3132324e+01
   4.1355310e+06   1.7211914e+01
   4.1355530e+06   1.5563965e+01
   4.1356160e+06   1.5869141e+01
   4.1356350e+06   1.5686035e+01
   4.1357120e+06   2.0202637e+01
   4.1357580e+06   1.8371582e+01
   4.1358580e+06   1.6357422e+01
   4.1359160e+06   2.5817871e+01
   4.1360170e+06   1.5502930e+01
   4.1362530e+06   1.5136719e+01
   4.1516790e+06   1.5258789e+01
   4.1519480e+06   1.6235352e+01
   4.1519600e+06   1.8371582e+01
   4.1520030e+06   1.6113281e+01
   4.1520330e+06   1.5563965e+01
   4.1520600e+06   1.6296387e+01
   4.1520860e+06   1.9165039e+01
   4.1521110e+06   2.2155762e+01
   4.1521330e+06   1.6906738e+01
   4.1521560e+06   2.2094727e+01
   4.1521960e+06   1.6906738e+01
   4.1522160e+06   2.3254395e+01
   4.1522660e+06   2.2583008e+01
   4.1523210e+06   2.2521973e+01
   4.1523420e+06   1.5686035e+01
   4.1523720e+06   3.1066895e+01
   4.1523970e+06   1.5991211e+01
   4.1524090e+06   1.5808105e+01
   4.1524690e+06   2.7099609e+01
   4.1524870e+06   2.5634766e+01
   4.1525200e+06   1.7272949e+01
   4.1525840e+06   1.5563965e+01
   4.1526160e+06   2.2277832e+01
   4.1527340e+06   1.6967773e+01
   4.1527880e+06   2.3254395e+01
   4.1528580e+06   1.6479492e+01
   4.1529920e+06   1.5441895e+01
   4.1535850e+06   1.5136719e+01
   4.4047670e+06   1.7578125e+01
   4.4048360e+06   1.6784668e+01
   4.4048910e+06   1.5197754e+01
   4.4049070e+06   1.6540527e+01
   4.4049260e+06   1.8554688e+01
   4.4049870e+06   1.5136719e+01
   4.4050290e+06   2.6367188e+01
   4.4050390e+06   1.5441895e+01
   4.4050740e+06   1.6296387e+01
   4.4050980e+06   2.0629883e+01
   4.4051390e+06   1.9042969e+01
   4.4051580e+06   1.8005371e+01
   4.4051920e+06   1.8188477e+01
   4.4052060e+06   1.7822266e+01
   4.4052530e+06   1.6906738e+01
   4.4053430e+06   1.5747070e+01
   4.4054940e+06   1.7089844e+01
   4.4055160e+06   1.8371582e+01
   4.4746620e+06   1.5502930e+01
   4.4929860e+06   1.7272949e+01
   4.4939860e+06   1.7089844e+01
   4.4940040e+06   1.5869141e+01
   4.4940360e+06   2.7160645e+01
   4.4940580e+06   3.8879395e+01
   4.4940870e+06   2.8503418e+01
   4.4941100e+06   3.0456543e+01
   4.4941350e+06   1.7761230e+01
   4.4941450e+06   2.5329590e+01
   4.4941720e+06   2.3315430e+01
   4.4941930e+06   1.8920898e+01
   4.4942250e+06   2.3559570e+01
   4.4942400e+06   2.1240234e+01
   4.4942660e+06   2.2460938e+01
   4.4942780e+06   1.6357422e+01
   4.4943200e+06   1.8676758e+01
   4.4945060e+06   1.8188477e+01
   4.4945330e+06   2.7282715e+01
   4.5132080e+06   1.6235352e+01
   4.5132920e+06   1.5563965e+01
   4.5133740e+06   1.5136719e+01
   4.5134400e+06   1.5930176e+01
   4.5135100e+06   1.5686035e+01
   4.5135600e+06   2.8015137e+01
   4.5136270e+06   1.6540527e+01
   4.5136410e+06   2.0263672e+01
   4.5137030e+06   1.8066406e+01
   4.5137510e+06   2.0080566e+01
   4.5137930e+06   1.7028809e+01
   4.5138240e+06   1.6052246e+01
   4.5139010e+06   1.9165039e+01
   4.5139390e+06   1.6906738e+01
   4.5140090e+06   1.5258789e+01
   4.6896390e+06   1.5808105e+01
   4.6901240e+06   1.6113281e+01
   4.7358920e+06   1.5075684e+01
   4.7767490e+06   1.6906738e+01
   4.7769620e+06   1.5014648e+01
   4.7774240e+06   1.9165039e+01
   4.7775000e+06   1.7517090e+01
   4.7775280e+06   1.7578125e+01
   4.7775450e+06   2.9174805e+01
   4.7775560e+06   3.5583496e+01
   4.7775810e+06   1.5258789e+01
   4.7775940e+06   2.3437500e+01
   4.7776170e+06   3.6132812e+01
   4.7776450e+06   1.6723633e+01
   4.7776550e+06   1.9470215e+01
   4.7776650e+06   2.6245117e+01
   4.7776850e+06   1.8981934e+01
   4.7777040e+06   2.1301270e+01
   4.7777170e+06   1.6357422e+01
   4.7777850e+06   1.9653320e+01
   4.7778400e+06   2.1789551e+01
   4.7778750e+06   1.5441895e+01
   4.7779100e+06   1.6174316e+01
   4.7779570e+06   1.7639160e+01
   4.7780120e+06   2.3559570e+01
   4.7782060e+06   1.5625000e+01
   4.7783190e+06   1.5441895e+01
   4.8002530e+06   1.8249512e+01
   4.8003190e+06   1.5197754e+01
   4.8003820e+06   1.6601562e+01
   4.8004860e+06   1.6662598e+01
   4.8006520e+06   1.5502930e+01
   4.8008460e+06   1.7761230e+01
   4.8008870e+06   1.6235352e+01
   4.8010260e+06   1.7395020e+01
   4.8011170e+06   1.5563965e+01
   4.8013490e+06   1.5869141e+01
   4.8015020e+06   1.5563965e+01
   4.8015280e+06   1.5808105e+01
   4.9032030e+06   1.6906738e+01
   4.9032520e+06   1.6601562e+01
   5.0354470e+06   1.5869141e+01
   5.0355730e+06   1.5380859e+01
   5.0356110e+06   1.5258789e+01
   5.1395160e+06   1.5075684e+01
   5.1396970e+06   1.5258789e+01
   5.1397270e+06   1.6296387e+01
   5.1397930e+06   1.6906738e+01
   5.1398200e+06   1.7456055e+01
   5.2094780e+06   1.6357422e+01
   5.2101300e+06   1.8737793e+01
   5.2103650e+06   1.5441895e+01
   5.2344690e+06   1.7456055e+01
   5.2345660e+06   1.5808105e+01
   5.3150250e+06   1.5563965e+01
   5.3150440e+06   1.5014648e+01
   5.3151240e+06   1.7700195e+01
   5.3151490e+06   1.6479492e+01
   5.3151680e+06   1.9470215e+01
   5.3151910e+06   3.0151367e+01
   5.3152060e+06   3.7475586e+01
   5.3152210e+06   2.1057129e+01
   5.3152390e+06   2.9479980e+01
   5.3152900e+06   2.4658203e+01
   5.3153540e+06   1.8615723e+01
   5.3155090e+06   1.7089844e+01
   5.3155790e+06   1.7395020e+01
   5.3156760e+06   2.9357910e+01
   5.3521310e+06   1.6723633e+01
   5.3523260e+06   1.5625000e+01
   5.3524180e+06   1.5075684e+01
   5.4142080e+06   1.7578125e+01
   5.4146300e+06   1.5869141e+01
   5.4620590e+06   1.5991211e+01
   5.4620810e+06   1.5563965e+01
   5.4857970e+06   1.5930176e+01
   5.4868250e+06   1.5014648e+01
   5.4869910e+06   1.5197754e+01
   5.5230310e+06   1.5136719e+01
   5.5667960e+06   1.5319824e+01
   5.6301380e+06   1.8737793e+01
   5.6312660e+06   1.5625000e+01
   5.6663940e+06   2.1240234e+01
   5.6668450e+06   2.8808594e+01
   5.7688770e+06   1.5502930e+01
   5.7689200e+06   1.9348145e+01
   5.7689380e+06   1.6540527e+01
   5.7689640e+06   1.5075684e+01
   5.7690110e+06   1.5319824e+01
   5.7691550e+06   1.9775391e+01
   5.7691910e+06   1.6052246e+01
   5.7694770e+06   1.6540527e+01
   5.8840450e+06   1.5258789e+01
   5.8843410e+06   1.9531250e+01
   5.8844390e+06   1.6174316e+01
   5.8844950e+06   1.6296387e+01
   5.8846270e+06   2.2949219e+01
   5.8846660e+06   1.5258789e+01
   5.8847040e+06   1.8676758e+01
   5.8848400e+06   1.6113281e+01
   5.9204450e+06   1.7761230e+01
   5.9212430e+06   1.5502930e+01
   5.9212910e+06   1.5808105e+01
   5.9574160e+06   1.7272949e+01
   5.9574570e+06   1.6296387e+01
   5.9574880e+06   1.9714355e+01
   5.9575250e+06   1.8493652e+01
   5.9575410e+06   1.8493652e+01
   5.9578070e+06   1.8249512e+01
   5.9578810e+06   1.8371582e+01
   5.9579530e+06   1.7028809e+01
