   5.9990000e+06   0.0000000e+00
   2.4753900e+05   1.4465332e+01
   6.9360000e+05   1.4709473e+01
   8.2546700e+05   1.5014648e+01
   8.8614500e+05   1.5319824e+01
   1.1399020e+06   1.4465332e+01
   1.1600480e+06   1.4221191e+01
   1.2379470e+06   1.5075684e+01
   1.2898550e+06   1.4709473e+01
   1.2952320e+06   1.4282227e+01
   1.3373090e+06   1.5808105e+01
   1.3427420e+06   1.4343262e+01
   1.4251530e+06   1.4465332e+01
   1.5020410e+06   1.5563965e+01
   1.5256510e+06   1.5014648e+01
   1.6438900e+06   1.5563965e+01
   1.6747560e+06   1.4404297e+01
   1.7170490e+06   1.4282227e+01
   1.8581970e+06   1.4221191e+01
   1.8935560e+06   3.5949707e+01
   1.8935680e+06   1.8554688e+01
   1.8935920e+06   1.7333984e+01
   1.8936170e+06   2.0629883e+01
   1.8936570e+06   1.5686035e+01
   1.8936800e+06   1.6235352e+01
   1.8936960e+06   1.6174316e+01
   1.8937300e+06   1.9104004e+01
   1.8937490e+06   1.9165039e+01
   1.8941700e+06   1.7517090e+01
   1.8945200e+06   1.4465332e+01
   1.8945640e+06   1.4648437e+01
   1.9029090e+06   3.3081055e+01
   1.9722650e+06   1.4282227e+01
   2.0656400e+06   1.4709473e+01
   2.2011010e+06   1.4221191e+01
   2.3363640e+06   1.5380859e+01
   2.3365570e+06   2.0874023e+01
   2.3365700e+06   2.5634766e+01
   2.3365980e+06   2.7709961e+01
   2.3366100e+06   3.0151367e+01
   2.3366410e+06   1.8981934e+01
   2.3366620e+06   1.8432617e+01
   2.3367140e+06   2.0568848e+01
   2.3367330e+06   1.4770508e+01
   2.3367750e+06   1.5686035e+01
   2.3368570e+06   2.1179199e+01
   2.3368970e+06   1.5747070e+01
   2.3371710e+06   1.4526367e+01
   2.3685420e+06   1.5319824e+01
   2.4701670e+06   1.5136719e+01
   2.6572010e+06   1.5625000e+01
   2.6572250e+06   1.5930176e+01
   2.6572510e+06   2.2460938e+01
   2.6572640e+06   1.8432617e+01
   2.6573000e+06   2.2827148e+01
   2.6573150e+06   2.5024414e+01
   2.6573430e+06   1.8371582e+01
   2.6573550e+06   1.9775391e+01
   2.6574100e+06   2.1606445e+01
   2.6574850e+06   1.6601562e+01
   2.6575240e+06   1.4221191e+01
   2.6576380e+06   1.7639160e+01
   2.6576890e+06   1.4465332e+01
   2.6580800e+06   1.4831543e+01
   3.1576060e+06   1.4282227e+01
   3.1576220e+06   2.0874023e+01
   3.1576390e+06   3.4057617e+01
   3.1576580e+06   2.5146484e+01
   3.1576690e+06   1.7089844e+01
   3.1576820e+06   2.6123047e+01
   3.1577230e+06   2.8198242e+01
   3.1577510e+06   1.4404297e+01
   3.1577870e+06   2.1301270e+01
   3.1579770e+06   1.4404297e+01
   3.1580260e+06   1.9104004e+01
   3.1581340e+06   1.5747070e+01
   3.1582360e+06   1.4709473e+01
   3.2532540e+06   1.4892578e+01
   3.2607650e+06   1.4343262e+01
   3.3766660e+06   1.4648437e+01
   3.4082440e+06   1.4282227e+01
   3.4082680e+06   3.9062500e+01
   3.4082970e+06   3.0090332e+01
   3.4083130e+06   2.3803711e+01
   3.4083530e+06   2.5695801e+01
   3.4084190e+06   1.9470215e+01
   3.4084590e+06   1.9470215e+01
   3.4085820e+06   1.5563965e+01
   3.4089940e+06   1.5991211e+01
   3.5018800e+06   1.5014648e+01
   3.5057400e+06   1.6235352e+01
   3.6954940e+06   1.4343262e+01
   3.7109550e+06   1.4953613e+01
   3.8987970e+06   1.4465332e+01
   3.9214050e+06   3.1982422e+01
   3.9214250e+06   2.2216797e+01
   3.9214680e+06   2.5329590e+01
   3.9214830e+06   2.4597168e+01
   3.9214930e+06   2.0690918e+01
   3.9215470e+06   2.2827148e+01
   3.9215660e+06   1.4465332e+01
   3.9216080e+06   2.7526855e+01
   3.9216650e+06   2.0446777e+01
   3.9217600e+06   1.8554688e+01
   3.9218420e+06   1.8066406e+01
   3.9219040e+06   1.8920898e+01
   3.9336130e+06   1.4343262e+01
   3.9341010e+06   1.5502930e+01
   3.9341680e+06   1.6418457e+01
   3.9343290e+06   1.6967773e+01
   3.9343510e+06   2.3193359e+01
   3.9345090e+06   1.6357422e+01
   3.9345320e+06   2.4841309e+01
   3.9346730e+06   1.4831543e+01
   3.9346910e+06   1.7639160e+01
   3.9347650e+06   1.4892578e+01
   3.9347970e+06   1.4343262e+01
   3.9348310e+06   1.4587402e+01
   3.9348530e+06   2.1301270e+01
   3.9349410e+06   1.5991211e+01
   3.9351050e+06   1.6174316e+01
   3.9352110e+06   1.7761230e+01
   3.9352390e+06   1.5380859e+01
   3.9354170e+06   1.6723633e+01
   3.9355990e+06   1.4770508e+01
   3.9356310e+06   1.4648437e+01
   3.9359080e+06   1.8005371e+01
   3.9361280e+06   1.4953613e+01
   3.9366200e+06   1.4221191e+01
   3.9367170e+06   1.6601562e+01
   3.9369480e+06   1.7333984e+01
   3.9371620e+06   1.8798828e+01
   3.9374080e+06   1.4526367e+01
   4.0279100e+06   1.5625000e+01
   4.2368880e+06   1.4282227e+01
   4.2690890e+06   1.4587402e+01
   4.3082750e+06   1.5563965e+01
   4.3269110e+06   1.5625000e+01
   4.3269310e+06   1.7578125e+01
   4.3269890e+06   2.2155762e+01
   4.3270150e+06   1.8737793e+01
   4.3270360e+06   1.9836426e+01
   4.3270710e+06   2.9479980e+01
   4.3270900e+06   3.4423828e+01
   4.3271210e+06   1.4709473e+01
   4.3271350e+06   1.5014648e+01
   4.3271510e+06   1.4526367e+01
   4.3271730e+06   1.7517090e+01
   4.3272120e+06   1.5747070e+01
   4.3272390e+06   1.6479492e+01
   4.3272540e+06   2.0690918e+01
   4.3272850e+06   1.8249512e+01
   4.3273490e+06   1.5319824e+01
   4.3274410e+06   1.5075684e+01
   4.3511730e+06   1.4221191e+01
   4.4960080e+06   1.4709473e+01
   4.5060240e+06   3.1860352e+01
   4.5060530e+06   1.8859863e+01
   4.5060680e+06   2.0019531e+01
   4.5060890e+06   2.0996094e+01
   4.5061140e+06   1.8859863e+01
   4.5061510e+06   2.8137207e+01
   4.5061880e+06   2.1118164e+01
   4.5062160e+06   1.8981934e+01
   4.5062510e+06   1.5930176e+01
   4.5062800e+06   1.7944336e+01
   4.5064020e+06   1.4648438e+01
   4.5064700e+06   1.5075684e+01
   4.5066690e+06   1.4404297e+01
   4.5859460e+06   1.4221191e+01
   4.6247090e+06   1.4221191e+01
   4.7129820e+06   1.4587402e+01
   4.7132840e+06   1.6418457e+01
   4.7138080e+06   1.5014648e+01
   4.7141820e+06   1.5136719e+01
   4.7147870e+06   1.4892578e+01
   4.7154560e+06   1.6662598e+01
   4.7873440e+06   1.7456055e+01
   4.7873660e+06   2.9174805e+01
   4.7873840e+06   3.0822754e+01
   4.7874000e+06   1.6784668e+01
   4.7874130e+06   2.0202637e+01
   4.7874290e+06   1.9409180e+01
   4.7874560e+06   1.9226074e+01
   4.7874820e+06   1.6967773e+01
   4.7874920e+06   1.9531250e+01
   4.7875190e+06   1.7395020e+01
   4.7875520e+06   1.7944336e+01
   4.7876120e+06   1.6357422e+01
   4.7876310e+06   1.4648437e+01
   4.7876490e+06   1.7272949e+01
   4.7876880e+06   1.5380859e+01
   4.8134540e+06   2.3132324e+01
   4.8135680e+06   1.5991211e+01
   4.8140330e+06   1.4892578e+01
   4.8144300e+06   1.9958496e+01
   4.8145780e+06   1.4404297e+01
   4.8151550e+06   1.7272949e+01
   4.8153080e+06   1.4404297e+01
   4.8159340e+06   1.4953613e+01
   4.8283050e+06   1.5319824e+01
   4.8285620e+06   1.5380859e+01
   4.8291860e+06   1.5563965e+01
   4.8316950e+06   1.4343262e+01
   4.8326680e+06   1.5380859e+01
   4.8346590e+06   1.6418457e+01
   4.8380650e+06   1.4587402e+01
   4.8382890e+06   1.4587402e+01
   4.8981000e+06   1.5441895e+01
   4.9461290e+06   1.7089844e+01
   4.9802580e+06   1.6174316e+01
   5.0553240e+06   1.4221191e+01
   5.0687530e+06   1.5319824e+01
   5.0689390e+06   2.1301270e+01
   5.0691120e+06   1.6052246e+01
   5.0695110e+06   1.8127441e+01
   5.0700370e+06   1.8310547e+01
   5.0704410e+06   1.6052246e+01
   5.0719530e+06   1.4587402e+01
   5.0728210e+06   1.7517090e+01
   5.1262800e+06   1.4526367e+01
   5.2157730e+06   3.2470703e+01
   5.2157940e+06   1.8188477e+01
   5.2158140e+06   1.8859863e+01
   5.2158320e+06   3.1616211e+01
   5.2158680e+06   2.6611328e+01
   5.2158780e+06   1.9165039e+01
   5.2159070e+06   1.5625000e+01
   5.2159310e+06   2.6184082e+01
   5.2159510e+06   1.8188477e+01
   5.2159970e+06   1.6479492e+01
   5.2160410e+06   1.8676758e+01
   5.2160760e+06   1.5563965e+01
   5.2317290e+06   1.4526367e+01
   5.2317610e+06   4.6264648e+01
   5.2317880e+06   1.9348145e+01
   5.2318040e+06   1.4770508e+01
   5.2318210e+06   4.1320801e+01
   5.2318430e+06   1.4343262e+01
   5.2318700e+06   1.8981934e+01
   5.2318840e+06   2.0019531e+01
   5.2319200e+06   1.7211914e+01
   5.2319770e+06   1.4587402e+01
   5.2320040e+06   1.7395020e+01
   5.2320160e+06   1.5563965e+01
   5.2320370e+06   1.5258789e+01
   5.2320930e+06   1.5747070e+01
   5.2321050e+06   1.4465332e+01
   5.2321340e+06   1.4709473e+01
   5.2321730e+06   1.5197754e+01
   5.2322500e+06   1.5197754e+01
   5.2323300e+06   1.5625000e+01
   5.2335310e+06   1.6174316e+01
   5.2341480e+06   1.4770508e+01
   5.2667970e+06   1.4221191e+01
   5.2712200e+06   1.4831543e+01
   5.2903460e+06   1.4953613e+01
   5.3352000e+06   1.5258789e+01
   5.3636700e+06   1.5563965e+01
   5.5002850e+06   1.4526367e+01
   5.5008110e+06   1.5197754e+01
   5.5008250e+06   3.2226562e+01
   5.5008360e+06   1.7456055e+01
   5.5008820e+06   2.4597168e+01
   5.5009100e+06   2.6489258e+01
   5.5009240e+06   1.5991211e+01
   5.5009580e+06   1.7150879e+01
   5.5009900e+06   2.0935059e+01
   5.5010200e+06   1.5563965e+01
   5.5010340e+06   1.6174316e+01
   5.5010860e+06   1.7456055e+01
   5.5011540e+06   1.6784668e+01
   5.5012110e+06   1.6601562e+01
   5.5013020e+06   1.5136719e+01
   5.5362860e+06   1.4831543e+01
   5.6317800e+06   1.5197754e+01
   5.6368000e+06   1.5502930e+01
   5.7190210e+06   1.5991211e+01
   5.7190500e+06   3.6254883e+01
   5.7190810e+06   1.4953613e+01
   5.7190910e+06   1.8554688e+01
   5.7191050e+06   2.1545410e+01
   5.7191390e+06   1.9592285e+01
   5.7191540e+06   1.7822266e+01
   5.7191750e+06   1.4282227e+01
   5.7191940e+06   2.2277832e+01
   5.7192040e+06   2.1423340e+01
   5.7192400e+06   1.7761230e+01
   5.7192710e+06   2.0385742e+01
   5.7193160e+06   1.8310547e+01
   5.7193580e+06   1.4404297e+01
   5.7195680e+06   1.4343262e+01
   5.7366030e+06   1.4221191e+01
   5.7516870e+06   1.4404297e+01
   5.7780790e+06   1.5014648e+01
   5.7972860e+06   1.5197754e+01
   5.8263420e+06   1.7395020e+01
   5.9310180e+06   1.4282227e+01
