   5.9990000e+06   0.0000000e+00
   4.0780000e+03   1.8432617e+01
   1.3268000e+04   1.8249512e+01
   2.2092000e+04   1.4648438e+01
   2.3949000e+04   1.9470215e+01
   2.7340000e+04   1.3916016e+01
   3.2022000e+04   1.6906738e+01
   4.5847000e+04   1.7883301e+01
   5.2723000e+04   1.8371582e+01
   6.5025000e+04   1.6906738e+01
   8.1397000e+04   1.7517090e+01
   8.5609000e+04   1.8554688e+01
   9.9197000e+04   1.8554688e+01
   1.0502600e+05   1.8188477e+01
   1.0834200e+05   1.8676758e+01
   1.1309800e+05   1.5380859e+01
   1.1670700e+05   1.7883301e+01
   1.2039900e+05   1.7211914e+01
   1.2053100e+05   1.7700195e+01
   1.2144700e+05   1.7944336e+01
   1.3137300e+05   1.8737793e+01
   1.3958400e+05   1.4282227e+01
   1.4380900e+05   1.7211914e+01
   1.4439200e+05   1.8615723e+01
   1.5954900e+05   2.1667480e+01
   1.7234100e+05   1.6357422e+01
   1.7682300e+05   1.7395020e+01
   1.8739300e+05   1.9348145e+01
   2.1142100e+05   1.3916016e+01
   2.1177500e+05   1.8920898e+01
   2.1876900e+05   1.5136719e+01
   2.4702100e+05   1.5563965e+01
   2.4772500e+05   1.3854980e+01
   2.5672000e+05   1.8188477e+01
   2.5959500e+05   1.4404297e+01
   2.7082100e+05   2.1911621e+01
   2.7255200e+05   1.4160156e+01
   2.8558100e+05   1.8432617e+01
   2.8659900e+05   1.3854980e+01
   2.9588100e+05   1.7944336e+01
   3.0028600e+05   1.4465332e+01
   3.2719600e+05   1.7089844e+01
   3.2913900e+05   1.3977051e+01
   3.5220400e+05   2.0324707e+01
   3.5688300e+05   1.6296387e+01
   3.9039800e+05   1.6174316e+01
   3.9985900e+05   1.4160156e+01
   4.0362000e+05   1.9470215e+01
   4.2087500e+05   1.4099121e+01
   4.2859900e+05   1.4099121e+01
   4.3586800e+05   2.0935059e+01
   4.4123000e+05   1.7700195e+01
   4.4233800e+05   1.6174316e+01
   4.6223200e+05   1.7333984e+01
   4.7932800e+05   1.3916016e+01
   4.9616400e+05   2.1972656e+01
   5.0546600e+05   1.4892578e+01
   5.0792500e+05   1.3916016e+01
   5.2217000e+05   1.5014648e+01
   5.3418400e+05   1.7822266e+01
   5.4611300e+05   1.4465332e+01
   5.5229000e+05   1.9531250e+01
   5.5274700e+05   1.9714355e+01
   5.5288700e+05   1.4831543e+01
   5.5568200e+05   1.3916016e+01
   5.6618400e+05   2.0690918e+01
   5.7485300e+05   1.8188477e+01
   5.8675500e+05   1.4038086e+01
   5.9146600e+05   1.3916016e+01
   5.9328300e+05   1.4282227e+01
   6.0482900e+05   1.9714355e+01
   6.1442000e+05   1.9714355e+01
   6.1444100e+05   1.5014648e+01
   6.2130700e+05   2.0446777e+01
   6.2280800e+05   1.4465332e+01
   6.2724600e+05   1.5747070e+01
   6.4037200e+05   1.6479492e+01
   6.6273400e+05   1.6174316e+01
   6.6289500e+05   1.5319824e+01
   6.7268700e+05   1.5380859e+01
   6.8645000e+05   1.9470215e+01
   6.9818700e+05   1.4526367e+01
   7.0128100e+05   1.4648438e+01
   7.0507500e+05   1.9775391e+01
   7.2444000e+05   1.6967773e+01
   7.4520100e+05   1.6296387e+01
   7.4795700e+05   1.5258789e+01
   7.5506300e+05   1.7944336e+01
   7.7132500e+05   2.0324707e+01
   7.7273700e+05   1.5625000e+01
   7.7661600e+05   1.6662598e+01
   7.7664300e+05   1.3854980e+01
   7.9054400e+05   2.2583008e+01
   8.0037000e+05   1.8737793e+01
   8.0500700e+05   1.4465332e+01
   8.2967100e+05   1.9653320e+01
   8.3888400e+05   1.7272949e+01
   8.5614200e+05   1.6235352e+01
   8.6846400e+05   1.4099121e+01
   8.7773900e+05   1.7517090e+01
   8.8275500e+05   1.3793945e+01
   8.9831000e+05   1.8371582e+01
   9.1292200e+05   2.0385742e+01
   9.2019100e+05   1.6662598e+01
   9.3894800e+05   1.4587402e+01
   9.4501100e+05   1.6479492e+01
   9.5512800e+05   1.8676758e+01
   9.6400200e+05   1.8188477e+01
   9.8672500e+05   2.0507812e+01
   9.8823000e+05   1.4221191e+01
   1.0018840e+06   1.8737793e+01
   1.0064610e+06   2.0202637e+01
   1.0114440e+06   2.2216797e+01
   1.0247110e+06   1.9226074e+01
   1.0247380e+06   1.3854980e+01
   1.0348860e+06   1.7883301e+01
   1.0371430e+06   1.8066406e+01
   1.0807670e+06   1.7944336e+01
   1.1129000e+06   1.7761230e+01
   1.1221620e+06   1.5197754e+01
   1.1412360e+06   1.6967773e+01
   1.1900950e+06   1.7028809e+01
   1.1940380e+06   2.0385742e+01
   1.2369750e+06   1.7883301e+01
   1.2489690e+06   1.6479492e+01
   1.2630650e+06   1.6357422e+01
   1.2670030e+06   1.7028809e+01
   1.2816190e+06   1.8249512e+01
   1.2945400e+06   1.4282227e+01
   1.3077890e+06   1.5258789e+01
   1.3270250e+06   1.4160156e+01
   1.3342850e+06   1.6845703e+01
   1.3531070e+06   1.6906738e+01
   1.3581750e+06   1.7333984e+01
   1.3648690e+06   2.0812988e+01
   1.3753750e+06   1.9470215e+01
   1.3838920e+06   1.6357422e+01
   1.3935860e+06   1.7395020e+01
   1.4050670e+06   1.8615723e+01
   1.4150560e+06   1.9409180e+01
   1.4259960e+06   1.9348145e+01
   1.4366910e+06   1.8371582e+01
   1.4367210e+06   1.4038086e+01
   1.4527020e+06   2.0141602e+01
   1.4594450e+06   2.0019531e+01
   1.4612410e+06   1.9714355e+01
   1.4690440e+06   1.8920898e+01
   1.4699460e+06   1.6845703e+01
   1.4766500e+06   1.6784668e+01
   1.4801750e+06   1.6845703e+01
   1.4803290e+06   1.7211914e+01
   1.4803950e+06   1.7272949e+01
   1.4804920e+06   2.0019531e+01
   1.4806430e+06   2.2949219e+01
   1.4806860e+06   1.8066406e+01
   1.4807470e+06   1.4709473e+01
   1.4808450e+06   1.9958496e+01
   1.4947990e+06   2.0263672e+01
   1.5169010e+06   1.8249512e+01
   1.5231630e+06   1.7822266e+01
   1.5254970e+06   1.8371582e+01
   1.5520160e+06   2.2460938e+01
   1.5564830e+06   1.6357422e+01
   1.5580170e+06   1.4160156e+01
   1.5690450e+06   1.6967773e+01
   1.5747600e+06   1.4709473e+01
   1.5845470e+06   1.9836426e+01
   1.5921400e+06   1.4465332e+01
   1.6077710e+06   1.7578125e+01
   1.6140220e+06   1.9348145e+01
   1.6195280e+06   1.6906738e+01
   1.6294170e+06   1.7761230e+01
   1.6426410e+06   1.9104004e+01
   1.6535090e+06   2.0080566e+01
   1.6535530e+06   1.4831543e+01
   1.6741990e+06   1.9104004e+01
   1.6879190e+06   1.8798828e+01
   1.6956090e+06   1.4038086e+01
   1.7027840e+06   1.8310547e+01
   1.7177520e+06   1.3977051e+01
   1.7287770e+06   2.0996094e+01
   1.7340580e+06   1.5258789e+01
   1.7412070e+06   1.6662598e+01
   1.7635000e+06   2.0996094e+01
   1.7921570e+06   2.3193359e+01
   1.8026340e+06   1.8493652e+01
   1.8361620e+06   1.8554688e+01
   1.8500400e+06   2.0324707e+01
   1.8717640e+06   1.7822266e+01
   1.8719770e+06   2.2888184e+01
   1.8884890e+06   1.8493652e+01
   1.8932920e+06   1.9714355e+01
   1.8933200e+06   1.4038086e+01
   1.8933680e+06   1.5625000e+01
   1.8933860e+06   1.9287109e+01
   1.8934070e+06   2.3254395e+01
   1.8934210e+06   4.2358398e+01
   1.8934420e+06   3.5034180e+01
   1.8934580e+06   1.4343262e+01
   1.8934820e+06   2.4719238e+01
   1.8934990e+06   1.8798828e+01
   1.8935090e+06   3.5034180e+01
   1.8935670e+06   2.2399902e+01
   1.8935820e+06   2.7282715e+01
   1.8936020e+06   2.3559570e+01
   1.8936170e+06   2.8808594e+01
   1.8936420e+06   3.9672852e+01
   1.8936580e+06   1.6479492e+01
   1.8936820e+06   1.8005371e+01
   1.8937140e+06   2.8564453e+01
   1.8937360e+06   2.1179199e+01
   1.8937710e+06   1.4709473e+01
   1.8937880e+06   1.5808105e+01
   1.8938010e+06   2.9357910e+01
   1.8938360e+06   2.4719238e+01
   1.8938830e+06   1.8371582e+01
   1.8938930e+06   2.1667480e+01
   1.8939270e+06   1.6784668e+01
   1.8939490e+06   1.5441895e+01
   1.8939910e+06   1.8432617e+01
   1.8940280e+06   1.8005371e+01
   1.8940790e+06   1.7517090e+01
   1.8941400e+06   2.1911621e+01
   1.8941740e+06   1.4221191e+01
   1.8942170e+06   1.6540527e+01
   1.8942680e+06   1.7333984e+01
   1.8943120e+06   1.4404297e+01
   1.8943840e+06   1.7456055e+01
   1.8944610e+06   1.4282227e+01
   1.8944820e+06   1.4404297e+01
   1.8945890e+06   1.7578125e+01
   1.8946740e+06   1.6967773e+01
   1.8947720e+06   1.6296387e+01
   1.8948740e+06   1.8554688e+01
   1.8949760e+06   2.2827148e+01
   1.8950750e+06   1.6601562e+01
   1.8951850e+06   1.7517090e+01
   1.8952930e+06   1.4343262e+01
   1.8953990e+06   2.3132324e+01
   1.8955070e+06   1.6296387e+01
   1.8998950e+06   1.3977051e+01
   1.9463770e+06   1.7822266e+01
   1.9534150e+06   1.9653320e+01
   1.9583380e+06   1.6296387e+01
   1.9644100e+06   1.7883301e+01
   1.9654130e+06   1.7883301e+01
   1.9666690e+06   1.8249512e+01
   1.9678130e+06   2.0507812e+01
   1.9715950e+06   1.7150879e+01
   1.9725820e+06   1.9165039e+01
   1.9735530e+06   1.7211914e+01
   1.9747380e+06   1.5380859e+01
   1.9756630e+06   1.5808105e+01
   1.9766240e+06   1.5930176e+01
   1.9777110e+06   1.4709473e+01
   1.9786060e+06   1.7822266e+01
   1.9816100e+06   1.4343262e+01
   1.9826920e+06   1.9653320e+01
   1.9836980e+06   1.9470215e+01
   1.9848540e+06   1.9897461e+01
   1.9877490e+06   1.5563965e+01
   1.9885670e+06   1.6479492e+01
   1.9895540e+06   2.1667480e+01
   1.9906020e+06   1.7761230e+01
   1.9915590e+06   1.7883301e+01
   1.9925380e+06   1.7517090e+01
   1.9935320e+06   2.0996094e+01
   1.9944840e+06   1.6296387e+01
   1.9957340e+06   2.1545410e+01
   1.9969340e+06   2.0202637e+01
   1.9978150e+06   1.7150879e+01
   1.9986820e+06   1.8066406e+01
   2.0024680e+06   1.6906738e+01
   2.0034070e+06   1.7028809e+01
   2.0043440e+06   1.7028809e+01
   2.0052570e+06   1.8615723e+01
   2.0065330e+06   1.8493652e+01
   2.0075400e+06   1.6479492e+01
   2.0083680e+06   1.7761230e+01
   2.0107230e+06   2.0080566e+01
   2.0117370e+06   2.1850586e+01
   2.0144840e+06   1.4770508e+01
   2.0153570e+06   1.8981934e+01
   2.0165180e+06   1.7761230e+01
   2.0197530e+06   1.9958496e+01
   2.0206980e+06   2.0629883e+01
   2.0218490e+06   1.6601562e+01
   2.0227850e+06   1.8127441e+01
   2.0251550e+06   1.6845703e+01
   2.0261740e+06   1.8005371e+01
   2.0271420e+06   1.8859863e+01
   2.0281290e+06   1.8249512e+01
   2.0301600e+06   1.7578125e+01
   2.0311550e+06   1.7761230e+01
   2.0337930e+06   2.0629883e+01
   2.0347150e+06   1.6967773e+01
   2.0358690e+06   1.7333984e+01
   2.0369290e+06   2.2949219e+01
   2.0378460e+06   1.6784668e+01
   2.0390360e+06   1.5563965e+01
   2.0400600e+06   1.4770508e+01
   2.0449870e+06   1.8615723e+01
   2.0461360e+06   1.6601562e+01
   2.0471780e+06   1.9104004e+01
   2.0507920e+06   1.8127441e+01
   2.0516630e+06   1.9653320e+01
   2.0536860e+06   1.4099121e+01
   2.0540620e+06   1.8127441e+01
   2.0550410e+06   1.9897461e+01
   2.0560840e+06   1.5014648e+01
   2.0585230e+06   1.6967773e+01
   2.0596260e+06   1.8310547e+01
   2.0607310e+06   1.8676758e+01
   2.0617290e+06   1.6845703e+01
   2.0655980e+06   1.5991211e+01
   2.0664830e+06   2.2277832e+01
   2.0689540e+06   1.7395020e+01
   2.0698760e+06   1.7883301e+01
   2.0721540e+06   1.6967773e+01
   2.0730550e+06   1.5869141e+01
   2.0741110e+06   2.4719238e+01
   2.0772680e+06   2.0080566e+01
   2.0778910e+06   1.4465332e+01
   2.0784960e+06   1.7700195e+01
   2.0808670e+06   1.9592285e+01
   2.0818470e+06   1.8737793e+01
   2.0873230e+06   1.7639160e+01
   2.0893450e+06   1.8005371e+01
   2.0905050e+06   1.6906738e+01
   2.0931590e+06   1.5930176e+01
   2.0942800e+06   1.5808105e+01
   2.1005680e+06   1.6174316e+01
   2.1013670e+06   1.4038086e+01
   2.1017820e+06   1.5502930e+01
   2.1028110e+06   1.9714355e+01
   2.1039110e+06   1.9165039e+01
   2.1051140e+06   2.0080566e+01
   2.1103440e+06   1.6113281e+01
   2.1114180e+06   1.7333984e+01
   2.1125690e+06   1.4038086e+01
   2.1157600e+06   1.9165039e+01
   2.1170370e+06   1.7639160e+01
   2.1190670e+06   1.8920898e+01
   2.1200830e+06   1.6113281e+01
   2.1227030e+06   1.7395020e+01
   2.1295180e+06   1.8127441e+01
   2.1317530e+06   1.4892578e+01
   2.1340710e+06   1.9897461e+01
   2.1366000e+06   1.8127441e+01
   2.1443280e+06   1.9836426e+01
   2.1457320e+06   1.7089844e+01
   2.1509060e+06   1.6723633e+01
   2.1544650e+06   1.8432617e+01
   2.1581660e+06   1.7089844e+01
   2.1609820e+06   1.6784668e+01
   2.1634490e+06   1.4770508e+01
   2.1661980e+06   1.6418457e+01
   2.1687690e+06   1.5502930e+01
   2.1712560e+06   1.5991211e+01
   2.1819160e+06   1.7944336e+01
   2.1897170e+06   1.8249512e+01
   2.1967950e+06   2.0568848e+01
   2.1968210e+06   1.3977051e+01
   2.2031000e+06   1.6784668e+01
   2.2083150e+06   1.8676758e+01
   2.2083640e+06   1.5869141e+01
   2.2116190e+06   1.5686035e+01
   2.2172050e+06   1.5625000e+01
   2.2250200e+06   1.5991211e+01
   2.2328180e+06   2.0324707e+01
   2.2377650e+06   1.8432617e+01
   2.2469820e+06   1.9531250e+01
   2.2532350e+06   1.9348145e+01
   2.2532820e+06   1.6845703e+01
   2.2552470e+06   1.3854980e+01
   2.2630180e+06   1.7700195e+01
   2.2673080e+06   1.3977051e+01
   2.2718790e+06   1.3793945e+01
   2.2858810e+06   1.6418457e+01
   2.2893610e+06   1.8615723e+01
   2.2894090e+06   1.7333984e+01
   2.3015290e+06   1.7761230e+01
   2.3088150e+06   1.4099121e+01
   2.3127190e+06   1.8859863e+01
   2.3232800e+06   2.0568848e+01
   2.3233040e+06   1.9042969e+01
   2.3363750e+06   1.6662598e+01
   2.3364060e+06   2.0141602e+01
   2.3364280e+06   2.5634766e+01
   2.3364430e+06   3.5766602e+01
   2.3364690e+06   5.1513672e+01
   2.3365000e+06   3.6437988e+01
   2.3365190e+06   3.8696289e+01
   2.3365360e+06   1.8188477e+01
   2.3365560e+06   2.1301270e+01
   2.3365710e+06   3.8452148e+01
   2.3366060e+06   1.8676758e+01
   2.3366330e+06   1.6174316e+01
   2.3366490e+06   1.9104004e+01
   2.3366710e+06   2.5939941e+01
   2.3367090e+06   1.9226074e+01
   2.3367360e+06   1.5686035e+01
   2.3367660e+06   1.9714355e+01
   2.3367980e+06   1.7211914e+01
   2.3368170e+06   1.7944336e+01
   2.3368580e+06   1.6418457e+01
   2.3369550e+06   1.3977051e+01
   2.3370490e+06   1.8066406e+01
   2.3371000e+06   2.4841309e+01
   2.3371260e+06   1.4526367e+01
   2.3371460e+06   2.0568848e+01
   2.3371980e+06   1.6113281e+01
   2.3372180e+06   1.9042969e+01
   2.3373530e+06   1.3977051e+01
   2.3374030e+06   1.3793945e+01
   2.3374220e+06   1.5808105e+01
   2.3375080e+06   2.0080566e+01
   2.3375520e+06   1.4282227e+01
   2.3375850e+06   2.1850586e+01
   2.3376150e+06   1.7700195e+01
   2.3376660e+06   1.6845703e+01
   2.3377810e+06   1.4526367e+01
   2.3378710e+06   2.2277832e+01
   2.3380020e+06   1.7578125e+01
   2.3380430e+06   1.3916016e+01
   2.3380790e+06   1.5930176e+01
   2.3381850e+06   1.7028809e+01
   2.3392410e+06   1.6479492e+01
   2.3509930e+06   1.4465332e+01
   2.3512160e+06   1.5869141e+01
   2.3520300e+06   1.5136719e+01
   2.3522800e+06   1.4465332e+01
   2.3525570e+06   1.4892578e+01
   2.3528230e+06   1.5563965e+01
   2.3531010e+06   1.6235352e+01
   2.3534270e+06   1.5014648e+01
   2.3537600e+06   1.4099121e+01
   2.3541450e+06   1.4038086e+01
   2.3548510e+06   1.5930176e+01
   2.3554520e+06   1.3793945e+01
   2.3559490e+06   1.6113281e+01
   2.3564710e+06   1.5869141e+01
   2.3578480e+06   1.7639160e+01
   2.3586690e+06   1.6113281e+01
   2.3594170e+06   1.4343262e+01
   2.3600690e+06   1.5686035e+01
   2.3607520e+06   1.7761230e+01
   2.3616480e+06   1.6296387e+01
   2.3624690e+06   1.6296387e+01
   2.3632870e+06   1.5808105e+01
   2.3640390e+06   1.8981934e+01
   2.3647780e+06   1.9287109e+01
   2.3655110e+06   1.6052246e+01
   2.3663010e+06   1.6235352e+01
   2.3671630e+06   1.3854980e+01
   2.3682210e+06   1.6052246e+01
   2.3690920e+06   2.1545410e+01
   2.3698020e+06   1.8920898e+01
   2.3704770e+06   1.6235352e+01
   2.3716640e+06   2.1240234e+01
   2.3723810e+06   1.8066406e+01
   2.3731060e+06   1.7272949e+01
   2.3741090e+06   1.8493652e+01
   2.3748870e+06   1.7395020e+01
   2.3760100e+06   1.6906738e+01
   2.3780260e+06   2.1606445e+01
   2.3788530e+06   1.6052246e+01
   2.3797470e+06   1.5869141e+01
   2.3805180e+06   2.0324707e+01
   2.3814950e+06   1.7272949e+01
   2.3824190e+06   1.5808105e+01
   2.3832700e+06   1.5869141e+01
   2.3842860e+06   1.7272949e+01
   2.3853120e+06   1.8127441e+01
   2.3861010e+06   1.9409180e+01
   2.3872200e+06   1.4831543e+01
   2.3882130e+06   1.7333984e+01
   2.3892800e+06   1.7272949e+01
   2.3901430e+06   1.6540527e+01
   2.3910400e+06   1.5075684e+01
   2.3919560e+06   1.6113281e+01
   2.3927840e+06   1.8493652e+01
   2.3938800e+06   1.7456055e+01
   2.3947230e+06   1.5991211e+01
   2.3956120e+06   1.6052246e+01
   2.3964390e+06   1.7639160e+01
   2.3972470e+06   1.6967773e+01
   2.3981210e+06   1.7333984e+01
   2.3990070e+06   1.6174316e+01
   2.4022560e+06   1.7456055e+01
   2.4035430e+06   1.7578125e+01
   2.4045500e+06   2.1728516e+01
   2.4054880e+06   1.6723633e+01
   2.4064570e+06   1.8127441e+01
   2.4073900e+06   1.9042969e+01
   2.4083980e+06   2.2766113e+01
   2.4107740e+06   1.4648438e+01
   2.4133510e+06   1.8737793e+01
   2.4143650e+06   1.8554688e+01
   2.4156880e+06   1.6296387e+01
   2.4168310e+06   1.7395020e+01
   2.4178630e+06   1.8920898e+01
   2.4189580e+06   1.7700195e+01
   2.4199920e+06   1.9653320e+01
   2.4221760e+06   1.5625000e+01
   2.4275010e+06   1.6113281e+01
   2.4280880e+06   1.4404297e+01
   2.4285660e+06   2.0385742e+01
   2.4321710e+06   1.6113281e+01
   2.4335220e+06   1.5380859e+01
   2.4345260e+06   1.7578125e+01
   2.4358600e+06   1.4282227e+01
   2.4402180e+06   1.7089844e+01
   2.4434770e+06   1.3854980e+01
   2.4478980e+06   1.5625000e+01
   2.4479660e+06   1.4770508e+01
   2.4516560e+06   2.0751953e+01
   2.4526920e+06   1.4770508e+01
   2.4554870e+06   1.8005371e+01
   2.4638430e+06   2.0080566e+01
   2.4639040e+06   1.4038086e+01
   2.4664620e+06   1.9409180e+01
   2.4687550e+06   1.8920898e+01
   2.4827680e+06   1.4709473e+01
   2.4858150e+06   1.5808105e+01
   2.4924440e+06   1.6540527e+01
   2.4949180e+06   1.4953613e+01
   2.5093760e+06   1.5014648e+01
   2.5247170e+06   1.6357422e+01
   2.5285840e+06   1.6662598e+01
   2.5389110e+06   1.4160156e+01
   2.5481180e+06   1.8493652e+01
   2.5517340e+06   1.3854980e+01
   2.5835360e+06   1.4404297e+01
   2.6499600e+06   1.3916016e+01
   2.6569610e+06   2.0812988e+01
   2.6570480e+06   1.4770508e+01
   2.6570790e+06   2.8930664e+01
   2.6570950e+06   4.7546387e+01
   2.6571130e+06   3.4606934e+01
   2.6571300e+06   2.7587891e+01
   2.6571480e+06   3.3874512e+01
   2.6571630e+06   2.9174805e+01
   2.6571910e+06   3.4851074e+01
   2.6572240e+06   2.1789551e+01
   2.6572370e+06   2.0751953e+01
   2.6572620e+06   1.9165039e+01
   2.6572820e+06   3.0700684e+01
   2.6572980e+06   1.7150879e+01
   2.6573160e+06   1.4160156e+01
   2.6573440e+06   1.9165039e+01
   2.6573620e+06   1.6601562e+01
   2.6573820e+06   1.9836426e+01
   2.6574100e+06   1.6601562e+01
   2.6574470e+06   1.5197754e+01
   2.6574730e+06   2.1301270e+01
   2.6575300e+06   1.5319824e+01
   2.6575920e+06   2.3376465e+01
   2.6576220e+06   1.5380859e+01
   2.6576810e+06   1.4404297e+01
   2.6577040e+06   1.4221191e+01
   2.6577250e+06   1.3916016e+01
   2.6579600e+06   1.8371582e+01
   2.6580300e+06   2.2155762e+01
   2.6581220e+06   1.5991211e+01
   2.6582170e+06   1.6784668e+01
   2.6583420e+06   2.7404785e+01
   2.6584530e+06   1.5686035e+01
   2.6585900e+06   1.7517090e+01
   2.6688690e+06   1.4953613e+01
   2.6690950e+06   1.4282227e+01
   2.6693280e+06   1.4587402e+01
   2.6696070e+06   1.5136719e+01
   2.6698440e+06   1.3854980e+01
   2.6700910e+06   1.4587402e+01
   2.6707230e+06   1.4221191e+01
   2.6713680e+06   1.8615723e+01
   2.6734480e+06   1.4770508e+01
   2.6741700e+06   1.6906738e+01
   2.6757620e+06   1.4038086e+01
   2.6777510e+06   1.4587402e+01
   2.6786940e+06   1.7028809e+01
   2.6803660e+06   1.8249512e+01
   2.6812750e+06   1.7150879e+01
   2.6822860e+06   1.7150879e+01
   2.6836160e+06   1.5563965e+01
   2.6847160e+06   1.5258789e+01
   2.6855080e+06   1.8432617e+01
   2.6863980e+06   1.3916016e+01
   2.6872160e+06   1.8371582e+01
   2.6882400e+06   1.7822266e+01
   2.6891100e+06   1.4648438e+01
   2.6901520e+06   1.6357422e+01
   2.6910960e+06   1.4465332e+01
   2.6920700e+06   1.8127441e+01
   2.6931450e+06   1.6113281e+01
   2.6941590e+06   1.7761230e+01
   2.6950380e+06   1.7822266e+01
   2.6959790e+06   1.5441895e+01
   2.6969290e+06   1.7089844e+01
   2.6984650e+06   2.0324707e+01
   2.6994500e+06   1.8249512e+01
   2.7005500e+06   1.6357422e+01
   2.7017310e+06   1.9775391e+01
   2.7028530e+06   1.9897461e+01
   2.7048980e+06   1.7272949e+01
   2.7059770e+06   1.6845703e+01
   2.7072000e+06   1.4404297e+01
   2.7094370e+06   1.5197754e+01
   2.7116030e+06   1.6662598e+01
   2.7120120e+06   1.7822266e+01
   2.7144240e+06   1.4526367e+01
   2.7153390e+06   1.5136719e+01
   2.7180500e+06   1.6357422e+01
   2.7190940e+06   1.4404297e+01
   2.7201190e+06   1.7028809e+01
   2.7226600e+06   1.5319824e+01
   2.7262560e+06   1.7150879e+01
   2.7273470e+06   1.5136719e+01
   2.7296970e+06   1.7089844e+01
   2.7306840e+06   1.7883301e+01
   2.7337570e+06   2.0019531e+01
   2.7360050e+06   1.6723633e+01
   2.7414970e+06   2.0446777e+01
   2.7500010e+06   1.9836426e+01
   2.7507160e+06   1.4099121e+01
   2.7525070e+06   1.3854980e+01
   2.7569160e+06   2.1972656e+01
   2.7611370e+06   1.5991211e+01
   2.7640050e+06   1.4526367e+01
   2.7704520e+06   1.5502930e+01
   2.7751840e+06   1.9409180e+01
   2.7752500e+06   1.5075684e+01
   2.7875590e+06   1.3793945e+01
   2.7895760e+06   1.3916016e+01
   2.7988170e+06   1.8798828e+01
   2.8018750e+06   1.6662598e+01
   2.8019430e+06   1.4648438e+01
   2.8036430e+06   1.4343262e+01
   2.8149220e+06   1.4160156e+01
   2.8319000e+06   1.3854980e+01
   2.8686230e+06   1.9592285e+01
   2.9384760e+06   1.3977051e+01
   2.9393640e+06   1.4465332e+01
   2.9824510e+06   1.5686035e+01
   3.0213510e+06   1.3854980e+01
   3.0671360e+06   1.3854980e+01
   3.1100410e+06   1.4099121e+01
   3.1574920e+06   1.7944336e+01
   3.1575100e+06   2.2705078e+01
   3.1575350e+06   4.3029785e+01
   3.1575500e+06   6.4941406e+01
   3.1575800e+06   3.2043457e+01
   3.1576020e+06   3.3630371e+01
   3.1576140e+06   1.6601562e+01
   3.1576410e+06   2.8503418e+01
   3.1576600e+06   2.1911621e+01
   3.1576710e+06   1.5625000e+01
   3.1576970e+06   3.7292480e+01
   3.1577180e+06   2.8503418e+01
   3.1577400e+06   1.5197754e+01
   3.1577540e+06   1.4587402e+01
   3.1577700e+06   2.8259277e+01
   3.1577880e+06   2.2033691e+01
   3.1578190e+06   2.0385742e+01
   3.1578520e+06   1.6174316e+01
   3.1579210e+06   2.0324707e+01
   3.1579340e+06   1.4343262e+01
   3.1579750e+06   1.9653320e+01
   3.1580060e+06   1.5014648e+01
   3.1580480e+06   2.0385742e+01
   3.1581490e+06   2.1789551e+01
   3.1582080e+06   1.7456055e+01
   3.1583110e+06   1.5197754e+01
   3.1583920e+06   1.8920898e+01
   3.1584710e+06   1.9042969e+01
   3.1585630e+06   1.6479492e+01
   3.1655960e+06   1.4404297e+01
   3.1659600e+06   1.5197754e+01
   3.1745010e+06   2.2216797e+01
   3.1773480e+06   2.1911621e+01
   3.1785170e+06   1.8554688e+01
   3.1787850e+06   2.1240234e+01
   3.1808140e+06   1.4770508e+01
   3.1835380e+06   1.9592285e+01
   3.1846800e+06   2.0324707e+01
   3.1872120e+06   1.7700195e+01
   3.1884200e+06   1.6845703e+01
   3.1921350e+06   1.9531250e+01
   3.1955880e+06   1.6052246e+01
   3.1968650e+06   1.6052246e+01
   3.1979560e+06   2.2827148e+01
   3.2082930e+06   1.6174316e+01
   3.2083270e+06   1.4709473e+01
   3.2112530e+06   1.4587402e+01
   3.2212240e+06   2.1667480e+01
   3.2341290e+06   1.4038086e+01
   3.2393650e+06   1.5014648e+01
   3.2441130e+06   1.4587402e+01
   3.2532240e+06   1.7028809e+01
   3.3046150e+06   1.4160156e+01
   3.3120240e+06   1.4160156e+01
   3.3284400e+06   1.4953613e+01
   3.3996890e+06   1.3854980e+01
   3.4080750e+06   2.3071289e+01
   3.4080920e+06   1.6479492e+01
   3.4081390e+06   1.3977051e+01
   3.4081640e+06   5.2734375e+01
   3.4081750e+06   7.9589844e+01
   3.4082050e+06   3.4484863e+01
   3.4082240e+06   4.3029785e+01
   3.4082360e+06   2.0935059e+01
   3.4082660e+06   3.1982422e+01
   3.4082760e+06   2.5939941e+01
   3.4082940e+06   3.5766602e+01
   3.4083060e+06   1.8920898e+01
   3.4083240e+06   1.7456055e+01
   3.4083370e+06   2.0202637e+01
   3.4083580e+06   2.0446777e+01
   3.4083700e+06   1.4343262e+01
   3.4083810e+06   1.7211914e+01
   3.4084110e+06   1.9897461e+01
   3.4084260e+06   1.8249512e+01
   3.4084420e+06   1.8127441e+01
   3.4084750e+06   1.8066406e+01
   3.4084890e+06   1.7028809e+01
   3.4085160e+06   2.2094727e+01
   3.4085420e+06   1.9531250e+01
   3.4085630e+06   1.4282227e+01
   3.4085830e+06   1.7150879e+01
   3.4086100e+06   1.4160156e+01
   3.4086490e+06   1.8005371e+01
   3.4086710e+06   1.9348145e+01
   3.4087690e+06   1.8920898e+01
   3.4088320e+06   1.8493652e+01
   3.4088800e+06   2.2399902e+01
   3.4089640e+06   1.5075684e+01
   3.4090680e+06   1.4221191e+01
   3.4139080e+06   1.4648438e+01
   3.4152060e+06   1.5808105e+01
   3.4154880e+06   1.7150879e+01
   3.4158640e+06   1.6662598e+01
   3.4248560e+06   1.9348145e+01
   3.4249020e+06   1.3977051e+01
   3.4252360e+06   1.8920898e+01
   3.4256390e+06   1.3916016e+01
   3.4258410e+06   1.6052246e+01
   3.4286700e+06   2.2949219e+01
   3.4318080e+06   2.1057129e+01
   3.4327610e+06   1.8920898e+01
   3.4338580e+06   2.3315430e+01
   3.4351460e+06   1.6784668e+01
   3.4389890e+06   2.0629883e+01
   3.4429960e+06   1.5869141e+01
   3.4503470e+06   1.8188477e+01
   3.4541710e+06   1.7944336e+01
   3.4542140e+06   1.6784668e+01
   3.4576970e+06   1.5197754e+01
   3.4670180e+06   1.3977051e+01
   3.4730170e+06   1.8920898e+01
   3.4730600e+06   1.4465332e+01
   3.4825870e+06   1.4038086e+01
   3.4874370e+06   1.3916016e+01
   3.4959160e+06   1.4282227e+01
   3.5042390e+06   1.4648438e+01
   3.5228120e+06   1.5319824e+01
   3.5740500e+06   1.6601562e+01
   3.5845920e+06   1.4099121e+01
   3.8536760e+06   1.6235352e+01
   3.9210270e+06   1.6113281e+01
   3.9210850e+06   2.3681641e+01
   3.9211140e+06   1.9165039e+01
   3.9211410e+06   2.2705078e+01
   3.9211610e+06   1.3977051e+01
   3.9211840e+06   1.8066406e+01
   3.9212040e+06   1.8249512e+01
   3.9212240e+06   2.8747559e+01
   3.9212520e+06   2.4658203e+01
   3.9212690e+06   2.5146484e+01
   3.9212880e+06   1.5686035e+01
   3.9213110e+06   2.7893066e+01
   3.9213260e+06   5.3527832e+01
   3.9213560e+06   3.7414551e+01
   3.9213870e+06   3.2226562e+01
   3.9213990e+06   5.3466797e+01
   3.9214180e+06   2.2949219e+01
   3.9214420e+06   2.0446777e+01
   3.9214750e+06   2.5024414e+01
   3.9214980e+06   1.6235352e+01
   3.9215190e+06   1.4038086e+01
   3.9215440e+06   1.8066406e+01
   3.9215730e+06   1.4282227e+01
   3.9215880e+06   2.0568848e+01
   3.9216060e+06   2.1118164e+01
   3.9216320e+06   1.6357422e+01
   3.9216670e+06   1.4221191e+01
   3.9216890e+06   3.7658691e+01
   3.9217250e+06   3.0700684e+01
   3.9217660e+06   1.6784668e+01
   3.9218160e+06   1.9348145e+01
   3.9219080e+06   1.8920898e+01
   3.9220410e+06   1.3854980e+01
   3.9309880e+06   1.8127441e+01
   3.9313970e+06   1.5258789e+01
   3.9316460e+06   1.6174316e+01
   3.9318300e+06   1.7089844e+01
   3.9319700e+06   1.5808105e+01
   3.9321460e+06   1.6235352e+01
   3.9322830e+06   1.3793945e+01
   3.9324340e+06   1.8188477e+01
   3.9326040e+06   1.6296387e+01
   3.9326440e+06   1.6784668e+01
   3.9326720e+06   1.9226074e+01
   3.9326990e+06   1.5075684e+01
   3.9327320e+06   1.7150879e+01
   3.9327510e+06   1.4831543e+01
   3.9327830e+06   1.9226074e+01
   3.9328320e+06   1.6235352e+01
   3.9328840e+06   1.4709473e+01
   3.9328940e+06   2.2583008e+01
   3.9329140e+06   3.0944824e+01
   3.9329330e+06   1.8371582e+01
   3.9329690e+06   1.9714355e+01
   3.9329930e+06   1.5258789e+01
   3.9330160e+06   2.8320312e+01
   3.9330470e+06   2.9541016e+01
   3.9330680e+06   1.5563965e+01
   3.9330930e+06   1.5747070e+01
   3.9331100e+06   2.1057129e+01
   3.9331390e+06   2.9602051e+01
   3.9331490e+06   3.5217285e+01
   3.9331750e+06   2.1057129e+01
   3.9332030e+06   1.3793945e+01
   3.9332260e+06   2.0812988e+01
   3.9332480e+06   4.6203613e+01
   3.9332780e+06   1.5625000e+01
   3.9333070e+06   1.7456055e+01
   3.9333440e+06   1.5136719e+01
   3.9333950e+06   1.6052246e+01
   3.9334170e+06   1.4465332e+01
   3.9334330e+06   1.7761230e+01
   3.9334680e+06   1.5686035e+01
   3.9334780e+06   2.8015137e+01
   3.9335300e+06   1.6967773e+01
   3.9335480e+06   1.4343262e+01
   3.9335700e+06   1.7395020e+01
   3.9335890e+06   2.0202637e+01
   3.9336130e+06   1.4770508e+01
   3.9336240e+06   2.1179199e+01
   3.9336470e+06   1.5319824e+01
   3.9336860e+06   1.4587402e+01
   3.9337150e+06   1.4099121e+01
   3.9337430e+06   1.6479492e+01
   3.9337770e+06   2.9602051e+01
   3.9338120e+06   2.1972656e+01
   3.9338970e+06   1.4099121e+01
   3.9339450e+06   2.9846191e+01
   3.9339550e+06   1.7028809e+01
   3.9339830e+06   1.6540527e+01
   3.9340200e+06   1.4099121e+01
   3.9340570e+06   1.7089844e+01
   3.9340860e+06   2.1423340e+01
   3.9341040e+06   1.8798828e+01
   3.9341780e+06   1.9836426e+01
   3.9342270e+06   1.6540527e+01
   3.9342860e+06   1.5380859e+01
   3.9343520e+06   1.5380859e+01
   3.9343810e+06   1.6723633e+01
   3.9344110e+06   1.6235352e+01
   3.9344720e+06   1.4892578e+01
   3.9345040e+06   1.7578125e+01
   3.9345390e+06   1.4831543e+01
   3.9345580e+06   2.0812988e+01
   3.9346330e+06   1.5075684e+01
   3.9347220e+06   1.4709473e+01
   3.9347380e+06   2.1484375e+01
   3.9347600e+06   1.7456055e+01
   3.9347940e+06   1.4282227e+01
   3.9349810e+06   1.4404297e+01
   3.9350380e+06   1.4831543e+01
   3.9350680e+06   1.8005371e+01
   3.9351950e+06   1.5563965e+01
   3.9352520e+06   1.4831543e+01
   3.9353560e+06   1.5686035e+01
   3.9354850e+06   1.3977051e+01
   3.9356500e+06   1.6723633e+01
   3.9358030e+06   1.6662598e+01
   3.9359600e+06   1.4587402e+01
   3.9361310e+06   1.6662598e+01
   3.9364760e+06   1.5930176e+01
   3.9366500e+06   1.4404297e+01
   3.9368130e+06   1.4709473e+01
   3.9371790e+06   1.4404297e+01
   3.9375580e+06   1.7517090e+01
   3.9377930e+06   1.4587402e+01
   3.9380400e+06   1.4770508e+01
   3.9381420e+06   1.3977051e+01
   3.9382690e+06   1.5625000e+01
   3.9385020e+06   1.5625000e+01
   3.9387130e+06   1.4099121e+01
   3.9392050e+06   2.0080566e+01
   3.9398100e+06   1.8066406e+01
   3.9401840e+06   1.5502930e+01
   3.9408280e+06   1.7761230e+01
   3.9413480e+06   2.1423340e+01
   3.9470740e+06   1.7822266e+01
   3.9482450e+06   1.7944336e+01
   3.9542420e+06   1.7028809e+01
   3.9568090e+06   1.8188477e+01
   3.9600680e+06   1.5075684e+01
   3.9794770e+06   1.4282227e+01
   4.0189260e+06   1.4160156e+01
   4.0294470e+06   1.4221191e+01
   4.0422400e+06   1.4160156e+01
   4.0480690e+06   1.8859863e+01
   4.0523310e+06   1.6479492e+01
   4.0595890e+06   1.4099121e+01
   4.1125280e+06   1.6540527e+01
   4.1301690e+06   1.8005371e+01
   4.1343100e+06   1.8676758e+01
   4.1524090e+06   1.6479492e+01
   4.1833840e+06   1.8554688e+01
   4.2305590e+06   1.9226074e+01
   4.3191160e+06   1.8432617e+01
   4.3268810e+06   1.8371582e+01
   4.3269110e+06   1.5319824e+01
   4.3269280e+06   1.7089844e+01
   4.3269410e+06   2.3437500e+01
   4.3269600e+06   1.4526367e+01
   4.3269840e+06   2.0080566e+01
   4.3270080e+06   3.3813477e+01
   4.3270250e+06   2.9541016e+01
   4.3270420e+06   3.1127930e+01
   4.3270690e+06   2.8259277e+01
   4.3270950e+06   2.9052734e+01
   4.3271140e+06   2.4536133e+01
   4.3271260e+06   2.5573730e+01
   4.3271520e+06   2.7587891e+01
   4.3271710e+06   1.5319824e+01
   4.3271940e+06   1.4465332e+01
   4.3272140e+06   2.0751953e+01
   4.3272400e+06   1.7517090e+01
   4.3272550e+06   1.4770508e+01
   4.3272670e+06   2.4597168e+01
   4.3273050e+06   2.9113770e+01
   4.3273280e+06   2.1240234e+01
   4.3273430e+06   1.8188477e+01
   4.3273590e+06   1.5014648e+01
   4.3273870e+06   2.9174805e+01
   4.3274110e+06   1.4465332e+01
   4.3274400e+06   1.7700195e+01
   4.3274550e+06   1.7517090e+01
   4.3275130e+06   1.9042969e+01
   4.3275360e+06   1.5869141e+01
   4.3276150e+06   2.7526855e+01
   4.3277960e+06   1.4831543e+01
   4.3440960e+06   1.7761230e+01
   4.3442760e+06   1.8432617e+01
   4.3528730e+06   1.5686035e+01
   4.3704500e+06   2.3376465e+01
   4.3704680e+06   1.4648438e+01
   4.4152520e+06   1.5625000e+01
   4.4403270e+06   1.4160156e+01
   4.5058460e+06   1.5625000e+01
   4.5058630e+06   1.4343262e+01
   4.5058770e+06   2.2888184e+01
   4.5059040e+06   1.7089844e+01
   4.5059290e+06   5.2795410e+01
   4.5059460e+06   2.7587891e+01
   4.5059670e+06   2.7832031e+01
   4.5059830e+06   4.4189453e+01
   4.5059970e+06   3.8696289e+01
   4.5060180e+06   1.7211914e+01
   4.5060380e+06   4.9926758e+01
   4.5060770e+06   2.2583008e+01
   4.5060950e+06   3.1005859e+01
   4.5061120e+06   2.2766113e+01
   4.5061270e+06   2.1606445e+01
   4.5061380e+06   2.5085449e+01
   4.5061690e+06   2.7954102e+01
   4.5062020e+06   2.3559570e+01
   4.5062270e+06   2.1179199e+01
   4.5062380e+06   1.6784668e+01
   4.5062620e+06   2.1789551e+01
   4.5063140e+06   2.1606445e+01
   4.5063480e+06   1.6845703e+01
   4.5063840e+06   2.1057129e+01
   4.5063960e+06   1.6235352e+01
   4.5064320e+06   2.0263672e+01
   4.5064670e+06   1.4038086e+01
   4.5065170e+06   1.4099121e+01
   4.5066110e+06   1.5319824e+01
   4.5066380e+06   1.7639160e+01
   4.5115170e+06   1.4404297e+01
   4.5253330e+06   1.5808105e+01
   4.5253710e+06   1.4831543e+01
   4.5309790e+06   1.6723633e+01
   4.5328730e+06   1.5014648e+01
   4.5329200e+06   1.5869141e+01
   4.5375290e+06   1.9653320e+01
   4.5375770e+06   1.6662598e+01
   4.6106580e+06   1.5014648e+01
   4.6391840e+06   1.3916016e+01
   4.6574150e+06   1.5747070e+01
   4.6605790e+06   1.3854980e+01
   4.7862550e+06   1.6845703e+01
   4.7872410e+06   2.6428223e+01
   4.7872630e+06   5.0659180e+01
   4.7872780e+06   8.2031250e+01
   4.7873070e+06   2.5878906e+01
   4.7873210e+06   2.1972656e+01
   4.7873370e+06   3.8391113e+01
   4.7873560e+06   1.5625000e+01
   4.7873720e+06   2.0507812e+01
   4.7873940e+06   1.5441895e+01
   4.7874110e+06   1.9165039e+01
   4.7874240e+06   3.2348633e+01
   4.7874530e+06   2.0568848e+01
   4.7874820e+06   2.4658203e+01
   4.7875060e+06   1.7761230e+01
   4.7875300e+06   2.2705078e+01
   4.7875810e+06   1.5258789e+01
   4.7876160e+06   2.3376465e+01
   4.7876610e+06   1.4953613e+01
   4.7876750e+06   2.1057129e+01
   4.7877090e+06   1.9592285e+01
   4.7877460e+06   2.0507812e+01
   4.7878100e+06   1.8737793e+01
   4.7878720e+06   1.6845703e+01
   4.7879250e+06   1.9409180e+01
   4.8041540e+06   1.5319824e+01
   4.8077410e+06   1.7883301e+01
   4.8120850e+06   1.9348145e+01
   4.8121150e+06   1.3916016e+01
   4.8283810e+06   1.4099121e+01
   4.8484640e+06   1.4221191e+01
   4.9343920e+06   1.7456055e+01
   4.9715300e+06   1.8737793e+01
   4.9929550e+06   1.8371582e+01
   4.9970220e+06   1.7150879e+01
   5.0788740e+06   1.6784668e+01
   5.1390910e+06   1.6235352e+01
   5.1572730e+06   2.0629883e+01
   5.2154380e+06   1.9409180e+01
   5.2154740e+06   1.4892578e+01
   5.2154960e+06   1.4648438e+01
   5.2155090e+06   1.3977051e+01
   5.2155560e+06   2.5268555e+01
   5.2155790e+06   1.8432617e+01
   5.2156090e+06   1.9653320e+01
   5.2156300e+06   3.3447266e+01
   5.2156500e+06   7.9040527e+01
   5.2156810e+06   2.9907227e+01
   5.2156970e+06   1.5380859e+01
   5.2157090e+06   3.7536621e+01
   5.2157240e+06   1.6235352e+01
   5.2157390e+06   4.6997070e+01
   5.2157770e+06   6.8481445e+01
   5.2157950e+06   2.3986816e+01
   5.2158110e+06   3.5766602e+01
   5.2158230e+06   2.4108887e+01
   5.2158440e+06   2.3559570e+01
   5.2158830e+06   2.1362305e+01
   5.2159020e+06   2.9907227e+01
   5.2159310e+06   1.5930176e+01
   5.2159500e+06   1.6052246e+01
   5.2159690e+06   1.4282227e+01
   5.2159830e+06   3.5034180e+01
   5.2160130e+06   2.4169922e+01
   5.2160260e+06   1.7578125e+01
   5.2160410e+06   2.2705078e+01
   5.2160880e+06   1.5563965e+01
   5.2161140e+06   1.6235352e+01
   5.2161520e+06   1.5563965e+01
   5.2161960e+06   2.1423340e+01
   5.2163090e+06   1.4038086e+01
   5.2314560e+06   1.8493652e+01
   5.2314970e+06   1.4648438e+01
   5.2315740e+06   3.3325195e+01
   5.2316080e+06   2.9174805e+01
   5.2316290e+06   3.4667969e+01
   5.2316410e+06   2.4780273e+01
   5.2316670e+06   2.2033691e+01
   5.2316800e+06   5.4565430e+01
   5.2317000e+06   3.1921387e+01
   5.2317190e+06   3.3630371e+01
   5.2317640e+06   1.5502930e+01
   5.2317900e+06   2.0935059e+01
   5.2318270e+06   2.8869629e+01
   5.2318540e+06   1.6479492e+01
   5.2318680e+06   1.8371582e+01
   5.2319040e+06   1.3793945e+01
   5.2319140e+06   1.8188477e+01
   5.2319410e+06   3.1372070e+01
   5.2319630e+06   2.0751953e+01
   5.2319770e+06   1.6845703e+01
   5.2319920e+06   2.1545410e+01
   5.2320510e+06   2.3010254e+01
   5.2320660e+06   2.0141602e+01
   5.2321140e+06   1.5747070e+01
   5.2321300e+06   1.8981934e+01
   5.2321590e+06   1.4160156e+01
   5.2321990e+06   1.7395020e+01
   5.2322260e+06   1.4526367e+01
   5.2322770e+06   1.5991211e+01
   5.2323150e+06   2.0935059e+01
   5.2323530e+06   1.5686035e+01
   5.2324450e+06   1.5136719e+01
   5.2324780e+06   2.2583008e+01
   5.2325850e+06   1.6113281e+01
   5.2326930e+06   1.3916016e+01
   5.2327360e+06   1.5014648e+01
   5.2328660e+06   1.3916016e+01
   5.2329960e+06   1.5563965e+01
   5.2349760e+06   1.6296387e+01
   5.2351870e+06   1.6601562e+01
   5.2354490e+06   1.4099121e+01
   5.2356980e+06   1.5625000e+01
   5.2359840e+06   1.5380859e+01
   5.2440580e+06   2.0935059e+01
   5.2441560e+06   1.6418457e+01
   5.2494990e+06   2.0935059e+01
   5.2495560e+06   1.3793945e+01
   5.2533680e+06   1.7089844e+01
   5.2534290e+06   1.5319824e+01
   5.2838520e+06   1.4221191e+01
   5.2894650e+06   1.4709473e+01
   5.2937760e+06   1.7822266e+01
   5.3033690e+06   1.5991211e+01
   5.3104330e+06   1.5502930e+01
   5.4283700e+06   1.4038086e+01
   5.5008460e+06   1.6418457e+01
   5.5008710e+06   1.4465332e+01
   5.5008900e+06   2.5329590e+01
   5.5009150e+06   3.4301758e+01
   5.5009330e+06   1.6296387e+01
   5.5009460e+06   5.1269531e+01
   5.5009680e+06   3.4667969e+01
   5.5009960e+06   2.3132324e+01
   5.5010070e+06   2.1972656e+01
   5.5010220e+06   3.7414551e+01
   5.5010520e+06   2.3498535e+01
   5.5010630e+06   2.3681641e+01
   5.5010930e+06   2.3376465e+01
   5.5011100e+06   1.5869141e+01
   5.5011350e+06   1.9348145e+01
   5.5011450e+06   1.8188477e+01
   5.5011760e+06   2.5756836e+01
   5.5011940e+06   1.9348145e+01
   5.5012080e+06   2.3803711e+01
   5.5012300e+06   1.7028809e+01
   5.5012480e+06   1.6357422e+01
   5.5013170e+06   1.7822266e+01
   5.5013470e+06   1.9897461e+01
   5.5013670e+06   1.7639160e+01
   5.5013960e+06   1.6540527e+01
   5.5014250e+06   2.2094727e+01
   5.5014940e+06   1.7395020e+01
   5.5219160e+06   1.5747070e+01
   5.5219360e+06   1.3854980e+01
   5.5247780e+06   1.8066406e+01
   5.5247970e+06   1.4831543e+01
   5.5342260e+06   1.9470215e+01
   5.5342450e+06   1.4404297e+01
   5.5409490e+06   1.8188477e+01
   5.5628420e+06   1.3793945e+01
   5.5668800e+06   1.5258789e+01
   5.6210280e+06   2.0263672e+01
   5.6920900e+06   2.1240234e+01
   5.6939390e+06   2.0812988e+01
   5.7027420e+06   1.4892578e+01
   5.7101260e+06   1.7395020e+01
   5.7189030e+06   2.4291992e+01
   5.7189130e+06   1.6784668e+01
   5.7189460e+06   2.4841309e+01
   5.7189650e+06   2.1362305e+01
   5.7189850e+06   2.1423340e+01
   5.7190000e+06   3.5888672e+01
   5.7190240e+06   3.6499023e+01
   5.7190350e+06   1.5441895e+01
   5.7190540e+06   2.0568848e+01
   5.7190800e+06   2.3193359e+01
   5.7191070e+06   2.7282715e+01
   5.7191310e+06   2.5207520e+01
   5.7191410e+06   1.5930176e+01
   5.7191610e+06   2.6550293e+01
   5.7191950e+06   2.2399902e+01
   5.7192100e+06   1.4221191e+01
   5.7192290e+06   1.4099121e+01
   5.7192470e+06   2.4169922e+01
   5.7192800e+06   1.4343262e+01
   5.7192980e+06   1.6296387e+01
   5.7193220e+06   1.5808105e+01
   5.7193390e+06   1.8981934e+01
   5.7193740e+06   1.7700195e+01
   5.7194020e+06   1.9897461e+01
   5.7194520e+06   2.0263672e+01
   5.7197550e+06   2.3681641e+01
   5.7198260e+06   1.4831543e+01
   5.7321070e+06   1.5197754e+01
   5.7354810e+06   2.0568848e+01
   5.7355210e+06   1.6601562e+01
   5.7420940e+06   1.6479492e+01
   5.7702360e+06   1.3854980e+01
   5.8067460e+06   1.3977051e+01
   5.8111480e+06   1.5197754e+01
   5.8153020e+06   1.8920898e+01
   5.8318580e+06   1.9042969e+01
   5.8482890e+06   1.5808105e+01
   5.8568700e+06   1.6357422e+01
   5.8719990e+06   2.1118164e+01
   5.9174110e+06   1.5686035e+01
   5.9514740e+06   2.2644043e+01
   5.9782290e+06   1.9165039e+01
