   5.9990000e+06   0.0000000e+00
   7.5767800e+05   1.4404297e+01
   7.9457700e+05   1.4587402e+01
   1.8935100e+06   1.6479492e+01
   1.8935250e+06   1.9409180e+01
   1.8936790e+06   1.4221191e+01
   1.8937870e+06   1.5625000e+01
   2.3364470e+06   1.6540527e+01
   2.3364710e+06   1.4648438e+01
   2.3364890e+06   2.0690918e+01
   2.3365120e+06   1.7944336e+01
   2.3365560e+06   1.9042969e+01
   2.3365780e+06   1.5441895e+01
   2.3366050e+06   1.5686035e+01
   2.3366740e+06   1.5502930e+01
   2.6571000e+06   1.5625000e+01
   2.6571230e+06   1.7028809e+01
   2.6571540e+06   1.5136719e+01
   2.6571800e+06   1.6174316e+01
   2.6573290e+06   1.6113281e+01
   2.6577140e+06   1.4343262e+01
   3.1575360e+06   1.7395020e+01
   3.1575490e+06   1.7456055e+01
   3.1575950e+06   1.6357422e+01
   3.1576290e+06   1.4282227e+01
   3.1576420e+06   1.6296387e+01
   3.1578070e+06   1.4526367e+01
   3.4081680e+06   1.8005371e+01
   3.4082060e+06   1.5930176e+01
   3.4082380e+06   1.7761230e+01
   3.4082660e+06   1.9104004e+01
   3.4082880e+06   1.5136719e+01
   3.4083040e+06   1.4404297e+01
   3.4083770e+06   1.8981934e+01
   3.9213480e+06   2.3864746e+01
   3.9213880e+06   1.8432617e+01
   3.9214240e+06   1.7028809e+01
   3.9215590e+06   1.4648438e+01
   3.9327640e+06   1.5075684e+01
   3.9331960e+06   1.4343262e+01
   3.9333800e+06   1.4709473e+01
   4.3270130e+06   1.4038086e+01
   4.3270520e+06   1.4099121e+01
   4.3270810e+06   2.3620605e+01
   4.3270930e+06   1.4770508e+01
   4.3271250e+06   2.1606445e+01
   4.3271490e+06   1.8737793e+01
   4.3272080e+06   1.5441895e+01
   4.5059300e+06   1.7272949e+01
   4.5059770e+06   1.7700195e+01
   4.5059930e+06   1.7883301e+01
   4.5060090e+06   1.5502930e+01
   4.5060510e+06   1.5136719e+01
   4.7872790e+06   1.6357422e+01
   4.7873230e+06   1.7150879e+01
   4.7873350e+06   1.6174316e+01
   4.7874080e+06   1.4038086e+01
   4.7874200e+06   1.6296387e+01
   5.1013380e+06   1.4221191e+01
   5.2156770e+06   1.4526367e+01
   5.2157550e+06   1.7333984e+01
   5.2157850e+06   1.8737793e+01
   5.2316160e+06   1.4892578e+01
   5.2316450e+06   2.2338867e+01
   5.2316710e+06   2.1179199e+01
   5.2316810e+06   2.1667480e+01
   5.2317010e+06   1.6601562e+01
   5.2317200e+06   1.7700195e+01
   5.2317540e+06   1.4648438e+01
   5.4763460e+06   1.4282227e+01
   5.5009470e+06   1.7456055e+01
   5.5009630e+06   1.5625000e+01
   5.5009980e+06   1.6296387e+01
   5.5010600e+06   1.4709473e+01
   5.5011570e+06   1.4343262e+01
   5.5013840e+06   1.5625000e+01
   5.7189580e+06   1.7761230e+01
   5.7189770e+06   1.9531250e+01
   5.7190040e+06   2.0935059e+01
   5.7190450e+06   1.4648438e+01
   5.7190740e+06   1.8798828e+01
   5.7192770e+06   1.4465332e+01
   5.7193390e+06   1.5808105e+01
