   5.9990000e+06   0.0000000e+00
   9.1210800e+05   1.4221191e+01
   1.4807160e+06   3.1066895e+01
   1.8933780e+06   1.4526367e+01
   1.8934130e+06   3.3264160e+01
   1.8934340e+06   2.1057129e+01
   1.8934640e+06   1.6906738e+01
   1.8934770e+06   2.0080566e+01
   1.8935000e+06   1.9531250e+01
   1.8935310e+06   2.5451660e+01
   1.8936710e+06   1.6479492e+01
   1.8937080e+06   1.9165039e+01
   1.8937400e+06   1.4587402e+01
   1.8937720e+06   1.4221191e+01
   1.8937950e+06   1.5991211e+01
   1.8940290e+06   1.4465332e+01
   1.8940840e+06   1.6601562e+01
   1.8950910e+06   1.4160156e+01
   2.3364200e+06   2.0385742e+01
   2.3364340e+06   2.8076172e+01
   2.3364680e+06   2.2827148e+01
   2.3364890e+06   1.4770508e+01
   2.3365040e+06   1.7822266e+01
   2.3365290e+06   2.0629883e+01
   2.3365590e+06   1.9042969e+01
   2.3365810e+06   1.4526367e+01
   2.3366290e+06   1.4099121e+01
   2.3366950e+06   1.4770508e+01
   2.3367220e+06   1.3977051e+01
   2.3367820e+06   1.5991211e+01
   2.3368150e+06   1.4221191e+01
   2.3368860e+06   1.7089844e+01
   2.3368960e+06   1.3854980e+01
   2.3369380e+06   1.4465332e+01
   2.3370780e+06   1.3793945e+01
   2.6570440e+06   1.3854980e+01
   2.6570840e+06   2.7160645e+01
   2.6571000e+06   1.4648438e+01
   2.6571320e+06   1.8188477e+01
   2.6571470e+06   2.4291992e+01
   2.6571810e+06   2.0080566e+01
   2.6571940e+06   2.3376465e+01
   2.6572310e+06   1.9653320e+01
   2.6572770e+06   1.6784668e+01
   2.6573210e+06   1.5502930e+01
   2.6573850e+06   1.8798828e+01
   2.6578090e+06   1.4770508e+01
   3.1574980e+06   1.4465332e+01
   3.1575280e+06   1.7578125e+01
   3.1575500e+06   2.2521973e+01
   3.1575850e+06   2.0385742e+01
   3.1576090e+06   1.5319824e+01
   3.1576200e+06   1.5625000e+01
   3.1576670e+06   1.5563965e+01
   3.1576870e+06   1.5930176e+01
   3.1577190e+06   1.4953613e+01
   3.1577580e+06   1.9104004e+01
   3.1578110e+06   1.6235352e+01
   3.1578350e+06   1.5502930e+01
   3.1578600e+06   1.3916016e+01
   3.1579960e+06   1.4221191e+01
   3.1580330e+06   1.4526367e+01
   3.1580680e+06   1.4160156e+01
   3.1581870e+06   1.3671875e+01
   3.4081620e+06   2.2216797e+01
   3.4081830e+06   1.8005371e+01
   3.4082080e+06   1.6601562e+01
   3.4082300e+06   1.9531250e+01
   3.4082400e+06   2.4719238e+01
   3.4082610e+06   2.3010254e+01
   3.4082750e+06   1.6784668e+01
   3.4082960e+06   1.9470215e+01
   3.4083270e+06   2.1423340e+01
   3.4083710e+06   1.8127441e+01
   3.4084150e+06   1.4282227e+01
   3.4084270e+06   1.5808105e+01
   3.4084700e+06   1.7822266e+01
   3.4085290e+06   1.4526367e+01
   3.4087500e+06   1.4709473e+01
   3.9212390e+06   1.3671875e+01
   3.9212820e+06   1.8798828e+01
   3.9213040e+06   1.6906738e+01
   3.9213220e+06   1.9714355e+01
   3.9213490e+06   1.6296387e+01
   3.9213620e+06   1.7089844e+01
   3.9213730e+06   1.5380859e+01
   3.9214150e+06   1.9287109e+01
   3.9214370e+06   2.1911621e+01
   3.9215230e+06   1.8554688e+01
   3.9215540e+06   1.4892578e+01
   3.9215730e+06   1.7517090e+01
   3.9215990e+06   1.8249512e+01
   3.9216180e+06   1.4465332e+01
   3.9217190e+06   1.4038086e+01
   3.9217560e+06   1.5441895e+01
   3.9322980e+06   2.0629883e+01
   3.9324640e+06   2.2033691e+01
   3.9325840e+06   1.9165039e+01
   3.9327060e+06   1.9287109e+01
   3.9328210e+06   1.5502930e+01
   3.9328360e+06   1.5869141e+01
   3.9330270e+06   2.2094727e+01
   3.9331490e+06   2.1057129e+01
   3.9332480e+06   1.5930176e+01
   3.9332830e+06   1.7333984e+01
   3.9333050e+06   1.5869141e+01
   3.9333760e+06   1.7639160e+01
   3.9334810e+06   1.4465332e+01
   3.9335150e+06   1.4038086e+01
   3.9335450e+06   1.7211914e+01
   3.9336460e+06   1.4404297e+01
   3.9342190e+06   1.3732910e+01
   3.9345740e+06   1.4709473e+01
   3.9347840e+06   1.4221191e+01
   3.9349430e+06   1.6723633e+01
   3.9351240e+06   1.4892578e+01
   3.9355320e+06   1.4404297e+01
   3.9370610e+06   1.7700195e+01
   3.9373270e+06   1.6296387e+01
   3.9376750e+06   1.5014648e+01
   3.9379090e+06   1.4831543e+01
   3.9381240e+06   1.6296387e+01
   3.9383150e+06   1.6601562e+01
   3.9385770e+06   1.5625000e+01
   3.9388040e+06   1.4465332e+01
   3.9390770e+06   1.3854980e+01
   3.9397030e+06   1.3671875e+01
   3.9403050e+06   1.5075684e+01
   3.9407290e+06   1.3793945e+01
   3.9411890e+06   1.3916016e+01
   4.2405270e+06   1.4709473e+01
   4.3269370e+06   2.7893066e+01
   4.3269570e+06   1.7456055e+01
   4.3269940e+06   1.4953613e+01
   4.3270160e+06   1.9958496e+01
   4.3270330e+06   1.6662598e+01
   4.3270530e+06   1.4953613e+01
   4.3270720e+06   1.6845703e+01
   4.3270920e+06   1.9897461e+01
   4.3271400e+06   1.9958496e+01
   4.3271600e+06   1.4160156e+01
   4.3271890e+06   1.4343262e+01
   4.3272030e+06   2.1484375e+01
   4.3272200e+06   1.9348145e+01
   4.3272350e+06   1.7089844e+01
   4.3272600e+06   1.5930176e+01
   4.3272750e+06   1.5686035e+01
   4.3272950e+06   1.6052246e+01
   4.3273340e+06   1.6845703e+01
   4.3275610e+06   1.7761230e+01
   4.5058800e+06   1.3854980e+01
   4.5059190e+06   2.0080566e+01
   4.5059360e+06   1.9592285e+01
   4.5059540e+06   2.3498535e+01
   4.5059640e+06   1.7395020e+01
   4.5059780e+06   1.8981934e+01
   4.5059990e+06   1.4038086e+01
   4.5060140e+06   2.2399902e+01
   4.5060270e+06   1.6113281e+01
   4.5060400e+06   1.7761230e+01
   4.5061270e+06   2.3681641e+01
   4.5061400e+06   1.5136719e+01
   4.5061710e+06   1.6418457e+01
   4.5061930e+06   1.6784668e+01
   4.5063950e+06   1.4221191e+01
   4.7872720e+06   1.5319824e+01
   4.7872830e+06   3.0334473e+01
   4.7873000e+06   2.0263672e+01
   4.7873260e+06   2.0874023e+01
   4.7873390e+06   1.8249512e+01
   4.7873700e+06   2.2644043e+01
   4.7874010e+06   1.5686035e+01
   4.7874190e+06   1.6052246e+01
   4.7874580e+06   1.5014648e+01
   4.7874880e+06   1.4770508e+01
   4.7875490e+06   1.6174316e+01
   4.7875640e+06   1.4343262e+01
   4.7875930e+06   1.5930176e+01
   4.7876350e+06   1.4099121e+01
   5.2156340e+06   1.8371582e+01
   5.2156770e+06   1.7089844e+01
   5.2157090e+06   2.1240234e+01
   5.2157380e+06   2.7099609e+01
   5.2157690e+06   1.7944336e+01
   5.2157980e+06   2.2033691e+01
   5.2158170e+06   2.2216797e+01
   5.2158590e+06   1.4526367e+01
   5.2158890e+06   1.8249512e+01
   5.2159080e+06   1.4038086e+01
   5.2159530e+06   2.0080566e+01
   5.2160200e+06   1.6235352e+01
   5.2161110e+06   1.5502930e+01
   5.2315930e+06   1.4892578e+01
   5.2316080e+06   2.6916504e+01
   5.2316220e+06   1.4343262e+01
   5.2316530e+06   1.8859863e+01
   5.2316680e+06   1.7883301e+01
   5.2316890e+06   1.8188477e+01
   5.2317040e+06   1.6113281e+01
   5.2317170e+06   1.3732910e+01
   5.2317330e+06   1.6418457e+01
   5.2317470e+06   1.5869141e+01
   5.2317700e+06   2.1423340e+01
   5.2317980e+06   1.9775391e+01
   5.2318860e+06   1.6601562e+01
   5.2319170e+06   1.4343262e+01
   5.2319780e+06   2.1179199e+01
   5.2320030e+06   1.5686035e+01
   5.2320500e+06   1.5014648e+01
   5.2321160e+06   1.4160156e+01
   5.2321480e+06   1.4343262e+01
   5.2323010e+06   1.5258789e+01
   5.2699620e+06   1.3916016e+01
   5.5009170e+06   2.3742676e+01
   5.5009470e+06   2.2949219e+01
   5.5009790e+06   4.8583984e+01
   5.5010000e+06   2.2277832e+01
   5.5010190e+06   1.6174316e+01
   5.5010410e+06   1.8737793e+01
   5.5010670e+06   1.4038086e+01
   5.5010800e+06   1.8554688e+01
   5.5011140e+06   1.4404297e+01
   5.5011450e+06   1.5319824e+01
   5.5011660e+06   1.5441895e+01
   5.5011890e+06   1.5869141e+01
   5.5012300e+06   1.4648438e+01
   5.5012850e+06   1.4892578e+01
   5.5013080e+06   1.3977051e+01
   5.7189420e+06   2.2827148e+01
   5.7189580e+06   2.6306152e+01
   5.7189850e+06   2.1179199e+01
   5.7189960e+06   1.3854980e+01
   5.7190140e+06   1.8615723e+01
   5.7190390e+06   1.6113281e+01
   5.7190650e+06   1.7517090e+01
   5.7191060e+06   2.1301270e+01
   5.7191340e+06   1.4038086e+01
   5.7191520e+06   1.5869141e+01
   5.7191970e+06   1.9348145e+01
   5.7192090e+06   1.4953613e+01
   5.7192520e+06   1.7211914e+01
   5.7193800e+06   1.3793945e+01
