   5.9990000e+06   0.0000000e+00
   5.2568000e+04   1.4648438e+01
   2.1149700e+05   1.5502930e+01
   2.1506200e+05   1.9775391e+01
   2.2394200e+05   1.4465332e+01
   2.4716300e+05   1.4770508e+01
   2.5633900e+05   1.4831543e+01
   2.9135400e+05   2.5695801e+01
   2.9136400e+05   1.6662598e+01
   3.6496500e+05   1.6845703e+01
   6.3767800e+05   1.5197754e+01
   7.0014200e+05   2.4169922e+01
   7.0032500e+05   1.5747070e+01
   7.3162500e+05   1.6235352e+01
   7.3377700e+05   1.5441895e+01
   8.9747800e+05   1.4587402e+01
   9.1252600e+05   2.6062012e+01
   9.1261700e+05   1.7028809e+01
   9.7497400e+05   1.5686035e+01
   9.7843200e+05   1.4831543e+01
   9.8869700e+05   1.6113281e+01
   1.0216560e+06   1.4404297e+01
   1.0384990e+06   1.4892578e+01
   1.0890030e+06   1.6418457e+01
   1.2072070e+06   1.6418457e+01
   1.2467640e+06   1.9226074e+01
   1.2468570e+06   1.9592285e+01
   1.2630110e+06   1.5563965e+01
   1.2634920e+06   1.5319824e+01
   1.3585890e+06   1.8554688e+01
   1.3643080e+06   1.5014648e+01
   1.3727070e+06   1.4587402e+01
   1.3910530e+06   1.5197754e+01
   1.4184070e+06   1.4465332e+01
   1.4620190e+06   1.6967773e+01
   1.4809690e+06   2.0446777e+01
   1.4810110e+06   1.5258789e+01
   1.4810840e+06   4.1748047e+01
   1.4811200e+06   2.6184082e+01
   1.4812580e+06   1.9653320e+01
   1.4814790e+06   1.9714355e+01
   1.4815220e+06   4.2419434e+01
   1.4815610e+06   2.4291992e+01
   1.4816020e+06   1.4404297e+01
   1.4816870e+06   2.7404785e+01
   1.4817580e+06   1.5686035e+01
   1.4818710e+06   3.3691406e+01
   1.4819390e+06   2.5512695e+01
   1.4821660e+06   1.6601562e+01
   1.5120770e+06   1.4648438e+01
   1.5880280e+06   1.5258789e+01
   1.7795840e+06   1.4770508e+01
   1.8291130e+06   1.5441895e+01
   1.8328130e+06   1.5075684e+01
   1.8928350e+06   2.3803711e+01
   1.8928710e+06   5.2307129e+01
   1.8929100e+06   4.3334961e+01
   1.8929230e+06   2.3803711e+01
   1.8929680e+06   2.1667480e+01
   1.8929830e+06   1.5625000e+01
   1.8930150e+06   2.3986816e+01
   1.8930340e+06   1.7883301e+01
   1.8930640e+06   1.6967773e+01
   1.8930890e+06   2.3620605e+01
   1.8931050e+06   1.6296387e+01
   1.8931440e+06   2.3986816e+01
   1.8931630e+06   1.7944336e+01
   1.8931760e+06   2.7587891e+01
   1.8932050e+06   2.9052734e+01
   1.8932170e+06   3.9794922e+01
   1.8932390e+06   4.8889160e+01
   1.8932640e+06   2.3132324e+01
   1.8932740e+06   3.3203125e+01
   1.8933010e+06   1.9287109e+01
   1.8933130e+06   2.0507812e+01
   1.8933310e+06   3.1188965e+01
   1.8933510e+06   2.1667480e+01
   1.8933640e+06   1.7761230e+01
   1.8933790e+06   5.1879883e+01
   1.8934030e+06   2.6550293e+01
   1.8934300e+06   4.6997070e+01
   1.8934480e+06   1.7456055e+01
   1.8934590e+06   4.6386719e+01
   1.8934970e+06   2.3742676e+01
   1.8935250e+06   1.8127441e+01
   1.8935470e+06   2.1850586e+01
   1.8935640e+06   3.3691406e+01
   1.8935870e+06   1.7211914e+01
   1.8936050e+06   2.2094727e+01
   1.8936380e+06   4.9621582e+01
   1.8936680e+06   1.6479492e+01
   1.8936820e+06   2.8991699e+01
   1.8937120e+06   2.2521973e+01
   1.8937370e+06   3.2653809e+01
   1.8937880e+06   2.3132324e+01
   1.8938040e+06   2.8137207e+01
   1.8938400e+06   2.2399902e+01
   1.8938500e+06   1.6296387e+01
   1.8938960e+06   4.1076660e+01
   1.8939250e+06   1.7089844e+01
   1.8939600e+06   3.1433105e+01
   1.8939880e+06   2.0812988e+01
   1.8940370e+06   1.7822266e+01
   1.8940820e+06   2.1118164e+01
   1.8941120e+06   1.6357422e+01
   1.8941390e+06   1.7578125e+01
   1.8941600e+06   1.9836426e+01
   1.8941820e+06   2.4353027e+01
   1.8942430e+06   1.6052246e+01
   1.8943180e+06   1.5991211e+01
   1.8943990e+06   2.2155762e+01
   1.8944700e+06   1.6967773e+01
   1.8945730e+06   1.6052246e+01
   1.8946150e+06   1.4953613e+01
   1.8947170e+06   1.8005371e+01
   1.8947650e+06   1.8554688e+01
   1.8948930e+06   1.6418457e+01
   1.8949800e+06   1.4526367e+01
   1.8951160e+06   1.4709473e+01
   1.8952870e+06   1.5136719e+01
   1.8953880e+06   1.8493652e+01
   1.8958620e+06   1.5258789e+01
   1.8964490e+06   1.7700195e+01
   1.9207610e+06   3.9855957e+01
   1.9208030e+06   2.6306152e+01
   1.9208670e+06   1.5380859e+01
   1.9212460e+06   3.7475586e+01
   1.9212890e+06   2.4353027e+01
   1.9226020e+06   3.6865234e+01
   1.9226510e+06   2.8320313e+01
   1.9230430e+06   3.9672852e+01
   1.9231010e+06   2.0996094e+01
   1.9235880e+06   3.6315918e+01
   1.9236440e+06   2.7160645e+01
   1.9244050e+06   3.5156250e+01
   1.9244560e+06   2.5268555e+01
   1.9247850e+06   3.6437988e+01
   1.9248450e+06   2.8259277e+01
   1.9252390e+06   1.8737793e+01
   1.9252880e+06   3.8452148e+01
   1.9257380e+06   1.8859863e+01
   1.9259740e+06   3.3630371e+01
   1.9262880e+06   3.7475586e+01
   1.9273930e+06   3.1860352e+01
   1.9274460e+06   1.6723633e+01
   1.9282720e+06   3.8879395e+01
   1.9291930e+06   3.8818359e+01
   1.9305410e+06   3.3203125e+01
   1.9307240e+06   3.7109375e+01
   1.9324980e+06   3.7902832e+01
   1.9344020e+06   3.6987305e+01
   1.9352290e+06   2.3071289e+01
   1.9362940e+06   3.4851074e+01
   1.9366910e+06   3.5278320e+01
   1.9381400e+06   3.6010742e+01
   1.9395170e+06   3.8940430e+01
   1.9398350e+06   3.4790039e+01
   1.9413940e+06   3.8269043e+01
   1.9428810e+06   3.9550781e+01
   1.9451160e+06   3.9916992e+01
   1.9464440e+06   3.8146973e+01
   1.9484900e+06   3.7536621e+01
   1.9515920e+06   3.7353516e+01
   1.9768840e+06   1.6906738e+01
   2.1162850e+06   1.4526367e+01
   2.2198940e+06   1.7944336e+01
   2.2199400e+06   2.0019531e+01
   2.3359360e+06   1.8005371e+01
   2.3359720e+06   2.9052734e+01
   2.3359860e+06   2.7526855e+01
   2.3360190e+06   2.7221680e+01
   2.3360340e+06   1.6357422e+01
   2.3360690e+06   4.2419434e+01
   2.3361120e+06   3.7048340e+01
   2.3361360e+06   1.4709473e+01
   2.3361570e+06   1.6723633e+01
   2.3361830e+06   3.1921387e+01
   2.3362050e+06   2.2888184e+01
   2.3362200e+06   1.7333984e+01
   2.3362360e+06   2.0874023e+01
   2.3362460e+06   6.8115234e+01
   2.3362760e+06   2.3864746e+01
   2.3363110e+06   2.9907227e+01
   2.3363230e+06   3.6132812e+01
   2.3363440e+06   7.4707031e+01
   2.3363730e+06   4.0832520e+01
   2.3363970e+06   3.3264160e+01
   2.3364210e+06   3.8269043e+01
   2.3364350e+06   1.9348145e+01
   2.3364680e+06   3.5217285e+01
   2.3364840e+06   3.4851074e+01
   2.3364990e+06   2.1606445e+01
   2.3365280e+06   4.6081543e+01
   2.3365470e+06   6.4575195e+01
   2.3365600e+06   6.3781738e+01
   2.3365880e+06   3.5034180e+01
   2.3366250e+06   2.4230957e+01
   2.3366540e+06   3.1555176e+01
   2.3366790e+06   2.9479980e+01
   2.3367110e+06   1.9348145e+01
   2.3367380e+06   3.5644531e+01
   2.3367670e+06   2.1362305e+01
   2.3367830e+06   6.2927246e+01
   2.3368230e+06   2.1911621e+01
   2.3368610e+06   2.1789551e+01
   2.3368720e+06   1.8066406e+01
   2.3369090e+06   1.8859863e+01
   2.3369190e+06   1.4587402e+01
   2.3369600e+06   2.5146484e+01
   2.3369870e+06   2.1789551e+01
   2.3370720e+06   2.4475098e+01
   2.3370870e+06   1.6662598e+01
   2.3371220e+06   1.5380859e+01
   2.3371650e+06   1.6113281e+01
   2.3371950e+06   1.5258789e+01
   2.3372520e+06   1.7761230e+01
   2.3372650e+06   2.0263672e+01
   2.3373040e+06   1.6601562e+01
   2.3376220e+06   2.2399902e+01
   2.3384880e+06   1.6296387e+01
   2.3395890e+06   1.5625000e+01
   2.3503900e+06   1.4953613e+01
   2.3620520e+06   3.6926270e+01
   2.3620950e+06   2.8320312e+01
   2.3624320e+06   3.5278320e+01
   2.3624780e+06   2.3132324e+01
   2.3629760e+06   3.7292480e+01
   2.3630260e+06   2.6367188e+01
   2.3633620e+06   3.1860352e+01
   2.3635520e+06   3.3569336e+01
   2.3636220e+06   2.2094727e+01
   2.3637780e+06   1.7883301e+01
   2.3642050e+06   1.7456055e+01
   2.3642660e+06   2.7954102e+01
   2.3646910e+06   3.2409668e+01
   2.3647760e+06   2.5817871e+01
   2.3651220e+06   4.1687012e+01
   2.3651990e+06   2.5634766e+01
   2.3657920e+06   3.6865234e+01
   2.3665460e+06   4.0283203e+01
   2.3666870e+06   3.3386230e+01
   2.3674000e+06   3.9062500e+01
   2.3675850e+06   3.6010742e+01
   2.3688980e+06   3.9489746e+01
   2.3702370e+06   3.7109375e+01
   2.3707100e+06   3.7841797e+01
   2.3715870e+06   3.6682129e+01
   2.3724010e+06   4.0710449e+01
   2.3729440e+06   3.8757324e+01
   2.3740780e+06   4.0039062e+01
   2.3748050e+06   3.7353516e+01
   2.3756460e+06   3.4912109e+01
   2.3763480e+06   3.2958984e+01
   2.3770960e+06   4.2541504e+01
   2.3779890e+06   3.6254883e+01
   2.3789790e+06   3.8635254e+01
   2.3795920e+06   3.7353516e+01
   2.3797810e+06   2.0446777e+01
   2.3803850e+06   3.7963867e+01
   2.3810970e+06   4.5837402e+01
   2.3817060e+06   3.9978027e+01
   2.3826340e+06   3.7170410e+01
   2.3835840e+06   3.6682129e+01
   2.3853620e+06   3.8879395e+01
   2.3864830e+06   3.8452148e+01
   2.3891090e+06   4.0832520e+01
   2.6015180e+06   4.0893555e+01
   2.6015530e+06   3.0883789e+01
   2.6015940e+06   1.4465332e+01
   2.6505160e+06   1.5197754e+01
   2.6566980e+06   2.3620605e+01
   2.6567140e+06   2.1606445e+01
   2.6567340e+06   3.0578613e+01
   2.6567450e+06   1.7456055e+01
   2.6567560e+06   4.1015625e+01
   2.6567830e+06   2.1118164e+01
   2.6568020e+06   3.2348633e+01
   2.6568180e+06   1.8188477e+01
   2.6568400e+06   2.4108887e+01
   2.6568820e+06   2.0019531e+01
   2.6569070e+06   3.5644531e+01
   2.6569230e+06   2.1545410e+01
   2.6569340e+06   1.5747070e+01
   2.6569450e+06   5.8654785e+01
   2.6569680e+06   3.5583496e+01
   2.6569790e+06   4.5349121e+01
   2.6570110e+06   3.4729004e+01
   2.6570300e+06   5.3466797e+01
   2.6570450e+06   8.9050293e+01
   2.6570720e+06   3.4484863e+01
   2.6570910e+06   5.0354004e+01
   2.6571080e+06   2.9296875e+01
   2.6571420e+06   4.0527344e+01
   2.6571570e+06   1.9226074e+01
   2.6571680e+06   3.3569336e+01
   2.6572080e+06   3.3752441e+01
   2.6572210e+06   2.5573730e+01
   2.6572510e+06   2.5268555e+01
   2.6572680e+06   2.2155762e+01
   2.6572790e+06   2.3254395e+01
   2.6572910e+06   1.5075684e+01
   2.6573170e+06   1.4953613e+01
   2.6573520e+06   1.4404297e+01
   2.6573780e+06   1.9042969e+01
   2.6574130e+06   4.5166016e+01
   2.6574410e+06   1.5747070e+01
   2.6574790e+06   2.3498535e+01
   2.6574980e+06   1.6113281e+01
   2.6575350e+06   2.8869629e+01
   2.6575510e+06   2.5695801e+01
   2.6576010e+06   1.5075684e+01
   2.6576130e+06   1.6113281e+01
   2.6577240e+06   1.9226074e+01
   2.6577510e+06   1.5747070e+01
   2.6577620e+06   1.5075684e+01
   2.6578380e+06   2.3437500e+01
   2.6578620e+06   1.9836426e+01
   2.6579040e+06   1.5258789e+01
   2.6579820e+06   1.6784668e+01
   2.6580260e+06   1.8493652e+01
   2.6580460e+06   1.6845703e+01
   2.6581080e+06   2.2094727e+01
   2.6583030e+06   1.8310547e+01
   2.6583550e+06   1.5258789e+01
   2.6584810e+06   1.6235352e+01
   2.6587210e+06   1.4526367e+01
   2.6589860e+06   1.4404297e+01
   2.6591870e+06   1.6174316e+01
   2.6596520e+06   1.4831543e+01
   2.6633620e+06   1.4831543e+01
   2.6790540e+06   4.2602539e+01
   2.6790960e+06   2.9479980e+01
   2.6792820e+06   3.2897949e+01
   2.6793270e+06   2.1240234e+01
   2.6797060e+06   3.7597656e+01
   2.6797510e+06   2.5085449e+01
   2.6805990e+06   4.1381836e+01
   2.6806450e+06   2.8259277e+01
   2.6810120e+06   3.5522461e+01
   2.6810590e+06   2.1240234e+01
   2.6814620e+06   3.0761719e+01
   2.6815340e+06   2.4047852e+01
   2.6820530e+06   3.6193848e+01
   2.6822640e+06   3.6743164e+01
   2.6825960e+06   3.4362793e+01
   2.6826530e+06   1.7822266e+01
   2.6831470e+06   3.8391113e+01
   2.6832890e+06   3.2287598e+01
   2.6837740e+06   3.9306641e+01
   2.6838410e+06   3.2531738e+01
   2.6843530e+06   3.8635254e+01
   2.6854050e+06   3.8085938e+01
   2.6854750e+06   3.0639648e+01
   2.6863450e+06   3.5522461e+01
   2.6865310e+06   3.8391113e+01
   2.6871410e+06   3.8146973e+01
   2.6875360e+06   3.6193848e+01
   2.6880780e+06   3.9184570e+01
   2.6885410e+06   3.7597656e+01
   2.6894600e+06   3.9245605e+01
   2.6902150e+06   4.2846680e+01
   2.6908990e+06   3.3081055e+01
   2.6917200e+06   3.6437988e+01
   2.6923110e+06   3.4179688e+01
   2.6933630e+06   3.4118652e+01
   2.6944120e+06   4.1992188e+01
   2.6953700e+06   4.0527344e+01
   2.6958070e+06   3.4912109e+01
   2.6967760e+06   3.9306641e+01
   2.6976130e+06   3.9245605e+01
   2.6982140e+06   4.0466309e+01
   2.6986580e+06   3.9001465e+01
   2.6994670e+06   4.3823242e+01
   2.7002490e+06   3.6926270e+01
   2.7012710e+06   3.5522461e+01
   2.7020760e+06   3.6560059e+01
   2.7032380e+06   3.9428711e+01
   2.7042670e+06   4.2297363e+01
   2.7051080e+06   3.9367676e+01
   2.7055110e+06   3.5705566e+01
   2.7060130e+06   1.8920898e+01
   2.7067510e+06   3.5888672e+01
   2.7072630e+06   3.7475586e+01
   2.7087730e+06   4.0649414e+01
   2.7098570e+06   3.9062500e+01
   2.7111450e+06   3.2348633e+01
   2.7128250e+06   3.9367676e+01
   2.7842570e+06   1.4404297e+01
   3.0506800e+06   1.4770508e+01
   3.1573410e+06   1.5747070e+01
   3.1573580e+06   1.6235352e+01
   3.1573700e+06   1.9348145e+01
   3.1573830e+06   3.7963867e+01
   3.1574290e+06   4.1015625e+01
   3.1574420e+06   1.0522461e+02
   3.1574630e+06   4.3518066e+01
   3.1574840e+06   4.6813965e+01
   3.1574940e+06   5.5175781e+01
   3.1575110e+06   2.1545410e+01
   3.1575280e+06   4.4555664e+01
   3.1575400e+06   2.1484375e+01
   3.1575560e+06   5.0720215e+01
   3.1575950e+06   3.2104492e+01
   3.1576190e+06   6.2683105e+01
   3.1576300e+06   4.0466309e+01
   3.1576700e+06   2.3620605e+01
   3.1576870e+06   4.4067383e+01
   3.1577190e+06   2.1301270e+01
   3.1577290e+06   1.8371582e+01
   3.1577580e+06   2.1850586e+01
   3.1577780e+06   1.7395020e+01
   3.1578110e+06   3.3874512e+01
   3.1578480e+06   1.4526367e+01
   3.1579000e+06   1.8798828e+01
   3.1579350e+06   1.8615723e+01
   3.1579470e+06   4.1503906e+01
   3.1579780e+06   1.9226074e+01
   3.1580090e+06   2.4658203e+01
   3.1580740e+06   1.6357422e+01
   3.1580910e+06   1.9165039e+01
   3.1581390e+06   2.9113770e+01
   3.1581820e+06   1.6601562e+01
   3.1582170e+06   1.9165039e+01
   3.1582460e+06   1.4831543e+01
   3.1582700e+06   2.2521973e+01
   3.1583260e+06   1.7089844e+01
   3.1583520e+06   2.3193359e+01
   3.1583960e+06   1.5075684e+01
   3.1584200e+06   2.2460938e+01
   3.1584710e+06   3.1860352e+01
   3.1585390e+06   1.5930176e+01
   3.1587400e+06   1.5441895e+01
   3.1587960e+06   1.5991211e+01
   3.1588950e+06   1.6357422e+01
   3.1638640e+06   1.5686035e+01
   3.1759090e+06   3.3203125e+01
   3.1759540e+06   3.0700684e+01
   3.1760200e+06   3.4851074e+01
   3.1762390e+06   3.8146973e+01
   3.1762820e+06   1.8859863e+01
   3.1766500e+06   3.6010742e+01
   3.1766980e+06   2.1484375e+01
   3.1771040e+06   4.0588379e+01
   3.1771520e+06   1.8859863e+01
   3.1775700e+06   3.5278320e+01
   3.1776250e+06   2.4291992e+01
   3.1779350e+06   3.4179688e+01
   3.1779860e+06   1.9409180e+01
   3.1782230e+06   3.6437988e+01
   3.1782760e+06   2.1362305e+01
   3.1785960e+06   3.6926270e+01
   3.1786530e+06   2.1911621e+01
   3.1790180e+06   3.5095215e+01
   3.1791130e+06   3.0212402e+01
   3.1793740e+06   3.0700684e+01
   3.1795480e+06   3.2104492e+01
   3.1796100e+06   2.0751953e+01
   3.1798670e+06   3.5034180e+01
   3.1799220e+06   1.8859863e+01
   3.1802310e+06   3.6193848e+01
   3.1803000e+06   2.0690918e+01
   3.1807640e+06   2.9907227e+01
   3.1808360e+06   2.5268555e+01
   3.1809760e+06   1.4526367e+01
   3.1810870e+06   3.5888672e+01
   3.1811380e+06   2.0324707e+01
   3.1815340e+06   3.6254883e+01
   3.1815850e+06   2.0935059e+01
   3.1820220e+06   3.4240723e+01
   3.1820910e+06   2.7648926e+01
   3.1827390e+06   3.3264160e+01
   3.1827960e+06   1.9104004e+01
   3.1831600e+06   3.8085938e+01
   3.1832730e+06   2.5817871e+01
   3.1836500e+06   3.3874512e+01
   3.1837420e+06   2.2033691e+01
   3.1846020e+06   3.5339355e+01
   3.1846920e+06   2.9418945e+01
   3.1854130e+06   3.0029297e+01
   3.1855090e+06   2.7587891e+01
   3.1859520e+06   3.4118652e+01
   3.1860450e+06   2.6184082e+01
   3.1869710e+06   3.1127930e+01
   3.1872660e+06   3.6315918e+01
   3.1878370e+06   3.2592773e+01
   3.1879340e+06   2.9357910e+01
   3.1892090e+06   3.5827637e+01
   3.1895760e+06   3.7353516e+01
   3.1909510e+06   3.3996582e+01
   3.1914530e+06   3.2775879e+01
   3.1925490e+06   4.1870117e+01
   3.1933150e+06   3.4240723e+01
   3.1943890e+06   3.7475586e+01
   3.1950040e+06   3.7536621e+01
   3.1957180e+06   3.7109375e+01
   3.1962340e+06   3.5644531e+01
   3.1967530e+06   3.7902832e+01
   3.1976040e+06   4.0466309e+01
   3.1982930e+06   3.9489746e+01
   3.1991130e+06   3.6071777e+01
   3.2000180e+06   3.3996582e+01
   3.2007040e+06   3.4362793e+01
   3.2020390e+06   3.6743164e+01
   3.2029040e+06   4.0283203e+01
   3.2037010e+06   3.3386230e+01
   3.2049970e+06   3.4667969e+01
   3.2058470e+06   3.5278320e+01
   3.2080740e+06   4.1503906e+01
   3.2093780e+06   3.6499023e+01
   3.4077610e+06   1.7578125e+01
   3.4077860e+06   1.6357422e+01
   3.4078060e+06   3.3569336e+01
   3.4078300e+06   3.9611816e+01
   3.4078440e+06   1.7883301e+01
   3.4078640e+06   1.5014648e+01
   3.4078850e+06   1.5563965e+01
   3.4079240e+06   1.8066406e+01
   3.4079430e+06   3.8635254e+01
   3.4079610e+06   2.9968262e+01
   3.4079800e+06   2.0202637e+01
   3.4080100e+06   1.8859863e+01
   3.4080290e+06   5.9204102e+01
   3.4080560e+06   4.6447754e+01
   3.4080690e+06   4.8339844e+01
   3.4080800e+06   4.1137695e+01
   3.4080950e+06   5.8410645e+01
   3.4081220e+06   1.8798828e+01
   3.4081450e+06   1.1694336e+02
   3.4081570e+06   4.6264648e+01
   3.4081880e+06   4.6325684e+01
   3.4082160e+06   5.6884766e+01
   3.4082530e+06   2.0874023e+01
   3.4082750e+06   4.0527344e+01
   3.4083080e+06   2.3620605e+01
   3.4083180e+06   2.0751953e+01
   3.4083510e+06   1.7211914e+01
   3.4083610e+06   2.0080566e+01
   3.4083840e+06   3.0334473e+01
   3.4083960e+06   1.9714355e+01
   3.4084370e+06   3.9550781e+01
   3.4084570e+06   2.2399902e+01
   3.4084750e+06   1.7578125e+01
   3.4084900e+06   1.7089844e+01
   3.4085340e+06   1.8737793e+01
   3.4085670e+06   1.8798828e+01
   3.4085900e+06   1.6418457e+01
   3.4086150e+06   2.1606445e+01
   3.4086410e+06   1.5441895e+01
   3.4086570e+06   1.5258789e+01
   3.4086840e+06   1.4404297e+01
   3.4086970e+06   2.1057129e+01
   3.4087290e+06   2.0996094e+01
   3.4088560e+06   1.7578125e+01
   3.4088750e+06   1.5930176e+01
   3.4089770e+06   1.5747070e+01
   3.4090490e+06   1.5258789e+01
   3.4090750e+06   1.6418457e+01
   3.4096280e+06   1.4953613e+01
   3.4245920e+06   4.2297363e+01
   3.4246360e+06   3.2409668e+01
   3.4247070e+06   3.0151367e+01
   3.4249660e+06   3.9978027e+01
   3.4250110e+06   2.0446777e+01
   3.4256450e+06   3.4484863e+01
   3.4256920e+06   3.1982422e+01
   3.4261270e+06   3.7170410e+01
   3.4261780e+06   2.5390625e+01
   3.4267250e+06   3.5827637e+01
   3.4267740e+06   2.4597168e+01
   3.4269940e+06   3.3874512e+01
   3.4275520e+06   3.7353516e+01
   3.4276170e+06   2.9418945e+01
   3.4279350e+06   3.5095215e+01
   3.4283020e+06   3.4484863e+01
   3.4283770e+06   2.6489258e+01
   3.4288230e+06   3.4729004e+01
   3.4289610e+06   3.3691406e+01
   3.4295050e+06   3.5888672e+01
   3.4295810e+06   2.9907227e+01
   3.4300590e+06   3.5583496e+01
   3.4301270e+06   2.6916504e+01
   3.4304980e+06   3.7780762e+01
   3.4314740e+06   3.7719727e+01
   3.4315550e+06   3.4973145e+01
   3.4320810e+06   3.5949707e+01
   3.4322880e+06   2.4658203e+01
   3.4326800e+06   3.4484863e+01
   3.4342290e+06   3.4790039e+01
   3.4344810e+06   3.6926270e+01
   3.4349120e+06   3.4667969e+01
   3.4351510e+06   3.0822754e+01
   3.4356520e+06   3.2836914e+01
   3.4359090e+06   3.8879395e+01
   3.4364450e+06   3.5278320e+01
   3.4369610e+06   3.3264160e+01
   3.4371770e+06   3.2836914e+01
   3.4379300e+06   3.4240723e+01
   3.4381770e+06   2.8930664e+01
   3.4390550e+06   4.0588379e+01
   3.4396710e+06   3.6193848e+01
   3.4403290e+06   3.3142090e+01
   3.4419650e+06   1.7700195e+01
   3.4423530e+06   4.2297363e+01
   3.4435010e+06   3.4729004e+01
   3.4437400e+06   3.6193848e+01
   3.4441370e+06   4.0222168e+01
   3.4447070e+06   3.7475586e+01
   3.4452590e+06   3.5095215e+01
   3.4455280e+06   2.6733398e+01
   3.4461070e+06   4.0649414e+01
   3.4468880e+06   3.6499023e+01
   3.4477170e+06   4.0954590e+01
   3.4491310e+06   3.6315918e+01
   3.4514860e+06   3.5827637e+01
   3.4533400e+06   3.4667969e+01
   3.4542690e+06   4.1687012e+01
   3.9213280e+06   1.4709473e+01
   3.9213530e+06   1.4526367e+01
   3.9213860e+06   1.6967773e+01
   3.9213980e+06   1.8493652e+01
   3.9214220e+06   3.3203125e+01
   3.9214320e+06   3.8269043e+01
   3.9214650e+06   5.9204102e+01
   3.9214750e+06   7.9101562e+01
   3.9215010e+06   4.0771484e+01
   3.9215220e+06   4.7729492e+01
   3.9215380e+06   6.2500000e+01
   3.9215590e+06   4.5715332e+01
   3.9215780e+06   2.4169922e+01
   3.9215930e+06   5.9936523e+01
   3.9216140e+06   2.7465820e+01
   3.9216430e+06   2.3498535e+01
   3.9216670e+06   3.3691406e+01
   3.9216790e+06   2.3559570e+01
   3.9216930e+06   1.7150879e+01
   3.9217320e+06   2.3010254e+01
   3.9217490e+06   2.7099609e+01
   3.9217630e+06   2.0935059e+01
   3.9217900e+06   1.9165039e+01
   3.9218170e+06   1.8066406e+01
   3.9218370e+06   1.5319824e+01
   3.9218500e+06   2.0996094e+01
   3.9218830e+06   1.4831543e+01
   3.9219320e+06   1.9958496e+01
   3.9219720e+06   1.6601562e+01
   3.9219850e+06   2.0446777e+01
   3.9220140e+06   1.5625000e+01
   3.9220330e+06   1.6235352e+01
   3.9220500e+06   1.6479492e+01
   3.9221080e+06   1.4831543e+01
   3.9221620e+06   1.4709473e+01
   3.9221720e+06   2.1667480e+01
   3.9223310e+06   1.5380859e+01
   3.9225540e+06   1.4892578e+01
   3.9227890e+06   1.4831543e+01
   3.9262760e+06   1.4587402e+01
   3.9296850e+06   2.4963379e+01
   3.9297310e+06   3.9489746e+01
   3.9297710e+06   3.2165527e+01
   3.9298380e+06   2.8625488e+01
   3.9298630e+06   1.8310547e+01
   3.9299220e+06   3.0212402e+01
   3.9299510e+06   2.0935059e+01
   3.9299680e+06   2.4597168e+01
   3.9300010e+06   1.9714355e+01
   3.9300570e+06   1.6174316e+01
   3.9300900e+06   1.5869141e+01
   3.9301050e+06   3.7597656e+01
   3.9301290e+06   1.5075684e+01
   3.9301500e+06   1.5197754e+01
   3.9301700e+06   2.5329590e+01
   3.9302280e+06   1.7883301e+01
   3.9302630e+06   1.8798828e+01
   3.9303490e+06   2.0141602e+01
   3.9303800e+06   3.9184570e+01
   3.9304140e+06   1.6418457e+01
   3.9304630e+06   1.9958496e+01
   3.9304880e+06   2.6794434e+01
   3.9305270e+06   2.3681641e+01
   3.9305900e+06   3.3874512e+01
   3.9306440e+06   3.4973145e+01
   3.9306650e+06   1.9470215e+01
   3.9307020e+06   1.9592285e+01
   3.9307250e+06   3.6865234e+01
   3.9307560e+06   1.4404297e+01
   3.9308090e+06   2.5146484e+01
   3.9308190e+06   1.7883301e+01
   3.9308560e+06   1.8432617e+01
   3.9308720e+06   2.1118164e+01
   3.9309010e+06   1.6784668e+01
   3.9309220e+06   1.9165039e+01
   3.9309590e+06   1.6174316e+01
   3.9310160e+06   2.2827148e+01
   3.9310410e+06   2.1850586e+01
   3.9310550e+06   1.5563965e+01
   3.9310830e+06   1.5014648e+01
   3.9311210e+06   1.7333984e+01
   3.9311370e+06   1.8066406e+01
   3.9311660e+06   1.6052246e+01
   3.9311970e+06   3.0944824e+01
   3.9312140e+06   1.5075684e+01
   3.9312420e+06   1.4648438e+01
   3.9312540e+06   1.5747070e+01
   3.9312940e+06   1.5686035e+01
   3.9313120e+06   2.1850586e+01
   3.9313270e+06   1.9958496e+01
   3.9313620e+06   2.5451660e+01
   3.9313870e+06   1.7150879e+01
   3.9314140e+06   2.0324707e+01
   3.9314590e+06   1.7028809e+01
   3.9315260e+06   1.6052246e+01
   3.9315490e+06   1.5625000e+01
   3.9316620e+06   1.7150879e+01
   3.9316840e+06   2.2155762e+01
   3.9316950e+06   1.6723633e+01
   3.9317330e+06   1.7639160e+01
   3.9318260e+06   1.6540527e+01
   3.9318760e+06   1.9653320e+01
   3.9318880e+06   2.0568848e+01
   3.9319240e+06   1.4587402e+01
   3.9320160e+06   1.6723633e+01
   3.9320670e+06   1.7333984e+01
   3.9320930e+06   1.7456055e+01
   3.9321170e+06   1.6235352e+01
   3.9322480e+06   1.4648438e+01
   3.9322710e+06   4.2785645e+01
   3.9322930e+06   1.7028809e+01
   3.9323860e+06   1.5686035e+01
   3.9324850e+06   1.6906738e+01
   3.9325970e+06   1.7578125e+01
   3.9328040e+06   1.8554687e+01
   3.9328160e+06   1.6296387e+01
   3.9328460e+06   1.9836426e+01
   3.9328930e+06   1.5075684e+01
   3.9330020e+06   1.8432617e+01
   3.9330790e+06   1.4648438e+01
   3.9331210e+06   1.4526367e+01
   3.9331800e+06   1.9714355e+01
   3.9332120e+06   1.9470215e+01
   3.9332380e+06   4.7058105e+01
   3.9333460e+06   1.4526367e+01
   3.9334810e+06   2.2338867e+01
   3.9335890e+06   1.4343262e+01
   3.9336590e+06   1.6479492e+01
   3.9336800e+06   2.0507812e+01
   3.9338270e+06   2.1118164e+01
   3.9338450e+06   1.4465332e+01
   3.9338980e+06   1.6479492e+01
   3.9339820e+06   5.1879883e+01
   3.9340010e+06   1.7395020e+01
   3.9340290e+06   1.6784668e+01
   3.9340570e+06   1.6174316e+01
   3.9341370e+06   1.4770508e+01
   3.9341470e+06   1.5502930e+01
   3.9341780e+06   1.6967773e+01
   3.9342050e+06   1.6967773e+01
   3.9342370e+06   1.4648438e+01
   3.9343340e+06   4.2907715e+01
   3.9344370e+06   1.5136719e+01
   3.9345320e+06   3.6376953e+01
   3.9345690e+06   1.5136719e+01
   3.9346810e+06   1.4282227e+01
   3.9347070e+06   1.6235352e+01
   3.9347180e+06   3.9611816e+01
   3.9348860e+06   1.7028809e+01
   3.9349140e+06   2.0996094e+01
   3.9349250e+06   3.8208008e+01
   3.9350970e+06   1.5747070e+01
   3.9351100e+06   1.7272949e+01
   3.9351500e+06   3.4851074e+01
   3.9353270e+06   3.8757324e+01
   3.9353370e+06   1.6113281e+01
   3.9353850e+06   1.8310547e+01
   3.9354970e+06   1.5686035e+01
   3.9355330e+06   2.6062012e+01
   3.9355540e+06   1.9836426e+01
   3.9355810e+06   1.5563965e+01
   3.9356020e+06   1.4770508e+01
   3.9357010e+06   1.5563965e+01
   3.9357180e+06   3.0334473e+01
   3.9357690e+06   1.5991211e+01
   3.9357890e+06   1.4770508e+01
   3.9358670e+06   4.1320801e+01
   3.9359530e+06   1.6784668e+01
   3.9359640e+06   1.6479492e+01
   3.9359960e+06   1.6296387e+01
   3.9360460e+06   1.6845703e+01
   3.9361230e+06   3.4790039e+01
   3.9361980e+06   1.6723633e+01
   3.9362280e+06   1.6845703e+01
   3.9363170e+06   1.6662598e+01
   3.9363700e+06   3.8330078e+01
   3.9365240e+06   1.5075684e+01
   3.9366230e+06   2.9663086e+01
   3.9366350e+06   2.0324707e+01
   3.9366960e+06   2.2216797e+01
   3.9367910e+06   3.8513184e+01
   3.9368310e+06   1.5197754e+01
   3.9368500e+06   1.5197754e+01
   3.9370020e+06   1.8188477e+01
   3.9370390e+06   1.7395020e+01
   3.9370830e+06   1.4526367e+01
   3.9372300e+06   3.4301758e+01
   3.9372740e+06   1.5075684e+01
   3.9372910e+06   1.6601562e+01
   3.9374820e+06   3.5644531e+01
   3.9377240e+06   3.9733887e+01
   3.9377350e+06   1.6723633e+01
   3.9377740e+06   1.8127441e+01
   3.9379460e+06   4.0283203e+01
   3.9379730e+06   1.9653320e+01
   3.9381750e+06   1.9042969e+01
   3.9382050e+06   1.7333984e+01
   3.9384510e+06   3.2470703e+01
   3.9384830e+06   2.1789551e+01
   3.9386590e+06   4.1076660e+01
   3.9387720e+06   1.5930176e+01
   3.9389290e+06   3.0334473e+01
   3.9392200e+06   3.6804199e+01
   3.9392580e+06   1.4526367e+01
   3.9392820e+06   1.5197754e+01
   3.9394680e+06   1.4892578e+01
   3.9395120e+06   3.8574219e+01
   3.9396950e+06   1.7761230e+01
   3.9397870e+06   3.6560059e+01
   3.9400800e+06   3.8513184e+01
   3.9400950e+06   2.3010254e+01
   3.9404340e+06   3.1921387e+01
   3.9404440e+06   1.8127441e+01
   3.9407140e+06   3.5705566e+01
   3.9409520e+06   1.7395020e+01
   3.9410490e+06   3.4790039e+01
   3.9413020e+06   3.7048340e+01
   3.9413570e+06   1.7089844e+01
   3.9415850e+06   3.2104492e+01
   3.9452100e+06   3.8574219e+01
   3.9454080e+06   3.3996582e+01
   3.9459980e+06   3.5339355e+01
   3.9463830e+06   3.3752441e+01
   3.9478110e+06   3.5644531e+01
   3.9480890e+06   3.5278320e+01
   3.9486280e+06   3.8574219e+01
   3.9489100e+06   3.7963867e+01
   3.9498490e+06   3.5034180e+01
   3.9505370e+06   3.2714844e+01
   3.9510400e+06   3.6987305e+01
   3.9518260e+06   3.7475586e+01
   3.9524980e+06   3.8269043e+01
   3.9533860e+06   3.2592773e+01
   3.9539880e+06   3.5583496e+01
   3.9542890e+06   3.3081055e+01
   3.9556420e+06   3.2531738e+01
   3.9560460e+06   4.2175293e+01
   3.9571010e+06   3.7475586e+01
   3.9577930e+06   3.7292480e+01
   3.9586560e+06   3.7719727e+01
   3.9595630e+06   3.8696289e+01
   3.9603820e+06   3.5217285e+01
   3.9621160e+06   4.1137695e+01
   3.9648930e+06   4.0893555e+01
   3.9669830e+06   3.5522461e+01
   4.3270150e+06   1.4831543e+01
   4.3270270e+06   1.9104004e+01
   4.3270830e+06   2.3864746e+01
   4.3271050e+06   4.3090820e+01
   4.3271260e+06   4.5715332e+01
   4.3271500e+06   5.8593750e+01
   4.3271710e+06   2.9113770e+01
   4.3271810e+06   2.7770996e+01
   4.3272000e+06   8.4960938e+01
   4.3272210e+06   3.0700684e+01
   4.3272400e+06   4.9316406e+01
   4.3272760e+06   3.4851074e+01
   4.3272920e+06   3.9306641e+01
   4.3273170e+06   3.0883789e+01
   4.3273390e+06   2.6611328e+01
   4.3273680e+06   4.1992188e+01
   4.3273890e+06   3.3508301e+01
   4.3274210e+06   2.6062012e+01
   4.3274350e+06   2.1057129e+01
   4.3274620e+06   1.4343262e+01
   4.3274790e+06   2.4780273e+01
   4.3275260e+06   1.9714355e+01
   4.3275580e+06   1.4709473e+01
   4.3276310e+06   1.5563965e+01
   4.3276570e+06   1.5014648e+01
   4.3276880e+06   1.7639160e+01
   4.3277340e+06   1.5563965e+01
   4.3277500e+06   1.5502930e+01
   4.3277910e+06   1.8493652e+01
   4.3278600e+06   1.4282227e+01
   4.3280830e+06   1.4404297e+01
   4.3339340e+06   1.4770508e+01
   4.3433880e+06   4.6264648e+01
   4.3434270e+06   3.1799316e+01
   4.3434750e+06   1.8554688e+01
   4.3435490e+06   2.3132324e+01
   4.3436910e+06   3.6682129e+01
   4.3437390e+06   1.8798828e+01
   4.3440880e+06   3.5644531e+01
   4.3441330e+06   2.0751953e+01
   4.3444870e+06   3.8940430e+01
   4.3445330e+06   2.6123047e+01
   4.3451130e+06   3.9489746e+01
   4.3451650e+06   2.6245117e+01
   4.3454810e+06   2.8869629e+01
   4.3455480e+06   2.6306152e+01
   4.3458420e+06   3.4240723e+01
   4.3459160e+06   2.6550293e+01
   4.3462670e+06   3.6071777e+01
   4.3463240e+06   2.5390625e+01
   4.3466520e+06   3.2836914e+01
   4.3468100e+06   2.9235840e+01
   4.3472200e+06   2.3803711e+01
   4.3472620e+06   1.9226074e+01
   4.3474490e+06   3.6682129e+01
   4.3475420e+06   2.2338867e+01
   4.3475670e+06   1.7761230e+01
   4.3476420e+06   1.9409180e+01
   4.3479510e+06   3.2348633e+01
   4.3480710e+06   1.8737793e+01
   4.3484030e+06   3.2531738e+01
   4.3485020e+06   2.9052734e+01
   4.3490210e+06   3.7170410e+01
   4.3495280e+06   4.0771484e+01
   4.3498050e+06   3.5705566e+01
   4.3509810e+06   3.7719727e+01
   4.3513340e+06   4.2480469e+01
   4.3534650e+06   4.4372559e+01
   4.3538790e+06   3.9306641e+01
   4.3553890e+06   3.8879395e+01
   4.3563720e+06   3.7658691e+01
   4.3568020e+06   3.6193848e+01
   4.3576180e+06   3.7109375e+01
   4.5003720e+06   1.5258789e+01
   4.5055390e+06   1.7089844e+01
   4.5055510e+06   3.7048340e+01
   4.5055980e+06   2.0385742e+01
   4.5056130e+06   2.1118164e+01
   4.5056380e+06   2.7954102e+01
   4.5056590e+06   1.9287109e+01
   4.5056910e+06   2.3010254e+01
   4.5057120e+06   3.9001465e+01
   4.5057350e+06   2.4169922e+01
   4.5057660e+06   4.5715332e+01
   4.5057770e+06   3.9306641e+01
   4.5058060e+06   2.8137207e+01
   4.5058210e+06   3.3630371e+01
   4.5058320e+06   4.1748047e+01
   4.5058440e+06   4.8583984e+01
   4.5058660e+06   6.5734863e+01
   4.5058920e+06   3.7780762e+01
   4.5059060e+06   2.4841309e+01
   4.5059230e+06   2.4353027e+01
   4.5059340e+06   5.2856445e+01
   4.5059560e+06   1.0791016e+02
   4.5059860e+06   4.2236328e+01
   4.5060130e+06   1.7517090e+01
   4.5060430e+06   2.5939941e+01
   4.5060680e+06   3.3569336e+01
   4.5061000e+06   3.2409668e+01
   4.5061380e+06   2.1240234e+01
   4.5061660e+06   3.3691406e+01
   4.5061880e+06   2.6245117e+01
   4.5062270e+06   2.2949219e+01
   4.5062420e+06   2.4475098e+01
   4.5062560e+06   1.4831543e+01
   4.5062910e+06   1.8249512e+01
   4.5063020e+06   1.8981934e+01
   4.5063400e+06   1.5747070e+01
   4.5063770e+06   1.4282227e+01
   4.5064050e+06   2.0141602e+01
   4.5064480e+06   1.5747070e+01
   4.5064780e+06   1.6113281e+01
   4.5066060e+06   1.4648438e+01
   4.5067530e+06   1.5747070e+01
   4.5069170e+06   1.4770508e+01
   4.5069280e+06   1.4587402e+01
   4.5070750e+06   1.4465332e+01
   4.5206370e+06   3.5949707e+01
   4.5206790e+06   1.8798828e+01
   4.5207340e+06   1.6113281e+01
   4.5209470e+06   3.2653809e+01
   4.5209850e+06   1.8371582e+01
   4.5217000e+06   3.8818359e+01
   4.5217430e+06   2.4841309e+01
   4.5218940e+06   3.6804199e+01
   4.5219480e+06   2.2399902e+01
   4.5220190e+06   2.2644043e+01
   4.5220650e+06   1.6845703e+01
   4.5221600e+06   3.6621094e+01
   4.5222110e+06   2.1667480e+01
   4.5222950e+06   1.7089844e+01
   4.5223460e+06   1.4465332e+01
   4.5224240e+06   3.6376953e+01
   4.5225170e+06   2.2949219e+01
   4.5227060e+06   2.0202637e+01
   4.5229770e+06   3.6132812e+01
   4.5230570e+06   2.6672363e+01
   4.5235770e+06   3.6987305e+01
   4.5236600e+06   2.8686523e+01
   4.5238460e+06   3.0517578e+01
   4.5241950e+06   3.6010742e+01
   4.5242760e+06   2.2155762e+01
   4.5249350e+06   3.6865234e+01
   4.5250530e+06   2.9785156e+01
   4.5251160e+06   1.8066406e+01
   4.5264430e+06   4.5166016e+01
   4.5265250e+06   3.4240723e+01
   4.5266390e+06   3.0456543e+01
   4.5273280e+06   3.8452148e+01
   4.5275120e+06   3.1799316e+01
   4.5290850e+06   3.4362793e+01
   4.5294470e+06   3.8574219e+01
   4.5303080e+06   3.4423828e+01
   4.5309790e+06   4.2541504e+01
   4.5320950e+06   3.7841797e+01
   4.5344930e+06   4.3640137e+01
   4.5347940e+06   3.8208008e+01
   4.5357310e+06   3.5278320e+01
   4.5360190e+06   3.4484863e+01
   4.5373260e+06   4.0649414e+01
   4.5375920e+06   3.5949707e+01
   4.5376180e+06   1.4526367e+01
   4.5376440e+06   1.9470215e+01
   4.5380510e+06   1.7517090e+01
   4.5381300e+06   3.9001465e+01
   4.5386300e+06   3.3691406e+01
   4.5393940e+06   4.2297363e+01
   4.5403830e+06   3.4545898e+01
   4.6686640e+06   1.5441895e+01
   4.6963080e+06   1.4526367e+01
   4.7190530e+06   1.4892578e+01
   4.7804930e+06   1.5686035e+01
   4.7869030e+06   1.4587402e+01
   4.7869160e+06   3.6254883e+01
   4.7869390e+06   1.6113281e+01
   4.7869540e+06   1.8066406e+01
   4.7870100e+06   2.1545410e+01
   4.7870400e+06   1.8432617e+01
   4.7870630e+06   4.6752930e+01
   4.7870790e+06   2.5573730e+01
   4.7870980e+06   2.8259277e+01
   4.7871160e+06   3.3142090e+01
   4.7871390e+06   6.4697266e+01
   4.7871580e+06   6.1828613e+01
   4.7871830e+06   9.3566895e+01
   4.7871990e+06   6.4697266e+01
   4.7872340e+06   6.2988281e+01
   4.7872550e+06   3.6865234e+01
   4.7872650e+06   1.6235352e+01
   4.7872830e+06   2.0385742e+01
   4.7873150e+06   5.5908203e+01
   4.7873450e+06   3.3935547e+01
   4.7873550e+06   4.2724609e+01
   4.7873760e+06   1.4770508e+01
   4.7874070e+06   3.2470703e+01
   4.7874260e+06   1.7700195e+01
   4.7874430e+06   1.9287109e+01
   4.7874860e+06   5.3283691e+01
   4.7875010e+06   2.0019531e+01
   4.7875300e+06   2.1240234e+01
   4.7875440e+06   1.7456055e+01
   4.7875690e+06   1.4465332e+01
   4.7875950e+06   1.8371582e+01
   4.7876360e+06   1.6662598e+01
   4.7876580e+06   1.8371582e+01
   4.7876940e+06   1.7150879e+01
   4.7878190e+06   1.9226074e+01
   4.8015910e+06   3.8818359e+01
   4.8016330e+06   3.3081055e+01
   4.8017090e+06   3.2348633e+01
   4.8019900e+06   3.8879395e+01
   4.8020350e+06   1.6540527e+01
   4.8032910e+06   3.6865234e+01
   4.8033430e+06   3.1799316e+01
   4.8034720e+06   2.8564453e+01
   4.8035320e+06   2.2888184e+01
   4.8038120e+06   3.6621094e+01
   4.8038800e+06   2.6245117e+01
   4.8042600e+06   3.8330078e+01
   4.8043320e+06   2.4597168e+01
   4.8047980e+06   4.1137695e+01
   4.8048720e+06   2.8808594e+01
   4.8054080e+06   4.2846680e+01
   4.8055310e+06   2.8137207e+01
   4.8058650e+06   3.5705566e+01
   4.8062500e+06   3.2104492e+01
   4.8066890e+06   3.8146973e+01
   4.8069860e+06   3.6560059e+01
   4.8070990e+06   2.3681641e+01
   4.8074710e+06   3.0273438e+01
   4.8075790e+06   3.0639648e+01
   4.8087470e+06   3.4423828e+01
   4.8098800e+06   3.5400391e+01
   4.8101450e+06   3.3142090e+01
   4.8107730e+06   3.7719727e+01
   4.8120060e+06   3.8208008e+01
   4.8124550e+06   3.6193848e+01
   4.8128330e+06   3.5522461e+01
   4.8142410e+06   3.3569336e+01
   4.8144680e+06   3.8024902e+01
   4.8154890e+06   3.3569336e+01
   4.8172110e+06   4.1137695e+01
   4.8176460e+06   3.4973145e+01
   4.8188470e+06   3.6132812e+01
   5.2157100e+06   1.6662598e+01
   5.2157440e+06   1.6113281e+01
   5.2157780e+06   3.0639648e+01
   5.2157990e+06   2.3498535e+01
   5.2158240e+06   4.1687012e+01
   5.2158440e+06   3.3630371e+01
   5.2158540e+06   6.3720703e+01
   5.2158750e+06   5.4504395e+01
   5.2158890e+06   2.1911621e+01
   5.2159060e+06   4.9133301e+01
   5.2159280e+06   1.7456055e+01
   5.2159430e+06   3.2104492e+01
   5.2159750e+06   4.1992188e+01
   5.2159870e+06   2.7770996e+01
   5.2160170e+06   1.7944336e+01
   5.2160480e+06   3.5888672e+01
   5.2160790e+06   3.3691406e+01
   5.2161060e+06   2.9357910e+01
   5.2161170e+06   1.8676758e+01
   5.2161570e+06   2.6916504e+01
   5.2161690e+06   2.8076172e+01
   5.2161930e+06   2.1972656e+01
   5.2162100e+06   1.8798828e+01
   5.2162260e+06   1.5441895e+01
   5.2162980e+06   1.7517090e+01
   5.2163360e+06   1.7333984e+01
   5.2163890e+06   2.3010254e+01
   5.2163990e+06   1.8188477e+01
   5.2165470e+06   1.5625000e+01
   5.2166550e+06   1.7456055e+01
   5.2166870e+06   1.5014648e+01
   5.2297020e+06   4.1992188e+01
   5.2297370e+06   2.7160645e+01
   5.2297830e+06   2.4719238e+01
   5.2298490e+06   2.3071289e+01
   5.2300710e+06   4.3579102e+01
   5.2301110e+06   2.1301270e+01
   5.2303260e+06   3.7841797e+01
   5.2303710e+06   1.7211914e+01
   5.2303940e+06   1.4282227e+01
   5.2304870e+06   1.5991211e+01
   5.2306310e+06   3.5522461e+01
   5.2306800e+06   1.8920898e+01
   5.2306990e+06   1.6235352e+01
   5.2307480e+06   1.8493652e+01
   5.2308010e+06   1.4282227e+01
   5.2308190e+06   2.4230957e+01
   5.2308700e+06   2.0141602e+01
   5.2308840e+06   2.0568848e+01
   5.2309890e+06   2.1362305e+01
   5.2310110e+06   1.7456055e+01
   5.2311110e+06   1.4953613e+01
   5.2311320e+06   3.4790039e+01
   5.2311480e+06   2.2705078e+01
   5.2311700e+06   3.2714844e+01
   5.2311910e+06   1.6479492e+01
   5.2312150e+06   1.6662598e+01
   5.2312460e+06   1.6967773e+01
   5.2312650e+06   3.6987305e+01
   5.2312940e+06   3.5095215e+01
   5.2313040e+06   3.6315918e+01
   5.2313310e+06   2.4841309e+01
   5.2313520e+06   1.7639160e+01
   5.2313670e+06   3.7231445e+01
   5.2313840e+06   2.6428223e+01
   5.2314100e+06   3.3325195e+01
   5.2314400e+06   6.4025879e+01
   5.2314690e+06   4.5166016e+01
   5.2314950e+06   4.0039062e+01
   5.2315080e+06   5.2246094e+01
   5.2315270e+06   2.2644043e+01
   5.2315590e+06   6.3110352e+01
   5.2315870e+06   9.0576172e+01
   5.2316020e+06   2.4291992e+01
   5.2316380e+06   6.8420410e+01
   5.2316670e+06   2.6489258e+01
   5.2316770e+06   3.1616211e+01
   5.2317170e+06   5.7800293e+01
   5.2317500e+06   5.2246094e+01
   5.2317640e+06   5.7617188e+01
   5.2317920e+06   3.6682129e+01
   5.2318050e+06   2.2277832e+01
   5.2318370e+06   1.9653320e+01
   5.2318580e+06   2.4230957e+01
   5.2318790e+06   1.7822266e+01
   5.2318900e+06   2.4353027e+01
   5.2319080e+06   2.3010254e+01
   5.2319350e+06   2.1545410e+01
   5.2319500e+06   1.6601562e+01
   5.2319730e+06   1.7272949e+01
   5.2320030e+06   5.8776855e+01
   5.2320130e+06   3.6926270e+01
   5.2320600e+06   1.6540527e+01
   5.2320800e+06   3.4240723e+01
   5.2320960e+06   1.4953613e+01
   5.2321340e+06   1.5869141e+01
   5.2321520e+06   1.4526367e+01
   5.2321950e+06   1.6540527e+01
   5.2322150e+06   1.5441895e+01
   5.2322390e+06   1.9470215e+01
   5.2322880e+06   2.5390625e+01
   5.2323320e+06   1.4770508e+01
   5.2323430e+06   1.7883301e+01
   5.2324590e+06   1.7150879e+01
   5.2324970e+06   1.5136719e+01
   5.2329240e+06   1.4831543e+01
   5.2330310e+06   1.5686035e+01
   5.2336360e+06   1.4404297e+01
   5.2339930e+06   1.7639160e+01
   5.2437450e+06   3.9062500e+01
   5.2437930e+06   2.6672363e+01
   5.2439660e+06   3.5522461e+01
   5.2440190e+06   2.2094727e+01
   5.2445180e+06   4.0222168e+01
   5.2445770e+06   3.1433105e+01
   5.2451010e+06   3.5583496e+01
   5.2452550e+06   3.7475586e+01
   5.2457210e+06   3.7353516e+01
   5.2458740e+06   3.7292480e+01
   5.2462360e+06   3.8208008e+01
   5.2466880e+06   3.6376953e+01
   5.2470120e+06   3.5400391e+01
   5.2473460e+06   4.1259766e+01
   5.2478680e+06   4.6325684e+01
   5.2484930e+06   3.8391113e+01
   5.2487700e+06   3.4423828e+01
   5.2508060e+06   3.5339355e+01
   5.2511490e+06   4.0039062e+01
   5.2518950e+06   3.2104492e+01
   5.2527050e+06   3.5827637e+01
   5.2534680e+06   4.1076660e+01
   5.2546640e+06   3.8146973e+01
   5.2550340e+06   3.6010742e+01
   5.2582890e+06   4.1992187e+01
   5.2891360e+06   1.5563965e+01
   5.3119340e+06   1.4404297e+01
   5.3158450e+06   1.5258789e+01
   5.3287630e+06   1.5747070e+01
   5.3305140e+06   1.5502930e+01
   5.3308230e+06   1.4526367e+01
   5.3341830e+06   1.4587402e+01
   5.3406850e+06   1.7028809e+01
   5.4600460e+06   1.4709473e+01
   5.4602480e+06   1.4526367e+01
   5.5009460e+06   1.6174316e+01
   5.5009720e+06   3.1494141e+01
   5.5009890e+06   1.9042969e+01
   5.5010130e+06   4.0893555e+01
   5.5010280e+06   1.2048340e+02
   5.5010500e+06   1.9226074e+01
   5.5010700e+06   3.6010742e+01
   5.5010810e+06   6.5795898e+01
   5.5011090e+06   3.9794922e+01
   5.5011290e+06   2.2033691e+01
   5.5011470e+06   3.9184570e+01
   5.5011570e+06   3.0700684e+01
   5.5011800e+06   1.9470215e+01
   5.5011950e+06   1.5197754e+01
   5.5012170e+06   2.7770996e+01
   5.5012280e+06   1.8127441e+01
   5.5012460e+06   2.1789551e+01
   5.5012810e+06   2.3132324e+01
   5.5013040e+06   2.0446777e+01
   5.5013320e+06   4.6386719e+01
   5.5013440e+06   2.5817871e+01
   5.5013770e+06   1.7272949e+01
   5.5013940e+06   1.8432617e+01
   5.5014380e+06   1.7639160e+01
   5.5014550e+06   1.8310547e+01
   5.5015210e+06   1.9104004e+01
   5.5015440e+06   1.6296387e+01
   5.5015710e+06   1.4526367e+01
   5.5016200e+06   1.7089844e+01
   5.5016410e+06   1.4282227e+01
   5.5016790e+06   2.4047852e+01
   5.5017010e+06   2.6489258e+01
   5.5017320e+06   1.7272949e+01
   5.5017790e+06   1.9287109e+01
   5.5169180e+06   3.9245605e+01
   5.5169610e+06   1.5991211e+01
   5.5170190e+06   2.3193359e+01
   5.5173130e+06   4.0710449e+01
   5.5173630e+06   2.8015137e+01
   5.5177760e+06   3.7048340e+01
   5.5178310e+06   2.9357910e+01
   5.5180420e+06   4.0771484e+01
   5.5181030e+06   2.0446777e+01
   5.5193700e+06   3.9855957e+01
   5.5194310e+06   3.0578613e+01
   5.5195570e+06   2.6611328e+01
   5.5201190e+06   4.2846680e+01
   5.5202970e+06   3.7414551e+01
   5.5206750e+06   3.6071777e+01
   5.5211840e+06   3.9184570e+01
   5.5214930e+06   3.4729004e+01
   5.5226750e+06   3.7841797e+01
   5.5229120e+06   3.7658691e+01
   5.5240700e+06   3.7170410e+01
   5.5241400e+06   3.0944824e+01
   5.5245340e+06   2.0141602e+01
   5.5249530e+06   1.9226074e+01
   5.5250540e+06   1.9531250e+01
   5.5250780e+06   3.6926270e+01
   5.5254570e+06   1.6113281e+01
   5.5254990e+06   3.7170410e+01
   5.5259270e+06   4.2724609e+01
   5.5262660e+06   3.7841797e+01
   5.5263410e+06   1.6723633e+01
   5.5268190e+06   4.0222168e+01
   5.5273000e+06   3.5827637e+01
   5.5283670e+06   3.7414551e+01
   5.5290400e+06   3.7597656e+01
   5.5308430e+06   3.8391113e+01
   5.5312960e+06   3.8024902e+01
   5.5320840e+06   4.2419434e+01
   5.5331380e+06   3.4606934e+01
   5.5338180e+06   4.2175293e+01
   5.5353410e+06   4.1503906e+01
   5.7185430e+06   1.5747070e+01
   5.7185630e+06   2.0324707e+01
   5.7185810e+06   1.6540527e+01
   5.7186140e+06   2.7221680e+01
   5.7186420e+06   2.0446777e+01
   5.7186740e+06   3.3691406e+01
   5.7186940e+06   1.6784668e+01
   5.7187170e+06   3.2409668e+01
   5.7187270e+06   3.5583496e+01
   5.7187650e+06   3.8818359e+01
   5.7187910e+06   4.1625977e+01
   5.7188060e+06   4.3579102e+01
   5.7188250e+06   2.8991699e+01
   5.7188350e+06   4.1931152e+01
   5.7188590e+06   4.4433594e+01
   5.7188830e+06   4.3334961e+01
   5.7188950e+06   8.6547852e+01
   5.7189350e+06   1.2908936e+02
   5.7189560e+06   3.2348633e+01
   5.7189840e+06   5.2368164e+01
   5.7189970e+06   2.3010254e+01
   5.7190220e+06   3.6987305e+01
   5.7190400e+06   2.7770996e+01
   5.7190620e+06   3.7292480e+01
   5.7190760e+06   1.8127441e+01
   5.7190950e+06   1.9653320e+01
   5.7191200e+06   3.8146973e+01
   5.7191450e+06   3.6254883e+01
   5.7191710e+06   2.4475098e+01
   5.7191860e+06   3.4790039e+01
   5.7192050e+06   2.0385742e+01
   5.7192150e+06   1.8615723e+01
   5.7192380e+06   1.6357422e+01
   5.7192620e+06   2.0385742e+01
   5.7193150e+06   1.4892578e+01
   5.7193510e+06   1.7211914e+01
   5.7193700e+06   2.4597168e+01
   5.7193880e+06   1.9592285e+01
   5.7194260e+06   1.4892578e+01
   5.7195660e+06   1.5563965e+01
   5.7195760e+06   1.4282227e+01
   5.7197960e+06   1.5075684e+01
   5.7351800e+06   4.1992187e+01
   5.7352260e+06   3.5583496e+01
   5.7352690e+06   2.2949219e+01
   5.7357140e+06   3.6621094e+01
   5.7357730e+06   3.0517578e+01
   5.7358890e+06   2.6123047e+01
   5.7359460e+06   2.2888184e+01
   5.7363520e+06   3.8269043e+01
   5.7363980e+06   2.1972656e+01
   5.7369080e+06   3.6804199e+01
   5.7369670e+06   2.7221680e+01
   5.7373630e+06   3.9978027e+01
   5.7374700e+06   2.9907227e+01
   5.7374930e+06   1.4282227e+01
   5.7380010e+06   3.7658691e+01
   5.7380970e+06   2.8747559e+01
   5.7397110e+06   3.6071777e+01
   5.7399400e+06   3.3996582e+01
   5.7404580e+06   3.6010742e+01
   5.7414230e+06   3.4912109e+01
   5.7420750e+06   4.1564941e+01
   5.7451790e+06   3.6804199e+01
   5.7456440e+06   3.4240723e+01
   5.7483790e+06   3.4667969e+01
   5.8832000e+06   1.6601562e+01
   5.9578400e+06   1.5197754e+01
