   5.9990000e+06   0.0000000e+00
   1.8934460e+06   1.7944336e+01
   1.8936370e+06   4.2297363e+01
   1.8937200e+06   3.2043457e+01
   1.8937440e+06   1.9409180e+01
   1.8937880e+06   2.4841309e+01
   1.8938770e+06   2.7160645e+01
   2.3365760e+06   4.9499512e+01
   2.3366300e+06   1.6235352e+01
   2.3366580e+06   3.8513184e+01
   2.3366950e+06   1.6906738e+01
   2.3368140e+06   2.3254395e+01
   2.6571210e+06   1.6479492e+01
   2.6571640e+06   4.0039063e+01
   2.6572450e+06   3.0212402e+01
   2.6572780e+06   1.9104004e+01
   2.6573110e+06   3.0578613e+01
   2.6575090e+06   2.0996094e+01
   2.6583280e+06   1.6113281e+01
   2.6885190e+06   1.6235352e+01
   3.1575690e+06   4.7424316e+01
   3.1576330e+06   3.5888672e+01
   3.1577280e+06   3.2104492e+01
   3.4082160e+06   5.3161621e+01
   3.4082290e+06   1.7089844e+01
   3.4082870e+06   3.3142090e+01
   3.4083630e+06   3.2653809e+01
   3.9215560e+06   4.4860840e+01
   3.9215940e+06   3.4118652e+01
   3.9216510e+06   2.4963379e+01
   3.9341450e+06   1.8127441e+01
   3.9353960e+06   1.8310547e+01
   4.3271320e+06   4.5593262e+01
   4.3271960e+06   3.8696289e+01
   4.3273550e+06   3.4790039e+01
   4.5058870e+06   2.1362305e+01
   4.5059650e+06   4.7607422e+01
   4.5060340e+06   4.2602539e+01
   4.5060840e+06   2.9052734e+01
   4.5061900e+06   2.5878906e+01
   4.7872910e+06   4.5715332e+01
   4.7873240e+06   1.8005371e+01
   4.7873450e+06   3.6682129e+01
   4.7874000e+06   3.3996582e+01
   4.7874730e+06   3.3020020e+01
   5.2159250e+06   4.4006348e+01
   5.2159380e+06   2.3193359e+01
   5.2159630e+06   2.4169922e+01
   5.2160040e+06   2.9968262e+01
   5.2161060e+06   1.6784668e+01
   5.2161170e+06   2.7587891e+01
   5.2162330e+06   1.6723633e+01
   5.2316650e+06   1.8615723e+01
   5.2316940e+06   4.8522949e+01
   5.2317110e+06   1.6906738e+01
   5.2317860e+06   3.4362793e+01
   5.2318000e+06   1.6784668e+01
   5.2318510e+06   2.8320312e+01
   5.2319190e+06   1.8188477e+01
   5.2323280e+06   3.1555176e+01
   5.5009820e+06   4.5532227e+01
   5.5010230e+06   1.8310547e+01
   5.5010330e+06   3.1188965e+01
   5.5010910e+06   2.7160645e+01
   5.7189780e+06   5.0781250e+01
   5.7190400e+06   3.7597656e+01
   5.7190910e+06   2.9174805e+01
   5.7191770e+06   3.0883789e+01
