   5.9990000e+06   0.0000000e+00
   2.4900000e+02   1.7395020e+01
   3.1820000e+03   1.8188477e+01
   4.5810000e+03   1.7578125e+01
   6.6840000e+03   1.6479492e+01
   9.1490000e+03   1.9836426e+01
   1.5441000e+04   1.7578125e+01
   1.7936000e+04   2.2644043e+01
   2.1879000e+04   1.5808105e+01
   2.3024000e+04   1.7822266e+01
   2.8138000e+04   1.8981934e+01
   3.3434000e+04   1.8554688e+01
   3.7792000e+04   1.9226074e+01
   3.9414000e+04   1.5808105e+01
   4.0704000e+04   1.9470215e+01
   4.4917000e+04   1.8371582e+01
   4.6884000e+04   1.7395020e+01
   4.9292000e+04   1.8798828e+01
   5.2559000e+04   1.7395020e+01
   5.2965000e+04   1.7700195e+01
   5.9449000e+04   1.6845703e+01
   6.3019000e+04   1.6113281e+01
   6.5637000e+04   2.0568848e+01
   6.7833000e+04   1.9836426e+01
   7.1756000e+04   1.5808105e+01
   7.5800000e+04   2.0080566e+01
   7.9139000e+04   1.9226074e+01
   8.1758000e+04   1.7822266e+01
   8.4501000e+04   1.5991211e+01
   8.6647000e+04   1.7578125e+01
   9.0020000e+04   1.8249512e+01
   9.0867000e+04   1.8493652e+01
   9.6668000e+04   1.8615723e+01
   1.0026500e+05   1.8981934e+01
   1.0101600e+05   1.9287109e+01
   1.0147500e+05   1.8249512e+01
   1.1029500e+05   1.7395020e+01
   1.1208300e+05   2.0202637e+01
   1.1327500e+05   1.8737793e+01
   1.1907700e+05   1.5197754e+01
   1.1920400e+05   1.9104004e+01
   1.2152100e+05   1.6723633e+01
   1.2584600e+05   1.7028809e+01
   1.3302800e+05   1.8066406e+01
   1.3367300e+05   1.8249512e+01
   1.3508100e+05   1.7822266e+01
   1.3911400e+05   1.8737793e+01
   1.4004500e+05   1.8066406e+01
   1.4814400e+05   1.6174316e+01
   1.5097600e+05   2.2338867e+01
   1.5631800e+05   1.7456055e+01
   1.5900600e+05   1.6174316e+01
   1.6387700e+05   1.9470215e+01
   1.6581500e+05   1.6052246e+01
   1.6786900e+05   2.1423340e+01
   1.6852900e+05   1.8310547e+01
   1.7320100e+05   1.7089844e+01
   1.7662600e+05   1.6662598e+01
   1.7873300e+05   1.8676758e+01
   1.8259900e+05   2.3437500e+01
   1.8690600e+05   1.7944336e+01
   1.8747900e+05   1.7761230e+01
   1.8835100e+05   1.7211914e+01
   1.8838800e+05   1.5747070e+01
   1.8983500e+05   1.7700195e+01
   1.9188500e+05   1.9592285e+01
   1.9465500e+05   1.6967773e+01
   1.9531400e+05   1.5502930e+01
   1.9714300e+05   1.7517090e+01
   2.0021200e+05   1.5258789e+01
   2.0383200e+05   1.7272949e+01
   2.0785000e+05   2.0751953e+01
   2.0894200e+05   1.5747070e+01
   2.1437500e+05   1.9897461e+01
   2.1528700e+05   1.7272949e+01
   2.1622200e+05   1.9714355e+01
   2.2829000e+05   1.9714355e+01
   2.3394400e+05   1.6357422e+01
   2.3740800e+05   1.9226074e+01
   2.4431600e+05   1.9958496e+01
   2.4634100e+05   1.8188477e+01
   2.5047000e+05   2.2644043e+01
   2.5610200e+05   2.0751953e+01
   2.5858500e+05   1.7883301e+01
   2.6131400e+05   1.9042969e+01
   2.6265400e+05   1.5502930e+01
   2.7377300e+05   1.9226074e+01
   2.7714900e+05   1.9165039e+01
   2.8132900e+05   1.7578125e+01
   2.8673700e+05   2.3376465e+01
   2.8762000e+05   1.8798828e+01
   2.8823600e+05   1.7211914e+01
   2.9172100e+05   1.5930176e+01
   2.9235600e+05   2.1301270e+01
   2.9338700e+05   1.8249512e+01
   3.0393800e+05   1.8249512e+01
   3.0465300e+05   1.5319824e+01
   3.0955300e+05   1.5625000e+01
   3.1178300e+05   2.4963379e+01
   3.1254100e+05   2.0568848e+01
   3.1929300e+05   2.0507813e+01
   3.2048200e+05   1.6418457e+01
   3.2074700e+05   2.0507812e+01
   3.2335800e+05   1.5808105e+01
   3.2805800e+05   2.0446777e+01
   3.3019800e+05   1.8005371e+01
   3.3479200e+05   1.6784668e+01
   3.3749800e+05   1.6784668e+01
   3.3814800e+05   1.5991211e+01
   3.4018900e+05   1.9592285e+01
   3.4563900e+05   1.8676758e+01
   3.4748600e+05   2.0507812e+01
   3.5209500e+05   1.7028809e+01
   3.5879800e+05   1.8798828e+01
   3.6159600e+05   1.5197754e+01
   3.6301000e+05   1.9958496e+01
   3.6944400e+05   1.7150879e+01
   3.7175400e+05   1.9470215e+01
   3.7356600e+05   2.1667480e+01
   3.7605400e+05   1.9287109e+01
   3.7909100e+05   1.7700195e+01
   3.8258200e+05   2.1179199e+01
   3.8502700e+05   1.9531250e+01
   3.8854500e+05   1.9714355e+01
   3.9777800e+05   1.5991211e+01
   4.0252000e+05   1.5686035e+01
   4.0445600e+05   1.9653320e+01
   4.0598100e+05   1.5502930e+01
   4.1221900e+05   1.8188477e+01
   4.1294900e+05   2.0690918e+01
   4.1670500e+05   1.8432617e+01
   4.2149200e+05   1.9958496e+01
   4.2723500e+05   1.9165039e+01
   4.2971000e+05   1.8615723e+01
   4.3402000e+05   1.6174316e+01
   4.4086400e+05   1.8310547e+01
   4.4411200e+05   1.7822266e+01
   4.4796900e+05   1.5380859e+01
   4.5176800e+05   1.7761230e+01
   4.5370900e+05   1.6906738e+01
   4.6104400e+05   1.8859863e+01
   4.6542800e+05   1.5930176e+01
   4.6787000e+05   1.9714355e+01
   4.6923800e+05   1.5197754e+01
   4.7030000e+05   1.9714355e+01
   4.7117700e+05   2.0385742e+01
   4.7152600e+05   1.9104004e+01
   4.7949700e+05   1.6906738e+01
   4.8656500e+05   1.9592285e+01
   4.9175200e+05   2.2155762e+01
   4.9617400e+05   1.8493652e+01
   4.9819800e+05   1.8493652e+01
   5.0655100e+05   2.0690918e+01
   5.1298200e+05   2.1972656e+01
   5.1910000e+05   1.9165039e+01
   5.1962500e+05   1.9531250e+01
   5.2363800e+05   1.6174316e+01
   5.2615100e+05   2.0263672e+01
   5.3114800e+05   1.6540527e+01
   5.3401500e+05   1.8188477e+01
   5.3644600e+05   1.5319824e+01
   5.4036600e+05   1.7944336e+01
   5.4432900e+05   1.9409180e+01
   5.5224400e+05   1.7150879e+01
   5.5354800e+05   2.0141602e+01
   5.6050700e+05   1.8188477e+01
   5.6363000e+05   1.9531250e+01
   5.6484900e+05   1.8676758e+01
   5.6873600e+05   1.8920898e+01
   5.7179300e+05   1.9653320e+01
   5.7648400e+05   2.0019531e+01
   5.8145700e+05   1.8798828e+01
   5.8332500e+05   1.7944336e+01
   5.8945300e+05   1.6784668e+01
   5.9214300e+05   1.7456055e+01
   5.9247600e+05   1.9836426e+01
   5.9344900e+05   2.3315430e+01
   5.9968700e+05   1.7578125e+01
   6.0384800e+05   1.8127441e+01
   6.0736600e+05   1.8981934e+01
   6.1420700e+05   1.7700195e+01
   6.1795300e+05   1.7456055e+01
   6.1894900e+05   1.7944336e+01
   6.2416700e+05   2.3620605e+01
   6.2471600e+05   1.9714355e+01
   6.3097800e+05   1.8676758e+01
   6.3331000e+05   2.0446777e+01
   6.3577800e+05   2.1667480e+01
   6.3697200e+05   2.1911621e+01
   6.4047500e+05   1.6601562e+01
   6.4163500e+05   2.0568848e+01
   6.4231300e+05   2.1179199e+01
   6.4854000e+05   1.8798828e+01
   6.5421100e+05   1.6662598e+01
   6.5956000e+05   2.1240234e+01
   6.6474100e+05   1.6906738e+01
   6.6814000e+05   1.8310547e+01
   6.6968600e+05   1.5747070e+01
   6.7590300e+05   1.7395020e+01
   6.8178400e+05   2.0935059e+01
   6.8285600e+05   1.5747070e+01
   6.9077100e+05   1.7639160e+01
   7.0430400e+05   1.7578125e+01
   7.0978800e+05   1.9653320e+01
   7.1386300e+05   1.5930176e+01
   7.1631900e+05   1.8859863e+01
   7.1836600e+05   1.6479492e+01
   7.2331100e+05   2.4169922e+01
   7.2497000e+05   1.5930176e+01
   7.2800500e+05   2.2949219e+01
   7.3848000e+05   1.6052246e+01
   7.4314500e+05   1.5808105e+01
   7.4471100e+05   1.7028809e+01
   7.4850500e+05   1.7578125e+01
   7.5541100e+05   1.6662598e+01
   7.5802600e+05   2.1057129e+01
   7.6137600e+05   1.7944336e+01
   7.6341000e+05   1.9836426e+01
   7.6458000e+05   1.8371582e+01
   7.7182100e+05   1.8371582e+01
   7.7740400e+05   1.8798828e+01
   7.8214300e+05   1.5258789e+01
   7.8407300e+05   2.0874023e+01
   7.9531600e+05   1.6113281e+01
   7.9888000e+05   1.7150879e+01
   8.0332200e+05   1.9775391e+01
   8.0476000e+05   2.2949219e+01
   8.0845600e+05   2.0080566e+01
   8.1091800e+05   2.2399902e+01
   8.1319700e+05   2.0324707e+01
   8.2267300e+05   1.6662598e+01
   8.2752000e+05   1.6662598e+01
   8.3986800e+05   1.6113281e+01
   8.4182800e+05   1.8554688e+01
   8.4599300e+05   1.6967773e+01
   8.4716100e+05   2.1362305e+01
   8.5372700e+05   2.0751953e+01
   8.5590600e+05   1.8981934e+01
   8.6124300e+05   2.1118164e+01
   8.6575400e+05   2.0019531e+01
   8.6752400e+05   1.6540527e+01
   8.7159400e+05   2.0629883e+01
   8.7380700e+05   1.7089844e+01
   8.8716400e+05   2.1667480e+01
   8.8841100e+05   1.7456055e+01
   8.9052800e+05   2.1240234e+01
   8.9739200e+05   1.8676758e+01
   8.9932700e+05   2.1057129e+01
   9.0577000e+05   1.5441895e+01
   9.1292400e+05   1.9470215e+01
   9.1579100e+05   2.0507813e+01
   9.1877900e+05   1.7944336e+01
   9.2151300e+05   2.0751953e+01
   9.2501100e+05   1.8066406e+01
   9.2739200e+05   1.7578125e+01
   9.2788200e+05   1.5808105e+01
   9.3907800e+05   1.8310547e+01
   9.4020700e+05   1.8493652e+01
   9.4772300e+05   1.6967773e+01
   9.5192900e+05   1.8981934e+01
   9.5909500e+05   1.9348145e+01
   9.6017100e+05   2.3925781e+01
   9.6576000e+05   1.8127441e+01
   9.7311400e+05   1.6296387e+01
   9.7368400e+05   1.7456055e+01
   9.7515500e+05   2.2949219e+01
   9.8174200e+05   1.6967773e+01
   9.8929300e+05   2.1118164e+01
   9.9075100e+05   1.8310547e+01
   9.9336300e+05   2.0629883e+01
   9.9810900e+05   2.0874023e+01
   1.0088820e+06   1.8188477e+01
   1.0109140e+06   1.9836426e+01
   1.0242830e+06   1.9165039e+01
   1.0303370e+06   1.9897461e+01
   1.0337420e+06   2.1179199e+01
   1.0360410e+06   1.8554688e+01
   1.0385620e+06   1.8737793e+01
   1.0415300e+06   1.8737793e+01
   1.0478050e+06   2.0874023e+01
   1.0482190e+06   1.9775391e+01
   1.0568090e+06   1.8371582e+01
   1.0594120e+06   2.0751953e+01
   1.0642580e+06   1.6174316e+01
   1.0730870e+06   1.7395020e+01
   1.0809430e+06   1.6235352e+01
   1.0817350e+06   2.1423340e+01
   1.0849370e+06   1.8554688e+01
   1.0887600e+06   1.8127441e+01
   1.0963370e+06   1.8432617e+01
   1.0998060e+06   2.2583008e+01
   1.1012630e+06   2.0507813e+01
   1.1074860e+06   2.1484375e+01
   1.1101530e+06   1.7517090e+01
   1.1134520e+06   2.1301270e+01
   1.1142810e+06   1.9958496e+01
   1.1146240e+06   2.0751953e+01
   1.1181750e+06   1.9409180e+01
   1.1187000e+06   1.5625000e+01
   1.1274620e+06   1.8676758e+01
   1.1372160e+06   1.5502930e+01
   1.1463150e+06   1.6723633e+01
   1.1495470e+06   1.5808105e+01
   1.1509300e+06   1.8432617e+01
   1.1522920e+06   1.7822266e+01
   1.1540360e+06   2.0324707e+01
   1.1616160e+06   2.0751953e+01
   1.1670660e+06   2.0141602e+01
   1.1750720e+06   1.6357422e+01
   1.1790330e+06   1.9226074e+01
   1.1828980e+06   1.8066406e+01
   1.1880280e+06   1.7700195e+01
   1.1940620e+06   1.8859863e+01
   1.1945660e+06   1.6723633e+01
   1.1976200e+06   1.9592285e+01
   1.2017440e+06   2.0751953e+01
   1.2049460e+06   2.1057129e+01
   1.2080190e+06   1.8432617e+01
   1.2104220e+06   1.5869141e+01
   1.2112330e+06   1.6479492e+01
   1.2227360e+06   1.5747070e+01
   1.2282370e+06   1.7395020e+01
   1.2355510e+06   1.9409180e+01
   1.2422140e+06   1.8371582e+01
   1.2434270e+06   1.9287109e+01
   1.2468330e+06   1.7089844e+01
   1.2546260e+06   1.6479492e+01
   1.2627850e+06   1.8859863e+01
   1.2685140e+06   1.6174316e+01
   1.2724210e+06   1.7028809e+01
   1.2763650e+06   2.0324707e+01
   1.2806170e+06   1.9531250e+01
   1.2809560e+06   1.9592285e+01
   1.2863880e+06   1.8798828e+01
   1.2910980e+06   2.0080566e+01
   1.2916340e+06   1.8005371e+01
   1.2953500e+06   1.6906738e+01
   1.2955680e+06   1.8493652e+01
   1.2976310e+06   1.6357422e+01
   1.3113500e+06   2.1118164e+01
   1.3195800e+06   1.6845703e+01
   1.3222810e+06   1.7089844e+01
   1.3249500e+06   1.6723633e+01
   1.3264220e+06   1.5441895e+01
   1.3297360e+06   1.8859863e+01
   1.3322450e+06   2.0446777e+01
   1.3368640e+06   2.0385742e+01
   1.3431830e+06   1.7089844e+01
   1.3459180e+06   2.1301270e+01
   1.3562170e+06   2.2705078e+01
   1.3612810e+06   1.9042969e+01
   1.3669280e+06   1.8737793e+01
   1.3675070e+06   1.9104004e+01
   1.3736400e+06   1.8493652e+01
   1.3797690e+06   1.7883301e+01
   1.3818670e+06   1.7089844e+01
   1.3848070e+06   1.5869141e+01
   1.3892080e+06   1.6906738e+01
   1.3944680e+06   1.8127441e+01
   1.4043650e+06   2.0935059e+01
   1.4066520e+06   1.9897461e+01
   1.4080410e+06   2.0080566e+01
   1.4102200e+06   1.8127441e+01
   1.4182900e+06   1.9409180e+01
   1.4208950e+06   1.5380859e+01
   1.4222430e+06   2.1240234e+01
   1.4242620e+06   1.7150879e+01
   1.4287570e+06   1.9653320e+01
   1.4318730e+06   1.7822266e+01
   1.4341560e+06   1.7456055e+01
   1.4383600e+06   1.9104004e+01
   1.4394450e+06   2.1545410e+01
   1.4426110e+06   2.0568848e+01
   1.4468300e+06   1.7517090e+01
   1.4493750e+06   1.8615723e+01
   1.4533230e+06   2.0507813e+01
   1.4543580e+06   2.0996094e+01
   1.4604440e+06   1.9836426e+01
   1.4613320e+06   1.8249512e+01
   1.4728110e+06   1.7333984e+01
   1.4733280e+06   1.8798828e+01
   1.4737050e+06   1.7028809e+01
   1.4808130e+06   1.8249512e+01
   1.4814210e+06   1.6235352e+01
   1.4821960e+06   1.6845703e+01
   1.4930740e+06   1.9592285e+01
   1.4955530e+06   1.9714355e+01
   1.4991440e+06   2.0446777e+01
   1.5073510e+06   1.5197754e+01
   1.5078720e+06   1.8920898e+01
   1.5094740e+06   1.7822266e+01
   1.5143360e+06   1.9531250e+01
   1.5179190e+06   1.9775391e+01
   1.5233580e+06   1.8005371e+01
   1.5280230e+06   1.9470215e+01
   1.5353870e+06   1.6113281e+01
   1.5375670e+06   2.1972656e+01
   1.5407470e+06   1.9592285e+01
   1.5441040e+06   2.0874023e+01
   1.5560100e+06   1.8493652e+01
   1.5623800e+06   2.0629883e+01
   1.5643860e+06   1.8249512e+01
   1.5652690e+06   1.9165039e+01
   1.5681040e+06   1.8005371e+01
   1.5715360e+06   1.7639160e+01
   1.5756710e+06   1.9958496e+01
   1.5789210e+06   1.9104004e+01
   1.5794350e+06   1.7639160e+01
   1.5844660e+06   2.0446777e+01
   1.5853190e+06   1.7150879e+01
   1.5881240e+06   1.5808105e+01
   1.5920920e+06   1.9104004e+01
   1.5958630e+06   1.7517090e+01
   1.5970680e+06   1.9958496e+01
   1.6064590e+06   1.5869141e+01
   1.6120790e+06   1.9226074e+01
   1.6142590e+06   1.7883301e+01
   1.6157770e+06   1.6662598e+01
   1.6198660e+06   2.1911621e+01
   1.6208820e+06   3.0639648e+01
   1.6210760e+06   2.8991699e+01
   1.6236210e+06   2.1301270e+01
   1.6276250e+06   1.5319824e+01
   1.6318580e+06   2.1667480e+01
   1.6362220e+06   1.9104004e+01
   1.6397350e+06   1.6784668e+01
   1.6416660e+06   1.8188477e+01
   1.6448570e+06   1.6723633e+01
   1.6455540e+06   1.8737793e+01
   1.6497610e+06   1.7822266e+01
   1.6542500e+06   1.6540527e+01
   1.6559300e+06   1.6052246e+01
   1.6590270e+06   2.0385742e+01
   1.6643670e+06   1.8432617e+01
   1.6729530e+06   1.5258789e+01
   1.6747140e+06   1.9104004e+01
   1.6758560e+06   1.5869141e+01
   1.6825480e+06   1.9287109e+01
   1.6835850e+06   1.9348145e+01
   1.6851690e+06   1.5197754e+01
   1.6866720e+06   1.6723633e+01
   1.6901720e+06   1.7639160e+01
   1.6919590e+06   1.8127441e+01
   1.6953910e+06   1.5747070e+01
   1.6989080e+06   1.6418457e+01
   1.7050250e+06   1.5380859e+01
   1.7122910e+06   1.5625000e+01
   1.7199810e+06   2.2216797e+01
   1.7233500e+06   1.9592285e+01
   1.7270970e+06   1.8615723e+01
   1.7293070e+06   1.7578125e+01
   1.7298360e+06   1.5930176e+01
   1.7337170e+06   1.9226074e+01
   1.7344270e+06   2.1606445e+01
   1.7369070e+06   1.5930176e+01
   1.7373350e+06   1.6845703e+01
   1.7427600e+06   2.0019531e+01
   1.7443430e+06   1.5563965e+01
   1.7527280e+06   1.7639160e+01
   1.7567580e+06   1.5747070e+01
   1.7604250e+06   2.1789551e+01
   1.7686110e+06   1.5319824e+01
   1.7726540e+06   1.7822266e+01
   1.7760270e+06   1.8371582e+01
   1.7780060e+06   1.9348145e+01
   1.7783540e+06   2.2460938e+01
   1.7791050e+06   1.8981934e+01
   1.7794990e+06   1.9226074e+01
   1.7838770e+06   2.0568848e+01
   1.7946450e+06   2.0874023e+01
   1.7967610e+06   2.3437500e+01
   1.7997960e+06   1.6662598e+01
   1.8043420e+06   1.6418457e+01
   1.8063280e+06   1.5197754e+01
   1.8090160e+06   2.2338867e+01
   1.8138090e+06   1.7089844e+01
   1.8179920e+06   1.7944336e+01
   1.8263320e+06   1.9104004e+01
   1.8299370e+06   1.9775391e+01
   1.8310660e+06   2.0324707e+01
   1.8371200e+06   1.9409180e+01
   1.8429040e+06   1.5563965e+01
   1.8445300e+06   2.5695801e+01
   1.8481570e+06   1.7761230e+01
   1.8499280e+06   2.2888184e+01
   1.8516560e+06   1.7822266e+01
   1.8566270e+06   1.8249512e+01
   1.8588450e+06   2.0507813e+01
   1.8634880e+06   1.6418457e+01
   1.8662850e+06   1.5869141e+01
   1.8754640e+06   2.2766113e+01
   1.8891600e+06   1.5258789e+01
   1.8929090e+06   1.5991211e+01
   1.8932020e+06   1.7578125e+01
   1.8933390e+06   2.3803711e+01
   1.8934300e+06   2.6367188e+01
   1.8934810e+06   3.2653809e+01
   1.8935400e+06   2.1484375e+01
   1.8935510e+06   3.7780762e+01
   1.8935860e+06   1.8432617e+01
   1.8936050e+06   5.8715820e+01
   1.8936270e+06   3.8085938e+01
   1.8936620e+06   2.6672363e+01
   1.8936790e+06   3.9306641e+01
   1.8937060e+06   1.9287109e+01
   1.8937270e+06   3.1677246e+01
   1.8937560e+06   2.4108887e+01
   1.8937900e+06   2.3193359e+01
   1.8938100e+06   2.3132324e+01
   1.8938280e+06   3.7292480e+01
   1.8938600e+06   2.6550293e+01
   1.8938930e+06   2.4597168e+01
   1.8939110e+06   2.4291992e+01
   1.8939670e+06   1.6967773e+01
   1.8940240e+06   2.6428223e+01
   1.8940880e+06   1.6723633e+01
   1.8941430e+06   1.7211914e+01
   1.8941870e+06   2.0812988e+01
   1.8942080e+06   2.0935059e+01
   1.8942760e+06   2.5329590e+01
   1.8943440e+06   2.6184082e+01
   1.8945030e+06   1.7150879e+01
   1.8945920e+06   1.6296387e+01
   1.8946810e+06   1.6296387e+01
   1.8951840e+06   1.7456055e+01
   1.8952690e+06   1.5197754e+01
   1.8976170e+06   1.8859863e+01
   1.8983950e+06   1.9958496e+01
   1.9031200e+06   1.6662598e+01
   1.9033910e+06   2.3071289e+01
   1.9037110e+06   1.7272949e+01
   1.9038790e+06   1.6601562e+01
   1.9046020e+06   2.0629883e+01
   1.9055100e+06   1.6906738e+01
   1.9062410e+06   1.8432617e+01
   1.9068730e+06   1.8371582e+01
   1.9074150e+06   1.8798828e+01
   1.9087100e+06   1.7395020e+01
   1.9090780e+06   1.8005371e+01
   1.9101760e+06   1.5258789e+01
   1.9144670e+06   2.1362305e+01
   1.9152070e+06   1.6296387e+01
   1.9170970e+06   1.6601562e+01
   1.9199270e+06   1.8249512e+01
   1.9227700e+06   1.8188477e+01
   1.9229880e+06   1.6418457e+01
   1.9247470e+06   1.8737793e+01
   1.9262270e+06   1.6723633e+01
   1.9265700e+06   1.7700195e+01
   1.9282950e+06   1.8859863e+01
   1.9302560e+06   2.2399902e+01
   1.9310710e+06   1.8005371e+01
   1.9315660e+06   1.7150879e+01
   1.9326080e+06   1.9104004e+01
   1.9343440e+06   1.5686035e+01
   1.9355890e+06   1.6845703e+01
   1.9396850e+06   1.8737793e+01
   1.9404440e+06   2.1728516e+01
   1.9419930e+06   3.0517578e+01
   1.9423580e+06   2.3620605e+01
   1.9436550e+06   1.6723633e+01
   1.9441270e+06   1.8737793e+01
   1.9450830e+06   1.6723633e+01
   1.9457390e+06   1.6174316e+01
   1.9469250e+06   1.7028809e+01
   1.9475390e+06   1.7150879e+01
   1.9484980e+06   1.6662598e+01
   1.9491190e+06   1.8249512e+01
   1.9503330e+06   1.9287109e+01
   1.9513480e+06   1.5991211e+01
   1.9523650e+06   2.1667480e+01
   1.9533870e+06   1.7883301e+01
   1.9537800e+06   1.9348145e+01
   1.9548100e+06   1.8127441e+01
   1.9560090e+06   1.7150879e+01
   1.9564180e+06   1.6479492e+01
   1.9571460e+06   1.8371582e+01
   1.9585290e+06   1.9775391e+01
   1.9591220e+06   1.8493652e+01
   1.9597330e+06   1.7944336e+01
   1.9603950e+06   1.5258789e+01
   1.9613640e+06   1.9348145e+01
   1.9620390e+06   1.9042969e+01
   1.9637560e+06   2.1484375e+01
   1.9652050e+06   1.9470215e+01
   1.9656870e+06   1.9409180e+01
   1.9663490e+06   1.9836426e+01
   1.9667920e+06   1.6967773e+01
   1.9686580e+06   2.0263672e+01
   1.9692440e+06   1.7517090e+01
   1.9697570e+06   1.9714355e+01
   1.9703350e+06   1.8371582e+01
   1.9711480e+06   2.1423340e+01
   1.9718740e+06   1.8920898e+01
   1.9724810e+06   1.6906738e+01
   1.9731160e+06   1.7517090e+01
   1.9736630e+06   1.8676758e+01
   1.9747090e+06   1.7272949e+01
   1.9757160e+06   2.0629883e+01
   1.9771370e+06   1.9653320e+01
   1.9775810e+06   2.1606445e+01
   1.9784330e+06   1.8554688e+01
   1.9793680e+06   1.6906738e+01
   1.9802690e+06   1.8798828e+01
   1.9806980e+06   1.9348145e+01
   1.9814000e+06   1.9042969e+01
   1.9833970e+06   1.7944336e+01
   1.9839350e+06   1.9653320e+01
   1.9850410e+06   1.5930176e+01
   1.9854910e+06   1.6113281e+01
   1.9862660e+06   2.0263672e+01
   1.9866360e+06   1.8981934e+01
   1.9872300e+06   1.6113281e+01
   1.9875580e+06   2.0690918e+01
   1.9884960e+06   1.7395020e+01
   1.9897820e+06   1.9226074e+01
   1.9906280e+06   1.8432617e+01
   1.9913660e+06   1.6357422e+01
   1.9919360e+06   1.9104004e+01
   1.9928290e+06   1.6357422e+01
   1.9931140e+06   1.6784668e+01
   1.9942280e+06   1.9470215e+01
   1.9950320e+06   2.1606445e+01
   1.9961040e+06   1.7150879e+01
   1.9972870e+06   1.8615723e+01
   1.9976330e+06   1.8493652e+01
   1.9984220e+06   1.9775391e+01
   1.9999670e+06   1.6601563e+01
   2.0005180e+06   1.8981934e+01
   2.0006850e+06   2.1179199e+01
   2.0019860e+06   1.7028809e+01
   2.0032590e+06   1.6113281e+01
   2.0043710e+06   1.9409180e+01
   2.0059000e+06   1.6479492e+01
   2.0069610e+06   1.8432617e+01
   2.0076590e+06   1.9958496e+01
   2.0083320e+06   2.3681641e+01
   2.0090780e+06   1.8981934e+01
   2.0103850e+06   1.6235352e+01
   2.0110380e+06   1.8127441e+01
   2.0114640e+06   1.5563965e+01
   2.0126850e+06   1.7639160e+01
   2.0130840e+06   2.2338867e+01
   2.0141340e+06   1.5625000e+01
   2.0157660e+06   1.6479492e+01
   2.0173350e+06   2.0141602e+01
   2.0184360e+06   2.1667480e+01
   2.0196600e+06   1.7700195e+01
   2.0213110e+06   1.6784668e+01
   2.0217090e+06   1.6967773e+01
   2.0237990e+06   2.0446777e+01
   2.0250060e+06   1.6052246e+01
   2.0257410e+06   1.7578125e+01
   2.0270650e+06   1.9531250e+01
   2.0282440e+06   2.0568848e+01
   2.0295290e+06   1.6906738e+01
   2.0302840e+06   1.7578125e+01
   2.0312020e+06   1.7700195e+01
   2.0316910e+06   1.8310547e+01
   2.0326490e+06   1.7272949e+01
   2.0339360e+06   1.8188477e+01
   2.0356830e+06   1.8188477e+01
   2.0365570e+06   2.1362305e+01
   2.0368440e+06   1.7517090e+01
   2.0378880e+06   1.8249512e+01
   2.0389820e+06   2.1240234e+01
   2.0407110e+06   1.9287109e+01
   2.0413010e+06   1.5686035e+01
   2.0428740e+06   1.9714355e+01
   2.0442810e+06   1.7822266e+01
   2.0456840e+06   1.6113281e+01
   2.0460630e+06   1.7639160e+01
   2.0473480e+06   1.8615723e+01
   2.0488470e+06   2.1301270e+01
   2.0501390e+06   2.0446777e+01
   2.0520660e+06   1.5869141e+01
   2.0538930e+06   1.9287109e+01
   2.0549430e+06   1.6723633e+01
   2.0552060e+06   1.7272949e+01
   2.0568440e+06   1.8920898e+01
   2.0575970e+06   1.6906738e+01
   2.0582620e+06   1.7883301e+01
   2.0591460e+06   1.7761230e+01
   2.0596150e+06   1.5930176e+01
   2.0611390e+06   1.7272949e+01
   2.0624940e+06   1.8615723e+01
   2.0637480e+06   1.6174316e+01
   2.0647350e+06   1.9104004e+01
   2.0665950e+06   1.6784668e+01
   2.0677560e+06   1.8981934e+01
   2.0686250e+06   2.0751953e+01
   2.0694350e+06   1.7578125e+01
   2.0713190e+06   1.9470215e+01
   2.0715560e+06   1.6479492e+01
   2.0733120e+06   1.6052246e+01
   2.0741480e+06   1.8005371e+01
   2.0777180e+06   1.7089844e+01
   2.0782180e+06   1.8920898e+01
   2.0795940e+06   1.7028809e+01
   2.0804520e+06   1.9226074e+01
   2.0822980e+06   1.7883301e+01
   2.0841190e+06   1.7578125e+01
   2.0846310e+06   1.6418457e+01
   2.0857340e+06   1.8249512e+01
   2.0865810e+06   1.7395020e+01
   2.0876320e+06   1.7700195e+01
   2.0884690e+06   1.7272949e+01
   2.0894990e+06   1.8127441e+01
   2.0901990e+06   1.8493652e+01
   2.0917540e+06   1.7761230e+01
   2.0925560e+06   1.7700195e+01
   2.0960940e+06   1.5991211e+01
   2.0983320e+06   1.7944336e+01
   2.0985670e+06   1.6357422e+01
   2.0999290e+06   2.2521973e+01
   2.1034940e+06   1.9653320e+01
   2.1068240e+06   1.7089844e+01
   2.1094010e+06   1.6662598e+01
   2.1098330e+06   1.8737793e+01
   2.1098720e+06   1.7211914e+01
   2.1118150e+06   1.7883301e+01
   2.1158320e+06   1.8859863e+01
   2.1164350e+06   1.7211914e+01
   2.1201410e+06   1.6967773e+01
   2.1218820e+06   1.5991211e+01
   2.1239790e+06   2.1545410e+01
   2.1243860e+06   2.1911621e+01
   2.1255260e+06   1.6540527e+01
   2.1265650e+06   1.7150879e+01
   2.1276610e+06   1.6784668e+01
   2.1286450e+06   1.7272949e+01
   2.1318370e+06   1.7272949e+01
   2.1326540e+06   1.8432617e+01
   2.1355000e+06   2.0935059e+01
   2.1360880e+06   1.8981934e+01
   2.1389690e+06   2.0935059e+01
   2.1398770e+06   2.1850586e+01
   2.1481150e+06   2.1240234e+01
   2.1546990e+06   1.8188477e+01
   2.1554920e+06   1.9042969e+01
   2.1576150e+06   2.0568848e+01
   2.1594530e+06   1.6662598e+01
   2.1611620e+06   1.5747070e+01
   2.1615210e+06   1.8371582e+01
   2.1655290e+06   1.8432617e+01
   2.1680460e+06   1.5319824e+01
   2.1699480e+06   2.2155762e+01
   2.1739650e+06   1.8859863e+01
   2.1751880e+06   2.0690918e+01
   2.1781910e+06   1.8859863e+01
   2.1785350e+06   1.6723633e+01
   2.1881620e+06   2.4597168e+01
   2.1895950e+06   2.1362305e+01
   2.1941010e+06   1.9897461e+01
   2.1986930e+06   1.8798828e+01
   2.1996530e+06   1.7517090e+01
   2.2019470e+06   1.7700195e+01
   2.2059190e+06   2.2766113e+01
   2.2095800e+06   1.5258789e+01
   2.2100160e+06   1.7211914e+01
   2.2134060e+06   1.8066406e+01
   2.2138740e+06   1.8188477e+01
   2.2217440e+06   1.7883301e+01
   2.2257810e+06   1.7944336e+01
   2.2269230e+06   2.1362305e+01
   2.2341870e+06   1.8188477e+01
   2.2396330e+06   1.7089844e+01
   2.2509100e+06   1.8676758e+01
   2.2578190e+06   1.7700195e+01
   2.2725240e+06   2.1423340e+01
   2.2743850e+06   1.6967773e+01
   2.2866130e+06   1.5991211e+01
   2.2916130e+06   1.7883301e+01
   2.2921960e+06   1.5747070e+01
   2.2969350e+06   2.2521973e+01
   2.2996470e+06   1.9897461e+01
   2.3101310e+06   1.7883301e+01
   2.3142880e+06   1.6906738e+01
   2.3178150e+06   1.6113281e+01
   2.3221260e+06   1.6357422e+01
   2.3249270e+06   1.8127441e+01
   2.3260800e+06   2.1606445e+01
   2.3360090e+06   2.1911621e+01
   2.3362980e+06   1.6784668e+01
   2.3363700e+06   2.1301270e+01
   2.3364320e+06   3.2287598e+01
   2.3364420e+06   2.3071289e+01
   2.3364560e+06   2.7832031e+01
   2.3365010e+06   4.6447754e+01
   2.3365230e+06   4.0832520e+01
   2.3365520e+06   2.4719238e+01
   2.3365650e+06   3.6010742e+01
   2.3366010e+06   2.9479980e+01
   2.3366130e+06   1.8249512e+01
   2.3366500e+06   3.2043457e+01
   2.3366650e+06   3.9978027e+01
   2.3366960e+06   1.8615723e+01
   2.3367320e+06   2.3010254e+01
   2.3367610e+06   2.5756836e+01
   2.3368010e+06   1.6723633e+01
   2.3368540e+06   2.1118164e+01
   2.3368710e+06   1.8371582e+01
   2.3368960e+06   1.8432617e+01
   2.3369080e+06   2.7343750e+01
   2.3369520e+06   1.6845703e+01
   2.3370130e+06   2.3315430e+01
   2.3370780e+06   2.0141602e+01
   2.3371300e+06   2.0080566e+01
   2.3372540e+06   1.6723633e+01
   2.3373210e+06   1.9775391e+01
   2.3373840e+06   1.6662598e+01
   2.3374470e+06   1.6845703e+01
   2.3375820e+06   2.0385742e+01
   2.3376650e+06   1.5991211e+01
   2.3379000e+06   1.8066406e+01
   2.3382320e+06   1.9165039e+01
   2.3385140e+06   1.7517090e+01
   2.3388100e+06   1.5869141e+01
   2.3399670e+06   1.9348145e+01
   2.3411580e+06   1.5869141e+01
   2.3415370e+06   1.6174316e+01
   2.3424440e+06   1.5563965e+01
   2.3430390e+06   1.5319824e+01
   2.3444330e+06   1.6357422e+01
   2.3450090e+06   1.5686035e+01
   2.3452490e+06   1.6906738e+01
   2.3457410e+06   1.7578125e+01
   2.3468380e+06   1.6357422e+01
   2.3483040e+06   1.6601563e+01
   2.3497060e+06   1.7822266e+01
   2.3503750e+06   1.6906738e+01
   2.3519770e+06   1.8127441e+01
   2.3524140e+06   2.1423340e+01
   2.3534120e+06   1.9592285e+01
   2.3540290e+06   1.6113281e+01
   2.3545590e+06   1.7822266e+01
   2.3559770e+06   1.8188477e+01
   2.3566340e+06   1.5441895e+01
   2.3573190e+06   1.9287109e+01
   2.3580790e+06   2.0263672e+01
   2.3589260e+06   1.7822266e+01
   2.3595810e+06   1.9470215e+01
   2.3602140e+06   1.6540527e+01
   2.3611670e+06   1.8432617e+01
   2.3619870e+06   2.5085449e+01
   2.3625700e+06   1.7272949e+01
   2.3633100e+06   1.8005371e+01
   2.3642480e+06   1.5625000e+01
   2.3648370e+06   1.7517090e+01
   2.3653960e+06   1.6906738e+01
   2.3658910e+06   1.9653320e+01
   2.3663170e+06   1.7272949e+01
   2.3668830e+06   1.6174316e+01
   2.3676020e+06   1.5686035e+01
   2.3679620e+06   1.8798828e+01
   2.3684350e+06   1.9531250e+01
   2.3690890e+06   1.5686035e+01
   2.3698310e+06   2.2094727e+01
   2.3703760e+06   1.5441895e+01
   2.3713920e+06   1.6418457e+01
   2.3719070e+06   2.0629883e+01
   2.3726470e+06   1.6174316e+01
   2.3732440e+06   1.9348145e+01
   2.3738310e+06   1.8432617e+01
   2.3744320e+06   1.7822266e+01
   2.3751420e+06   1.7883301e+01
   2.3758900e+06   1.7150879e+01
   2.3766720e+06   1.5319824e+01
   2.3772280e+06   1.9409180e+01
   2.3778420e+06   1.7456055e+01
   2.3784580e+06   2.0324707e+01
   2.3791210e+06   1.5502930e+01
   2.3796640e+06   1.8249512e+01
   2.3801580e+06   1.6967773e+01
   2.3805660e+06   1.8615723e+01
   2.3811040e+06   1.7028809e+01
   2.3818270e+06   1.9836426e+01
   2.3826670e+06   1.9897461e+01
   2.3832320e+06   1.9897461e+01
   2.3838460e+06   1.6357422e+01
   2.3848990e+06   1.6845703e+01
   2.3854970e+06   1.7089844e+01
   2.3859730e+06   1.5380859e+01
   2.3865460e+06   1.5319824e+01
   2.3869930e+06   1.8615723e+01
   2.3874590e+06   1.7150879e+01
   2.3879870e+06   1.8249512e+01
   2.3883630e+06   1.9348145e+01
   2.3889130e+06   1.6113281e+01
   2.3893370e+06   1.8554688e+01
   2.3898560e+06   1.9836426e+01
   2.3902920e+06   1.7639160e+01
   2.3916760e+06   1.6052246e+01
   2.3922160e+06   1.6418457e+01
   2.3925800e+06   1.8432617e+01
   2.3932700e+06   1.9531250e+01
   2.3942750e+06   1.8676758e+01
   2.3946970e+06   2.0629883e+01
   2.3959220e+06   1.8920898e+01
   2.3967670e+06   2.0812988e+01
   2.3974160e+06   1.6601563e+01
   2.3978860e+06   1.9287109e+01
   2.3983490e+06   1.6540527e+01
   2.3989900e+06   1.8127441e+01
   2.3994620e+06   2.1423340e+01
   2.3997980e+06   1.8127441e+01
   2.4001760e+06   1.6479492e+01
   2.4006920e+06   1.8005371e+01
   2.4022380e+06   1.5930176e+01
   2.4028230e+06   1.7700195e+01
   2.4032480e+06   1.8676758e+01
   2.4040370e+06   1.5930176e+01
   2.4049100e+06   2.0019531e+01
   2.4054370e+06   2.1240234e+01
   2.4059650e+06   1.6296387e+01
   2.4068320e+06   1.7944336e+01
   2.4077600e+06   1.8371582e+01
   2.4083020e+06   1.8066406e+01
   2.4087280e+06   1.7944336e+01
   2.4095610e+06   1.9409180e+01
   2.4100510e+06   1.5441895e+01
   2.4114730e+06   1.7150879e+01
   2.4127710e+06   2.2399902e+01
   2.4137650e+06   1.7028809e+01
   2.4150860e+06   1.6418457e+01
   2.4154740e+06   2.0690918e+01
   2.4158400e+06   1.7395020e+01
   2.4169330e+06   1.8920898e+01
   2.4175630e+06   1.7578125e+01
   2.4180670e+06   1.8310547e+01
   2.4194100e+06   1.8188477e+01
   2.4200420e+06   1.8676758e+01
   2.4207730e+06   1.7028809e+01
   2.4212420e+06   1.5258789e+01
   2.4224180e+06   1.7333984e+01
   2.4232090e+06   2.2766113e+01
   2.4235390e+06   2.2277832e+01
   2.4246830e+06   2.1728516e+01
   2.4265050e+06   1.9592285e+01
   2.4270590e+06   1.6784668e+01
   2.4281480e+06   2.0446777e+01
   2.4289800e+06   1.7761230e+01
   2.4296360e+06   1.6723633e+01
   2.4301870e+06   1.6723633e+01
   2.4314670e+06   1.8310547e+01
   2.4322660e+06   1.9714355e+01
   2.4334030e+06   1.6723633e+01
   2.4348110e+06   1.7028809e+01
   2.4352870e+06   1.7456055e+01
   2.4356840e+06   1.6235352e+01
   2.4357200e+06   1.6723633e+01
   2.4372320e+06   1.8493652e+01
   2.4390690e+06   1.6357422e+01
   2.4397810e+06   1.6784668e+01
   2.4404950e+06   1.7333984e+01
   2.4437130e+06   2.2338867e+01
   2.4445570e+06   1.9714355e+01
   2.4451770e+06   1.8798828e+01
   2.4462460e+06   2.3803711e+01
   2.4473170e+06   2.3742676e+01
   2.4480520e+06   1.5441895e+01
   2.4495010e+06   1.8859863e+01
   2.4511930e+06   1.9714355e+01
   2.4529060e+06   1.7150879e+01
   2.4535620e+06   2.2583008e+01
   2.4546430e+06   1.6967773e+01
   2.4556080e+06   2.2155762e+01
   2.4584650e+06   1.5380859e+01
   2.4597730e+06   1.9042969e+01
   2.4606140e+06   1.5380859e+01
   2.4612000e+06   1.7028809e+01
   2.4620910e+06   1.6113281e+01
   2.4654100e+06   2.3315430e+01
   2.4672480e+06   1.9348145e+01
   2.4691230e+06   1.7150879e+01
   2.4700640e+06   2.1850586e+01
   2.4704650e+06   3.8208008e+01
   2.4705670e+06   1.5747070e+01
   2.4711250e+06   2.2155762e+01
   2.4718870e+06   2.0507812e+01
   2.4730430e+06   1.6113281e+01
   2.4752390e+06   1.7944336e+01
   2.4759450e+06   1.9042969e+01
   2.4827560e+06   1.6723633e+01
   2.4842050e+06   1.9226074e+01
   2.4910770e+06   1.8920898e+01
   2.4942270e+06   1.5747070e+01
   2.5030090e+06   2.0080566e+01
   2.5041160e+06   1.6113281e+01
   2.5109470e+06   1.5258789e+01
   2.5115870e+06   1.5258789e+01
   2.5214120e+06   2.3559570e+01
   2.5404680e+06   1.9592285e+01
   2.5591930e+06   1.7333984e+01
   2.5761730e+06   2.0202637e+01
   2.5815960e+06   1.5686035e+01
   2.6017400e+06   1.6906738e+01
   2.6055020e+06   2.2644043e+01
   2.6092430e+06   2.0080566e+01
   2.6160990e+06   1.7639160e+01
   2.6286400e+06   1.6235352e+01
   2.6297240e+06   2.1118164e+01
   2.6327560e+06   1.9409180e+01
   2.6499830e+06   1.6235352e+01
   2.6567840e+06   4.2480469e+01
   2.6568230e+06   1.6418457e+01
   2.6569170e+06   2.2827148e+01
   2.6570060e+06   2.6672363e+01
   2.6570160e+06   2.3193359e+01
   2.6570620e+06   2.4475098e+01
   2.6570960e+06   1.5258789e+01
   2.6571140e+06   4.8950195e+01
   2.6571580e+06   5.6091309e+01
   2.6571890e+06   3.6010742e+01
   2.6572170e+06   3.9489746e+01
   2.6572330e+06   2.1484375e+01
   2.6572490e+06   5.0170898e+01
   2.6572850e+06   2.2583008e+01
   2.6573100e+06   1.6845703e+01
   2.6573210e+06   1.9836426e+01
   2.6573500e+06   2.4230957e+01
   2.6573650e+06   2.3864746e+01
   2.6573910e+06   2.1667480e+01
   2.6574300e+06   2.0874023e+01
   2.6574680e+06   2.1545410e+01
   2.6574800e+06   2.4108887e+01
   2.6575160e+06   1.5563965e+01
   2.6576180e+06   1.5197754e+01
   2.6576480e+06   1.9836426e+01
   2.6577180e+06   1.5197754e+01
   2.6577710e+06   1.8005371e+01
   2.6579490e+06   2.3986816e+01
   2.6580410e+06   1.7639160e+01
   2.6581750e+06   1.6906738e+01
   2.6582520e+06   1.6601563e+01
   2.6583890e+06   2.2338867e+01
   2.6586890e+06   1.9958496e+01
   2.6603550e+06   2.0019531e+01
   2.6609660e+06   2.1789551e+01
   2.6638510e+06   1.8859863e+01
   2.6640300e+06   1.8371582e+01
   2.6649120e+06   2.0935059e+01
   2.6652870e+06   1.8432617e+01
   2.6669510e+06   1.8005371e+01
   2.6672620e+06   1.8432617e+01
   2.6725730e+06   2.3620605e+01
   2.6732860e+06   1.7395020e+01
   2.6742400e+06   1.9287109e+01
   2.6751710e+06   1.8371582e+01
   2.6762760e+06   1.8066406e+01
   2.6769970e+06   1.8371582e+01
   2.6775120e+06   1.5686035e+01
   2.6779860e+06   1.5441895e+01
   2.6785660e+06   1.8493652e+01
   2.6788620e+06   1.9042969e+01
   2.6797310e+06   1.8981934e+01
   2.6807710e+06   1.8432617e+01
   2.6812660e+06   1.5319824e+01
   2.6817100e+06   1.6845703e+01
   2.6826900e+06   2.1423340e+01
   2.6832550e+06   1.7944336e+01
   2.6843560e+06   1.6479492e+01
   2.6849860e+06   2.0935059e+01
   2.6855790e+06   2.5085449e+01
   2.6866450e+06   1.7639160e+01
   2.6872640e+06   1.8981934e+01
   2.6878050e+06   2.1423340e+01
   2.6885400e+06   2.2888184e+01
   2.6892430e+06   1.5319824e+01
   2.6897480e+06   1.5319824e+01
   2.6910040e+06   1.7517090e+01
   2.6917420e+06   1.7395020e+01
   2.6923240e+06   1.5197754e+01
   2.6929110e+06   1.6235352e+01
   2.6939940e+06   1.6601562e+01
   2.6948020e+06   1.6174316e+01
   2.6958930e+06   2.3803711e+01
   2.6965200e+06   1.9592285e+01
   2.6973140e+06   1.7944336e+01
   2.6979350e+06   2.3803711e+01
   2.6985350e+06   1.5747070e+01
   2.6991480e+06   1.9897461e+01
   2.7001070e+06   2.0629883e+01
   2.7008230e+06   2.0629883e+01
   2.7013410e+06   2.0507813e+01
   2.7020880e+06   1.7761230e+01
   2.7027180e+06   1.5991211e+01
   2.7034290e+06   1.5808105e+01
   2.7042650e+06   1.9348145e+01
   2.7048440e+06   2.0385742e+01
   2.7054550e+06   1.9836426e+01
   2.7059320e+06   1.7578125e+01
   2.7066650e+06   1.8676758e+01
   2.7072510e+06   1.7517090e+01
   2.7078580e+06   1.8981934e+01
   2.7083820e+06   2.2949219e+01
   2.7098470e+06   1.7944336e+01
   2.7103030e+06   1.5625000e+01
   2.7115950e+06   2.1850586e+01
   2.7122800e+06   1.8310547e+01
   2.7136440e+06   1.7578125e+01
   2.7146160e+06   1.6845703e+01
   2.7155130e+06   1.7089844e+01
   2.7161570e+06   2.1545410e+01
   2.7167730e+06   1.9592285e+01
   2.7180100e+06   2.2644043e+01
   2.7185010e+06   2.0263672e+01
   2.7189530e+06   2.0263672e+01
   2.7204070e+06   1.6418457e+01
   2.7227110e+06   1.8920898e+01
   2.7236080e+06   1.9226074e+01
   2.7249540e+06   1.7578125e+01
   2.7256860e+06   1.6113281e+01
   2.7263440e+06   1.5502930e+01
   2.7294360e+06   1.8981934e+01
   2.7308300e+06   2.0202637e+01
   2.7319000e+06   2.0385742e+01
   2.7325090e+06   1.5563965e+01
   2.7341890e+06   1.6662598e+01
   2.7353300e+06   1.8920898e+01
   2.7370700e+06   1.7761230e+01
   2.7381400e+06   1.9775391e+01
   2.7387660e+06   2.0019531e+01
   2.7410670e+06   2.1301270e+01
   2.7432570e+06   1.6784668e+01
   2.7441280e+06   1.7272949e+01
   2.7447300e+06   1.7578125e+01
   2.7473560e+06   1.6174316e+01
   2.7484360e+06   1.8737793e+01
   2.7502110e+06   1.5258789e+01
   2.7514850e+06   1.9104004e+01
   2.7529690e+06   1.5563965e+01
   2.7541100e+06   2.0385742e+01
   2.7545740e+06   1.7089844e+01
   2.7560280e+06   1.9042969e+01
   2.7605040e+06   2.1362305e+01
   2.7614900e+06   1.5808105e+01
   2.7619840e+06   1.5625000e+01
   2.7627640e+06   1.7822266e+01
   2.7651070e+06   1.5686035e+01
   2.7687410e+06   1.7456055e+01
   2.7747800e+06   1.8859863e+01
   2.7775130e+06   1.8615723e+01
   2.7816050e+06   2.1484375e+01
   2.7861150e+06   1.9714355e+01
   2.7883650e+06   2.2033691e+01
   2.8057480e+06   2.2460938e+01
   2.8120230e+06   1.6967773e+01
   2.8141160e+06   1.7456055e+01
   2.8146390e+06   1.7883301e+01
   2.8252320e+06   1.6845703e+01
   2.8279010e+06   1.9531250e+01
   2.8290960e+06   1.5502930e+01
   2.8670090e+06   1.9104004e+01
   2.9258750e+06   1.5197754e+01
   2.9300100e+06   1.5625000e+01
   2.9686500e+06   2.0507812e+01
   3.0150880e+06   1.7211914e+01
   3.0262760e+06   1.6357422e+01
   3.0802110e+06   2.2094727e+01
   3.0965400e+06   2.0202637e+01
   3.1135270e+06   2.1057129e+01
   3.1275300e+06   1.9470215e+01
   3.1372980e+06   1.8432617e+01
   3.1478760e+06   1.5869141e+01
   3.1573890e+06   1.7456055e+01
   3.1574620e+06   2.0263672e+01
   3.1575130e+06   3.6926270e+01
   3.1575430e+06   2.8503418e+01
   3.1575620e+06   6.6894531e+01
   3.1575940e+06   3.4667969e+01
   3.1576160e+06   5.2429199e+01
   3.1576320e+06   2.6916504e+01
   3.1576650e+06   2.3681641e+01
   3.1576760e+06   3.6376953e+01
   3.1577090e+06   2.1240234e+01
   3.1577200e+06   2.8137207e+01
   3.1577610e+06   1.9042969e+01
   3.1577810e+06   3.0822754e+01
   3.1577960e+06   2.0812988e+01
   3.1578280e+06   1.7456055e+01
   3.1578440e+06   1.9226074e+01
   3.1578640e+06   1.6479492e+01
   3.1578970e+06   1.6235352e+01
   3.1579830e+06   1.9653320e+01
   3.1580490e+06   1.6235352e+01
   3.1581450e+06   1.6357422e+01
   3.1581810e+06   1.7822266e+01
   3.1582450e+06   2.3986816e+01
   3.1583030e+06   2.7832031e+01
   3.1583860e+06   1.7944336e+01
   3.1584300e+06   2.3315430e+01
   3.1585300e+06   1.9470215e+01
   3.1586210e+06   1.6601562e+01
   3.1592870e+06   1.5502930e+01
   3.1606070e+06   2.2033691e+01
   3.1616120e+06   1.7639160e+01
   3.1625590e+06   1.8432617e+01
   3.1631250e+06   1.7700195e+01
   3.1634530e+06   1.9104004e+01
   3.1637660e+06   1.9042969e+01
   3.1651880e+06   1.8310547e+01
   3.1731720e+06   1.9409180e+01
   3.1750290e+06   1.8249512e+01
   3.1763820e+06   2.1484375e+01
   3.1766880e+06   1.8737793e+01
   3.1776470e+06   1.7761230e+01
   3.1782410e+06   1.9470215e+01
   3.1790000e+06   2.2216797e+01
   3.1800700e+06   1.8188477e+01
   3.1803790e+06   1.9165039e+01
   3.1827390e+06   1.6174316e+01
   3.1837810e+06   1.8310547e+01
   3.1842470e+06   1.5991211e+01
   3.1846710e+06   1.6845703e+01
   3.1853760e+06   1.9897461e+01
   3.1871920e+06   1.8676758e+01
   3.1878600e+06   2.0324707e+01
   3.1887450e+06   1.7944336e+01
   3.1898320e+06   1.7944336e+01
   3.1903470e+06   2.2644043e+01
   3.1910720e+06   1.7761230e+01
   3.1917120e+06   1.8127441e+01
   3.1925940e+06   1.5869141e+01
   3.1937720e+06   2.1484375e+01
   3.1952750e+06   1.6723633e+01
   3.1976240e+06   1.5258789e+01
   3.1981160e+06   2.3010254e+01
   3.1989740e+06   1.8432617e+01
   3.1999430e+06   1.8554688e+01
   3.2007880e+06   1.7333984e+01
   3.2020220e+06   2.0141602e+01
   3.2026500e+06   2.1240234e+01
   3.2034370e+06   2.0385742e+01
   3.2053520e+06   1.9104004e+01
   3.2072090e+06   1.5441895e+01
   3.2077450e+06   1.8859863e+01
   3.2081660e+06   1.7639160e+01
   3.2107080e+06   2.1301270e+01
   3.2118940e+06   1.5197754e+01
   3.2132420e+06   1.9104004e+01
   3.2138500e+06   1.5625000e+01
   3.2157950e+06   2.0263672e+01
   3.2167710e+06   1.6906738e+01
   3.2184480e+06   1.7028809e+01
   3.2193290e+06   1.8676758e+01
   3.2202450e+06   1.6479492e+01
   3.2211020e+06   1.8493652e+01
   3.2217100e+06   1.8249512e+01
   3.2241630e+06   1.7272949e+01
   3.2270400e+06   1.5502930e+01
   3.2276050e+06   1.7700195e+01
   3.2285120e+06   1.7089844e+01
   3.2300840e+06   2.1545410e+01
   3.2325980e+06   1.9348145e+01
   3.2329230e+06   1.6601562e+01
   3.2352050e+06   1.9409180e+01
   3.2371240e+06   1.7700195e+01
   3.2388670e+06   1.7883301e+01
   3.2413480e+06   1.6479492e+01
   3.2439100e+06   1.9165039e+01
   3.2459680e+06   1.9775391e+01
   3.2500030e+06   1.8981934e+01
   3.2519800e+06   1.9653320e+01
   3.2550730e+06   1.6967773e+01
   3.2594460e+06   1.9714355e+01
   3.2622730e+06   1.5319824e+01
   3.2645220e+06   2.0446777e+01
   3.2683030e+06   1.5747070e+01
   3.2703980e+06   1.9897461e+01
   3.2822890e+06   1.7883301e+01
   3.2828190e+06   1.9775391e+01
   3.3541820e+06   1.9104004e+01
   3.3906050e+06   2.1118164e+01
   3.3944100e+06   1.9104004e+01
   3.4003840e+06   1.9409180e+01
   3.4078300e+06   3.7963867e+01
   3.4078700e+06   2.2888184e+01
   3.4080490e+06   1.9714355e+01
   3.4081110e+06   1.7456055e+01
   3.4081250e+06   5.3222656e+01
   3.4081570e+06   2.0324707e+01
   3.4081860e+06   4.6569824e+01
   3.4082110e+06   5.4748535e+01
   3.4082260e+06   3.1738281e+01
   3.4082480e+06   4.5166016e+01
   3.4082620e+06   4.9438477e+01
   3.4082860e+06   4.9743652e+01
   3.4083190e+06   4.7119141e+01
   3.4083440e+06   3.0700684e+01
   3.4083590e+06   2.4414062e+01
   3.4083960e+06   2.4047852e+01
   3.4084090e+06   2.0568848e+01
   3.4084280e+06   2.8747559e+01
   3.4084580e+06   2.1667480e+01
   3.4084700e+06   1.8249512e+01
   3.4084830e+06   2.3864746e+01
   3.4085280e+06   1.8859863e+01
   3.4085440e+06   1.9897461e+01
   3.4085880e+06   2.0690918e+01
   3.4086360e+06   2.3071289e+01
   3.4086790e+06   2.1484375e+01
   3.4087250e+06   1.8737793e+01
   3.4087620e+06   1.5197754e+01
   3.4088160e+06   1.6418457e+01
   3.4088820e+06   2.0568848e+01
   3.4089070e+06   1.9714355e+01
   3.4089560e+06   2.3620605e+01
   3.4090290e+06   1.6601562e+01
   3.4092000e+06   1.9042969e+01
   3.4093810e+06   1.9531250e+01
   3.4112980e+06   1.5075684e+01
   3.4128930e+06   2.4108887e+01
   3.4131650e+06   1.9531250e+01
   3.4139570e+06   1.8310547e+01
   3.4226380e+06   2.0141602e+01
   3.4268930e+06   1.7150879e+01
   3.4289990e+06   2.0263672e+01
   3.4303510e+06   1.5625000e+01
   3.4308850e+06   1.9775391e+01
   3.4316800e+06   2.1423340e+01
   3.4321660e+06   1.6174316e+01
   3.4336220e+06   1.9958496e+01
   3.4351250e+06   1.5747070e+01
   3.4358900e+06   1.6235352e+01
   3.4365270e+06   1.6845703e+01
   3.4372890e+06   1.7578125e+01
   3.4382310e+06   1.9958496e+01
   3.4388330e+06   1.5930176e+01
   3.4408960e+06   1.6418457e+01
   3.4416250e+06   2.0751953e+01
   3.4424210e+06   1.6479492e+01
   3.4430560e+06   2.1972656e+01
   3.4452150e+06   1.7761230e+01
   3.4457580e+06   2.0812988e+01
   3.4481320e+06   1.7578125e+01
   3.4496370e+06   1.8676758e+01
   3.4518850e+06   1.7639160e+01
   3.4530890e+06   1.6784668e+01
   3.4550450e+06   1.7517090e+01
   3.4560300e+06   1.9592285e+01
   3.4569520e+06   1.5380859e+01
   3.4577030e+06   1.8920898e+01
   3.4589990e+06   2.0874023e+01
   3.4603170e+06   2.2216797e+01
   3.4628600e+06   2.0751953e+01
   3.4651510e+06   1.7761230e+01
   3.4661770e+06   2.0690918e+01
   3.4676160e+06   2.3193359e+01
   3.4684500e+06   1.6906738e+01
   3.4699050e+06   1.8127441e+01
   3.4707740e+06   2.0141602e+01
   3.4724550e+06   1.9592285e+01
   3.4731280e+06   1.7578125e+01
   3.4757760e+06   2.0080566e+01
   3.4768450e+06   1.6174316e+01
   3.4786500e+06   1.5869141e+01
   3.4794430e+06   1.8737793e+01
   3.4809190e+06   1.8981934e+01
   3.4843290e+06   1.8737793e+01
   3.4849450e+06   1.7456055e+01
   3.4876940e+06   1.6601562e+01
   3.4889640e+06   2.1118164e+01
   3.4907270e+06   2.2216797e+01
   3.4935720e+06   1.7822266e+01
   3.4951690e+06   1.8432617e+01
   3.4966150e+06   1.9714355e+01
   3.4990680e+06   1.7028809e+01
   3.4995230e+06   1.5441895e+01
   3.5047420e+06   1.5075684e+01
   3.5107790e+06   1.8859863e+01
   3.5168160e+06   2.0080566e+01
   3.5203440e+06   1.9165039e+01
   3.5222170e+06   1.6418457e+01
   3.5263160e+06   1.9470215e+01
   3.5434130e+06   1.5197754e+01
   3.5620840e+06   2.1728516e+01
   3.6388090e+06   1.7272949e+01
   3.6638080e+06   1.7395020e+01
   3.7160480e+06   1.7333984e+01
   3.7275470e+06   1.8493652e+01
   3.7485050e+06   1.8554688e+01
   3.7598730e+06   1.7395020e+01
   3.7845800e+06   1.9104004e+01
   3.7898880e+06   1.9897461e+01
   3.7950200e+06   1.8371582e+01
   3.8131600e+06   1.9836426e+01
   3.8717940e+06   1.5747070e+01
   3.8919970e+06   2.0080566e+01
   3.9214070e+06   2.0141602e+01
   3.9214750e+06   3.0761719e+01
   3.9214950e+06   3.0090332e+01
   3.9215290e+06   4.3884277e+01
   3.9215390e+06   7.3425293e+01
   3.9215530e+06   2.0080566e+01
   3.9215660e+06   2.7770996e+01
   3.9215810e+06   2.8320312e+01
   3.9215980e+06   1.5441895e+01
   3.9216220e+06   2.3681641e+01
   3.9216350e+06   3.6193848e+01
   3.9216450e+06   2.2644043e+01
   3.9216680e+06   3.2897949e+01
   3.9216880e+06   2.2399902e+01
   3.9217010e+06   2.6977539e+01
   3.9217410e+06   1.9653320e+01
   3.9217570e+06   1.7639160e+01
   3.9217850e+06   2.5268555e+01
   3.9217980e+06   2.4902344e+01
   3.9218510e+06   2.0751953e+01
   3.9219040e+06   1.5441895e+01
   3.9219500e+06   1.8066406e+01
   3.9219950e+06   1.5258789e+01
   3.9220510e+06   1.5197754e+01
   3.9220610e+06   1.8981934e+01
   3.9221060e+06   1.6479492e+01
   3.9221610e+06   1.9287109e+01
   3.9222060e+06   2.4230957e+01
   3.9222270e+06   1.8554688e+01
   3.9223930e+06   1.6235352e+01
   3.9259630e+06   1.7272949e+01
   3.9271590e+06   2.1850586e+01
   3.9286210e+06   1.8554688e+01
   3.9293040e+06   2.3681641e+01
   3.9303210e+06   2.1911621e+01
   3.9309620e+06   2.0568848e+01
   3.9323790e+06   2.0324707e+01
   3.9332430e+06   1.9653320e+01
   3.9337380e+06   1.7639160e+01
   3.9340250e+06   2.0019531e+01
   3.9345110e+06   1.9287109e+01
   3.9345230e+06   2.8320313e+01
   3.9345610e+06   1.5197754e+01
   3.9346140e+06   1.6784668e+01
   3.9347220e+06   1.5563965e+01
   3.9347480e+06   2.8564453e+01
   3.9348930e+06   1.7578125e+01
   3.9349190e+06   3.4484863e+01
   3.9349310e+06   2.6550293e+01
   3.9350890e+06   3.4118652e+01
   3.9351150e+06   2.9357910e+01
   3.9351300e+06   1.9836426e+01
   3.9351780e+06   1.6662598e+01
   3.9352340e+06   2.3498535e+01
   3.9353160e+06   3.3447266e+01
   3.9353370e+06   2.6794434e+01
   3.9353600e+06   1.7517090e+01
   3.9353970e+06   1.6174316e+01
   3.9354780e+06   2.8747559e+01
   3.9355200e+06   2.1240234e+01
   3.9355350e+06   1.6540527e+01
   3.9356030e+06   1.6296387e+01
   3.9356200e+06   2.0996094e+01
   3.9356570e+06   1.9714355e+01
   3.9356810e+06   1.5380859e+01
   3.9356980e+06   2.3498535e+01
   3.9357220e+06   1.5441895e+01
   3.9358320e+06   3.3142090e+01
   3.9358770e+06   3.2958984e+01
   3.9359090e+06   1.5930176e+01
   3.9359420e+06   1.9409180e+01
   3.9360300e+06   1.6052246e+01
   3.9360610e+06   4.4494629e+01
   3.9360790e+06   3.1677246e+01
   3.9362580e+06   1.8737793e+01
   3.9362750e+06   1.5319824e+01
   3.9363810e+06   1.9165039e+01
   3.9364020e+06   2.0141602e+01
   3.9364890e+06   1.6235352e+01
   3.9365320e+06   2.5634766e+01
   3.9366370e+06   1.9287109e+01
   3.9366970e+06   3.0639648e+01
   3.9367460e+06   2.2033691e+01
   3.9367600e+06   1.6601562e+01
   3.9368120e+06   1.8127441e+01
   3.9370970e+06   1.5258789e+01
   3.9371210e+06   2.0996094e+01
   3.9375040e+06   1.5502930e+01
   3.9375370e+06   2.1911621e+01
   3.9375570e+06   1.5319824e+01
   3.9392990e+06   2.0202637e+01
   3.9429250e+06   1.9592285e+01
   3.9469970e+06   2.1606445e+01
   3.9476950e+06   1.6967773e+01
   3.9498010e+06   1.7150879e+01
   3.9509660e+06   1.9592285e+01
   3.9514940e+06   1.7944336e+01
   3.9541540e+06   2.0629883e+01
   3.9548130e+06   1.5991211e+01
   3.9570760e+06   1.8005371e+01
   3.9591840e+06   1.8493652e+01
   3.9599670e+06   2.2949219e+01
   3.9636840e+06   1.7089844e+01
   3.9664790e+06   2.0568848e+01
   3.9699280e+06   1.8127441e+01
   3.9730720e+06   1.6906738e+01
   3.9750940e+06   1.8310547e+01
   3.9772820e+06   1.7578125e+01
   3.9787570e+06   2.1362305e+01
   3.9804660e+06   1.8737793e+01
   3.9939510e+06   2.0324707e+01
   3.9944580e+06   1.6967773e+01
   3.9949230e+06   2.3132324e+01
   3.9963770e+06   1.7517090e+01
   3.9993060e+06   2.0507813e+01
   4.0015340e+06   1.9714355e+01
   4.0035220e+06   1.9042969e+01
   4.0094670e+06   1.6357422e+01
   4.0126920e+06   1.6601562e+01
   4.0143570e+06   1.6296387e+01
   4.0173010e+06   1.8859863e+01
   4.0201800e+06   2.1179199e+01
   4.0959300e+06   2.1484375e+01
   4.1377880e+06   1.6784668e+01
   4.1487420e+06   2.0324707e+01
   4.2110030e+06   2.0996094e+01
   4.2653200e+06   2.3193359e+01
   4.3142990e+06   2.0568848e+01
   4.3269580e+06   2.0690918e+01
   4.3270140e+06   1.5502930e+01
   4.3270460e+06   3.3325195e+01
   4.3270710e+06   4.5410156e+01
   4.3270820e+06   4.8034668e+01
   4.3271030e+06   2.9418945e+01
   4.3271220e+06   4.4738770e+01
   4.3271810e+06   2.5878906e+01
   4.3271980e+06   2.8259277e+01
   4.3272180e+06   4.4799805e+01
   4.3272370e+06   2.0874023e+01
   4.3272580e+06   2.0263672e+01
   4.3272720e+06   2.3376465e+01
   4.3272970e+06   2.6794434e+01
   4.3273220e+06   1.5625000e+01
   4.3273390e+06   2.4841309e+01
   4.3273510e+06   2.3071289e+01
   4.3273750e+06   2.3925781e+01
   4.3273920e+06   2.0874023e+01
   4.3274500e+06   1.6845703e+01
   4.3275060e+06   2.9479980e+01
   4.3275640e+06   3.6315918e+01
   4.3275970e+06   1.5686035e+01
   4.3276250e+06   1.7456055e+01
   4.3277080e+06   1.6296387e+01
   4.3278110e+06   1.6845703e+01
   4.3278770e+06   1.8615723e+01
   4.3283890e+06   1.5258789e+01
   4.3324050e+06   1.5075684e+01
   4.3417660e+06   2.0446777e+01
   4.3424300e+06   1.9226074e+01
   4.3429850e+06   2.1484375e+01
   4.3437710e+06   1.5319824e+01
   4.3460950e+06   1.7333984e+01
   4.3474630e+06   1.5258789e+01
   4.3485280e+06   2.2888184e+01
   4.3500030e+06   2.0202637e+01
   4.3504050e+06   1.5563965e+01
   4.3511240e+06   1.7395020e+01
   4.3528880e+06   1.8310547e+01
   4.3539120e+06   2.0629883e+01
   4.3545440e+06   1.8188477e+01
   4.3553750e+06   2.0568848e+01
   4.3572690e+06   1.6906738e+01
   4.3578050e+06   2.2033691e+01
   4.3595270e+06   2.2277832e+01
   4.3610110e+06   1.5197754e+01
   4.3623350e+06   1.6174316e+01
   4.3634940e+06   2.2277832e+01
   4.3646500e+06   2.0812988e+01
   4.3657980e+06   1.8310547e+01
   4.3674750e+06   2.0446777e+01
   4.3712830e+06   1.5441895e+01
   4.3732950e+06   1.8005371e+01
   4.3750400e+06   1.9409180e+01
   4.3760390e+06   1.7822266e+01
   4.3784210e+06   1.8737793e+01
   4.3800970e+06   1.7211914e+01
   4.3810830e+06   1.6601562e+01
   4.3826760e+06   2.0446777e+01
   4.3834540e+06   1.7089844e+01
   4.3844800e+06   1.9042969e+01
   4.3863690e+06   1.8432617e+01
   4.3885440e+06   1.8310547e+01
   4.3933930e+06   1.9653320e+01
   4.3948950e+06   1.8737793e+01
   4.3967390e+06   1.5502930e+01
   4.3985340e+06   1.8127441e+01
   4.3994520e+06   1.8005371e+01
   4.4031030e+06   1.8005371e+01
   4.4045610e+06   1.7211914e+01
   4.4063630e+06   2.2521973e+01
   4.4086520e+06   1.8005371e+01
   4.4113740e+06   2.2827148e+01
   4.4133150e+06   1.6296387e+01
   4.4155410e+06   1.7822266e+01
   4.4169590e+06   1.7028809e+01
   4.4190620e+06   1.6723633e+01
   4.4219200e+06   2.0019531e+01
   4.4245090e+06   1.5258789e+01
   4.4259940e+06   1.8249512e+01
   4.4302360e+06   1.5930176e+01
   4.4309510e+06   1.8310547e+01
   4.4347520e+06   1.7150879e+01
   4.4377220e+06   1.7395020e+01
   4.4452080e+06   2.1484375e+01
   4.4558660e+06   2.0141602e+01
   4.4587600e+06   1.8066406e+01
   4.4859660e+06   1.8188477e+01
   4.5055880e+06   2.2705078e+01
   4.5056050e+06   3.7475586e+01
   4.5056410e+06   2.2644043e+01
   4.5057490e+06   1.6784668e+01
   4.5057720e+06   3.0822754e+01
   4.5058690e+06   3.0883789e+01
   4.5058880e+06   3.0883789e+01
   4.5059190e+06   2.0080566e+01
   4.5059480e+06   3.3996582e+01
   4.5059610e+06   2.1545410e+01
   4.5059850e+06   2.5085449e+01
   4.5060080e+06   3.8391113e+01
   4.5060310e+06   1.8249512e+01
   4.5060480e+06   2.8564453e+01
   4.5060650e+06   1.6601562e+01
   4.5060880e+06   2.6977539e+01
   4.5061030e+06   1.9042969e+01
   4.5061150e+06   1.9775391e+01
   4.5061430e+06   2.9724121e+01
   4.5061690e+06   3.0761719e+01
   4.5061800e+06   2.1545410e+01
   4.5061920e+06   2.4658203e+01
   4.5062250e+06   2.2338867e+01
   4.5062350e+06   1.5625000e+01
   4.5062510e+06   2.5695801e+01
   4.5062830e+06   1.5319824e+01
   4.5063180e+06   2.6000977e+01
   4.5063440e+06   1.6662598e+01
   4.5063910e+06   1.9653320e+01
   4.5064500e+06   1.5258789e+01
   4.5065540e+06   1.8859863e+01
   4.5066350e+06   1.8432617e+01
   4.5068520e+06   1.5747070e+01
   4.5211780e+06   1.7272949e+01
   4.5218540e+06   1.9104004e+01
   4.5222410e+06   2.0324707e+01
   4.5227110e+06   1.8798828e+01
   4.5247020e+06   2.5024414e+01
   4.5252640e+06   1.9592285e+01
   4.5256630e+06   1.6845703e+01
   4.5263700e+06   2.0874023e+01
   4.5278100e+06   1.7456055e+01
   4.5282980e+06   1.9287109e+01
   4.5300370e+06   2.0996094e+01
   4.5304500e+06   1.9714355e+01
   4.5309230e+06   1.8432617e+01
   4.5315950e+06   2.0019531e+01
   4.5329470e+06   2.0568848e+01
   4.5341580e+06   1.5808105e+01
   4.5355330e+06   1.9287109e+01
   4.5360900e+06   1.7944336e+01
   4.5384760e+06   1.8371582e+01
   4.5390970e+06   1.6845703e+01
   4.5401320e+06   2.0019531e+01
   4.5432170e+06   1.8554688e+01
   4.5457420e+06   1.8676758e+01
   4.5469840e+06   1.8310547e+01
   4.5478470e+06   1.6479492e+01
   4.5524990e+06   1.8981934e+01
   4.5531350e+06   2.0629883e+01
   4.5571360e+06   1.9348145e+01
   4.5619180e+06   2.0935059e+01
   4.5639540e+06   1.8310547e+01
   4.5673480e+06   2.2155762e+01
   4.5695840e+06   1.6357422e+01
   4.5714340e+06   2.0751953e+01
   4.5776910e+06   1.9287109e+01
   4.6021470e+06   1.7395020e+01
   4.6278820e+06   1.5563965e+01
   4.7736760e+06   2.0141602e+01
   4.7866570e+06   1.9104004e+01
   4.7871660e+06   1.9958496e+01
   4.7872040e+06   1.7333984e+01
   4.7872360e+06   5.1086426e+01
   4.7872520e+06   1.6418457e+01
   4.7872760e+06   3.3569336e+01
   4.7872950e+06   6.0791016e+01
   4.7873170e+06   3.0578613e+01
   4.7873380e+06   3.9611816e+01
   4.7873660e+06   5.3405762e+01
   4.7874010e+06   6.3415527e+01
   4.7874180e+06   3.4484863e+01
   4.7874370e+06   2.4963379e+01
   4.7874530e+06   2.5939941e+01
   4.7874770e+06   2.7282715e+01
   4.7874950e+06   2.0507812e+01
   4.7875140e+06   2.3681641e+01
   4.7875280e+06   2.2094727e+01
   4.7875510e+06   2.4597168e+01
   4.7875880e+06   1.8615723e+01
   4.7876000e+06   1.9470215e+01
   4.7876250e+06   1.8798828e+01
   4.7876360e+06   2.0385742e+01
   4.7876790e+06   1.6235352e+01
   4.7877880e+06   1.7517090e+01
   4.7878480e+06   1.7028809e+01
   4.7878580e+06   1.9104004e+01
   4.7879560e+06   1.6296387e+01
   4.7879780e+06   2.5268555e+01
   4.7880480e+06   1.5380859e+01
   4.7881930e+06   1.9042969e+01
   4.8015650e+06   1.7089844e+01
   4.8021490e+06   2.2338867e+01
   4.8026880e+06   1.6235352e+01
   4.8031210e+06   1.9042969e+01
   4.8038140e+06   1.8798828e+01
   4.8053380e+06   1.8859863e+01
   4.8058150e+06   1.5136719e+01
   4.8064790e+06   1.8066406e+01
   4.8077260e+06   1.5319824e+01
   4.8092530e+06   1.8859863e+01
   4.8098070e+06   2.1667480e+01
   4.8111610e+06   1.6174316e+01
   4.8119830e+06   2.3803711e+01
   4.8128770e+06   1.8554688e+01
   4.8135500e+06   1.7578125e+01
   4.8166810e+06   1.5502930e+01
   4.8173260e+06   2.0446777e+01
   4.8188900e+06   2.1911621e+01
   4.8200620e+06   1.7700195e+01
   4.8205570e+06   1.7211914e+01
   4.8215480e+06   1.9836426e+01
   4.8225960e+06   1.9287109e+01
   4.8240280e+06   2.1545410e+01
   4.8266600e+06   2.2277832e+01
   4.8279850e+06   1.9226074e+01
   4.8299370e+06   2.0446777e+01
   4.8323330e+06   2.0629883e+01
   4.8332440e+06   1.5869141e+01
   4.8352170e+06   1.8005371e+01
   4.8361260e+06   1.7333984e+01
   4.8373740e+06   1.8188477e+01
   4.8427100e+06   1.9714355e+01
   4.8435290e+06   1.6052246e+01
   4.8481940e+06   1.8920898e+01
   4.8493440e+06   1.8981934e+01
   4.8545380e+06   1.8798828e+01
   4.8571960e+06   1.8432617e+01
   4.8582830e+06   1.6174316e+01
   4.8603510e+06   1.9470215e+01
   4.8667880e+06   2.2094727e+01
   4.8697640e+06   2.1667480e+01
   4.8707310e+06   1.5930176e+01
   4.8716490e+06   1.5747070e+01
   4.8729570e+06   2.0568848e+01
   4.8746820e+06   2.1301270e+01
   4.8781920e+06   1.8188477e+01
   4.8841370e+06   2.3193359e+01
   4.9170430e+06   2.2216797e+01
   5.0981240e+06   2.2338867e+01
   5.1576100e+06   1.7639160e+01
   5.1670590e+06   2.0751953e+01
   5.1878940e+06   2.2644043e+01
   5.2158100e+06   1.8737793e+01
   5.2158350e+06   1.5075684e+01
   5.2158640e+06   3.6499023e+01
   5.2158860e+06   3.9306641e+01
   5.2159120e+06   4.2419434e+01
   5.2159290e+06   2.2705078e+01
   5.2159490e+06   3.5705566e+01
   5.2159720e+06   1.7028809e+01
   5.2159910e+06   3.0700684e+01
   5.2160110e+06   2.3498535e+01
   5.2160370e+06   2.0202637e+01
   5.2160520e+06   2.3864746e+01
   5.2160750e+06   2.9968262e+01
   5.2161290e+06   2.9968262e+01
   5.2161660e+06   1.8554688e+01
   5.2161800e+06   3.2836914e+01
   5.2162410e+06   1.7578125e+01
   5.2162840e+06   1.5502930e+01
   5.2163040e+06   1.9226074e+01
   5.2163820e+06   3.0029297e+01
   5.2164660e+06   1.8859863e+01
   5.2165910e+06   2.2277832e+01
   5.2294310e+06   2.1179199e+01
   5.2298040e+06   1.8676758e+01
   5.2301270e+06   1.9958496e+01
   5.2304700e+06   1.6174316e+01
   5.2311900e+06   1.7333984e+01
   5.2314370e+06   1.9226074e+01
   5.2315320e+06   2.3498535e+01
   5.2315550e+06   2.8686523e+01
   5.2315830e+06   3.1738281e+01
   5.2316230e+06   5.7617188e+01
   5.2316450e+06   2.7832031e+01
   5.2316690e+06   3.4301758e+01
   5.2316940e+06   1.9714355e+01
   5.2317180e+06   3.4301758e+01
   5.2317320e+06   2.4169922e+01
   5.2317630e+06   3.8452148e+01
   5.2317770e+06   2.3803711e+01
   5.2318000e+06   2.2583008e+01
   5.2318210e+06   3.1982422e+01
   5.2318450e+06   2.8869629e+01
   5.2318590e+06   3.3386230e+01
   5.2318810e+06   3.7353516e+01
   5.2319010e+06   1.7944336e+01
   5.2319180e+06   2.4353027e+01
   5.2319390e+06   2.0812988e+01
   5.2319800e+06   3.1555176e+01
   5.2320050e+06   2.2888184e+01
   5.2320340e+06   1.8249512e+01
   5.2320450e+06   1.6357422e+01
   5.2320990e+06   2.7099609e+01
   5.2321670e+06   1.7578125e+01
   5.2321820e+06   1.5625000e+01
   5.2322350e+06   1.5563965e+01
   5.2322980e+06   1.5808105e+01
   5.2323230e+06   1.5258789e+01
   5.2323430e+06   1.5380859e+01
   5.2324100e+06   1.5625000e+01
   5.2324330e+06   1.7456055e+01
   5.2324850e+06   2.2399902e+01
   5.2325540e+06   1.6235352e+01
   5.2325800e+06   1.5441895e+01
   5.2326260e+06   1.6479492e+01
   5.2326920e+06   1.7395020e+01
   5.2327140e+06   2.1850586e+01
   5.2327690e+06   1.7822266e+01
   5.2329060e+06   1.9287109e+01
   5.2330110e+06   1.8188477e+01
   5.2331880e+06   1.6357422e+01
   5.2332960e+06   1.5502930e+01
   5.2334040e+06   1.8920898e+01
   5.2334320e+06   1.5075684e+01
   5.2452520e+06   2.3803711e+01
   5.2469770e+06   1.5502930e+01
   5.2478200e+06   1.7883301e+01
   5.2483650e+06   2.1118164e+01
   5.2514750e+06   1.5808105e+01
   5.2536510e+06   1.9531250e+01
   5.2543710e+06   1.6601562e+01
   5.2553130e+06   2.0996094e+01
   5.2567290e+06   2.0263672e+01
   5.2575570e+06   1.6357422e+01
   5.2599520e+06   2.1911621e+01
   5.2607580e+06   1.8493652e+01
   5.2630540e+06   2.0507813e+01
   5.2639750e+06   1.6784668e+01
   5.2663190e+06   1.5686035e+01
   5.2681170e+06   2.1545410e+01
   5.2688740e+06   1.5808105e+01
   5.2719760e+06   1.8554688e+01
   5.2734580e+06   2.0263672e+01
   5.2756280e+06   2.1850586e+01
   5.2765390e+06   1.5136719e+01
   5.2780010e+06   1.8676758e+01
   5.2798170e+06   1.7883301e+01
   5.2805790e+06   2.0141602e+01
   5.2818250e+06   2.0385742e+01
   5.2840020e+06   1.9104004e+01
   5.2865130e+06   1.9775391e+01
   5.2884360e+06   1.8371582e+01
   5.2928150e+06   2.1667480e+01
   5.2938860e+06   2.2705078e+01
   5.2954280e+06   1.9836426e+01
   5.3011100e+06   1.8066406e+01
   5.3023310e+06   1.6784668e+01
   5.3073750e+06   1.8798828e+01
   5.3111820e+06   1.7639160e+01
   5.3187950e+06   1.8676758e+01
   5.3191460e+06   2.0141602e+01
   5.3243070e+06   1.5747070e+01
   5.3503630e+06   2.0935059e+01
   5.3955270e+06   2.1606445e+01
   5.4198110e+06   1.7639160e+01
   5.4604260e+06   1.9897461e+01
   5.4732680e+06   2.0446777e+01
   5.4732860e+06   2.0263672e+01
   5.5008890e+06   3.5644531e+01
   5.5009230e+06   4.8828125e+01
   5.5009390e+06   2.4597168e+01
   5.5009650e+06   3.3691406e+01
   5.5009860e+06   4.5043945e+01
   5.5010030e+06   5.6213379e+01
   5.5010200e+06   1.9531250e+01
   5.5010410e+06   4.0710449e+01
   5.5010560e+06   1.9836426e+01
   5.5010680e+06   2.3864746e+01
   5.5010800e+06   2.4536133e+01
   5.5010980e+06   2.2521973e+01
   5.5011110e+06   4.3334961e+01
   5.5011500e+06   2.3498535e+01
   5.5011620e+06   3.3264160e+01
   5.5011880e+06   1.5136719e+01
   5.5012190e+06   2.0751953e+01
   5.5012500e+06   1.5258789e+01
   5.5012700e+06   1.7089844e+01
   5.5012960e+06   2.0385742e+01
   5.5013710e+06   1.9165039e+01
   5.5014810e+06   1.8920898e+01
   5.5016530e+06   1.9042969e+01
   5.5143300e+06   2.1789551e+01
   5.5147040e+06   1.7639160e+01
   5.5153660e+06   1.6479492e+01
   5.5158180e+06   1.6601562e+01
   5.5177830e+06   2.1850586e+01
   5.5190970e+06   2.4047852e+01
   5.5201040e+06   1.9653320e+01
   5.5209910e+06   1.9714355e+01
   5.5220820e+06   1.8859863e+01
   5.5248950e+06   2.1728516e+01
   5.5252370e+06   1.7944336e+01
   5.5259640e+06   2.1362305e+01
   5.5274490e+06   1.7578125e+01
   5.5299760e+06   1.7028809e+01
   5.5324190e+06   2.1667480e+01
   5.5333280e+06   2.3681641e+01
   5.5343650e+06   1.8066406e+01
   5.5367000e+06   2.0874023e+01
   5.5386820e+06   1.8981934e+01
   5.5396180e+06   2.2155762e+01
   5.5423940e+06   1.9104004e+01
   5.5458040e+06   2.0263672e+01
   5.5500320e+06   1.9348145e+01
   5.5531410e+06   1.9287109e+01
   5.5554880e+06   1.7395020e+01
   5.5561290e+06   1.8127441e+01
   5.5576020e+06   1.9531250e+01
   5.5598840e+06   1.8798828e+01
   5.5617950e+06   2.2033691e+01
   5.5656290e+06   2.1728516e+01
   5.5673810e+06   2.2338867e+01
   5.5695160e+06   2.0996094e+01
   5.5715840e+06   1.8310547e+01
   5.5751320e+06   1.8066406e+01
   5.5771720e+06   1.6662598e+01
   5.5824440e+06   1.6235352e+01
   5.6410750e+06   2.4475098e+01
   5.6585490e+06   1.9348145e+01
   5.6843730e+06   1.8981934e+01
   5.6898990e+06   3.0456543e+01
   5.7180450e+06   2.0202637e+01
   5.7187600e+06   1.9592285e+01
   5.7188800e+06   1.9592285e+01
   5.7189050e+06   2.3437500e+01
   5.7189240e+06   4.0588379e+01
   5.7189540e+06   3.8635254e+01
   5.7189780e+06   3.2714844e+01
   5.7189940e+06   5.4687500e+01
   5.7190160e+06   3.8330078e+01
   5.7190430e+06   4.6325684e+01
   5.7190650e+06   4.0161133e+01
   5.7190770e+06   1.9104004e+01
   5.7191010e+06   2.8808594e+01
   5.7191290e+06   1.9226074e+01
   5.7191600e+06   3.2775879e+01
   5.7191720e+06   3.8330078e+01
   5.7192220e+06   3.0822754e+01
   5.7192450e+06   2.2460938e+01
   5.7192620e+06   3.1555176e+01
   5.7192840e+06   2.4658203e+01
   5.7193470e+06   3.0456543e+01
   5.7193880e+06   1.9470215e+01
   5.7194160e+06   2.1179199e+01
   5.7194270e+06   1.7272949e+01
   5.7195410e+06   2.3803711e+01
   5.7325740e+06   1.6967773e+01
   5.7329290e+06   2.3742676e+01
   5.7333400e+06   1.5930176e+01
   5.7345280e+06   1.8066406e+01
   5.7357240e+06   1.7883301e+01
   5.7367120e+06   1.8188477e+01
   5.7373240e+06   2.0568848e+01
   5.7394690e+06   1.7639160e+01
   5.7407540e+06   1.8981934e+01
   5.7415660e+06   2.0324707e+01
   5.7431360e+06   1.6479492e+01
   5.7442490e+06   2.1423340e+01
   5.7467840e+06   1.6235352e+01
   5.7500710e+06   1.8676758e+01
   5.7520570e+06   1.6479492e+01
   5.7542640e+06   1.8737793e+01
   5.7567990e+06   2.0812988e+01
   5.7623400e+06   1.7211914e+01
   5.7679970e+06   1.7517090e+01
   5.8489740e+06   1.8981934e+01
   5.8953900e+06   3.3386230e+01
   5.8964460e+06   3.1738281e+01
   5.8975010e+06   2.9724121e+01
   5.8976600e+06   2.9418945e+01
   5.8983170e+06   3.4240723e+01
   5.9301400e+06   2.0751953e+01
