   5.9990000e+06   0.0000000e+00
   3.3983800e+05   1.4465332e+01
   3.8176800e+05   1.4404297e+01
   5.6441600e+05   1.4953613e+01
   1.0272550e+06   1.5136719e+01
   1.8934680e+06   1.4343262e+01
   3.1576630e+06   1.5075684e+01
   3.4081160e+06   1.6296387e+01
   3.4081480e+06   1.5014648e+01
   3.4083060e+06   1.5869141e+01
   3.5645370e+06   1.4770508e+01
   3.6579890e+06   1.4282227e+01
   3.7377140e+06   1.9287109e+01
   3.9214560e+06   1.6723633e+01
   4.2453330e+06   1.4526367e+01
   4.5058690e+06   1.5502930e+01
   4.5058990e+06   1.5075684e+01
   4.7683530e+06   1.4343262e+01
   4.7871750e+06   1.5991211e+01
   4.7871890e+06   1.4526367e+01
   4.7872200e+06   1.4404297e+01
   4.7872360e+06   1.6052246e+01
   5.1382530e+06   1.4465332e+01
   5.2159140e+06   1.4648438e+01
   5.2161200e+06   1.4282227e+01
   5.2314420e+06   1.7333984e+01
   5.2316600e+06   1.5991211e+01
   5.2841680e+06   1.4404297e+01
   5.5010090e+06   1.4282227e+01
   5.5010340e+06   1.5686035e+01
   5.6078580e+06   1.5075684e+01
   5.7188360e+06   1.5258789e+01
   5.7189050e+06   1.4160156e+01
